CODMUNRES,ano_nasc,Qtd_Robson10,Qtd_Robson9,Qtd_Robson8,Qtd_Robson7,Qtd_Robson6,Qtd_Robson5,Qtd_Robson4,Qtd_Robson3,Qtd_Robson2,Qtd_Robson1,Qtd_cesariana,Qtd_Total
110000,2012,0.0,0.0,0.0,0.0,0.0,1.0,0.0,0.0,0.0,0.0,1.0,2
110000,2013,0.0,0.0,0.0,0.0,0.0,0.0,0.0,0.0,0.0,0.0,6.0,16
110000,2014,0.0,0.0,0.0,0.0,0.0,3.0,1.0,0.0,0.0,0.0,4.0,4
110000,2015,1.0,0.0,0.0,0.0,0.0,1.0,0.0,0.0,1.0,1.0,4.0,4
110000,2016,0.0,0.0,0.0,0.0,0.0,0.0,0.0,0.0,0.0,0.0,0.0,2
110000,2018,0.0,0.0,0.0,0.0,0.0,0.0,0.0,0.0,0.0,0.0,1.0,2
110000,2019,0.0,0.0,0.0,0.0,0.0,0.0,0.0,0.0,0.0,0.0,0.0,1
110001,2012,72.0,0.0,6.0,6.0,8.0,97.0,2.0,28.0,21.0,72.0,267.0,386
110001,2013,0.0,0.0,0.0,0.0,0.0,0.0,0.0,0.0,0.0,0.0,272.0,382
110001,2014,66.0,0.0,6.0,6.0,4.0,102.0,6.0,22.0,12.0,66.0,238.0,341
110001,2015,84.0,0.0,5.0,2.0,4.0,111.0,7.0,20.0,20.0,84.0,271.0,373
110001,2016,61.0,1.0,4.0,1.0,3.0,84.0,4.0,34.0,14.0,61.0,226.0,326
110001,2017,74.0,0.0,7.0,4.0,2.0,111.0,7.0,38.0,16.0,74.0,278.0,354
110001,2018,79.0,1.0,8.0,4.0,1.0,126.0,12.0,31.0,33.0,79.0,318.0,408
110001,2019,64.0,0.0,4.0,8.0,2.0,104.0,13.0,29.0,45.0,64.0,295.0,367
110002,2012,132.0,0.0,18.0,15.0,13.0,250.0,21.0,11.0,187.0,132.0,970.0,1339
110002,2013,0.0,0.0,0.0,0.0,0.0,0.0,0.0,0.0,0.0,0.0,1194.0,1654
110002,2014,183.0,4.0,19.0,25.0,19.0,384.0,82.0,60.0,247.0,183.0,1164.0,1647
110002,2015,116.0,2.0,19.0,15.0,11.0,341.0,83.0,49.0,213.0,116.0,1278.0,1783
110002,2016,34.0,0.0,30.0,6.0,5.0,79.0,14.0,11.0,28.0,34.0,1187.0,1662
110002,2017,20.0,0.0,21.0,2.0,3.0,72.0,9.0,8.0,17.0,20.0,1223.0,1724
110002,2018,185.0,0.0,28.0,4.0,5.0,467.0,30.0,66.0,86.0,185.0,1169.0,1682
110002,2019,223.0,0.0,19.0,5.0,5.0,582.0,44.0,97.0,123.0,223.0,1176.0,1729
110003,2012,13.0,2.0,0.0,1.0,2.0,15.0,0.0,1.0,3.0,13.0,52.0,64
110003,2013,0.0,0.0,0.0,0.0,0.0,0.0,0.0,0.0,0.0,0.0,63.0,74
110003,2014,14.0,0.0,0.0,2.0,0.0,17.0,3.0,3.0,4.0,14.0,60.0,75
110003,2015,19.0,0.0,2.0,0.0,0.0,27.0,1.0,9.0,3.0,19.0,68.0,86
110003,2016,16.0,1.0,3.0,0.0,0.0,33.0,1.0,3.0,1.0,16.0,60.0,73
110003,2017,14.0,0.0,2.0,0.0,0.0,23.0,2.0,6.0,1.0,14.0,51.0,67
110003,2018,8.0,1.0,1.0,0.0,0.0,38.0,1.0,3.0,6.0,8.0,64.0,82
110003,2019,11.0,3.0,0.0,2.0,1.0,25.0,3.0,3.0,11.0,11.0,60.0,80
110004,2012,230.0,13.0,24.0,13.0,29.0,271.0,21.0,71.0,140.0,230.0,925.0,1201
110004,2013,0.0,0.0,0.0,0.0,0.0,0.0,0.0,0.0,0.0,0.0,958.0,1185
110004,2014,262.0,4.0,25.0,11.0,14.0,345.0,58.0,104.0,132.0,262.0,1090.0,1307
110004,2015,310.0,3.0,20.0,22.0,13.0,377.0,35.0,105.0,102.0,310.0,1104.0,1360
110004,2016,286.0,3.0,20.0,20.0,22.0,365.0,39.0,109.0,92.0,286.0,1058.0,1338
110004,2017,337.0,4.0,24.0,27.0,6.0,429.0,28.0,83.0,130.0,337.0,1165.0,1452
110004,2018,254.0,2.0,26.0,20.0,11.0,486.0,49.0,96.0,138.0,254.0,1171.0,1446
110004,2019,250.0,6.0,10.0,30.0,11.0,466.0,50.0,92.0,107.0,250.0,1113.0,1374
110005,2012,22.0,1.0,3.0,4.0,2.0,55.0,3.0,4.0,24.0,22.0,207.0,245
110005,2013,0.0,0.0,0.0,0.0,0.0,0.0,0.0,0.0,0.0,0.0,229.0,271
110005,2014,29.0,3.0,1.0,1.0,2.0,71.0,20.0,11.0,43.0,29.0,198.0,250
110005,2015,49.0,0.0,9.0,3.0,3.0,77.0,14.0,6.0,33.0,49.0,213.0,277
110005,2016,56.0,1.0,6.0,7.0,2.0,74.0,14.0,17.0,22.0,56.0,213.0,263
110005,2017,52.0,0.0,9.0,2.0,1.0,95.0,8.0,19.0,17.0,52.0,216.0,277
110005,2018,32.0,2.0,5.0,5.0,4.0,86.0,6.0,6.0,33.0,32.0,191.0,264
110005,2019,26.0,3.0,2.0,6.0,4.0,94.0,6.0,7.0,13.0,26.0,179.0,237
110006,2012,20.0,0.0,2.0,3.0,1.0,25.0,3.0,3.0,8.0,20.0,145.0,214
110006,2013,0.0,0.0,0.0,0.0,0.0,0.0,0.0,0.0,0.0,0.0,203.0,256
110006,2014,58.0,5.0,10.0,4.0,3.0,70.0,16.0,16.0,34.0,58.0,231.0,273
110006,2015,50.0,0.0,5.0,1.0,4.0,65.0,9.0,17.0,18.0,50.0,184.0,251
110006,2016,52.0,1.0,4.0,1.0,0.0,72.0,4.0,16.0,11.0,52.0,167.0,223
110006,2017,57.0,0.0,0.0,1.0,2.0,82.0,3.0,18.0,11.0,57.0,189.0,243
110006,2018,33.0,4.0,8.0,4.0,2.0,74.0,3.0,9.0,23.0,33.0,174.0,235
110006,2019,42.0,5.0,10.0,5.0,0.0,62.0,2.0,13.0,14.0,42.0,160.0,214
110007,2012,11.0,0.0,2.0,3.0,0.0,28.0,1.0,2.0,1.0,11.0,89.0,116
110007,2013,0.0,0.0,0.0,0.0,0.0,0.0,0.0,0.0,0.0,0.0,84.0,116
110007,2014,13.0,0.0,4.0,0.0,2.0,39.0,15.0,11.0,17.0,13.0,107.0,125
110007,2015,16.0,2.0,0.0,0.0,1.0,33.0,2.0,8.0,13.0,16.0,85.0,111
110007,2016,40.0,0.0,0.0,1.0,0.0,48.0,4.0,12.0,3.0,40.0,110.0,139
110007,2017,22.0,0.0,0.0,1.0,1.0,29.0,1.0,7.0,6.0,22.0,67.0,87
110007,2018,22.0,0.0,1.0,2.0,3.0,46.0,1.0,4.0,7.0,22.0,90.0,129
110007,2019,20.0,1.0,0.0,4.0,2.0,39.0,4.0,4.0,8.0,20.0,90.0,127
110008,2012,42.0,0.0,0.0,6.0,5.0,45.0,3.0,14.0,6.0,42.0,148.0,234
110008,2013,0.0,0.0,0.0,0.0,0.0,0.0,0.0,0.0,0.0,0.0,148.0,234
110008,2014,37.0,0.0,4.0,4.0,0.0,52.0,3.0,13.0,7.0,37.0,139.0,267
110008,2015,42.0,1.0,2.0,4.0,1.0,59.0,2.0,22.0,6.0,42.0,155.0,245
110008,2016,35.0,0.0,1.0,0.0,3.0,51.0,0.0,23.0,14.0,35.0,142.0,213
110008,2017,29.0,0.0,4.0,5.0,1.0,62.0,5.0,15.0,6.0,29.0,139.0,216
110008,2018,47.0,2.0,3.0,4.0,6.0,70.0,3.0,12.0,6.0,47.0,159.0,246
110008,2019,40.0,0.0,2.0,3.0,5.0,61.0,3.0,10.0,9.0,40.0,148.0,233
110009,2012,92.0,2.0,7.0,14.0,5.0,124.0,7.0,28.0,20.0,92.0,352.0,476
110009,2013,0.0,0.0,0.0,0.0,0.0,0.0,0.0,0.0,0.0,0.0,363.0,463
110009,2014,19.0,2.0,6.0,8.0,0.0,293.0,6.0,26.0,9.0,19.0,422.0,496
110009,2015,22.0,0.0,0.0,4.0,1.0,324.0,2.0,28.0,6.0,22.0,465.0,548
110009,2016,17.0,2.0,5.0,4.0,3.0,276.0,0.0,20.0,5.0,17.0,381.0,486
110009,2017,15.0,0.0,9.0,0.0,2.0,302.0,0.0,20.0,9.0,15.0,413.0,533
110009,2018,13.0,0.0,2.0,3.0,0.0,283.0,1.0,18.0,17.0,13.0,385.0,476
110009,2019,7.0,0.0,7.0,3.0,3.0,282.0,1.0,15.0,4.0,7.0,377.0,450
110010,2012,116.0,1.0,15.0,7.0,7.0,124.0,0.0,62.0,4.0,116.0,406.0,940
110010,2013,0.0,0.0,0.0,0.0,0.0,0.0,0.0,0.0,0.0,0.0,395.0,879
110010,2014,116.0,3.0,4.0,13.0,11.0,131.0,2.0,58.0,4.0,116.0,390.0,923
110010,2015,75.0,2.0,11.0,7.0,8.0,123.0,4.0,44.0,3.0,75.0,316.0,831
110010,2016,98.0,3.0,5.0,5.0,3.0,128.0,6.0,48.0,8.0,98.0,355.0,884
110010,2017,48.0,3.0,9.0,9.0,7.0,107.0,7.0,39.0,14.0,48.0,302.0,842
110010,2018,62.0,2.0,4.0,8.0,6.0,96.0,7.0,37.0,11.0,62.0,330.0,926
110010,2019,57.0,2.0,4.0,7.0,7.0,118.0,7.0,29.0,11.0,57.0,303.0,781
110011,2012,120.0,0.0,13.0,5.0,12.0,147.0,32.0,45.0,83.0,120.0,600.0,808
110011,2013,0.0,0.0,0.0,0.0,0.0,0.0,0.0,0.0,0.0,0.0,687.0,914
110011,2014,130.0,1.0,6.0,7.0,5.0,277.0,11.0,11.0,140.0,130.0,688.0,867
110011,2015,127.0,0.0,13.0,4.0,5.0,236.0,3.0,20.0,110.0,127.0,588.0,788
110011,2016,169.0,1.0,14.0,6.0,6.0,219.0,6.0,27.0,107.0,169.0,599.0,807
110011,2017,139.0,0.0,12.0,3.0,6.0,290.0,4.0,16.0,85.0,139.0,615.0,846
110011,2018,152.0,0.0,17.0,9.0,4.0,378.0,13.0,17.0,62.0,152.0,694.0,911
110011,2019,148.0,1.0,15.0,13.0,14.0,290.0,12.0,52.0,30.0,148.0,623.0,881
110012,2012,213.0,3.0,19.0,17.0,26.0,428.0,9.0,14.0,168.0,213.0,1283.0,2075
110012,2013,0.0,0.0,0.0,0.0,0.0,0.0,0.0,0.0,0.0,0.0,1250.0,1971
110012,2014,247.0,2.0,28.0,29.0,28.0,439.0,46.0,108.0,122.0,247.0,1201.0,1956
110012,2015,305.0,0.0,27.0,30.0,20.0,507.0,83.0,90.0,184.0,305.0,1397.0,2094
110012,2016,320.0,2.0,36.0,25.0,18.0,470.0,43.0,130.0,117.0,320.0,1331.0,1976
110012,2017,204.0,2.0,26.0,27.0,22.0,378.0,58.0,76.0,132.0,204.0,1270.0,2050
110012,2018,306.0,4.0,51.0,11.0,14.0,542.0,50.0,92.0,121.0,306.0,1416.0,2278
110012,2019,247.0,2.0,15.0,8.0,7.0,536.0,61.0,85.0,153.0,247.0,1384.0,2182
110013,2012,35.0,2.0,12.0,7.0,7.0,84.0,12.0,15.0,38.0,35.0,314.0,542
110013,2013,0.0,0.0,0.0,0.0,0.0,0.0,0.0,0.0,0.0,0.0,282.0,514
110013,2014,53.0,0.0,6.0,7.0,8.0,102.0,17.0,25.0,43.0,53.0,291.0,507
110013,2015,36.0,2.0,7.0,8.0,5.0,87.0,20.0,14.0,38.0,36.0,276.0,480
110013,2016,31.0,0.0,7.0,6.0,0.0,62.0,4.0,16.0,16.0,31.0,235.0,398
110013,2017,28.0,0.0,2.0,3.0,1.0,77.0,7.0,5.0,12.0,28.0,242.0,449
110013,2018,56.0,4.0,12.0,2.0,1.0,118.0,10.0,25.0,29.0,56.0,307.0,517
110013,2019,78.0,2.0,6.0,4.0,3.0,117.0,12.0,32.0,12.0,78.0,299.0,500
110014,2012,73.0,6.0,6.0,12.0,15.0,73.0,3.0,22.0,11.0,73.0,243.0,271
110014,2013,0.0,0.0,0.0,0.0,0.0,0.0,0.0,0.0,0.0,0.0,253.0,278
110014,2014,74.0,9.0,2.0,16.0,10.0,82.0,2.0,20.0,4.0,74.0,236.0,254
110014,2015,66.0,6.0,1.0,10.0,9.0,88.0,2.0,20.0,8.0,66.0,228.0,256
110014,2016,80.0,3.0,0.0,12.0,3.0,80.0,6.0,25.0,24.0,80.0,247.0,276
110014,2017,66.0,3.0,3.0,4.0,5.0,82.0,5.0,13.0,9.0,66.0,208.0,224
110014,2018,78.0,14.0,16.0,8.0,9.0,105.0,6.0,10.0,12.0,78.0,269.0,290
110014,2019,56.0,4.0,0.0,4.0,7.0,112.0,6.0,17.0,7.0,56.0,231.0,261
110015,2012,82.0,0.0,3.0,4.0,6.0,110.0,11.0,23.0,30.0,82.0,479.0,647
110015,2013,0.0,0.0,0.0,0.0,0.0,0.0,0.0,0.0,0.0,0.0,493.0,639
110015,2014,85.0,1.0,13.0,8.0,7.0,94.0,3.0,31.0,12.0,85.0,513.0,674
110015,2015,152.0,3.0,6.0,6.0,5.0,173.0,7.0,48.0,18.0,152.0,613.0,767
110015,2016,156.0,1.0,8.0,3.0,4.0,170.0,8.0,54.0,17.0,156.0,459.0,582
110015,2017,122.0,0.0,6.0,3.0,3.0,170.0,9.0,46.0,15.0,122.0,431.0,578
110015,2018,114.0,3.0,6.0,12.0,4.0,207.0,13.0,57.0,24.0,114.0,482.0,614
110015,2019,101.0,1.0,16.0,11.0,4.0,197.0,13.0,38.0,35.0,101.0,458.0,631
110018,2012,116.0,0.0,5.0,8.0,10.0,150.0,4.0,39.0,47.0,116.0,423.0,553
110018,2013,0.0,0.0,0.0,0.0,0.0,0.0,0.0,0.0,0.0,0.0,494.0,581
110018,2014,148.0,0.0,13.0,11.0,5.0,204.0,4.0,58.0,27.0,148.0,507.0,597
110018,2015,163.0,0.0,9.0,10.0,4.0,175.0,5.0,55.0,28.0,163.0,495.0,594
110018,2016,164.0,0.0,6.0,12.0,5.0,201.0,9.0,48.0,18.0,164.0,518.0,601
110018,2017,172.0,2.0,17.0,3.0,1.0,221.0,4.0,69.0,16.0,172.0,551.0,615
110018,2018,148.0,1.0,7.0,6.0,4.0,258.0,5.0,67.0,32.0,148.0,568.0,651
110018,2019,164.0,1.0,4.0,8.0,1.0,235.0,5.0,58.0,13.0,164.0,529.0,616
110020,2012,663.0,8.0,175.0,96.0,110.0,1055.0,101.0,170.0,337.0,663.0,4987.0,8941
110020,2013,0.0,0.0,0.0,0.0,0.0,0.0,0.0,0.0,0.0,0.0,4740.0,8927
110020,2014,553.0,10.0,124.0,97.0,109.0,978.0,205.0,251.0,509.0,553.0,4744.0,9130
110020,2015,721.0,12.0,143.0,126.0,90.0,1263.0,178.0,373.0,439.0,721.0,4866.0,9093
110020,2016,813.0,10.0,131.0,141.0,90.0,1294.0,166.0,349.0,384.0,813.0,4533.0,8611
110020,2017,665.0,17.0,95.0,142.0,100.0,1433.0,233.0,363.0,513.0,665.0,4692.0,8800
110020,2018,705.0,19.0,156.0,161.0,113.0,1495.0,246.0,325.0,506.0,705.0,4678.0,8752
110020,2019,646.0,21.0,158.0,150.0,112.0,1464.0,345.0,309.0,566.0,646.0,4702.0,8437
110025,2012,21.0,0.0,4.0,4.0,4.0,36.0,3.0,2.0,21.0,21.0,148.0,243
110025,2013,0.0,0.0,0.0,0.0,0.0,0.0,0.0,0.0,0.0,0.0,169.0,258
110025,2014,31.0,3.0,3.0,3.0,4.0,78.0,4.0,25.0,27.0,31.0,191.0,289
110025,2015,44.0,0.0,4.0,5.0,7.0,84.0,7.0,12.0,14.0,44.0,187.0,262
110025,2016,36.0,0.0,3.0,3.0,1.0,72.0,9.0,15.0,23.0,36.0,176.0,276
110025,2017,39.0,0.0,12.0,10.0,6.0,74.0,10.0,15.0,14.0,39.0,210.0,289
110025,2018,29.0,0.0,0.0,5.0,3.0,91.0,17.0,16.0,30.0,29.0,217.0,294
110025,2019,50.0,0.0,2.0,4.0,5.0,89.0,6.0,15.0,18.0,50.0,220.0,304
110026,2012,7.0,0.0,0.0,0.0,0.0,9.0,0.0,0.0,2.0,7.0,28.0,41
110026,2013,0.0,0.0,0.0,0.0,0.0,0.0,0.0,0.0,0.0,0.0,28.0,38
110026,2014,8.0,0.0,2.0,1.0,0.0,4.0,1.0,0.0,7.0,8.0,27.0,36
110026,2015,1.0,0.0,0.0,1.0,0.0,6.0,1.0,0.0,6.0,1.0,28.0,36
110026,2016,1.0,0.0,0.0,0.0,0.0,1.0,0.0,0.0,1.0,1.0,19.0,35
110026,2017,1.0,0.0,0.0,0.0,0.0,3.0,0.0,0.0,1.0,1.0,41.0,49
110026,2018,3.0,0.0,0.0,1.0,0.0,12.0,3.0,2.0,1.0,3.0,23.0,46
110026,2019,5.0,0.0,2.0,0.0,1.0,16.0,0.0,1.0,4.0,5.0,31.0,50
110028,2012,292.0,1.0,20.0,14.0,19.0,281.0,6.0,42.0,49.0,292.0,801.0,927
110028,2013,0.0,0.0,0.0,0.0,0.0,0.0,0.0,0.0,0.0,0.0,773.0,879
110028,2014,255.0,3.0,12.0,10.0,12.0,341.0,18.0,75.0,46.0,255.0,835.0,947
110028,2015,283.0,3.0,11.0,9.0,6.0,298.0,23.0,69.0,68.0,283.0,814.0,936
110028,2016,219.0,1.0,6.0,7.0,4.0,300.0,17.0,64.0,54.0,219.0,737.0,855
110028,2017,248.0,1.0,9.0,8.0,5.0,371.0,16.0,65.0,80.0,248.0,863.0,963
110028,2018,217.0,1.0,17.0,9.0,12.0,354.0,20.0,56.0,73.0,217.0,818.0,900
110028,2019,183.0,3.0,22.0,17.0,11.0,359.0,34.0,57.0,74.0,183.0,835.0,927
110029,2012,32.0,2.0,0.0,0.0,4.0,36.0,0.0,5.0,5.0,32.0,103.0,118
110029,2013,0.0,0.0,0.0,0.0,0.0,0.0,0.0,0.0,0.0,0.0,85.0,98
110029,2014,30.0,0.0,2.0,3.0,2.0,31.0,2.0,8.0,4.0,30.0,91.0,103
110029,2015,33.0,0.0,2.0,0.0,0.0,37.0,0.0,10.0,5.0,33.0,97.0,109
110029,2016,33.0,0.0,4.0,0.0,0.0,41.0,2.0,3.0,5.0,33.0,97.0,114
110029,2017,33.0,0.0,0.0,0.0,3.0,45.0,0.0,4.0,5.0,33.0,97.0,112
110029,2018,21.0,0.0,0.0,0.0,0.0,44.0,4.0,9.0,4.0,21.0,94.0,103
110029,2019,18.0,0.0,0.0,1.0,0.0,42.0,3.0,5.0,11.0,18.0,87.0,99
110030,2012,178.0,13.0,34.0,4.0,3.0,306.0,10.0,31.0,59.0,178.0,984.0,1269
110030,2013,0.0,0.0,0.0,0.0,0.0,0.0,0.0,0.0,0.0,0.0,1073.0,1388
110030,2014,331.0,1.0,15.0,7.0,9.0,480.0,19.0,131.0,83.0,331.0,1152.0,1418
110030,2015,321.0,7.0,27.0,10.0,5.0,509.0,17.0,127.0,66.0,321.0,1189.0,1535
110030,2016,352.0,5.0,21.0,7.0,3.0,524.0,17.0,132.0,53.0,352.0,1163.0,1427
110030,2017,353.0,4.0,35.0,5.0,5.0,451.0,23.0,121.0,90.0,353.0,1157.0,1465
110030,2018,205.0,26.0,27.0,47.0,15.0,506.0,47.0,48.0,155.0,205.0,1136.0,1557
110030,2019,211.0,22.0,33.0,29.0,20.0,560.0,50.0,53.0,143.0,211.0,1199.0,1590
110032,2012,82.0,0.0,3.0,6.0,1.0,88.0,2.0,22.0,7.0,82.0,238.0,313
110032,2013,0.0,0.0,0.0,0.0,0.0,0.0,0.0,0.0,0.0,0.0,290.0,355
110032,2014,84.0,0.0,9.0,5.0,3.0,104.0,3.0,33.0,15.0,84.0,273.0,364
110032,2015,69.0,4.0,6.0,18.0,9.0,85.0,2.0,20.0,12.0,69.0,243.0,311
110032,2016,109.0,3.0,2.0,3.0,6.0,99.0,1.0,43.0,6.0,109.0,286.0,337
110032,2017,118.0,1.0,6.0,2.0,2.0,129.0,3.0,38.0,5.0,118.0,334.0,372
110032,2018,96.0,1.0,5.0,4.0,5.0,144.0,7.0,40.0,17.0,96.0,336.0,391
110032,2019,80.0,0.0,5.0,1.0,4.0,140.0,4.0,44.0,10.0,80.0,306.0,353
110033,2012,34.0,4.0,5.0,6.0,14.0,60.0,11.0,17.0,17.0,34.0,206.0,383
110033,2013,0.0,0.0,0.0,0.0,0.0,0.0,0.0,0.0,0.0,0.0,220.0,416
110033,2014,57.0,3.0,7.0,7.0,2.0,78.0,12.0,39.0,17.0,57.0,246.0,425
110033,2015,41.0,0.0,1.0,5.0,4.0,86.0,11.0,21.0,24.0,41.0,233.0,404
110033,2016,37.0,1.0,4.0,8.0,5.0,86.0,11.0,22.0,20.0,37.0,230.0,411
110033,2017,45.0,3.0,6.0,5.0,5.0,108.0,13.0,24.0,17.0,45.0,260.0,487
110033,2018,62.0,2.0,6.0,10.0,2.0,77.0,10.0,25.0,13.0,62.0,253.0,482
110033,2019,45.0,0.0,10.0,4.0,2.0,100.0,11.0,30.0,16.0,45.0,239.0,432
110034,2012,15.0,6.0,4.0,2.0,1.0,12.0,0.0,0.0,9.0,15.0,116.0,189
110034,2013,0.0,0.0,0.0,0.0,0.0,0.0,0.0,0.0,0.0,0.0,133.0,220
110034,2014,17.0,1.0,3.0,4.0,0.0,38.0,2.0,9.0,14.0,17.0,101.0,184
110034,2015,27.0,0.0,0.0,3.0,3.0,54.0,8.0,8.0,17.0,27.0,130.0,200
110034,2016,23.0,0.0,0.0,2.0,2.0,49.0,4.0,13.0,12.0,23.0,117.0,166
110034,2017,20.0,0.0,0.0,6.0,1.0,47.0,3.0,13.0,11.0,20.0,120.0,178
110034,2018,25.0,2.0,4.0,1.0,1.0,47.0,4.0,9.0,8.0,25.0,107.0,162
110034,2019,39.0,4.0,3.0,3.0,1.0,48.0,5.0,17.0,9.0,39.0,147.0,205
110037,2012,49.0,0.0,2.0,4.0,1.0,58.0,0.0,26.0,6.0,49.0,155.0,189
110037,2013,0.0,0.0,0.0,0.0,0.0,0.0,0.0,0.0,0.0,0.0,133.0,163
110037,2014,37.0,0.0,4.0,4.0,1.0,65.0,0.0,23.0,6.0,37.0,146.0,172
110037,2015,35.0,0.0,1.0,1.0,0.0,57.0,4.0,15.0,4.0,35.0,123.0,149
110037,2016,48.0,0.0,2.0,2.0,1.0,57.0,3.0,12.0,7.0,48.0,139.0,168
110037,2017,52.0,0.0,4.0,2.0,1.0,59.0,1.0,16.0,8.0,52.0,158.0,172
110037,2018,36.0,0.0,4.0,3.0,1.0,53.0,3.0,17.0,9.0,36.0,138.0,160
110037,2019,33.0,0.0,2.0,3.0,0.0,54.0,3.0,10.0,13.0,33.0,124.0,154
110040,2012,17.0,0.0,1.0,2.0,3.0,38.0,1.0,1.0,26.0,17.0,146.0,194
110040,2013,0.0,0.0,0.0,0.0,0.0,0.0,0.0,0.0,0.0,0.0,159.0,211
110040,2014,38.0,2.0,6.0,4.0,3.0,58.0,24.0,14.0,38.0,38.0,201.0,254
110040,2015,14.0,0.0,0.0,2.0,1.0,65.0,18.0,9.0,37.0,14.0,195.0,247
110040,2016,3.0,0.0,0.0,2.0,2.0,17.0,1.0,0.0,4.0,3.0,160.0,220
110040,2017,3.0,0.0,6.0,1.0,1.0,8.0,2.0,1.0,2.0,3.0,178.0,242
110040,2018,19.0,0.0,4.0,0.0,0.0,62.0,7.0,9.0,10.0,19.0,143.0,219
110040,2019,25.0,0.0,2.0,2.0,2.0,86.0,8.0,13.0,18.0,25.0,169.0,226
110045,2012,75.0,1.0,5.0,49.0,50.0,114.0,16.0,24.0,36.0,75.0,438.0,555
110045,2013,0.0,0.0,0.0,0.0,0.0,0.0,0.0,0.0,0.0,0.0,506.0,598
110045,2014,85.0,1.0,12.0,5.0,6.0,173.0,36.0,52.0,57.0,85.0,510.0,620
110045,2015,70.0,0.0,6.0,3.0,12.0,169.0,38.0,22.0,94.0,70.0,492.0,608
110045,2016,50.0,2.0,8.0,6.0,5.0,156.0,44.0,11.0,104.0,50.0,483.0,624
110045,2017,66.0,2.0,2.0,12.0,6.0,185.0,45.0,21.0,103.0,66.0,504.0,632
110045,2018,80.0,1.0,7.0,8.0,5.0,194.0,35.0,29.0,81.0,80.0,493.0,617
110045,2019,91.0,0.0,20.0,5.0,5.0,187.0,12.0,33.0,28.0,91.0,430.0,583
110050,2012,41.0,0.0,0.0,2.0,2.0,39.0,1.0,7.0,3.0,41.0,103.0,125
110050,2013,0.0,0.0,0.0,0.0,0.0,0.0,0.0,0.0,0.0,0.0,109.0,122
110050,2014,22.0,2.0,2.0,0.0,1.0,31.0,3.0,11.0,6.0,22.0,82.0,93
110050,2015,34.0,0.0,1.0,0.0,0.0,27.0,4.0,14.0,7.0,34.0,95.0,109
110050,2016,33.0,0.0,2.0,0.0,0.0,32.0,1.0,6.0,6.0,33.0,85.0,95
110050,2017,32.0,0.0,4.0,0.0,0.0,25.0,0.0,13.0,5.0,32.0,82.0,91
110050,2018,34.0,0.0,0.0,1.0,1.0,29.0,3.0,10.0,8.0,34.0,97.0,111
110050,2019,17.0,0.0,0.0,1.0,1.0,43.0,3.0,11.0,10.0,17.0,88.0,98
110060,2012,5.0,0.0,0.0,2.0,1.0,16.0,1.0,1.0,11.0,5.0,48.0,61
110060,2013,0.0,0.0,0.0,0.0,0.0,0.0,0.0,0.0,0.0,0.0,48.0,63
110060,2014,6.0,3.0,1.0,2.0,0.0,11.0,4.0,3.0,11.0,6.0,45.0,58
110060,2015,3.0,0.0,0.0,0.0,0.0,12.0,1.0,1.0,13.0,3.0,53.0,72
110060,2016,3.0,0.0,2.0,0.0,0.0,1.0,2.0,1.0,2.0,3.0,52.0,67
110060,2017,5.0,0.0,2.0,0.0,0.0,4.0,0.0,1.0,1.0,5.0,53.0,71
110060,2018,9.0,0.0,0.0,0.0,1.0,27.0,0.0,3.0,5.0,9.0,57.0,80
110060,2019,12.0,0.0,2.0,1.0,0.0,20.0,3.0,4.0,6.0,12.0,56.0,75
110070,2012,17.0,1.0,1.0,19.0,5.0,35.0,6.0,10.0,8.0,17.0,123.0,164
110070,2013,0.0,0.0,0.0,0.0,0.0,0.0,0.0,0.0,0.0,0.0,144.0,183
110070,2014,15.0,0.0,4.0,5.0,1.0,46.0,17.0,18.0,25.0,15.0,148.0,181
110070,2015,14.0,1.0,0.0,3.0,1.0,39.0,17.0,9.0,24.0,14.0,131.0,156
110070,2016,8.0,2.0,0.0,1.0,2.0,43.0,11.0,1.0,21.0,8.0,125.0,162
110070,2017,14.0,1.0,7.0,0.0,4.0,35.0,16.0,5.0,18.0,14.0,135.0,174
110070,2018,22.0,1.0,6.0,3.0,4.0,58.0,5.0,7.0,19.0,22.0,152.0,195
110070,2019,20.0,1.0,6.0,2.0,0.0,56.0,3.0,16.0,13.0,20.0,126.0,166
110080,2012,25.0,0.0,7.0,5.0,2.0,47.0,9.0,5.0,16.0,25.0,199.0,430
110080,2013,0.0,0.0,0.0,0.0,0.0,0.0,0.0,0.0,0.0,0.0,190.0,405
110080,2014,30.0,0.0,3.0,3.0,2.0,44.0,5.0,12.0,18.0,30.0,147.0,296
110080,2015,29.0,0.0,2.0,6.0,3.0,52.0,8.0,16.0,18.0,29.0,167.0,323
110080,2016,25.0,0.0,2.0,8.0,1.0,45.0,5.0,13.0,19.0,25.0,153.0,372
110080,2017,35.0,1.0,7.0,6.0,1.0,56.0,8.0,7.0,17.0,35.0,169.0,397
110080,2018,27.0,0.0,8.0,5.0,4.0,76.0,12.0,18.0,26.0,27.0,206.0,421
110080,2019,19.0,1.0,5.0,6.0,1.0,65.0,14.0,13.0,16.0,19.0,164.0,337
110090,2012,13.0,0.0,2.0,2.0,0.0,16.0,0.0,2.0,3.0,13.0,43.0,53
110090,2013,0.0,0.0,0.0,0.0,0.0,0.0,0.0,0.0,0.0,0.0,28.0,36
110090,2014,12.0,0.0,2.0,0.0,1.0,12.0,1.0,6.0,2.0,12.0,40.0,46
110090,2015,13.0,0.0,0.0,0.0,1.0,18.0,2.0,2.0,3.0,13.0,41.0,52
110090,2016,21.0,0.0,3.0,2.0,0.0,14.0,1.0,5.0,1.0,21.0,48.0,55
110090,2017,7.0,0.0,1.0,1.0,0.0,17.0,2.0,3.0,2.0,7.0,34.0,39
110090,2018,11.0,1.0,0.0,2.0,1.0,19.0,3.0,6.0,2.0,11.0,51.0,56
110090,2019,7.0,0.0,0.0,0.0,0.0,12.0,0.0,2.0,3.0,7.0,24.0,32
110092,2012,19.0,1.0,8.0,1.0,0.0,30.0,1.0,2.0,4.0,19.0,83.0,118
110092,2013,0.0,0.0,0.0,0.0,0.0,0.0,0.0,0.0,0.0,0.0,120.0,158
110092,2014,38.0,0.0,2.0,0.0,2.0,55.0,1.0,14.0,4.0,38.0,127.0,158
110092,2015,29.0,0.0,0.0,1.0,0.0,52.0,1.0,12.0,7.0,29.0,111.0,154
110092,2016,46.0,0.0,2.0,0.0,1.0,56.0,1.0,14.0,3.0,46.0,126.0,153
110092,2017,36.0,0.0,3.0,1.0,0.0,63.0,1.0,14.0,3.0,36.0,128.0,169
110092,2018,24.0,0.0,3.0,6.0,2.0,52.0,1.0,11.0,10.0,24.0,115.0,181
110092,2019,21.0,1.0,0.0,4.0,2.0,59.0,4.0,4.0,10.0,21.0,110.0,162
110094,2012,11.0,1.0,6.0,2.0,0.0,22.0,4.0,2.0,13.0,11.0,90.0,161
110094,2013,0.0,0.0,0.0,0.0,0.0,0.0,0.0,0.0,0.0,0.0,117.0,203
110094,2014,26.0,0.0,2.0,3.0,1.0,61.0,9.0,7.0,25.0,26.0,148.0,240
110094,2015,26.0,0.0,4.0,4.0,2.0,60.0,10.0,7.0,26.0,26.0,181.0,274
110094,2016,12.0,0.0,4.0,1.0,4.0,32.0,4.0,8.0,6.0,12.0,149.0,241
110094,2017,9.0,0.0,2.0,0.0,1.0,29.0,2.0,2.0,4.0,9.0,130.0,209
110094,2018,20.0,0.0,0.0,1.0,1.0,56.0,7.0,8.0,14.0,20.0,140.0,229
110094,2019,17.0,0.0,4.0,0.0,1.0,59.0,6.0,10.0,11.0,17.0,117.0,205
110100,2012,19.0,0.0,1.0,2.0,1.0,17.0,9.0,9.0,13.0,19.0,91.0,133
110100,2013,0.0,0.0,0.0,0.0,0.0,0.0,0.0,0.0,0.0,0.0,82.0,116
110100,2014,13.0,0.0,2.0,1.0,0.0,50.0,3.0,0.0,18.0,13.0,96.0,124
110100,2015,16.0,0.0,4.0,1.0,0.0,33.0,3.0,2.0,31.0,16.0,101.0,132
110100,2016,20.0,0.0,0.0,0.0,0.0,25.0,1.0,1.0,28.0,20.0,78.0,112
110100,2017,15.0,0.0,2.0,0.0,1.0,34.0,1.0,1.0,21.0,15.0,81.0,109
110100,2018,23.0,0.0,3.0,1.0,0.0,58.0,1.0,2.0,9.0,23.0,100.0,133
110100,2019,18.0,0.0,0.0,2.0,1.0,34.0,1.0,6.0,8.0,18.0,76.0,112
110110,2012,2.0,0.0,0.0,0.0,0.0,18.0,1.0,1.0,6.0,2.0,48.0,114
110110,2013,0.0,0.0,0.0,0.0,0.0,0.0,0.0,0.0,0.0,0.0,55.0,123
110110,2014,11.0,0.0,0.0,0.0,0.0,15.0,2.0,4.0,8.0,11.0,46.0,97
110110,2015,10.0,0.0,0.0,0.0,0.0,9.0,4.0,7.0,7.0,10.0,52.0,112
110110,2016,7.0,0.0,0.0,2.0,0.0,15.0,3.0,8.0,3.0,7.0,61.0,129
110110,2017,7.0,0.0,4.0,2.0,1.0,8.0,3.0,3.0,3.0,7.0,48.0,95
110110,2018,6.0,0.0,2.0,1.0,0.0,19.0,4.0,2.0,8.0,6.0,55.0,92
110110,2019,7.0,0.0,0.0,2.0,1.0,23.0,3.0,4.0,6.0,7.0,52.0,109
110120,2012,17.0,1.0,0.0,4.0,0.0,19.0,3.0,8.0,10.0,17.0,74.0,100
110120,2013,0.0,0.0,0.0,0.0,0.0,0.0,0.0,0.0,0.0,0.0,81.0,104
110120,2014,21.0,0.0,0.0,0.0,1.0,46.0,1.0,6.0,4.0,21.0,82.0,107
110120,2015,25.0,0.0,1.0,2.0,0.0,18.0,1.0,10.0,6.0,25.0,67.0,93
110120,2016,14.0,0.0,2.0,4.0,1.0,31.0,2.0,9.0,5.0,14.0,73.0,93
110120,2017,23.0,0.0,3.0,1.0,2.0,35.0,1.0,8.0,6.0,23.0,83.0,100
110120,2018,18.0,0.0,0.0,3.0,1.0,25.0,1.0,8.0,7.0,18.0,69.0,92
110120,2019,12.0,0.0,7.0,2.0,1.0,26.0,4.0,12.0,6.0,12.0,73.0,84
110130,2012,14.0,2.0,2.0,2.0,2.0,27.0,2.0,4.0,7.0,14.0,106.0,148
110130,2013,0.0,0.0,0.0,0.0,0.0,0.0,0.0,0.0,0.0,0.0,85.0,122
110130,2014,8.0,0.0,4.0,4.0,0.0,39.0,6.0,5.0,12.0,8.0,96.0,137
110130,2015,19.0,0.0,7.0,0.0,0.0,46.0,7.0,5.0,22.0,19.0,139.0,179
110130,2016,37.0,0.0,1.0,3.0,3.0,38.0,8.0,4.0,12.0,37.0,117.0,148
110130,2017,28.0,0.0,3.0,1.0,1.0,45.0,7.0,3.0,20.0,28.0,122.0,156
110130,2018,18.0,1.0,3.0,1.0,0.0,47.0,3.0,13.0,23.0,18.0,123.0,160
110130,2019,10.0,2.0,6.0,3.0,2.0,55.0,4.0,9.0,14.0,10.0,120.0,164
110140,2012,11.0,0.0,5.0,3.0,3.0,46.0,2.0,6.0,17.0,11.0,115.0,170
110140,2013,0.0,0.0,0.0,0.0,0.0,0.0,0.0,0.0,0.0,0.0,158.0,223
110140,2014,18.0,0.0,8.0,3.0,3.0,47.0,18.0,23.0,27.0,18.0,165.0,204
110140,2015,15.0,0.0,0.0,1.0,0.0,62.0,20.0,6.0,36.0,15.0,182.0,240
110140,2016,2.0,0.0,2.0,1.0,1.0,35.0,8.0,1.0,22.0,2.0,128.0,173
110140,2017,3.0,0.0,4.0,2.0,1.0,31.0,16.0,2.0,15.0,3.0,148.0,200
110140,2018,21.0,0.0,5.0,0.0,1.0,64.0,10.0,7.0,18.0,21.0,153.0,220
110140,2019,26.0,0.0,3.0,3.0,3.0,66.0,9.0,8.0,14.0,26.0,144.0,199
110143,2012,13.0,0.0,4.0,1.0,3.0,18.0,4.0,3.0,4.0,13.0,79.0,99
110143,2013,0.0,0.0,0.0,0.0,0.0,0.0,0.0,0.0,0.0,0.0,58.0,82
110143,2014,23.0,0.0,0.0,1.0,0.0,35.0,5.0,6.0,6.0,23.0,93.0,110
110143,2015,12.0,0.0,0.0,0.0,0.0,10.0,4.0,4.0,9.0,12.0,54.0,73
110143,2016,19.0,0.0,1.0,0.0,0.0,27.0,1.0,6.0,3.0,19.0,63.0,90
110143,2017,24.0,0.0,0.0,0.0,0.0,30.0,1.0,7.0,7.0,24.0,78.0,94
110143,2018,16.0,0.0,0.0,1.0,2.0,25.0,6.0,9.0,6.0,16.0,70.0,87
110143,2019,20.0,0.0,0.0,2.0,0.0,32.0,6.0,6.0,12.0,20.0,83.0,104
110145,2012,18.0,0.0,2.0,1.0,0.0,21.0,1.0,1.0,0.0,18.0,49.0,63
110145,2013,0.0,0.0,0.0,0.0,0.0,0.0,0.0,0.0,0.0,0.0,47.0,55
110145,2014,11.0,0.0,0.0,0.0,0.0,20.0,1.0,5.0,0.0,11.0,38.0,49
110145,2015,15.0,0.0,0.0,1.0,2.0,22.0,0.0,4.0,3.0,15.0,49.0,54
110145,2016,10.0,0.0,0.0,1.0,1.0,22.0,2.0,6.0,1.0,10.0,44.0,50
110145,2017,15.0,0.0,0.0,0.0,1.0,16.0,3.0,5.0,1.0,15.0,45.0,51
110145,2018,11.0,0.0,0.0,1.0,0.0,29.0,1.0,7.0,0.0,11.0,50.0,53
110145,2019,5.0,0.0,2.0,0.0,1.0,18.0,0.0,3.0,2.0,5.0,38.0,44
110146,2012,3.0,0.0,0.0,2.0,1.0,7.0,1.0,0.0,3.0,3.0,39.0,51
110146,2013,0.0,0.0,0.0,0.0,0.0,0.0,0.0,0.0,0.0,0.0,26.0,42
110146,2014,3.0,0.0,0.0,0.0,0.0,11.0,3.0,4.0,3.0,3.0,27.0,37
110146,2015,9.0,0.0,0.0,0.0,1.0,14.0,0.0,2.0,4.0,9.0,35.0,52
110146,2016,8.0,0.0,0.0,1.0,0.0,13.0,1.0,2.0,0.0,8.0,26.0,34
110146,2017,12.0,0.0,4.0,0.0,0.0,16.0,1.0,2.0,0.0,12.0,38.0,52
110146,2018,3.0,1.0,0.0,2.0,0.0,22.0,3.0,2.0,3.0,3.0,38.0,52
110146,2019,7.0,0.0,0.0,2.0,1.0,9.0,2.0,0.0,1.0,7.0,23.0,40
110147,2012,11.0,0.0,0.0,0.0,0.0,15.0,1.0,1.0,3.0,11.0,33.0,43
110147,2013,0.0,0.0,0.0,0.0,0.0,0.0,0.0,0.0,0.0,0.0,32.0,39
110147,2014,15.0,0.0,2.0,0.0,2.0,13.0,0.0,2.0,5.0,15.0,43.0,47
110147,2015,10.0,0.0,2.0,0.0,0.0,18.0,0.0,0.0,1.0,10.0,34.0,40
110147,2016,18.0,0.0,6.0,0.0,1.0,13.0,0.0,6.0,2.0,18.0,48.0,56
110147,2017,18.0,1.0,6.0,2.0,1.0,20.0,0.0,4.0,2.0,18.0,59.0,63
110147,2018,12.0,0.0,0.0,0.0,0.0,13.0,1.0,2.0,4.0,12.0,34.0,38
110147,2019,7.0,0.0,4.0,0.0,0.0,20.0,1.0,5.0,0.0,7.0,40.0,43
110148,2012,23.0,0.0,2.0,0.0,3.0,18.0,0.0,4.0,4.0,23.0,55.0,64
110148,2013,0.0,0.0,0.0,0.0,0.0,0.0,0.0,0.0,0.0,0.0,51.0,61
110148,2014,15.0,0.0,0.0,2.0,0.0,20.0,0.0,4.0,3.0,15.0,48.0,59
110148,2015,14.0,0.0,4.0,0.0,1.0,25.0,0.0,8.0,1.0,14.0,58.0,73
110148,2016,11.0,0.0,0.0,1.0,2.0,22.0,1.0,5.0,1.0,11.0,48.0,54
110148,2017,13.0,0.0,3.0,1.0,0.0,21.0,1.0,5.0,6.0,13.0,54.0,75
110148,2018,9.0,0.0,0.0,2.0,0.0,27.0,0.0,5.0,6.0,9.0,52.0,54
110148,2019,14.0,0.0,2.0,0.0,1.0,20.0,1.0,4.0,6.0,14.0,48.0,54
110149,2012,20.0,1.0,0.0,4.0,1.0,57.0,1.0,8.0,7.0,20.0,176.0,246
110149,2013,0.0,0.0,0.0,0.0,0.0,0.0,0.0,0.0,0.0,0.0,210.0,266
110149,2014,67.0,0.0,2.0,5.0,4.0,102.0,3.0,33.0,5.0,67.0,241.0,308
110149,2015,69.0,4.0,8.0,5.0,2.0,108.0,5.0,25.0,12.0,69.0,256.0,319
110149,2016,60.0,3.0,1.0,5.0,5.0,90.0,7.0,39.0,10.0,60.0,238.0,305
110149,2017,68.0,0.0,6.0,3.0,4.0,115.0,10.0,21.0,20.0,68.0,262.0,333
110149,2018,51.0,0.0,5.0,4.0,2.0,112.0,7.0,28.0,16.0,51.0,249.0,327
110149,2019,59.0,0.0,3.0,3.0,1.0,101.0,6.0,23.0,9.0,59.0,219.0,303
110150,2012,47.0,6.0,0.0,2.0,3.0,53.0,2.0,14.0,9.0,47.0,151.0,190
110150,2013,0.0,0.0,0.0,0.0,0.0,0.0,0.0,0.0,0.0,0.0,142.0,184
110150,2014,41.0,0.0,2.0,3.0,4.0,54.0,1.0,17.0,3.0,41.0,137.0,170
110150,2015,46.0,1.0,4.0,6.0,6.0,58.0,0.0,14.0,7.0,46.0,151.0,188
110150,2016,43.0,0.0,2.0,2.0,1.0,48.0,3.0,19.0,10.0,43.0,135.0,171
110150,2017,46.0,1.0,2.0,2.0,0.0,51.0,0.0,17.0,3.0,46.0,134.0,188
110150,2018,29.0,2.0,3.0,2.0,1.0,55.0,2.0,7.0,6.0,29.0,116.0,154
110150,2019,32.0,0.0,4.0,3.0,2.0,54.0,2.0,17.0,5.0,32.0,135.0,168
110155,2012,4.0,1.0,0.0,0.0,1.0,5.0,2.0,4.0,5.0,4.0,45.0,57
110155,2013,0.0,0.0,0.0,0.0,0.0,0.0,0.0,0.0,0.0,0.0,66.0,80
110155,2014,12.0,0.0,0.0,0.0,2.0,15.0,1.0,4.0,3.0,12.0,65.0,69
110155,2015,10.0,0.0,6.0,1.0,0.0,15.0,0.0,7.0,3.0,10.0,57.0,71
110155,2016,16.0,0.0,1.0,0.0,1.0,21.0,1.0,2.0,1.0,16.0,45.0,59
110155,2017,8.0,0.0,0.0,0.0,0.0,16.0,3.0,7.0,4.0,8.0,44.0,58
110155,2018,11.0,0.0,0.0,0.0,0.0,20.0,1.0,5.0,5.0,11.0,46.0,60
110155,2019,14.0,1.0,0.0,5.0,0.0,19.0,1.0,1.0,6.0,14.0,53.0,64
110160,2012,16.0,0.0,4.0,1.0,1.0,27.0,6.0,5.0,12.0,16.0,89.0,133
110160,2013,0.0,0.0,0.0,0.0,0.0,0.0,0.0,0.0,0.0,0.0,71.0,106
110160,2014,14.0,0.0,2.0,0.0,0.0,53.0,0.0,1.0,19.0,14.0,97.0,125
110160,2015,24.0,0.0,3.0,1.0,2.0,27.0,2.0,2.0,19.0,24.0,84.0,107
110160,2016,32.0,0.0,0.0,2.0,0.0,33.0,0.0,6.0,19.0,32.0,103.0,131
110160,2017,18.0,0.0,4.0,1.0,0.0,47.0,2.0,5.0,25.0,18.0,111.0,146
110160,2018,17.0,0.0,8.0,0.0,1.0,55.0,2.0,2.0,11.0,17.0,103.0,131
110160,2019,19.0,0.0,1.0,0.0,1.0,32.0,4.0,2.0,11.0,19.0,76.0,97
110170,2012,15.0,0.0,2.0,1.0,2.0,20.0,5.0,8.0,5.0,15.0,96.0,146
110170,2013,0.0,0.0,0.0,0.0,0.0,0.0,0.0,0.0,0.0,0.0,100.0,150
110170,2014,15.0,0.0,2.0,2.0,2.0,28.0,2.0,5.0,7.0,15.0,91.0,122
110170,2015,17.0,0.0,2.0,1.0,0.0,40.0,2.0,13.0,2.0,17.0,104.0,138
110170,2016,36.0,0.0,2.0,1.0,2.0,49.0,6.0,4.0,7.0,36.0,114.0,151
110170,2017,33.0,0.0,2.0,3.0,2.0,21.0,6.0,11.0,13.0,33.0,105.0,150
110170,2018,28.0,0.0,0.0,2.0,2.0,36.0,5.0,15.0,8.0,28.0,109.0,139
110170,2019,19.0,1.0,1.0,1.0,2.0,60.0,11.0,9.0,12.0,19.0,137.0,170
110175,2012,11.0,1.0,0.0,2.0,3.0,15.0,3.0,3.0,7.0,11.0,57.0,86
110175,2013,0.0,0.0,0.0,0.0,0.0,0.0,0.0,0.0,0.0,0.0,60.0,89
110175,2014,14.0,1.0,4.0,0.0,0.0,34.0,3.0,3.0,19.0,14.0,91.0,128
110175,2015,11.0,0.0,2.0,1.0,3.0,39.0,3.0,2.0,5.0,11.0,79.0,106
110175,2016,14.0,0.0,0.0,1.0,0.0,31.0,1.0,3.0,14.0,14.0,74.0,110
110175,2017,16.0,0.0,0.0,2.0,2.0,24.0,0.0,3.0,9.0,16.0,61.0,86
110175,2018,14.0,0.0,0.0,0.0,0.0,39.0,0.0,3.0,2.0,14.0,59.0,91
110175,2019,15.0,0.0,1.0,2.0,1.0,29.0,3.0,3.0,3.0,15.0,61.0,93
110180,2012,17.0,0.0,4.0,0.0,0.0,19.0,1.0,7.0,0.0,17.0,66.0,83
110180,2013,0.0,0.0,0.0,0.0,0.0,0.0,0.0,0.0,0.0,0.0,80.0,107
110180,2014,17.0,1.0,4.0,2.0,0.0,13.0,1.0,10.0,8.0,17.0,74.0,90
110180,2015,11.0,0.0,0.0,1.0,0.0,16.0,2.0,2.0,5.0,11.0,49.0,63
110180,2016,25.0,0.0,4.0,0.0,0.0,27.0,3.0,3.0,5.0,25.0,76.0,98
110180,2017,20.0,0.0,2.0,0.0,0.0,22.0,2.0,6.0,1.0,20.0,58.0,79
110180,2018,23.0,1.0,0.0,0.0,1.0,29.0,1.0,10.0,3.0,23.0,71.0,95
110180,2019,21.0,0.0,1.0,1.0,1.0,21.0,2.0,4.0,6.0,21.0,59.0,81
120000,2012,0.0,0.0,0.0,0.0,0.0,0.0,0.0,0.0,0.0,0.0,0.0,1
120001,2012,2.0,0.0,2.0,2.0,1.0,13.0,0.0,0.0,0.0,2.0,86.0,253
120001,2013,0.0,0.0,0.0,0.0,0.0,0.0,0.0,0.0,0.0,0.0,109.0,258
120001,2014,5.0,0.0,4.0,3.0,1.0,10.0,0.0,11.0,0.0,5.0,97.0,269
120001,2015,10.0,0.0,2.0,5.0,1.0,13.0,1.0,4.0,1.0,10.0,87.0,217
120001,2016,9.0,0.0,6.0,17.0,1.0,21.0,3.0,2.0,1.0,9.0,93.0,222
120001,2017,8.0,0.0,0.0,6.0,0.0,15.0,1.0,8.0,3.0,8.0,113.0,256
120001,2018,15.0,0.0,4.0,12.0,0.0,23.0,3.0,6.0,2.0,15.0,93.0,216
120001,2019,16.0,1.0,8.0,23.0,6.0,37.0,6.0,11.0,9.0,16.0,128.0,257
120005,2012,8.0,0.0,4.0,2.0,0.0,3.0,0.0,5.0,0.0,8.0,34.0,219
120005,2013,0.0,0.0,0.0,0.0,0.0,0.0,0.0,0.0,0.0,0.0,52.0,213
120005,2014,9.0,0.0,1.0,4.0,1.0,8.0,0.0,10.0,1.0,9.0,54.0,196
120005,2015,12.0,0.0,2.0,2.0,0.0,12.0,1.0,17.0,1.0,12.0,65.0,238
120005,2016,5.0,0.0,0.0,7.0,1.0,5.0,5.0,9.0,3.0,5.0,49.0,190
120005,2017,4.0,0.0,4.0,6.0,0.0,17.0,2.0,8.0,2.0,4.0,65.0,248
120005,2018,16.0,1.0,1.0,6.0,1.0,21.0,6.0,6.0,5.0,16.0,71.0,264
120005,2019,15.0,0.0,4.0,4.0,0.0,23.0,2.0,10.0,2.0,15.0,70.0,266
120010,2012,66.0,0.0,8.0,2.0,0.0,35.0,1.0,34.0,4.0,66.0,212.0,505
120010,2013,0.0,0.0,0.0,0.0,0.0,0.0,0.0,0.0,0.0,0.0,214.0,530
120010,2014,81.0,0.0,9.0,10.0,8.0,37.0,6.0,54.0,4.0,81.0,253.0,547
120010,2015,66.0,0.0,2.0,14.0,5.0,57.0,3.0,65.0,2.0,66.0,270.0,531
120010,2016,44.0,2.0,10.0,11.0,3.0,60.0,20.0,25.0,19.0,44.0,233.0,490
120010,2017,48.0,0.0,4.0,13.0,1.0,57.0,18.0,29.0,30.0,48.0,253.0,570
120010,2018,54.0,0.0,6.0,18.0,1.0,86.0,16.0,37.0,25.0,54.0,278.0,540
120010,2019,61.0,0.0,6.0,6.0,4.0,113.0,17.0,40.0,15.0,61.0,292.0,540
120013,2012,1.0,0.0,2.0,0.0,0.0,5.0,0.0,1.0,0.0,1.0,56.0,198
120013,2013,0.0,0.0,0.0,0.0,0.0,0.0,0.0,0.0,0.0,0.0,76.0,202
120013,2014,5.0,1.0,4.0,2.0,0.0,10.0,2.0,4.0,1.0,5.0,90.0,242
120013,2015,8.0,1.0,6.0,10.0,3.0,10.0,2.0,3.0,0.0,8.0,92.0,248
120013,2016,15.0,0.0,0.0,22.0,0.0,17.0,0.0,5.0,2.0,15.0,108.0,248
120013,2017,15.0,0.0,1.0,12.0,0.0,16.0,0.0,5.0,1.0,15.0,143.0,307
120013,2018,15.0,0.0,7.0,14.0,6.0,18.0,3.0,6.0,4.0,15.0,115.0,306
120013,2019,20.0,0.0,10.0,17.0,8.0,33.0,11.0,9.0,14.0,20.0,148.0,329
120017,2012,0.0,0.0,6.0,0.0,0.0,9.0,0.0,0.0,0.0,0.0,68.0,201
120017,2013,0.0,0.0,0.0,0.0,0.0,0.0,0.0,0.0,0.0,0.0,73.0,193
120017,2014,6.0,1.0,0.0,3.0,2.0,6.0,0.0,4.0,0.0,6.0,82.0,234
120017,2015,1.0,0.0,0.0,12.0,2.0,12.0,1.0,4.0,2.0,1.0,80.0,219
120017,2016,3.0,0.0,2.0,20.0,0.0,8.0,0.0,3.0,1.0,3.0,70.0,194
120017,2017,14.0,2.0,7.0,6.0,0.0,9.0,0.0,2.0,0.0,14.0,89.0,243
120017,2018,4.0,0.0,4.0,16.0,3.0,15.0,2.0,6.0,2.0,4.0,78.0,222
120017,2019,13.0,0.0,6.0,14.0,8.0,23.0,7.0,7.0,10.0,13.0,100.0,217
120020,2012,94.0,1.0,33.0,24.0,19.0,152.0,55.0,41.0,146.0,94.0,668.0,1741
120020,2013,0.0,0.0,0.0,0.0,0.0,0.0,0.0,0.0,0.0,0.0,784.0,1783
120020,2014,233.0,1.0,24.0,8.0,20.0,192.0,31.0,103.0,56.0,233.0,797.0,1818
120020,2015,188.0,1.0,35.0,21.0,13.0,175.0,40.0,103.0,48.0,188.0,760.0,1839
120020,2016,210.0,3.0,24.0,17.0,15.0,208.0,23.0,116.0,48.0,210.0,749.0,1632
120020,2017,181.0,1.0,26.0,27.0,11.0,236.0,10.0,194.0,20.0,181.0,818.0,1684
120020,2018,161.0,4.0,32.0,20.0,14.0,239.0,38.0,109.0,81.0,161.0,802.0,1756
120020,2019,156.0,0.0,34.0,42.0,23.0,272.0,62.0,120.0,97.0,156.0,887.0,1809
120025,2012,24.0,0.0,4.0,0.0,1.0,20.0,0.0,25.0,0.0,24.0,118.0,282
120025,2013,0.0,0.0,0.0,0.0,0.0,0.0,0.0,0.0,0.0,0.0,120.0,275
120025,2014,29.0,0.0,1.0,3.0,2.0,35.0,2.0,26.0,0.0,29.0,140.0,262
120025,2015,32.0,0.0,1.0,9.0,3.0,24.0,2.0,24.0,2.0,32.0,122.0,279
120025,2016,27.0,1.0,4.0,6.0,0.0,33.0,13.0,13.0,11.0,27.0,129.0,270
120025,2017,31.0,2.0,2.0,5.0,0.0,33.0,6.0,14.0,6.0,31.0,126.0,291
120025,2018,20.0,2.0,0.0,12.0,3.0,44.0,8.0,19.0,6.0,20.0,134.0,273
120025,2019,31.0,0.0,6.0,8.0,5.0,56.0,10.0,26.0,10.0,31.0,179.0,314
120030,2012,1.0,2.0,4.0,12.0,9.0,38.0,1.0,3.0,2.0,1.0,117.0,904
120030,2013,0.0,0.0,0.0,0.0,0.0,0.0,0.0,0.0,0.0,0.0,128.0,791
120030,2014,9.0,0.0,6.0,21.0,19.0,57.0,3.0,1.0,3.0,9.0,145.0,829
120030,2015,13.0,0.0,6.0,16.0,9.0,66.0,5.0,6.0,7.0,13.0,160.0,772
120030,2016,41.0,1.0,4.0,5.0,4.0,81.0,5.0,20.0,7.0,41.0,191.0,834
120030,2017,25.0,1.0,6.0,3.0,3.0,46.0,8.0,16.0,7.0,25.0,136.0,833
120030,2018,37.0,1.0,3.0,10.0,3.0,61.0,11.0,16.0,16.0,37.0,173.0,833
120030,2019,47.0,2.0,3.0,6.0,2.0,69.0,14.0,39.0,8.0,47.0,220.0,871
120032,2012,0.0,0.0,1.0,2.0,1.0,1.0,0.0,0.0,0.0,0.0,9.0,269
120032,2013,0.0,0.0,0.0,0.0,0.0,0.0,0.0,0.0,0.0,0.0,13.0,271
120032,2014,1.0,0.0,0.0,10.0,5.0,1.0,3.0,2.0,1.0,1.0,34.0,282
120032,2015,1.0,0.0,0.0,4.0,1.0,6.0,0.0,3.0,0.0,1.0,21.0,273
120032,2016,3.0,2.0,2.0,3.0,0.0,3.0,0.0,1.0,0.0,3.0,20.0,263
120032,2017,3.0,0.0,2.0,4.0,0.0,5.0,1.0,1.0,1.0,3.0,26.0,266
120032,2018,7.0,1.0,4.0,5.0,1.0,10.0,1.0,3.0,2.0,7.0,38.0,274
120032,2019,6.0,0.0,4.0,3.0,1.0,4.0,1.0,8.0,2.0,6.0,32.0,218
120033,2012,14.0,1.0,9.0,0.0,1.0,26.0,22.0,7.0,18.0,14.0,111.0,386
120033,2013,0.0,0.0,0.0,0.0,0.0,0.0,0.0,0.0,0.0,0.0,126.0,399
120033,2014,42.0,1.0,4.0,3.0,2.0,36.0,3.0,28.0,15.0,42.0,152.0,413
120033,2015,31.0,0.0,4.0,4.0,3.0,33.0,8.0,27.0,9.0,31.0,137.0,395
120033,2016,29.0,0.0,0.0,3.0,1.0,30.0,8.0,12.0,3.0,29.0,105.0,325
120033,2017,32.0,1.0,2.0,4.0,3.0,44.0,7.0,36.0,2.0,32.0,142.0,358
120033,2018,27.0,0.0,3.0,10.0,6.0,40.0,15.0,15.0,21.0,27.0,152.0,367
120033,2019,24.0,0.0,3.0,5.0,2.0,43.0,13.0,20.0,19.0,24.0,146.0,345
120034,2012,15.0,0.0,0.0,0.0,0.0,11.0,0.0,5.0,0.0,15.0,49.0,256
120034,2013,0.0,0.0,0.0,0.0,0.0,0.0,0.0,0.0,0.0,0.0,52.0,229
120034,2014,13.0,0.0,2.0,2.0,1.0,8.0,0.0,5.0,1.0,13.0,50.0,243
120034,2015,9.0,0.0,1.0,7.0,1.0,16.0,0.0,1.0,1.0,9.0,61.0,266
120034,2016,6.0,0.0,3.0,15.0,0.0,7.0,0.0,1.0,2.0,6.0,60.0,236
120034,2017,9.0,0.0,0.0,8.0,0.0,10.0,0.0,6.0,0.0,9.0,57.0,261
120034,2018,10.0,0.0,2.0,4.0,0.0,12.0,0.0,4.0,4.0,10.0,44.0,252
120034,2019,10.0,0.0,2.0,10.0,1.0,8.0,4.0,6.0,7.0,10.0,53.0,230
120035,2012,10.0,0.0,4.0,5.0,5.0,8.0,6.0,2.0,10.0,10.0,57.0,474
120035,2013,0.0,0.0,0.0,0.0,0.0,0.0,0.0,0.0,0.0,0.0,72.0,485
120035,2014,22.0,1.0,2.0,3.0,1.0,13.0,1.0,13.0,6.0,22.0,69.0,458
120035,2015,24.0,0.0,1.0,1.0,1.0,13.0,4.0,14.0,5.0,24.0,70.0,445
120035,2016,14.0,0.0,8.0,2.0,1.0,14.0,3.0,8.0,5.0,14.0,61.0,352
120035,2017,20.0,0.0,0.0,2.0,1.0,16.0,3.0,17.0,4.0,20.0,75.0,388
120035,2018,14.0,0.0,9.0,2.0,0.0,20.0,5.0,12.0,11.0,14.0,75.0,407
120035,2019,17.0,0.0,2.0,5.0,3.0,28.0,9.0,13.0,11.0,17.0,96.0,448
120038,2012,2.0,0.0,6.0,1.0,0.0,10.0,0.0,0.0,1.0,2.0,98.0,353
120038,2013,0.0,0.0,0.0,0.0,0.0,0.0,0.0,0.0,0.0,0.0,126.0,334
120038,2014,8.0,0.0,4.0,2.0,2.0,13.0,1.0,7.0,1.0,8.0,105.0,322
120038,2015,4.0,0.0,2.0,11.0,1.0,14.0,0.0,4.0,1.0,4.0,119.0,350
120038,2016,14.0,0.0,2.0,29.0,0.0,30.0,1.0,10.0,3.0,14.0,137.0,339
120038,2017,13.0,0.0,3.0,13.0,0.0,17.0,0.0,5.0,0.0,13.0,126.0,305
120038,2018,11.0,1.0,4.0,17.0,3.0,18.0,4.0,10.0,3.0,11.0,109.0,309
120038,2019,17.0,1.0,2.0,18.0,12.0,41.0,7.0,6.0,21.0,17.0,147.0,318
120039,2012,10.0,0.0,3.0,0.0,0.0,11.0,8.0,6.0,6.0,10.0,55.0,338
120039,2013,0.0,0.0,0.0,0.0,0.0,0.0,0.0,0.0,0.0,0.0,33.0,287
120039,2014,14.0,0.0,5.0,0.0,2.0,7.0,2.0,7.0,2.0,14.0,46.0,250
120039,2015,20.0,0.0,0.0,2.0,0.0,13.0,4.0,6.0,3.0,20.0,53.0,262
120039,2016,23.0,0.0,2.0,3.0,1.0,10.0,2.0,12.0,7.0,23.0,68.0,230
120039,2017,22.0,0.0,2.0,4.0,3.0,15.0,2.0,15.0,4.0,22.0,78.0,282
120039,2018,11.0,0.0,2.0,3.0,1.0,15.0,3.0,13.0,8.0,11.0,65.0,254
120039,2019,12.0,0.0,9.0,3.0,1.0,13.0,7.0,8.0,8.0,12.0,65.0,270
120040,2012,91.0,1.0,81.0,20.0,20.0,440.0,3.0,19.0,32.0,91.0,2761.0,6531
120040,2013,0.0,0.0,0.0,0.0,0.0,0.0,0.0,0.0,0.0,0.0,3341.0,7116
120040,2014,330.0,11.0,118.0,147.0,58.0,310.0,27.0,151.0,56.0,330.0,3243.0,7011
120040,2015,356.0,13.0,106.0,216.0,52.0,472.0,15.0,160.0,26.0,356.0,3337.0,6965
120040,2016,392.0,6.0,75.0,636.0,13.0,639.0,33.0,175.0,79.0,392.0,3455.0,6614
120040,2017,443.0,11.0,84.0,277.0,16.0,495.0,12.0,203.0,45.0,443.0,3284.0,6460
120040,2018,494.0,23.0,100.0,430.0,80.0,726.0,58.0,225.0,136.0,494.0,3218.0,6495
120040,2019,538.0,11.0,83.0,342.0,184.0,865.0,153.0,244.0,244.0,538.0,3311.0,6324
120042,2012,7.0,0.0,2.0,7.0,3.0,21.0,8.0,3.0,17.0,7.0,81.0,390
120042,2013,0.0,0.0,0.0,0.0,0.0,0.0,0.0,0.0,0.0,0.0,105.0,363
120042,2014,42.0,1.0,4.0,5.0,2.0,23.0,5.0,20.0,7.0,42.0,122.0,394
120042,2015,28.0,2.0,5.0,5.0,1.0,30.0,2.0,23.0,2.0,28.0,125.0,396
120042,2016,33.0,0.0,3.0,4.0,0.0,35.0,3.0,24.0,2.0,33.0,119.0,304
120042,2017,38.0,0.0,10.0,6.0,0.0,29.0,3.0,21.0,3.0,38.0,125.0,366
120042,2018,24.0,0.0,15.0,2.0,2.0,42.0,7.0,18.0,16.0,24.0,140.0,394
120042,2019,33.0,1.0,0.0,6.0,1.0,32.0,9.0,17.0,18.0,33.0,130.0,334
120043,2012,1.0,0.0,0.0,1.0,0.0,0.0,0.0,1.0,0.0,1.0,12.0,259
120043,2013,0.0,0.0,0.0,0.0,0.0,0.0,0.0,0.0,0.0,0.0,23.0,223
120043,2014,0.0,0.0,4.0,0.0,0.0,1.0,0.0,1.0,0.0,0.0,13.0,185
120043,2015,0.0,0.0,1.0,1.0,0.0,1.0,0.0,1.0,1.0,0.0,14.0,150
120043,2016,2.0,0.0,0.0,3.0,0.0,4.0,0.0,1.0,0.0,2.0,15.0,95
120043,2017,2.0,0.0,0.0,1.0,0.0,1.0,0.0,1.0,0.0,2.0,12.0,198
120043,2018,3.0,0.0,1.0,4.0,0.0,2.0,1.0,3.0,1.0,3.0,19.0,207
120043,2019,2.0,0.0,2.0,5.0,3.0,3.0,3.0,1.0,1.0,2.0,22.0,186
120045,2012,5.0,0.0,8.0,2.0,0.0,20.0,1.0,1.0,3.0,5.0,139.0,396
120045,2013,0.0,0.0,0.0,0.0,0.0,0.0,0.0,0.0,0.0,0.0,156.0,425
120045,2014,16.0,0.0,6.0,6.0,4.0,16.0,0.0,8.0,2.0,16.0,181.0,453
120045,2015,15.0,0.0,9.0,10.0,1.0,30.0,1.0,6.0,0.0,15.0,167.0,443
120045,2016,12.0,0.0,15.0,30.0,0.0,31.0,2.0,9.0,4.0,12.0,180.0,410
120045,2017,12.0,1.0,4.0,18.0,1.0,13.0,0.0,5.0,0.0,12.0,152.0,395
120045,2018,20.0,0.0,8.0,44.0,8.0,31.0,4.0,14.0,11.0,20.0,218.0,476
120045,2019,19.0,1.0,1.0,20.0,10.0,47.0,16.0,17.0,16.0,19.0,180.0,417
120050,2012,122.0,0.0,2.0,3.0,0.0,114.0,1.0,67.0,3.0,122.0,360.0,929
120050,2013,0.0,0.0,0.0,0.0,0.0,0.0,0.0,0.0,0.0,0.0,339.0,904
120050,2014,89.0,0.0,18.0,3.0,3.0,73.0,0.0,41.0,2.0,89.0,295.0,827
120050,2015,82.0,2.0,10.0,12.0,7.0,84.0,1.0,33.0,5.0,82.0,314.0,847
120050,2016,55.0,1.0,11.0,38.0,4.0,65.0,4.0,27.0,3.0,55.0,285.0,762
120050,2017,60.0,0.0,8.0,10.0,1.0,75.0,1.0,30.0,1.0,60.0,282.0,780
120050,2018,75.0,1.0,2.0,25.0,4.0,87.0,4.0,40.0,8.0,75.0,291.0,788
120050,2019,77.0,1.0,17.0,18.0,10.0,84.0,7.0,26.0,19.0,77.0,285.0,768
120060,2012,5.0,0.0,4.0,61.0,40.0,19.0,7.0,3.0,6.0,5.0,264.0,1158
120060,2013,0.0,0.0,0.0,0.0,0.0,0.0,0.0,0.0,0.0,0.0,266.0,1138
120060,2014,4.0,0.0,12.0,96.0,67.0,51.0,15.0,4.0,31.0,4.0,315.0,1230
120060,2015,52.0,0.0,18.0,30.0,17.0,104.0,24.0,16.0,42.0,52.0,343.0,1165
120060,2016,78.0,1.0,17.0,10.0,5.0,87.0,8.0,43.0,12.0,78.0,324.0,1078
120060,2017,79.0,3.0,12.0,7.0,4.0,99.0,15.0,43.0,14.0,79.0,351.0,1132
120060,2018,137.0,2.0,5.0,13.0,3.0,122.0,8.0,71.0,16.0,137.0,454.0,1193
120060,2019,135.0,2.0,15.0,10.0,2.0,130.0,5.0,71.0,17.0,135.0,458.0,1143
120070,2012,6.0,0.0,0.0,1.0,1.0,16.0,0.0,3.0,1.0,6.0,72.0,311
120070,2013,0.0,0.0,0.0,0.0,0.0,0.0,0.0,0.0,0.0,0.0,86.0,294
120070,2014,12.0,0.0,4.0,2.0,2.0,13.0,0.0,6.0,2.0,12.0,92.0,306
120070,2015,8.0,0.0,2.0,4.0,2.0,12.0,1.0,14.0,0.0,8.0,91.0,322
120070,2016,9.0,0.0,2.0,21.0,0.0,36.0,1.0,4.0,5.0,9.0,111.0,329
120070,2017,12.0,0.0,6.0,13.0,0.0,22.0,4.0,3.0,3.0,12.0,122.0,305
120070,2018,13.0,0.0,2.0,18.0,6.0,25.0,4.0,6.0,5.0,13.0,114.0,325
120070,2019,21.0,0.0,6.0,16.0,6.0,33.0,3.0,6.0,9.0,21.0,110.0,297
120080,2012,1.0,0.0,10.0,2.0,1.0,21.0,0.0,1.0,0.0,1.0,120.0,346
120080,2013,0.0,0.0,0.0,0.0,0.0,0.0,0.0,0.0,0.0,0.0,142.0,362
120080,2014,9.0,0.0,2.0,9.0,3.0,12.0,1.0,8.0,0.0,9.0,125.0,368
120080,2015,10.0,0.0,2.0,7.0,3.0,15.0,2.0,10.0,4.0,10.0,143.0,358
120080,2016,12.0,0.0,2.0,30.0,0.0,29.0,1.0,5.0,3.0,12.0,147.0,356
120080,2017,23.0,1.0,7.0,14.0,0.0,21.0,0.0,10.0,4.0,23.0,186.0,430
120080,2018,27.0,0.0,4.0,30.0,3.0,34.0,6.0,8.0,10.0,27.0,175.0,392
120080,2019,27.0,0.0,8.0,26.0,8.0,36.0,8.0,13.0,15.0,27.0,173.0,379
130000,2012,0.0,0.0,0.0,0.0,0.0,3.0,0.0,0.0,0.0,0.0,5.0,8
130000,2013,0.0,0.0,0.0,0.0,0.0,0.0,0.0,0.0,0.0,0.0,11.0,18
130000,2014,0.0,0.0,0.0,0.0,0.0,3.0,0.0,0.0,0.0,0.0,5.0,23
130000,2015,0.0,0.0,0.0,0.0,0.0,1.0,0.0,0.0,0.0,0.0,2.0,18
130000,2016,1.0,0.0,0.0,1.0,4.0,0.0,2.0,0.0,0.0,1.0,11.0,25
130000,2017,1.0,0.0,0.0,0.0,0.0,2.0,0.0,1.0,1.0,1.0,5.0,17
130000,2018,2.0,0.0,0.0,0.0,0.0,1.0,0.0,1.0,1.0,2.0,6.0,25
130000,2019,1.0,0.0,0.0,1.0,0.0,3.0,0.0,0.0,1.0,1.0,6.0,12
130002,2012,13.0,0.0,0.0,2.0,0.0,13.0,5.0,11.0,4.0,13.0,77.0,320
130002,2013,0.0,0.0,0.0,0.0,0.0,0.0,0.0,0.0,0.0,0.0,98.0,346
130002,2014,13.0,0.0,7.0,1.0,0.0,16.0,3.0,14.0,13.0,13.0,76.0,308
130002,2015,18.0,1.0,2.0,3.0,1.0,12.0,10.0,6.0,6.0,18.0,68.0,342
130002,2016,9.0,0.0,3.0,0.0,0.0,17.0,1.0,8.0,2.0,9.0,53.0,325
130002,2017,20.0,0.0,0.0,4.0,2.0,19.0,5.0,23.0,10.0,20.0,88.0,401
130002,2018,15.0,1.0,7.0,1.0,0.0,29.0,13.0,12.0,8.0,15.0,99.0,346
130002,2019,20.0,1.0,2.0,4.0,1.0,31.0,9.0,7.0,14.0,20.0,103.0,418
130006,2012,2.0,0.0,2.0,0.0,0.0,3.0,2.0,3.0,3.0,2.0,18.0,242
130006,2013,0.0,0.0,0.0,0.0,0.0,0.0,0.0,0.0,0.0,0.0,25.0,261
130006,2014,9.0,0.0,0.0,1.0,2.0,3.0,4.0,7.0,2.0,9.0,31.0,264
130006,2015,8.0,0.0,0.0,1.0,0.0,6.0,1.0,7.0,2.0,8.0,28.0,214
130006,2016,4.0,1.0,0.0,0.0,0.0,5.0,1.0,4.0,0.0,4.0,15.0,280
130006,2017,4.0,0.0,0.0,0.0,1.0,3.0,1.0,2.0,2.0,4.0,18.0,267
130006,2018,2.0,0.0,0.0,0.0,0.0,6.0,2.0,1.0,1.0,2.0,14.0,247
130006,2019,4.0,1.0,2.0,1.0,0.0,2.0,1.0,5.0,3.0,4.0,24.0,265
130008,2012,12.0,0.0,2.0,0.0,0.0,14.0,1.0,7.0,2.0,12.0,56.0,199
130008,2013,0.0,0.0,0.0,0.0,0.0,0.0,0.0,0.0,0.0,0.0,55.0,201
130008,2014,20.0,0.0,0.0,1.0,2.0,21.0,3.0,10.0,1.0,20.0,67.0,212
130008,2015,14.0,0.0,0.0,1.0,0.0,16.0,0.0,9.0,2.0,14.0,46.0,163
130008,2016,9.0,1.0,0.0,2.0,2.0,12.0,4.0,8.0,5.0,9.0,46.0,182
130008,2017,11.0,1.0,5.0,1.0,1.0,16.0,2.0,8.0,4.0,11.0,52.0,196
130008,2018,18.0,2.0,8.0,0.0,0.0,16.0,1.0,19.0,2.0,18.0,70.0,214
130008,2019,20.0,0.0,0.0,0.0,0.0,20.0,4.0,20.0,3.0,20.0,76.0,190
130010,2012,18.0,1.0,3.0,0.0,0.0,17.0,0.0,22.0,2.0,18.0,82.0,247
130010,2013,0.0,0.0,0.0,0.0,0.0,0.0,0.0,0.0,0.0,0.0,79.0,285
130010,2014,27.0,1.0,2.0,2.0,0.0,19.0,0.0,23.0,0.0,27.0,84.0,267
130010,2015,28.0,0.0,3.0,1.0,1.0,24.0,0.0,20.0,2.0,28.0,99.0,255
130010,2016,34.0,0.0,0.0,0.0,0.0,29.0,0.0,25.0,0.0,34.0,94.0,266
130010,2017,17.0,12.0,2.0,1.0,1.0,23.0,0.0,26.0,0.0,17.0,98.0,257
130010,2018,30.0,0.0,0.0,0.0,0.0,25.0,1.0,18.0,0.0,30.0,85.0,247
130010,2019,23.0,1.0,1.0,0.0,1.0,23.0,1.0,24.0,1.0,23.0,84.0,233
130014,2012,0.0,1.0,0.0,3.0,3.0,28.0,6.0,1.0,10.0,0.0,61.0,195
130014,2013,0.0,0.0,0.0,0.0,0.0,0.0,0.0,0.0,0.0,0.0,83.0,223
130014,2014,13.0,1.0,2.0,0.0,4.0,18.0,19.0,1.0,21.0,13.0,86.0,223
130014,2015,4.0,23.0,0.0,24.0,4.0,4.0,3.0,5.0,1.0,4.0,73.0,204
130014,2016,16.0,13.0,6.0,8.0,5.0,20.0,4.0,5.0,12.0,16.0,97.0,211
130014,2017,16.0,4.0,1.0,6.0,4.0,27.0,7.0,8.0,6.0,16.0,82.0,233
130014,2018,13.0,1.0,0.0,3.0,1.0,25.0,11.0,13.0,6.0,13.0,82.0,242
130014,2019,28.0,1.0,0.0,6.0,0.0,33.0,4.0,19.0,5.0,28.0,106.0,239
130020,2012,4.0,0.0,2.0,0.0,0.0,2.0,0.0,6.0,0.0,4.0,26.0,357
130020,2013,0.0,0.0,0.0,0.0,0.0,0.0,0.0,0.0,0.0,0.0,31.0,354
130020,2014,7.0,0.0,2.0,1.0,0.0,4.0,0.0,11.0,3.0,7.0,30.0,435
130020,2015,14.0,0.0,2.0,2.0,0.0,10.0,2.0,19.0,0.0,14.0,54.0,439
130020,2016,6.0,0.0,2.0,2.0,0.0,10.0,1.0,9.0,3.0,6.0,42.0,380
130020,2017,14.0,0.0,2.0,3.0,0.0,10.0,5.0,8.0,2.0,14.0,52.0,382
130020,2018,6.0,0.0,4.0,4.0,0.0,14.0,5.0,4.0,5.0,6.0,47.0,357
130020,2019,2.0,0.0,0.0,1.0,0.0,12.0,1.0,3.0,1.0,2.0,24.0,313
130030,2012,63.0,3.0,7.0,13.0,4.0,70.0,17.0,41.0,20.0,63.0,285.0,877
130030,2013,0.0,0.0,0.0,0.0,0.0,0.0,0.0,0.0,0.0,0.0,266.0,877
130030,2014,86.0,2.0,6.0,8.0,2.0,93.0,22.0,64.0,22.0,86.0,332.0,955
130030,2015,58.0,2.0,9.0,4.0,4.0,78.0,13.0,41.0,24.0,58.0,254.0,829
130030,2016,61.0,2.0,4.0,11.0,6.0,67.0,19.0,32.0,19.0,61.0,242.0,890
130030,2017,41.0,2.0,16.0,11.0,8.0,83.0,9.0,35.0,18.0,41.0,249.0,897
130030,2018,42.0,2.0,6.0,10.0,6.0,90.0,7.0,22.0,16.0,42.0,234.0,948
130030,2019,50.0,3.0,5.0,9.0,7.0,76.0,6.0,26.0,10.0,50.0,200.0,872
130040,2012,31.0,3.0,2.0,3.0,0.0,25.0,5.0,11.0,5.0,31.0,94.0,469
130040,2013,0.0,0.0,0.0,0.0,0.0,0.0,0.0,0.0,0.0,0.0,90.0,480
130040,2014,12.0,2.0,4.0,2.0,0.0,33.0,3.0,16.0,2.0,12.0,84.0,419
130040,2015,21.0,0.0,2.0,1.0,1.0,29.0,2.0,11.0,3.0,21.0,79.0,505
130040,2016,27.0,0.0,3.0,1.0,1.0,23.0,4.0,11.0,3.0,27.0,76.0,496
130040,2017,21.0,3.0,1.0,3.0,2.0,33.0,4.0,12.0,6.0,21.0,94.0,524
130040,2018,21.0,0.0,0.0,2.0,1.0,32.0,7.0,10.0,6.0,21.0,88.0,570
130040,2019,13.0,0.0,0.0,0.0,0.0,47.0,11.0,11.0,5.0,13.0,99.0,556
130050,2012,23.0,0.0,1.0,4.0,2.0,33.0,7.0,14.0,2.0,23.0,95.0,707
130050,2013,0.0,0.0,0.0,0.0,0.0,0.0,0.0,0.0,0.0,0.0,129.0,769
130050,2014,45.0,2.0,2.0,2.0,4.0,25.0,6.0,31.0,9.0,45.0,135.0,756
130050,2015,39.0,6.0,10.0,7.0,2.0,38.0,15.0,30.0,9.0,39.0,162.0,815
130050,2016,48.0,1.0,6.0,3.0,5.0,28.0,8.0,19.0,4.0,48.0,127.0,810
130050,2017,57.0,7.0,1.0,4.0,5.0,47.0,13.0,41.0,16.0,57.0,200.0,870
130050,2018,65.0,0.0,1.0,2.0,3.0,42.0,12.0,42.0,26.0,65.0,213.0,851
130050,2019,67.0,1.0,4.0,7.0,7.0,46.0,24.0,33.0,28.0,67.0,232.0,857
130060,2012,36.0,0.0,2.0,0.0,0.0,21.0,3.0,11.0,3.0,36.0,119.0,1053
130060,2013,0.0,0.0,0.0,0.0,0.0,0.0,0.0,0.0,0.0,0.0,152.0,1036
130060,2014,54.0,0.0,12.0,1.0,1.0,27.0,4.0,36.0,2.0,54.0,142.0,1077
130060,2015,59.0,2.0,13.0,1.0,0.0,30.0,0.0,77.0,2.0,59.0,199.0,968
130060,2016,35.0,2.0,1.0,5.0,2.0,29.0,7.0,38.0,4.0,35.0,137.0,1021
130060,2017,47.0,0.0,4.0,7.0,1.0,46.0,4.0,46.0,6.0,47.0,176.0,1039
130060,2018,23.0,2.0,8.0,2.0,1.0,28.0,4.0,14.0,8.0,23.0,103.0,985
130060,2019,59.0,1.0,3.0,3.0,1.0,51.0,1.0,45.0,4.0,59.0,189.0,1030
130063,2012,14.0,0.0,2.0,1.0,2.0,31.0,3.0,6.0,4.0,14.0,87.0,427
130063,2013,0.0,0.0,0.0,0.0,0.0,0.0,0.0,0.0,0.0,0.0,77.0,428
130063,2014,21.0,1.0,6.0,2.0,1.0,23.0,3.0,11.0,3.0,21.0,80.0,488
130063,2015,33.0,1.0,2.0,0.0,2.0,26.0,7.0,22.0,2.0,33.0,98.0,489
130063,2016,14.0,0.0,4.0,3.0,4.0,20.0,0.0,14.0,2.0,14.0,70.0,510
130063,2017,22.0,0.0,0.0,3.0,1.0,25.0,3.0,13.0,1.0,22.0,75.0,597
130063,2018,17.0,0.0,6.0,1.0,2.0,19.0,1.0,14.0,1.0,17.0,65.0,501
130063,2019,22.0,0.0,2.0,1.0,1.0,22.0,6.0,17.0,3.0,22.0,79.0,525
130068,2012,11.0,0.0,0.0,1.0,0.0,10.0,5.0,5.0,5.0,11.0,59.0,260
130068,2013,0.0,0.0,0.0,0.0,0.0,0.0,0.0,0.0,0.0,0.0,79.0,321
130068,2014,0.0,0.0,0.0,1.0,0.0,27.0,26.0,3.0,20.0,0.0,86.0,328
130068,2015,2.0,0.0,0.0,0.0,0.0,20.0,27.0,0.0,21.0,2.0,75.0,369
130068,2016,1.0,0.0,0.0,2.0,0.0,18.0,30.0,1.0,30.0,1.0,90.0,312
130068,2017,4.0,2.0,2.0,1.0,1.0,26.0,23.0,5.0,24.0,4.0,93.0,319
130068,2018,19.0,1.0,4.0,1.0,0.0,18.0,18.0,6.0,33.0,19.0,105.0,318
130068,2019,8.0,1.0,1.0,0.0,1.0,14.0,12.0,7.0,29.0,8.0,79.0,330
130070,2012,100.0,0.0,8.0,3.0,2.0,73.0,1.0,28.0,2.0,100.0,285.0,741
130070,2013,0.0,0.0,0.0,0.0,0.0,0.0,0.0,0.0,0.0,0.0,311.0,763
130070,2014,85.0,0.0,7.0,2.0,4.0,59.0,0.0,34.0,1.0,85.0,241.0,734
130070,2015,73.0,3.0,10.0,9.0,6.0,71.0,0.0,28.0,8.0,73.0,258.0,695
130070,2016,77.0,1.0,1.0,11.0,2.0,78.0,4.0,23.0,17.0,77.0,247.0,653
130070,2017,94.0,1.0,17.0,9.0,3.0,91.0,4.0,44.0,5.0,94.0,319.0,771
130070,2018,92.0,0.0,7.0,15.0,5.0,89.0,7.0,46.0,15.0,92.0,316.0,739
130070,2019,94.0,0.0,2.0,17.0,6.0,96.0,14.0,48.0,24.0,94.0,324.0,725
130080,2012,35.0,5.0,8.0,2.0,0.0,36.0,1.0,12.0,12.0,35.0,128.0,690
130080,2013,0.0,0.0,0.0,0.0,0.0,0.0,0.0,0.0,0.0,0.0,133.0,705
130080,2014,23.0,1.0,9.0,5.0,2.0,51.0,7.0,10.0,21.0,23.0,148.0,711
130080,2015,31.0,0.0,4.0,5.0,3.0,37.0,16.0,17.0,9.0,31.0,132.0,725
130080,2016,38.0,0.0,8.0,8.0,4.0,36.0,9.0,16.0,9.0,38.0,137.0,663
130080,2017,44.0,4.0,9.0,10.0,4.0,69.0,8.0,35.0,18.0,44.0,214.0,797
130080,2018,47.0,2.0,4.0,7.0,3.0,56.0,15.0,21.0,22.0,47.0,197.0,789
130080,2019,56.0,1.0,3.0,6.0,2.0,44.0,23.0,33.0,23.0,56.0,205.0,763
130083,2012,5.0,0.0,0.0,0.0,1.0,7.0,0.0,3.0,3.0,5.0,28.0,138
130083,2013,0.0,0.0,0.0,0.0,0.0,0.0,0.0,0.0,0.0,0.0,54.0,203
130083,2014,16.0,0.0,2.0,2.0,0.0,29.0,5.0,5.0,5.0,16.0,67.0,204
130083,2015,11.0,0.0,2.0,1.0,1.0,18.0,0.0,6.0,0.0,11.0,45.0,173
130083,2016,15.0,0.0,1.0,2.0,2.0,17.0,2.0,8.0,1.0,15.0,56.0,183
130083,2017,15.0,0.0,0.0,3.0,0.0,23.0,4.0,11.0,4.0,15.0,71.0,216
130083,2018,11.0,1.0,2.0,2.0,0.0,22.0,6.0,6.0,5.0,11.0,62.0,188
130083,2019,14.0,0.0,4.0,1.0,0.0,18.0,5.0,9.0,0.0,14.0,62.0,169
130090,2012,9.0,0.0,4.0,3.0,3.0,16.0,4.0,4.0,11.0,9.0,62.0,213
130090,2013,0.0,0.0,0.0,0.0,0.0,0.0,0.0,0.0,0.0,0.0,62.0,196
130090,2014,17.0,2.0,2.0,2.0,1.0,30.0,6.0,4.0,11.0,17.0,80.0,231
130090,2015,22.0,2.0,2.0,4.0,0.0,22.0,10.0,6.0,13.0,22.0,84.0,219
130090,2016,24.0,0.0,0.0,2.0,3.0,23.0,12.0,12.0,12.0,24.0,96.0,217
130090,2017,12.0,0.0,6.0,2.0,3.0,23.0,9.0,10.0,17.0,12.0,93.0,191
130090,2018,9.0,0.0,4.0,2.0,1.0,28.0,11.0,8.0,10.0,9.0,111.0,222
130090,2019,10.0,0.0,2.0,4.0,0.0,29.0,21.0,20.0,14.0,10.0,103.0,192
130100,2012,27.0,0.0,2.0,2.0,0.0,14.0,1.0,22.0,1.0,27.0,99.0,656
130100,2013,0.0,0.0,0.0,0.0,0.0,0.0,0.0,0.0,0.0,0.0,118.0,633
130100,2014,54.0,2.0,9.0,0.0,3.0,18.0,9.0,31.0,11.0,54.0,157.0,658
130100,2015,69.0,0.0,8.0,0.0,1.0,29.0,5.0,47.0,9.0,69.0,194.0,628
130100,2016,42.0,2.0,5.0,1.0,2.0,29.0,10.0,30.0,12.0,42.0,152.0,625
130100,2017,46.0,1.0,5.0,2.0,0.0,40.0,11.0,33.0,14.0,46.0,174.0,626
130100,2018,74.0,0.0,8.0,2.0,2.0,48.0,12.0,49.0,20.0,74.0,243.0,636
130100,2019,57.0,0.0,8.0,0.0,0.0,55.0,6.0,56.0,10.0,57.0,222.0,635
130110,2012,17.0,0.0,4.0,0.0,1.0,29.0,3.0,2.0,2.0,17.0,111.0,414
130110,2013,0.0,0.0,0.0,0.0,0.0,0.0,0.0,0.0,0.0,0.0,128.0,442
130110,2014,29.0,0.0,2.0,1.0,0.0,56.0,5.0,18.0,5.0,29.0,134.0,474
130110,2015,26.0,0.0,2.0,1.0,0.0,42.0,7.0,12.0,11.0,26.0,108.0,419
130110,2016,20.0,0.0,6.0,37.0,15.0,34.0,3.0,16.0,2.0,20.0,142.0,481
130110,2017,30.0,0.0,6.0,26.0,13.0,49.0,3.0,18.0,3.0,30.0,162.0,512
130110,2018,50.0,1.0,9.0,5.0,0.0,60.0,9.0,28.0,6.0,50.0,185.0,550
130110,2019,60.0,2.0,3.0,10.0,1.0,111.0,9.0,52.0,7.0,60.0,277.0,564
130115,2012,9.0,0.0,2.0,0.0,1.0,15.0,1.0,1.0,0.0,9.0,55.0,171
130115,2013,0.0,0.0,0.0,0.0,0.0,0.0,0.0,0.0,0.0,0.0,56.0,168
130115,2014,18.0,0.0,0.0,1.0,0.0,19.0,1.0,6.0,5.0,18.0,58.0,208
130115,2015,19.0,1.0,4.0,0.0,0.0,19.0,8.0,10.0,4.0,19.0,69.0,215
130115,2016,9.0,1.0,2.0,20.0,11.0,7.0,0.0,4.0,0.0,9.0,58.0,199
130115,2017,24.0,0.0,2.0,10.0,4.0,16.0,1.0,13.0,4.0,24.0,79.0,237
130115,2018,30.0,0.0,5.0,4.0,1.0,36.0,1.0,13.0,4.0,30.0,103.0,275
130115,2019,17.0,0.0,2.0,2.0,0.0,30.0,1.0,15.0,0.0,17.0,75.0,198
130120,2012,94.0,5.0,13.0,11.0,4.0,166.0,3.0,61.0,17.0,94.0,493.0,1668
130120,2013,0.0,0.0,0.0,0.0,0.0,0.0,0.0,0.0,0.0,0.0,520.0,1750
130120,2014,153.0,0.0,26.0,9.0,6.0,154.0,4.0,65.0,11.0,153.0,480.0,1704
130120,2015,160.0,1.0,18.0,15.0,5.0,175.0,10.0,106.0,12.0,160.0,572.0,1744
130120,2016,192.0,1.0,9.0,5.0,5.0,179.0,2.0,112.0,1.0,192.0,590.0,1646
130120,2017,168.0,1.0,32.0,6.0,0.0,216.0,2.0,134.0,3.0,168.0,623.0,1656
130120,2018,175.0,1.0,9.0,5.0,5.0,208.0,1.0,123.0,2.0,175.0,609.0,1747
130120,2019,158.0,0.0,12.0,6.0,0.0,201.0,1.0,84.0,2.0,158.0,541.0,1698
130130,2012,22.0,3.0,5.0,3.0,0.0,41.0,2.0,14.0,3.0,22.0,104.0,432
130130,2013,0.0,0.0,0.0,0.0,0.0,0.0,0.0,0.0,0.0,0.0,128.0,424
130130,2014,37.0,0.0,6.0,1.0,1.0,35.0,0.0,25.0,1.0,37.0,118.0,426
130130,2015,28.0,1.0,6.0,1.0,6.0,39.0,0.0,18.0,6.0,28.0,116.0,434
130130,2016,26.0,0.0,1.0,7.0,3.0,35.0,2.0,23.0,3.0,26.0,107.0,404
130130,2017,51.0,0.0,3.0,2.0,6.0,41.0,6.0,16.0,5.0,51.0,151.0,439
130130,2018,34.0,1.0,3.0,3.0,1.0,42.0,10.0,23.0,8.0,34.0,140.0,429
130130,2019,42.0,1.0,2.0,1.0,0.0,33.0,3.0,23.0,3.0,42.0,129.0,468
130140,2012,45.0,3.0,6.0,7.0,6.0,41.0,26.0,30.0,26.0,45.0,219.0,833
130140,2013,0.0,0.0,0.0,0.0,0.0,0.0,0.0,0.0,0.0,0.0,312.0,852
130140,2014,60.0,3.0,6.0,3.0,2.0,68.0,43.0,42.0,45.0,60.0,303.0,852
130140,2015,31.0,4.0,4.0,9.0,6.0,59.0,32.0,24.0,45.0,31.0,237.0,825
130140,2016,40.0,3.0,2.0,3.0,1.0,78.0,31.0,5.0,53.0,40.0,236.0,787
130140,2017,43.0,4.0,9.0,2.0,4.0,84.0,30.0,16.0,46.0,43.0,250.0,854
130140,2018,49.0,2.0,9.0,7.0,4.0,96.0,29.0,22.0,61.0,49.0,303.0,830
130140,2019,36.0,1.0,5.0,5.0,4.0,82.0,32.0,21.0,37.0,36.0,240.0,792
130150,2012,26.0,0.0,2.0,1.0,1.0,16.0,9.0,16.0,8.0,26.0,87.0,314
130150,2013,0.0,0.0,0.0,0.0,0.0,0.0,0.0,0.0,0.0,0.0,131.0,366
130150,2014,44.0,2.0,0.0,3.0,2.0,30.0,6.0,16.0,7.0,44.0,118.0,386
130150,2015,42.0,1.0,0.0,2.0,2.0,47.0,4.0,18.0,4.0,42.0,134.0,412
130150,2016,33.0,0.0,5.0,7.0,1.0,38.0,4.0,19.0,12.0,33.0,126.0,369
130150,2017,48.0,5.0,0.0,4.0,1.0,56.0,9.0,17.0,11.0,48.0,155.0,424
130150,2018,44.0,2.0,2.0,5.0,2.0,47.0,6.0,19.0,9.0,44.0,142.0,369
130150,2019,48.0,1.0,4.0,5.0,3.0,35.0,5.0,40.0,3.0,48.0,147.0,391
130160,2012,48.0,2.0,8.0,3.0,4.0,45.0,12.0,13.0,20.0,48.0,190.0,520
130160,2013,0.0,0.0,0.0,0.0,0.0,0.0,0.0,0.0,0.0,0.0,236.0,556
130160,2014,32.0,0.0,6.0,6.0,5.0,60.0,14.0,20.0,15.0,32.0,193.0,606
130160,2015,44.0,2.0,6.0,11.0,10.0,58.0,19.0,30.0,11.0,44.0,218.0,670
130160,2016,24.0,0.0,4.0,5.0,2.0,67.0,10.0,14.0,22.0,24.0,163.0,573
130160,2017,48.0,1.0,13.0,11.0,3.0,74.0,11.0,22.0,24.0,48.0,224.0,630
130160,2018,40.0,4.0,6.0,0.0,1.0,74.0,24.0,30.0,28.0,40.0,236.0,621
130160,2019,64.0,0.0,4.0,0.0,0.0,72.0,6.0,26.0,1.0,64.0,194.0,579
130165,2012,15.0,0.0,4.0,2.0,1.0,27.0,9.0,13.0,19.0,15.0,109.0,360
130165,2013,0.0,0.0,0.0,0.0,0.0,0.0,0.0,0.0,0.0,0.0,99.0,329
130165,2014,23.0,1.0,3.0,1.0,0.0,35.0,4.0,14.0,7.0,23.0,98.0,356
130165,2015,25.0,1.0,6.0,4.0,2.0,18.0,2.0,14.0,7.0,25.0,95.0,334
130165,2016,20.0,0.0,0.0,4.0,3.0,23.0,1.0,15.0,7.0,20.0,86.0,284
130165,2017,26.0,0.0,2.0,6.0,0.0,28.0,0.0,21.0,2.0,26.0,106.0,326
130165,2018,24.0,0.0,4.0,4.0,0.0,31.0,2.0,14.0,12.0,24.0,102.0,293
130165,2019,12.0,0.0,6.0,3.0,2.0,27.0,12.0,10.0,7.0,12.0,90.0,285
130170,2012,53.0,0.0,12.0,7.0,5.0,85.0,27.0,14.0,46.0,53.0,363.0,847
130170,2013,0.0,0.0,0.0,0.0,0.0,0.0,0.0,0.0,0.0,0.0,329.0,902
130170,2014,107.0,0.0,9.0,2.0,0.0,132.0,10.0,67.0,20.0,107.0,383.0,970
130170,2015,153.0,1.0,6.0,3.0,2.0,144.0,1.0,76.0,5.0,153.0,417.0,941
130170,2016,156.0,0.0,8.0,4.0,1.0,159.0,6.0,87.0,7.0,156.0,461.0,977
130170,2017,110.0,3.0,16.0,14.0,13.0,137.0,57.0,38.0,80.0,110.0,490.0,1001
130170,2018,102.0,1.0,4.0,2.0,5.0,167.0,28.0,63.0,64.0,102.0,464.0,1006
130170,2019,62.0,0.0,15.0,16.0,8.0,166.0,52.0,18.0,74.0,62.0,439.0,978
130180,2012,6.0,1.0,7.0,21.0,27.0,8.0,1.0,3.0,6.0,6.0,88.0,439
130180,2013,0.0,0.0,0.0,0.0,0.0,0.0,0.0,0.0,0.0,0.0,62.0,407
130180,2014,21.0,4.0,2.0,0.0,0.0,18.0,3.0,15.0,1.0,21.0,72.0,406
130180,2015,16.0,6.0,2.0,2.0,0.0,21.0,1.0,18.0,2.0,16.0,75.0,441
130180,2016,8.0,0.0,1.0,18.0,17.0,5.0,4.0,10.0,4.0,8.0,74.0,389
130180,2017,23.0,1.0,6.0,1.0,1.0,12.0,1.0,23.0,2.0,23.0,82.0,409
130180,2018,32.0,0.0,3.0,0.0,0.0,27.0,0.0,19.0,4.0,32.0,104.0,413
130180,2019,34.0,0.0,3.0,1.0,0.0,23.0,1.0,23.0,0.0,34.0,104.0,376
130185,2012,40.0,1.0,8.0,1.0,1.0,50.0,6.0,11.0,12.0,40.0,279.0,898
130185,2013,0.0,0.0,0.0,0.0,0.0,0.0,0.0,0.0,0.0,0.0,291.0,849
130185,2014,84.0,2.0,5.0,2.0,2.0,77.0,7.0,37.0,7.0,84.0,271.0,873
130185,2015,66.0,0.0,5.0,3.0,3.0,103.0,6.0,26.0,18.0,66.0,275.0,867
130185,2016,63.0,0.0,8.0,12.0,5.0,77.0,4.0,33.0,4.0,63.0,270.0,928
130185,2017,74.0,0.0,16.0,11.0,3.0,113.0,14.0,61.0,13.0,74.0,345.0,941
130185,2018,87.0,0.0,4.0,7.0,2.0,119.0,1.0,37.0,9.0,87.0,300.0,945
130185,2019,86.0,1.0,10.0,5.0,4.0,129.0,10.0,61.0,15.0,86.0,349.0,1021
130190,2012,123.0,0.0,25.0,1.0,0.0,180.0,1.0,29.0,8.0,123.0,562.0,2019
130190,2013,0.0,0.0,0.0,0.0,0.0,0.0,0.0,0.0,0.0,0.0,548.0,2085
130190,2014,162.0,0.0,9.0,0.0,2.0,173.0,2.0,93.0,9.0,162.0,550.0,2068
130190,2015,153.0,0.0,22.0,1.0,2.0,204.0,4.0,110.0,9.0,153.0,563.0,2078
130190,2016,158.0,0.0,10.0,9.0,8.0,198.0,3.0,97.0,1.0,158.0,542.0,2028
130190,2017,177.0,0.0,25.0,11.0,7.0,189.0,5.0,121.0,1.0,177.0,587.0,1985
130190,2018,234.0,0.0,18.0,1.0,0.0,220.0,3.0,160.0,2.0,234.0,690.0,2068
130190,2019,188.0,0.0,35.0,1.0,0.0,234.0,3.0,174.0,5.0,188.0,716.0,2034
130195,2012,4.0,0.0,0.0,0.0,1.0,13.0,0.0,1.0,1.0,4.0,53.0,197
130195,2013,0.0,0.0,0.0,0.0,0.0,0.0,0.0,0.0,0.0,0.0,42.0,260
130195,2014,20.0,0.0,3.0,0.0,0.0,10.0,1.0,11.0,0.0,20.0,58.0,260
130195,2015,12.0,0.0,4.0,0.0,0.0,19.0,0.0,3.0,2.0,12.0,46.0,293
130195,2016,13.0,0.0,3.0,0.0,0.0,13.0,0.0,12.0,1.0,13.0,43.0,263
130195,2017,12.0,0.0,6.0,0.0,0.0,13.0,0.0,14.0,1.0,12.0,49.0,245
130195,2018,19.0,0.0,5.0,0.0,0.0,17.0,1.0,20.0,1.0,19.0,64.0,303
130195,2019,18.0,0.0,2.0,1.0,0.0,15.0,3.0,15.0,3.0,18.0,59.0,247
130200,2012,13.0,0.0,2.0,1.0,0.0,16.0,0.0,2.0,2.0,13.0,45.0,199
130200,2013,0.0,0.0,0.0,0.0,0.0,0.0,0.0,0.0,0.0,0.0,32.0,184
130200,2014,8.0,1.0,0.0,0.0,0.0,9.0,0.0,3.0,0.0,8.0,30.0,154
130200,2015,2.0,1.0,0.0,0.0,1.0,10.0,3.0,5.0,2.0,2.0,27.0,148
130200,2016,11.0,1.0,0.0,1.0,2.0,8.0,2.0,7.0,1.0,11.0,36.0,187
130200,2017,11.0,0.0,2.0,0.0,2.0,10.0,3.0,2.0,1.0,11.0,37.0,165
130200,2018,9.0,1.0,2.0,0.0,0.0,10.0,3.0,7.0,1.0,9.0,35.0,171
130200,2019,7.0,1.0,0.0,0.0,1.0,16.0,2.0,5.0,5.0,7.0,40.0,173
130210,2012,1.0,0.0,0.0,0.0,0.0,2.0,1.0,2.0,1.0,1.0,10.0,142
130210,2013,0.0,0.0,0.0,0.0,0.0,0.0,0.0,0.0,0.0,0.0,13.0,130
130210,2014,2.0,0.0,0.0,0.0,1.0,7.0,2.0,2.0,0.0,2.0,17.0,148
130210,2015,1.0,1.0,0.0,0.0,1.0,4.0,1.0,3.0,1.0,1.0,13.0,169
130210,2016,5.0,0.0,2.0,0.0,0.0,3.0,1.0,0.0,1.0,5.0,12.0,150
130210,2017,3.0,0.0,0.0,2.0,0.0,8.0,4.0,2.0,5.0,3.0,27.0,161
130210,2018,3.0,0.0,2.0,0.0,0.0,4.0,5.0,1.0,5.0,3.0,21.0,151
130210,2019,0.0,0.0,0.0,0.0,0.0,2.0,3.0,0.0,3.0,0.0,9.0,121
130220,2012,7.0,3.0,0.0,5.0,0.0,32.0,0.0,7.0,1.0,7.0,61.0,171
130220,2013,0.0,0.0,0.0,0.0,0.0,0.0,0.0,0.0,0.0,0.0,40.0,202
130220,2014,7.0,3.0,2.0,0.0,0.0,19.0,0.0,4.0,2.0,7.0,41.0,193
130220,2015,15.0,1.0,6.0,6.0,12.0,11.0,1.0,3.0,2.0,15.0,63.0,217
130220,2016,6.0,1.0,0.0,7.0,3.0,23.0,0.0,0.0,1.0,6.0,45.0,175
130220,2017,11.0,3.0,1.0,7.0,1.0,36.0,0.0,3.0,0.0,11.0,66.0,253
130220,2018,14.0,1.0,2.0,9.0,6.0,44.0,0.0,8.0,1.0,14.0,101.0,251
130220,2019,29.0,0.0,2.0,8.0,1.0,42.0,0.0,19.0,0.0,29.0,107.0,235
130230,2012,4.0,0.0,2.0,1.0,1.0,14.0,8.0,7.0,4.0,4.0,87.0,601
130230,2013,0.0,0.0,0.0,0.0,0.0,0.0,0.0,0.0,0.0,0.0,57.0,629
130230,2014,4.0,1.0,2.0,0.0,0.0,3.0,1.0,4.0,2.0,4.0,29.0,631
130230,2015,1.0,0.0,0.0,0.0,0.0,0.0,1.0,4.0,3.0,1.0,25.0,633
130230,2016,1.0,0.0,1.0,0.0,0.0,0.0,2.0,1.0,0.0,1.0,35.0,604
130230,2017,5.0,0.0,4.0,0.0,0.0,13.0,12.0,6.0,11.0,5.0,61.0,659
130230,2018,1.0,0.0,12.0,0.0,0.0,18.0,13.0,0.0,20.0,1.0,72.0,648
130230,2019,8.0,0.0,5.0,0.0,0.0,15.0,19.0,9.0,15.0,8.0,84.0,646
130240,2012,36.0,6.0,1.0,6.0,7.0,48.0,9.0,21.0,10.0,36.0,183.0,682
130240,2013,0.0,0.0,0.0,0.0,0.0,0.0,0.0,0.0,0.0,0.0,159.0,728
130240,2014,53.0,1.0,6.0,3.0,4.0,34.0,9.0,30.0,12.0,53.0,178.0,715
130240,2015,24.0,1.0,6.0,0.0,2.0,41.0,42.0,17.0,49.0,24.0,202.0,659
130240,2016,18.0,1.0,0.0,2.0,2.0,54.0,39.0,10.0,64.0,18.0,220.0,652
130240,2017,15.0,1.0,9.0,5.0,10.0,69.0,55.0,12.0,83.0,15.0,292.0,741
130240,2018,15.0,1.0,3.0,4.0,1.0,64.0,49.0,7.0,76.0,15.0,252.0,779
130240,2019,8.0,4.0,6.0,2.0,5.0,90.0,74.0,2.0,104.0,8.0,329.0,892
130250,2012,139.0,1.0,16.0,10.0,13.0,103.0,9.0,48.0,17.0,139.0,573.0,1886
130250,2013,0.0,0.0,0.0,0.0,0.0,0.0,0.0,0.0,0.0,0.0,560.0,2000
130250,2014,208.0,5.0,21.0,8.0,5.0,195.0,7.0,119.0,18.0,208.0,659.0,2130
130250,2015,200.0,2.0,14.0,5.0,6.0,213.0,2.0,103.0,10.0,200.0,619.0,2070
130250,2016,131.0,0.0,16.0,30.0,26.0,167.0,4.0,68.0,16.0,131.0,527.0,1795
130250,2017,127.0,1.0,20.0,17.0,18.0,178.0,32.0,103.0,30.0,127.0,603.0,1938
130250,2018,196.0,0.0,10.0,16.0,13.0,207.0,31.0,132.0,43.0,196.0,760.0,2056
130250,2019,153.0,2.0,22.0,14.0,7.0,247.0,39.0,159.0,54.0,153.0,798.0,2115
130255,2012,14.0,0.0,4.0,0.0,0.0,5.0,1.0,3.0,1.0,14.0,63.0,250
130255,2013,0.0,0.0,0.0,0.0,0.0,0.0,0.0,0.0,0.0,0.0,77.0,249
130255,2014,14.0,0.0,4.0,0.0,0.0,24.0,3.0,14.0,1.0,14.0,68.0,233
130255,2015,14.0,0.0,0.0,2.0,0.0,19.0,6.0,12.0,7.0,14.0,68.0,234
130255,2016,11.0,2.0,2.0,10.0,9.0,31.0,4.0,7.0,4.0,11.0,89.0,253
130255,2017,17.0,3.0,4.0,14.0,8.0,30.0,1.0,16.0,2.0,17.0,102.0,300
130255,2018,21.0,0.0,2.0,2.0,0.0,43.0,5.0,12.0,3.0,21.0,96.0,303
130255,2019,18.0,1.0,2.0,0.0,1.0,40.0,3.0,14.0,2.0,18.0,91.0,276
130260,2012,3589.0,24.0,599.0,194.0,219.0,5427.0,654.0,636.0,1970.0,3589.0,20789.0,41169
130260,2013,0.0,0.0,0.0,0.0,0.0,0.0,0.0,0.0,0.0,0.0,20909.0,41640
130260,2014,5179.0,20.0,609.0,245.0,148.0,6872.0,844.0,2438.0,1673.0,5179.0,21418.0,42809
130260,2015,4425.0,33.0,651.0,368.0,244.0,6754.0,1028.0,1980.0,1960.0,4425.0,20245.0,42342
130260,2016,3821.0,26.0,531.0,2077.0,1066.0,5558.0,606.0,1610.0,1255.0,3821.0,18305.0,39603
130260,2017,4067.0,12.0,505.0,1791.0,904.0,5986.0,555.0,1973.0,1231.0,4067.0,18613.0,38498
130260,2018,4430.0,21.0,580.0,395.0,258.0,7141.0,646.0,2205.0,1321.0,4430.0,18729.0,38588
130260,2019,4415.0,20.0,548.0,250.0,185.0,7065.0,534.0,2381.0,1193.0,4415.0,18704.0,37939
130270,2012,54.0,2.0,2.0,2.0,1.0,50.0,4.0,27.0,2.0,54.0,181.0,810
130270,2013,0.0,0.0,0.0,0.0,0.0,0.0,0.0,0.0,0.0,0.0,199.0,850
130270,2014,37.0,3.0,15.0,12.0,7.0,62.0,14.0,23.0,16.0,37.0,214.0,903
130270,2015,46.0,5.0,3.0,11.0,4.0,67.0,8.0,51.0,5.0,46.0,223.0,930
130270,2016,83.0,2.0,6.0,6.0,0.0,67.0,0.0,51.0,3.0,83.0,238.0,911
130270,2017,107.0,2.0,11.0,1.0,1.0,90.0,9.0,77.0,25.0,107.0,368.0,989
130270,2018,99.0,0.0,10.0,1.0,0.0,73.0,1.0,68.0,4.0,99.0,294.0,1013
130270,2019,91.0,2.0,19.0,6.0,4.0,98.0,2.0,76.0,7.0,91.0,335.0,1023
130280,2012,9.0,0.0,0.0,1.0,1.0,10.0,2.0,8.0,7.0,9.0,54.0,313
130280,2013,0.0,0.0,0.0,0.0,0.0,0.0,0.0,0.0,0.0,0.0,102.0,338
130280,2014,14.0,0.0,2.0,4.0,0.0,17.0,7.0,6.0,9.0,14.0,65.0,399
130280,2015,3.0,0.0,3.0,1.0,1.0,11.0,9.0,7.0,7.0,3.0,52.0,323
130280,2016,7.0,1.0,0.0,2.0,1.0,17.0,8.0,16.0,6.0,7.0,71.0,358
130280,2017,10.0,2.0,6.0,2.0,1.0,18.0,26.0,10.0,16.0,10.0,106.0,418
130280,2018,11.0,0.0,12.0,1.0,1.0,27.0,17.0,9.0,21.0,11.0,107.0,405
130280,2019,9.0,2.0,3.0,5.0,2.0,33.0,18.0,10.0,8.0,9.0,104.0,381
130290,2012,32.0,8.0,5.0,6.0,1.0,40.0,5.0,18.0,8.0,32.0,196.0,1311
130290,2013,0.0,0.0,0.0,0.0,0.0,0.0,0.0,0.0,0.0,0.0,258.0,1317
130290,2014,29.0,1.0,14.0,5.0,1.0,50.0,64.0,31.0,71.0,29.0,314.0,1362
130290,2015,11.0,0.0,3.0,6.0,4.0,40.0,70.0,13.0,82.0,11.0,241.0,1335
130290,2016,3.0,1.0,6.0,5.0,2.0,23.0,25.0,4.0,36.0,3.0,115.0,1273
130290,2017,36.0,6.0,11.0,11.0,4.0,84.0,61.0,25.0,62.0,36.0,325.0,1553
130290,2018,93.0,4.0,15.0,5.0,1.0,88.0,40.0,74.0,44.0,93.0,394.0,1581
130290,2019,45.0,1.0,9.0,8.0,4.0,94.0,75.0,62.0,80.0,45.0,409.0,1539
130300,2012,5.0,0.0,2.0,0.0,0.0,43.0,1.0,0.0,1.0,5.0,67.0,344
130300,2013,0.0,0.0,0.0,0.0,0.0,0.0,0.0,0.0,0.0,0.0,57.0,301
130300,2014,21.0,2.0,6.0,1.0,0.0,24.0,4.0,12.0,6.0,21.0,89.0,357
130300,2015,22.0,3.0,2.0,0.0,0.0,27.0,0.0,12.0,2.0,22.0,84.0,356
130300,2016,32.0,0.0,0.0,0.0,3.0,16.0,0.0,16.0,1.0,32.0,85.0,338
130300,2017,40.0,0.0,2.0,5.0,3.0,22.0,1.0,27.0,1.0,40.0,125.0,358
130300,2018,26.0,1.0,0.0,1.0,1.0,18.0,2.0,16.0,1.0,26.0,84.0,314
130300,2019,29.0,1.0,4.0,2.0,0.0,38.0,2.0,23.0,3.0,29.0,112.0,346
130310,2012,17.0,0.0,6.0,0.0,0.0,41.0,8.0,9.0,12.0,17.0,145.0,591
130310,2013,0.0,0.0,0.0,0.0,0.0,0.0,0.0,0.0,0.0,0.0,154.0,628
130310,2014,28.0,1.0,2.0,1.0,1.0,41.0,7.0,15.0,5.0,28.0,116.0,619
130310,2015,49.0,0.0,10.0,0.0,0.0,31.0,2.0,33.0,6.0,49.0,148.0,593
130310,2016,43.0,0.0,7.0,4.0,0.0,42.0,1.0,39.0,3.0,43.0,161.0,587
130310,2017,48.0,0.0,6.0,2.0,1.0,45.0,0.0,20.0,0.0,48.0,150.0,592
130310,2018,44.0,0.0,1.0,0.0,0.0,34.0,1.0,29.0,2.0,44.0,136.0,612
130310,2019,52.0,0.0,4.0,0.0,0.0,39.0,1.0,32.0,0.0,52.0,143.0,546
130320,2012,12.0,1.0,3.0,2.0,1.0,18.0,2.0,5.0,2.0,12.0,76.0,257
130320,2013,0.0,0.0,0.0,0.0,0.0,0.0,0.0,0.0,0.0,0.0,45.0,246
130320,2014,25.0,0.0,0.0,1.0,1.0,25.0,0.0,13.0,2.0,25.0,80.0,307
130320,2015,19.0,0.0,3.0,2.0,1.0,35.0,2.0,6.0,5.0,19.0,82.0,316
130320,2016,22.0,0.0,2.0,1.0,2.0,28.0,0.0,6.0,4.0,22.0,74.0,289
130320,2017,22.0,1.0,2.0,3.0,4.0,46.0,2.0,20.0,5.0,22.0,118.0,333
130320,2018,26.0,0.0,2.0,0.0,1.0,30.0,1.0,14.0,1.0,26.0,127.0,327
130320,2019,28.0,0.0,4.0,1.0,0.0,37.0,4.0,17.0,4.0,28.0,100.0,310
130330,2012,30.0,1.0,4.0,4.0,1.0,22.0,1.0,16.0,2.0,30.0,96.0,321
130330,2013,0.0,0.0,0.0,0.0,0.0,0.0,0.0,0.0,0.0,0.0,79.0,351
130330,2014,14.0,1.0,4.0,1.0,0.0,18.0,2.0,18.0,2.0,14.0,75.0,344
130330,2015,20.0,1.0,3.0,1.0,2.0,20.0,0.0,19.0,2.0,20.0,80.0,409
130330,2016,45.0,3.0,6.0,1.0,2.0,29.0,0.0,20.0,1.0,45.0,119.0,386
130330,2017,40.0,2.0,4.0,0.0,1.0,45.0,0.0,33.0,0.0,40.0,144.0,406
130330,2018,49.0,0.0,2.0,0.0,1.0,43.0,2.0,16.0,0.0,49.0,126.0,379
130330,2019,65.0,1.0,4.0,1.0,0.0,31.0,2.0,34.0,2.0,65.0,157.0,392
130340,2012,159.0,1.0,3.0,7.0,11.0,100.0,3.0,126.0,1.0,159.0,495.0,2021
130340,2013,0.0,0.0,0.0,0.0,0.0,0.0,0.0,0.0,0.0,0.0,647.0,2133
130340,2014,149.0,2.0,9.0,10.0,10.0,122.0,7.0,116.0,8.0,149.0,502.0,2056
130340,2015,175.0,3.0,21.0,23.0,11.0,120.0,1.0,117.0,3.0,175.0,553.0,1995
130340,2016,152.0,1.0,26.0,18.0,9.0,127.0,3.0,134.0,1.0,152.0,552.0,1932
130340,2017,242.0,1.0,22.0,13.0,15.0,135.0,7.0,217.0,6.0,242.0,795.0,2139
130340,2018,249.0,8.0,30.0,19.0,17.0,209.0,6.0,203.0,3.0,249.0,897.0,2067
130340,2019,176.0,5.0,18.0,17.0,12.0,188.0,27.0,124.0,50.0,176.0,727.0,1947
130350,2012,2.0,1.0,7.0,1.0,0.0,28.0,0.0,0.0,0.0,2.0,62.0,308
130350,2013,0.0,0.0,0.0,0.0,0.0,0.0,0.0,0.0,0.0,0.0,43.0,367
130350,2014,2.0,0.0,7.0,2.0,0.0,96.0,0.0,2.0,1.0,2.0,118.0,364
130350,2015,3.0,0.0,8.0,3.0,0.0,119.0,0.0,9.0,0.0,3.0,148.0,374
130350,2016,1.0,0.0,2.0,2.0,0.0,61.0,1.0,2.0,1.0,1.0,119.0,348
130350,2017,1.0,0.0,4.0,1.0,0.0,113.0,0.0,0.0,0.0,1.0,126.0,355
130350,2018,4.0,0.0,4.0,2.0,3.0,54.0,1.0,3.0,0.0,4.0,125.0,362
130350,2019,1.0,1.0,0.0,3.0,0.0,55.0,2.0,6.0,2.0,1.0,79.0,369
130353,2012,35.0,0.0,8.0,3.0,1.0,75.0,5.0,17.0,16.0,35.0,243.0,556
130353,2013,0.0,0.0,0.0,0.0,0.0,0.0,0.0,0.0,0.0,0.0,287.0,580
130353,2014,61.0,0.0,4.0,4.0,0.0,70.0,7.0,36.0,12.0,61.0,288.0,585
130353,2015,33.0,0.0,9.0,1.0,0.0,30.0,3.0,16.0,5.0,33.0,234.0,558
130353,2016,36.0,0.0,6.0,4.0,3.0,44.0,0.0,13.0,1.0,36.0,220.0,548
130353,2017,44.0,0.0,6.0,8.0,2.0,67.0,0.0,21.0,3.0,44.0,216.0,523
130353,2018,68.0,0.0,6.0,5.0,6.0,92.0,9.0,32.0,12.0,68.0,256.0,558
130353,2019,52.0,1.0,6.0,6.0,2.0,85.0,9.0,34.0,7.0,52.0,223.0,513
130356,2012,7.0,0.0,2.0,3.0,0.0,11.0,4.0,2.0,0.0,7.0,86.0,361
130356,2013,0.0,0.0,0.0,0.0,0.0,0.0,0.0,0.0,0.0,0.0,110.0,374
130356,2014,42.0,0.0,2.0,1.0,2.0,48.0,1.0,20.0,3.0,42.0,137.0,412
130356,2015,29.0,0.0,4.0,3.0,3.0,33.0,2.0,27.0,6.0,29.0,134.0,391
130356,2016,20.0,0.0,6.0,10.0,9.0,37.0,3.0,22.0,3.0,20.0,124.0,415
130356,2017,32.0,0.0,10.0,17.0,3.0,43.0,1.0,30.0,1.0,32.0,144.0,422
130356,2018,36.0,0.0,4.0,3.0,4.0,53.0,0.0,19.0,1.0,36.0,134.0,431
130356,2019,43.0,0.0,0.0,0.0,1.0,49.0,1.0,24.0,3.0,43.0,143.0,440
130360,2012,12.0,1.0,2.0,1.0,0.0,12.0,5.0,12.0,3.0,12.0,64.0,344
130360,2013,0.0,0.0,0.0,0.0,0.0,0.0,0.0,0.0,0.0,0.0,43.0,279
130360,2014,1.0,0.0,2.0,0.0,0.0,5.0,0.0,0.0,0.0,1.0,8.0,225
130360,2015,5.0,2.0,1.0,1.0,1.0,5.0,0.0,3.0,1.0,5.0,21.0,301
130360,2016,3.0,0.0,2.0,1.0,0.0,4.0,3.0,4.0,2.0,3.0,22.0,305
130360,2017,11.0,0.0,2.0,0.0,0.0,11.0,1.0,3.0,2.0,11.0,37.0,370
130360,2018,10.0,1.0,2.0,0.0,1.0,8.0,0.0,4.0,0.0,10.0,29.0,372
130360,2019,8.0,0.0,2.0,0.0,0.0,11.0,1.0,3.0,0.0,8.0,27.0,322
130370,2012,2.0,3.0,8.0,3.0,1.0,11.0,4.0,7.0,7.0,2.0,56.0,603
130370,2013,0.0,0.0,0.0,0.0,0.0,0.0,0.0,0.0,0.0,0.0,49.0,576
130370,2014,22.0,0.0,2.0,2.0,2.0,11.0,10.0,15.0,6.0,22.0,75.0,652
130370,2015,23.0,2.0,1.0,2.0,3.0,10.0,3.0,25.0,4.0,23.0,76.0,718
130370,2016,15.0,0.0,5.0,2.0,2.0,35.0,3.0,21.0,2.0,15.0,86.0,693
130370,2017,13.0,0.0,2.0,5.0,2.0,16.0,2.0,6.0,4.0,13.0,51.0,724
130370,2018,24.0,0.0,2.0,1.0,2.0,18.0,7.0,18.0,11.0,24.0,84.0,704
130370,2019,23.0,0.0,11.0,3.0,1.0,32.0,6.0,12.0,2.0,23.0,93.0,773
130380,2012,31.0,3.0,6.0,5.0,3.0,45.0,7.0,19.0,10.0,31.0,165.0,1119
130380,2013,0.0,0.0,0.0,0.0,0.0,0.0,0.0,0.0,0.0,0.0,147.0,1143
130380,2014,24.0,4.0,2.0,6.0,1.0,29.0,0.0,14.0,5.0,24.0,96.0,1254
130380,2015,45.0,5.0,2.0,8.0,1.0,29.0,0.0,33.0,2.0,45.0,142.0,1120
130380,2016,30.0,0.0,11.0,1.0,2.0,33.0,0.0,25.0,0.0,30.0,115.0,1255
130380,2017,35.0,4.0,4.0,0.0,0.0,43.0,3.0,39.0,4.0,35.0,155.0,1214
130380,2018,38.0,4.0,10.0,4.0,4.0,54.0,18.0,25.0,22.0,38.0,195.0,1227
130380,2019,43.0,9.0,13.0,12.0,3.0,58.0,21.0,42.0,22.0,43.0,245.0,1436
130390,2012,19.0,0.0,0.0,0.0,0.0,41.0,4.0,28.0,1.0,19.0,111.0,959
130390,2013,0.0,0.0,0.0,0.0,0.0,0.0,0.0,0.0,0.0,0.0,114.0,914
130390,2014,18.0,1.0,4.0,0.0,0.0,26.0,4.0,43.0,5.0,18.0,124.0,987
130390,2015,21.0,0.0,6.0,0.0,0.0,21.0,1.0,32.0,1.0,21.0,158.0,753
130390,2016,15.0,13.0,4.0,17.0,9.0,13.0,10.0,9.0,7.0,15.0,114.0,871
130390,2017,15.0,22.0,2.0,13.0,6.0,20.0,8.0,12.0,13.0,15.0,121.0,999
130390,2018,20.0,28.0,3.0,16.0,8.0,28.0,13.0,30.0,12.0,20.0,193.0,935
130390,2019,26.0,20.0,8.0,14.0,8.0,40.0,27.0,35.0,9.0,26.0,229.0,956
130395,2012,20.0,1.0,4.0,1.0,3.0,19.0,2.0,9.0,3.0,20.0,66.0,178
130395,2013,0.0,0.0,0.0,0.0,0.0,0.0,0.0,0.0,0.0,0.0,44.0,160
130395,2014,10.0,0.0,0.0,2.0,3.0,8.0,3.0,11.0,2.0,10.0,60.0,163
130395,2015,14.0,0.0,0.0,2.0,0.0,11.0,0.0,6.0,4.0,14.0,48.0,180
130395,2016,6.0,0.0,0.0,3.0,1.0,6.0,4.0,2.0,5.0,6.0,31.0,178
130395,2017,13.0,0.0,2.0,0.0,1.0,20.0,2.0,7.0,6.0,13.0,55.0,206
130395,2018,15.0,1.0,2.0,0.0,0.0,16.0,1.0,12.0,1.0,15.0,52.0,186
130395,2019,8.0,0.0,0.0,2.0,1.0,19.0,2.0,9.0,2.0,8.0,47.0,200
130400,2012,3.0,0.0,4.0,1.0,0.0,5.0,0.0,0.0,0.0,3.0,23.0,181
130400,2013,0.0,0.0,0.0,0.0,0.0,0.0,0.0,0.0,0.0,0.0,25.0,208
130400,2014,7.0,1.0,2.0,0.0,1.0,12.0,8.0,4.0,2.0,7.0,43.0,180
130400,2015,11.0,1.0,0.0,1.0,0.0,12.0,5.0,4.0,3.0,11.0,38.0,202
130400,2016,14.0,0.0,0.0,0.0,0.0,12.0,1.0,8.0,1.0,14.0,40.0,208
130400,2017,13.0,0.0,0.0,2.0,0.0,8.0,1.0,7.0,0.0,13.0,32.0,246
130400,2018,11.0,0.0,4.0,1.0,0.0,5.0,1.0,6.0,0.0,11.0,31.0,197
130400,2019,16.0,0.0,0.0,0.0,0.0,13.0,0.0,9.0,3.0,16.0,45.0,229
130406,2012,69.0,1.0,8.0,5.0,1.0,53.0,5.0,39.0,7.0,69.0,233.0,1632
130406,2013,0.0,0.0,0.0,0.0,0.0,0.0,0.0,0.0,0.0,0.0,238.0,1619
130406,2014,50.0,1.0,13.0,10.0,6.0,54.0,22.0,58.0,8.0,50.0,282.0,1820
130406,2015,86.0,1.0,11.0,12.0,2.0,80.0,18.0,80.0,22.0,86.0,385.0,1615
130406,2016,72.0,3.0,13.0,10.0,8.0,73.0,27.0,55.0,29.0,72.0,369.0,1753
130406,2017,96.0,6.0,13.0,7.0,6.0,101.0,25.0,100.0,21.0,96.0,451.0,1701
130406,2018,38.0,6.0,7.0,11.0,8.0,114.0,66.0,48.0,51.0,38.0,419.0,1685
130406,2019,33.0,2.0,14.0,6.0,5.0,99.0,54.0,27.0,61.0,33.0,355.0,1770
130410,2012,37.0,1.0,4.0,3.0,1.0,38.0,5.0,30.0,1.0,37.0,136.0,401
130410,2013,0.0,0.0,0.0,0.0,0.0,0.0,0.0,0.0,0.0,0.0,151.0,421
130410,2014,38.0,0.0,2.0,1.0,3.0,40.0,0.0,28.0,2.0,38.0,130.0,391
130410,2015,51.0,0.0,3.0,1.0,0.0,43.0,2.0,18.0,4.0,51.0,143.0,439
130410,2016,56.0,0.0,7.0,4.0,0.0,45.0,1.0,34.0,5.0,56.0,168.0,389
130410,2017,42.0,1.0,4.0,2.0,2.0,43.0,4.0,19.0,4.0,42.0,133.0,405
130410,2018,49.0,0.0,2.0,1.0,2.0,46.0,0.0,21.0,0.0,49.0,130.0,394
130410,2019,27.0,3.0,4.0,7.0,2.0,36.0,2.0,17.0,2.0,27.0,109.0,432
130420,2012,80.0,4.0,17.0,19.0,5.0,73.0,22.0,83.0,21.0,80.0,386.0,1558
130420,2013,0.0,0.0,0.0,0.0,0.0,0.0,0.0,0.0,0.0,0.0,433.0,1732
130420,2014,76.0,6.0,14.0,8.0,6.0,66.0,25.0,59.0,35.0,76.0,363.0,1589
130420,2015,76.0,1.0,13.0,10.0,5.0,91.0,60.0,63.0,53.0,76.0,442.0,1754
130420,2016,74.0,0.0,30.0,8.0,7.0,96.0,12.0,72.0,17.0,74.0,379.0,1679
130420,2017,116.0,2.0,5.0,16.0,13.0,98.0,6.0,74.0,8.0,116.0,383.0,1763
130420,2018,121.0,0.0,19.0,12.0,3.0,105.0,4.0,68.0,6.0,121.0,396.0,1822
130420,2019,152.0,3.0,22.0,13.0,9.0,117.0,10.0,106.0,8.0,152.0,494.0,1927
130423,2012,14.0,0.0,1.0,0.0,0.0,17.0,6.0,11.0,3.0,14.0,63.0,348
130423,2013,0.0,0.0,0.0,0.0,0.0,0.0,0.0,0.0,0.0,0.0,55.0,322
130423,2014,13.0,0.0,2.0,1.0,0.0,9.0,4.0,14.0,4.0,13.0,52.0,366
130423,2015,19.0,1.0,5.0,0.0,0.0,12.0,2.0,22.0,2.0,19.0,79.0,391
130423,2016,18.0,0.0,2.0,3.0,2.0,7.0,7.0,11.0,10.0,18.0,65.0,363
130423,2017,6.0,6.0,2.0,4.0,2.0,9.0,8.0,11.0,12.0,6.0,67.0,458
130423,2018,13.0,54.0,0.0,1.0,1.0,14.0,10.0,6.0,5.0,13.0,118.0,435
130423,2019,5.0,60.0,2.0,0.0,0.0,11.0,4.0,3.0,3.0,5.0,90.0,429
130426,2012,6.0,2.0,3.0,0.0,0.0,27.0,23.0,4.0,20.0,6.0,135.0,288
130426,2013,0.0,0.0,0.0,0.0,0.0,0.0,0.0,0.0,0.0,0.0,83.0,304
130426,2014,17.0,1.0,7.0,1.0,2.0,27.0,8.0,22.0,10.0,17.0,129.0,302
130426,2015,14.0,0.0,4.0,2.0,0.0,14.0,6.0,4.0,11.0,14.0,65.0,295
130426,2016,14.0,2.0,7.0,3.0,0.0,22.0,11.0,9.0,5.0,14.0,80.0,264
130426,2017,15.0,2.0,3.0,1.0,3.0,21.0,4.0,9.0,6.0,15.0,75.0,333
130426,2018,20.0,3.0,5.0,1.0,3.0,20.0,5.0,12.0,8.0,20.0,84.0,286
130426,2019,24.0,2.0,4.0,4.0,5.0,31.0,15.0,19.0,12.0,24.0,127.0,351
130430,2012,21.0,0.0,2.0,4.0,0.0,11.0,1.0,10.0,3.0,21.0,57.0,298
130430,2013,0.0,0.0,0.0,0.0,0.0,0.0,0.0,0.0,0.0,0.0,61.0,302
130430,2014,17.0,0.0,0.0,4.0,1.0,6.0,2.0,13.0,3.0,17.0,99.0,284
130430,2015,10.0,1.0,2.0,14.0,6.0,4.0,3.0,7.0,0.0,10.0,81.0,272
130430,2016,8.0,0.0,1.0,2.0,2.0,8.0,2.0,4.0,0.0,8.0,53.0,265
130430,2017,19.0,2.0,0.0,9.0,3.0,18.0,5.0,14.0,2.0,19.0,78.0,270
130430,2018,22.0,1.0,4.0,1.0,0.0,21.0,1.0,18.0,1.0,22.0,82.0,261
130430,2019,34.0,0.0,2.0,2.0,4.0,21.0,1.0,22.0,4.0,34.0,96.0,318
130440,2012,15.0,1.0,2.0,0.0,0.0,15.0,0.0,8.0,1.0,15.0,65.0,321
130440,2013,0.0,0.0,0.0,0.0,0.0,0.0,0.0,0.0,0.0,0.0,78.0,325
130440,2014,13.0,0.0,4.0,1.0,0.0,14.0,0.0,13.0,2.0,13.0,56.0,329
130440,2015,8.0,0.0,0.0,0.0,0.0,13.0,0.0,7.0,0.0,8.0,33.0,282
130440,2016,9.0,0.0,3.0,1.0,0.0,10.0,0.0,2.0,0.0,9.0,34.0,299
130440,2017,15.0,0.0,2.0,1.0,0.0,15.0,1.0,7.0,1.0,15.0,45.0,315
130440,2018,26.0,0.0,3.0,0.0,0.0,25.0,1.0,9.0,1.0,26.0,70.0,313
130440,2019,6.0,1.0,4.0,7.0,1.0,29.0,9.0,28.0,0.0,6.0,90.0,321
140000,2012,0.0,0.0,0.0,0.0,0.0,0.0,0.0,0.0,0.0,0.0,1.0,2
140000,2013,0.0,0.0,0.0,0.0,0.0,0.0,0.0,0.0,0.0,0.0,2.0,8
140000,2014,0.0,0.0,0.0,0.0,0.0,0.0,0.0,1.0,0.0,0.0,3.0,7
140000,2015,0.0,0.0,0.0,0.0,0.0,0.0,0.0,1.0,0.0,0.0,1.0,3
140000,2016,0.0,0.0,0.0,0.0,0.0,0.0,0.0,0.0,0.0,0.0,0.0,1
140000,2018,0.0,0.0,0.0,0.0,0.0,0.0,0.0,0.0,0.0,0.0,0.0,1
140002,2012,0.0,1.0,2.0,1.0,0.0,10.0,5.0,2.0,9.0,0.0,37.0,308
140002,2013,0.0,0.0,0.0,0.0,0.0,0.0,0.0,0.0,0.0,0.0,45.0,307
140002,2014,3.0,0.0,0.0,1.0,0.0,12.0,7.0,3.0,6.0,3.0,37.0,298
140002,2015,6.0,0.0,5.0,3.0,1.0,13.0,5.0,0.0,8.0,6.0,43.0,339
140002,2016,0.0,0.0,2.0,2.0,0.0,6.0,9.0,0.0,5.0,0.0,34.0,331
140002,2017,4.0,1.0,0.0,3.0,1.0,14.0,4.0,7.0,7.0,4.0,44.0,355
140002,2018,4.0,0.0,4.0,2.0,2.0,16.0,11.0,4.0,5.0,4.0,51.0,433
140002,2019,3.0,0.0,2.0,1.0,1.0,26.0,8.0,3.0,8.0,3.0,59.0,446
140005,2012,4.0,2.0,4.0,0.0,0.0,18.0,9.0,0.0,10.0,4.0,54.0,600
140005,2013,0.0,0.0,0.0,0.0,0.0,0.0,0.0,0.0,0.0,0.0,78.0,601
140005,2014,3.0,1.0,4.0,3.0,0.0,19.0,8.0,4.0,13.0,3.0,60.0,563
140005,2015,1.0,1.0,0.0,4.0,1.0,15.0,4.0,3.0,16.0,1.0,49.0,550
140005,2016,4.0,0.0,4.0,4.0,0.0,22.0,7.0,5.0,13.0,4.0,63.0,620
140005,2017,4.0,0.0,1.0,4.0,0.0,24.0,8.0,4.0,5.0,4.0,54.0,526
140005,2018,5.0,0.0,2.0,3.0,1.0,20.0,11.0,6.0,8.0,5.0,61.0,737
140005,2019,5.0,0.0,1.0,5.0,1.0,22.0,8.0,5.0,12.0,5.0,69.0,711
140010,2012,172.0,64.0,73.0,39.0,20.0,829.0,301.0,54.0,707.0,172.0,2591.0,6358
140010,2013,0.0,0.0,0.0,0.0,0.0,0.0,0.0,0.0,0.0,0.0,2713.0,6350
140010,2014,169.0,13.0,79.0,83.0,58.0,929.0,420.0,98.0,683.0,169.0,2843.0,6755
140010,2015,218.0,8.0,108.0,98.0,54.0,949.0,412.0,99.0,694.0,218.0,2968.0,6719
140010,2016,238.0,19.0,99.0,56.0,38.0,1042.0,412.0,144.0,650.0,238.0,3044.0,6749
140010,2017,352.0,13.0,102.0,118.0,58.0,1055.0,253.0,270.0,467.0,352.0,3024.0,7043
140010,2018,324.0,9.0,107.0,123.0,70.0,1232.0,362.0,258.0,575.0,324.0,3469.0,8163
140010,2019,304.0,13.0,116.0,134.0,88.0,1326.0,375.0,189.0,647.0,304.0,3653.0,8936
140015,2012,2.0,5.0,2.0,3.0,0.0,20.0,6.0,2.0,8.0,2.0,51.0,312
140015,2013,0.0,0.0,0.0,0.0,0.0,0.0,0.0,0.0,0.0,0.0,60.0,327
140015,2014,2.0,0.0,3.0,4.0,4.0,7.0,14.0,3.0,10.0,2.0,55.0,325
140015,2015,3.0,0.0,2.0,6.0,2.0,14.0,13.0,2.0,18.0,3.0,72.0,355
140015,2016,7.0,3.0,2.0,3.0,1.0,30.0,13.0,6.0,11.0,7.0,87.0,365
140015,2017,4.0,1.0,2.0,7.0,3.0,22.0,6.0,10.0,3.0,4.0,66.0,377
140015,2018,8.0,0.0,0.0,8.0,3.0,26.0,9.0,5.0,10.0,8.0,75.0,391
140015,2019,5.0,0.0,2.0,4.0,0.0,30.0,6.0,9.0,13.0,5.0,82.0,470
140017,2012,3.0,0.0,4.0,1.0,1.0,18.0,6.0,2.0,13.0,3.0,62.0,315
140017,2013,0.0,0.0,0.0,0.0,0.0,0.0,0.0,0.0,0.0,0.0,85.0,335
140017,2014,4.0,3.0,0.0,8.0,3.0,28.0,13.0,3.0,25.0,4.0,106.0,362
140017,2015,9.0,1.0,2.0,6.0,4.0,29.0,17.0,2.0,10.0,9.0,88.0,327
140017,2016,5.0,0.0,2.0,0.0,2.0,37.0,5.0,4.0,10.0,5.0,72.0,315
140017,2017,15.0,0.0,4.0,0.0,1.0,23.0,7.0,11.0,17.0,15.0,90.0,352
140017,2018,6.0,0.0,8.0,4.0,5.0,21.0,14.0,9.0,10.0,6.0,89.0,337
140017,2019,6.0,2.0,1.0,7.0,1.0,42.0,13.0,10.0,9.0,6.0,103.0,385
140020,2012,2.0,3.0,3.0,2.0,1.0,35.0,14.0,7.0,22.0,2.0,102.0,425
140020,2013,0.0,0.0,0.0,0.0,0.0,0.0,0.0,0.0,0.0,0.0,96.0,424
140020,2014,8.0,0.0,4.0,2.0,0.0,39.0,12.0,4.0,23.0,8.0,104.0,393
140020,2015,7.0,0.0,0.0,3.0,3.0,37.0,17.0,12.0,29.0,7.0,120.0,414
140020,2016,15.0,0.0,2.0,2.0,2.0,38.0,22.0,16.0,21.0,15.0,126.0,381
140020,2017,23.0,0.0,1.0,4.0,4.0,41.0,10.0,28.0,13.0,23.0,138.0,407
140020,2018,9.0,0.0,8.0,5.0,2.0,39.0,9.0,8.0,12.0,9.0,107.0,406
140020,2019,16.0,2.0,4.0,3.0,1.0,69.0,10.0,8.0,11.0,16.0,131.0,445
140023,2012,2.0,0.0,0.0,1.0,0.0,14.0,6.0,1.0,10.0,2.0,45.0,138
140023,2013,0.0,0.0,0.0,0.0,0.0,0.0,0.0,0.0,0.0,0.0,51.0,151
140023,2014,5.0,1.0,1.0,1.0,1.0,15.0,11.0,3.0,13.0,5.0,58.0,154
140023,2015,8.0,0.0,2.0,4.0,0.0,15.0,4.0,5.0,8.0,8.0,57.0,139
140023,2016,17.0,0.0,4.0,1.0,2.0,27.0,1.0,6.0,6.0,17.0,74.0,145
140023,2017,24.0,0.0,4.0,2.0,1.0,23.0,5.0,21.0,5.0,24.0,92.0,183
140023,2018,11.0,3.0,2.0,0.0,1.0,30.0,2.0,15.0,7.0,11.0,80.0,181
140023,2019,22.0,0.0,2.0,3.0,1.0,39.0,4.0,11.0,6.0,22.0,101.0,204
140028,2012,2.0,1.0,2.0,1.0,0.0,16.0,2.0,0.0,15.0,2.0,40.0,173
140028,2013,0.0,0.0,0.0,0.0,0.0,0.0,0.0,0.0,0.0,0.0,50.0,147
140028,2014,5.0,0.0,0.0,1.0,0.0,22.0,4.0,0.0,13.0,5.0,47.0,156
140028,2015,1.0,0.0,2.0,1.0,0.0,23.0,7.0,3.0,13.0,1.0,54.0,169
140028,2016,0.0,1.0,3.0,1.0,1.0,11.0,6.0,1.0,7.0,0.0,33.0,138
140028,2017,0.0,0.0,4.0,2.0,2.0,16.0,3.0,6.0,8.0,2.0,47.0,154
140028,2018,0.0,0.0,7.0,1.0,1.0,13.0,3.0,3.0,7.0,6.0,45.0,138
140028,2019,0.0,0.0,0.0,1.0,1.0,18.0,3.0,3.0,9.0,6.0,44.0,185
140030,2012,0.0,1.0,2.0,1.0,1.0,26.0,12.0,5.0,17.0,9.0,84.0,270
140030,2013,0.0,0.0,0.0,0.0,0.0,0.0,0.0,0.0,0.0,0.0,118.0,351
140030,2014,0.0,2.0,2.0,5.0,0.0,30.0,24.0,0.0,24.0,8.0,103.0,299
140030,2015,0.0,0.0,0.0,4.0,0.0,54.0,19.0,6.0,18.0,3.0,114.0,341
140030,2016,0.0,6.0,4.0,1.0,0.0,37.0,19.0,4.0,14.0,5.0,101.0,308
140030,2017,0.0,0.0,3.0,6.0,4.0,39.0,11.0,6.0,13.0,10.0,102.0,309
140030,2018,0.0,1.0,2.0,10.0,3.0,31.0,15.0,13.0,15.0,12.0,120.0,325
140030,2019,0.0,2.0,1.0,1.0,2.0,39.0,14.0,9.0,23.0,10.0,115.0,372
140040,2012,0.0,3.0,2.0,2.0,0.0,9.0,7.0,1.0,10.0,1.0,39.0,319
140040,2013,0.0,0.0,0.0,0.0,0.0,0.0,0.0,0.0,0.0,0.0,52.0,381
140040,2014,0.0,2.0,1.0,5.0,0.0,11.0,10.0,1.0,6.0,3.0,43.0,376
140040,2015,11.0,1.0,0.0,3.0,1.0,20.0,5.0,3.0,8.0,6.0,58.0,442
140040,2016,7.0,2.0,7.0,6.0,1.0,16.0,11.0,4.0,8.0,2.0,64.0,428
140040,2017,3.0,0.0,4.0,2.0,2.0,22.0,6.0,6.0,5.0,3.0,53.0,415
140040,2018,9.0,1.0,1.0,6.0,3.0,15.0,10.0,2.0,6.0,6.0,59.0,463
140040,2019,11.0,1.0,0.0,9.0,1.0,27.0,9.0,6.0,10.0,7.0,81.0,489
140045,2012,12.0,5.0,5.0,1.0,2.0,20.0,9.0,2.0,18.0,4.0,78.0,327
140045,2013,0.0,0.0,0.0,0.0,0.0,0.0,0.0,0.0,0.0,0.0,67.0,351
140045,2014,7.0,2.0,4.0,4.0,3.0,16.0,16.0,6.0,14.0,6.0,78.0,340
140045,2015,9.0,0.0,2.0,6.0,3.0,26.0,12.0,4.0,16.0,3.0,81.0,361
140045,2016,10.0,0.0,5.0,0.0,0.0,31.0,7.0,8.0,12.0,8.0,81.0,357
140045,2017,13.0,0.0,5.0,7.0,1.0,38.0,5.0,9.0,3.0,6.0,87.0,380
140045,2018,15.0,0.0,0.0,8.0,0.0,32.0,10.0,5.0,13.0,12.0,95.0,423
140045,2019,10.0,0.0,16.0,7.0,5.0,56.0,13.0,4.0,15.0,11.0,137.0,556
140047,2012,12.0,1.0,6.0,1.0,3.0,36.0,16.0,1.0,32.0,9.0,119.0,422
140047,2013,0.0,0.0,0.0,0.0,0.0,0.0,0.0,0.0,0.0,0.0,137.0,422
140047,2014,18.0,0.0,4.0,7.0,1.0,46.0,15.0,16.0,40.0,20.0,179.0,442
140047,2015,33.0,0.0,6.0,1.0,3.0,62.0,8.0,72.0,22.0,54.0,287.0,527
140047,2016,37.0,1.0,3.0,6.0,4.0,108.0,15.0,54.0,41.0,76.0,346.0,542
140047,2017,39.0,0.0,2.0,2.0,1.0,93.0,8.0,74.0,7.0,124.0,350.0,563
140047,2018,41.0,1.0,7.0,3.0,2.0,111.0,6.0,76.0,8.0,103.0,358.0,628
140047,2019,24.0,0.0,0.0,5.0,0.0,121.0,6.0,58.0,4.0,92.0,310.0,567
140050,2012,3.0,3.0,4.0,0.0,0.0,14.0,8.0,3.0,11.0,3.0,49.0,116
140050,2013,0.0,0.0,0.0,0.0,0.0,0.0,0.0,0.0,0.0,0.0,45.0,120
140050,2014,5.0,0.0,2.0,1.0,1.0,17.0,1.0,3.0,7.0,5.0,42.0,117
140050,2015,2.0,0.0,2.0,1.0,0.0,18.0,2.0,9.0,9.0,5.0,51.0,117
140050,2016,4.0,0.0,3.0,0.0,1.0,15.0,5.0,8.0,13.0,8.0,57.0,104
140050,2017,10.0,0.0,4.0,1.0,2.0,17.0,3.0,11.0,4.0,17.0,69.0,122
140050,2018,4.0,0.0,2.0,1.0,0.0,20.0,3.0,12.0,1.0,14.0,57.0,119
140050,2019,4.0,0.0,0.0,1.0,0.0,20.0,2.0,8.0,5.0,24.0,64.0,131
140060,2012,2.0,0.0,0.0,0.0,0.0,10.0,4.0,1.0,10.0,3.0,30.0,84
140060,2013,0.0,0.0,0.0,0.0,0.0,0.0,0.0,0.0,0.0,0.0,28.0,80
140060,2014,0.0,0.0,0.0,1.0,2.0,12.0,7.0,3.0,5.0,3.0,34.0,67
140060,2015,3.0,0.0,2.0,1.0,1.0,7.0,4.0,5.0,4.0,18.0,47.0,91
140060,2016,1.0,0.0,1.0,0.0,1.0,14.0,3.0,6.0,5.0,6.0,37.0,83
140060,2017,3.0,0.0,0.0,2.0,0.0,18.0,0.0,20.0,2.0,21.0,66.0,106
140060,2018,7.0,0.0,0.0,0.0,0.0,11.0,0.0,8.0,4.0,12.0,42.0,86
140060,2019,2.0,0.0,4.0,1.0,0.0,12.0,3.0,8.0,3.0,19.0,52.0,107
140070,2012,4.0,1.0,2.0,0.0,0.0,10.0,5.0,0.0,5.0,0.0,27.0,432
140070,2013,0.0,0.0,0.0,0.0,0.0,0.0,0.0,0.0,0.0,0.0,50.0,459
140070,2014,4.0,1.0,1.0,7.0,2.0,15.0,10.0,3.0,10.0,0.0,53.0,466
140070,2015,4.0,1.0,2.0,8.0,0.0,8.0,6.0,4.0,6.0,2.0,41.0,518
140070,2016,6.0,1.0,2.0,2.0,1.0,6.0,10.0,2.0,5.0,4.0,39.0,509
140070,2017,4.0,0.0,0.0,4.0,1.0,10.0,8.0,4.0,5.0,5.0,41.0,445
140070,2018,4.0,1.0,8.0,5.0,2.0,16.0,2.0,7.0,7.0,5.0,57.0,513
140070,2019,4.0,2.0,3.0,9.0,2.0,17.0,11.0,4.0,7.0,6.0,65.0,616
150000,2012,0.0,0.0,0.0,0.0,0.0,1.0,0.0,0.0,0.0,1.0,2.0,4
150000,2013,0.0,0.0,0.0,0.0,0.0,0.0,0.0,0.0,0.0,0.0,4.0,8
150000,2014,0.0,0.0,0.0,0.0,0.0,0.0,0.0,0.0,0.0,1.0,1.0,2
150000,2015,0.0,0.0,0.0,0.0,0.0,0.0,0.0,0.0,2.0,0.0,2.0,2
150000,2016,0.0,0.0,0.0,0.0,0.0,0.0,0.0,0.0,0.0,0.0,0.0,2
150000,2017,0.0,0.0,0.0,0.0,0.0,0.0,0.0,0.0,0.0,1.0,1.0,2
150000,2018,0.0,0.0,0.0,0.0,0.0,0.0,0.0,0.0,0.0,0.0,0.0,1
150000,2019,0.0,0.0,0.0,0.0,0.0,2.0,0.0,0.0,0.0,0.0,2.0,3
150010,2012,153.0,3.0,34.0,18.0,37.0,334.0,20.0,95.0,102.0,426.0,1273.0,2530
150010,2013,0.0,0.0,0.0,0.0,0.0,0.0,0.0,0.0,0.0,0.0,1275.0,2538
150010,2014,117.0,2.0,32.0,31.0,41.0,401.0,53.0,148.0,164.0,467.0,1503.0,2705
150010,2015,99.0,2.0,40.0,41.0,27.0,382.0,44.0,138.0,136.0,412.0,1378.0,2660
150010,2016,111.0,1.0,23.0,29.0,18.0,403.0,43.0,117.0,134.0,363.0,1302.0,2532
150010,2017,110.0,4.0,27.0,44.0,35.0,469.0,48.0,153.0,133.0,388.0,1470.0,2713
150010,2018,128.0,6.0,14.0,57.0,40.0,443.0,43.0,138.0,125.0,344.0,1379.0,2671
150010,2019,70.0,1.0,22.0,18.0,17.0,216.0,21.0,75.0,65.0,186.0,1377.0,2623
150013,2012,1.0,3.0,1.0,0.0,0.0,6.0,2.0,8.0,2.0,8.0,35.0,114
150013,2013,0.0,0.0,0.0,0.0,0.0,0.0,0.0,0.0,0.0,0.0,54.0,129
150013,2014,3.0,0.0,0.0,0.0,0.0,18.0,7.0,3.0,7.0,8.0,47.0,100
150013,2015,1.0,4.0,4.0,0.0,0.0,26.0,10.0,11.0,12.0,12.0,80.0,143
150013,2016,7.0,3.0,0.0,2.0,0.0,20.0,6.0,4.0,10.0,11.0,64.0,117
150013,2017,5.0,2.0,2.0,5.0,1.0,20.0,5.0,8.0,11.0,14.0,78.0,142
150013,2018,1.0,3.0,0.0,4.0,4.0,15.0,10.0,2.0,16.0,4.0,67.0,130
150013,2019,1.0,3.0,4.0,5.0,2.0,22.0,4.0,2.0,9.0,2.0,70.0,132
150020,2012,38.0,0.0,5.0,2.0,3.0,58.0,17.0,20.0,14.0,66.0,282.0,966
150020,2013,0.0,0.0,0.0,0.0,0.0,0.0,0.0,0.0,0.0,0.0,347.0,1039
150020,2014,34.0,2.0,16.0,7.0,6.0,100.0,33.0,73.0,23.0,116.0,430.0,1116
150020,2015,30.0,2.0,10.0,7.0,6.0,81.0,30.0,43.0,18.0,66.0,338.0,936
150020,2016,33.0,1.0,8.0,4.0,2.0,73.0,33.0,34.0,17.0,54.0,359.0,996
150020,2017,28.0,3.0,21.0,13.0,4.0,92.0,51.0,39.0,27.0,60.0,352.0,992
150020,2018,29.0,1.0,15.0,42.0,24.0,96.0,24.0,35.0,29.0,72.0,370.0,1013
150020,2019,23.0,0.0,12.0,31.0,10.0,110.0,18.0,50.0,22.0,70.0,361.0,980
150030,2012,18.0,0.0,10.0,3.0,3.0,31.0,19.0,4.0,26.0,6.0,139.0,805
150030,2013,0.0,0.0,0.0,0.0,0.0,0.0,0.0,0.0,0.0,0.0,163.0,788
150030,2014,11.0,2.0,8.0,3.0,3.0,36.0,14.0,24.0,13.0,26.0,143.0,806
150030,2015,14.0,2.0,8.0,13.0,4.0,34.0,16.0,15.0,27.0,21.0,161.0,871
150030,2016,16.0,0.0,8.0,7.0,11.0,42.0,17.0,11.0,43.0,17.0,177.0,911
150030,2017,14.0,0.0,2.0,5.0,4.0,53.0,28.0,8.0,49.0,13.0,185.0,968
150030,2018,18.0,2.0,13.0,4.0,7.0,43.0,33.0,11.0,39.0,8.0,187.0,1022
150030,2019,46.0,0.0,2.0,18.0,12.0,69.0,25.0,6.0,43.0,18.0,241.0,1014
150034,2012,12.0,0.0,2.0,2.0,3.0,25.0,5.0,12.0,13.0,25.0,100.0,164
150034,2013,0.0,0.0,0.0,0.0,0.0,0.0,0.0,0.0,0.0,0.0,103.0,190
150034,2014,5.0,1.0,0.0,4.0,0.0,39.0,6.0,6.0,12.0,9.0,114.0,182
150034,2015,5.0,2.0,4.0,2.0,4.0,60.0,7.0,5.0,7.0,8.0,116.0,199
150034,2016,12.0,1.0,4.0,4.0,1.0,35.0,11.0,3.0,11.0,10.0,100.0,163
150034,2017,12.0,0.0,9.0,5.0,1.0,70.0,5.0,6.0,7.0,12.0,143.0,215
150034,2018,13.0,2.0,2.0,3.0,0.0,95.0,4.0,5.0,7.0,10.0,160.0,223
150034,2019,14.0,1.0,6.0,8.0,3.0,74.0,2.0,5.0,7.0,19.0,171.0,225
150040,2012,7.0,5.0,3.0,9.0,12.0,45.0,4.0,29.0,11.0,48.0,176.0,1138
150040,2013,0.0,0.0,0.0,0.0,0.0,0.0,0.0,0.0,0.0,0.0,159.0,1126
150040,2014,8.0,3.0,8.0,11.0,10.0,40.0,10.0,35.0,14.0,48.0,189.0,1133
150040,2015,12.0,4.0,15.0,4.0,4.0,43.0,9.0,23.0,11.0,35.0,164.0,1133
150040,2016,4.0,2.0,0.0,12.0,10.0,38.0,7.0,37.0,13.0,27.0,154.0,1031
150040,2017,10.0,5.0,4.0,18.0,14.0,42.0,19.0,33.0,16.0,40.0,205.0,1132
150040,2018,12.0,1.0,4.0,8.0,11.0,39.0,29.0,45.0,22.0,37.0,210.0,1190
150040,2019,7.0,4.0,11.0,8.0,11.0,71.0,24.0,35.0,26.0,52.0,251.0,1194
150050,2012,35.0,1.0,3.0,1.0,2.0,50.0,5.0,13.0,8.0,30.0,185.0,693
150050,2013,0.0,0.0,0.0,0.0,0.0,0.0,0.0,0.0,0.0,0.0,204.0,754
150050,2014,22.0,1.0,2.0,3.0,3.0,51.0,17.0,36.0,17.0,64.0,234.0,801
150050,2015,24.0,1.0,8.0,8.0,3.0,64.0,10.0,35.0,14.0,59.0,249.0,797
150050,2016,21.0,2.0,9.0,4.0,7.0,43.0,8.0,32.0,13.0,41.0,195.0,739
150050,2017,29.0,1.0,18.0,9.0,4.0,72.0,9.0,56.0,5.0,52.0,275.0,745
150050,2018,32.0,2.0,4.0,13.0,4.0,68.0,20.0,59.0,22.0,94.0,339.0,780
150050,2019,29.0,2.0,11.0,7.0,6.0,59.0,7.0,47.0,21.0,71.0,315.0,779
150060,2012,55.0,3.0,20.0,16.0,13.0,110.0,17.0,23.0,49.0,56.0,841.0,2105
150060,2013,0.0,0.0,0.0,0.0,0.0,0.0,0.0,0.0,0.0,0.0,1320.0,2529
150060,2014,104.0,8.0,26.0,32.0,28.0,389.0,103.0,231.0,154.0,377.0,1571.0,2866
150060,2015,90.0,4.0,31.0,24.0,26.0,419.0,115.0,155.0,233.0,301.0,1631.0,2991
150060,2016,112.0,3.0,32.0,30.0,22.0,468.0,146.0,122.0,312.0,280.0,1572.0,2846
150060,2017,104.0,3.0,22.0,19.0,12.0,450.0,128.0,92.0,239.0,212.0,1345.0,2487
150060,2018,104.0,0.0,25.0,22.0,27.0,530.0,121.0,110.0,263.0,251.0,1491.0,2568
150060,2019,100.0,1.0,34.0,18.0,8.0,485.0,165.0,69.0,258.0,124.0,1279.0,2371
150070,2012,18.0,0.0,0.0,3.0,4.0,26.0,7.0,8.0,13.0,11.0,90.0,751
150070,2013,0.0,0.0,0.0,0.0,0.0,0.0,0.0,0.0,0.0,0.0,62.0,736
150070,2014,11.0,0.0,3.0,3.0,1.0,24.0,5.0,14.0,7.0,19.0,99.0,737
150070,2015,13.0,1.0,5.0,15.0,6.0,23.0,3.0,31.0,7.0,32.0,158.0,742
150070,2016,7.0,1.0,4.0,4.0,4.0,22.0,6.0,16.0,7.0,21.0,129.0,819
150070,2017,11.0,1.0,3.0,17.0,11.0,35.0,13.0,21.0,12.0,35.0,166.0,855
150070,2018,9.0,0.0,0.0,14.0,11.0,19.0,6.0,14.0,9.0,14.0,97.0,871
150070,2019,7.0,1.0,6.0,24.0,16.0,36.0,7.0,21.0,10.0,40.0,169.0,837
150080,2012,604.0,23.0,88.0,181.0,101.0,1364.0,201.0,568.0,655.0,1043.0,5193.0,8195
150080,2013,0.0,0.0,0.0,0.0,0.0,0.0,0.0,0.0,0.0,0.0,5411.0,8035
150080,2014,560.0,177.0,93.0,168.0,80.0,1949.0,253.0,484.0,653.0,992.0,5721.0,8282
150080,2015,539.0,31.0,107.0,138.0,67.0,1743.0,308.0,442.0,531.0,919.0,5473.0,8397
150080,2016,385.0,121.0,99.0,87.0,43.0,972.0,203.0,444.0,581.0,783.0,4888.0,8011
150080,2017,328.0,73.0,97.0,189.0,70.0,1084.0,195.0,259.0,540.0,855.0,4431.0,7940
150080,2018,314.0,93.0,123.0,962.0,403.0,878.0,139.0,298.0,459.0,707.0,4505.0,7772
150080,2019,336.0,4.0,104.0,611.0,256.0,1025.0,171.0,346.0,399.0,768.0,4406.0,7408
150085,2012,11.0,3.0,0.0,1.0,1.0,28.0,5.0,7.0,6.0,21.0,196.0,530
150085,2013,0.0,0.0,0.0,0.0,0.0,0.0,0.0,0.0,0.0,0.0,206.0,531
150085,2014,24.0,2.0,6.0,3.0,5.0,64.0,11.0,24.0,15.0,52.0,228.0,542
150085,2015,22.0,2.0,8.0,5.0,3.0,69.0,15.0,30.0,18.0,37.0,236.0,600
150085,2016,37.0,0.0,4.0,6.0,5.0,67.0,15.0,28.0,16.0,51.0,248.0,575
150085,2017,37.0,3.0,9.0,5.0,3.0,114.0,15.0,55.0,15.0,74.0,334.0,630
150085,2018,33.0,2.0,7.0,8.0,4.0,114.0,8.0,59.0,21.0,93.0,351.0,656
150085,2019,33.0,2.0,2.0,5.0,2.0,132.0,42.0,54.0,34.0,59.0,369.0,652
150090,2012,34.0,8.0,1.0,28.0,12.0,26.0,1.0,31.0,2.0,44.0,279.0,965
150090,2013,0.0,0.0,0.0,0.0,0.0,0.0,0.0,0.0,0.0,0.0,311.0,1050
150090,2014,29.0,8.0,4.0,28.0,12.0,44.0,4.0,53.0,5.0,75.0,305.0,990
150090,2015,22.0,3.0,7.0,24.0,11.0,46.0,3.0,50.0,4.0,82.0,272.0,954
150090,2016,19.0,2.0,4.0,31.0,9.0,44.0,6.0,52.0,4.0,77.0,269.0,954
150090,2017,26.0,8.0,10.0,36.0,5.0,54.0,4.0,58.0,5.0,110.0,359.0,935
150090,2018,34.0,5.0,2.0,23.0,16.0,49.0,4.0,61.0,4.0,79.0,304.0,901
150090,2019,19.0,4.0,13.0,27.0,10.0,62.0,1.0,52.0,4.0,80.0,300.0,809
150095,2012,10.0,1.0,1.0,17.0,10.0,40.0,1.0,12.0,10.0,20.0,134.0,372
150095,2013,0.0,0.0,0.0,0.0,0.0,0.0,0.0,0.0,0.0,0.0,176.0,418
150095,2014,11.0,0.0,4.0,58.0,37.0,32.0,7.0,14.0,10.0,27.0,204.0,472
150095,2015,13.0,3.0,4.0,76.0,34.0,20.0,2.0,5.0,15.0,17.0,193.0,440
150095,2016,11.0,0.0,4.0,39.0,31.0,27.0,7.0,9.0,14.0,24.0,170.0,395
150095,2017,11.0,0.0,4.0,8.0,0.0,52.0,13.0,12.0,50.0,13.0,175.0,401
150095,2018,13.0,2.0,0.0,14.0,9.0,31.0,11.0,11.0,16.0,17.0,128.0,368
150095,2019,16.0,0.0,4.0,12.0,2.0,62.0,22.0,11.0,28.0,12.0,178.0,425
150100,2012,5.0,0.0,2.0,0.0,0.0,9.0,8.0,11.0,3.0,9.0,48.0,206
150100,2013,0.0,0.0,0.0,0.0,0.0,0.0,0.0,0.0,0.0,0.0,24.0,215
150100,2014,4.0,0.0,0.0,1.0,1.0,5.0,1.0,7.0,1.0,13.0,33.0,194
150100,2015,5.0,1.0,2.0,0.0,0.0,7.0,1.0,9.0,4.0,4.0,36.0,198
150100,2016,6.0,1.0,1.0,2.0,0.0,13.0,2.0,8.0,5.0,9.0,48.0,205
150100,2017,6.0,2.0,1.0,1.0,0.0,3.0,2.0,9.0,1.0,6.0,31.0,160
150100,2018,7.0,0.0,3.0,2.0,0.0,12.0,1.0,11.0,4.0,6.0,47.0,182
150100,2019,2.0,0.0,0.0,2.0,1.0,14.0,0.0,9.0,2.0,11.0,44.0,146
150110,2012,7.0,1.0,4.0,4.0,2.0,8.0,2.0,1.0,8.0,9.0,51.0,465
150110,2013,0.0,0.0,0.0,0.0,0.0,0.0,0.0,0.0,0.0,0.0,51.0,460
150110,2014,4.0,1.0,5.0,3.0,2.0,9.0,9.0,5.0,3.0,9.0,58.0,548
150110,2015,2.0,0.0,9.0,5.0,6.0,8.0,5.0,6.0,6.0,12.0,64.0,556
150110,2016,3.0,1.0,5.0,5.0,2.0,15.0,8.0,2.0,9.0,2.0,52.0,562
150110,2017,2.0,2.0,2.0,2.0,3.0,7.0,4.0,4.0,4.0,9.0,39.0,553
150110,2018,6.0,0.0,2.0,3.0,4.0,27.0,7.0,5.0,12.0,11.0,77.0,582
150110,2019,10.0,0.0,4.0,1.0,0.0,14.0,12.0,12.0,3.0,8.0,64.0,549
150120,2012,24.0,0.0,9.0,1.0,1.0,44.0,54.0,9.0,63.0,14.0,227.0,538
150120,2013,0.0,0.0,0.0,0.0,0.0,0.0,0.0,0.0,0.0,0.0,194.0,532
150120,2014,18.0,0.0,0.0,2.0,1.0,61.0,34.0,11.0,53.0,19.0,211.0,578
150120,2015,18.0,6.0,4.0,5.0,4.0,51.0,26.0,15.0,44.0,21.0,201.0,575
150120,2016,6.0,8.0,5.0,17.0,8.0,48.0,29.0,10.0,40.0,15.0,194.0,567
150120,2017,15.0,8.0,11.0,11.0,11.0,77.0,36.0,19.0,85.0,21.0,296.0,630
150120,2018,16.0,0.0,5.0,5.0,0.0,72.0,36.0,20.0,54.0,53.0,261.0,580
150120,2019,14.0,0.0,10.0,2.0,2.0,88.0,40.0,23.0,51.0,29.0,261.0,501
150125,2012,3.0,1.0,0.0,2.0,1.0,6.0,2.0,5.0,4.0,7.0,31.0,42
150125,2013,0.0,0.0,0.0,0.0,0.0,0.0,0.0,0.0,0.0,0.0,30.0,43
150125,2014,5.0,1.0,4.0,1.0,0.0,9.0,0.0,3.0,5.0,6.0,37.0,48
150125,2015,2.0,0.0,0.0,1.0,0.0,10.0,2.0,3.0,5.0,7.0,37.0,45
150125,2016,3.0,0.0,1.0,0.0,0.0,7.0,1.0,3.0,3.0,2.0,26.0,37
150125,2017,3.0,0.0,0.0,1.0,0.0,13.0,2.0,1.0,3.0,7.0,35.0,49
150125,2018,3.0,0.0,0.0,0.0,1.0,18.0,1.0,1.0,2.0,8.0,36.0,49
150125,2019,6.0,0.0,0.0,0.0,1.0,11.0,1.0,6.0,4.0,9.0,38.0,46
150130,2012,222.0,9.0,21.0,26.0,18.0,279.0,15.0,41.0,57.0,368.0,1146.0,2053
150130,2013,0.0,0.0,0.0,0.0,0.0,0.0,0.0,0.0,0.0,0.0,1165.0,1998
150130,2014,113.0,5.0,18.0,15.0,12.0,348.0,37.0,144.0,50.0,315.0,1201.0,2105
150130,2015,105.0,3.0,41.0,18.0,12.0,348.0,20.0,131.0,69.0,354.0,1217.0,2098
150130,2016,123.0,2.0,26.0,19.0,7.0,398.0,32.0,129.0,62.0,322.0,1268.0,2148
150130,2017,107.0,4.0,35.0,18.0,12.0,467.0,53.0,155.0,60.0,331.0,1379.0,2154
150130,2018,117.0,11.0,26.0,47.0,27.0,470.0,37.0,150.0,63.0,373.0,1512.0,2274
150130,2019,122.0,6.0,34.0,23.0,15.0,447.0,16.0,148.0,53.0,333.0,1434.0,2294
150140,2012,1956.0,36.0,319.0,322.0,274.0,4016.0,456.0,1132.0,2626.0,3124.0,15180.0,21371
150140,2013,0.0,0.0,0.0,0.0,0.0,0.0,0.0,0.0,0.0,0.0,15590.0,21884
150140,2014,1479.0,41.0,348.0,178.0,158.0,4460.0,836.0,2122.0,2129.0,3409.0,15300.0,21530
150140,2015,1219.0,26.0,317.0,150.0,123.0,4417.0,983.0,1519.0,1907.0,2848.0,13977.0,21250
150140,2016,1162.0,51.0,226.0,130.0,116.0,3845.0,970.0,1039.0,1979.0,2114.0,12263.0,19250
150140,2017,1133.0,37.0,290.0,197.0,138.0,3887.0,1243.0,831.0,1921.0,1776.0,12405.0,19409
150140,2018,1123.0,75.0,341.0,713.0,377.0,3934.0,819.0,1030.0,1720.0,2120.0,12385.0,19348
150140,2019,1232.0,18.0,330.0,375.0,230.0,3756.0,826.0,932.0,1410.0,2109.0,11475.0,18587
150145,2012,22.0,0.0,6.0,1.0,1.0,9.0,0.0,0.0,3.0,13.0,77.0,243
150145,2013,0.0,0.0,0.0,0.0,0.0,0.0,0.0,0.0,0.0,0.0,67.0,269
150145,2014,6.0,0.0,0.0,2.0,0.0,11.0,4.0,18.0,2.0,16.0,65.0,240
150145,2015,8.0,0.0,1.0,2.0,0.0,14.0,7.0,5.0,4.0,5.0,55.0,273
150145,2016,1.0,3.0,7.0,0.0,1.0,20.0,9.0,12.0,8.0,12.0,82.0,241
150145,2017,9.0,0.0,3.0,1.0,3.0,25.0,6.0,14.0,8.0,11.0,89.0,272
150145,2018,6.0,1.0,8.0,4.0,1.0,19.0,4.0,10.0,7.0,20.0,90.0,296
150145,2019,6.0,1.0,1.0,4.0,0.0,22.0,4.0,17.0,4.0,21.0,82.0,314
150150,2012,89.0,6.0,19.0,20.0,6.0,156.0,106.0,64.0,32.0,172.0,685.0,1082
150150,2013,0.0,0.0,0.0,0.0,0.0,0.0,0.0,0.0,0.0,0.0,628.0,1010
150150,2014,74.0,11.0,20.0,20.0,10.0,162.0,23.0,111.0,31.0,191.0,668.0,1079
150150,2015,64.0,0.0,8.0,5.0,5.0,171.0,27.0,67.0,31.0,180.0,583.0,1008
150150,2016,53.0,2.0,16.0,15.0,7.0,131.0,15.0,62.0,34.0,141.0,521.0,950
150150,2017,43.0,5.0,14.0,17.0,7.0,159.0,21.0,44.0,29.0,143.0,515.0,1041
150150,2018,36.0,5.0,17.0,101.0,31.0,141.0,11.0,49.0,25.0,152.0,580.0,1037
150150,2019,39.0,2.0,18.0,55.0,10.0,145.0,14.0,59.0,22.0,125.0,509.0,999
150157,2012,2.0,0.0,2.0,3.0,1.0,12.0,2.0,8.0,4.0,9.0,55.0,229
150157,2013,0.0,0.0,0.0,0.0,0.0,0.0,0.0,0.0,0.0,0.0,104.0,230
150157,2014,4.0,1.0,3.0,2.0,6.0,26.0,2.0,17.0,5.0,20.0,95.0,203
150157,2015,9.0,1.0,2.0,4.0,1.0,40.0,3.0,16.0,4.0,23.0,120.0,253
150157,2016,1.0,0.0,8.0,8.0,1.0,36.0,4.0,18.0,6.0,21.0,130.0,248
150157,2017,4.0,1.0,2.0,6.0,6.0,26.0,4.0,9.0,4.0,21.0,101.0,225
150157,2018,9.0,1.0,2.0,8.0,6.0,44.0,2.0,9.0,11.0,25.0,143.0,277
150157,2019,7.0,2.0,4.0,22.0,13.0,37.0,5.0,9.0,9.0,22.0,159.0,292
150160,2012,5.0,0.0,2.0,5.0,7.0,24.0,0.0,1.0,11.0,12.0,114.0,217
150160,2013,0.0,0.0,0.0,0.0,0.0,0.0,0.0,0.0,0.0,0.0,115.0,195
150160,2014,10.0,0.0,1.0,10.0,7.0,29.0,4.0,17.0,5.0,22.0,122.0,215
150160,2015,5.0,1.0,2.0,5.0,5.0,35.0,7.0,13.0,7.0,23.0,115.0,212
150160,2016,8.0,0.0,3.0,1.0,3.0,36.0,6.0,13.0,4.0,14.0,101.0,182
150160,2017,8.0,0.0,4.0,2.0,1.0,24.0,5.0,18.0,6.0,18.0,108.0,184
150160,2018,6.0,1.0,1.0,4.0,2.0,35.0,1.0,19.0,4.0,31.0,109.0,188
150160,2019,4.0,0.0,0.0,3.0,1.0,42.0,5.0,23.0,8.0,45.0,137.0,210
150170,2012,143.0,7.0,11.0,18.0,24.0,111.0,8.0,78.0,20.0,156.0,774.0,2148
150170,2013,0.0,0.0,0.0,0.0,0.0,0.0,0.0,0.0,0.0,0.0,841.0,2191
150170,2014,86.0,7.0,23.0,21.0,20.0,138.0,11.0,182.0,25.0,315.0,964.0,2352
150170,2015,89.0,5.0,29.0,19.0,14.0,173.0,12.0,145.0,21.0,262.0,891.0,2192
150170,2016,81.0,9.0,11.0,28.0,16.0,166.0,7.0,127.0,12.0,245.0,817.0,2126
150170,2017,86.0,7.0,7.0,24.0,18.0,185.0,5.0,159.0,13.0,256.0,908.0,2099
150170,2018,96.0,6.0,26.0,21.0,17.0,254.0,10.0,169.0,8.0,248.0,957.0,2203
150170,2019,91.0,9.0,33.0,31.0,21.0,200.0,10.0,177.0,15.0,246.0,949.0,2127
150172,2012,3.0,0.0,2.0,1.0,0.0,3.0,2.0,1.0,1.0,1.0,98.0,279
150172,2013,0.0,0.0,0.0,0.0,0.0,0.0,0.0,0.0,0.0,0.0,99.0,269
150172,2014,6.0,2.0,3.0,3.0,2.0,44.0,6.0,14.0,13.0,27.0,132.0,290
150172,2015,12.0,1.0,1.0,1.0,1.0,25.0,12.0,7.0,22.0,20.0,118.0,255
150172,2016,12.0,1.0,5.0,1.0,1.0,32.0,14.0,10.0,20.0,31.0,138.0,272
150172,2017,10.0,4.0,2.0,3.0,3.0,55.0,12.0,34.0,19.0,46.0,194.0,333
150172,2018,21.0,0.0,4.0,5.0,3.0,60.0,4.0,31.0,18.0,55.0,204.0,351
150172,2019,11.0,2.0,0.0,8.0,5.0,69.0,13.0,44.0,8.0,49.0,209.0,325
150175,2012,1.0,3.0,0.0,3.0,2.0,12.0,1.0,2.0,3.0,3.0,38.0,97
150175,2013,0.0,0.0,0.0,0.0,0.0,0.0,0.0,0.0,0.0,0.0,30.0,95
150175,2014,0.0,1.0,0.0,1.0,0.0,5.0,4.0,2.0,3.0,3.0,24.0,92
150175,2015,2.0,0.0,0.0,4.0,0.0,14.0,4.0,9.0,4.0,5.0,47.0,103
150175,2016,0.0,0.0,0.0,1.0,0.0,11.0,2.0,4.0,3.0,7.0,35.0,79
150175,2017,0.0,0.0,0.0,0.0,0.0,12.0,0.0,2.0,13.0,5.0,46.0,93
150175,2018,1.0,1.0,0.0,0.0,0.0,6.0,2.0,0.0,2.0,4.0,30.0,92
150175,2019,1.0,0.0,0.0,2.0,0.0,12.0,3.0,3.0,5.0,3.0,54.0,100
150178,2012,17.0,14.0,14.0,4.0,10.0,75.0,18.0,10.0,24.0,13.0,302.0,799
150178,2013,0.0,0.0,0.0,0.0,0.0,0.0,0.0,0.0,0.0,0.0,347.0,786
150178,2014,18.0,0.0,19.0,4.0,3.0,71.0,5.0,19.0,15.0,35.0,400.0,851
150178,2015,24.0,1.0,13.0,2.0,5.0,59.0,7.0,24.0,8.0,54.0,339.0,832
150178,2016,34.0,0.0,2.0,3.0,3.0,83.0,10.0,23.0,36.0,45.0,302.0,766
150178,2017,42.0,3.0,7.0,6.0,2.0,111.0,10.0,30.0,22.0,72.0,345.0,785
150178,2018,60.0,0.0,2.0,9.0,5.0,137.0,18.0,40.0,30.0,77.0,393.0,790
150178,2019,48.0,1.0,18.0,7.0,3.0,128.0,28.0,41.0,44.0,68.0,389.0,765
150180,2012,49.0,3.0,29.0,20.0,18.0,71.0,10.0,6.0,83.0,86.0,467.0,2383
150180,2013,0.0,0.0,0.0,0.0,0.0,0.0,0.0,0.0,0.0,0.0,445.0,2660
150180,2014,41.0,2.0,34.0,31.0,13.0,79.0,38.0,43.0,44.0,72.0,426.0,2774
150180,2015,43.0,2.0,17.0,16.0,18.0,74.0,47.0,40.0,40.0,68.0,393.0,2588
150180,2016,42.0,3.0,17.0,19.0,21.0,81.0,35.0,34.0,60.0,58.0,389.0,2541
150180,2017,41.0,5.0,21.0,19.0,22.0,97.0,40.0,52.0,80.0,75.0,460.0,2723
150180,2018,63.0,6.0,21.0,14.0,22.0,104.0,49.0,66.0,73.0,93.0,515.0,2849
150180,2019,71.0,1.0,23.0,11.0,15.0,101.0,72.0,72.0,74.0,98.0,540.0,2772
150190,2012,22.0,1.0,3.0,9.0,3.0,29.0,7.0,20.0,3.0,53.0,163.0,508
150190,2013,0.0,0.0,0.0,0.0,0.0,0.0,0.0,0.0,0.0,0.0,167.0,498
150190,2014,11.0,0.0,0.0,8.0,3.0,47.0,6.0,28.0,3.0,45.0,153.0,501
150190,2015,19.0,0.0,8.0,2.0,4.0,35.0,2.0,23.0,9.0,37.0,146.0,482
150190,2016,16.0,0.0,6.0,9.0,2.0,39.0,6.0,15.0,7.0,35.0,138.0,504
150190,2017,16.0,3.0,3.0,6.0,2.0,38.0,6.0,16.0,13.0,35.0,141.0,473
150190,2018,16.0,1.0,2.0,22.0,8.0,30.0,9.0,18.0,10.0,40.0,157.0,474
150190,2019,15.0,1.0,6.0,27.0,6.0,47.0,13.0,33.0,13.0,36.0,203.0,463
150195,2012,17.0,0.0,4.0,14.0,5.0,26.0,5.0,7.0,5.0,9.0,128.0,356
150195,2013,0.0,0.0,0.0,0.0,0.0,0.0,0.0,0.0,0.0,0.0,153.0,323
150195,2014,15.0,1.0,4.0,13.0,7.0,21.0,6.0,13.0,4.0,21.0,116.0,313
150195,2015,13.0,1.0,2.0,8.0,2.0,28.0,2.0,26.0,5.0,18.0,118.0,304
150195,2016,11.0,0.0,2.0,8.0,2.0,30.0,1.0,18.0,1.0,20.0,122.0,344
150195,2017,6.0,0.0,3.0,0.0,1.0,17.0,5.0,7.0,4.0,20.0,105.0,311
150195,2018,6.0,0.0,4.0,6.0,0.0,27.0,6.0,16.0,3.0,29.0,120.0,306
150195,2019,11.0,0.0,2.0,2.0,0.0,34.0,3.0,31.0,4.0,32.0,128.0,309
150200,2012,8.0,0.0,1.0,3.0,2.0,8.0,5.0,8.0,7.0,8.0,62.0,236
150200,2013,0.0,0.0,0.0,0.0,0.0,0.0,0.0,0.0,0.0,0.0,74.0,268
150200,2014,11.0,0.0,0.0,1.0,0.0,6.0,4.0,8.0,2.0,16.0,51.0,301
150200,2015,8.0,0.0,9.0,0.0,3.0,16.0,3.0,8.0,6.0,24.0,80.0,319
150200,2016,10.0,0.0,2.0,1.0,1.0,13.0,2.0,6.0,3.0,8.0,47.0,339
150200,2017,7.0,1.0,0.0,1.0,1.0,11.0,6.0,5.0,4.0,8.0,44.0,330
150200,2018,8.0,1.0,0.0,1.0,2.0,16.0,6.0,8.0,5.0,7.0,55.0,350
150200,2019,10.0,0.0,0.0,3.0,0.0,16.0,6.0,7.0,2.0,4.0,51.0,343
150210,2012,98.0,1.0,11.0,25.0,29.0,235.0,2.0,8.0,41.0,80.0,939.0,2478
150210,2013,0.0,0.0,0.0,0.0,0.0,0.0,0.0,0.0,0.0,0.0,1075.0,2469
150210,2014,80.0,3.0,24.0,29.0,32.0,292.0,19.0,177.0,39.0,302.0,1032.0,2511
150210,2015,59.0,1.0,15.0,23.0,25.0,311.0,19.0,158.0,32.0,335.0,1003.0,2445
150210,2016,92.0,0.0,18.0,21.0,15.0,314.0,4.0,172.0,24.0,345.0,1047.0,2406
150210,2017,84.0,3.0,30.0,22.0,31.0,303.0,56.0,128.0,116.0,281.0,1086.0,2417
150210,2018,133.0,5.0,22.0,17.0,17.0,361.0,33.0,244.0,37.0,468.0,1361.0,2678
150210,2019,121.0,1.0,28.0,25.0,33.0,387.0,34.0,183.0,38.0,425.0,1321.0,2488
150215,2012,24.0,259.0,5.0,3.0,4.0,63.0,12.0,3.0,54.0,16.0,453.0,875
150215,2013,0.0,0.0,0.0,0.0,0.0,0.0,0.0,0.0,0.0,0.0,559.0,954
150215,2014,38.0,416.0,11.0,8.0,3.0,73.0,25.0,22.0,51.0,44.0,707.0,1124
150215,2015,81.0,123.0,14.0,7.0,9.0,226.0,58.0,58.0,134.0,135.0,861.0,1332
150215,2016,106.0,8.0,10.0,15.0,7.0,289.0,57.0,94.0,112.0,171.0,885.0,1380
150215,2017,100.0,4.0,14.0,8.0,6.0,322.0,53.0,75.0,86.0,152.0,829.0,1234
150215,2018,85.0,1.0,28.0,16.0,14.0,345.0,43.0,60.0,80.0,173.0,856.0,1232
150215,2019,76.0,1.0,22.0,14.0,4.0,355.0,49.0,67.0,98.0,124.0,828.0,1174
150220,2012,58.0,1.0,12.0,27.0,31.0,129.0,3.0,2.0,51.0,101.0,633.0,1087
150220,2013,0.0,0.0,0.0,0.0,0.0,0.0,0.0,0.0,0.0,0.0,749.0,1189
150220,2014,44.0,3.0,15.0,44.0,32.0,154.0,28.0,67.0,50.0,115.0,640.0,1095
150220,2015,45.0,2.0,18.0,34.0,26.0,183.0,20.0,70.0,58.0,173.0,697.0,1138
150220,2016,36.0,0.0,8.0,10.0,8.0,172.0,19.0,60.0,42.0,158.0,599.0,1050
150220,2017,44.0,1.0,11.0,18.0,13.0,120.0,28.0,53.0,39.0,91.0,542.0,1040
150220,2018,48.0,2.0,13.0,21.0,20.0,158.0,12.0,56.0,41.0,152.0,618.0,1046
150220,2019,55.0,0.0,6.0,17.0,11.0,175.0,31.0,60.0,65.0,139.0,628.0,1059
150230,2012,80.0,1.0,3.0,21.0,17.0,111.0,6.0,85.0,12.0,193.0,538.0,827
150230,2013,0.0,0.0,0.0,0.0,0.0,0.0,0.0,0.0,0.0,0.0,567.0,839
150230,2014,58.0,1.0,9.0,2.0,10.0,132.0,6.0,83.0,8.0,188.0,517.0,852
150230,2015,49.0,0.0,10.0,5.0,7.0,160.0,1.0,84.0,7.0,223.0,562.0,859
150230,2016,43.0,4.0,5.0,7.0,5.0,157.0,5.0,92.0,15.0,203.0,552.0,807
150230,2017,41.0,0.0,7.0,10.0,6.0,148.0,13.0,77.0,24.0,109.0,439.0,815
150230,2018,43.0,0.0,8.0,19.0,12.0,137.0,15.0,60.0,23.0,144.0,465.0,941
150230,2019,38.0,5.0,14.0,17.0,8.0,145.0,4.0,85.0,17.0,143.0,481.0,946
150240,2012,170.0,20.0,51.0,517.0,342.0,416.0,82.0,120.0,326.0,341.0,2424.0,3169
150240,2013,0.0,0.0,0.0,0.0,0.0,0.0,0.0,0.0,0.0,0.0,2320.0,3161
150240,2014,115.0,50.0,47.0,470.0,273.0,487.0,149.0,134.0,303.0,358.0,2466.0,3218
150240,2015,101.0,22.0,53.0,492.0,287.0,527.0,112.0,147.0,311.0,315.0,2387.0,3300
150240,2016,139.0,15.0,64.0,324.0,189.0,573.0,102.0,157.0,246.0,302.0,2140.0,3129
150240,2017,110.0,3.0,34.0,279.0,129.0,632.0,88.0,205.0,223.0,388.0,2126.0,3196
150240,2018,147.0,2.0,51.0,105.0,61.0,786.0,100.0,201.0,201.0,506.0,2198.0,3305
150240,2019,134.0,4.0,55.0,39.0,27.0,900.0,50.0,342.0,168.0,558.0,2287.0,3347
150250,2012,1.0,0.0,0.0,0.0,0.0,16.0,5.0,3.0,7.0,9.0,47.0,283
150250,2013,0.0,0.0,0.0,0.0,0.0,0.0,0.0,0.0,0.0,0.0,44.0,281
150250,2014,7.0,0.0,3.0,2.0,2.0,12.0,7.0,11.0,6.0,7.0,60.0,342
150250,2015,13.0,0.0,4.0,2.0,2.0,12.0,10.0,12.0,9.0,6.0,70.0,355
150250,2016,4.0,0.0,6.0,2.0,1.0,18.0,10.0,4.0,11.0,6.0,63.0,370
150250,2017,7.0,1.0,0.0,4.0,1.0,12.0,12.0,7.0,10.0,4.0,58.0,372
150250,2018,2.0,0.0,0.0,3.0,1.0,16.0,10.0,4.0,10.0,4.0,50.0,419
150250,2019,3.0,0.0,2.0,3.0,2.0,8.0,10.0,6.0,5.0,4.0,43.0,342
150260,2012,4.0,0.0,0.0,2.0,0.0,15.0,1.0,8.0,1.0,17.0,58.0,151
150260,2013,0.0,0.0,0.0,0.0,0.0,0.0,0.0,0.0,0.0,0.0,63.0,155
150260,2014,8.0,0.0,2.0,2.0,0.0,19.0,4.0,15.0,3.0,29.0,82.0,182
150260,2015,10.0,0.0,3.0,0.0,0.0,17.0,17.0,21.0,7.0,23.0,98.0,184
150260,2016,6.0,0.0,8.0,1.0,1.0,22.0,7.0,10.0,3.0,18.0,76.0,199
150260,2017,9.0,1.0,2.0,0.0,2.0,22.0,14.0,2.0,5.0,14.0,71.0,164
150260,2018,11.0,1.0,5.0,14.0,4.0,19.0,3.0,5.0,4.0,20.0,87.0,184
150260,2019,3.0,1.0,2.0,6.0,2.0,13.0,6.0,11.0,7.0,19.0,72.0,157
150270,2012,55.0,1.0,7.0,7.0,7.0,114.0,18.0,22.0,49.0,87.0,390.0,756
150270,2013,0.0,0.0,0.0,0.0,0.0,0.0,0.0,0.0,0.0,0.0,413.0,745
150270,2014,42.0,3.0,14.0,17.0,6.0,123.0,34.0,59.0,49.0,107.0,509.0,805
150270,2015,29.0,0.0,12.0,11.0,7.0,146.0,23.0,42.0,34.0,105.0,456.0,787
150270,2016,41.0,0.0,10.0,12.0,13.0,133.0,18.0,49.0,32.0,116.0,446.0,758
150270,2017,39.0,0.0,10.0,6.0,10.0,144.0,8.0,61.0,22.0,132.0,461.0,777
150270,2018,50.0,0.0,15.0,5.0,7.0,176.0,12.0,59.0,27.0,109.0,473.0,791
150270,2019,44.0,2.0,6.0,9.0,5.0,162.0,12.0,45.0,25.0,115.0,439.0,707
150275,2012,20.0,3.0,0.0,1.0,3.0,27.0,13.0,14.0,6.0,33.0,177.0,498
150275,2013,0.0,0.0,0.0,0.0,0.0,0.0,0.0,0.0,0.0,0.0,236.0,559
150275,2014,23.0,4.0,8.0,8.0,5.0,56.0,10.0,37.0,10.0,46.0,218.0,505
150275,2015,28.0,1.0,3.0,10.0,6.0,55.0,14.0,36.0,9.0,47.0,217.0,536
150275,2016,7.0,1.0,10.0,4.0,2.0,68.0,6.0,27.0,7.0,58.0,202.0,500
150275,2017,17.0,10.0,2.0,7.0,3.0,47.0,13.0,14.0,13.0,40.0,180.0,498
150275,2018,21.0,3.0,9.0,9.0,12.0,63.0,12.0,37.0,18.0,45.0,244.0,562
150275,2019,26.0,0.0,4.0,15.0,11.0,66.0,27.0,50.0,22.0,33.0,272.0,546
150276,2012,5.0,0.0,0.0,1.0,0.0,28.0,3.0,9.0,9.0,6.0,61.0,147
150276,2013,0.0,0.0,0.0,0.0,0.0,0.0,0.0,0.0,0.0,0.0,54.0,129
150276,2014,7.0,1.0,0.0,3.0,0.0,22.0,5.0,10.0,4.0,13.0,68.0,137
150276,2015,4.0,0.0,0.0,0.0,0.0,23.0,4.0,4.0,6.0,16.0,58.0,138
150276,2016,4.0,0.0,2.0,0.0,0.0,27.0,1.0,3.0,4.0,15.0,60.0,158
150276,2017,6.0,1.0,0.0,1.0,1.0,23.0,3.0,14.0,4.0,13.0,72.0,166
150276,2018,10.0,0.0,2.0,5.0,0.0,42.0,2.0,9.0,4.0,20.0,100.0,180
150276,2019,6.0,0.0,4.0,0.0,2.0,52.0,6.0,14.0,6.0,18.0,110.0,200
150277,2012,16.0,0.0,0.0,5.0,3.0,37.0,3.0,13.0,9.0,47.0,133.0,443
150277,2013,0.0,0.0,0.0,0.0,0.0,0.0,0.0,0.0,0.0,0.0,164.0,415
150277,2014,15.0,1.0,0.0,3.0,1.0,45.0,15.0,18.0,22.0,25.0,147.0,399
150277,2015,11.0,0.0,2.0,3.0,4.0,47.0,12.0,19.0,27.0,40.0,174.0,400
150277,2016,13.0,3.0,5.0,2.0,3.0,55.0,18.0,10.0,19.0,19.0,154.0,328
150277,2017,15.0,0.0,6.0,2.0,0.0,48.0,13.0,14.0,29.0,22.0,154.0,290
150277,2018,20.0,2.0,4.0,3.0,1.0,46.0,14.0,17.0,24.0,30.0,167.0,308
150277,2019,9.0,0.0,6.0,3.0,3.0,57.0,13.0,18.0,17.0,24.0,153.0,312
150280,2012,19.0,0.0,0.0,4.0,7.0,26.0,10.0,5.0,14.0,14.0,122.0,631
150280,2013,0.0,0.0,0.0,0.0,0.0,0.0,0.0,0.0,0.0,0.0,190.0,621
150280,2014,13.0,4.0,1.0,2.0,4.0,18.0,5.0,17.0,14.0,42.0,232.0,645
150280,2015,21.0,5.0,8.0,6.0,8.0,21.0,7.0,11.0,10.0,25.0,166.0,681
150280,2016,11.0,2.0,9.0,8.0,5.0,34.0,7.0,16.0,13.0,33.0,181.0,698
150280,2017,18.0,3.0,5.0,5.0,4.0,32.0,10.0,14.0,18.0,22.0,146.0,733
150280,2018,25.0,6.0,0.0,4.0,6.0,40.0,19.0,13.0,12.0,34.0,170.0,748
150280,2019,24.0,2.0,9.0,11.0,5.0,54.0,12.0,23.0,23.0,40.0,211.0,699
150285,2012,1.0,0.0,0.0,2.0,3.0,3.0,0.0,2.0,1.0,5.0,22.0,208
150285,2013,0.0,0.0,0.0,0.0,0.0,0.0,0.0,0.0,0.0,0.0,24.0,220
150285,2014,1.0,1.0,1.0,3.0,2.0,3.0,1.0,9.0,0.0,5.0,28.0,247
150285,2015,0.0,0.0,0.0,5.0,1.0,2.0,0.0,4.0,0.0,2.0,14.0,208
150285,2016,2.0,0.0,0.0,3.0,2.0,6.0,4.0,8.0,4.0,2.0,31.0,208
150285,2017,3.0,0.0,0.0,0.0,2.0,3.0,5.0,4.0,3.0,5.0,26.0,192
150285,2018,2.0,0.0,4.0,1.0,2.0,6.0,0.0,6.0,5.0,9.0,35.0,238
150285,2019,2.0,0.0,4.0,4.0,2.0,8.0,2.0,3.0,2.0,5.0,33.0,239
150290,2012,22.0,1.0,2.0,34.0,39.0,35.0,23.0,27.0,18.0,32.0,247.0,498
150290,2013,0.0,0.0,0.0,0.0,0.0,0.0,0.0,0.0,0.0,0.0,227.0,472
150290,2014,15.0,10.0,2.0,45.0,32.0,53.0,15.0,37.0,12.0,43.0,272.0,530
150290,2015,19.0,3.0,2.0,35.0,42.0,57.0,14.0,29.0,17.0,39.0,259.0,526
150290,2016,20.0,1.0,3.0,28.0,15.0,83.0,9.0,33.0,13.0,46.0,252.0,527
150290,2017,17.0,0.0,6.0,18.0,12.0,54.0,18.0,29.0,16.0,43.0,219.0,491
150290,2018,12.0,0.0,8.0,21.0,9.0,70.0,12.0,32.0,14.0,49.0,231.0,555
150290,2019,19.0,2.0,6.0,12.0,3.0,59.0,15.0,49.0,12.0,44.0,228.0,548
150293,2012,25.0,0.0,0.0,9.0,7.0,59.0,37.0,11.0,53.0,33.0,245.0,700
150293,2013,0.0,0.0,0.0,0.0,0.0,0.0,0.0,0.0,0.0,0.0,303.0,678
150293,2014,31.0,1.0,10.0,9.0,2.0,104.0,53.0,19.0,73.0,23.0,332.0,705
150293,2015,34.0,1.0,12.0,6.0,2.0,117.0,34.0,20.0,77.0,47.0,358.0,762
150293,2016,23.0,1.0,6.0,3.0,1.0,99.0,52.0,12.0,64.0,35.0,297.0,692
150293,2017,28.0,0.0,6.0,8.0,11.0,108.0,22.0,35.0,32.0,49.0,321.0,692
150293,2018,16.0,3.0,2.0,4.0,2.0,106.0,17.0,30.0,20.0,62.0,284.0,647
150293,2019,16.0,2.0,8.0,6.0,0.0,108.0,30.0,30.0,34.0,31.0,280.0,596
150295,2012,8.0,2.0,10.0,2.0,4.0,46.0,5.0,12.0,10.0,19.0,126.0,513
150295,2013,0.0,0.0,0.0,0.0,0.0,0.0,0.0,0.0,0.0,0.0,137.0,506
150295,2014,13.0,1.0,8.0,3.0,4.0,59.0,8.0,26.0,16.0,42.0,205.0,547
150295,2015,18.0,0.0,6.0,1.0,2.0,53.0,22.0,14.0,22.0,29.0,184.0,504
150295,2016,14.0,0.0,2.0,3.0,0.0,53.0,11.0,10.0,29.0,19.0,159.0,409
150295,2017,6.0,2.0,6.0,9.0,3.0,41.0,10.0,17.0,10.0,26.0,147.0,413
150295,2018,9.0,1.0,4.0,5.0,6.0,56.0,9.0,15.0,14.0,30.0,171.0,530
150295,2019,28.0,2.0,5.0,6.0,5.0,59.0,12.0,24.0,17.0,31.0,197.0,483
150300,2012,4.0,4.0,0.0,0.0,0.0,8.0,4.0,1.0,3.0,3.0,38.0,147
150300,2013,0.0,0.0,0.0,0.0,0.0,0.0,0.0,0.0,0.0,0.0,43.0,138
150300,2014,7.0,0.0,0.0,1.0,1.0,10.0,0.0,5.0,1.0,13.0,41.0,174
150300,2015,3.0,0.0,0.0,0.0,0.0,15.0,0.0,6.0,2.0,20.0,47.0,124
150300,2016,2.0,0.0,0.0,1.0,1.0,14.0,0.0,4.0,1.0,12.0,36.0,121
150300,2017,6.0,0.0,2.0,1.0,0.0,23.0,0.0,3.0,0.0,14.0,49.0,153
150300,2018,8.0,0.0,0.0,0.0,0.0,16.0,0.0,6.0,1.0,12.0,43.0,142
150300,2019,4.0,0.0,0.0,0.0,1.0,16.0,0.0,7.0,1.0,11.0,40.0,124
150304,2012,21.0,8.0,2.0,4.0,6.0,25.0,17.0,5.0,32.0,15.0,202.0,298
150304,2013,0.0,0.0,0.0,0.0,0.0,0.0,0.0,0.0,0.0,0.0,195.0,277
150304,2014,24.0,1.0,0.0,2.0,2.0,66.0,36.0,11.0,50.0,15.0,224.0,296
150304,2015,22.0,0.0,8.0,3.0,0.0,59.0,38.0,15.0,38.0,23.0,254.0,327
150304,2016,10.0,0.0,6.0,1.0,2.0,44.0,4.0,26.0,7.0,41.0,234.0,327
150304,2017,10.0,1.0,2.0,1.0,0.0,43.0,9.0,13.0,22.0,25.0,251.0,337
150304,2018,22.0,0.0,4.0,2.0,0.0,70.0,13.0,28.0,20.0,25.0,240.0,376
150304,2019,14.0,1.0,4.0,0.0,5.0,73.0,28.0,26.0,29.0,30.0,237.0,346
150307,2012,31.0,0.0,1.0,6.0,7.0,31.0,1.0,48.0,5.0,73.0,210.0,431
150307,2013,0.0,0.0,0.0,0.0,0.0,0.0,0.0,0.0,0.0,0.0,296.0,505
150307,2014,14.0,1.0,8.0,6.0,4.0,52.0,4.0,48.0,4.0,111.0,265.0,508
150307,2015,23.0,1.0,2.0,11.0,6.0,54.0,2.0,38.0,4.0,96.0,246.0,431
150307,2016,21.0,0.0,2.0,3.0,5.0,50.0,3.0,54.0,2.0,82.0,233.0,411
150307,2017,16.0,0.0,4.0,9.0,5.0,72.0,6.0,21.0,8.0,56.0,201.0,411
150307,2018,20.0,1.0,4.0,16.0,6.0,55.0,8.0,23.0,8.0,44.0,187.0,423
150307,2019,26.0,4.0,4.0,12.0,5.0,86.0,2.0,35.0,7.0,74.0,263.0,487
150309,2012,11.0,27.0,5.0,27.0,21.0,40.0,3.0,21.0,13.0,28.0,211.0,721
150309,2013,0.0,0.0,0.0,0.0,0.0,0.0,0.0,0.0,0.0,0.0,303.0,662
150309,2014,17.0,2.0,4.0,5.0,0.0,82.0,1.0,21.0,6.0,61.0,242.0,536
150309,2015,21.0,2.0,9.0,2.0,6.0,80.0,9.0,21.0,8.0,37.0,228.0,524
150309,2016,20.0,15.0,2.0,12.0,2.0,88.0,3.0,14.0,4.0,21.0,202.0,463
150309,2017,39.0,1.0,6.0,6.0,2.0,116.0,14.0,52.0,28.0,47.0,323.0,545
150309,2018,29.0,0.0,12.0,3.0,0.0,144.0,93.0,24.0,95.0,38.0,445.0,575
150309,2019,45.0,0.0,2.0,3.0,2.0,162.0,116.0,18.0,89.0,25.0,465.0,558
150310,2012,41.0,2.0,6.0,4.0,2.0,24.0,11.0,6.0,16.0,28.0,147.0,647
150310,2013,0.0,0.0,0.0,0.0,0.0,0.0,0.0,0.0,0.0,0.0,118.0,626
150310,2014,13.0,1.0,3.0,9.0,5.0,35.0,13.0,14.0,13.0,45.0,181.0,730
150310,2015,15.0,0.0,8.0,6.0,6.0,36.0,17.0,20.0,21.0,44.0,185.0,691
150310,2016,14.0,2.0,12.0,4.0,3.0,37.0,14.0,27.0,16.0,58.0,198.0,736
150310,2017,13.0,4.0,4.0,7.0,1.0,40.0,16.0,29.0,8.0,43.0,185.0,756
150310,2018,16.0,1.0,11.0,4.0,5.0,43.0,17.0,44.0,24.0,68.0,257.0,764
150310,2019,30.0,2.0,11.0,12.0,7.0,50.0,15.0,42.0,24.0,61.0,265.0,774
150320,2012,24.0,7.0,5.0,88.0,73.0,46.0,5.0,9.0,25.0,46.0,360.0,586
150320,2013,0.0,0.0,0.0,0.0,0.0,0.0,0.0,0.0,0.0,0.0,390.0,621
150320,2014,23.0,18.0,8.0,109.0,75.0,39.0,12.0,11.0,31.0,49.0,383.0,610
150320,2015,20.0,3.0,4.0,97.0,70.0,52.0,14.0,13.0,28.0,39.0,344.0,567
150320,2016,20.0,3.0,9.0,47.0,41.0,81.0,21.0,27.0,22.0,61.0,338.0,550
150320,2017,29.0,0.0,6.0,30.0,21.0,97.0,27.0,24.0,38.0,67.0,344.0,564
150320,2018,18.0,2.0,16.0,24.0,10.0,102.0,15.0,42.0,26.0,84.0,343.0,578
150320,2019,34.0,0.0,2.0,7.0,3.0,114.0,7.0,42.0,19.0,81.0,311.0,557
150330,2012,119.0,2.0,19.0,18.0,9.0,157.0,36.0,58.0,60.0,158.0,654.0,1156
150330,2013,0.0,0.0,0.0,0.0,0.0,0.0,0.0,0.0,0.0,0.0,542.0,1155
150330,2014,65.0,2.0,10.0,18.0,19.0,177.0,46.0,66.0,62.0,125.0,623.0,1166
150330,2015,66.0,0.0,7.0,11.0,14.0,213.0,18.0,75.0,42.0,145.0,641.0,1114
150330,2016,44.0,3.0,0.0,27.0,19.0,143.0,28.0,92.0,66.0,141.0,583.0,1055
150330,2017,63.0,2.0,14.0,25.0,11.0,177.0,13.0,73.0,24.0,116.0,555.0,1047
150330,2018,86.0,4.0,7.0,18.0,23.0,182.0,14.0,75.0,23.0,132.0,607.0,1079
150330,2019,55.0,3.0,5.0,14.0,5.0,198.0,8.0,68.0,11.0,130.0,568.0,1144
150340,2012,6.0,1.0,6.0,25.0,19.0,15.0,3.0,5.0,9.0,22.0,112.0,167
150340,2013,0.0,0.0,0.0,0.0,0.0,0.0,0.0,0.0,0.0,0.0,111.0,183
150340,2014,4.0,0.0,0.0,20.0,21.0,13.0,8.0,6.0,15.0,17.0,107.0,166
150340,2015,3.0,2.0,2.0,22.0,17.0,22.0,8.0,8.0,14.0,9.0,108.0,177
150340,2016,6.0,1.0,3.0,21.0,2.0,20.0,7.0,6.0,6.0,11.0,83.0,162
150340,2017,8.0,0.0,0.0,12.0,12.0,28.0,1.0,16.0,3.0,16.0,97.0,175
150340,2018,4.0,1.0,1.0,6.0,4.0,36.0,11.0,13.0,2.0,17.0,97.0,185
150340,2019,4.0,0.0,4.0,5.0,1.0,24.0,4.0,20.0,3.0,21.0,86.0,162
150345,2012,30.0,4.0,5.0,11.0,5.0,45.0,8.0,13.0,33.0,25.0,192.0,569
150345,2013,0.0,0.0,0.0,0.0,0.0,0.0,0.0,0.0,0.0,0.0,193.0,590
150345,2014,21.0,2.0,11.0,12.0,7.0,48.0,12.0,23.0,11.0,39.0,211.0,576
150345,2015,21.0,2.0,8.0,17.0,8.0,61.0,19.0,32.0,7.0,25.0,225.0,576
150345,2016,19.0,2.0,10.0,12.0,5.0,48.0,12.0,24.0,18.0,43.0,231.0,596
150345,2017,21.0,0.0,4.0,7.0,5.0,56.0,16.0,38.0,20.0,33.0,237.0,594
150345,2018,27.0,1.0,16.0,17.0,11.0,64.0,12.0,34.0,15.0,45.0,262.0,626
150345,2019,31.0,1.0,7.0,9.0,2.0,90.0,34.0,51.0,26.0,36.0,318.0,642
150350,2012,22.0,1.0,4.0,21.0,31.0,43.0,13.0,33.0,18.0,44.0,268.0,480
150350,2013,0.0,0.0,0.0,0.0,0.0,0.0,0.0,0.0,0.0,0.0,245.0,464
150350,2014,23.0,7.0,4.0,24.0,25.0,55.0,22.0,51.0,16.0,32.0,271.0,462
150350,2015,12.0,3.0,7.0,33.0,26.0,46.0,22.0,25.0,12.0,43.0,232.0,462
150350,2016,21.0,3.0,2.0,13.0,10.0,55.0,15.0,36.0,21.0,41.0,225.0,437
150350,2017,20.0,4.0,2.0,11.0,9.0,48.0,6.0,41.0,18.0,45.0,215.0,420
150350,2018,21.0,6.0,7.0,32.0,13.0,55.0,8.0,22.0,11.0,37.0,219.0,434
150350,2019,16.0,0.0,7.0,11.0,4.0,72.0,8.0,45.0,17.0,35.0,227.0,456
150360,2012,93.0,6.0,18.0,23.0,26.0,181.0,14.0,130.0,31.0,239.0,830.0,2095
150360,2013,0.0,0.0,0.0,0.0,0.0,0.0,0.0,0.0,0.0,0.0,623.0,1615
150360,2014,121.0,1.0,14.0,9.0,11.0,213.0,9.0,261.0,11.0,371.0,1072.0,2167
150360,2015,101.0,2.0,23.0,14.0,7.0,262.0,23.0,244.0,33.0,300.0,1122.0,1950
150360,2016,138.0,9.0,24.0,17.0,15.0,286.0,49.0,206.0,81.0,266.0,1113.0,2003
150360,2017,154.0,8.0,20.0,13.0,10.0,310.0,75.0,190.0,120.0,290.0,1196.0,2377
150360,2018,137.0,6.0,20.0,19.0,13.0,361.0,56.0,174.0,95.0,257.0,1155.0,2291
150360,2019,140.0,4.0,26.0,14.0,7.0,394.0,48.0,227.0,55.0,310.0,1248.0,2359
150370,2012,33.0,0.0,6.0,21.0,5.0,96.0,9.0,49.0,17.0,73.0,368.0,898
150370,2013,0.0,0.0,0.0,0.0,0.0,0.0,0.0,0.0,0.0,0.0,402.0,884
150370,2014,41.0,1.0,7.0,5.0,7.0,144.0,26.0,81.0,17.0,75.0,436.0,866
150370,2015,34.0,1.0,13.0,8.0,2.0,106.0,19.0,116.0,15.0,89.0,467.0,899
150370,2016,33.0,3.0,15.0,8.0,3.0,114.0,20.0,60.0,29.0,63.0,390.0,840
150370,2017,29.0,1.0,8.0,12.0,6.0,118.0,50.0,40.0,59.0,55.0,409.0,781
150370,2018,31.0,6.0,6.0,30.0,12.0,126.0,17.0,79.0,34.0,76.0,462.0,844
150370,2019,27.0,1.0,7.0,60.0,33.0,117.0,19.0,66.0,38.0,62.0,462.0,846
150375,2012,8.0,1.0,0.0,2.0,1.0,14.0,0.0,8.0,1.0,12.0,50.0,521
150375,2013,0.0,0.0,0.0,0.0,0.0,0.0,0.0,0.0,0.0,0.0,56.0,485
150375,2014,6.0,4.0,0.0,3.0,1.0,17.0,0.0,13.0,0.0,18.0,69.0,567
150375,2015,14.0,6.0,0.0,6.0,1.0,19.0,0.0,5.0,5.0,5.0,66.0,614
150375,2016,12.0,1.0,2.0,3.0,4.0,11.0,0.0,12.0,4.0,19.0,72.0,587
150375,2017,16.0,1.0,1.0,5.0,1.0,30.0,1.0,26.0,2.0,28.0,112.0,619
150375,2018,21.0,3.0,3.0,3.0,3.0,27.0,2.0,18.0,1.0,38.0,127.0,602
150375,2019,11.0,2.0,2.0,3.0,1.0,28.0,2.0,13.0,0.0,10.0,75.0,588
150380,2012,55.0,0.0,6.0,6.0,2.0,121.0,13.0,48.0,20.0,117.0,432.0,904
150380,2013,0.0,0.0,0.0,0.0,0.0,0.0,0.0,0.0,0.0,0.0,503.0,873
150380,2014,64.0,0.0,14.0,2.0,1.0,161.0,18.0,77.0,21.0,176.0,557.0,919
150380,2015,37.0,1.0,12.0,1.0,2.0,163.0,11.0,58.0,13.0,173.0,498.0,882
150380,2016,35.0,0.0,14.0,1.0,0.0,166.0,8.0,47.0,8.0,160.0,469.0,794
150380,2017,42.0,0.0,4.0,5.0,2.0,178.0,7.0,50.0,20.0,120.0,435.0,737
150380,2018,52.0,0.0,15.0,2.0,2.0,161.0,14.0,41.0,29.0,101.0,435.0,751
150380,2019,45.0,0.0,13.0,2.0,1.0,146.0,27.0,39.0,40.0,85.0,406.0,715
150390,2012,22.0,2.0,7.0,11.0,8.0,35.0,6.0,17.0,28.0,38.0,179.0,966
150390,2013,0.0,0.0,0.0,0.0,0.0,0.0,0.0,0.0,0.0,0.0,210.0,1016
150390,2014,27.0,1.0,12.0,5.0,9.0,59.0,12.0,32.0,28.0,51.0,238.0,1073
150390,2015,28.0,7.0,4.0,9.0,6.0,66.0,16.0,18.0,32.0,52.0,242.0,1063
150390,2016,27.0,4.0,10.0,8.0,9.0,86.0,20.0,23.0,34.0,69.0,299.0,1140
150390,2017,26.0,3.0,7.0,11.0,13.0,58.0,30.0,32.0,24.0,44.0,260.0,1042
150390,2018,21.0,3.0,16.0,16.0,5.0,83.0,20.0,25.0,28.0,45.0,265.0,1091
150390,2019,37.0,2.0,2.0,16.0,5.0,81.0,16.0,41.0,34.0,73.0,310.0,1126
150400,2012,48.0,1.0,1.0,2.0,5.0,49.0,18.0,3.0,44.0,21.0,211.0,494
150400,2013,0.0,0.0,0.0,0.0,0.0,0.0,0.0,0.0,0.0,0.0,218.0,483
150400,2014,19.0,3.0,8.0,8.0,5.0,54.0,26.0,19.0,25.0,39.0,210.0,444
150400,2015,19.0,0.0,0.0,9.0,10.0,49.0,27.0,17.0,21.0,33.0,192.0,445
150400,2016,16.0,0.0,5.0,4.0,4.0,73.0,9.0,19.0,8.0,58.0,206.0,456
150400,2017,12.0,0.0,4.0,1.0,3.0,51.0,8.0,19.0,11.0,44.0,158.0,402
150400,2018,27.0,0.0,2.0,3.0,4.0,51.0,8.0,36.0,11.0,60.0,209.0,443
150400,2019,29.0,0.0,10.0,2.0,3.0,71.0,4.0,23.0,7.0,76.0,246.0,469
150405,2012,45.0,2.0,6.0,14.0,29.0,66.0,2.0,23.0,19.0,70.0,288.0,625
150405,2013,0.0,0.0,0.0,0.0,0.0,0.0,0.0,0.0,0.0,0.0,321.0,617
150405,2014,26.0,1.0,4.0,27.0,17.0,72.0,10.0,35.0,20.0,88.0,325.0,621
150405,2015,40.0,0.0,4.0,12.0,19.0,92.0,8.0,38.0,9.0,85.0,325.0,635
150405,2016,39.0,3.0,3.0,13.0,10.0,76.0,5.0,37.0,16.0,70.0,309.0,591
150405,2017,24.0,1.0,2.0,3.0,11.0,101.0,6.0,28.0,18.0,70.0,282.0,559
150405,2018,27.0,1.0,8.0,11.0,5.0,104.0,9.0,58.0,28.0,83.0,358.0,648
150405,2019,31.0,1.0,4.0,10.0,3.0,109.0,9.0,35.0,16.0,73.0,309.0,564
150410,2012,6.0,0.0,2.0,13.0,12.0,5.0,3.0,3.0,3.0,11.0,62.0,127
150410,2013,0.0,0.0,0.0,0.0,0.0,0.0,0.0,0.0,0.0,0.0,55.0,104
150410,2014,5.0,1.0,0.0,12.0,5.0,17.0,1.0,4.0,5.0,13.0,64.0,117
150410,2015,5.0,0.0,0.0,18.0,10.0,10.0,2.0,5.0,3.0,8.0,61.0,112
150410,2016,4.0,1.0,1.0,1.0,6.0,11.0,1.0,5.0,1.0,13.0,51.0,97
150410,2017,2.0,0.0,0.0,2.0,0.0,12.0,2.0,4.0,3.0,7.0,33.0,90
150410,2018,5.0,1.0,0.0,8.0,3.0,18.0,3.0,5.0,3.0,8.0,54.0,93
150410,2019,5.0,0.0,4.0,7.0,1.0,12.0,4.0,13.0,5.0,10.0,63.0,117
150420,2012,102.0,4.0,65.0,13.0,10.0,225.0,95.0,33.0,232.0,65.0,2136.0,4812
150420,2013,0.0,0.0,0.0,0.0,0.0,0.0,0.0,0.0,0.0,0.0,2324.0,4965
150420,2014,123.0,5.0,64.0,17.0,16.0,342.0,179.0,78.0,360.0,116.0,2348.0,5128
150420,2015,91.0,0.0,73.0,23.0,6.0,261.0,185.0,75.0,350.0,98.0,2382.0,5173
150420,2016,93.0,2.0,70.0,12.0,8.0,246.0,134.0,61.0,242.0,92.0,2310.0,4751
150420,2017,98.0,2.0,73.0,31.0,11.0,261.0,143.0,72.0,329.0,116.0,2389.0,4764
150420,2018,82.0,1.0,73.0,32.0,23.0,335.0,135.0,107.0,277.0,197.0,2487.0,4943
150420,2019,159.0,0.0,80.0,25.0,11.0,378.0,197.0,100.0,381.0,193.0,2731.0,4822
150430,2012,12.0,4.0,4.0,23.0,42.0,18.0,3.0,8.0,12.0,23.0,159.0,392
150430,2013,0.0,0.0,0.0,0.0,0.0,0.0,0.0,0.0,0.0,0.0,184.0,441
150430,2014,12.0,7.0,0.0,37.0,30.0,40.0,8.0,15.0,9.0,36.0,196.0,421
150430,2015,8.0,2.0,0.0,40.0,36.0,23.0,5.0,11.0,2.0,25.0,170.0,427
150430,2016,11.0,0.0,0.0,26.0,15.0,27.0,4.0,9.0,7.0,23.0,166.0,383
150430,2017,21.0,0.0,8.0,8.0,3.0,50.0,3.0,15.0,10.0,30.0,151.0,362
150430,2018,13.0,3.0,4.0,11.0,4.0,47.0,3.0,16.0,8.0,36.0,154.0,384
150430,2019,16.0,0.0,6.0,6.0,4.0,38.0,5.0,20.0,14.0,29.0,141.0,350
150440,2012,18.0,1.0,5.0,25.0,29.0,15.0,5.0,13.0,10.0,26.0,151.0,333
150440,2013,0.0,0.0,0.0,0.0,0.0,0.0,0.0,0.0,0.0,0.0,159.0,323
150440,2014,11.0,6.0,4.0,37.0,23.0,40.0,7.0,28.0,9.0,21.0,190.0,369
150440,2015,16.0,2.0,1.0,25.0,22.0,34.0,9.0,17.0,9.0,32.0,169.0,330
150440,2016,8.0,2.0,4.0,16.0,18.0,33.0,9.0,12.0,6.0,24.0,133.0,329
150440,2017,17.0,2.0,4.0,12.0,8.0,43.0,1.0,8.0,10.0,29.0,140.0,324
150440,2018,12.0,0.0,2.0,14.0,7.0,41.0,6.0,13.0,8.0,23.0,126.0,292
150440,2019,14.0,0.0,0.0,8.0,2.0,47.0,8.0,28.0,6.0,25.0,142.0,304
150442,2012,128.0,1.0,9.0,20.0,7.0,260.0,42.0,138.0,68.0,341.0,1048.0,1665
150442,2013,0.0,0.0,0.0,0.0,0.0,0.0,0.0,0.0,0.0,0.0,1169.0,1777
150442,2014,154.0,22.0,24.0,23.0,13.0,359.0,44.0,155.0,70.0,351.0,1234.0,1853
150442,2015,141.0,1.0,18.0,14.0,11.0,349.0,58.0,135.0,60.0,321.0,1154.0,1863
150442,2016,103.0,17.0,26.0,14.0,8.0,297.0,43.0,102.0,72.0,311.0,1101.0,1794
150442,2017,73.0,9.0,25.0,32.0,19.0,293.0,60.0,107.0,62.0,308.0,1068.0,1794
150442,2018,67.0,9.0,17.0,130.0,33.0,235.0,24.0,102.0,45.0,284.0,963.0,1714
150442,2019,92.0,1.0,30.0,84.0,22.0,305.0,55.0,101.0,45.0,262.0,1043.0,1813
150445,2012,10.0,1.0,6.0,4.0,3.0,25.0,4.0,12.0,12.0,26.0,195.0,459
150445,2013,0.0,0.0,0.0,0.0,0.0,0.0,0.0,0.0,0.0,0.0,189.0,477
150445,2014,10.0,2.0,7.0,3.0,1.0,58.0,11.0,18.0,25.0,55.0,195.0,432
150445,2015,3.0,1.0,3.0,5.0,5.0,67.0,20.0,12.0,26.0,40.0,186.0,430
150445,2016,19.0,1.0,4.0,2.0,0.0,64.0,11.0,32.0,20.0,49.0,203.0,432
150445,2017,28.0,1.0,4.0,4.0,5.0,72.0,8.0,26.0,17.0,35.0,209.0,463
150445,2018,25.0,1.0,2.0,5.0,2.0,58.0,11.0,31.0,18.0,53.0,212.0,422
150445,2019,31.0,0.0,8.0,8.0,3.0,82.0,13.0,32.0,21.0,58.0,262.0,491
150450,2012,6.0,2.0,4.0,3.0,2.0,8.0,0.0,1.0,1.0,10.0,47.0,586
150450,2013,0.0,0.0,0.0,0.0,0.0,0.0,0.0,0.0,0.0,0.0,59.0,473
150450,2014,5.0,0.0,10.0,4.0,1.0,5.0,6.0,8.0,5.0,9.0,55.0,602
150450,2015,7.0,1.0,2.0,4.0,1.0,7.0,10.0,3.0,8.0,7.0,57.0,596
150450,2016,7.0,0.0,2.0,3.0,1.0,7.0,3.0,7.0,2.0,9.0,42.0,537
150450,2017,3.0,0.0,6.0,2.0,1.0,14.0,11.0,5.0,6.0,13.0,63.0,562
150450,2018,5.0,0.0,8.0,1.0,2.0,15.0,6.0,7.0,6.0,11.0,62.0,631
150450,2019,6.0,1.0,4.0,3.0,2.0,21.0,10.0,9.0,8.0,9.0,73.0,642
150460,2012,17.0,0.0,1.0,3.0,4.0,30.0,12.0,4.0,19.0,17.0,126.0,469
150460,2013,0.0,0.0,0.0,0.0,0.0,0.0,0.0,0.0,0.0,0.0,186.0,518
150460,2014,8.0,1.0,0.0,3.0,2.0,23.0,24.0,18.0,25.0,34.0,144.0,516
150460,2015,10.0,1.0,0.0,1.0,4.0,43.0,20.0,16.0,17.0,22.0,138.0,482
150460,2016,16.0,1.0,3.0,8.0,4.0,29.0,12.0,15.0,27.0,26.0,145.0,506
150460,2017,12.0,0.0,5.0,4.0,3.0,36.0,22.0,7.0,30.0,19.0,142.0,485
150460,2018,14.0,0.0,7.0,3.0,6.0,56.0,17.0,15.0,22.0,39.0,182.0,464
150460,2019,23.0,1.0,10.0,3.0,5.0,63.0,11.0,24.0,12.0,53.0,210.0,460
150470,2012,40.0,0.0,13.0,15.0,9.0,84.0,13.0,34.0,39.0,97.0,349.0,1174
150470,2013,0.0,0.0,0.0,0.0,0.0,0.0,0.0,0.0,0.0,0.0,441.0,1191
150470,2014,45.0,4.0,11.0,12.0,12.0,125.0,20.0,60.0,33.0,129.0,474.0,1217
150470,2015,49.0,1.0,18.0,9.0,7.0,121.0,24.0,77.0,21.0,153.0,505.0,1249
150470,2016,58.0,5.0,17.0,12.0,9.0,143.0,19.0,72.0,28.0,147.0,536.0,1204
150470,2017,47.0,2.0,9.0,7.0,8.0,168.0,30.0,81.0,51.0,119.0,543.0,1229
150470,2018,46.0,6.0,19.0,35.0,16.0,151.0,24.0,58.0,48.0,115.0,535.0,1312
150470,2019,58.0,3.0,17.0,10.0,11.0,145.0,17.0,66.0,28.0,110.0,533.0,1305
150475,2013,0.0,0.0,0.0,0.0,0.0,0.0,0.0,0.0,0.0,0.0,0.0,1
150475,2014,4.0,0.0,2.0,1.0,1.0,9.0,5.0,7.0,5.0,7.0,44.0,168
150475,2015,4.0,0.0,4.0,0.0,1.0,4.0,6.0,6.0,8.0,6.0,47.0,150
150475,2016,9.0,3.0,0.0,3.0,0.0,20.0,7.0,8.0,9.0,8.0,74.0,225
150475,2017,4.0,5.0,2.0,3.0,4.0,22.0,9.0,4.0,7.0,12.0,82.0,229
150475,2018,6.0,3.0,0.0,3.0,0.0,21.0,8.0,13.0,9.0,21.0,93.0,289
150475,2019,10.0,1.0,6.0,2.0,1.0,34.0,5.0,25.0,6.0,32.0,124.0,335
150480,2012,33.0,1.0,5.0,11.0,6.0,71.0,13.0,23.0,24.0,54.0,265.0,1044
150480,2013,0.0,0.0,0.0,0.0,0.0,0.0,0.0,0.0,0.0,0.0,299.0,1072
150480,2014,23.0,1.0,19.0,14.0,5.0,72.0,10.0,30.0,27.0,51.0,273.0,1094
150480,2015,23.0,1.0,9.0,8.0,8.0,93.0,8.0,37.0,29.0,65.0,298.0,1151
150480,2016,25.0,2.0,10.0,5.0,10.0,89.0,13.0,48.0,32.0,82.0,329.0,1138
150480,2017,13.0,4.0,5.0,12.0,1.0,77.0,22.0,37.0,27.0,63.0,263.0,1107
150480,2018,20.0,8.0,6.0,11.0,9.0,71.0,19.0,33.0,30.0,51.0,265.0,1032
150480,2019,21.0,0.0,9.0,14.0,16.0,100.0,38.0,48.0,31.0,89.0,367.0,1050
150490,2012,18.0,1.0,3.0,4.0,11.0,52.0,5.0,14.0,21.0,48.0,208.0,525
150490,2013,0.0,0.0,0.0,0.0,0.0,0.0,0.0,0.0,0.0,0.0,229.0,564
150490,2014,24.0,4.0,6.0,6.0,4.0,70.0,6.0,30.0,26.0,49.0,227.0,610
150490,2015,15.0,1.0,4.0,5.0,11.0,72.0,12.0,25.0,20.0,83.0,252.0,601
150490,2016,16.0,3.0,10.0,5.0,12.0,74.0,7.0,38.0,18.0,74.0,257.0,605
150490,2017,32.0,2.0,3.0,5.0,1.0,95.0,11.0,40.0,13.0,82.0,285.0,572
150490,2018,18.0,0.0,8.0,4.0,12.0,76.0,14.0,41.0,13.0,84.0,272.0,578
150490,2019,14.0,2.0,8.0,5.0,9.0,100.0,12.0,40.0,25.0,90.0,312.0,616
150495,2012,16.0,0.0,0.0,5.0,7.0,29.0,6.0,20.0,7.0,43.0,138.0,408
150495,2013,0.0,0.0,0.0,0.0,0.0,0.0,0.0,0.0,0.0,0.0,158.0,377
150495,2014,13.0,0.0,6.0,2.0,3.0,28.0,7.0,33.0,6.0,49.0,152.0,401
150495,2015,19.0,2.0,2.0,4.0,4.0,47.0,17.0,31.0,8.0,36.0,176.0,449
150495,2016,17.0,0.0,5.0,4.0,2.0,50.0,5.0,29.0,13.0,45.0,178.0,445
150495,2017,13.0,1.0,0.0,28.0,12.0,34.0,14.0,16.0,24.0,21.0,170.0,386
150495,2018,21.0,0.0,2.0,13.0,8.0,42.0,25.0,10.0,23.0,29.0,175.0,406
150495,2019,8.0,1.0,6.0,10.0,2.0,53.0,1.0,16.0,5.0,35.0,140.0,347
150497,2012,3.0,1.0,0.0,1.0,0.0,15.0,4.0,5.0,1.0,4.0,73.0,194
150497,2013,0.0,0.0,0.0,0.0,0.0,0.0,0.0,0.0,0.0,0.0,79.0,210
150497,2014,5.0,0.0,2.0,0.0,0.0,20.0,5.0,8.0,9.0,4.0,74.0,215
150497,2015,2.0,0.0,7.0,0.0,0.0,16.0,5.0,5.0,10.0,6.0,79.0,199
150497,2016,3.0,0.0,3.0,1.0,0.0,12.0,7.0,9.0,4.0,11.0,82.0,217
150497,2017,4.0,0.0,4.0,0.0,0.0,12.0,8.0,7.0,10.0,8.0,90.0,218
150497,2018,6.0,0.0,7.0,0.0,3.0,11.0,6.0,5.0,10.0,5.0,98.0,223
150497,2019,5.0,0.0,4.0,1.0,0.0,17.0,6.0,7.0,16.0,5.0,99.0,229
150500,2012,11.0,0.0,0.0,5.0,7.0,14.0,1.0,9.0,6.0,15.0,94.0,142
150500,2013,0.0,0.0,0.0,0.0,0.0,0.0,0.0,0.0,0.0,0.0,80.0,124
150500,2014,7.0,0.0,0.0,12.0,4.0,17.0,3.0,8.0,9.0,24.0,94.0,171
150500,2015,5.0,0.0,2.0,10.0,11.0,24.0,3.0,13.0,3.0,20.0,96.0,153
150500,2016,6.0,0.0,2.0,4.0,5.0,22.0,4.0,12.0,14.0,15.0,92.0,165
150500,2017,1.0,0.0,3.0,1.0,2.0,23.0,5.0,13.0,9.0,22.0,91.0,161
150500,2018,5.0,0.0,0.0,0.0,0.0,19.0,1.0,14.0,2.0,17.0,62.0,134
150500,2019,4.0,0.0,1.0,1.0,2.0,19.0,5.0,11.0,9.0,17.0,75.0,131
150503,2012,56.0,2.0,4.0,10.0,4.0,66.0,29.0,36.0,34.0,44.0,288.0,481
150503,2013,0.0,0.0,0.0,0.0,0.0,0.0,0.0,0.0,0.0,0.0,242.0,510
150503,2014,36.0,1.0,1.0,4.0,2.0,84.0,18.0,42.0,25.0,77.0,303.0,577
150503,2015,33.0,6.0,3.0,7.0,6.0,114.0,40.0,35.0,43.0,59.0,348.0,620
150503,2016,43.0,3.0,10.0,3.0,2.0,94.0,13.0,57.0,24.0,80.0,331.0,553
150503,2017,25.0,5.0,9.0,8.0,9.0,128.0,23.0,65.0,21.0,97.0,390.0,621
150503,2018,35.0,1.0,12.0,8.0,5.0,134.0,27.0,59.0,19.0,83.0,385.0,631
150503,2019,27.0,1.0,9.0,6.0,2.0,129.0,10.0,68.0,30.0,82.0,366.0,585
150506,2012,81.0,7.0,8.0,16.0,7.0,211.0,4.0,185.0,14.0,247.0,800.0,1259
150506,2013,0.0,0.0,0.0,0.0,0.0,0.0,0.0,0.0,0.0,0.0,740.0,1209
150506,2014,53.0,1.0,25.0,8.0,4.0,198.0,11.0,225.0,13.0,279.0,838.0,1260
150506,2015,36.0,1.0,17.0,6.0,5.0,264.0,5.0,208.0,8.0,272.0,839.0,1334
150506,2016,68.0,1.0,9.0,9.0,3.0,246.0,2.0,170.0,19.0,219.0,762.0,1211
150506,2017,63.0,0.0,12.0,18.0,4.0,248.0,6.0,152.0,15.0,226.0,757.0,1252
150506,2018,55.0,3.0,15.0,9.0,8.0,263.0,8.0,124.0,18.0,195.0,711.0,1240
150506,2019,53.0,4.0,22.0,27.0,13.0,241.0,10.0,92.0,28.0,143.0,639.0,1193
150510,2012,1.0,7.0,4.0,46.0,11.0,11.0,1.0,12.0,3.0,15.0,121.0,1001
150510,2013,0.0,0.0,0.0,0.0,0.0,0.0,0.0,0.0,0.0,0.0,137.0,991
150510,2014,4.0,3.0,1.0,35.0,19.0,30.0,5.0,23.0,7.0,32.0,162.0,1048
150510,2015,3.0,3.0,3.0,8.0,11.0,25.0,8.0,33.0,11.0,26.0,142.0,983
150510,2016,2.0,4.0,4.0,8.0,8.0,31.0,7.0,22.0,10.0,21.0,128.0,985
150510,2017,9.0,0.0,0.0,11.0,8.0,38.0,19.0,23.0,17.0,34.0,160.0,1019
150510,2018,16.0,1.0,4.0,4.0,12.0,40.0,17.0,15.0,24.0,22.0,159.0,1019
150510,2019,11.0,3.0,11.0,11.0,4.0,40.0,25.0,16.0,34.0,21.0,177.0,1092
150520,2012,16.0,0.0,8.0,4.0,5.0,21.0,8.0,7.0,16.0,14.0,122.0,716
150520,2013,0.0,0.0,0.0,0.0,0.0,0.0,0.0,0.0,0.0,0.0,140.0,751
150520,2014,11.0,1.0,8.0,9.0,4.0,25.0,14.0,14.0,18.0,33.0,146.0,702
150520,2015,8.0,0.0,3.0,3.0,3.0,24.0,11.0,9.0,10.0,26.0,110.0,731
150520,2016,13.0,0.0,2.0,3.0,2.0,34.0,2.0,17.0,18.0,29.0,134.0,649
150520,2017,20.0,2.0,6.0,5.0,4.0,37.0,9.0,20.0,13.0,27.0,156.0,691
150520,2018,20.0,0.0,2.0,13.0,4.0,38.0,10.0,30.0,12.0,36.0,175.0,726
150520,2019,12.0,0.0,6.0,10.0,2.0,33.0,7.0,16.0,11.0,37.0,145.0,673
150530,2012,35.0,3.0,4.0,7.0,8.0,68.0,4.0,25.0,16.0,73.0,273.0,1283
150530,2013,0.0,0.0,0.0,0.0,0.0,0.0,0.0,0.0,0.0,0.0,355.0,1336
150530,2014,64.0,2.0,15.0,19.0,14.0,104.0,8.0,107.0,16.0,118.0,477.0,1482
150530,2015,57.0,3.0,7.0,11.0,8.0,84.0,6.0,80.0,4.0,110.0,388.0,1397
150530,2016,37.0,0.0,18.0,10.0,10.0,121.0,1.0,102.0,2.0,96.0,411.0,1399
150530,2017,68.0,3.0,15.0,15.0,5.0,84.0,8.0,124.0,3.0,155.0,495.0,1403
150530,2018,71.0,2.0,21.0,7.0,4.0,142.0,4.0,147.0,2.0,160.0,574.0,1547
150530,2019,86.0,1.0,12.0,9.0,10.0,134.0,6.0,124.0,4.0,142.0,531.0,1550
150540,2012,6.0,2.0,0.0,9.0,2.0,18.0,3.0,8.0,3.0,23.0,90.0,251
150540,2013,0.0,0.0,0.0,0.0,0.0,0.0,0.0,0.0,0.0,0.0,123.0,288
150540,2014,2.0,0.0,4.0,4.0,4.0,30.0,5.0,21.0,4.0,23.0,103.0,268
150540,2015,10.0,0.0,3.0,2.0,4.0,39.0,2.0,22.0,5.0,34.0,133.0,322
150540,2016,14.0,7.0,4.0,3.0,3.0,58.0,6.0,10.0,3.0,34.0,150.0,281
150540,2017,12.0,1.0,0.0,4.0,5.0,38.0,2.0,36.0,5.0,32.0,171.0,300
150540,2018,24.0,2.0,1.0,7.0,7.0,47.0,10.0,32.0,19.0,47.0,201.0,322
150540,2019,17.0,1.0,7.0,6.0,6.0,50.0,3.0,45.0,8.0,39.0,190.0,310
150543,2012,23.0,1.0,0.0,25.0,17.0,101.0,17.0,3.0,14.0,11.0,216.0,596
150543,2013,0.0,0.0,0.0,0.0,0.0,0.0,0.0,0.0,0.0,0.0,270.0,663
150543,2014,19.0,1.0,11.0,6.0,0.0,287.0,9.0,1.0,12.0,6.0,353.0,668
150543,2015,9.0,0.0,4.0,2.0,0.0,214.0,9.0,3.0,11.0,10.0,316.0,638
150543,2016,15.0,0.0,14.0,6.0,2.0,214.0,10.0,8.0,10.0,12.0,339.0,630
150543,2017,17.0,1.0,6.0,7.0,2.0,266.0,8.0,6.0,19.0,6.0,344.0,675
150543,2018,53.0,1.0,13.0,9.0,2.0,289.0,5.0,10.0,12.0,5.0,405.0,725
150543,2019,28.0,0.0,12.0,7.0,1.0,184.0,12.0,44.0,8.0,112.0,409.0,707
150548,2012,12.0,3.0,3.0,7.0,2.0,40.0,5.0,13.0,10.0,29.0,290.0,681
150548,2013,0.0,0.0,0.0,0.0,0.0,0.0,0.0,0.0,0.0,0.0,269.0,655
150548,2014,10.0,1.0,10.0,9.0,7.0,78.0,23.0,43.0,32.0,74.0,300.0,625
150548,2015,14.0,2.0,10.0,5.0,5.0,98.0,13.0,40.0,35.0,68.0,321.0,686
150548,2016,28.0,2.0,6.0,8.0,7.0,123.0,14.0,49.0,41.0,69.0,356.0,752
150548,2017,21.0,11.0,4.0,20.0,2.0,146.0,27.0,35.0,37.0,68.0,377.0,764
150548,2018,24.0,2.0,18.0,16.0,3.0,139.0,13.0,38.0,40.0,90.0,389.0,744
150548,2019,19.0,4.0,8.0,12.0,6.0,168.0,29.0,46.0,50.0,74.0,419.0,776
150549,2012,6.0,1.0,1.0,0.0,0.0,12.0,5.0,6.0,7.0,5.0,52.0,116
150549,2013,0.0,0.0,0.0,0.0,0.0,0.0,0.0,0.0,0.0,0.0,41.0,122
150549,2014,2.0,0.0,2.0,0.0,0.0,14.0,0.0,4.0,1.0,13.0,40.0,100
150549,2015,2.0,0.0,0.0,0.0,0.0,13.0,1.0,4.0,1.0,8.0,31.0,106
150549,2016,1.0,0.0,2.0,2.0,0.0,11.0,2.0,2.0,1.0,1.0,26.0,89
150549,2017,3.0,0.0,0.0,0.0,0.0,13.0,6.0,0.0,1.0,2.0,43.0,97
150549,2018,2.0,0.0,0.0,0.0,0.0,5.0,4.0,3.0,7.0,5.0,42.0,110
150549,2019,2.0,0.0,0.0,0.0,0.0,11.0,4.0,0.0,5.0,4.0,46.0,105
150550,2012,122.0,3.0,26.0,13.0,18.0,278.0,59.0,62.0,157.0,188.0,945.0,2093
150550,2013,0.0,0.0,0.0,0.0,0.0,0.0,0.0,0.0,0.0,0.0,986.0,2003
150550,2014,73.0,1.0,26.0,12.0,16.0,197.0,25.0,49.0,81.0,122.0,1035.0,2069
150550,2015,30.0,1.0,34.0,1.0,2.0,29.0,3.0,10.0,12.0,9.0,986.0,2033
150550,2016,37.0,0.0,26.0,7.0,3.0,18.0,2.0,7.0,11.0,9.0,969.0,2001
150550,2017,23.0,0.0,32.0,5.0,2.0,28.0,5.0,3.0,7.0,8.0,1040.0,1977
150550,2018,28.0,1.0,29.0,4.0,1.0,13.0,5.0,5.0,10.0,6.0,1017.0,2148
150550,2019,25.0,0.0,31.0,1.0,2.0,25.0,1.0,5.0,14.0,1.0,1013.0,2065
150553,2012,309.0,10.0,48.0,79.0,57.0,750.0,148.0,179.0,386.0,437.0,2417.0,4513
150553,2013,0.0,0.0,0.0,0.0,0.0,0.0,0.0,0.0,0.0,0.0,2831.0,5157
150553,2014,306.0,13.0,58.0,106.0,57.0,893.0,358.0,207.0,671.0,395.0,3116.0,5360
150553,2015,287.0,12.0,66.0,52.0,49.0,976.0,398.0,155.0,570.0,305.0,2928.0,5019
150553,2016,324.0,3.0,59.0,36.0,32.0,878.0,351.0,186.0,590.0,317.0,2907.0,4644
150553,2017,318.0,23.0,62.0,63.0,47.0,968.0,252.0,207.0,491.0,415.0,2891.0,4582
150553,2018,286.0,16.0,64.0,58.0,45.0,1068.0,244.0,266.0,398.0,455.0,2954.0,4810
150553,2019,282.0,8.0,84.0,43.0,39.0,1146.0,209.0,231.0,403.0,401.0,2876.0,4577
150555,2012,9.0,3.0,4.0,2.0,1.0,23.0,6.0,4.0,10.0,10.0,72.0,127
150555,2013,0.0,0.0,0.0,0.0,0.0,0.0,0.0,0.0,0.0,0.0,98.0,130
150555,2014,7.0,0.0,2.0,1.0,1.0,36.0,9.0,15.0,14.0,19.0,104.0,137
150555,2015,7.0,0.0,3.0,0.0,1.0,30.0,10.0,9.0,15.0,16.0,95.0,142
150555,2016,5.0,1.0,0.0,1.0,2.0,35.0,0.0,4.0,5.0,16.0,75.0,121
150555,2017,5.0,0.0,0.0,0.0,0.0,36.0,4.0,6.0,6.0,8.0,72.0,116
150555,2018,10.0,0.0,2.0,2.0,2.0,27.0,2.0,6.0,5.0,16.0,74.0,127
150555,2019,5.0,0.0,2.0,3.0,2.0,26.0,4.0,3.0,7.0,20.0,78.0,120
150560,2012,3.0,0.0,2.0,6.0,4.0,6.0,0.0,1.0,1.0,13.0,55.0,109
150560,2013,0.0,0.0,0.0,0.0,0.0,0.0,0.0,0.0,0.0,0.0,57.0,97
150560,2014,10.0,0.0,4.0,0.0,3.0,19.0,0.0,5.0,4.0,9.0,63.0,119
150560,2015,6.0,0.0,1.0,5.0,1.0,13.0,0.0,8.0,4.0,14.0,57.0,98
150560,2016,6.0,0.0,2.0,5.0,2.0,11.0,0.0,7.0,1.0,9.0,53.0,103
150560,2017,4.0,0.0,1.0,4.0,1.0,10.0,4.0,2.0,4.0,14.0,59.0,114
150560,2018,5.0,0.0,0.0,3.0,2.0,19.0,0.0,6.0,4.0,13.0,55.0,103
150560,2019,4.0,0.0,0.0,2.0,1.0,11.0,2.0,10.0,2.0,16.0,55.0,95
150563,2012,17.0,2.0,4.0,5.0,4.0,22.0,0.0,0.0,7.0,5.0,82.0,174
150563,2013,0.0,0.0,0.0,0.0,0.0,0.0,0.0,0.0,0.0,0.0,65.0,142
150563,2014,3.0,2.0,2.0,2.0,1.0,17.0,6.0,7.0,6.0,13.0,66.0,154
150563,2015,3.0,0.0,6.0,1.0,2.0,18.0,5.0,9.0,13.0,12.0,74.0,148
150563,2016,2.0,0.0,7.0,3.0,1.0,14.0,3.0,11.0,4.0,11.0,73.0,141
150563,2017,6.0,3.0,0.0,1.0,1.0,23.0,3.0,16.0,9.0,11.0,85.0,182
150563,2018,8.0,4.0,0.0,3.0,2.0,26.0,4.0,17.0,10.0,19.0,96.0,176
150563,2019,4.0,2.0,2.0,2.0,0.0,28.0,6.0,18.0,11.0,9.0,94.0,165
150565,2012,13.0,2.0,1.0,0.0,0.0,18.0,4.0,3.0,5.0,9.0,65.0,246
150565,2013,0.0,0.0,0.0,0.0,0.0,0.0,0.0,0.0,0.0,0.0,86.0,229
150565,2014,9.0,3.0,3.0,2.0,2.0,22.0,10.0,23.0,10.0,25.0,115.0,299
150565,2015,12.0,0.0,6.0,0.0,0.0,35.0,12.0,33.0,9.0,36.0,146.0,273
150565,2016,9.0,0.0,4.0,6.0,4.0,41.0,29.0,23.0,26.0,39.0,181.0,285
150565,2017,19.0,0.0,3.0,6.0,3.0,89.0,24.0,30.0,19.0,27.0,223.0,291
150565,2018,22.0,3.0,11.0,9.0,2.0,54.0,17.0,36.0,24.0,49.0,229.0,321
150565,2019,10.0,1.0,8.0,6.0,7.0,57.0,20.0,33.0,22.0,52.0,218.0,282
150570,2012,18.0,0.0,8.0,3.0,5.0,18.0,9.0,24.0,9.0,31.0,136.0,295
150570,2013,0.0,0.0,0.0,0.0,0.0,0.0,0.0,0.0,0.0,0.0,175.0,330
150570,2014,16.0,0.0,0.0,1.0,0.0,43.0,6.0,43.0,6.0,49.0,164.0,332
150570,2015,8.0,0.0,4.0,1.0,2.0,42.0,6.0,32.0,9.0,38.0,147.0,345
150570,2016,18.0,0.0,0.0,1.0,1.0,64.0,20.0,18.0,13.0,33.0,170.0,352
150570,2017,13.0,0.0,2.0,2.0,2.0,42.0,27.0,14.0,18.0,36.0,158.0,348
150570,2018,24.0,0.0,8.0,9.0,14.0,34.0,19.0,15.0,21.0,30.0,177.0,351
150570,2019,23.0,0.0,2.0,13.0,6.0,49.0,19.0,18.0,18.0,31.0,180.0,364
150580,2012,53.0,0.0,13.0,8.0,6.0,26.0,12.0,45.0,10.0,37.0,212.0,1170
150580,2013,0.0,0.0,0.0,0.0,0.0,0.0,0.0,0.0,0.0,0.0,203.0,1279
150580,2014,17.0,1.0,11.0,8.0,4.0,26.0,14.0,36.0,9.0,42.0,207.0,1480
150580,2015,12.0,1.0,12.0,9.0,5.0,32.0,22.0,30.0,24.0,39.0,222.0,1596
150580,2016,15.0,4.0,11.0,8.0,8.0,36.0,15.0,32.0,21.0,42.0,230.0,1461
150580,2017,12.0,10.0,7.0,6.0,9.0,39.0,9.0,38.0,9.0,51.0,243.0,1489
150580,2018,17.0,2.0,22.0,9.0,8.0,61.0,8.0,47.0,12.0,59.0,280.0,1678
150580,2019,6.0,2.0,8.0,7.0,6.0,75.0,22.0,47.0,26.0,75.0,274.0,1569
150590,2012,14.0,2.0,5.0,4.0,2.0,35.0,9.0,22.0,3.0,12.0,253.0,670
150590,2013,0.0,0.0,0.0,0.0,0.0,0.0,0.0,0.0,0.0,0.0,257.0,732
150590,2014,19.0,3.0,11.0,7.0,1.0,62.0,6.0,13.0,8.0,15.0,162.0,675
150590,2015,26.0,1.0,4.0,5.0,5.0,69.0,5.0,31.0,7.0,48.0,229.0,711
150590,2016,30.0,5.0,2.0,9.0,6.0,105.0,22.0,12.0,33.0,16.0,280.0,743
150590,2017,25.0,7.0,10.0,118.0,1.0,105.0,4.0,17.0,6.0,25.0,369.0,701
150590,2018,37.0,1.0,5.0,11.0,3.0,166.0,3.0,41.0,12.0,70.0,399.0,755
150590,2019,50.0,1.0,2.0,11.0,8.0,116.0,15.0,49.0,19.0,106.0,413.0,768
150600,2012,9.0,1.0,4.0,2.0,7.0,27.0,2.0,25.0,4.0,46.0,132.0,734
150600,2013,0.0,0.0,0.0,0.0,0.0,0.0,0.0,0.0,0.0,0.0,147.0,678
150600,2014,6.0,3.0,3.0,3.0,3.0,21.0,6.0,18.0,4.0,29.0,99.0,655
150600,2015,12.0,3.0,5.0,1.0,4.0,35.0,6.0,30.0,8.0,43.0,148.0,666
150600,2016,20.0,2.0,9.0,5.0,3.0,36.0,10.0,49.0,13.0,74.0,223.0,722
150600,2017,20.0,7.0,5.0,8.0,2.0,51.0,8.0,45.0,9.0,47.0,205.0,777
150600,2018,17.0,3.0,6.0,3.0,6.0,52.0,4.0,24.0,6.0,34.0,156.0,703
150600,2019,22.0,0.0,4.0,5.0,7.0,51.0,4.0,40.0,6.0,55.0,195.0,755
150610,2012,9.0,1.0,0.0,1.0,1.0,15.0,1.0,15.0,1.0,18.0,79.0,176
150610,2013,0.0,0.0,0.0,0.0,0.0,0.0,0.0,0.0,0.0,0.0,79.0,162
150610,2014,11.0,0.0,2.0,4.0,2.0,19.0,5.0,15.0,5.0,32.0,108.0,193
150610,2015,4.0,0.0,4.0,2.0,3.0,16.0,2.0,5.0,4.0,21.0,65.0,185
150610,2016,3.0,0.0,2.0,0.0,2.0,9.0,2.0,6.0,5.0,20.0,57.0,172
150610,2017,7.0,0.0,0.0,2.0,0.0,24.0,0.0,3.0,6.0,15.0,64.0,171
150610,2018,6.0,0.0,0.0,2.0,1.0,18.0,3.0,7.0,3.0,18.0,71.0,200
150610,2019,9.0,0.0,0.0,3.0,0.0,29.0,0.0,11.0,5.0,19.0,88.0,191
150611,2012,8.0,1.0,0.0,7.0,3.0,12.0,0.0,13.0,2.0,12.0,84.0,185
150611,2013,0.0,0.0,0.0,0.0,0.0,0.0,0.0,0.0,0.0,0.0,83.0,180
150611,2014,9.0,0.0,2.0,3.0,3.0,21.0,2.0,12.0,2.0,24.0,84.0,173
150611,2015,8.0,0.0,2.0,4.0,1.0,14.0,3.0,13.0,0.0,25.0,78.0,158
150611,2016,7.0,1.0,7.0,0.0,0.0,16.0,1.0,7.0,3.0,10.0,65.0,168
150611,2017,2.0,0.0,1.0,3.0,1.0,17.0,3.0,8.0,4.0,14.0,77.0,169
150611,2018,7.0,0.0,5.0,5.0,0.0,18.0,9.0,12.0,0.0,24.0,91.0,160
150611,2019,12.0,1.0,0.0,3.0,0.0,23.0,5.0,14.0,8.0,17.0,86.0,162
150613,2012,113.0,43.0,24.0,20.0,22.0,357.0,41.0,86.0,116.0,257.0,1086.0,1609
150613,2013,0.0,0.0,0.0,0.0,0.0,0.0,0.0,0.0,0.0,0.0,1220.0,1641
150613,2014,106.0,8.0,17.0,11.0,1.0,435.0,46.0,168.0,89.0,363.0,1258.0,1651
150613,2015,118.0,2.0,24.0,8.0,8.0,417.0,51.0,147.0,107.0,346.0,1249.0,1701
150613,2016,85.0,4.0,15.0,12.0,13.0,460.0,35.0,117.0,87.0,290.0,1184.0,1627
150613,2017,114.0,0.0,34.0,15.0,11.0,471.0,51.0,144.0,83.0,361.0,1342.0,1743
150613,2018,114.0,0.0,12.0,16.0,8.0,543.0,48.0,117.0,118.0,322.0,1334.0,1756
150613,2019,101.0,2.0,32.0,5.0,6.0,535.0,36.0,139.0,78.0,328.0,1284.0,1725
150616,2012,32.0,5.0,4.0,6.0,4.0,67.0,12.0,24.0,21.0,91.0,269.0,327
150616,2013,0.0,0.0,0.0,0.0,0.0,0.0,0.0,0.0,0.0,0.0,227.0,276
150616,2014,21.0,0.0,2.0,12.0,9.0,78.0,12.0,29.0,20.0,47.0,257.0,308
150616,2015,7.0,1.0,4.0,4.0,0.0,24.0,4.0,6.0,18.0,12.0,241.0,311
150616,2016,6.0,1.0,0.0,0.0,2.0,19.0,2.0,6.0,13.0,10.0,210.0,274
150616,2017,8.0,0.0,2.0,4.0,0.0,17.0,2.0,4.0,14.0,7.0,219.0,273
150616,2018,17.0,3.0,2.0,8.0,10.0,105.0,6.0,31.0,13.0,78.0,276.0,308
150616,2019,17.0,5.0,2.0,11.0,7.0,85.0,4.0,29.0,17.0,62.0,242.0,281
150618,2012,13.0,7.0,10.0,1.0,5.0,65.0,0.0,30.0,6.0,52.0,195.0,752
150618,2013,0.0,0.0,0.0,0.0,0.0,0.0,0.0,0.0,0.0,0.0,220.0,686
150618,2014,18.0,47.0,11.0,11.0,4.0,64.0,8.0,25.0,8.0,53.0,253.0,672
150618,2015,25.0,45.0,12.0,5.0,5.0,72.0,8.0,27.0,12.0,51.0,269.0,729
150618,2016,24.0,24.0,7.0,19.0,12.0,69.0,6.0,25.0,7.0,44.0,249.0,676
150618,2017,16.0,6.0,5.0,31.0,29.0,62.0,14.0,29.0,26.0,50.0,275.0,608
150618,2018,12.0,11.0,8.0,38.0,29.0,83.0,15.0,16.0,27.0,37.0,296.0,610
150618,2019,11.0,10.0,3.0,37.0,27.0,78.0,22.0,15.0,44.0,20.0,285.0,529
150619,2012,9.0,4.0,5.0,4.0,6.0,22.0,0.0,0.0,16.0,28.0,118.0,390
150619,2013,0.0,0.0,0.0,0.0,0.0,0.0,0.0,0.0,0.0,0.0,126.0,330
150619,2014,21.0,0.0,8.0,2.0,2.0,31.0,19.0,21.0,20.0,26.0,161.0,373
150619,2015,15.0,0.0,4.0,3.0,5.0,30.0,20.0,24.0,25.0,31.0,168.0,383
150619,2016,6.0,2.0,4.0,6.0,7.0,39.0,15.0,13.0,21.0,26.0,143.0,369
150619,2017,13.0,2.0,2.0,5.0,2.0,52.0,18.0,25.0,25.0,28.0,180.0,411
150619,2018,19.0,2.0,0.0,7.0,3.0,63.0,29.0,20.0,39.0,31.0,228.0,413
150619,2019,19.0,1.0,7.0,9.0,8.0,54.0,23.0,23.0,31.0,38.0,219.0,407
150620,2012,61.0,3.0,6.0,6.0,6.0,61.0,3.0,59.0,12.0,110.0,445.0,665
150620,2013,0.0,0.0,0.0,0.0,0.0,0.0,0.0,0.0,0.0,0.0,481.0,684
150620,2014,41.0,6.0,9.0,11.0,6.0,56.0,5.0,49.0,22.0,198.0,496.0,736
150620,2015,23.0,1.0,0.0,3.0,7.0,55.0,3.0,33.0,16.0,145.0,316.0,632
150620,2016,36.0,3.0,7.0,6.0,6.0,99.0,4.0,30.0,11.0,112.0,337.0,655
150620,2017,33.0,2.0,4.0,5.0,6.0,76.0,6.0,30.0,11.0,82.0,286.0,607
150620,2018,28.0,0.0,2.0,5.0,6.0,89.0,3.0,41.0,20.0,107.0,348.0,676
150620,2019,38.0,0.0,12.0,3.0,1.0,103.0,3.0,39.0,5.0,111.0,347.0,680
150630,2012,17.0,0.0,2.0,5.0,5.0,29.0,1.0,10.0,7.0,35.0,151.0,366
150630,2013,0.0,0.0,0.0,0.0,0.0,0.0,0.0,0.0,0.0,0.0,133.0,352
150630,2014,15.0,3.0,0.0,7.0,0.0,40.0,3.0,18.0,3.0,40.0,138.0,349
150630,2015,16.0,1.0,5.0,2.0,2.0,46.0,2.0,19.0,6.0,49.0,167.0,377
150630,2016,20.0,3.0,4.0,2.0,1.0,46.0,0.0,16.0,0.0,40.0,148.0,381
150630,2017,23.0,1.0,5.0,6.0,4.0,58.0,6.0,28.0,17.0,47.0,196.0,378
150630,2018,16.0,0.0,4.0,7.0,5.0,39.0,9.0,28.0,8.0,33.0,165.0,362
150630,2019,13.0,1.0,2.0,0.0,2.0,44.0,4.0,13.0,21.0,29.0,132.0,337
150635,2012,19.0,0.0,10.0,1.0,2.0,53.0,10.0,16.0,4.0,52.0,172.0,306
150635,2013,0.0,0.0,0.0,0.0,0.0,0.0,0.0,0.0,0.0,0.0,171.0,324
150635,2014,27.0,1.0,7.0,7.0,2.0,55.0,9.0,32.0,4.0,49.0,201.0,341
150635,2015,15.0,1.0,0.0,6.0,3.0,49.0,3.0,21.0,3.0,34.0,141.0,285
150635,2016,18.0,2.0,5.0,8.0,3.0,47.0,8.0,15.0,18.0,44.0,180.0,354
150635,2017,13.0,1.0,3.0,9.0,0.0,49.0,11.0,18.0,10.0,36.0,161.0,345
150635,2018,9.0,4.0,3.0,33.0,12.0,34.0,7.0,15.0,12.0,42.0,173.0,326
150635,2019,12.0,1.0,4.0,17.0,6.0,38.0,6.0,25.0,10.0,42.0,176.0,330
150640,2012,0.0,0.0,0.0,0.0,1.0,1.0,0.0,0.0,0.0,2.0,6.0,66
150640,2013,0.0,0.0,0.0,0.0,0.0,0.0,0.0,0.0,0.0,0.0,25.0,101
150640,2014,1.0,1.0,2.0,0.0,0.0,5.0,3.0,1.0,1.0,5.0,19.0,88
150640,2015,5.0,0.0,0.0,1.0,0.0,6.0,0.0,4.0,2.0,5.0,23.0,103
150640,2016,0.0,0.0,0.0,0.0,0.0,3.0,3.0,1.0,0.0,4.0,11.0,78
150640,2017,4.0,0.0,1.0,0.0,0.0,7.0,0.0,2.0,0.0,2.0,17.0,89
150640,2018,4.0,0.0,0.0,0.0,0.0,1.0,3.0,1.0,2.0,3.0,14.0,81
150640,2019,3.0,0.0,4.0,0.0,0.0,7.0,4.0,3.0,2.0,3.0,26.0,110
150650,2012,43.0,1.0,13.0,32.0,15.0,154.0,14.0,81.0,34.0,153.0,591.0,961
150650,2013,0.0,0.0,0.0,0.0,0.0,0.0,0.0,0.0,0.0,0.0,634.0,1000
150650,2014,50.0,3.0,14.0,29.0,9.0,160.0,38.0,103.0,62.0,158.0,638.0,978
150650,2015,53.0,3.0,9.0,16.0,7.0,194.0,66.0,114.0,85.0,154.0,709.0,1044
150650,2016,63.0,2.0,18.0,18.0,15.0,190.0,34.0,80.0,51.0,155.0,635.0,996
150650,2017,38.0,5.0,11.0,11.0,8.0,221.0,56.0,67.0,47.0,149.0,629.0,960
150650,2018,45.0,3.0,22.0,34.0,20.0,198.0,23.0,114.0,33.0,152.0,653.0,1019
150650,2019,52.0,4.0,15.0,23.0,9.0,200.0,16.0,102.0,24.0,139.0,589.0,996
150655,2012,17.0,5.0,8.0,9.0,7.0,40.0,2.0,3.0,9.0,23.0,178.0,375
150655,2013,0.0,0.0,0.0,0.0,0.0,0.0,0.0,0.0,0.0,0.0,171.0,341
150655,2014,17.0,1.0,3.0,20.0,6.0,37.0,4.0,16.0,4.0,28.0,169.0,338
150655,2015,21.0,0.0,4.0,10.0,10.0,44.0,4.0,26.0,3.0,47.0,186.0,345
150655,2016,13.0,0.0,6.0,6.0,8.0,42.0,6.0,23.0,11.0,40.0,183.0,376
150655,2017,6.0,1.0,6.0,2.0,4.0,27.0,10.0,15.0,7.0,18.0,136.0,344
150655,2018,8.0,1.0,2.0,4.0,3.0,44.0,7.0,29.0,7.0,31.0,154.0,305
150655,2019,16.0,1.0,1.0,4.0,2.0,51.0,22.0,15.0,18.0,35.0,180.0,306
150658,2012,8.0,3.0,0.0,3.0,2.0,31.0,8.0,12.0,10.0,22.0,99.0,182
150658,2013,0.0,0.0,0.0,0.0,0.0,0.0,0.0,0.0,0.0,0.0,95.0,168
150658,2014,13.0,1.0,4.0,1.0,1.0,29.0,10.0,11.0,15.0,18.0,113.0,181
150658,2015,11.0,0.0,2.0,2.0,2.0,40.0,5.0,10.0,9.0,25.0,120.0,197
150658,2016,2.0,0.0,2.0,2.0,0.0,32.0,4.0,14.0,6.0,18.0,83.0,143
150658,2017,10.0,0.0,6.0,4.0,0.0,35.0,8.0,11.0,7.0,13.0,101.0,143
150658,2018,6.0,1.0,4.0,2.0,0.0,35.0,2.0,8.0,6.0,19.0,99.0,181
150658,2019,12.0,6.0,8.0,5.0,0.0,49.0,3.0,12.0,11.0,20.0,135.0,215
150660,2012,22.0,2.0,10.0,29.0,20.0,44.0,4.0,3.0,26.0,29.0,238.0,376
150660,2013,0.0,0.0,0.0,0.0,0.0,0.0,0.0,0.0,0.0,0.0,253.0,385
150660,2014,18.0,2.0,7.0,44.0,30.0,51.0,12.0,24.0,26.0,50.0,271.0,373
150660,2015,15.0,1.0,6.0,47.0,42.0,47.0,24.0,12.0,33.0,31.0,263.0,367
150660,2016,34.0,1.0,6.0,6.0,13.0,74.0,18.0,17.0,37.0,55.0,270.0,372
150660,2017,24.0,3.0,12.0,13.0,9.0,97.0,10.0,44.0,21.0,71.0,314.0,428
150660,2018,20.0,1.0,3.0,9.0,9.0,83.0,21.0,46.0,40.0,59.0,300.0,399
150660,2019,31.0,1.0,7.0,3.0,0.0,104.0,9.0,54.0,24.0,71.0,311.0,455
150670,2012,25.0,0.0,6.0,6.0,3.0,89.0,19.0,43.0,26.0,64.0,283.0,587
150670,2013,0.0,0.0,0.0,0.0,0.0,0.0,0.0,0.0,0.0,0.0,245.0,536
150670,2014,20.0,2.0,4.0,3.0,7.0,98.0,25.0,29.0,24.0,62.0,280.0,570
150670,2015,13.0,0.0,7.0,5.0,4.0,77.0,17.0,24.0,33.0,48.0,236.0,584
150670,2016,14.0,0.0,7.0,7.0,1.0,84.0,11.0,17.0,17.0,42.0,204.0,572
150670,2017,10.0,1.0,9.0,6.0,6.0,77.0,11.0,23.0,19.0,35.0,203.0,569
150670,2018,10.0,1.0,9.0,6.0,6.0,83.0,7.0,21.0,12.0,38.0,198.0,605
150670,2019,18.0,0.0,8.0,7.0,4.0,87.0,11.0,29.0,21.0,41.0,229.0,602
150680,2012,463.0,7.0,46.0,84.0,66.0,338.0,5.0,10.0,116.0,353.0,1972.0,6489
150680,2013,0.0,0.0,0.0,0.0,0.0,0.0,0.0,0.0,0.0,0.0,1939.0,6334
150680,2014,168.0,5.0,75.0,33.0,24.0,468.0,211.0,248.0,283.0,377.0,2149.0,6595
150680,2015,197.0,29.0,68.0,32.0,27.0,441.0,199.0,205.0,361.0,345.0,2203.0,6756
150680,2016,196.0,21.0,60.0,62.0,38.0,421.0,180.0,205.0,312.0,295.0,2076.0,6491
150680,2017,162.0,33.0,60.0,62.0,51.0,487.0,152.0,183.0,257.0,353.0,2118.0,6777
150680,2018,200.0,23.0,62.0,64.0,38.0,539.0,146.0,237.0,235.0,381.0,2227.0,6703
150680,2019,195.0,23.0,79.0,78.0,60.0,660.0,105.0,345.0,145.0,503.0,2239.0,6659
150690,2012,9.0,1.0,1.0,2.0,1.0,6.0,0.0,3.0,2.0,13.0,56.0,102
150690,2013,0.0,0.0,0.0,0.0,0.0,0.0,0.0,0.0,0.0,0.0,47.0,90
150690,2014,4.0,0.0,2.0,4.0,1.0,9.0,2.0,8.0,5.0,14.0,55.0,112
150690,2015,1.0,0.0,0.0,3.0,1.0,6.0,1.0,4.0,2.0,12.0,37.0,83
150690,2016,0.0,0.0,0.0,1.0,0.0,12.0,2.0,2.0,0.0,20.0,41.0,105
150690,2017,2.0,1.0,2.0,0.0,0.0,10.0,2.0,7.0,2.0,11.0,44.0,107
150690,2018,3.0,1.0,0.0,1.0,2.0,4.0,0.0,7.0,0.0,12.0,38.0,87
150690,2019,3.0,0.0,0.0,0.0,1.0,10.0,2.0,3.0,0.0,10.0,32.0,95
150700,2012,27.0,0.0,5.0,6.0,2.0,61.0,4.0,13.0,11.0,50.0,203.0,494
150700,2013,0.0,0.0,0.0,0.0,0.0,0.0,0.0,0.0,0.0,0.0,195.0,490
150700,2014,19.0,1.0,3.0,11.0,4.0,44.0,2.0,37.0,6.0,52.0,180.0,477
150700,2015,17.0,0.0,6.0,1.0,4.0,78.0,9.0,30.0,10.0,75.0,239.0,509
150700,2016,14.0,1.0,1.0,2.0,1.0,67.0,13.0,24.0,12.0,54.0,196.0,444
150700,2017,22.0,2.0,4.0,7.0,4.0,55.0,20.0,20.0,15.0,43.0,199.0,483
150700,2018,16.0,4.0,2.0,26.0,10.0,63.0,19.0,19.0,9.0,38.0,209.0,501
150700,2019,32.0,2.0,9.0,12.0,6.0,74.0,7.0,18.0,12.0,47.0,228.0,512
150710,2012,17.0,0.0,7.0,2.0,3.0,22.0,3.0,13.0,1.0,22.0,107.0,251
150710,2013,0.0,0.0,0.0,0.0,0.0,0.0,0.0,0.0,0.0,0.0,83.0,223
150710,2014,7.0,0.0,4.0,1.0,3.0,29.0,4.0,21.0,5.0,22.0,102.0,222
150710,2015,8.0,1.0,3.0,8.0,1.0,25.0,3.0,16.0,0.0,18.0,86.0,233
150710,2016,7.0,1.0,3.0,1.0,1.0,32.0,1.0,15.0,3.0,12.0,77.0,226
150710,2017,7.0,0.0,0.0,2.0,3.0,28.0,6.0,19.0,2.0,17.0,84.0,215
150710,2018,8.0,1.0,0.0,7.0,4.0,20.0,2.0,20.0,4.0,26.0,95.0,227
150710,2019,15.0,0.0,2.0,2.0,1.0,27.0,7.0,18.0,4.0,18.0,96.0,224
150715,2012,14.0,0.0,4.0,4.0,4.0,15.0,2.0,6.0,3.0,25.0,119.0,371
150715,2013,0.0,0.0,0.0,0.0,0.0,0.0,0.0,0.0,0.0,0.0,130.0,368
150715,2014,6.0,2.0,3.0,1.0,1.0,20.0,5.0,13.0,6.0,30.0,137.0,370
150715,2015,11.0,3.0,3.0,2.0,1.0,17.0,3.0,19.0,3.0,25.0,126.0,382
150715,2016,6.0,0.0,8.0,3.0,0.0,13.0,6.0,6.0,10.0,15.0,131.0,339
150715,2017,6.0,0.0,0.0,2.0,0.0,10.0,11.0,5.0,14.0,7.0,125.0,345
150715,2018,10.0,1.0,3.0,3.0,1.0,27.0,7.0,10.0,19.0,12.0,163.0,422
150715,2019,7.0,0.0,7.0,8.0,0.0,23.0,16.0,7.0,17.0,8.0,158.0,352
150720,2012,21.0,5.0,7.0,29.0,43.0,51.0,26.0,44.0,13.0,40.0,295.0,643
150720,2013,0.0,0.0,0.0,0.0,0.0,0.0,0.0,0.0,0.0,0.0,277.0,623
150720,2014,26.0,3.0,7.0,23.0,29.0,63.0,17.0,46.0,13.0,41.0,281.0,579
150720,2015,16.0,1.0,6.0,21.0,21.0,62.0,15.0,36.0,13.0,30.0,222.0,493
150720,2016,12.0,0.0,2.0,13.0,11.0,69.0,22.0,30.0,6.0,32.0,201.0,511
150720,2017,14.0,1.0,2.0,10.0,7.0,64.0,11.0,26.0,14.0,49.0,203.0,525
150720,2018,12.0,6.0,4.0,13.0,5.0,61.0,6.0,25.0,12.0,41.0,189.0,470
150720,2019,13.0,2.0,4.0,6.0,2.0,51.0,5.0,36.0,15.0,46.0,184.0,465
150730,2012,52.0,4.0,3.0,23.0,17.0,144.0,25.0,28.0,44.0,80.0,450.0,993
150730,2013,0.0,0.0,0.0,0.0,0.0,0.0,0.0,0.0,0.0,0.0,440.0,891
150730,2014,17.0,6.0,10.0,8.0,5.0,154.0,66.0,31.0,45.0,62.0,413.0,915
150730,2015,35.0,29.0,9.0,21.0,7.0,129.0,40.0,55.0,36.0,59.0,467.0,1014
150730,2016,42.0,2.0,12.0,8.0,3.0,121.0,46.0,68.0,50.0,113.0,481.0,1046
150730,2017,56.0,14.0,5.0,10.0,3.0,160.0,39.0,75.0,46.0,117.0,527.0,1071
150730,2018,63.0,0.0,12.0,7.0,0.0,222.0,60.0,63.0,86.0,102.0,620.0,1159
150730,2019,42.0,3.0,4.0,9.0,3.0,246.0,73.0,56.0,127.0,62.0,626.0,1075
150740,2012,11.0,4.0,2.0,41.0,33.0,21.0,3.0,4.0,10.0,19.0,149.0,209
150740,2013,0.0,0.0,0.0,0.0,0.0,0.0,0.0,0.0,0.0,0.0,158.0,231
150740,2014,7.0,6.0,4.0,51.0,38.0,19.0,7.0,8.0,16.0,14.0,176.0,223
150740,2015,4.0,4.0,2.0,36.0,30.0,28.0,4.0,6.0,16.0,13.0,145.0,196
150740,2016,9.0,1.0,1.0,10.0,13.0,53.0,12.0,14.0,16.0,24.0,156.0,227
150740,2017,7.0,0.0,0.0,15.0,7.0,36.0,4.0,18.0,8.0,37.0,134.0,206
150740,2018,9.0,1.0,3.0,6.0,5.0,47.0,4.0,15.0,10.0,36.0,137.0,242
150740,2019,7.0,0.0,8.0,1.0,0.0,55.0,5.0,25.0,5.0,47.0,153.0,235
150745,2012,49.0,7.0,14.0,10.0,6.0,44.0,1.0,0.0,29.0,25.0,250.0,515
150745,2013,0.0,0.0,0.0,0.0,0.0,0.0,0.0,0.0,0.0,0.0,253.0,492
150745,2014,23.0,2.0,5.0,7.0,1.0,49.0,21.0,38.0,18.0,55.0,248.0,436
150745,2015,18.0,2.0,11.0,15.0,6.0,58.0,18.0,42.0,19.0,51.0,298.0,497
150745,2016,13.0,1.0,7.0,10.0,6.0,69.0,8.0,30.0,14.0,39.0,263.0,463
150745,2017,16.0,11.0,3.0,8.0,2.0,79.0,9.0,45.0,12.0,61.0,305.0,494
150745,2018,27.0,8.0,6.0,4.0,5.0,120.0,10.0,79.0,10.0,61.0,357.0,536
150745,2019,16.0,2.0,4.0,2.0,1.0,88.0,7.0,59.0,23.0,58.0,287.0,436
150746,2012,3.0,0.0,0.0,2.0,4.0,6.0,2.0,3.0,2.0,8.0,31.0,81
150746,2013,0.0,0.0,0.0,0.0,0.0,0.0,0.0,0.0,0.0,0.0,36.0,72
150746,2014,3.0,1.0,0.0,1.0,5.0,7.0,6.0,3.0,4.0,6.0,38.0,82
150746,2015,1.0,2.0,0.0,4.0,2.0,12.0,3.0,4.0,1.0,3.0,32.0,83
150746,2016,4.0,0.0,0.0,9.0,2.0,6.0,2.0,2.0,1.0,8.0,37.0,81
150746,2017,1.0,0.0,0.0,2.0,2.0,15.0,4.0,7.0,1.0,11.0,43.0,87
150746,2018,3.0,1.0,0.0,1.0,1.0,12.0,2.0,5.0,0.0,13.0,39.0,97
150746,2019,4.0,0.0,2.0,1.0,0.0,11.0,0.0,2.0,6.0,7.0,34.0,85
150747,2012,15.0,2.0,4.0,4.0,2.0,26.0,6.0,20.0,4.0,28.0,160.0,345
150747,2013,0.0,0.0,0.0,0.0,0.0,0.0,0.0,0.0,0.0,0.0,165.0,365
150747,2014,15.0,4.0,1.0,1.0,3.0,17.0,6.0,23.0,11.0,54.0,142.0,336
150747,2015,12.0,0.0,0.0,5.0,2.0,33.0,0.0,8.0,6.0,44.0,129.0,335
150747,2016,12.0,0.0,6.0,1.0,2.0,39.0,6.0,9.0,9.0,29.0,122.0,340
150747,2017,8.0,0.0,2.0,3.0,0.0,28.0,4.0,18.0,3.0,28.0,106.0,309
150747,2018,16.0,1.0,0.0,3.0,1.0,28.0,3.0,11.0,5.0,36.0,115.0,306
150747,2019,16.0,1.0,2.0,3.0,0.0,34.0,1.0,12.0,4.0,31.0,120.0,307
150750,2012,0.0,1.0,7.0,3.0,1.0,8.0,0.0,0.0,4.0,4.0,48.0,198
150750,2013,0.0,0.0,0.0,0.0,0.0,0.0,0.0,0.0,0.0,0.0,55.0,171
150750,2014,5.0,2.0,0.0,2.0,0.0,14.0,4.0,5.0,3.0,8.0,55.0,165
150750,2015,4.0,6.0,3.0,1.0,1.0,11.0,0.0,8.0,6.0,9.0,85.0,226
150750,2016,1.0,4.0,0.0,5.0,0.0,7.0,4.0,4.0,6.0,9.0,70.0,216
150750,2017,0.0,0.0,2.0,1.0,1.0,6.0,5.0,1.0,8.0,3.0,58.0,170
150750,2018,2.0,0.0,1.0,0.0,0.0,7.0,8.0,0.0,10.0,4.0,84.0,240
150750,2019,1.0,0.0,4.0,0.0,1.0,7.0,5.0,1.0,9.0,0.0,63.0,185
150760,2012,58.0,2.0,6.0,57.0,48.0,109.0,32.0,69.0,42.0,110.0,603.0,980
150760,2013,0.0,0.0,0.0,0.0,0.0,0.0,0.0,0.0,0.0,0.0,587.0,956
150760,2014,34.0,8.0,8.0,35.0,23.0,140.0,29.0,86.0,42.0,134.0,575.0,1006
150760,2015,40.0,2.0,3.0,47.0,39.0,147.0,15.0,78.0,29.0,129.0,546.0,973
150760,2016,33.0,8.0,6.0,57.0,37.0,123.0,25.0,55.0,29.0,82.0,484.0,932
150760,2017,47.0,3.0,10.0,30.0,10.0,159.0,17.0,82.0,27.0,130.0,531.0,957
150760,2018,47.0,4.0,12.0,36.0,12.0,172.0,19.0,68.0,39.0,118.0,546.0,942
150760,2019,41.0,0.0,10.0,18.0,10.0,177.0,18.0,75.0,52.0,92.0,516.0,926
150770,2012,23.0,0.0,2.0,9.0,11.0,38.0,9.0,16.0,15.0,39.0,195.0,465
150770,2013,0.0,0.0,0.0,0.0,0.0,0.0,0.0,0.0,0.0,0.0,260.0,499
150770,2014,32.0,3.0,7.0,16.0,3.0,68.0,3.0,44.0,9.0,89.0,284.0,531
150770,2015,13.0,3.0,6.0,39.0,38.0,54.0,6.0,24.0,3.0,61.0,262.0,553
150770,2016,19.0,1.0,8.0,10.0,10.0,55.0,4.0,14.0,8.0,34.0,168.0,551
150770,2017,21.0,1.0,4.0,6.0,3.0,64.0,4.0,23.0,14.0,36.0,178.0,520
150770,2018,19.0,0.0,5.0,4.0,4.0,76.0,4.0,30.0,9.0,45.0,211.0,517
150770,2019,18.0,1.0,10.0,5.0,6.0,72.0,2.0,43.0,8.0,75.0,252.0,526
150775,2012,4.0,0.0,0.0,4.0,0.0,9.0,6.0,1.0,11.0,4.0,39.0,70
150775,2013,0.0,0.0,0.0,0.0,0.0,0.0,0.0,0.0,0.0,0.0,52.0,94
150775,2014,7.0,0.0,0.0,1.0,3.0,11.0,3.0,6.0,3.0,10.0,46.0,82
150775,2015,4.0,2.0,3.0,0.0,1.0,9.0,3.0,2.0,10.0,8.0,47.0,93
150775,2016,4.0,0.0,0.0,2.0,0.0,15.0,2.0,2.0,2.0,6.0,38.0,86
150775,2017,5.0,0.0,0.0,2.0,0.0,16.0,2.0,3.0,4.0,6.0,40.0,95
150775,2018,5.0,0.0,2.0,0.0,0.0,21.0,2.0,4.0,9.0,10.0,56.0,119
150775,2019,1.0,0.0,2.0,1.0,1.0,18.0,3.0,2.0,3.0,6.0,38.0,93
150780,2012,7.0,3.0,0.0,0.0,1.0,28.0,6.0,3.0,4.0,5.0,140.0,323
150780,2013,0.0,0.0,0.0,0.0,0.0,0.0,0.0,0.0,0.0,0.0,97.0,290
150780,2014,5.0,0.0,5.0,3.0,2.0,28.0,8.0,20.0,7.0,23.0,104.0,271
150780,2015,9.0,0.0,2.0,2.0,1.0,23.0,6.0,10.0,6.0,14.0,81.0,302
150780,2016,5.0,0.0,4.0,2.0,0.0,32.0,10.0,11.0,11.0,23.0,100.0,257
150780,2017,8.0,0.0,3.0,1.0,3.0,40.0,10.0,16.0,12.0,23.0,119.0,297
150780,2018,10.0,0.0,0.0,4.0,0.0,48.0,13.0,17.0,8.0,15.0,119.0,293
150780,2019,15.0,2.0,2.0,0.0,1.0,47.0,15.0,11.0,20.0,13.0,127.0,305
150790,2012,24.0,6.0,1.0,5.0,5.0,43.0,4.0,23.0,11.0,66.0,213.0,460
150790,2013,0.0,0.0,0.0,0.0,0.0,0.0,0.0,0.0,0.0,0.0,150.0,393
150790,2014,24.0,1.0,6.0,5.0,1.0,51.0,2.0,22.0,19.0,42.0,177.0,428
150790,2015,21.0,1.0,6.0,5.0,1.0,52.0,4.0,20.0,10.0,53.0,183.0,432
150790,2016,29.0,0.0,1.0,1.0,2.0,47.0,12.0,23.0,18.0,35.0,179.0,382
150790,2017,37.0,0.0,3.0,2.0,4.0,47.0,23.0,11.0,58.0,16.0,203.0,382
150790,2018,30.0,0.0,4.0,3.0,5.0,60.0,19.0,12.0,48.0,28.0,218.0,395
150790,2019,23.0,0.0,4.0,3.0,2.0,65.0,17.0,11.0,33.0,30.0,189.0,386
150795,2012,76.0,7.0,19.0,17.0,15.0,138.0,34.0,56.0,62.0,138.0,585.0,1440
150795,2013,0.0,0.0,0.0,0.0,0.0,0.0,0.0,0.0,0.0,0.0,599.0,1519
150795,2014,76.0,1.0,11.0,14.0,7.0,193.0,41.0,93.0,80.0,138.0,674.0,1537
150795,2015,63.0,1.0,17.0,16.0,6.0,217.0,14.0,102.0,15.0,179.0,639.0,1688
150795,2016,55.0,0.0,20.0,9.0,5.0,196.0,13.0,62.0,24.0,150.0,546.0,1562
150795,2017,43.0,3.0,12.0,21.0,9.0,233.0,29.0,65.0,71.0,88.0,586.0,1472
150795,2018,35.0,2.0,16.0,32.0,14.0,216.0,18.0,63.0,65.0,105.0,579.0,1462
150795,2019,38.0,1.0,23.0,14.0,10.0,205.0,32.0,58.0,49.0,86.0,531.0,1453
150796,2012,11.0,1.0,0.0,27.0,23.0,29.0,4.0,8.0,9.0,15.0,130.0,196
150796,2013,0.0,0.0,0.0,0.0,0.0,0.0,0.0,0.0,0.0,0.0,109.0,180
150796,2014,5.0,1.0,0.0,11.0,9.0,25.0,6.0,11.0,6.0,19.0,98.0,176
150796,2015,3.0,1.0,0.0,24.0,13.0,24.0,7.0,10.0,11.0,23.0,117.0,207
150796,2016,8.0,1.0,2.0,12.0,7.0,34.0,5.0,4.0,9.0,10.0,93.0,174
150796,2017,6.0,0.0,2.0,15.0,4.0,38.0,3.0,13.0,9.0,27.0,118.0,206
150796,2018,6.0,0.0,2.0,9.0,0.0,32.0,1.0,6.0,6.0,21.0,84.0,175
150796,2019,4.0,0.0,2.0,5.0,0.0,28.0,3.0,21.0,3.0,25.0,91.0,182
150797,2012,13.0,1.0,2.0,1.0,2.0,35.0,2.0,2.0,5.0,23.0,98.0,255
150797,2013,0.0,0.0,0.0,0.0,0.0,0.0,0.0,0.0,0.0,0.0,128.0,289
150797,2014,9.0,3.0,0.0,1.0,2.0,36.0,5.0,16.0,8.0,36.0,123.0,314
150797,2015,17.0,4.0,0.0,2.0,5.0,38.0,2.0,13.0,4.0,41.0,135.0,267
150797,2016,10.0,0.0,2.0,1.0,0.0,43.0,0.0,21.0,3.0,36.0,125.0,273
150797,2017,11.0,2.0,0.0,3.0,6.0,45.0,4.0,22.0,2.0,46.0,141.0,283
150797,2018,10.0,0.0,0.0,6.0,2.0,50.0,1.0,27.0,3.0,59.0,175.0,346
150797,2019,11.0,2.0,9.0,4.0,1.0,53.0,1.0,18.0,0.0,44.0,144.0,311
150800,2012,39.0,1.0,4.0,6.0,3.0,91.0,0.0,6.0,33.0,99.0,496.0,1375
150800,2013,0.0,0.0,0.0,0.0,0.0,0.0,0.0,0.0,0.0,0.0,506.0,1459
150800,2014,48.0,2.0,15.0,12.0,4.0,139.0,21.0,78.0,30.0,194.0,577.0,1415
150800,2015,45.0,2.0,19.0,8.0,5.0,119.0,26.0,55.0,24.0,121.0,544.0,1470
150800,2016,27.0,30.0,16.0,15.0,13.0,55.0,6.0,21.0,11.0,36.0,570.0,1518
150800,2017,16.0,70.0,17.0,14.0,14.0,100.0,16.0,34.0,18.0,55.0,614.0,1489
150800,2018,39.0,12.0,16.0,16.0,9.0,207.0,30.0,107.0,32.0,149.0,636.0,1488
150800,2019,56.0,6.0,17.0,9.0,7.0,238.0,22.0,140.0,32.0,156.0,690.0,1515
150803,2012,43.0,3.0,2.0,3.0,2.0,32.0,7.0,19.0,4.0,40.0,210.0,602
150803,2013,0.0,0.0,0.0,0.0,0.0,0.0,0.0,0.0,0.0,0.0,227.0,578
150803,2014,18.0,2.0,8.0,13.0,2.0,37.0,8.0,37.0,0.0,68.0,227.0,567
150803,2015,30.0,1.0,5.0,5.0,6.0,43.0,2.0,49.0,3.0,73.0,245.0,565
150803,2016,18.0,1.0,10.0,6.0,3.0,46.0,2.0,37.0,4.0,53.0,205.0,537
150803,2017,23.0,1.0,7.0,12.0,9.0,47.0,2.0,32.0,0.0,67.0,237.0,566
150803,2018,19.0,2.0,2.0,3.0,7.0,60.0,1.0,34.0,4.0,56.0,210.0,503
150803,2019,15.0,1.0,4.0,8.0,3.0,49.0,7.0,41.0,4.0,50.0,200.0,479
150805,2012,12.0,0.0,0.0,0.0,3.0,22.0,3.0,14.0,13.0,19.0,91.0,209
150805,2013,0.0,0.0,0.0,0.0,0.0,0.0,0.0,0.0,0.0,0.0,101.0,212
150805,2014,8.0,1.0,2.0,1.0,2.0,21.0,5.0,20.0,9.0,34.0,109.0,223
150805,2015,10.0,0.0,6.0,1.0,0.0,23.0,6.0,25.0,12.0,35.0,122.0,209
150805,2016,11.0,2.0,1.0,3.0,0.0,30.0,4.0,19.0,1.0,29.0,104.0,227
150805,2017,10.0,0.0,2.0,2.0,2.0,33.0,11.0,15.0,20.0,18.0,113.0,221
150805,2018,15.0,1.0,1.0,1.0,3.0,39.0,13.0,22.0,10.0,31.0,140.0,262
150805,2019,12.0,0.0,0.0,6.0,2.0,51.0,3.0,18.0,11.0,38.0,141.0,275
150808,2012,23.0,4.0,4.0,90.0,84.0,55.0,18.0,4.0,34.0,17.0,343.0,745
150808,2013,0.0,0.0,0.0,0.0,0.0,0.0,0.0,0.0,0.0,0.0,291.0,689
150808,2014,20.0,1.0,12.0,6.0,2.0,168.0,12.0,6.0,33.0,14.0,277.0,662
150808,2015,14.0,2.0,8.0,4.0,5.0,83.0,17.0,9.0,22.0,21.0,354.0,704
150808,2016,24.0,2.0,8.0,20.0,10.0,116.0,23.0,25.0,50.0,41.0,344.0,631
150808,2017,32.0,6.0,13.0,26.0,17.0,130.0,49.0,29.0,63.0,47.0,417.0,702
150808,2018,35.0,1.0,8.0,43.0,18.0,150.0,33.0,37.0,49.0,68.0,444.0,762
150808,2019,16.0,1.0,8.0,20.0,12.0,148.0,47.0,43.0,86.0,58.0,441.0,733
150810,2012,89.0,5.0,22.0,21.0,11.0,244.0,65.0,43.0,114.0,116.0,1129.0,2047
150810,2013,0.0,0.0,0.0,0.0,0.0,0.0,0.0,0.0,0.0,0.0,1198.0,2209
150810,2014,83.0,1.0,28.0,9.0,16.0,223.0,48.0,86.0,95.0,159.0,1291.0,2166
150810,2015,83.0,5.0,18.0,10.0,7.0,227.0,29.0,82.0,47.0,173.0,1140.0,2131
150810,2016,108.0,3.0,29.0,22.0,14.0,314.0,72.0,96.0,141.0,184.0,1216.0,2119
150810,2017,143.0,4.0,23.0,11.0,6.0,418.0,44.0,169.0,62.0,291.0,1242.0,2053
150810,2018,119.0,2.0,29.0,10.0,8.0,399.0,46.0,134.0,84.0,305.0,1184.0,1900
150810,2019,123.0,2.0,16.0,14.0,6.0,450.0,39.0,160.0,99.0,274.0,1190.0,1790
150812,2012,7.0,1.0,12.0,5.0,1.0,73.0,22.0,35.0,61.0,46.0,265.0,469
150812,2013,0.0,0.0,0.0,0.0,0.0,0.0,0.0,0.0,0.0,0.0,266.0,474
150812,2014,8.0,3.0,4.0,2.0,0.0,70.0,11.0,38.0,28.0,69.0,236.0,461
150812,2015,7.0,5.0,4.0,38.0,33.0,50.0,9.0,23.0,28.0,34.0,238.0,467
150812,2016,12.0,0.0,8.0,59.0,42.0,42.0,5.0,17.0,18.0,48.0,261.0,493
150812,2017,7.0,1.0,10.0,26.0,16.0,48.0,4.0,23.0,15.0,40.0,200.0,431
150812,2018,10.0,0.0,7.0,8.0,5.0,100.0,6.0,24.0,14.0,43.0,230.0,475
150812,2019,7.0,1.0,11.0,6.0,3.0,67.0,3.0,27.0,7.0,68.0,213.0,444
150815,2012,20.0,0.0,1.0,7.0,0.0,28.0,10.0,7.0,8.0,15.0,345.0,859
150815,2013,0.0,0.0,0.0,0.0,0.0,0.0,0.0,0.0,0.0,0.0,314.0,791
150815,2014,38.0,3.0,0.0,11.0,4.0,99.0,12.0,33.0,19.0,93.0,322.0,793
150815,2015,40.0,5.0,14.0,8.0,9.0,100.0,9.0,27.0,30.0,71.0,327.0,824
150815,2016,43.0,1.0,16.0,3.0,2.0,89.0,19.0,40.0,23.0,83.0,346.0,736
150815,2017,50.0,3.0,8.0,5.0,6.0,108.0,24.0,41.0,32.0,92.0,391.0,743
150815,2018,60.0,2.0,11.0,8.0,4.0,122.0,42.0,42.0,48.0,68.0,433.0,793
150815,2019,41.0,0.0,6.0,7.0,2.0,159.0,31.0,66.0,46.0,91.0,454.0,783
150820,2012,32.0,1.0,2.0,3.0,7.0,74.0,8.0,42.0,18.0,70.0,346.0,716
150820,2013,0.0,0.0,0.0,0.0,0.0,0.0,0.0,0.0,0.0,0.0,388.0,798
150820,2014,36.0,0.0,8.0,8.0,6.0,84.0,31.0,68.0,31.0,87.0,380.0,749
150820,2015,29.0,1.0,12.0,4.0,1.0,82.0,17.0,62.0,13.0,101.0,343.0,772
150820,2016,30.0,2.0,8.0,8.0,6.0,87.0,18.0,45.0,15.0,109.0,335.0,753
150820,2017,21.0,4.0,6.0,9.0,5.0,86.0,18.0,40.0,22.0,77.0,296.0,707
150820,2018,29.0,2.0,7.0,25.0,18.0,81.0,24.0,47.0,12.0,82.0,335.0,748
150820,2019,32.0,2.0,8.0,30.0,9.0,83.0,22.0,47.0,24.0,53.0,329.0,713
150830,2012,32.0,7.0,6.0,11.0,10.0,34.0,3.0,14.0,4.0,48.0,272.0,1215
150830,2013,0.0,0.0,0.0,0.0,0.0,0.0,0.0,0.0,0.0,0.0,267.0,1218
150830,2014,24.0,3.0,11.0,23.0,17.0,56.0,8.0,38.0,9.0,71.0,284.0,1215
150830,2015,28.0,1.0,14.0,18.0,10.0,57.0,4.0,59.0,5.0,83.0,304.0,1251
150830,2016,23.0,3.0,10.0,19.0,12.0,75.0,5.0,50.0,9.0,77.0,315.0,1158
150830,2017,28.0,3.0,11.0,26.0,15.0,48.0,8.0,40.0,4.0,76.0,292.0,1140
150830,2018,39.0,3.0,6.0,13.0,8.0,71.0,5.0,52.0,8.0,67.0,305.0,1147
150830,2019,26.0,4.0,8.0,14.0,5.0,64.0,15.0,56.0,14.0,76.0,305.0,1044
150835,2012,1.0,0.0,4.0,3.0,0.0,9.0,1.0,1.0,0.0,5.0,69.0,229
150835,2013,0.0,0.0,0.0,0.0,0.0,0.0,0.0,0.0,0.0,0.0,76.0,198
150835,2014,11.0,0.0,0.0,1.0,1.0,28.0,7.0,19.0,6.0,20.0,114.0,257
150835,2015,12.0,0.0,4.0,2.0,2.0,46.0,11.0,17.0,16.0,31.0,161.0,353
150835,2016,18.0,0.0,10.0,0.0,2.0,64.0,12.0,32.0,18.0,44.0,200.0,396
150835,2017,18.0,1.0,8.0,1.0,3.0,66.0,17.0,24.0,20.0,38.0,200.0,377
150835,2018,22.0,0.0,5.0,0.0,0.0,65.0,21.0,58.0,7.0,60.0,242.0,388
150835,2019,23.0,0.0,4.0,7.0,4.0,73.0,20.0,34.0,27.0,46.0,238.0,365
150840,2012,23.0,13.0,4.0,16.0,13.0,139.0,41.0,43.0,88.0,76.0,464.0,770
150840,2013,0.0,0.0,0.0,0.0,0.0,0.0,0.0,0.0,0.0,0.0,491.0,751
150840,2014,68.0,6.0,4.0,16.0,11.0,133.0,47.0,78.0,92.0,142.0,628.0,817
150840,2015,69.0,3.0,23.0,19.0,11.0,218.0,77.0,63.0,123.0,97.0,735.0,931
150840,2016,54.0,4.0,7.0,10.0,12.0,239.0,58.0,54.0,96.0,110.0,658.0,904
150840,2017,55.0,5.0,16.0,8.0,7.0,217.0,32.0,62.0,64.0,121.0,606.0,881
150840,2018,42.0,2.0,4.0,13.0,10.0,243.0,24.0,75.0,43.0,136.0,621.0,950
150840,2019,37.0,2.0,7.0,13.0,11.0,241.0,18.0,91.0,37.0,146.0,630.0,945
160000,2012,0.0,0.0,0.0,0.0,0.0,0.0,0.0,0.0,0.0,0.0,0.0,1
160000,2013,0.0,0.0,0.0,0.0,0.0,0.0,0.0,0.0,0.0,0.0,0.0,1
160000,2015,1.0,0.0,0.0,0.0,0.0,0.0,0.0,0.0,0.0,0.0,1.0,3
160005,2012,6.0,0.0,0.0,0.0,1.0,7.0,5.0,1.0,8.0,2.0,34.0,77
160005,2013,0.0,0.0,0.0,0.0,0.0,0.0,0.0,0.0,0.0,0.0,30.0,89
160005,2014,2.0,0.0,0.0,1.0,0.0,4.0,1.0,3.0,3.0,2.0,22.0,73
160005,2015,0.0,1.0,0.0,1.0,0.0,6.0,1.0,1.0,4.0,2.0,19.0,63
160005,2016,1.0,0.0,2.0,0.0,1.0,5.0,5.0,4.0,5.0,3.0,27.0,67
160005,2017,2.0,0.0,4.0,1.0,0.0,6.0,4.0,1.0,5.0,2.0,29.0,60
160005,2018,1.0,0.0,0.0,3.0,0.0,7.0,7.0,0.0,3.0,2.0,32.0,76
160005,2019,14.0,0.0,0.0,0.0,0.0,11.0,7.0,1.0,2.0,1.0,37.0,92
160010,2012,3.0,0.0,1.0,3.0,0.0,4.0,3.0,1.0,11.0,0.0,30.0,148
160010,2013,0.0,0.0,0.0,0.0,0.0,0.0,0.0,0.0,0.0,0.0,16.0,154
160010,2014,3.0,0.0,0.0,2.0,1.0,4.0,7.0,2.0,3.0,0.0,22.0,141
160010,2015,1.0,0.0,0.0,2.0,0.0,3.0,5.0,2.0,5.0,1.0,21.0,161
160010,2016,3.0,0.0,0.0,1.0,2.0,3.0,5.0,0.0,0.0,1.0,15.0,133
160010,2017,3.0,0.0,2.0,1.0,2.0,5.0,0.0,0.0,3.0,2.0,18.0,141
160010,2018,3.0,0.0,0.0,1.0,1.0,8.0,2.0,1.0,5.0,2.0,23.0,188
160010,2019,3.0,0.0,2.0,2.0,0.0,12.0,3.0,2.0,6.0,3.0,33.0,169
160015,2012,15.0,0.0,4.0,1.0,1.0,23.0,4.0,2.0,10.0,0.0,70.0,279
160015,2013,0.0,0.0,0.0,0.0,0.0,0.0,0.0,0.0,0.0,0.0,77.0,283
160015,2014,4.0,1.0,1.0,1.0,4.0,13.0,9.0,10.0,8.0,3.0,59.0,274
160015,2015,6.0,0.0,0.0,3.0,0.0,29.0,7.0,9.0,10.0,3.0,70.0,244
160015,2016,5.0,0.0,4.0,5.0,2.0,17.0,7.0,1.0,7.0,2.0,50.0,252
160015,2017,5.0,1.0,2.0,0.0,1.0,15.0,6.0,2.0,9.0,2.0,45.0,272
160015,2018,6.0,0.0,3.0,4.0,0.0,18.0,12.0,4.0,14.0,2.0,73.0,303
160015,2019,19.0,0.0,4.0,3.0,2.0,25.0,9.0,0.0,14.0,5.0,81.0,311
160020,2012,4.0,0.0,0.0,0.0,0.0,5.0,1.0,0.0,5.0,1.0,16.0,180
160020,2013,0.0,0.0,0.0,0.0,0.0,0.0,0.0,0.0,0.0,0.0,21.0,195
160020,2014,3.0,1.0,2.0,3.0,0.0,10.0,3.0,4.0,3.0,0.0,30.0,194
160020,2015,3.0,0.0,0.0,3.0,0.0,8.0,3.0,2.0,9.0,2.0,30.0,198
160020,2016,6.0,0.0,4.0,3.0,2.0,6.0,4.0,1.0,3.0,1.0,30.0,176
160020,2017,3.0,0.0,0.0,2.0,1.0,15.0,8.0,3.0,5.0,1.0,38.0,210
160020,2018,4.0,0.0,3.0,1.0,0.0,14.0,8.0,4.0,12.0,3.0,51.0,223
160020,2019,17.0,0.0,4.0,2.0,2.0,7.0,11.0,1.0,9.0,2.0,55.0,214
160021,2012,1.0,0.0,0.0,0.0,0.0,4.0,1.0,0.0,2.0,0.0,9.0,68
160021,2013,0.0,0.0,0.0,0.0,0.0,0.0,0.0,0.0,0.0,0.0,14.0,83
160021,2014,0.0,0.0,0.0,0.0,0.0,5.0,2.0,1.0,7.0,3.0,18.0,81
160021,2015,2.0,0.0,1.0,0.0,0.0,3.0,1.0,0.0,3.0,1.0,11.0,85
160021,2016,3.0,0.0,0.0,3.0,1.0,5.0,0.0,0.0,5.0,3.0,20.0,89
160021,2017,2.0,0.0,4.0,1.0,0.0,4.0,0.0,0.0,5.0,2.0,19.0,106
160021,2018,1.0,0.0,0.0,2.0,0.0,8.0,4.0,1.0,8.0,0.0,28.0,118
160021,2019,3.0,0.0,2.0,1.0,1.0,4.0,6.0,0.0,2.0,1.0,20.0,90
160023,2012,5.0,0.0,4.0,0.0,0.0,12.0,7.0,1.0,8.0,2.0,43.0,168
160023,2013,0.0,0.0,0.0,0.0,0.0,0.0,0.0,0.0,0.0,0.0,40.0,193
160023,2014,5.0,0.0,4.0,0.0,1.0,10.0,7.0,8.0,6.0,7.0,51.0,187
160023,2015,3.0,0.0,3.0,2.0,0.0,12.0,4.0,4.0,10.0,5.0,47.0,192
160023,2016,4.0,1.0,0.0,3.0,1.0,12.0,5.0,1.0,11.0,4.0,44.0,180
160023,2017,3.0,1.0,4.0,3.0,1.0,14.0,1.0,2.0,5.0,2.0,41.0,164
160023,2018,1.0,0.0,0.0,2.0,0.0,14.0,7.0,0.0,13.0,2.0,42.0,168
160023,2019,6.0,0.0,0.0,3.0,0.0,17.0,9.0,0.0,3.0,1.0,39.0,168
160025,2012,2.0,1.0,0.0,0.0,0.0,5.0,2.0,0.0,3.0,3.0,16.0,102
160025,2013,0.0,0.0,0.0,0.0,0.0,0.0,0.0,0.0,0.0,0.0,17.0,115
160025,2014,2.0,0.0,2.0,2.0,0.0,7.0,6.0,1.0,1.0,1.0,22.0,121
160025,2015,5.0,0.0,0.0,2.0,0.0,2.0,3.0,1.0,3.0,1.0,17.0,109
160025,2016,3.0,0.0,0.0,0.0,1.0,3.0,4.0,1.0,6.0,1.0,19.0,99
160025,2017,4.0,0.0,0.0,1.0,1.0,6.0,6.0,1.0,5.0,1.0,27.0,120
160025,2018,3.0,1.0,0.0,3.0,0.0,11.0,8.0,0.0,10.0,1.0,39.0,157
160025,2019,6.0,0.0,0.0,0.0,0.0,6.0,6.0,3.0,9.0,0.0,30.0,145
160027,2012,19.0,1.0,12.0,14.0,3.0,61.0,17.0,16.0,46.0,35.0,251.0,893
160027,2013,0.0,0.0,0.0,0.0,0.0,0.0,0.0,0.0,0.0,0.0,239.0,887
160027,2014,42.0,2.0,7.0,12.0,13.0,89.0,44.0,45.0,66.0,56.0,381.0,996
160027,2015,38.0,2.0,11.0,10.0,6.0,81.0,31.0,35.0,53.0,53.0,321.0,923
160027,2016,30.0,3.0,9.0,6.0,8.0,77.0,33.0,40.0,30.0,53.0,291.0,783
160027,2017,40.0,1.0,19.0,3.0,5.0,73.0,14.0,59.0,30.0,71.0,317.0,813
160027,2018,40.0,0.0,18.0,9.0,9.0,88.0,21.0,37.0,25.0,64.0,314.0,830
160027,2019,11.0,0.0,14.0,1.0,1.0,31.0,4.0,14.0,5.0,12.0,277.0,776
160030,2012,650.0,13.0,87.0,79.0,65.0,776.0,178.0,63.0,688.0,127.0,3060.0,8993
160030,2013,0.0,0.0,0.0,0.0,0.0,0.0,0.0,0.0,0.0,0.0,3522.0,9540
160030,2014,327.0,7.0,82.0,96.0,78.0,863.0,319.0,351.0,478.0,491.0,3755.0,9799
160030,2015,360.0,11.0,99.0,69.0,50.0,874.0,321.0,358.0,477.0,497.0,3621.0,9492
160030,2016,369.0,11.0,114.0,242.0,180.0,869.0,443.0,143.0,770.0,228.0,3609.0,9478
160030,2017,368.0,7.0,122.0,89.0,53.0,906.0,456.0,94.0,705.0,139.0,3557.0,9269
160030,2018,327.0,10.0,104.0,119.0,62.0,928.0,499.0,90.0,671.0,121.0,3589.0,9293
160030,2019,1018.0,11.0,125.0,112.0,68.0,926.0,449.0,82.0,669.0,99.0,3592.0,8884
160040,2012,6.0,0.0,7.0,3.0,3.0,19.0,5.0,7.0,9.0,6.0,79.0,404
160040,2013,0.0,0.0,0.0,0.0,0.0,0.0,0.0,0.0,0.0,0.0,110.0,449
160040,2014,8.0,0.0,6.0,1.0,2.0,33.0,10.0,14.0,23.0,10.0,110.0,432
160040,2015,14.0,0.0,3.0,3.0,3.0,26.0,15.0,6.0,17.0,8.0,98.0,466
160040,2016,12.0,1.0,4.0,14.0,2.0,24.0,15.0,9.0,20.0,10.0,115.0,460
160040,2017,10.0,0.0,4.0,3.0,3.0,31.0,8.0,7.0,16.0,5.0,90.0,450
160040,2018,5.0,2.0,3.0,5.0,5.0,37.0,17.0,10.0,18.0,8.0,114.0,516
160040,2019,29.0,1.0,3.0,6.0,4.0,33.0,16.0,14.0,30.0,9.0,150.0,576
160050,2012,23.0,1.0,2.0,3.0,2.0,18.0,4.0,10.0,4.0,9.0,84.0,484
160050,2013,0.0,0.0,0.0,0.0,0.0,0.0,0.0,0.0,0.0,0.0,149.0,500
160050,2014,18.0,3.0,7.0,5.0,2.0,39.0,24.0,25.0,11.0,32.0,180.0,529
160050,2015,7.0,3.0,2.0,5.0,2.0,36.0,10.0,35.0,8.0,33.0,152.0,469
160050,2016,9.0,2.0,7.0,7.0,4.0,50.0,15.0,23.0,16.0,29.0,162.0,559
160050,2017,14.0,0.0,2.0,7.0,5.0,51.0,9.0,47.0,14.0,40.0,192.0,557
160050,2018,7.0,0.0,7.0,5.0,3.0,73.0,8.0,36.0,23.0,29.0,198.0,577
160050,2019,21.0,0.0,4.0,9.0,4.0,63.0,17.0,36.0,20.0,41.0,218.0,596
160053,2012,8.0,0.0,4.0,0.0,1.0,21.0,5.0,2.0,11.0,5.0,73.0,305
160053,2013,0.0,0.0,0.0,0.0,0.0,0.0,0.0,0.0,0.0,0.0,93.0,340
160053,2014,8.0,0.0,8.0,3.0,3.0,29.0,11.0,13.0,24.0,14.0,123.0,427
160053,2015,2.0,1.0,5.0,6.0,1.0,37.0,13.0,8.0,17.0,16.0,114.0,414
160053,2016,6.0,0.0,0.0,11.0,5.0,43.0,5.0,4.0,17.0,8.0,104.0,369
160053,2017,12.0,0.0,3.0,2.0,2.0,34.0,14.0,5.0,23.0,6.0,109.0,395
160053,2018,16.0,0.0,4.0,5.0,2.0,37.0,17.0,4.0,20.0,5.0,121.0,440
160053,2019,17.0,1.0,2.0,3.0,1.0,38.0,15.0,4.0,18.0,3.0,103.0,411
160055,2012,1.0,0.0,0.0,0.0,0.0,3.0,1.0,0.0,0.0,1.0,8.0,76
160055,2013,0.0,0.0,0.0,0.0,0.0,0.0,0.0,0.0,0.0,0.0,9.0,79
160055,2014,0.0,0.0,0.0,1.0,0.0,1.0,0.0,0.0,0.0,1.0,4.0,72
160055,2015,4.0,1.0,0.0,1.0,3.0,1.0,1.0,1.0,2.0,1.0,17.0,84
160055,2016,2.0,0.0,0.0,2.0,0.0,3.0,1.0,1.0,0.0,0.0,9.0,66
160055,2017,0.0,0.0,0.0,0.0,0.0,2.0,4.0,1.0,1.0,0.0,8.0,80
160055,2018,2.0,0.0,0.0,1.0,0.0,5.0,2.0,0.0,2.0,0.0,12.0,77
160055,2019,4.0,1.0,0.0,2.0,0.0,2.0,1.0,2.0,2.0,0.0,14.0,71
160060,2012,113.0,5.0,21.0,16.0,6.0,218.0,68.0,36.0,137.0,64.0,822.0,2186
160060,2013,0.0,0.0,0.0,0.0,0.0,0.0,0.0,0.0,0.0,0.0,880.0,2260
160060,2014,73.0,2.0,14.0,31.0,17.0,214.0,82.0,59.0,140.0,100.0,844.0,2378
160060,2015,79.0,5.0,24.0,27.0,21.0,233.0,59.0,53.0,111.0,87.0,790.0,2267
160060,2016,96.0,1.0,20.0,46.0,28.0,207.0,65.0,47.0,113.0,74.0,740.0,2253
160060,2017,77.0,6.0,20.0,15.0,19.0,216.0,64.0,39.0,102.0,76.0,745.0,2188
160060,2018,76.0,1.0,24.0,22.0,11.0,242.0,74.0,49.0,109.0,86.0,801.0,2279
160060,2019,168.0,4.0,38.0,24.0,17.0,213.0,76.0,61.0,109.0,92.0,821.0,2230
160070,2012,7.0,1.0,0.0,2.0,1.0,12.0,8.0,2.0,7.0,2.0,45.0,288
160070,2013,0.0,0.0,0.0,0.0,0.0,0.0,0.0,0.0,0.0,0.0,47.0,271
160070,2014,4.0,2.0,2.0,2.0,0.0,17.0,14.0,10.0,13.0,5.0,73.0,293
160070,2015,7.0,0.0,1.0,2.0,0.0,15.0,10.0,5.0,11.0,5.0,57.0,302
160070,2016,3.0,1.0,2.0,4.0,4.0,17.0,5.0,1.0,7.0,4.0,48.0,311
160070,2017,4.0,1.0,0.0,3.0,4.0,8.0,11.0,3.0,13.0,1.0,51.0,300
160070,2018,10.0,1.0,0.0,0.0,1.0,17.0,13.0,0.0,9.0,3.0,56.0,319
160070,2019,10.0,1.0,0.0,2.0,0.0,19.0,8.0,0.0,16.0,1.0,57.0,331
160080,2012,4.0,0.0,4.0,2.0,1.0,13.0,8.0,4.0,13.0,8.0,61.0,243
160080,2013,0.0,0.0,0.0,0.0,0.0,0.0,0.0,0.0,0.0,0.0,64.0,271
160080,2014,16.0,1.0,4.0,3.0,2.0,22.0,8.0,11.0,16.0,22.0,105.0,274
160080,2015,8.0,0.0,2.0,5.0,4.0,17.0,7.0,13.0,15.0,16.0,88.0,278
160080,2016,6.0,0.0,4.0,6.0,1.0,18.0,9.0,11.0,9.0,11.0,77.0,246
160080,2017,8.0,0.0,8.0,2.0,1.0,21.0,11.0,19.0,7.0,13.0,91.0,274
160080,2018,13.0,0.0,0.0,2.0,0.0,37.0,5.0,23.0,3.0,24.0,108.0,300
160080,2019,5.0,0.0,3.0,3.0,1.0,5.0,3.0,4.0,2.0,2.0,88.0,292
170000,2012,0.0,0.0,0.0,0.0,0.0,1.0,0.0,0.0,0.0,0.0,2.0,4
170000,2013,0.0,0.0,0.0,0.0,0.0,0.0,0.0,0.0,0.0,0.0,2.0,5
170000,2014,0.0,0.0,0.0,0.0,0.0,0.0,0.0,0.0,0.0,2.0,2.0,5
170000,2015,1.0,0.0,0.0,0.0,0.0,1.0,0.0,1.0,0.0,0.0,4.0,4
170000,2016,0.0,0.0,0.0,0.0,0.0,0.0,0.0,0.0,0.0,0.0,0.0,1
170000,2017,0.0,0.0,0.0,0.0,0.0,0.0,1.0,1.0,0.0,0.0,2.0,3
170000,2019,0.0,1.0,1.0,0.0,0.0,0.0,0.0,0.0,0.0,0.0,2.0,2
170025,2012,0.0,0.0,0.0,0.0,0.0,4.0,1.0,1.0,0.0,4.0,10.0,27
170025,2013,0.0,0.0,0.0,0.0,0.0,0.0,0.0,0.0,0.0,0.0,12.0,37
170025,2014,1.0,0.0,2.0,0.0,0.0,9.0,1.0,1.0,0.0,2.0,16.0,41
170025,2015,1.0,0.0,0.0,1.0,0.0,4.0,0.0,1.0,0.0,2.0,9.0,30
170025,2016,3.0,0.0,0.0,0.0,1.0,2.0,1.0,0.0,1.0,2.0,10.0,36
170025,2017,0.0,0.0,2.0,0.0,0.0,7.0,0.0,2.0,0.0,2.0,13.0,27
170025,2018,2.0,0.0,0.0,1.0,0.0,7.0,1.0,1.0,2.0,6.0,20.0,44
170025,2019,1.0,0.0,0.0,0.0,0.0,8.0,0.0,4.0,3.0,0.0,16.0,32
170030,2012,2.0,0.0,0.0,0.0,0.0,5.0,5.0,3.0,1.0,6.0,22.0,84
170030,2013,0.0,0.0,0.0,0.0,0.0,0.0,0.0,0.0,0.0,0.0,34.0,84
170030,2014,5.0,1.0,0.0,1.0,0.0,7.0,3.0,6.0,6.0,7.0,37.0,80
170030,2015,1.0,0.0,2.0,0.0,0.0,16.0,3.0,1.0,6.0,6.0,36.0,77
170030,2016,3.0,1.0,0.0,1.0,1.0,13.0,6.0,4.0,7.0,4.0,41.0,85
170030,2017,0.0,0.0,0.0,4.0,0.0,13.0,7.0,6.0,7.0,3.0,41.0,76
170030,2018,4.0,0.0,0.0,1.0,0.0,12.0,5.0,5.0,3.0,4.0,34.0,77
170030,2019,2.0,0.0,2.0,0.0,1.0,11.0,3.0,2.0,1.0,5.0,27.0,60
170035,2012,7.0,0.0,8.0,0.0,1.0,9.0,0.0,0.0,3.0,8.0,42.0,87
170035,2013,0.0,0.0,0.0,0.0,0.0,0.0,0.0,0.0,0.0,0.0,43.0,81
170035,2014,6.0,0.0,0.0,2.0,0.0,10.0,1.0,10.0,2.0,11.0,44.0,78
170035,2015,3.0,0.0,4.0,1.0,1.0,14.0,1.0,4.0,4.0,8.0,41.0,71
170035,2016,8.0,0.0,0.0,4.0,1.0,10.0,5.0,3.0,5.0,6.0,42.0,68
170035,2017,8.0,0.0,0.0,0.0,2.0,16.0,2.0,2.0,6.0,10.0,46.0,93
170035,2018,6.0,0.0,2.0,1.0,1.0,11.0,5.0,6.0,6.0,6.0,44.0,72
170035,2019,8.0,1.0,2.0,3.0,0.0,17.0,3.0,2.0,6.0,4.0,46.0,71
170040,2012,5.0,1.0,0.0,2.0,1.0,10.0,14.0,5.0,5.0,6.0,51.0,135
170040,2013,0.0,0.0,0.0,0.0,0.0,0.0,0.0,0.0,0.0,0.0,62.0,129
170040,2014,2.0,0.0,4.0,1.0,2.0,13.0,5.0,7.0,7.0,1.0,42.0,128
170040,2015,3.0,0.0,0.0,0.0,0.0,16.0,11.0,7.0,5.0,6.0,49.0,108
170040,2016,1.0,0.0,2.0,1.0,0.0,18.0,6.0,2.0,6.0,8.0,47.0,113
170040,2017,5.0,0.0,5.0,2.0,0.0,16.0,7.0,5.0,8.0,7.0,55.0,128
170040,2018,3.0,0.0,0.0,0.0,3.0,11.0,9.0,8.0,4.0,9.0,48.0,108
170040,2019,5.0,0.0,2.0,4.0,0.0,18.0,5.0,8.0,2.0,5.0,50.0,117
170070,2012,11.0,0.0,1.0,1.0,0.0,17.0,1.0,2.0,7.0,11.0,60.0,114
170070,2013,0.0,0.0,0.0,0.0,0.0,0.0,0.0,0.0,0.0,0.0,55.0,101
170070,2014,7.0,0.0,0.0,0.0,1.0,23.0,4.0,5.0,7.0,19.0,78.0,125
170070,2015,8.0,0.0,0.0,1.0,0.0,21.0,3.0,10.0,11.0,16.0,73.0,122
170070,2016,4.0,0.0,0.0,2.0,1.0,23.0,4.0,3.0,11.0,2.0,51.0,98
170070,2017,6.0,0.0,0.0,1.0,1.0,24.0,5.0,4.0,12.0,8.0,61.0,111
170070,2018,12.0,0.0,3.0,1.0,1.0,23.0,5.0,9.0,13.0,15.0,83.0,132
170070,2019,5.0,0.0,2.0,0.0,2.0,28.0,4.0,8.0,25.0,4.0,79.0,130
170100,2012,4.0,0.0,0.0,1.0,0.0,17.0,6.0,3.0,11.0,4.0,57.0,157
170100,2013,0.0,0.0,0.0,0.0,0.0,0.0,0.0,0.0,0.0,0.0,73.0,166
170100,2014,6.0,0.0,2.0,2.0,2.0,15.0,3.0,8.0,15.0,11.0,71.0,163
170100,2015,5.0,0.0,2.0,1.0,1.0,28.0,8.0,3.0,7.0,17.0,73.0,175
170100,2016,7.0,0.0,2.0,0.0,0.0,20.0,2.0,13.0,7.0,18.0,69.0,156
170100,2017,5.0,0.0,2.0,2.0,4.0,30.0,9.0,9.0,9.0,9.0,82.0,164
170100,2018,6.0,0.0,10.0,2.0,0.0,23.0,4.0,17.0,14.0,11.0,87.0,167
170100,2019,3.0,0.0,2.0,2.0,1.0,30.0,9.0,12.0,11.0,11.0,81.0,170
170105,2012,1.0,0.0,0.0,0.0,0.0,10.0,1.0,2.0,9.0,2.0,25.0,47
170105,2013,0.0,0.0,0.0,0.0,0.0,0.0,0.0,0.0,0.0,0.0,22.0,45
170105,2014,1.0,0.0,0.0,0.0,0.0,11.0,2.0,2.0,1.0,3.0,21.0,40
170105,2015,1.0,0.0,2.0,1.0,1.0,5.0,2.0,4.0,1.0,4.0,21.0,45
170105,2016,0.0,0.0,0.0,1.0,1.0,10.0,2.0,1.0,2.0,6.0,23.0,48
170105,2017,2.0,0.0,2.0,0.0,1.0,9.0,2.0,3.0,1.0,4.0,24.0,43
170105,2018,3.0,0.0,0.0,0.0,0.0,8.0,0.0,2.0,4.0,4.0,21.0,39
170105,2019,1.0,0.0,0.0,0.0,0.0,12.0,4.0,5.0,4.0,4.0,30.0,49
170110,2012,3.0,0.0,0.0,1.0,1.0,11.0,2.0,2.0,4.0,7.0,36.0,81
170110,2013,0.0,0.0,0.0,0.0,0.0,0.0,0.0,0.0,0.0,0.0,28.0,66
170110,2014,0.0,0.0,0.0,0.0,2.0,11.0,1.0,1.0,7.0,4.0,26.0,71
170110,2015,3.0,1.0,1.0,0.0,0.0,16.0,5.0,7.0,4.0,6.0,44.0,81
170110,2016,4.0,0.0,0.0,2.0,0.0,12.0,4.0,3.0,3.0,4.0,32.0,69
170110,2017,2.0,1.0,0.0,2.0,1.0,10.0,4.0,4.0,4.0,9.0,38.0,79
170110,2018,5.0,1.0,2.0,1.0,0.0,15.0,3.0,3.0,9.0,1.0,41.0,85
170110,2019,2.0,0.0,4.0,2.0,0.0,9.0,10.0,5.0,4.0,3.0,39.0,75
170130,2012,5.0,0.0,0.0,0.0,0.0,10.0,3.0,0.0,8.0,2.0,28.0,89
170130,2013,0.0,0.0,0.0,0.0,0.0,0.0,0.0,0.0,0.0,0.0,29.0,69
170130,2014,0.0,0.0,0.0,1.0,1.0,8.0,3.0,2.0,4.0,6.0,25.0,56
170130,2015,2.0,0.0,2.0,2.0,0.0,14.0,1.0,3.0,4.0,6.0,34.0,68
170130,2016,1.0,0.0,2.0,0.0,0.0,11.0,3.0,2.0,0.0,5.0,25.0,67
170130,2017,1.0,0.0,0.0,1.0,0.0,8.0,3.0,8.0,6.0,4.0,31.0,68
170130,2018,6.0,0.0,0.0,0.0,0.0,18.0,3.0,9.0,4.0,9.0,49.0,75
170130,2019,3.0,0.0,0.0,3.0,0.0,16.0,3.0,5.0,5.0,10.0,45.0,80
170190,2012,3.0,0.0,4.0,1.0,1.0,19.0,0.0,4.0,5.0,7.0,44.0,103
170190,2013,0.0,0.0,0.0,0.0,0.0,0.0,0.0,0.0,0.0,0.0,28.0,101
170190,2014,2.0,0.0,0.0,0.0,0.0,12.0,3.0,2.0,3.0,4.0,26.0,68
170190,2015,2.0,0.0,0.0,1.0,0.0,13.0,3.0,1.0,8.0,7.0,35.0,84
170190,2016,2.0,0.0,0.0,2.0,0.0,12.0,8.0,6.0,9.0,4.0,44.0,95
170190,2017,3.0,0.0,4.0,2.0,0.0,25.0,6.0,8.0,8.0,7.0,63.0,113
170190,2018,3.0,0.0,5.0,2.0,1.0,18.0,4.0,6.0,3.0,6.0,48.0,100
170190,2019,6.0,0.0,2.0,2.0,2.0,16.0,5.0,4.0,2.0,8.0,47.0,103
170200,2012,5.0,16.0,0.0,1.0,3.0,14.0,2.0,1.0,5.0,6.0,59.0,100
170200,2013,0.0,0.0,0.0,0.0,0.0,0.0,0.0,0.0,0.0,0.0,75.0,104
170200,2014,5.0,12.0,2.0,0.0,0.0,21.0,1.0,5.0,5.0,13.0,66.0,104
170200,2015,3.0,1.0,0.0,1.0,1.0,22.0,4.0,4.0,4.0,9.0,53.0,99
170200,2016,6.0,0.0,4.0,0.0,1.0,16.0,1.0,7.0,5.0,13.0,55.0,93
170200,2017,9.0,0.0,0.0,1.0,1.0,13.0,4.0,5.0,12.0,12.0,58.0,97
170200,2018,5.0,0.0,2.0,0.0,1.0,24.0,6.0,4.0,4.0,10.0,56.0,86
170200,2019,3.0,0.0,0.0,1.0,0.0,35.0,5.0,4.0,10.0,19.0,78.0,101
170210,2012,156.0,5.0,48.0,30.0,28.0,490.0,121.0,85.0,370.0,204.0,1542.0,3122
170210,2013,0.0,0.0,0.0,0.0,0.0,0.0,0.0,0.0,0.0,0.0,1615.0,3065
170210,2014,134.0,7.0,52.0,38.0,32.0,559.0,171.0,195.0,315.0,283.0,1789.0,3200
170210,2015,108.0,3.0,46.0,47.0,46.0,647.0,131.0,220.0,213.0,370.0,1834.0,3181
170210,2016,131.0,4.0,54.0,47.0,55.0,593.0,117.0,214.0,208.0,334.0,1759.0,3086
170210,2017,134.0,2.0,46.0,45.0,32.0,667.0,188.0,204.0,258.0,334.0,1913.0,3098
170210,2018,187.0,2.0,68.0,50.0,46.0,738.0,154.0,279.0,286.0,385.0,2204.0,3357
170210,2019,152.0,1.0,64.0,46.0,44.0,721.0,194.0,220.0,259.0,312.0,2018.0,3101
170215,2012,2.0,1.0,1.0,0.0,1.0,4.0,2.0,1.0,3.0,5.0,27.0,92
170215,2013,0.0,0.0,0.0,0.0,0.0,0.0,0.0,0.0,0.0,0.0,40.0,106
170215,2014,4.0,1.0,0.0,0.0,1.0,7.0,4.0,1.0,6.0,10.0,38.0,81
170215,2015,3.0,0.0,2.0,2.0,0.0,12.0,6.0,6.0,7.0,7.0,48.0,92
170215,2016,4.0,0.0,0.0,1.0,0.0,11.0,0.0,9.0,0.0,10.0,38.0,87
170215,2017,3.0,1.0,2.0,3.0,0.0,16.0,3.0,7.0,3.0,4.0,52.0,97
170215,2018,4.0,0.0,0.0,4.0,0.0,14.0,6.0,6.0,2.0,5.0,43.0,90
170215,2019,4.0,0.0,4.0,2.0,1.0,16.0,7.0,7.0,3.0,5.0,49.0,91
170220,2012,23.0,2.0,5.0,8.0,5.0,46.0,11.0,29.0,20.0,55.0,212.0,558
170220,2013,0.0,0.0,0.0,0.0,0.0,0.0,0.0,0.0,0.0,0.0,193.0,511
170220,2014,22.0,1.0,5.0,3.0,5.0,60.0,10.0,30.0,19.0,56.0,221.0,647
170220,2015,27.0,2.0,4.0,6.0,1.0,63.0,14.0,31.0,18.0,59.0,235.0,599
170220,2016,25.0,3.0,2.0,4.0,4.0,55.0,9.0,36.0,15.0,49.0,208.0,538
170220,2017,28.0,2.0,2.0,10.0,4.0,70.0,10.0,25.0,22.0,37.0,223.0,569
170220,2018,15.0,0.0,3.0,5.0,4.0,70.0,10.0,38.0,10.0,37.0,211.0,502
170220,2019,18.0,1.0,10.0,9.0,7.0,92.0,11.0,19.0,22.0,51.0,248.0,557
170230,2012,0.0,0.0,0.0,2.0,0.0,13.0,4.0,3.0,11.0,8.0,42.0,75
170230,2013,0.0,0.0,0.0,0.0,0.0,0.0,0.0,0.0,0.0,0.0,48.0,105
170230,2014,3.0,0.0,1.0,2.0,1.0,6.0,2.0,3.0,4.0,6.0,29.0,94
170230,2015,3.0,0.0,0.0,3.0,1.0,13.0,5.0,4.0,8.0,15.0,55.0,95
170230,2016,1.0,0.0,3.0,1.0,3.0,18.0,2.0,5.0,7.0,14.0,54.0,97
170230,2017,1.0,0.0,0.0,1.0,2.0,15.0,2.0,8.0,6.0,9.0,44.0,102
170230,2018,2.0,0.0,0.0,3.0,0.0,18.0,8.0,3.0,6.0,10.0,52.0,101
170230,2019,3.0,0.0,0.0,1.0,1.0,17.0,3.0,3.0,5.0,7.0,42.0,94
170240,2012,7.0,0.0,2.0,0.0,4.0,24.0,6.0,3.0,10.0,5.0,76.0,179
170240,2013,0.0,0.0,0.0,0.0,0.0,0.0,0.0,0.0,0.0,0.0,75.0,187
170240,2014,2.0,5.0,2.0,0.0,0.0,28.0,4.0,11.0,7.0,14.0,76.0,168
170240,2015,5.0,0.0,4.0,3.0,1.0,10.0,7.0,11.0,8.0,10.0,60.0,176
170240,2016,6.0,0.0,2.0,3.0,1.0,22.0,7.0,4.0,6.0,7.0,59.0,156
170240,2017,4.0,1.0,0.0,1.0,2.0,28.0,7.0,2.0,8.0,11.0,64.0,169
170240,2018,5.0,0.0,4.0,1.0,0.0,27.0,2.0,2.0,8.0,6.0,59.0,145
170240,2019,4.0,0.0,2.0,1.0,0.0,9.0,6.0,3.0,5.0,7.0,40.0,148
170255,2012,13.0,0.0,4.0,4.0,6.0,46.0,9.0,17.0,15.0,42.0,156.0,357
170255,2013,0.0,0.0,0.0,0.0,0.0,0.0,0.0,0.0,0.0,0.0,142.0,343
170255,2014,12.0,0.0,6.0,2.0,3.0,58.0,10.0,21.0,12.0,33.0,166.0,338
170255,2015,14.0,0.0,10.0,4.0,6.0,46.0,10.0,16.0,11.0,33.0,159.0,329
170255,2016,10.0,0.0,0.0,5.0,3.0,52.0,4.0,19.0,8.0,45.0,153.0,316
170255,2017,15.0,2.0,4.0,3.0,2.0,49.0,7.0,22.0,12.0,38.0,166.0,312
170255,2018,16.0,0.0,6.0,4.0,6.0,72.0,7.0,23.0,13.0,42.0,195.0,374
170255,2019,20.0,0.0,2.0,6.0,2.0,69.0,6.0,16.0,10.0,31.0,168.0,334
170270,2012,0.0,1.0,2.0,0.0,0.0,4.0,0.0,0.0,3.0,2.0,13.0,43
170270,2013,0.0,0.0,0.0,0.0,0.0,0.0,0.0,0.0,0.0,0.0,16.0,34
170270,2014,3.0,0.0,0.0,0.0,0.0,3.0,3.0,1.0,1.0,4.0,15.0,32
170270,2015,2.0,0.0,0.0,1.0,0.0,6.0,4.0,4.0,0.0,3.0,20.0,31
170270,2016,1.0,0.0,0.0,1.0,0.0,4.0,3.0,3.0,4.0,2.0,20.0,41
170270,2017,1.0,0.0,2.0,0.0,1.0,4.0,1.0,0.0,1.0,4.0,14.0,42
170270,2018,2.0,0.0,0.0,0.0,1.0,2.0,1.0,2.0,4.0,4.0,17.0,30
170270,2019,0.0,0.0,0.0,0.0,0.0,5.0,2.0,3.0,1.0,3.0,15.0,36
170290,2012,8.0,0.0,4.0,2.0,1.0,27.0,4.0,10.0,9.0,27.0,92.0,213
170290,2013,0.0,0.0,0.0,0.0,0.0,0.0,0.0,0.0,0.0,0.0,92.0,202
170290,2014,6.0,1.0,2.0,5.0,0.0,26.0,7.0,17.0,6.0,25.0,101.0,187
170290,2015,5.0,0.0,4.0,1.0,0.0,24.0,2.0,14.0,11.0,14.0,79.0,194
170290,2016,13.0,0.0,2.0,1.0,1.0,24.0,3.0,11.0,6.0,22.0,85.0,192
170290,2017,5.0,0.0,0.0,2.0,1.0,25.0,4.0,16.0,5.0,19.0,80.0,157
170290,2018,10.0,0.0,4.0,3.0,2.0,38.0,6.0,11.0,5.0,16.0,102.0,203
170290,2019,7.0,0.0,0.0,1.0,3.0,34.0,6.0,4.0,5.0,17.0,83.0,185
170300,2012,2.0,0.0,0.0,0.0,1.0,21.0,8.0,4.0,12.0,5.0,54.0,145
170300,2013,0.0,0.0,0.0,0.0,0.0,0.0,0.0,0.0,0.0,0.0,39.0,110
170300,2014,4.0,0.0,0.0,1.0,1.0,17.0,5.0,5.0,8.0,7.0,49.0,110
170300,2015,3.0,0.0,4.0,3.0,1.0,16.0,5.0,3.0,6.0,12.0,53.0,100
170300,2016,8.0,0.0,2.0,2.0,1.0,13.0,5.0,9.0,5.0,6.0,51.0,108
170300,2017,4.0,0.0,0.0,0.0,0.0,21.0,4.0,5.0,11.0,9.0,55.0,107
170300,2018,4.0,0.0,4.0,1.0,0.0,23.0,4.0,8.0,10.0,9.0,63.0,103
170300,2019,5.0,0.0,2.0,4.0,3.0,19.0,6.0,12.0,8.0,10.0,69.0,112
170305,2012,2.0,0.0,0.0,0.0,0.0,3.0,1.0,0.0,2.0,7.0,17.0,46
170305,2013,0.0,0.0,0.0,0.0,0.0,0.0,0.0,0.0,0.0,0.0,33.0,61
170305,2014,1.0,0.0,0.0,0.0,0.0,5.0,6.0,2.0,5.0,3.0,22.0,46
170305,2015,0.0,0.0,0.0,0.0,0.0,3.0,3.0,2.0,3.0,7.0,19.0,45
170305,2016,1.0,0.0,0.0,0.0,0.0,7.0,4.0,2.0,1.0,5.0,20.0,34
170305,2017,0.0,0.0,4.0,0.0,1.0,8.0,0.0,4.0,3.0,9.0,29.0,48
170305,2018,3.0,0.0,0.0,1.0,0.0,9.0,3.0,4.0,5.0,4.0,33.0,51
170305,2019,3.0,0.0,4.0,0.0,0.0,10.0,4.0,4.0,4.0,4.0,33.0,50
170307,2012,1.0,1.0,0.0,3.0,0.0,3.0,1.0,1.0,4.0,5.0,19.0,59
170307,2013,0.0,0.0,0.0,0.0,0.0,0.0,0.0,0.0,0.0,0.0,30.0,76
170307,2014,2.0,0.0,0.0,0.0,2.0,8.0,5.0,7.0,4.0,3.0,32.0,85
170307,2015,4.0,0.0,0.0,1.0,0.0,11.0,5.0,3.0,4.0,5.0,33.0,88
170307,2016,5.0,0.0,0.0,0.0,1.0,10.0,4.0,12.0,5.0,6.0,43.0,93
170307,2017,2.0,2.0,0.0,1.0,0.0,14.0,3.0,11.0,3.0,3.0,39.0,95
170307,2018,2.0,0.0,4.0,0.0,0.0,15.0,3.0,8.0,4.0,5.0,41.0,83
170307,2019,2.0,0.0,2.0,2.0,0.0,13.0,3.0,5.0,5.0,4.0,36.0,80
170310,2012,6.0,0.0,0.0,0.0,3.0,12.0,1.0,8.0,2.0,10.0,45.0,84
170310,2013,0.0,0.0,0.0,0.0,0.0,0.0,0.0,0.0,0.0,0.0,35.0,74
170310,2014,3.0,0.0,4.0,3.0,0.0,11.0,3.0,6.0,5.0,8.0,43.0,83
170310,2015,3.0,1.0,2.0,2.0,0.0,14.0,2.0,3.0,4.0,4.0,35.0,66
170310,2016,1.0,0.0,4.0,0.0,1.0,12.0,1.0,5.0,2.0,7.0,33.0,72
170310,2017,3.0,0.0,2.0,0.0,0.0,12.0,5.0,1.0,4.0,9.0,36.0,59
170310,2018,2.0,0.0,0.0,1.0,1.0,13.0,5.0,2.0,5.0,9.0,38.0,66
170310,2019,7.0,1.0,0.0,2.0,1.0,15.0,2.0,1.0,4.0,3.0,36.0,65
170320,2012,8.0,0.0,0.0,0.0,0.0,12.0,1.0,1.0,5.0,4.0,32.0,60
170320,2013,0.0,0.0,0.0,0.0,0.0,0.0,0.0,0.0,0.0,0.0,32.0,61
170320,2014,1.0,1.0,0.0,0.0,0.0,12.0,3.0,1.0,3.0,6.0,28.0,60
170320,2015,0.0,0.0,3.0,1.0,0.0,17.0,4.0,3.0,1.0,4.0,33.0,53
170320,2016,2.0,0.0,0.0,2.0,0.0,20.0,2.0,2.0,3.0,3.0,34.0,67
170320,2017,3.0,0.0,0.0,1.0,0.0,11.0,2.0,5.0,1.0,7.0,30.0,60
170320,2018,5.0,0.0,0.0,1.0,2.0,10.0,2.0,3.0,1.0,8.0,32.0,50
170320,2019,4.0,0.0,2.0,1.0,0.0,11.0,3.0,8.0,3.0,2.0,35.0,62
170330,2012,5.0,0.0,2.0,2.0,0.0,10.0,3.0,6.0,9.0,10.0,50.0,83
170330,2013,0.0,0.0,0.0,0.0,0.0,0.0,0.0,0.0,0.0,0.0,50.0,78
170330,2014,1.0,0.0,2.0,0.0,2.0,14.0,2.0,11.0,5.0,20.0,61.0,77
170330,2015,1.0,1.0,4.0,2.0,0.0,16.0,2.0,7.0,4.0,16.0,53.0,73
170330,2016,4.0,1.0,3.0,1.0,2.0,20.0,3.0,3.0,4.0,13.0,54.0,77
170330,2017,1.0,0.0,2.0,3.0,0.0,20.0,4.0,2.0,8.0,6.0,46.0,80
170330,2018,4.0,0.0,4.0,1.0,1.0,30.0,2.0,7.0,6.0,7.0,62.0,80
170330,2019,1.0,0.0,2.0,1.0,1.0,23.0,5.0,5.0,5.0,9.0,52.0,73
170360,2012,3.0,0.0,2.0,0.0,1.0,5.0,2.0,1.0,1.0,3.0,19.0,38
170360,2013,0.0,0.0,0.0,0.0,0.0,0.0,0.0,0.0,0.0,0.0,11.0,21
170360,2014,1.0,0.0,0.0,0.0,0.0,9.0,1.0,3.0,2.0,6.0,22.0,33
170360,2015,0.0,0.0,0.0,1.0,1.0,5.0,1.0,1.0,2.0,3.0,16.0,29
170360,2016,1.0,0.0,2.0,0.0,0.0,6.0,1.0,0.0,2.0,3.0,15.0,26
170360,2017,1.0,0.0,0.0,0.0,0.0,4.0,2.0,1.0,3.0,3.0,14.0,22
170360,2018,2.0,0.0,0.0,0.0,1.0,6.0,1.0,1.0,0.0,1.0,12.0,26
170360,2019,0.0,0.0,0.0,0.0,0.0,6.0,1.0,2.0,2.0,6.0,17.0,24
170370,2012,2.0,0.0,3.0,3.0,1.0,13.0,3.0,0.0,8.0,0.0,35.0,87
170370,2013,0.0,0.0,0.0,0.0,0.0,0.0,0.0,0.0,0.0,0.0,47.0,94
170370,2014,2.0,0.0,0.0,2.0,2.0,10.0,3.0,4.0,9.0,10.0,45.0,89
170370,2015,3.0,0.0,3.0,1.0,0.0,15.0,3.0,6.0,2.0,4.0,39.0,90
170370,2016,4.0,0.0,0.0,2.0,1.0,16.0,5.0,2.0,3.0,6.0,42.0,81
170370,2017,2.0,0.0,2.0,2.0,0.0,15.0,0.0,7.0,1.0,8.0,39.0,79
170370,2018,3.0,0.0,0.0,1.0,1.0,14.0,3.0,5.0,9.0,5.0,42.0,65
170370,2019,0.0,0.0,4.0,1.0,0.0,11.0,3.0,4.0,1.0,5.0,29.0,59
170380,2012,5.0,0.0,3.0,1.0,2.0,16.0,2.0,9.0,4.0,7.0,50.0,166
170380,2013,0.0,0.0,0.0,0.0,0.0,0.0,0.0,0.0,0.0,0.0,57.0,147
170380,2014,5.0,0.0,0.0,1.0,1.0,9.0,2.0,6.0,5.0,9.0,40.0,150
170380,2015,9.0,0.0,3.0,1.0,0.0,15.0,4.0,13.0,6.0,4.0,58.0,165
170380,2016,4.0,0.0,8.0,0.0,1.0,17.0,2.0,5.0,3.0,7.0,52.0,132
170380,2017,3.0,0.0,2.0,2.0,1.0,28.0,2.0,6.0,3.0,12.0,62.0,146
170380,2018,4.0,0.0,0.0,2.0,1.0,14.0,4.0,6.0,4.0,15.0,55.0,135
170380,2019,7.0,0.0,3.0,2.0,2.0,25.0,2.0,11.0,3.0,6.0,64.0,158
170382,2012,0.0,0.0,0.0,1.0,0.0,2.0,0.0,0.0,1.0,5.0,9.0,27
170382,2013,0.0,0.0,0.0,0.0,0.0,0.0,0.0,0.0,0.0,0.0,11.0,29
170382,2014,3.0,0.0,2.0,1.0,0.0,3.0,1.0,1.0,2.0,3.0,16.0,45
170382,2015,0.0,0.0,0.0,0.0,0.0,4.0,2.0,1.0,3.0,2.0,12.0,26
170382,2016,0.0,0.0,2.0,0.0,0.0,7.0,0.0,2.0,0.0,1.0,13.0,25
170382,2017,2.0,0.0,0.0,0.0,0.0,3.0,0.0,2.0,1.0,3.0,11.0,29
170382,2018,1.0,0.0,0.0,0.0,1.0,9.0,1.0,1.0,2.0,7.0,22.0,40
170382,2019,3.0,0.0,0.0,0.0,0.0,7.0,0.0,4.0,1.0,1.0,17.0,29
170384,2012,4.0,1.0,0.0,1.0,1.0,9.0,6.0,3.0,9.0,3.0,37.0,163
170384,2013,0.0,0.0,0.0,0.0,0.0,0.0,0.0,0.0,0.0,0.0,38.0,149
170384,2014,4.0,0.0,2.0,3.0,1.0,18.0,4.0,11.0,6.0,5.0,54.0,166
170384,2015,7.0,1.0,1.0,0.0,0.0,14.0,9.0,17.0,8.0,9.0,66.0,163
170384,2016,5.0,0.0,2.0,1.0,0.0,17.0,7.0,14.0,5.0,14.0,65.0,150
170384,2017,4.0,0.0,2.0,2.0,3.0,16.0,5.0,13.0,3.0,9.0,57.0,141
170384,2018,8.0,1.0,5.0,3.0,0.0,28.0,7.0,13.0,7.0,10.0,82.0,189
170384,2019,6.0,1.0,3.0,3.0,1.0,37.0,5.0,6.0,12.0,10.0,84.0,160
170386,2012,4.0,0.0,2.0,0.0,1.0,4.0,0.0,0.0,2.0,5.0,22.0,52
170386,2013,0.0,0.0,0.0,0.0,0.0,0.0,0.0,0.0,0.0,0.0,27.0,50
170386,2014,0.0,0.0,0.0,0.0,0.0,6.0,1.0,4.0,4.0,3.0,19.0,33
170386,2015,3.0,0.0,0.0,0.0,0.0,10.0,1.0,4.0,2.0,5.0,27.0,49
170386,2016,3.0,0.0,0.0,1.0,0.0,15.0,1.0,1.0,5.0,5.0,31.0,57
170386,2017,5.0,0.0,0.0,0.0,1.0,11.0,2.0,2.0,6.0,2.0,29.0,52
170386,2018,2.0,0.0,2.0,0.0,1.0,9.0,3.0,2.0,2.0,11.0,32.0,65
170386,2019,7.0,0.0,0.0,2.0,0.0,16.0,3.0,3.0,2.0,2.0,35.0,48
170388,2012,0.0,0.0,0.0,1.0,1.0,5.0,2.0,0.0,1.0,1.0,11.0,32
170388,2013,0.0,0.0,0.0,0.0,0.0,0.0,0.0,0.0,0.0,0.0,20.0,47
170388,2014,5.0,0.0,0.0,1.0,1.0,8.0,2.0,5.0,3.0,1.0,27.0,51
170388,2015,2.0,0.0,0.0,0.0,0.0,6.0,2.0,0.0,3.0,6.0,19.0,30
170388,2016,3.0,0.0,0.0,1.0,1.0,2.0,3.0,2.0,1.0,1.0,15.0,32
170388,2017,2.0,0.0,2.0,0.0,0.0,6.0,3.0,1.0,2.0,2.0,19.0,45
170388,2018,1.0,0.0,0.0,2.0,0.0,8.0,1.0,1.0,5.0,3.0,21.0,37
170388,2019,0.0,0.0,4.0,1.0,2.0,7.0,3.0,6.0,2.0,5.0,30.0,54
170389,2012,2.0,0.0,0.0,2.0,1.0,6.0,0.0,1.0,4.0,5.0,21.0,76
170389,2013,0.0,0.0,0.0,0.0,0.0,0.0,0.0,0.0,0.0,0.0,22.0,74
170389,2014,3.0,0.0,0.0,1.0,1.0,10.0,2.0,2.0,3.0,3.0,27.0,65
170389,2015,2.0,0.0,0.0,1.0,0.0,4.0,2.0,4.0,1.0,3.0,17.0,47
170389,2016,2.0,0.0,0.0,0.0,1.0,13.0,0.0,3.0,1.0,7.0,28.0,65
170389,2017,3.0,0.0,2.0,0.0,0.0,9.0,1.0,4.0,1.0,6.0,27.0,76
170389,2018,2.0,0.0,4.0,0.0,1.0,12.0,1.0,4.0,0.0,8.0,32.0,70
170389,2019,2.0,1.0,3.0,0.0,0.0,5.0,2.0,2.0,3.0,0.0,20.0,51
170390,2012,1.0,0.0,0.0,0.0,0.0,17.0,1.0,2.0,5.0,5.0,33.0,82
170390,2013,0.0,0.0,0.0,0.0,0.0,0.0,0.0,0.0,0.0,0.0,28.0,73
170390,2014,2.0,0.0,2.0,0.0,1.0,15.0,2.0,2.0,2.0,6.0,32.0,65
170390,2015,2.0,0.0,0.0,5.0,0.0,12.0,2.0,4.0,3.0,7.0,35.0,71
170390,2016,2.0,0.0,0.0,1.0,0.0,21.0,1.0,6.0,1.0,7.0,39.0,79
170390,2017,5.0,0.0,2.0,0.0,1.0,12.0,2.0,3.0,1.0,10.0,36.0,69
170390,2018,7.0,0.0,0.0,0.0,1.0,18.0,5.0,9.0,3.0,12.0,55.0,91
170390,2019,3.0,0.0,2.0,0.0,0.0,21.0,2.0,3.0,4.0,11.0,46.0,91
170410,2012,2.0,0.0,0.0,1.0,1.0,2.0,1.0,2.0,1.0,4.0,14.0,23
170410,2013,0.0,0.0,0.0,0.0,0.0,0.0,0.0,0.0,0.0,0.0,12.0,20
170410,2014,4.0,0.0,0.0,0.0,0.0,8.0,0.0,3.0,1.0,5.0,22.0,30
170410,2015,1.0,0.0,2.0,1.0,0.0,4.0,0.0,2.0,1.0,4.0,15.0,24
170410,2016,1.0,0.0,0.0,0.0,0.0,9.0,0.0,0.0,2.0,4.0,16.0,28
170410,2017,2.0,0.0,1.0,0.0,0.0,2.0,0.0,2.0,2.0,2.0,11.0,25
170410,2018,0.0,0.0,0.0,2.0,0.0,6.0,1.0,2.0,1.0,2.0,14.0,25
170410,2019,1.0,0.0,0.0,0.0,1.0,5.0,0.0,4.0,1.0,1.0,14.0,26
170460,2012,0.0,0.0,0.0,0.0,0.0,2.0,0.0,0.0,0.0,5.0,8.0,21
170460,2013,0.0,0.0,0.0,0.0,0.0,0.0,0.0,0.0,0.0,0.0,5.0,17
170460,2014,1.0,0.0,2.0,0.0,0.0,3.0,0.0,3.0,0.0,2.0,11.0,21
170460,2015,1.0,0.0,0.0,0.0,0.0,3.0,0.0,0.0,1.0,3.0,8.0,21
170460,2016,0.0,0.0,0.0,0.0,0.0,5.0,0.0,1.0,0.0,0.0,6.0,13
170460,2017,1.0,0.0,0.0,0.0,0.0,7.0,0.0,1.0,0.0,3.0,13.0,20
170460,2018,2.0,0.0,0.0,0.0,0.0,2.0,2.0,0.0,1.0,3.0,10.0,19
170460,2019,1.0,1.0,0.0,0.0,0.0,6.0,0.0,1.0,2.0,0.0,11.0,21
170510,2012,2.0,0.0,0.0,0.0,1.0,5.0,3.0,1.0,5.0,2.0,20.0,43
170510,2013,0.0,0.0,0.0,0.0,0.0,0.0,0.0,0.0,0.0,0.0,22.0,50
170510,2014,3.0,0.0,0.0,1.0,0.0,5.0,1.0,1.0,2.0,4.0,17.0,41
170510,2015,3.0,0.0,1.0,0.0,1.0,1.0,1.0,3.0,3.0,4.0,18.0,44
170510,2016,1.0,0.0,0.0,0.0,0.0,4.0,0.0,2.0,1.0,4.0,12.0,37
170510,2017,1.0,0.0,1.0,1.0,0.0,1.0,1.0,3.0,1.0,1.0,12.0,37
170510,2018,2.0,0.0,0.0,2.0,0.0,4.0,2.0,2.0,1.0,2.0,16.0,36
170510,2019,1.0,0.0,0.0,1.0,0.0,6.0,1.0,3.0,1.0,2.0,15.0,43
170550,2012,30.0,0.0,12.0,0.0,4.0,67.0,10.0,10.0,30.0,102.0,272.0,542
170550,2013,0.0,0.0,0.0,0.0,0.0,0.0,0.0,0.0,0.0,0.0,298.0,540
170550,2014,26.0,0.0,5.0,8.0,3.0,95.0,23.0,35.0,46.0,82.0,326.0,564
170550,2015,25.0,2.0,14.0,3.0,2.0,113.0,31.0,37.0,51.0,78.0,360.0,579
170550,2016,20.0,0.0,6.0,8.0,6.0,137.0,11.0,21.0,31.0,62.0,309.0,576
170550,2017,20.0,0.0,8.0,7.0,8.0,152.0,30.0,35.0,51.0,62.0,376.0,603
170550,2018,24.0,2.0,7.0,9.0,4.0,132.0,13.0,37.0,31.0,74.0,336.0,572
170550,2019,23.0,0.0,0.0,9.0,7.0,136.0,21.0,40.0,40.0,68.0,345.0,548
170555,2012,1.0,0.0,0.0,5.0,1.0,10.0,0.0,0.0,7.0,3.0,29.0,65
170555,2013,0.0,0.0,0.0,0.0,0.0,0.0,0.0,0.0,0.0,0.0,39.0,73
170555,2014,2.0,1.0,1.0,2.0,1.0,7.0,4.0,3.0,7.0,7.0,37.0,56
170555,2015,4.0,0.0,2.0,0.0,1.0,15.0,6.0,2.0,10.0,6.0,48.0,79
170555,2016,2.0,0.0,2.0,0.0,0.0,8.0,3.0,1.0,4.0,5.0,26.0,45
170555,2017,2.0,1.0,0.0,2.0,1.0,9.0,3.0,6.0,8.0,2.0,35.0,71
170555,2018,3.0,1.0,0.0,1.0,0.0,14.0,4.0,3.0,4.0,1.0,34.0,56
170555,2019,2.0,0.0,0.0,2.0,2.0,13.0,3.0,3.0,2.0,3.0,33.0,55
170560,2012,0.0,0.0,1.0,1.0,1.0,5.0,0.0,1.0,3.0,1.0,16.0,62
170560,2013,0.0,0.0,0.0,0.0,0.0,0.0,0.0,0.0,0.0,0.0,25.0,73
170560,2014,2.0,0.0,0.0,1.0,0.0,4.0,3.0,3.0,2.0,1.0,16.0,64
170560,2015,1.0,0.0,0.0,0.0,1.0,7.0,3.0,2.0,4.0,1.0,20.0,48
170560,2016,2.0,0.0,4.0,0.0,0.0,6.0,1.0,3.0,2.0,2.0,20.0,53
170560,2017,5.0,0.0,0.0,3.0,0.0,11.0,1.0,3.0,2.0,4.0,29.0,60
170560,2018,1.0,0.0,0.0,1.0,1.0,6.0,1.0,4.0,4.0,3.0,21.0,65
170560,2019,4.0,0.0,2.0,2.0,0.0,6.0,3.0,1.0,3.0,2.0,23.0,60
170600,2012,3.0,0.0,0.0,1.0,1.0,7.0,1.0,2.0,3.0,8.0,28.0,81
170600,2013,0.0,0.0,0.0,0.0,0.0,0.0,0.0,0.0,0.0,0.0,38.0,82
170600,2014,2.0,0.0,2.0,0.0,1.0,13.0,2.0,4.0,5.0,13.0,45.0,84
170600,2015,5.0,0.0,3.0,2.0,0.0,15.0,1.0,4.0,0.0,9.0,40.0,79
170600,2016,1.0,0.0,0.0,0.0,0.0,13.0,0.0,4.0,2.0,6.0,26.0,72
170600,2017,3.0,1.0,0.0,2.0,0.0,15.0,1.0,3.0,2.0,4.0,32.0,80
170600,2018,2.0,0.0,1.0,2.0,2.0,23.0,8.0,5.0,5.0,11.0,59.0,84
170600,2019,2.0,0.0,0.0,1.0,0.0,17.0,1.0,4.0,4.0,8.0,37.0,61
170610,2012,9.0,0.0,0.0,1.0,1.0,9.0,2.0,3.0,1.0,10.0,36.0,95
170610,2013,0.0,0.0,0.0,0.0,0.0,0.0,0.0,0.0,0.0,0.0,32.0,88
170610,2014,3.0,1.0,4.0,0.0,0.0,16.0,1.0,6.0,3.0,5.0,39.0,102
170610,2015,2.0,0.0,0.0,2.0,0.0,12.0,3.0,5.0,2.0,4.0,30.0,70
170610,2016,5.0,1.0,1.0,0.0,1.0,12.0,2.0,4.0,2.0,13.0,41.0,82
170610,2017,6.0,0.0,4.0,3.0,0.0,21.0,0.0,7.0,4.0,8.0,53.0,103
170610,2018,3.0,1.0,2.0,1.0,0.0,12.0,7.0,5.0,5.0,7.0,43.0,85
170610,2019,7.0,0.0,0.0,2.0,2.0,18.0,4.0,5.0,2.0,5.0,45.0,85
170625,2012,3.0,0.0,0.0,0.0,0.0,3.0,0.0,0.0,4.0,0.0,13.0,25
170625,2013,0.0,0.0,0.0,0.0,0.0,0.0,0.0,0.0,0.0,0.0,8.0,26
170625,2014,0.0,0.0,0.0,0.0,1.0,3.0,2.0,3.0,0.0,4.0,13.0,21
170625,2015,1.0,0.0,0.0,0.0,0.0,2.0,3.0,2.0,0.0,2.0,10.0,24
170625,2016,2.0,0.0,0.0,0.0,0.0,3.0,1.0,0.0,1.0,3.0,10.0,23
170625,2017,2.0,0.0,0.0,0.0,0.0,4.0,2.0,1.0,3.0,3.0,15.0,24
170625,2018,1.0,0.0,0.0,0.0,0.0,5.0,0.0,1.0,2.0,1.0,10.0,20
170625,2019,0.0,0.0,0.0,0.0,0.0,4.0,1.0,1.0,4.0,4.0,14.0,17
170650,2012,5.0,0.0,4.0,0.0,1.0,9.0,4.0,0.0,6.0,4.0,33.0,93
170650,2013,0.0,0.0,0.0,0.0,0.0,0.0,0.0,0.0,0.0,0.0,34.0,97
170650,2014,4.0,0.0,0.0,1.0,1.0,17.0,3.0,4.0,6.0,10.0,46.0,106
170650,2015,3.0,0.0,2.0,2.0,1.0,20.0,2.0,11.0,7.0,6.0,55.0,109
170650,2016,0.0,0.0,2.0,0.0,1.0,13.0,1.0,1.0,2.0,2.0,22.0,78
170650,2017,1.0,0.0,0.0,1.0,0.0,21.0,4.0,5.0,3.0,12.0,49.0,110
170650,2018,2.0,0.0,3.0,2.0,1.0,15.0,1.0,7.0,5.0,8.0,44.0,91
170650,2019,5.0,0.0,0.0,3.0,0.0,19.0,5.0,7.0,7.0,9.0,55.0,99
170700,2012,19.0,2.0,8.0,2.0,2.0,31.0,14.0,13.0,25.0,16.0,140.0,300
170700,2013,0.0,0.0,0.0,0.0,0.0,0.0,0.0,0.0,0.0,0.0,180.0,342
170700,2014,14.0,1.0,9.0,5.0,3.0,41.0,27.0,16.0,20.0,30.0,169.0,320
170700,2015,14.0,1.0,0.0,4.0,2.0,45.0,28.0,17.0,27.0,24.0,165.0,331
170700,2016,6.0,0.0,4.0,3.0,1.0,45.0,17.0,11.0,23.0,24.0,137.0,286
170700,2017,9.0,0.0,4.0,8.0,4.0,40.0,15.0,19.0,18.0,15.0,134.0,312
170700,2018,17.0,0.0,3.0,7.0,2.0,58.0,15.0,11.0,24.0,21.0,165.0,364
170700,2019,14.0,0.0,4.0,3.0,2.0,51.0,7.0,6.0,13.0,12.0,122.0,271
170710,2012,7.0,1.0,1.0,1.0,0.0,22.0,0.0,4.0,4.0,11.0,53.0,110
170710,2013,0.0,0.0,0.0,0.0,0.0,0.0,0.0,0.0,0.0,0.0,32.0,99
170710,2014,3.0,1.0,2.0,2.0,1.0,10.0,1.0,6.0,2.0,11.0,39.0,98
170710,2015,5.0,0.0,1.0,2.0,1.0,14.0,2.0,5.0,6.0,10.0,46.0,97
170710,2016,3.0,0.0,0.0,2.0,1.0,17.0,5.0,6.0,3.0,8.0,45.0,110
170710,2017,7.0,0.0,0.0,2.0,0.0,25.0,1.0,9.0,6.0,7.0,58.0,109
170710,2018,4.0,0.0,0.0,1.0,0.0,14.0,4.0,6.0,7.0,14.0,50.0,109
170710,2019,2.0,0.0,4.0,0.0,1.0,21.0,2.0,8.0,5.0,9.0,52.0,104
170720,2012,4.0,0.0,2.0,0.0,0.0,5.0,1.0,1.0,0.0,7.0,21.0,59
170720,2013,0.0,0.0,0.0,0.0,0.0,0.0,0.0,0.0,0.0,0.0,17.0,55
170720,2014,2.0,0.0,0.0,2.0,0.0,10.0,2.0,5.0,3.0,1.0,25.0,70
170720,2015,0.0,0.0,0.0,1.0,1.0,10.0,6.0,2.0,3.0,1.0,24.0,54
170720,2016,5.0,0.0,0.0,2.0,1.0,12.0,2.0,2.0,4.0,4.0,32.0,72
170720,2017,1.0,0.0,0.0,1.0,1.0,9.0,1.0,3.0,4.0,7.0,27.0,59
170720,2018,1.0,0.0,0.0,2.0,0.0,11.0,3.0,7.0,4.0,2.0,30.0,69
170720,2019,5.0,0.0,0.0,0.0,0.0,17.0,3.0,4.0,4.0,8.0,41.0,76
170730,2012,8.0,0.0,4.0,0.0,0.0,4.0,0.0,0.0,6.0,2.0,31.0,73
170730,2013,0.0,0.0,0.0,0.0,0.0,0.0,0.0,0.0,0.0,0.0,33.0,58
170730,2014,1.0,0.0,0.0,1.0,0.0,10.0,0.0,11.0,3.0,5.0,31.0,60
170730,2015,4.0,0.0,0.0,0.0,0.0,15.0,2.0,2.0,4.0,5.0,34.0,65
170730,2016,2.0,0.0,2.0,0.0,0.0,4.0,3.0,3.0,3.0,3.0,20.0,51
170730,2017,3.0,0.0,4.0,0.0,0.0,9.0,2.0,1.0,2.0,2.0,23.0,58
170730,2018,1.0,0.0,2.0,2.0,1.0,10.0,2.0,5.0,1.0,2.0,26.0,54
170730,2019,0.0,0.0,0.0,1.0,0.0,13.0,5.0,2.0,11.0,3.0,35.0,61
170740,2012,6.0,0.0,2.0,3.0,3.0,16.0,7.0,6.0,4.0,13.0,61.0,176
170740,2013,0.0,0.0,0.0,0.0,0.0,0.0,0.0,0.0,0.0,0.0,58.0,147
170740,2014,1.0,0.0,0.0,0.0,1.0,21.0,1.0,6.0,7.0,14.0,53.0,138
170740,2015,3.0,2.0,2.0,1.0,1.0,20.0,9.0,18.0,2.0,11.0,73.0,166
170740,2016,4.0,0.0,8.0,3.0,0.0,17.0,4.0,9.0,3.0,8.0,58.0,141
170740,2017,5.0,0.0,0.0,4.0,4.0,17.0,2.0,8.0,5.0,14.0,62.0,152
170740,2018,4.0,0.0,6.0,2.0,1.0,17.0,4.0,10.0,3.0,10.0,65.0,150
170740,2019,6.0,0.0,2.0,1.0,1.0,24.0,2.0,15.0,3.0,12.0,68.0,165
170755,2012,2.0,0.0,0.0,0.0,1.0,6.0,4.0,0.0,7.0,2.0,24.0,54
170755,2013,0.0,0.0,0.0,0.0,0.0,0.0,0.0,0.0,0.0,0.0,23.0,47
170755,2014,4.0,1.0,2.0,0.0,1.0,9.0,1.0,4.0,2.0,3.0,27.0,58
170755,2015,1.0,0.0,0.0,0.0,2.0,7.0,4.0,1.0,0.0,3.0,18.0,39
170755,2016,1.0,0.0,8.0,0.0,2.0,10.0,2.0,2.0,4.0,4.0,36.0,64
170755,2017,3.0,0.0,0.0,0.0,0.0,21.0,1.0,1.0,3.0,2.0,33.0,69
170755,2018,2.0,0.0,2.0,0.0,0.0,9.0,0.0,0.0,3.0,6.0,23.0,43
170755,2019,0.0,0.0,0.0,0.0,1.0,11.0,1.0,4.0,4.0,3.0,24.0,46
170765,2012,3.0,0.0,1.0,0.0,0.0,7.0,0.0,0.0,10.0,2.0,28.0,55
170765,2013,0.0,0.0,0.0,0.0,0.0,0.0,0.0,0.0,0.0,0.0,42.0,71
170765,2014,5.0,0.0,3.0,2.0,1.0,14.0,2.0,5.0,2.0,12.0,49.0,79
170765,2015,2.0,0.0,3.0,0.0,0.0,13.0,1.0,1.0,2.0,12.0,35.0,74
170765,2016,3.0,0.0,0.0,2.0,0.0,13.0,4.0,4.0,7.0,5.0,39.0,71
170765,2017,6.0,0.0,0.0,1.0,1.0,16.0,2.0,5.0,8.0,5.0,44.0,76
170765,2018,3.0,0.0,2.0,2.0,1.0,13.0,3.0,3.0,5.0,6.0,39.0,71
170765,2019,5.0,0.0,0.0,1.0,1.0,18.0,3.0,2.0,7.0,5.0,44.0,68
170770,2012,2.0,1.0,1.0,4.0,0.0,10.0,5.0,3.0,8.0,11.0,45.0,135
170770,2013,0.0,0.0,0.0,0.0,0.0,0.0,0.0,0.0,0.0,0.0,44.0,121
170770,2014,4.0,0.0,0.0,1.0,0.0,13.0,6.0,8.0,4.0,9.0,45.0,118
170770,2015,2.0,0.0,3.0,0.0,1.0,17.0,3.0,8.0,4.0,9.0,47.0,109
170770,2016,3.0,0.0,0.0,3.0,2.0,9.0,3.0,9.0,4.0,13.0,46.0,116
170770,2017,4.0,0.0,2.0,2.0,0.0,16.0,4.0,7.0,9.0,11.0,55.0,108
170770,2018,4.0,0.0,2.0,1.0,2.0,14.0,4.0,5.0,4.0,9.0,46.0,112
170770,2019,5.0,0.0,6.0,0.0,0.0,16.0,5.0,12.0,8.0,7.0,59.0,126
170820,2012,36.0,0.0,2.0,4.0,1.0,38.0,3.0,0.0,20.0,16.0,131.0,287
170820,2013,0.0,0.0,0.0,0.0,0.0,0.0,0.0,0.0,0.0,0.0,133.0,258
170820,2014,14.0,1.0,2.0,5.0,1.0,67.0,11.0,13.0,15.0,28.0,161.0,300
170820,2015,18.0,0.0,8.0,1.0,2.0,46.0,6.0,15.0,3.0,20.0,130.0,263
170820,2016,15.0,0.0,0.0,3.0,2.0,42.0,12.0,9.0,24.0,17.0,125.0,260
170820,2017,23.0,0.0,1.0,0.0,1.0,65.0,13.0,14.0,21.0,22.0,160.0,297
170820,2018,12.0,0.0,5.0,4.0,1.0,65.0,13.0,20.0,18.0,19.0,157.0,280
170820,2019,13.0,0.0,4.0,3.0,2.0,53.0,10.0,15.0,39.0,20.0,159.0,303
170825,2012,2.0,0.0,0.0,0.0,0.0,6.0,2.0,2.0,3.0,2.0,21.0,46
170825,2013,0.0,0.0,0.0,0.0,0.0,0.0,0.0,0.0,0.0,0.0,25.0,42
170825,2014,3.0,0.0,0.0,1.0,1.0,9.0,4.0,4.0,6.0,8.0,36.0,55
170825,2015,4.0,0.0,0.0,2.0,1.0,14.0,3.0,2.0,4.0,9.0,39.0,62
170825,2016,3.0,0.0,0.0,0.0,0.0,6.0,1.0,4.0,7.0,10.0,31.0,49
170825,2017,2.0,0.0,0.0,0.0,0.0,13.0,4.0,3.0,3.0,7.0,32.0,49
170825,2018,4.0,0.0,2.0,0.0,0.0,19.0,1.0,8.0,0.0,6.0,41.0,56
170825,2019,4.0,0.0,0.0,1.0,0.0,24.0,5.0,5.0,7.0,11.0,57.0,77
170830,2012,0.0,0.0,0.0,0.0,1.0,8.0,4.0,1.0,6.0,5.0,27.0,50
170830,2013,0.0,0.0,0.0,0.0,0.0,0.0,0.0,0.0,0.0,0.0,23.0,39
170830,2014,1.0,0.0,0.0,1.0,1.0,8.0,5.0,5.0,4.0,9.0,34.0,51
170830,2015,5.0,0.0,0.0,2.0,0.0,14.0,4.0,5.0,8.0,10.0,48.0,75
170830,2016,3.0,0.0,0.0,0.0,1.0,7.0,2.0,4.0,5.0,8.0,30.0,40
170830,2017,3.0,0.0,2.0,0.0,1.0,19.0,3.0,8.0,2.0,4.0,42.0,68
170830,2018,3.0,0.0,2.0,1.0,1.0,13.0,4.0,4.0,5.0,9.0,43.0,61
170830,2019,2.0,0.0,4.0,1.0,0.0,9.0,4.0,7.0,10.0,11.0,49.0,60
170900,2012,7.0,0.0,4.0,2.0,2.0,13.0,5.0,3.0,7.0,2.0,50.0,265
170900,2013,0.0,0.0,0.0,0.0,0.0,0.0,0.0,0.0,0.0,0.0,61.0,260
170900,2014,5.0,0.0,2.0,1.0,1.0,21.0,9.0,8.0,12.0,15.0,75.0,272
170900,2015,4.0,0.0,4.0,2.0,0.0,19.0,5.0,6.0,6.0,15.0,61.0,258
170900,2016,7.0,0.0,0.0,2.0,1.0,25.0,2.0,11.0,6.0,10.0,64.0,259
170900,2017,1.0,0.0,0.0,0.0,1.0,34.0,4.0,10.0,6.0,15.0,71.0,246
170900,2018,5.0,0.0,4.0,2.0,3.0,25.0,8.0,9.0,6.0,17.0,79.0,246
170900,2019,5.0,0.0,1.0,3.0,0.0,32.0,13.0,19.0,3.0,16.0,93.0,242
170930,2012,15.0,1.0,3.0,2.0,3.0,67.0,23.0,10.0,46.0,52.0,247.0,370
170930,2013,0.0,0.0,0.0,0.0,0.0,0.0,0.0,0.0,0.0,0.0,263.0,384
170930,2014,15.0,0.0,2.0,5.0,6.0,66.0,20.0,30.0,44.0,61.0,250.0,383
170930,2015,29.0,0.0,4.0,4.0,7.0,81.0,21.0,29.0,44.0,56.0,277.0,401
170930,2016,18.0,0.0,6.0,3.0,4.0,98.0,19.0,23.0,31.0,50.0,254.0,377
170930,2017,20.0,0.0,4.0,3.0,2.0,81.0,25.0,24.0,34.0,58.0,253.0,381
170930,2018,12.0,1.0,4.0,6.0,4.0,98.0,13.0,22.0,33.0,61.0,257.0,365
170930,2019,18.0,0.0,2.0,6.0,8.0,111.0,22.0,24.0,32.0,62.0,287.0,375
170950,2012,136.0,0.0,9.0,17.0,14.0,196.0,4.0,0.0,204.0,80.0,754.0,1321
170950,2013,0.0,0.0,0.0,0.0,0.0,0.0,0.0,0.0,0.0,0.0,804.0,1256
170950,2014,91.0,1.0,12.0,12.0,12.0,270.0,51.0,98.0,113.0,183.0,902.0,1373
170950,2015,107.0,0.0,18.0,14.0,15.0,299.0,37.0,93.0,110.0,220.0,944.0,1396
170950,2016,116.0,3.0,21.0,14.0,10.0,237.0,69.0,60.0,123.0,148.0,822.0,1294
170950,2017,102.0,2.0,38.0,19.0,8.0,314.0,67.0,66.0,150.0,136.0,906.0,1346
170950,2018,98.0,1.0,22.0,14.0,13.0,355.0,66.0,64.0,120.0,169.0,928.0,1369
170950,2019,105.0,0.0,30.0,15.0,14.0,320.0,95.0,68.0,185.0,126.0,960.0,1331
170980,2012,2.0,0.0,0.0,0.0,0.0,3.0,1.0,0.0,3.0,1.0,10.0,21
170980,2013,0.0,0.0,0.0,0.0,0.0,0.0,0.0,0.0,0.0,0.0,12.0,22
170980,2014,1.0,0.0,0.0,0.0,0.0,4.0,4.0,1.0,3.0,0.0,13.0,23
170980,2015,1.0,0.0,2.0,0.0,0.0,5.0,0.0,7.0,0.0,2.0,17.0,28
170980,2016,2.0,0.0,0.0,0.0,0.0,4.0,1.0,3.0,2.0,3.0,16.0,31
170980,2017,2.0,0.0,0.0,0.0,0.0,4.0,1.0,2.0,2.0,2.0,14.0,20
170980,2018,4.0,1.0,0.0,0.0,0.0,5.0,0.0,2.0,0.0,5.0,18.0,26
170980,2019,2.0,0.0,0.0,0.0,0.0,7.0,0.0,2.0,2.0,0.0,13.0,22
171050,2012,3.0,1.0,5.0,1.0,1.0,9.0,7.0,4.0,7.0,7.0,46.0,128
171050,2013,0.0,0.0,0.0,0.0,0.0,0.0,0.0,0.0,0.0,0.0,46.0,141
171050,2014,1.0,0.0,0.0,1.0,2.0,14.0,2.0,9.0,2.0,11.0,43.0,150
171050,2015,5.0,0.0,0.0,4.0,1.0,12.0,6.0,15.0,4.0,21.0,69.0,155
171050,2016,5.0,0.0,0.0,1.0,1.0,17.0,4.0,9.0,5.0,12.0,54.0,124
171050,2017,3.0,0.0,0.0,3.0,0.0,21.0,9.0,8.0,6.0,8.0,59.0,143
171050,2018,6.0,1.0,4.0,3.0,1.0,20.0,5.0,9.0,5.0,8.0,62.0,149
171050,2019,4.0,0.0,0.0,0.0,3.0,18.0,5.0,17.0,8.0,14.0,69.0,131
171070,2012,5.0,0.0,1.0,2.0,0.0,9.0,2.0,7.0,5.0,6.0,37.0,86
171070,2013,0.0,0.0,0.0,0.0,0.0,0.0,0.0,0.0,0.0,0.0,48.0,98
171070,2014,2.0,0.0,2.0,0.0,0.0,11.0,1.0,6.0,4.0,5.0,32.0,79
171070,2015,3.0,0.0,0.0,1.0,3.0,9.0,0.0,2.0,2.0,5.0,25.0,69
171070,2016,4.0,1.0,0.0,0.0,0.0,10.0,0.0,6.0,1.0,7.0,31.0,69
171070,2017,3.0,0.0,0.0,0.0,1.0,12.0,3.0,2.0,3.0,5.0,32.0,70
171070,2018,3.0,0.0,1.0,1.0,0.0,6.0,0.0,3.0,1.0,2.0,20.0,55
171070,2019,7.0,0.0,0.0,1.0,0.0,14.0,2.0,3.0,2.0,6.0,37.0,80
171090,2012,5.0,0.0,0.0,0.0,1.0,4.0,1.0,2.0,2.0,6.0,23.0,44
171090,2013,0.0,0.0,0.0,0.0,0.0,0.0,0.0,0.0,0.0,0.0,13.0,29
171090,2014,0.0,0.0,0.0,1.0,0.0,11.0,2.0,8.0,1.0,2.0,26.0,43
171090,2015,6.0,0.0,0.0,1.0,0.0,8.0,1.0,2.0,2.0,3.0,24.0,44
171090,2016,4.0,1.0,0.0,1.0,2.0,6.0,3.0,5.0,4.0,7.0,33.0,52
171090,2017,5.0,1.0,0.0,0.0,0.0,10.0,2.0,2.0,6.0,8.0,34.0,64
171090,2018,4.0,0.0,2.0,0.0,0.0,23.0,3.0,5.0,3.0,10.0,50.0,62
171090,2019,4.0,0.0,2.0,1.0,0.0,11.0,5.0,3.0,4.0,7.0,37.0,57
171110,2012,1.0,0.0,0.0,0.0,0.0,11.0,3.0,1.0,3.0,3.0,26.0,33
171110,2013,0.0,0.0,0.0,0.0,0.0,0.0,0.0,0.0,0.0,0.0,25.0,39
171110,2014,0.0,0.0,2.0,1.0,0.0,13.0,3.0,4.0,3.0,3.0,31.0,39
171110,2015,0.0,0.0,0.0,1.0,0.0,10.0,4.0,5.0,2.0,8.0,31.0,36
171110,2016,1.0,0.0,0.0,0.0,0.0,13.0,4.0,2.0,3.0,9.0,32.0,38
171110,2017,1.0,0.0,0.0,0.0,0.0,12.0,5.0,2.0,5.0,9.0,34.0,38
171110,2018,2.0,1.0,0.0,0.0,0.0,9.0,0.0,1.0,2.0,6.0,21.0,34
171110,2019,3.0,0.0,2.0,0.0,1.0,8.0,5.0,3.0,3.0,6.0,31.0,37
171150,2012,3.0,0.0,0.0,0.0,0.0,3.0,0.0,0.0,3.0,2.0,12.0,31
171150,2013,0.0,0.0,0.0,0.0,0.0,0.0,0.0,0.0,0.0,0.0,20.0,33
171150,2014,0.0,0.0,0.0,1.0,2.0,8.0,1.0,0.0,3.0,4.0,20.0,32
171150,2015,2.0,0.0,0.0,0.0,0.0,8.0,1.0,3.0,1.0,9.0,26.0,49
171150,2016,2.0,0.0,0.0,1.0,0.0,6.0,0.0,0.0,5.0,0.0,15.0,33
171150,2017,1.0,0.0,0.0,0.0,0.0,9.0,1.0,3.0,2.0,0.0,16.0,28
171150,2018,2.0,0.0,0.0,0.0,0.0,10.0,3.0,3.0,0.0,1.0,19.0,38
171150,2019,1.0,0.0,0.0,0.0,0.0,12.0,3.0,1.0,6.0,2.0,25.0,38
171180,2012,5.0,0.0,0.0,0.0,0.0,6.0,0.0,0.0,1.0,1.0,13.0,35
171180,2013,0.0,0.0,0.0,0.0,0.0,0.0,0.0,0.0,0.0,0.0,20.0,40
171180,2014,1.0,0.0,0.0,0.0,0.0,5.0,2.0,1.0,5.0,5.0,20.0,34
171180,2015,2.0,0.0,0.0,1.0,1.0,6.0,1.0,2.0,0.0,5.0,18.0,26
171180,2016,1.0,0.0,0.0,1.0,0.0,8.0,3.0,2.0,1.0,2.0,18.0,40
171180,2017,2.0,0.0,0.0,1.0,0.0,6.0,4.0,1.0,2.0,2.0,18.0,30
171180,2018,2.0,0.0,2.0,0.0,2.0,5.0,1.0,3.0,3.0,3.0,21.0,36
171180,2019,2.0,0.0,0.0,0.0,0.0,11.0,2.0,2.0,1.0,2.0,21.0,32
171190,2012,12.0,0.0,1.0,0.0,2.0,25.0,1.0,8.0,4.0,16.0,72.0,194
171190,2013,0.0,0.0,0.0,0.0,0.0,0.0,0.0,0.0,0.0,0.0,77.0,211
171190,2014,4.0,1.0,4.0,0.0,1.0,26.0,5.0,16.0,6.0,25.0,89.0,215
171190,2015,9.0,1.0,1.0,2.0,1.0,34.0,3.0,10.0,11.0,20.0,94.0,238
171190,2016,13.0,0.0,2.0,5.0,0.0,24.0,5.0,8.0,10.0,16.0,83.0,222
171190,2017,10.0,0.0,2.0,4.0,1.0,45.0,5.0,8.0,12.0,21.0,109.0,242
171190,2018,13.0,0.0,0.0,1.0,2.0,39.0,13.0,15.0,10.0,23.0,116.0,271
171190,2019,9.0,1.0,2.0,2.0,1.0,47.0,3.0,13.0,12.0,7.0,97.0,236
171195,2012,2.0,0.0,2.0,0.0,1.0,9.0,1.0,1.0,2.0,3.0,23.0,64
171195,2013,0.0,0.0,0.0,0.0,0.0,0.0,0.0,0.0,0.0,0.0,23.0,73
171195,2014,1.0,0.0,0.0,2.0,0.0,6.0,0.0,2.0,1.0,4.0,16.0,58
171195,2015,2.0,1.0,0.0,0.0,0.0,11.0,1.0,3.0,2.0,1.0,21.0,59
171195,2016,2.0,1.0,0.0,1.0,0.0,11.0,2.0,4.0,3.0,0.0,25.0,64
171195,2017,1.0,0.0,0.0,1.0,1.0,8.0,1.0,4.0,2.0,4.0,22.0,47
171195,2018,2.0,0.0,4.0,1.0,0.0,5.0,2.0,0.0,5.0,3.0,22.0,67
171195,2019,1.0,0.0,0.0,1.0,2.0,7.0,1.0,1.0,6.0,0.0,19.0,59
171200,2012,5.0,0.0,4.0,0.0,0.0,9.0,3.0,0.0,3.0,4.0,28.0,58
171200,2013,0.0,0.0,0.0,0.0,0.0,0.0,0.0,0.0,0.0,0.0,25.0,48
171200,2014,0.0,0.0,0.0,1.0,0.0,6.0,3.0,1.0,2.0,8.0,21.0,58
171200,2015,2.0,0.0,0.0,0.0,1.0,10.0,1.0,3.0,1.0,4.0,22.0,52
171200,2016,2.0,0.0,2.0,1.0,1.0,7.0,3.0,3.0,4.0,2.0,25.0,56
171200,2017,5.0,0.0,0.0,0.0,0.0,14.0,3.0,1.0,6.0,2.0,31.0,61
171200,2018,3.0,0.0,0.0,0.0,0.0,17.0,3.0,1.0,4.0,4.0,32.0,50
171200,2019,0.0,0.0,0.0,0.0,0.0,11.0,2.0,3.0,3.0,1.0,20.0,46
171215,2012,0.0,0.0,2.0,0.0,0.0,4.0,1.0,0.0,4.0,3.0,14.0,25
171215,2013,0.0,0.0,0.0,0.0,0.0,0.0,0.0,0.0,0.0,0.0,13.0,22
171215,2014,0.0,0.0,0.0,0.0,1.0,5.0,1.0,0.0,1.0,2.0,10.0,21
171215,2015,0.0,0.0,0.0,2.0,0.0,5.0,1.0,0.0,1.0,4.0,13.0,28
171215,2016,1.0,0.0,0.0,0.0,0.0,4.0,2.0,0.0,0.0,0.0,7.0,19
171215,2017,0.0,1.0,0.0,1.0,0.0,4.0,2.0,0.0,0.0,1.0,10.0,22
171215,2018,0.0,0.0,0.0,0.0,0.0,4.0,0.0,1.0,1.0,1.0,8.0,13
171215,2019,1.0,1.0,2.0,1.0,0.0,3.0,2.0,2.0,1.0,4.0,17.0,24
171240,2012,2.0,0.0,0.0,1.0,0.0,6.0,0.0,1.0,3.0,0.0,15.0,39
171240,2013,0.0,0.0,0.0,0.0,0.0,0.0,0.0,0.0,0.0,0.0,18.0,40
171240,2014,3.0,0.0,0.0,0.0,0.0,4.0,2.0,3.0,1.0,5.0,18.0,47
171240,2015,5.0,0.0,0.0,1.0,0.0,4.0,2.0,5.0,1.0,2.0,20.0,40
171240,2016,1.0,1.0,0.0,0.0,0.0,4.0,2.0,2.0,1.0,2.0,13.0,41
171240,2017,2.0,0.0,0.0,0.0,1.0,4.0,2.0,3.0,4.0,5.0,21.0,45
171240,2018,1.0,1.0,0.0,0.0,1.0,8.0,3.0,2.0,3.0,2.0,21.0,48
171240,2019,0.0,0.0,0.0,4.0,0.0,12.0,1.0,2.0,5.0,0.0,24.0,49
171245,2012,2.0,0.0,0.0,2.0,1.0,2.0,1.0,0.0,1.0,4.0,15.0,38
171245,2013,0.0,0.0,0.0,0.0,0.0,0.0,0.0,0.0,0.0,0.0,12.0,44
171245,2014,1.0,0.0,0.0,3.0,0.0,4.0,2.0,3.0,3.0,0.0,18.0,40
171245,2015,0.0,0.0,2.0,0.0,0.0,4.0,3.0,0.0,0.0,1.0,10.0,29
171245,2016,2.0,1.0,1.0,0.0,1.0,3.0,1.0,1.0,3.0,9.0,23.0,50
171245,2017,0.0,0.0,2.0,0.0,0.0,4.0,0.0,4.0,1.0,1.0,12.0,34
171245,2018,1.0,0.0,2.0,1.0,3.0,9.0,3.0,4.0,1.0,4.0,28.0,49
171245,2019,5.0,0.0,0.0,2.0,0.0,7.0,3.0,1.0,2.0,4.0,24.0,47
171250,2012,2.0,0.0,0.0,1.0,0.0,11.0,2.0,4.0,0.0,7.0,27.0,57
171250,2013,0.0,0.0,0.0,0.0,0.0,0.0,0.0,0.0,0.0,0.0,18.0,47
171250,2014,0.0,0.0,0.0,2.0,0.0,5.0,3.0,1.0,4.0,4.0,19.0,50
171250,2015,3.0,0.0,0.0,0.0,2.0,16.0,1.0,1.0,2.0,6.0,32.0,69
171250,2016,1.0,0.0,0.0,0.0,0.0,7.0,1.0,0.0,4.0,7.0,21.0,56
171250,2017,4.0,1.0,0.0,0.0,1.0,11.0,3.0,7.0,2.0,7.0,36.0,66
171250,2018,1.0,0.0,2.0,1.0,1.0,13.0,5.0,2.0,7.0,6.0,38.0,71
171250,2019,4.0,0.0,0.0,0.0,1.0,20.0,3.0,2.0,5.0,4.0,39.0,70
171270,2012,4.0,0.0,0.0,1.0,0.0,2.0,2.0,2.0,5.0,1.0,18.0,40
171270,2013,0.0,0.0,0.0,0.0,0.0,0.0,0.0,0.0,0.0,0.0,16.0,45
171270,2014,2.0,1.0,0.0,0.0,0.0,7.0,1.0,3.0,2.0,7.0,23.0,42
171270,2015,1.0,0.0,0.0,0.0,0.0,8.0,3.0,1.0,1.0,1.0,16.0,35
171270,2016,4.0,1.0,2.0,1.0,1.0,4.0,2.0,2.0,1.0,3.0,21.0,38
171270,2017,1.0,1.0,0.0,0.0,0.0,5.0,3.0,3.0,0.0,3.0,16.0,38
171270,2018,0.0,0.0,0.0,0.0,0.0,4.0,2.0,3.0,2.0,6.0,17.0,43
171270,2019,1.0,0.0,0.0,1.0,2.0,7.0,0.0,3.0,3.0,2.0,19.0,49
171280,2012,0.0,0.0,0.0,1.0,0.0,5.0,3.0,1.0,3.0,3.0,16.0,50
171280,2013,0.0,0.0,0.0,0.0,0.0,0.0,0.0,0.0,0.0,0.0,16.0,38
171280,2014,0.0,0.0,0.0,1.0,0.0,4.0,4.0,2.0,1.0,3.0,15.0,38
171280,2015,1.0,0.0,0.0,1.0,0.0,4.0,1.0,2.0,0.0,3.0,12.0,32
171280,2016,0.0,0.0,0.0,1.0,0.0,1.0,1.0,0.0,2.0,3.0,8.0,25
171280,2017,2.0,0.0,2.0,0.0,1.0,6.0,2.0,1.0,1.0,8.0,24.0,43
171280,2018,1.0,0.0,0.0,0.0,0.0,3.0,1.0,4.0,1.0,4.0,14.0,31
171280,2019,3.0,0.0,0.0,2.0,0.0,3.0,0.0,2.0,1.0,5.0,16.0,35
171320,2012,18.0,0.0,7.0,2.0,2.0,45.0,7.0,9.0,18.0,41.0,165.0,312
171320,2013,0.0,0.0,0.0,0.0,0.0,0.0,0.0,0.0,0.0,0.0,151.0,345
171320,2014,14.0,1.0,6.0,2.0,0.0,51.0,10.0,15.0,14.0,33.0,147.0,304
171320,2015,11.0,0.0,6.0,4.0,1.0,62.0,13.0,25.0,21.0,40.0,185.0,354
171320,2016,12.0,0.0,4.0,7.0,3.0,55.0,9.0,8.0,21.0,24.0,144.0,311
171320,2017,7.0,0.0,6.0,5.0,2.0,56.0,12.0,12.0,26.0,29.0,155.0,290
171320,2018,14.0,0.0,3.0,3.0,2.0,64.0,20.0,10.0,31.0,37.0,185.0,323
171320,2019,10.0,1.0,6.0,6.0,3.0,56.0,13.0,11.0,23.0,19.0,149.0,295
171330,2012,8.0,1.0,3.0,3.0,1.0,33.0,3.0,9.0,10.0,22.0,97.0,206
171330,2013,0.0,0.0,0.0,0.0,0.0,0.0,0.0,0.0,0.0,0.0,98.0,184
171330,2014,3.0,1.0,4.0,2.0,1.0,29.0,6.0,9.0,11.0,9.0,75.0,174
171330,2015,4.0,1.0,0.0,1.0,4.0,27.0,5.0,7.0,9.0,15.0,73.0,169
171330,2016,7.0,0.0,1.0,1.0,0.0,44.0,7.0,9.0,17.0,16.0,102.0,194
171330,2017,4.0,0.0,0.0,1.0,1.0,25.0,5.0,9.0,20.0,8.0,73.0,164
171330,2018,5.0,0.0,4.0,2.0,0.0,43.0,6.0,8.0,19.0,17.0,105.0,184
171330,2019,5.0,1.0,4.0,1.0,2.0,34.0,8.0,6.0,24.0,13.0,98.0,181
171360,2012,13.0,0.0,0.0,3.0,1.0,13.0,2.0,0.0,12.0,2.0,47.0,125
171360,2013,0.0,0.0,0.0,0.0,0.0,0.0,0.0,0.0,0.0,0.0,40.0,111
171360,2014,7.0,0.0,0.0,1.0,1.0,13.0,5.0,2.0,7.0,3.0,40.0,84
171360,2015,1.0,0.0,0.0,0.0,0.0,14.0,6.0,3.0,5.0,6.0,37.0,98
171360,2016,0.0,0.0,3.0,1.0,1.0,9.0,2.0,0.0,0.0,6.0,25.0,87
171360,2017,2.0,1.0,6.0,3.0,1.0,20.0,2.0,12.0,2.0,6.0,58.0,134
171360,2018,8.0,0.0,0.0,2.0,1.0,10.0,6.0,5.0,3.0,9.0,45.0,100
171360,2019,4.0,0.0,2.0,3.0,0.0,18.0,0.0,1.0,3.0,3.0,34.0,82
171370,2012,0.0,0.0,0.0,0.0,0.0,4.0,2.0,2.0,0.0,1.0,9.0,24
171370,2013,0.0,0.0,0.0,0.0,0.0,0.0,0.0,0.0,0.0,0.0,8.0,20
171370,2014,2.0,0.0,2.0,1.0,0.0,9.0,2.0,2.0,1.0,2.0,21.0,41
171370,2015,1.0,0.0,0.0,0.0,0.0,8.0,0.0,4.0,1.0,3.0,17.0,38
171370,2016,0.0,0.0,1.0,0.0,0.0,7.0,0.0,2.0,1.0,3.0,14.0,28
171370,2017,1.0,0.0,0.0,0.0,0.0,6.0,0.0,3.0,3.0,3.0,16.0,36
171370,2018,1.0,1.0,0.0,0.0,0.0,6.0,2.0,3.0,3.0,2.0,18.0,37
171370,2019,1.0,0.0,0.0,0.0,0.0,9.0,0.0,0.0,0.0,3.0,13.0,25
171380,2012,4.0,1.0,0.0,2.0,0.0,4.0,1.0,1.0,4.0,2.0,21.0,92
171380,2013,0.0,0.0,0.0,0.0,0.0,0.0,0.0,0.0,0.0,0.0,26.0,71
171380,2014,3.0,2.0,0.0,1.0,1.0,7.0,2.0,6.0,4.0,8.0,36.0,67
171380,2015,0.0,0.0,1.0,0.0,0.0,6.0,2.0,8.0,5.0,5.0,31.0,71
171380,2016,0.0,0.0,1.0,1.0,2.0,7.0,4.0,5.0,6.0,6.0,35.0,82
171380,2017,4.0,0.0,2.0,1.0,0.0,10.0,5.0,5.0,4.0,8.0,39.0,77
171380,2018,2.0,0.0,0.0,2.0,0.0,13.0,7.0,7.0,3.0,8.0,42.0,84
171380,2019,0.0,0.0,3.0,1.0,0.0,18.0,2.0,3.0,5.0,8.0,40.0,67
171395,2012,1.0,0.0,2.0,0.0,0.0,7.0,3.0,0.0,2.0,0.0,15.0,61
171395,2013,0.0,0.0,0.0,0.0,0.0,0.0,0.0,0.0,0.0,0.0,19.0,49
171395,2014,4.0,0.0,0.0,1.0,0.0,9.0,2.0,0.0,4.0,5.0,25.0,48
171395,2015,0.0,0.0,0.0,1.0,0.0,8.0,3.0,3.0,4.0,2.0,21.0,46
171395,2016,0.0,1.0,1.0,1.0,1.0,8.0,0.0,4.0,2.0,4.0,22.0,46
171395,2017,1.0,0.0,2.0,0.0,0.0,6.0,3.0,3.0,2.0,6.0,24.0,60
171395,2018,2.0,0.0,2.0,1.0,0.0,10.0,3.0,7.0,4.0,2.0,31.0,65
171395,2019,3.0,1.0,1.0,2.0,0.0,10.0,3.0,4.0,5.0,3.0,32.0,55
171420,2012,3.0,0.0,4.0,0.0,3.0,6.0,4.0,4.0,14.0,3.0,43.0,132
171420,2013,0.0,0.0,0.0,0.0,0.0,0.0,0.0,0.0,0.0,0.0,44.0,147
171420,2014,6.0,1.0,0.0,1.0,2.0,11.0,5.0,7.0,1.0,7.0,43.0,105
171420,2015,2.0,0.0,1.0,3.0,0.0,11.0,13.0,7.0,8.0,9.0,55.0,127
171420,2016,1.0,0.0,0.0,3.0,1.0,17.0,2.0,9.0,5.0,17.0,55.0,117
171420,2017,4.0,0.0,0.0,1.0,3.0,12.0,1.0,6.0,4.0,6.0,38.0,111
171420,2018,2.0,0.0,4.0,2.0,0.0,23.0,7.0,10.0,5.0,10.0,64.0,141
171420,2019,7.0,0.0,4.0,2.0,1.0,17.0,4.0,8.0,6.0,13.0,62.0,134
171430,2012,2.0,0.0,0.0,0.0,0.0,11.0,3.0,0.0,6.0,3.0,25.0,64
171430,2013,0.0,0.0,0.0,0.0,0.0,0.0,0.0,0.0,0.0,0.0,29.0,58
171430,2014,2.0,0.0,1.0,0.0,0.0,6.0,2.0,3.0,1.0,9.0,24.0,55
171430,2015,1.0,0.0,0.0,3.0,0.0,8.0,1.0,4.0,0.0,4.0,21.0,47
171430,2016,1.0,1.0,2.0,1.0,0.0,7.0,2.0,2.0,4.0,0.0,21.0,48
171430,2017,2.0,0.0,0.0,2.0,1.0,12.0,5.0,5.0,4.0,6.0,37.0,70
171430,2018,3.0,0.0,4.0,0.0,1.0,12.0,4.0,6.0,5.0,8.0,43.0,73
171430,2019,1.0,0.0,2.0,0.0,0.0,15.0,5.0,7.0,1.0,2.0,33.0,60
171488,2012,5.0,0.0,8.0,1.0,0.0,16.0,4.0,4.0,20.0,11.0,69.0,185
171488,2013,0.0,0.0,0.0,0.0,0.0,0.0,0.0,0.0,0.0,0.0,67.0,163
171488,2014,5.0,1.0,0.0,1.0,2.0,25.0,6.0,12.0,12.0,14.0,78.0,195
171488,2015,8.0,0.0,4.0,2.0,0.0,25.0,9.0,15.0,17.0,15.0,97.0,219
171488,2016,7.0,0.0,4.0,1.0,0.0,37.0,3.0,8.0,8.0,13.0,81.0,179
171488,2017,7.0,0.0,2.0,2.0,2.0,31.0,7.0,11.0,14.0,16.0,92.0,191
171488,2018,8.0,0.0,0.0,1.0,0.0,34.0,3.0,12.0,9.0,20.0,88.0,179
171488,2019,9.0,0.0,4.0,1.0,2.0,32.0,5.0,21.0,13.0,21.0,108.0,180
171500,2012,2.0,0.0,0.0,0.0,2.0,10.0,1.0,2.0,4.0,7.0,29.0,51
171500,2013,0.0,0.0,0.0,0.0,0.0,0.0,0.0,0.0,0.0,0.0,21.0,56
171500,2014,3.0,0.0,3.0,0.0,0.0,13.0,0.0,6.0,2.0,4.0,31.0,68
171500,2015,3.0,0.0,0.0,1.0,0.0,7.0,3.0,4.0,0.0,3.0,21.0,55
171500,2016,6.0,0.0,0.0,0.0,0.0,7.0,2.0,1.0,4.0,2.0,22.0,41
171500,2017,3.0,0.0,0.0,0.0,0.0,12.0,0.0,3.0,1.0,8.0,27.0,53
171500,2018,3.0,0.0,0.0,0.0,2.0,4.0,2.0,6.0,3.0,3.0,23.0,43
171500,2019,3.0,0.0,0.0,2.0,0.0,16.0,3.0,5.0,3.0,6.0,38.0,57
171510,2012,4.0,0.0,0.0,1.0,2.0,9.0,2.0,0.0,1.0,4.0,24.0,76
171510,2013,0.0,0.0,0.0,0.0,0.0,0.0,0.0,0.0,0.0,0.0,22.0,79
171510,2014,2.0,0.0,4.0,0.0,0.0,7.0,4.0,3.0,1.0,1.0,22.0,63
171510,2015,5.0,0.0,2.0,0.0,2.0,15.0,2.0,2.0,1.0,4.0,33.0,74
171510,2016,1.0,0.0,4.0,0.0,1.0,9.0,3.0,2.0,4.0,1.0,25.0,70
171510,2017,2.0,0.0,0.0,2.0,2.0,9.0,2.0,7.0,5.0,5.0,34.0,80
171510,2018,2.0,0.0,0.0,0.0,3.0,10.0,3.0,0.0,6.0,2.0,26.0,73
171510,2019,6.0,1.0,0.0,1.0,1.0,13.0,4.0,2.0,5.0,2.0,35.0,62
171515,2012,0.0,0.0,0.0,1.0,0.0,2.0,3.0,0.0,0.0,0.0,7.0,20
171515,2013,0.0,0.0,0.0,0.0,0.0,0.0,0.0,0.0,0.0,0.0,11.0,23
171515,2014,0.0,0.0,0.0,0.0,2.0,5.0,1.0,1.0,1.0,2.0,12.0,19
171515,2015,0.0,0.0,0.0,0.0,0.0,3.0,0.0,3.0,3.0,1.0,11.0,20
171515,2016,1.0,0.0,0.0,0.0,0.0,1.0,2.0,0.0,3.0,1.0,8.0,20
171515,2017,0.0,0.0,0.0,0.0,0.0,4.0,2.0,2.0,1.0,3.0,12.0,24
171515,2018,0.0,0.0,0.0,0.0,0.0,2.0,1.0,1.0,2.0,0.0,7.0,18
171515,2019,0.0,0.0,0.0,0.0,0.0,2.0,2.0,0.0,0.0,1.0,5.0,14
171525,2012,0.0,0.0,0.0,2.0,1.0,4.0,1.0,3.0,2.0,0.0,13.0,31
171525,2013,0.0,0.0,0.0,0.0,0.0,0.0,0.0,0.0,0.0,0.0,11.0,35
171525,2014,2.0,0.0,0.0,2.0,0.0,2.0,1.0,1.0,2.0,3.0,14.0,33
171525,2015,1.0,1.0,0.0,1.0,0.0,6.0,2.0,1.0,1.0,6.0,19.0,35
171525,2016,1.0,0.0,0.0,0.0,1.0,8.0,2.0,0.0,3.0,3.0,18.0,34
171525,2017,0.0,0.0,0.0,0.0,1.0,2.0,2.0,0.0,2.0,1.0,8.0,34
171525,2018,1.0,0.0,0.0,0.0,0.0,3.0,0.0,1.0,2.0,4.0,12.0,27
171525,2019,0.0,0.0,0.0,1.0,0.0,4.0,3.0,0.0,2.0,0.0,11.0,35
171550,2012,1.0,0.0,4.0,0.0,0.0,1.0,0.0,0.0,4.0,0.0,10.0,15
171550,2013,0.0,0.0,0.0,0.0,0.0,0.0,0.0,0.0,0.0,0.0,9.0,23
171550,2014,1.0,0.0,0.0,0.0,0.0,0.0,2.0,0.0,1.0,3.0,7.0,21
171550,2015,0.0,0.0,0.0,0.0,0.0,1.0,1.0,0.0,0.0,3.0,5.0,17
171550,2016,3.0,0.0,0.0,0.0,1.0,3.0,1.0,2.0,1.0,2.0,13.0,26
171550,2017,2.0,0.0,0.0,0.0,1.0,6.0,0.0,5.0,2.0,5.0,21.0,30
171550,2018,0.0,0.0,0.0,1.0,0.0,5.0,1.0,0.0,3.0,1.0,11.0,21
171550,2019,2.0,0.0,2.0,1.0,0.0,2.0,2.0,1.0,2.0,1.0,14.0,21
171570,2012,6.0,0.0,0.0,1.0,1.0,8.0,3.0,0.0,2.0,3.0,24.0,68
171570,2013,0.0,0.0,0.0,0.0,0.0,0.0,0.0,0.0,0.0,0.0,17.0,53
171570,2014,1.0,0.0,0.0,0.0,0.0,8.0,0.0,3.0,3.0,3.0,18.0,50
171570,2015,0.0,1.0,2.0,0.0,0.0,6.0,2.0,5.0,1.0,3.0,20.0,48
171570,2016,1.0,0.0,0.0,1.0,0.0,9.0,3.0,6.0,4.0,6.0,30.0,65
171570,2017,5.0,0.0,0.0,1.0,0.0,11.0,3.0,7.0,9.0,4.0,40.0,71
171570,2018,3.0,1.0,2.0,3.0,0.0,10.0,3.0,4.0,5.0,8.0,40.0,59
171570,2019,3.0,0.0,0.0,1.0,0.0,20.0,9.0,5.0,5.0,8.0,51.0,80
171575,2012,7.0,0.0,1.0,2.0,0.0,12.0,0.0,4.0,7.0,6.0,43.0,89
171575,2013,0.0,0.0,0.0,0.0,0.0,0.0,0.0,0.0,0.0,0.0,38.0,65
171575,2014,6.0,0.0,0.0,2.0,0.0,8.0,2.0,6.0,6.0,18.0,49.0,73
171575,2015,3.0,0.0,3.0,1.0,0.0,20.0,3.0,5.0,1.0,7.0,46.0,79
171575,2016,3.0,0.0,0.0,0.0,1.0,17.0,3.0,5.0,12.0,2.0,46.0,79
171575,2017,8.0,0.0,0.0,1.0,1.0,20.0,3.0,3.0,6.0,6.0,49.0,72
171575,2018,7.0,0.0,2.0,0.0,2.0,23.0,5.0,7.0,9.0,9.0,64.0,99
171575,2019,8.0,0.0,2.0,0.0,2.0,22.0,5.0,5.0,10.0,9.0,63.0,103
171610,2012,49.0,2.0,12.0,8.0,15.0,132.0,14.0,38.0,40.0,144.0,467.0,844
171610,2013,0.0,0.0,0.0,0.0,0.0,0.0,0.0,0.0,0.0,0.0,389.0,797
171610,2014,37.0,4.0,14.0,11.0,9.0,164.0,25.0,63.0,47.0,128.0,502.0,849
171610,2015,43.0,2.0,5.0,16.0,15.0,178.0,22.0,40.0,47.0,78.0,447.0,860
171610,2016,37.0,1.0,18.0,13.0,10.0,177.0,16.0,43.0,47.0,90.0,452.0,851
171610,2017,45.0,0.0,18.0,17.0,11.0,184.0,30.0,61.0,52.0,117.0,535.0,865
171610,2018,42.0,0.0,12.0,11.0,9.0,211.0,42.0,48.0,73.0,89.0,537.0,872
171610,2019,51.0,2.0,17.0,16.0,8.0,230.0,35.0,44.0,73.0,113.0,592.0,890
171620,2012,1.0,0.0,0.0,1.0,1.0,18.0,2.0,8.0,6.0,7.0,52.0,161
171620,2013,0.0,0.0,0.0,0.0,0.0,0.0,0.0,0.0,0.0,0.0,56.0,136
171620,2014,3.0,2.0,0.0,3.0,1.0,12.0,3.0,3.0,3.0,3.0,35.0,139
171620,2015,3.0,1.0,6.0,3.0,1.0,22.0,6.0,4.0,7.0,7.0,63.0,153
171620,2016,7.0,1.0,2.0,2.0,1.0,19.0,5.0,5.0,5.0,9.0,56.0,146
171620,2017,3.0,0.0,2.0,0.0,1.0,22.0,2.0,12.0,5.0,11.0,58.0,146
171620,2018,9.0,1.0,3.0,2.0,2.0,28.0,6.0,5.0,12.0,15.0,83.0,178
171620,2019,8.0,3.0,1.0,3.0,0.0,27.0,5.0,2.0,7.0,12.0,69.0,159
171630,2012,2.0,0.0,0.0,2.0,1.0,8.0,3.0,3.0,4.0,4.0,28.0,74
171630,2013,0.0,0.0,0.0,0.0,0.0,0.0,0.0,0.0,0.0,0.0,26.0,53
171630,2014,1.0,0.0,0.0,0.0,1.0,15.0,4.0,3.0,3.0,5.0,32.0,75
171630,2015,0.0,0.0,0.0,1.0,1.0,12.0,2.0,3.0,2.0,5.0,26.0,59
171630,2016,2.0,0.0,0.0,1.0,3.0,9.0,3.0,8.0,2.0,6.0,34.0,69
171630,2017,0.0,0.0,3.0,1.0,0.0,8.0,0.0,5.0,8.0,5.0,30.0,59
171630,2018,7.0,0.0,2.0,2.0,0.0,7.0,3.0,7.0,1.0,7.0,36.0,72
171630,2019,2.0,0.0,2.0,0.0,0.0,10.0,1.0,4.0,7.0,9.0,36.0,55
171650,2012,13.0,1.0,4.0,5.0,2.0,44.0,12.0,12.0,28.0,35.0,160.0,254
171650,2013,0.0,0.0,0.0,0.0,0.0,0.0,0.0,0.0,0.0,0.0,195.0,271
171650,2014,19.0,0.0,5.0,2.0,1.0,57.0,10.0,41.0,10.0,52.0,205.0,259
171650,2015,18.0,0.0,4.0,5.0,2.0,53.0,7.0,29.0,20.0,49.0,192.0,279
171650,2016,14.0,0.0,2.0,1.0,4.0,57.0,14.0,22.0,15.0,34.0,163.0,252
171650,2017,7.0,0.0,3.0,3.0,3.0,78.0,15.0,5.0,29.0,30.0,175.0,270
171650,2018,12.0,2.0,4.0,7.0,5.0,63.0,11.0,13.0,15.0,24.0,157.0,240
171650,2019,9.0,4.0,5.0,3.0,2.0,80.0,13.0,26.0,14.0,36.0,193.0,257
171660,2012,5.0,0.0,2.0,1.0,0.0,13.0,1.0,0.0,15.0,4.0,45.0,115
171660,2013,0.0,0.0,0.0,0.0,0.0,0.0,0.0,0.0,0.0,0.0,58.0,123
171660,2014,6.0,0.0,3.0,0.0,2.0,13.0,8.0,6.0,9.0,18.0,68.0,129
171660,2015,11.0,0.0,0.0,2.0,0.0,21.0,6.0,7.0,6.0,14.0,69.0,128
171660,2016,6.0,0.0,4.0,1.0,4.0,23.0,6.0,6.0,9.0,5.0,65.0,130
171660,2017,4.0,0.0,1.0,1.0,2.0,32.0,10.0,4.0,14.0,9.0,77.0,126
171660,2018,7.0,0.0,0.0,2.0,1.0,33.0,2.0,8.0,9.0,8.0,75.0,144
171660,2019,8.0,0.0,4.0,3.0,1.0,25.0,3.0,6.0,8.0,11.0,70.0,131
171665,2012,5.0,0.0,0.0,1.0,1.0,15.0,2.0,5.0,4.0,4.0,39.0,69
171665,2013,0.0,0.0,0.0,0.0,0.0,0.0,0.0,0.0,0.0,0.0,34.0,51
171665,2014,2.0,1.0,4.0,1.0,1.0,10.0,3.0,4.0,11.0,10.0,49.0,77
171665,2015,0.0,0.0,0.0,0.0,1.0,14.0,5.0,5.0,1.0,10.0,39.0,61
171665,2016,1.0,0.0,0.0,0.0,0.0,17.0,3.0,3.0,5.0,10.0,42.0,68
171665,2017,2.0,0.0,0.0,0.0,1.0,21.0,2.0,4.0,2.0,5.0,37.0,57
171665,2018,4.0,0.0,0.0,2.0,1.0,21.0,3.0,4.0,3.0,10.0,48.0,65
171665,2019,4.0,0.0,5.0,0.0,3.0,18.0,3.0,4.0,6.0,13.0,56.0,68
171670,2012,7.0,0.0,2.0,2.0,0.0,29.0,8.0,5.0,13.0,16.0,84.0,123
171670,2013,0.0,0.0,0.0,0.0,0.0,0.0,0.0,0.0,0.0,0.0,98.0,137
171670,2014,3.0,1.0,0.0,1.0,1.0,28.0,10.0,3.0,20.0,21.0,90.0,132
171670,2015,9.0,0.0,0.0,0.0,2.0,21.0,5.0,8.0,12.0,21.0,78.0,116
171670,2016,5.0,1.0,0.0,2.0,0.0,27.0,9.0,8.0,11.0,11.0,74.0,102
171670,2017,1.0,0.0,2.0,2.0,1.0,29.0,4.0,7.0,10.0,12.0,68.0,104
171670,2018,4.0,0.0,0.0,1.0,2.0,41.0,8.0,7.0,13.0,14.0,90.0,121
171670,2019,3.0,1.0,1.0,2.0,1.0,29.0,2.0,13.0,8.0,14.0,74.0,101
171700,2012,3.0,0.0,0.0,3.0,2.0,7.0,4.0,0.0,6.0,0.0,25.0,71
171700,2013,0.0,0.0,0.0,0.0,0.0,0.0,0.0,0.0,0.0,0.0,15.0,47
171700,2014,4.0,0.0,0.0,2.0,0.0,8.0,5.0,2.0,2.0,3.0,26.0,61
171700,2015,2.0,0.0,0.0,1.0,1.0,18.0,2.0,5.0,2.0,4.0,37.0,68
171700,2016,1.0,0.0,0.0,1.0,1.0,6.0,3.0,3.0,0.0,4.0,19.0,43
171700,2017,4.0,0.0,0.0,0.0,0.0,11.0,1.0,7.0,1.0,4.0,29.0,58
171700,2018,5.0,1.0,0.0,1.0,0.0,10.0,1.0,4.0,5.0,6.0,33.0,74
171700,2019,1.0,0.0,0.0,2.0,0.0,8.0,0.0,5.0,1.0,6.0,23.0,53
171720,2012,0.0,0.0,0.0,1.0,0.0,3.0,2.0,0.0,2.0,1.0,10.0,40
171720,2013,0.0,0.0,0.0,0.0,0.0,0.0,0.0,0.0,0.0,0.0,16.0,42
171720,2014,1.0,0.0,0.0,1.0,0.0,1.0,2.0,6.0,3.0,2.0,17.0,35
171720,2015,1.0,0.0,2.0,0.0,0.0,7.0,1.0,0.0,2.0,4.0,17.0,32
171720,2016,1.0,0.0,0.0,0.0,0.0,4.0,2.0,1.0,1.0,1.0,11.0,32
171720,2017,3.0,0.0,0.0,3.0,0.0,11.0,2.0,2.0,6.0,5.0,32.0,47
171720,2018,2.0,0.0,2.0,2.0,1.0,5.0,0.0,2.0,0.0,3.0,18.0,30
171720,2019,2.0,0.0,0.0,2.0,1.0,5.0,1.0,3.0,3.0,2.0,19.0,36
171750,2012,4.0,0.0,2.0,1.0,0.0,19.0,0.0,3.0,1.0,7.0,38.0,103
171750,2013,0.0,0.0,0.0,0.0,0.0,0.0,0.0,0.0,0.0,0.0,33.0,80
171750,2014,1.0,0.0,0.0,4.0,1.0,14.0,3.0,6.0,2.0,10.0,42.0,99
171750,2015,2.0,1.0,0.0,0.0,1.0,12.0,4.0,2.0,4.0,8.0,34.0,74
171750,2016,4.0,0.0,0.0,2.0,0.0,20.0,4.0,2.0,4.0,11.0,47.0,91
171750,2017,1.0,0.0,2.0,4.0,1.0,15.0,1.0,6.0,0.0,8.0,38.0,96
171750,2018,2.0,0.0,0.0,0.0,1.0,17.0,1.0,7.0,3.0,6.0,37.0,88
171750,2019,3.0,0.0,0.0,0.0,0.0,16.0,5.0,2.0,5.0,5.0,36.0,96
171780,2012,6.0,0.0,0.0,2.0,4.0,4.0,1.0,2.0,5.0,3.0,34.0,66
171780,2013,0.0,0.0,0.0,0.0,0.0,0.0,0.0,0.0,0.0,0.0,24.0,57
171780,2014,2.0,0.0,0.0,0.0,1.0,8.0,2.0,3.0,1.0,2.0,20.0,54
171780,2015,2.0,0.0,1.0,0.0,0.0,10.0,3.0,4.0,2.0,6.0,29.0,56
171780,2016,1.0,0.0,1.0,0.0,0.0,8.0,3.0,3.0,4.0,1.0,22.0,58
171780,2017,1.0,0.0,0.0,2.0,1.0,9.0,3.0,3.0,5.0,2.0,26.0,53
171780,2018,2.0,0.0,0.0,3.0,1.0,8.0,1.0,3.0,5.0,4.0,27.0,56
171780,2019,1.0,0.0,0.0,0.0,2.0,6.0,1.0,0.0,1.0,2.0,13.0,38
171790,2012,8.0,1.0,1.0,4.0,2.0,14.0,8.0,0.0,7.0,1.0,49.0,126
171790,2013,0.0,0.0,0.0,0.0,0.0,0.0,0.0,0.0,0.0,0.0,53.0,119
171790,2014,7.0,0.0,2.0,1.0,2.0,15.0,5.0,8.0,8.0,3.0,51.0,122
171790,2015,4.0,0.0,2.0,2.0,0.0,15.0,7.0,4.0,9.0,3.0,46.0,112
171790,2016,4.0,0.0,4.0,1.0,3.0,22.0,2.0,5.0,7.0,14.0,64.0,126
171790,2017,5.0,0.0,2.0,1.0,1.0,22.0,1.0,6.0,6.0,11.0,55.0,117
171790,2018,4.0,0.0,2.0,0.0,1.0,19.0,4.0,5.0,4.0,7.0,46.0,104
171790,2019,8.0,0.0,2.0,2.0,2.0,18.0,2.0,1.0,3.0,7.0,46.0,100
171800,2012,1.0,0.0,0.0,1.0,0.0,2.0,5.0,0.0,2.0,3.0,14.0,44
171800,2013,0.0,0.0,0.0,0.0,0.0,0.0,0.0,0.0,0.0,0.0,20.0,44
171800,2014,0.0,2.0,2.0,0.0,0.0,5.0,5.0,4.0,1.0,2.0,21.0,49
171800,2015,0.0,0.0,0.0,2.0,1.0,8.0,1.0,0.0,3.0,3.0,18.0,47
171800,2016,1.0,2.0,4.0,0.0,0.0,2.0,1.0,4.0,1.0,1.0,16.0,54
171800,2017,1.0,0.0,2.0,1.0,2.0,7.0,0.0,3.0,2.0,2.0,20.0,39
171800,2018,4.0,0.0,0.0,1.0,0.0,7.0,1.0,2.0,3.0,3.0,22.0,51
171800,2019,2.0,0.0,2.0,0.0,1.0,8.0,1.0,1.0,3.0,2.0,20.0,36
171820,2012,54.0,3.0,17.0,26.0,22.0,96.0,54.0,3.0,141.0,20.0,465.0,932
171820,2013,0.0,0.0,0.0,0.0,0.0,0.0,0.0,0.0,0.0,0.0,484.0,938
171820,2014,55.0,2.0,13.0,10.0,7.0,171.0,56.0,31.0,100.0,65.0,521.0,1032
171820,2015,71.0,3.0,27.0,16.0,7.0,176.0,57.0,51.0,104.0,101.0,629.0,1119
171820,2016,62.0,2.0,21.0,21.0,15.0,204.0,31.0,62.0,59.0,114.0,609.0,1103
171820,2017,53.0,5.0,11.0,21.0,17.0,245.0,27.0,80.0,62.0,132.0,670.0,1213
171820,2018,81.0,2.0,19.0,11.0,9.0,246.0,50.0,89.0,71.0,122.0,710.0,1192
171820,2019,59.0,1.0,20.0,20.0,7.0,224.0,49.0,51.0,67.0,78.0,585.0,1109
171830,2012,4.0,0.0,8.0,1.0,0.0,12.0,12.0,5.0,8.0,14.0,64.0,142
171830,2013,0.0,0.0,0.0,0.0,0.0,0.0,0.0,0.0,0.0,0.0,40.0,113
171830,2014,3.0,0.0,5.0,0.0,3.0,18.0,4.0,12.0,4.0,13.0,63.0,120
171830,2015,6.0,0.0,2.0,1.0,1.0,21.0,6.0,7.0,4.0,11.0,64.0,132
171830,2016,6.0,0.0,2.0,1.0,0.0,21.0,5.0,14.0,3.0,14.0,74.0,126
171830,2017,2.0,0.0,3.0,2.0,1.0,14.0,3.0,13.0,3.0,5.0,51.0,106
171830,2018,3.0,0.0,2.0,1.0,1.0,15.0,5.0,5.0,2.0,11.0,46.0,103
171830,2019,1.0,0.0,2.0,0.0,0.0,17.0,0.0,4.0,1.0,8.0,36.0,93
171840,2012,1.0,0.0,2.0,0.0,2.0,6.0,1.0,0.0,4.0,6.0,25.0,47
171840,2013,0.0,0.0,0.0,0.0,0.0,0.0,0.0,0.0,0.0,0.0,22.0,46
171840,2014,4.0,0.0,0.0,0.0,3.0,9.0,0.0,6.0,6.0,8.0,36.0,52
171840,2015,1.0,0.0,2.0,1.0,0.0,11.0,6.0,5.0,4.0,9.0,40.0,52
171840,2016,1.0,0.0,0.0,0.0,0.0,13.0,2.0,2.0,9.0,5.0,32.0,51
171840,2017,2.0,0.0,0.0,0.0,0.0,8.0,2.0,3.0,4.0,1.0,20.0,41
171840,2018,3.0,0.0,0.0,2.0,0.0,14.0,0.0,3.0,1.0,7.0,30.0,47
171840,2019,2.0,0.0,0.0,1.0,2.0,9.0,2.0,1.0,6.0,7.0,30.0,39
171845,2012,1.0,0.0,0.0,1.0,1.0,6.0,0.0,1.0,2.0,2.0,15.0,40
171845,2013,0.0,0.0,0.0,0.0,0.0,0.0,0.0,0.0,0.0,0.0,14.0,31
171845,2014,1.0,0.0,0.0,0.0,0.0,7.0,1.0,0.0,0.0,4.0,13.0,34
171845,2015,0.0,0.0,2.0,0.0,0.0,4.0,0.0,3.0,1.0,1.0,11.0,35
171845,2016,1.0,0.0,0.0,1.0,0.0,8.0,1.0,0.0,3.0,4.0,18.0,40
171845,2017,0.0,0.0,0.0,1.0,0.0,8.0,1.0,3.0,1.0,2.0,16.0,32
171845,2018,2.0,0.0,0.0,2.0,0.0,10.0,0.0,3.0,0.0,3.0,20.0,28
171845,2019,3.0,0.0,0.0,0.0,0.0,7.0,4.0,2.0,1.0,3.0,20.0,32
171850,2012,3.0,0.0,0.0,1.0,1.0,7.0,3.0,6.0,5.0,4.0,30.0,79
171850,2013,0.0,0.0,0.0,0.0,0.0,0.0,0.0,0.0,0.0,0.0,47.0,74
171850,2014,2.0,0.0,2.0,3.0,2.0,7.0,3.0,6.0,0.0,6.0,31.0,57
171850,2015,0.0,0.0,0.0,1.0,1.0,12.0,5.0,5.0,5.0,10.0,39.0,68
171850,2016,1.0,0.0,0.0,0.0,0.0,9.0,2.0,4.0,2.0,5.0,23.0,53
171850,2017,3.0,0.0,0.0,1.0,0.0,13.0,3.0,1.0,7.0,7.0,35.0,54
171850,2018,3.0,0.0,0.0,1.0,0.0,8.0,1.0,4.0,1.0,5.0,23.0,45
171850,2019,0.0,0.0,0.0,0.0,1.0,15.0,1.0,7.0,1.0,7.0,32.0,52
171855,2012,3.0,0.0,0.0,0.0,0.0,8.0,1.0,0.0,6.0,6.0,32.0,69
171855,2013,0.0,0.0,0.0,0.0,0.0,0.0,0.0,0.0,0.0,0.0,30.0,62
171855,2014,0.0,0.0,0.0,3.0,2.0,11.0,2.0,3.0,5.0,5.0,33.0,66
171855,2015,1.0,0.0,0.0,0.0,0.0,11.0,3.0,7.0,7.0,8.0,37.0,68
171855,2016,4.0,0.0,2.0,0.0,3.0,13.0,1.0,1.0,2.0,7.0,34.0,67
171855,2017,0.0,0.0,0.0,0.0,0.0,13.0,1.0,1.0,4.0,4.0,24.0,60
171855,2018,2.0,0.0,0.0,1.0,0.0,14.0,0.0,5.0,3.0,2.0,27.0,57
171855,2019,2.0,0.0,2.0,0.0,0.0,8.0,2.0,5.0,6.0,4.0,29.0,54
171865,2012,3.0,0.0,2.0,0.0,0.0,5.0,1.0,2.0,1.0,2.0,16.0,37
171865,2013,0.0,0.0,0.0,0.0,0.0,0.0,0.0,0.0,0.0,0.0,19.0,35
171865,2014,2.0,0.0,2.0,0.0,0.0,2.0,2.0,4.0,3.0,5.0,20.0,40
171865,2015,4.0,0.0,4.0,0.0,0.0,4.0,0.0,1.0,0.0,3.0,16.0,34
171865,2016,0.0,0.0,0.0,0.0,0.0,6.0,3.0,2.0,0.0,2.0,14.0,38
171865,2017,1.0,0.0,0.0,0.0,0.0,6.0,0.0,1.0,0.0,4.0,13.0,38
171865,2018,1.0,0.0,2.0,0.0,0.0,6.0,1.0,2.0,3.0,2.0,17.0,41
171865,2019,2.0,0.0,0.0,0.0,0.0,5.0,3.0,1.0,2.0,2.0,15.0,33
171870,2012,1.0,0.0,0.0,0.0,0.0,6.0,0.0,0.0,2.0,2.0,11.0,32
171870,2013,0.0,0.0,0.0,0.0,0.0,0.0,0.0,0.0,0.0,0.0,12.0,31
171870,2014,2.0,1.0,0.0,2.0,1.0,7.0,3.0,1.0,2.0,2.0,21.0,44
171870,2015,1.0,0.0,0.0,0.0,0.0,5.0,2.0,2.0,2.0,1.0,13.0,25
171870,2016,0.0,0.0,2.0,0.0,1.0,9.0,1.0,1.0,2.0,2.0,18.0,36
171870,2017,1.0,0.0,0.0,0.0,0.0,10.0,2.0,3.0,4.0,2.0,22.0,42
171870,2018,1.0,0.0,0.0,1.0,0.0,11.0,0.0,0.0,4.0,3.0,20.0,37
171870,2019,1.0,0.0,0.0,2.0,0.0,7.0,3.0,3.0,1.0,5.0,22.0,35
171875,2012,4.0,0.0,0.0,0.0,0.0,11.0,0.0,1.0,3.0,2.0,21.0,69
171875,2013,0.0,0.0,0.0,0.0,0.0,0.0,0.0,0.0,0.0,0.0,28.0,66
171875,2014,0.0,0.0,2.0,0.0,0.0,7.0,2.0,2.0,5.0,5.0,23.0,51
171875,2015,2.0,0.0,1.0,0.0,0.0,7.0,0.0,5.0,2.0,8.0,25.0,51
171875,2016,1.0,0.0,0.0,1.0,1.0,12.0,3.0,5.0,2.0,2.0,27.0,60
171875,2017,3.0,0.0,0.0,1.0,1.0,13.0,3.0,1.0,1.0,5.0,28.0,69
171875,2018,5.0,0.0,0.0,0.0,1.0,13.0,3.0,3.0,3.0,0.0,28.0,63
171875,2019,3.0,0.0,0.0,0.0,0.0,14.0,1.0,2.0,1.0,2.0,23.0,60
171880,2012,1.0,1.0,1.0,1.0,1.0,15.0,3.0,4.0,5.0,3.0,35.0,82
171880,2013,0.0,0.0,0.0,0.0,0.0,0.0,0.0,0.0,0.0,0.0,30.0,71
171880,2014,6.0,0.0,0.0,2.0,1.0,8.0,4.0,5.0,1.0,9.0,42.0,89
171880,2015,3.0,0.0,2.0,0.0,0.0,11.0,4.0,10.0,6.0,6.0,44.0,86
171880,2016,4.0,0.0,0.0,0.0,0.0,16.0,1.0,3.0,3.0,5.0,34.0,84
171880,2017,1.0,0.0,2.0,2.0,0.0,5.0,2.0,3.0,3.0,4.0,23.0,78
171880,2018,1.0,0.0,2.0,0.0,1.0,14.0,2.0,5.0,3.0,10.0,40.0,101
171880,2019,4.0,0.0,0.0,1.0,0.0,14.0,1.0,3.0,1.0,5.0,30.0,66
171884,2012,5.0,8.0,2.0,0.0,0.0,5.0,0.0,1.0,0.0,2.0,23.0,44
171884,2013,0.0,0.0,0.0,0.0,0.0,0.0,0.0,0.0,0.0,0.0,25.0,39
171884,2014,6.0,1.0,2.0,0.0,0.0,3.0,2.0,1.0,3.0,4.0,25.0,53
171884,2015,1.0,1.0,1.0,1.0,0.0,9.0,1.0,2.0,2.0,3.0,21.0,39
171884,2016,1.0,0.0,4.0,0.0,0.0,6.0,2.0,1.0,3.0,3.0,22.0,43
171884,2017,2.0,1.0,0.0,1.0,0.0,9.0,0.0,1.0,0.0,1.0,15.0,39
171884,2018,3.0,0.0,2.0,1.0,0.0,11.0,5.0,4.0,2.0,1.0,29.0,45
171884,2019,1.0,0.0,0.0,2.0,2.0,10.0,1.0,2.0,5.0,5.0,29.0,46
171886,2012,0.0,2.0,0.0,1.0,0.0,10.0,3.0,0.0,11.0,3.0,30.0,103
171886,2013,0.0,0.0,0.0,0.0,0.0,0.0,0.0,0.0,0.0,0.0,57.0,138
171886,2014,1.0,0.0,0.0,0.0,0.0,9.0,2.0,8.0,9.0,11.0,40.0,114
171886,2015,2.0,2.0,2.0,5.0,2.0,15.0,3.0,8.0,12.0,8.0,59.0,132
171886,2016,9.0,1.0,4.0,3.0,0.0,8.0,3.0,11.0,3.0,10.0,52.0,115
171886,2017,6.0,0.0,4.0,2.0,2.0,9.0,4.0,5.0,6.0,8.0,46.0,101
171886,2018,3.0,0.0,2.0,2.0,2.0,26.0,10.0,12.0,6.0,8.0,71.0,132
171886,2019,2.0,0.0,2.0,3.0,2.0,26.0,7.0,7.0,8.0,7.0,65.0,122
171888,2012,1.0,1.0,0.0,2.0,1.0,6.0,4.0,5.0,5.0,5.0,30.0,56
171888,2013,0.0,0.0,0.0,0.0,0.0,0.0,0.0,0.0,0.0,0.0,24.0,43
171888,2014,1.0,0.0,0.0,0.0,0.0,6.0,2.0,4.0,0.0,8.0,22.0,29
171888,2015,2.0,0.0,0.0,0.0,1.0,8.0,3.0,4.0,2.0,9.0,29.0,36
171888,2016,3.0,0.0,0.0,0.0,0.0,10.0,1.0,4.0,2.0,8.0,28.0,39
171888,2017,4.0,0.0,0.0,0.0,0.0,10.0,2.0,6.0,4.0,3.0,29.0,41
171888,2018,1.0,0.0,3.0,0.0,0.0,11.0,2.0,0.0,3.0,7.0,27.0,44
171888,2019,0.0,0.0,2.0,0.0,0.0,10.0,2.0,2.0,2.0,9.0,27.0,42
171889,2012,2.0,0.0,0.0,0.0,0.0,3.0,2.0,0.0,0.0,3.0,10.0,32
171889,2013,0.0,0.0,0.0,0.0,0.0,0.0,0.0,0.0,0.0,0.0,10.0,22
171889,2014,2.0,0.0,0.0,0.0,0.0,9.0,0.0,2.0,1.0,3.0,18.0,26
171889,2015,1.0,0.0,0.0,0.0,0.0,10.0,4.0,1.0,3.0,0.0,19.0,29
171889,2016,0.0,0.0,0.0,0.0,1.0,2.0,2.0,3.0,2.0,2.0,12.0,24
171889,2017,1.0,0.0,2.0,2.0,0.0,6.0,3.0,2.0,2.0,4.0,22.0,29
171889,2018,1.0,0.0,2.0,1.0,1.0,2.0,1.0,1.0,1.0,3.0,13.0,24
171889,2019,3.0,0.0,0.0,0.0,0.0,8.0,1.0,1.0,3.0,2.0,18.0,26
171890,2012,3.0,0.0,0.0,2.0,1.0,4.0,3.0,1.0,4.0,1.0,22.0,76
171890,2013,0.0,0.0,0.0,0.0,0.0,0.0,0.0,0.0,0.0,0.0,22.0,65
171890,2014,4.0,0.0,2.0,0.0,1.0,5.0,2.0,2.0,3.0,3.0,22.0,73
171890,2015,2.0,0.0,2.0,1.0,0.0,13.0,2.0,4.0,9.0,5.0,41.0,85
171890,2016,3.0,0.0,0.0,1.0,2.0,12.0,2.0,5.0,2.0,8.0,38.0,83
171890,2017,4.0,0.0,8.0,0.0,2.0,13.0,1.0,5.0,3.0,5.0,42.0,80
171890,2018,2.0,0.0,2.0,0.0,1.0,12.0,3.0,9.0,3.0,3.0,36.0,82
171890,2019,3.0,0.0,0.0,1.0,0.0,12.0,0.0,2.0,4.0,7.0,30.0,74
171900,2012,1.0,0.0,0.0,1.0,0.0,3.0,0.0,0.0,0.0,2.0,9.0,47
171900,2013,0.0,0.0,0.0,0.0,0.0,0.0,0.0,0.0,0.0,0.0,22.0,63
171900,2014,1.0,0.0,2.0,0.0,1.0,7.0,1.0,2.0,5.0,4.0,24.0,64
171900,2015,6.0,0.0,0.0,1.0,0.0,2.0,0.0,2.0,0.0,0.0,12.0,47
171900,2016,2.0,0.0,0.0,0.0,0.0,9.0,1.0,1.0,2.0,0.0,16.0,42
171900,2017,0.0,0.0,2.0,1.0,0.0,5.0,2.0,5.0,1.0,3.0,19.0,64
171900,2018,4.0,0.0,0.0,0.0,0.0,7.0,5.0,2.0,4.0,3.0,25.0,44
171900,2019,2.0,0.0,0.0,2.0,1.0,9.0,1.0,0.0,2.0,1.0,18.0,55
172000,2012,2.0,0.0,0.0,0.0,0.0,3.0,2.0,1.0,1.0,5.0,16.0,41
172000,2013,0.0,0.0,0.0,0.0,0.0,0.0,0.0,0.0,0.0,0.0,10.0,33
172000,2014,0.0,0.0,2.0,2.0,0.0,3.0,0.0,2.0,1.0,5.0,15.0,25
172000,2015,1.0,0.0,1.0,0.0,0.0,2.0,0.0,3.0,4.0,3.0,15.0,35
172000,2016,1.0,0.0,2.0,1.0,0.0,3.0,1.0,1.0,3.0,5.0,17.0,35
172000,2017,0.0,1.0,0.0,0.0,0.0,5.0,2.0,2.0,0.0,3.0,13.0,33
172000,2018,1.0,0.0,0.0,0.0,0.0,2.0,2.0,1.0,2.0,3.0,13.0,25
172000,2019,0.0,0.0,0.0,0.0,1.0,9.0,1.0,2.0,3.0,0.0,16.0,28
172010,2012,6.0,0.0,0.0,0.0,0.0,12.0,4.0,6.0,2.0,4.0,35.0,82
172010,2013,0.0,0.0,0.0,0.0,0.0,0.0,0.0,0.0,0.0,0.0,24.0,90
172010,2014,1.0,0.0,2.0,2.0,1.0,7.0,4.0,5.0,5.0,6.0,36.0,83
172010,2015,2.0,0.0,1.0,1.0,0.0,8.0,3.0,6.0,3.0,9.0,33.0,95
172010,2016,4.0,0.0,0.0,1.0,2.0,8.0,2.0,6.0,5.0,6.0,34.0,74
172010,2017,3.0,1.0,2.0,2.0,0.0,14.0,2.0,4.0,2.0,2.0,33.0,76
172010,2018,3.0,0.0,0.0,1.0,2.0,8.0,2.0,4.0,5.0,2.0,27.0,89
172010,2019,3.0,0.0,0.0,3.0,0.0,15.0,2.0,8.0,1.0,6.0,41.0,85
172015,2012,5.0,0.0,2.0,0.0,0.0,3.0,0.0,0.0,0.0,2.0,13.0,26
172015,2013,0.0,0.0,0.0,0.0,0.0,0.0,0.0,0.0,0.0,0.0,15.0,26
172015,2014,1.0,0.0,0.0,1.0,1.0,6.0,0.0,0.0,1.0,2.0,12.0,23
172015,2015,1.0,0.0,0.0,0.0,0.0,2.0,1.0,0.0,1.0,3.0,8.0,17
172015,2016,0.0,0.0,0.0,0.0,0.0,7.0,1.0,0.0,1.0,1.0,10.0,22
172015,2017,1.0,0.0,1.0,0.0,0.0,4.0,0.0,1.0,0.0,1.0,8.0,20
172015,2018,2.0,0.0,0.0,5.0,0.0,5.0,2.0,0.0,0.0,1.0,15.0,31
172015,2019,2.0,0.0,2.0,0.0,0.0,6.0,1.0,2.0,1.0,3.0,17.0,29
172020,2012,7.0,0.0,4.0,0.0,2.0,14.0,7.0,13.0,4.0,14.0,67.0,134
172020,2013,0.0,0.0,0.0,0.0,0.0,0.0,0.0,0.0,0.0,0.0,85.0,184
172020,2014,7.0,0.0,4.0,2.0,0.0,21.0,3.0,8.0,2.0,15.0,63.0,134
172020,2015,11.0,0.0,4.0,4.0,2.0,23.0,10.0,16.0,14.0,16.0,100.0,165
172020,2016,12.0,2.0,0.0,0.0,0.0,21.0,1.0,12.0,8.0,21.0,79.0,167
172020,2017,5.0,1.0,0.0,3.0,0.0,33.0,8.0,14.0,10.0,22.0,97.0,172
172020,2018,6.0,0.0,0.0,1.0,1.0,26.0,4.0,8.0,3.0,9.0,65.0,162
172020,2019,7.0,0.0,0.0,0.0,0.0,28.0,0.0,4.0,1.0,17.0,60.0,150
172025,2012,2.0,0.0,0.0,1.0,0.0,4.0,0.0,0.0,2.0,2.0,14.0,29
172025,2013,0.0,0.0,0.0,0.0,0.0,0.0,0.0,0.0,0.0,0.0,16.0,28
172025,2014,1.0,0.0,0.0,0.0,0.0,5.0,1.0,4.0,3.0,4.0,19.0,36
172025,2015,2.0,0.0,0.0,1.0,1.0,3.0,2.0,4.0,1.0,7.0,22.0,35
172025,2016,1.0,0.0,2.0,2.0,0.0,3.0,2.0,5.0,3.0,2.0,20.0,39
172025,2017,2.0,0.0,0.0,0.0,0.0,1.0,2.0,1.0,3.0,1.0,10.0,30
172025,2018,2.0,0.0,0.0,1.0,0.0,5.0,2.0,0.0,0.0,2.0,13.0,29
172025,2019,3.0,0.0,0.0,0.0,0.0,6.0,3.0,1.0,4.0,0.0,19.0,34
172030,2012,2.0,0.0,0.0,0.0,0.0,13.0,2.0,4.0,1.0,5.0,28.0,71
172030,2013,0.0,0.0,0.0,0.0,0.0,0.0,0.0,0.0,0.0,0.0,30.0,83
172030,2014,0.0,0.0,0.0,0.0,0.0,7.0,2.0,2.0,1.0,5.0,18.0,60
172030,2015,2.0,0.0,2.0,1.0,0.0,9.0,1.0,4.0,4.0,8.0,33.0,83
172030,2016,3.0,0.0,0.0,1.0,0.0,5.0,0.0,3.0,2.0,11.0,27.0,78
172030,2017,1.0,0.0,3.0,0.0,2.0,7.0,0.0,5.0,3.0,3.0,24.0,62
172030,2018,2.0,0.0,0.0,1.0,1.0,12.0,2.0,6.0,5.0,8.0,38.0,72
172030,2019,0.0,0.0,0.0,1.0,1.0,8.0,1.0,6.0,3.0,6.0,26.0,65
172049,2012,4.0,0.0,0.0,1.0,1.0,4.0,1.0,0.0,3.0,1.0,17.0,52
172049,2013,0.0,0.0,0.0,0.0,0.0,0.0,0.0,0.0,0.0,0.0,30.0,68
172049,2014,3.0,0.0,0.0,0.0,1.0,6.0,1.0,4.0,2.0,9.0,28.0,58
172049,2015,4.0,0.0,0.0,0.0,0.0,12.0,1.0,4.0,2.0,8.0,31.0,59
172049,2016,2.0,0.0,0.0,0.0,0.0,7.0,1.0,2.0,2.0,3.0,17.0,45
172049,2017,1.0,0.0,6.0,0.0,0.0,7.0,5.0,3.0,4.0,1.0,27.0,56
172049,2018,1.0,0.0,2.0,0.0,0.0,8.0,4.0,3.0,6.0,5.0,29.0,61
172049,2019,5.0,0.0,0.0,0.0,0.0,9.0,4.0,3.0,4.0,4.0,29.0,57
172065,2012,3.0,0.0,4.0,6.0,1.0,8.0,1.0,0.0,16.0,1.0,41.0,90
172065,2013,0.0,0.0,0.0,0.0,0.0,0.0,0.0,0.0,0.0,0.0,36.0,79
172065,2014,4.0,0.0,0.0,0.0,1.0,9.0,2.0,2.0,12.0,7.0,39.0,94
172065,2015,7.0,0.0,5.0,0.0,1.0,12.0,3.0,5.0,7.0,3.0,44.0,93
172065,2016,2.0,0.0,0.0,2.0,1.0,9.0,3.0,5.0,2.0,7.0,32.0,73
172065,2017,5.0,0.0,0.0,1.0,0.0,17.0,1.0,3.0,1.0,9.0,37.0,83
172065,2018,3.0,1.0,3.0,2.0,0.0,18.0,4.0,4.0,3.0,4.0,42.0,79
172065,2019,3.0,0.0,0.0,1.0,2.0,20.0,2.0,5.0,3.0,9.0,45.0,92
172080,2012,7.0,0.0,1.0,0.0,0.0,16.0,2.0,12.0,5.0,14.0,57.0,133
172080,2013,0.0,0.0,0.0,0.0,0.0,0.0,0.0,0.0,0.0,0.0,67.0,145
172080,2014,8.0,0.0,3.0,4.0,2.0,21.0,4.0,19.0,4.0,19.0,84.0,165
172080,2015,8.0,0.0,3.0,5.0,1.0,23.0,2.0,12.0,4.0,16.0,75.0,143
172080,2016,5.0,0.0,0.0,1.0,0.0,18.0,5.0,10.0,8.0,12.0,59.0,147
172080,2017,0.0,1.0,1.0,0.0,0.0,23.0,3.0,11.0,2.0,12.0,53.0,135
172080,2018,5.0,0.0,4.0,1.0,2.0,38.0,0.0,8.0,8.0,13.0,79.0,162
172080,2019,4.0,0.0,0.0,2.0,2.0,29.0,2.0,7.0,5.0,7.0,59.0,132
172085,2012,1.0,0.0,0.0,0.0,0.0,3.0,0.0,0.0,2.0,1.0,7.0,23
172085,2013,0.0,0.0,0.0,0.0,0.0,0.0,0.0,0.0,0.0,0.0,11.0,20
172085,2014,0.0,0.0,0.0,0.0,0.0,3.0,1.0,1.0,1.0,3.0,11.0,17
172085,2015,2.0,0.0,0.0,0.0,0.0,2.0,1.0,1.0,3.0,6.0,16.0,24
172085,2016,2.0,0.0,0.0,0.0,1.0,5.0,1.0,2.0,2.0,1.0,15.0,33
172085,2017,1.0,0.0,0.0,0.0,0.0,5.0,0.0,2.0,0.0,1.0,9.0,21
172085,2018,1.0,0.0,0.0,1.0,0.0,4.0,1.0,1.0,4.0,2.0,14.0,23
172085,2019,3.0,0.0,0.0,0.0,0.0,4.0,0.0,3.0,0.0,0.0,10.0,13
172090,2012,9.0,10.0,0.0,9.0,7.0,20.0,9.0,4.0,10.0,8.0,104.0,211
172090,2013,0.0,0.0,0.0,0.0,0.0,0.0,0.0,0.0,0.0,0.0,87.0,210
172090,2014,11.0,3.0,6.0,3.0,2.0,25.0,10.0,16.0,17.0,15.0,111.0,200
172090,2015,4.0,0.0,2.0,1.0,3.0,28.0,9.0,14.0,10.0,8.0,87.0,186
172090,2016,5.0,1.0,2.0,5.0,1.0,27.0,2.0,12.0,7.0,7.0,72.0,173
172090,2017,3.0,1.0,6.0,2.0,4.0,38.0,4.0,11.0,3.0,15.0,92.0,203
172090,2018,7.0,1.0,2.0,4.0,1.0,24.0,7.0,5.0,10.0,11.0,77.0,173
172090,2019,1.0,0.0,0.0,2.0,0.0,23.0,1.0,3.0,4.0,5.0,47.0,130
172093,2012,1.0,0.0,0.0,1.0,0.0,3.0,3.0,1.0,2.0,1.0,13.0,29
172093,2013,0.0,0.0,0.0,0.0,0.0,0.0,0.0,0.0,0.0,0.0,24.0,38
172093,2014,2.0,0.0,0.0,0.0,0.0,4.0,3.0,1.0,2.0,1.0,13.0,32
172093,2015,2.0,0.0,0.0,0.0,0.0,2.0,4.0,3.0,3.0,1.0,15.0,24
172093,2016,2.0,0.0,0.0,0.0,0.0,0.0,1.0,0.0,2.0,3.0,8.0,26
172093,2017,1.0,0.0,0.0,0.0,0.0,1.0,0.0,2.0,2.0,1.0,7.0,16
172093,2018,2.0,0.0,0.0,0.0,0.0,4.0,0.0,1.0,2.0,0.0,9.0,25
172093,2019,2.0,0.0,0.0,0.0,1.0,5.0,0.0,2.0,2.0,2.0,14.0,34
172097,2012,4.0,0.0,0.0,0.0,0.0,7.0,1.0,0.0,2.0,3.0,21.0,37
172097,2013,0.0,0.0,0.0,0.0,0.0,0.0,0.0,0.0,0.0,0.0,21.0,28
172097,2014,2.0,0.0,0.0,0.0,0.0,3.0,1.0,1.0,3.0,2.0,12.0,24
172097,2015,3.0,0.0,0.0,0.0,0.0,10.0,0.0,1.0,5.0,3.0,23.0,39
172097,2016,2.0,0.0,0.0,1.0,0.0,2.0,2.0,3.0,5.0,2.0,17.0,31
172097,2017,3.0,0.0,0.0,0.0,0.0,9.0,2.0,1.0,6.0,6.0,27.0,42
172097,2018,1.0,0.0,0.0,0.0,1.0,5.0,3.0,1.0,1.0,5.0,17.0,30
172097,2019,2.0,0.0,0.0,0.0,0.0,8.0,1.0,3.0,1.0,0.0,15.0,28
172100,2012,316.0,4.0,87.0,55.0,69.0,793.0,40.0,36.0,447.0,416.0,2586.0,4713
172100,2013,0.0,0.0,0.0,0.0,0.0,0.0,0.0,0.0,0.0,0.0,2827.0,4829
172100,2014,227.0,20.0,83.0,70.0,60.0,1063.0,216.0,200.0,558.0,426.0,2967.0,5162
172100,2015,266.0,5.0,98.0,76.0,62.0,1124.0,223.0,221.0,515.0,420.0,3018.0,5198
172100,2016,242.0,7.0,87.0,81.0,47.0,1047.0,248.0,147.0,573.0,281.0,2771.0,4855
172100,2017,244.0,5.0,85.0,76.0,60.0,1181.0,290.0,205.0,585.0,363.0,3107.0,5163
172100,2018,265.0,12.0,121.0,112.0,61.0,1210.0,279.0,165.0,633.0,314.0,3175.0,5353
172100,2019,289.0,9.0,105.0,79.0,59.0,1126.0,307.0,157.0,582.0,285.0,3011.0,5206
172110,2012,6.0,0.0,0.0,1.0,0.0,11.0,1.0,7.0,5.0,11.0,46.0,183
172110,2013,0.0,0.0,0.0,0.0,0.0,0.0,0.0,0.0,0.0,0.0,53.0,208
172110,2014,7.0,0.0,2.0,0.0,0.0,26.0,2.0,6.0,3.0,8.0,54.0,178
172110,2015,7.0,0.0,6.0,5.0,0.0,25.0,5.0,11.0,7.0,10.0,77.0,212
172110,2016,8.0,0.0,0.0,2.0,1.0,30.0,5.0,10.0,8.0,9.0,73.0,166
172110,2017,4.0,0.0,3.0,2.0,2.0,33.0,6.0,7.0,7.0,9.0,74.0,193
172110,2018,11.0,0.0,0.0,5.0,2.0,40.0,7.0,7.0,8.0,11.0,91.0,231
172110,2019,10.0,0.0,0.0,2.0,2.0,37.0,12.0,8.0,13.0,7.0,91.0,189
172120,2012,20.0,2.0,6.0,5.0,2.0,22.0,6.0,5.0,15.0,17.0,110.0,420
172120,2013,0.0,0.0,0.0,0.0,0.0,0.0,0.0,0.0,0.0,0.0,157.0,458
172120,2014,12.0,3.0,7.0,6.0,8.0,36.0,10.0,16.0,29.0,39.0,176.0,474
172120,2015,10.0,1.0,4.0,5.0,4.0,45.0,10.0,30.0,18.0,37.0,173.0,481
172120,2016,13.0,0.0,3.0,7.0,4.0,49.0,9.0,17.0,14.0,20.0,138.0,392
172120,2017,14.0,2.0,4.0,10.0,2.0,69.0,8.0,23.0,22.0,52.0,212.0,495
172120,2018,16.0,0.0,14.0,9.0,2.0,75.0,11.0,28.0,12.0,35.0,204.0,423
172120,2019,16.0,1.0,13.0,6.0,4.0,62.0,14.0,25.0,22.0,36.0,199.0,427
172125,2012,3.0,0.0,0.0,0.0,0.0,4.0,1.0,0.0,2.0,2.0,12.0,19
172125,2013,0.0,0.0,0.0,0.0,0.0,0.0,0.0,0.0,0.0,0.0,22.0,24
172125,2014,0.0,0.0,0.0,0.0,0.0,4.0,1.0,5.0,1.0,8.0,19.0,23
172125,2015,0.0,0.0,0.0,0.0,0.0,7.0,1.0,8.0,1.0,2.0,19.0,32
172125,2016,1.0,0.0,2.0,1.0,1.0,4.0,1.0,1.0,3.0,4.0,19.0,22
172125,2017,0.0,0.0,0.0,0.0,0.0,8.0,1.0,1.0,0.0,5.0,15.0,24
172125,2018,0.0,0.0,2.0,2.0,0.0,4.0,0.0,0.0,1.0,2.0,11.0,22
172125,2019,0.0,0.0,2.0,0.0,0.0,4.0,0.0,1.0,0.0,1.0,8.0,13
172130,2012,1.0,0.0,0.0,0.0,0.0,9.0,0.0,1.0,2.0,4.0,18.0,34
172130,2013,0.0,0.0,0.0,0.0,0.0,0.0,0.0,0.0,0.0,0.0,16.0,23
172130,2014,1.0,0.0,0.0,0.0,0.0,6.0,2.0,0.0,2.0,4.0,15.0,26
172130,2015,0.0,0.0,0.0,0.0,0.0,2.0,0.0,2.0,2.0,1.0,7.0,18
172130,2016,0.0,0.0,2.0,1.0,1.0,2.0,0.0,4.0,0.0,3.0,13.0,30
172130,2017,0.0,0.0,0.0,0.0,0.0,9.0,1.0,1.0,2.0,1.0,14.0,21
172130,2018,2.0,0.0,0.0,0.0,1.0,4.0,1.0,1.0,0.0,3.0,12.0,16
172130,2019,2.0,0.0,0.0,0.0,0.0,4.0,3.0,5.0,1.0,6.0,21.0,28
172208,2012,5.0,1.0,2.0,2.0,0.0,17.0,7.0,4.0,10.0,4.0,57.0,134
172208,2013,0.0,0.0,0.0,0.0,0.0,0.0,0.0,0.0,0.0,0.0,64.0,134
172208,2014,3.0,0.0,1.0,2.0,0.0,29.0,7.0,14.0,16.0,14.0,87.0,152
172208,2015,7.0,0.0,0.0,3.0,2.0,30.0,4.0,8.0,9.0,7.0,72.0,144
172208,2016,1.0,0.0,0.0,1.0,3.0,19.0,5.0,12.0,7.0,15.0,66.0,132
172208,2017,6.0,0.0,4.0,4.0,0.0,25.0,7.0,5.0,9.0,17.0,80.0,133
172208,2018,11.0,0.0,2.0,0.0,3.0,26.0,6.0,5.0,18.0,12.0,85.0,147
172208,2019,5.0,0.0,2.0,0.0,0.0,32.0,11.0,6.0,5.0,8.0,69.0,116
172210,2012,11.0,0.0,3.0,3.0,0.0,22.0,6.0,5.0,16.0,12.0,135.0,245
172210,2013,0.0,0.0,0.0,0.0,0.0,0.0,0.0,0.0,0.0,0.0,149.0,235
172210,2014,12.0,1.0,6.0,5.0,0.0,42.0,9.0,21.0,8.0,33.0,167.0,257
172210,2015,10.0,1.0,0.0,5.0,0.0,40.0,14.0,11.0,17.0,20.0,135.0,235
172210,2016,7.0,0.0,0.0,2.0,0.0,23.0,2.0,16.0,5.0,23.0,91.0,182
172210,2017,6.0,3.0,4.0,5.0,4.0,40.0,7.0,24.0,8.0,19.0,140.0,226
172210,2018,7.0,2.0,6.0,14.0,4.0,48.0,6.0,10.0,14.0,15.0,137.0,238
172210,2019,7.0,0.0,2.0,9.0,3.0,42.0,1.0,20.0,14.0,15.0,119.0,200
210000,2012,0.0,0.0,0.0,0.0,0.0,1.0,0.0,0.0,0.0,0.0,2.0,3
210000,2013,0.0,0.0,0.0,0.0,0.0,0.0,0.0,0.0,0.0,0.0,3.0,4
210000,2014,0.0,0.0,0.0,0.0,0.0,1.0,0.0,1.0,0.0,0.0,2.0,2
210000,2015,0.0,0.0,0.0,0.0,0.0,0.0,0.0,1.0,0.0,2.0,4.0,8
210000,2016,0.0,0.0,0.0,0.0,0.0,1.0,1.0,0.0,0.0,0.0,2.0,4
210000,2017,0.0,0.0,0.0,0.0,0.0,1.0,0.0,0.0,0.0,0.0,1.0,4
210000,2018,1.0,0.0,0.0,0.0,0.0,0.0,0.0,1.0,0.0,1.0,4.0,7
210000,2019,0.0,0.0,0.0,0.0,0.0,3.0,0.0,0.0,0.0,3.0,6.0,8
210005,2012,89.0,4.0,20.0,11.0,13.0,296.0,8.0,118.0,43.0,306.0,916.0,1934
210005,2013,0.0,0.0,0.0,0.0,0.0,0.0,0.0,0.0,0.0,0.0,1057.0,2046
210005,2014,88.0,4.0,18.0,22.0,8.0,324.0,27.0,198.0,76.0,323.0,1118.0,2062
210005,2015,110.0,4.0,24.0,17.0,14.0,355.0,30.0,146.0,68.0,309.0,1101.0,2085
210005,2016,105.0,1.0,28.0,15.0,9.0,369.0,21.0,155.0,60.0,307.0,1082.0,1920
210005,2017,77.0,6.0,26.0,13.0,9.0,360.0,25.0,148.0,49.0,265.0,985.0,1902
210005,2018,95.0,9.0,24.0,11.0,7.0,437.0,25.0,161.0,39.0,311.0,1133.0,1949
210005,2019,80.0,0.0,25.0,10.0,8.0,403.0,13.0,172.0,35.0,278.0,1037.0,1882
210010,2012,7.0,0.0,2.0,0.0,0.0,5.0,0.0,1.0,2.0,5.0,26.0,113
210010,2013,0.0,0.0,0.0,0.0,0.0,0.0,0.0,0.0,0.0,0.0,28.0,103
210010,2014,3.0,1.0,0.0,2.0,3.0,5.0,0.0,7.0,2.0,9.0,37.0,113
210010,2015,2.0,0.0,0.0,1.0,3.0,4.0,1.0,5.0,1.0,5.0,24.0,102
210010,2016,6.0,1.0,1.0,0.0,0.0,6.0,1.0,8.0,0.0,8.0,35.0,108
210010,2017,5.0,0.0,2.0,2.0,2.0,10.0,2.0,4.0,1.0,16.0,46.0,103
210010,2018,6.0,0.0,0.0,1.0,0.0,17.0,0.0,7.0,5.0,23.0,61.0,143
210010,2019,6.0,1.0,2.0,2.0,0.0,11.0,0.0,6.0,3.0,13.0,44.0,124
210015,2012,7.0,3.0,0.0,1.0,1.0,12.0,0.0,2.0,8.0,14.0,48.0,150
210015,2013,0.0,0.0,0.0,0.0,0.0,0.0,0.0,0.0,0.0,0.0,49.0,159
210015,2014,4.0,0.0,0.0,3.0,0.0,10.0,2.0,11.0,8.0,20.0,59.0,147
210015,2015,2.0,1.0,4.0,0.0,0.0,18.0,1.0,9.0,4.0,21.0,63.0,170
210015,2016,3.0,0.0,0.0,1.0,0.0,20.0,1.0,6.0,6.0,13.0,50.0,164
210015,2017,8.0,0.0,1.0,0.0,1.0,18.0,2.0,13.0,1.0,6.0,50.0,168
210015,2018,7.0,2.0,3.0,2.0,0.0,17.0,4.0,10.0,6.0,14.0,66.0,165
210015,2019,9.0,0.0,0.0,2.0,1.0,25.0,3.0,15.0,6.0,16.0,78.0,177
210020,2012,11.0,1.0,0.0,3.0,2.0,19.0,2.0,3.0,6.0,18.0,71.0,283
210020,2013,0.0,0.0,0.0,0.0,0.0,0.0,0.0,0.0,0.0,0.0,67.0,241
210020,2014,2.0,0.0,1.0,3.0,2.0,12.0,3.0,5.0,1.0,17.0,52.0,243
210020,2015,5.0,0.0,8.0,1.0,0.0,16.0,1.0,4.0,3.0,9.0,54.0,160
210020,2016,3.0,0.0,4.0,0.0,0.0,5.0,2.0,1.0,5.0,22.0,45.0,174
210020,2017,8.0,0.0,5.0,1.0,1.0,12.0,2.0,7.0,4.0,14.0,55.0,229
210020,2018,7.0,0.0,4.0,2.0,1.0,23.0,2.0,11.0,7.0,18.0,75.0,232
210020,2019,4.0,0.0,4.0,2.0,2.0,18.0,5.0,8.0,8.0,13.0,64.0,212
210030,2012,95.0,1.0,5.0,1.0,1.0,2.0,0.0,2.0,2.0,2.0,120.0,468
210030,2013,0.0,0.0,0.0,0.0,0.0,0.0,0.0,0.0,0.0,0.0,137.0,487
210030,2014,18.0,0.0,7.0,1.0,1.0,44.0,3.0,27.0,7.0,39.0,157.0,461
210030,2015,20.0,0.0,2.0,3.0,2.0,41.0,3.0,17.0,3.0,39.0,138.0,433
210030,2016,22.0,5.0,4.0,4.0,1.0,32.0,0.0,23.0,0.0,34.0,140.0,392
210030,2017,14.0,0.0,3.0,4.0,3.0,43.0,0.0,31.0,3.0,56.0,170.0,432
210030,2018,28.0,1.0,2.0,4.0,3.0,58.0,1.0,46.0,5.0,37.0,185.0,447
210030,2019,28.0,0.0,4.0,1.0,0.0,59.0,5.0,37.0,3.0,41.0,179.0,439
210040,2012,6.0,1.0,2.0,1.0,2.0,8.0,0.0,2.0,6.0,9.0,40.0,107
210040,2013,0.0,0.0,0.0,0.0,0.0,0.0,0.0,0.0,0.0,0.0,37.0,76
210040,2014,3.0,0.0,8.0,1.0,2.0,11.0,0.0,10.0,1.0,24.0,62.0,104
210040,2015,7.0,0.0,0.0,1.0,0.0,15.0,0.0,6.0,3.0,20.0,52.0,102
210040,2016,4.0,0.0,0.0,0.0,0.0,9.0,1.0,5.0,0.0,16.0,35.0,83
210040,2017,7.0,0.0,2.0,1.0,1.0,14.0,3.0,6.0,8.0,9.0,51.0,88
210040,2018,5.0,0.0,0.0,0.0,0.0,25.0,1.0,8.0,5.0,19.0,63.0,100
210040,2019,5.0,0.0,0.0,0.0,0.0,18.0,4.0,11.0,6.0,13.0,57.0,82
210043,2012,30.0,0.0,5.0,3.0,9.0,41.0,9.0,24.0,19.0,40.0,185.0,428
210043,2013,0.0,0.0,0.0,0.0,0.0,0.0,0.0,0.0,0.0,0.0,175.0,449
210043,2014,25.0,0.0,4.0,6.0,3.0,69.0,8.0,29.0,5.0,54.0,215.0,479
210043,2015,20.0,1.0,5.0,5.0,6.0,69.0,4.0,26.0,14.0,68.0,220.0,469
210043,2016,17.0,1.0,2.0,4.0,1.0,65.0,4.0,43.0,6.0,84.0,227.0,439
210043,2017,25.0,0.0,4.0,3.0,5.0,54.0,7.0,47.0,10.0,90.0,245.0,419
210043,2018,23.0,0.0,5.0,6.0,4.0,75.0,9.0,61.0,16.0,76.0,276.0,457
210043,2019,24.0,0.0,8.0,3.0,1.0,57.0,6.0,39.0,9.0,83.0,231.0,397
210047,2012,5.0,23.0,6.0,21.0,15.0,24.0,10.0,18.0,22.0,38.0,194.0,511
210047,2013,0.0,0.0,0.0,0.0,0.0,0.0,0.0,0.0,0.0,0.0,180.0,511
210047,2014,9.0,27.0,6.0,18.0,6.0,34.0,5.0,12.0,12.0,24.0,162.0,456
210047,2015,6.0,24.0,3.0,12.0,8.0,58.0,8.0,22.0,10.0,32.0,194.0,492
210047,2016,10.0,10.0,2.0,7.0,5.0,56.0,12.0,12.0,13.0,37.0,164.0,474
210047,2017,8.0,4.0,2.0,9.0,7.0,47.0,8.0,22.0,16.0,42.0,171.0,479
210047,2018,19.0,8.0,9.0,7.0,8.0,57.0,14.0,26.0,27.0,49.0,225.0,497
210047,2019,13.0,14.0,4.0,12.0,8.0,64.0,15.0,25.0,19.0,42.0,219.0,492
210050,2012,5.0,18.0,2.0,0.0,0.0,9.0,0.0,4.0,1.0,3.0,57.0,201
210050,2013,0.0,0.0,0.0,0.0,0.0,0.0,0.0,0.0,0.0,0.0,46.0,196
210050,2014,1.0,0.0,2.0,0.0,0.0,3.0,0.0,0.0,0.0,4.0,55.0,147
210050,2015,3.0,0.0,0.0,0.0,0.0,4.0,1.0,6.0,1.0,3.0,58.0,189
210050,2016,5.0,0.0,0.0,0.0,0.0,5.0,1.0,3.0,1.0,9.0,54.0,170
210050,2017,6.0,0.0,0.0,1.0,1.0,11.0,16.0,6.0,8.0,9.0,60.0,175
210050,2018,4.0,0.0,2.0,2.0,0.0,15.0,2.0,5.0,10.0,10.0,57.0,162
210050,2019,4.0,1.0,2.0,2.0,0.0,16.0,3.0,15.0,0.0,21.0,72.0,182
210055,2012,5.0,0.0,0.0,0.0,1.0,5.0,1.0,1.0,1.0,9.0,26.0,103
210055,2013,0.0,0.0,0.0,0.0,0.0,0.0,0.0,0.0,0.0,0.0,47.0,128
210055,2014,2.0,0.0,0.0,0.0,0.0,13.0,0.0,4.0,1.0,1.0,39.0,124
210055,2015,2.0,0.0,0.0,0.0,0.0,7.0,0.0,3.0,1.0,8.0,27.0,124
210055,2016,2.0,0.0,3.0,1.0,0.0,8.0,0.0,5.0,1.0,9.0,37.0,130
210055,2017,5.0,1.0,4.0,0.0,1.0,18.0,0.0,11.0,2.0,16.0,60.0,150
210055,2018,6.0,0.0,0.0,2.0,0.0,11.0,0.0,8.0,0.0,17.0,46.0,118
210055,2019,3.0,0.0,2.0,2.0,3.0,12.0,0.0,12.0,0.0,13.0,49.0,120
210060,2012,26.0,2.0,6.0,11.0,5.0,42.0,12.0,32.0,7.0,40.0,185.0,836
210060,2013,0.0,0.0,0.0,0.0,0.0,0.0,0.0,0.0,0.0,0.0,207.0,748
210060,2014,14.0,21.0,6.0,9.0,5.0,56.0,8.0,44.0,5.0,46.0,218.0,784
210060,2015,11.0,17.0,7.0,7.0,8.0,56.0,7.0,35.0,12.0,56.0,217.0,807
210060,2016,9.0,0.0,4.0,8.0,4.0,78.0,0.0,57.0,8.0,72.0,241.0,739
210060,2017,18.0,2.0,4.0,16.0,12.0,79.0,5.0,61.0,5.0,89.0,291.0,821
210060,2018,12.0,0.0,9.0,7.0,3.0,61.0,1.0,42.0,3.0,48.0,191.0,862
210060,2019,12.0,2.0,6.0,1.0,0.0,94.0,35.0,25.0,50.0,25.0,251.0,850
210070,2012,9.0,1.0,5.0,4.0,3.0,29.0,1.0,4.0,4.0,32.0,105.0,327
210070,2013,0.0,0.0,0.0,0.0,0.0,0.0,0.0,0.0,0.0,0.0,126.0,316
210070,2014,7.0,2.0,1.0,6.0,3.0,26.0,2.0,14.0,5.0,24.0,108.0,358
210070,2015,10.0,0.0,2.0,3.0,1.0,30.0,3.0,19.0,5.0,27.0,123.0,367
210070,2016,9.0,2.0,0.0,4.0,2.0,40.0,4.0,22.0,8.0,41.0,132.0,346
210070,2017,7.0,3.0,2.0,2.0,5.0,50.0,3.0,28.0,7.0,48.0,158.0,329
210070,2018,11.0,0.0,7.0,9.0,1.0,62.0,9.0,32.0,12.0,42.0,188.0,361
210070,2019,13.0,3.0,9.0,12.0,0.0,80.0,19.0,27.0,30.0,35.0,229.0,365
210080,2012,20.0,1.0,3.0,5.0,5.0,20.0,6.0,6.0,8.0,27.0,131.0,342
210080,2013,0.0,0.0,0.0,0.0,0.0,0.0,0.0,0.0,0.0,0.0,84.0,259
210080,2014,11.0,0.0,1.0,3.0,2.0,31.0,3.0,20.0,5.0,29.0,109.0,291
210080,2015,6.0,0.0,6.0,4.0,1.0,23.0,1.0,8.0,4.0,37.0,94.0,269
210080,2016,11.0,2.0,2.0,3.0,4.0,29.0,0.0,15.0,5.0,37.0,111.0,256
210080,2017,16.0,0.0,2.0,1.0,1.0,51.0,2.0,36.0,3.0,57.0,172.0,311
210080,2018,9.0,0.0,0.0,19.0,8.0,68.0,6.0,41.0,2.0,47.0,204.0,323
210080,2019,7.0,3.0,0.0,5.0,2.0,54.0,4.0,39.0,5.0,53.0,177.0,286
210083,2012,1.0,0.0,0.0,1.0,0.0,0.0,0.0,1.0,0.0,0.0,43.0,289
210083,2013,0.0,0.0,0.0,0.0,0.0,0.0,0.0,0.0,0.0,0.0,37.0,269
210083,2014,7.0,3.0,4.0,17.0,17.0,9.0,2.0,3.0,0.0,19.0,82.0,279
210083,2015,6.0,0.0,4.0,15.0,7.0,21.0,11.0,8.0,8.0,15.0,98.0,299
210083,2016,5.0,0.0,1.0,10.0,17.0,13.0,2.0,12.0,5.0,16.0,82.0,308
210083,2017,4.0,0.0,0.0,17.0,9.0,10.0,2.0,7.0,2.0,11.0,67.0,247
210083,2018,5.0,2.0,0.0,3.0,4.0,12.0,3.0,5.0,2.0,16.0,53.0,267
210083,2019,8.0,0.0,3.0,4.0,2.0,19.0,2.0,9.0,4.0,20.0,73.0,302
210087,2012,7.0,0.0,0.0,3.0,1.0,11.0,1.0,6.0,0.0,21.0,53.0,158
210087,2013,0.0,0.0,0.0,0.0,0.0,0.0,0.0,0.0,0.0,0.0,61.0,184
210087,2014,4.0,7.0,4.0,1.0,0.0,11.0,2.0,8.0,2.0,27.0,71.0,170
210087,2015,6.0,0.0,6.0,1.0,6.0,12.0,2.0,4.0,2.0,24.0,70.0,186
210087,2016,3.0,3.0,0.0,2.0,1.0,29.0,4.0,11.0,6.0,22.0,89.0,188
210087,2017,5.0,1.0,0.0,2.0,1.0,37.0,3.0,5.0,1.0,24.0,86.0,194
210087,2018,5.0,0.0,0.0,0.0,3.0,19.0,1.0,4.0,2.0,13.0,49.0,119
210087,2019,4.0,1.0,0.0,2.0,2.0,7.0,1.0,6.0,2.0,16.0,44.0,119
210090,2012,14.0,5.0,4.0,3.0,3.0,45.0,12.0,6.0,31.0,16.0,146.0,553
210090,2013,0.0,0.0,0.0,0.0,0.0,0.0,0.0,0.0,0.0,0.0,142.0,583
210090,2014,13.0,3.0,2.0,4.0,2.0,40.0,13.0,45.0,24.0,44.0,192.0,585
210090,2015,18.0,0.0,4.0,6.0,2.0,56.0,10.0,41.0,14.0,49.0,205.0,545
210090,2016,22.0,2.0,3.0,7.0,5.0,41.0,4.0,22.0,13.0,37.0,160.0,555
210090,2017,8.0,2.0,4.0,3.0,4.0,47.0,7.0,9.0,13.0,18.0,115.0,528
210090,2018,21.0,5.0,4.0,8.0,7.0,38.0,4.0,15.0,20.0,29.0,159.0,611
210090,2019,14.0,9.0,2.0,7.0,4.0,57.0,6.0,51.0,11.0,42.0,216.0,580
210095,2012,11.0,0.0,2.0,1.0,2.0,22.0,4.0,1.0,9.0,9.0,65.0,679
210095,2013,0.0,0.0,0.0,0.0,0.0,0.0,0.0,0.0,0.0,0.0,103.0,663
210095,2014,16.0,1.0,2.0,1.0,3.0,27.0,3.0,17.0,10.0,26.0,113.0,577
210095,2015,12.0,0.0,1.0,5.0,3.0,29.0,3.0,20.0,8.0,29.0,121.0,557
210095,2016,13.0,1.0,2.0,10.0,4.0,37.0,5.0,27.0,3.0,28.0,149.0,524
210095,2017,8.0,0.0,4.0,5.0,3.0,35.0,5.0,24.0,3.0,33.0,148.0,610
210095,2018,18.0,0.0,5.0,3.0,4.0,26.0,6.0,23.0,3.0,29.0,138.0,540
210095,2019,11.0,0.0,9.0,3.0,3.0,37.0,4.0,25.0,6.0,35.0,156.0,575
210100,2012,16.0,3.0,11.0,4.0,3.0,56.0,4.0,8.0,12.0,52.0,179.0,471
210100,2013,0.0,0.0,0.0,0.0,0.0,0.0,0.0,0.0,0.0,0.0,208.0,476
210100,2014,7.0,2.0,3.0,6.0,3.0,52.0,5.0,19.0,13.0,53.0,177.0,442
210100,2015,11.0,4.0,2.0,3.0,4.0,58.0,7.0,14.0,11.0,68.0,195.0,474
210100,2016,12.0,2.0,6.0,2.0,3.0,64.0,3.0,30.0,14.0,70.0,226.0,482
210100,2017,12.0,3.0,2.0,2.0,6.0,73.0,9.0,28.0,18.0,63.0,231.0,479
210100,2018,17.0,0.0,3.0,6.0,4.0,77.0,8.0,35.0,13.0,70.0,248.0,513
210100,2019,17.0,0.0,3.0,4.0,6.0,65.0,5.0,39.0,18.0,63.0,232.0,449
210110,2012,11.0,1.0,1.0,3.0,0.0,12.0,3.0,3.0,6.0,6.0,61.0,189
210110,2013,0.0,0.0,0.0,0.0,0.0,0.0,0.0,0.0,0.0,0.0,53.0,175
210110,2014,8.0,0.0,0.0,6.0,2.0,19.0,9.0,6.0,10.0,14.0,77.0,208
210110,2015,3.0,1.0,4.0,1.0,2.0,23.0,5.0,8.0,3.0,17.0,71.0,195
210110,2016,6.0,1.0,4.0,2.0,0.0,25.0,5.0,7.0,8.0,26.0,84.0,190
210110,2017,12.0,0.0,0.0,6.0,3.0,20.0,3.0,14.0,3.0,17.0,87.0,171
210110,2018,5.0,0.0,0.0,3.0,1.0,20.0,5.0,14.0,2.0,19.0,73.0,174
210110,2019,2.0,0.0,0.0,4.0,0.0,17.0,1.0,12.0,8.0,21.0,66.0,145
210120,2012,176.0,6.0,16.0,16.0,9.0,157.0,60.0,48.0,171.0,127.0,801.0,1694
210120,2013,0.0,0.0,0.0,0.0,0.0,0.0,0.0,0.0,0.0,0.0,841.0,1705
210120,2014,76.0,2.0,28.0,17.0,10.0,259.0,46.0,182.0,76.0,313.0,1029.0,1784
210120,2015,86.0,2.0,12.0,10.0,9.0,300.0,38.0,189.0,87.0,364.0,1102.0,1734
210120,2016,82.0,3.0,27.0,4.0,6.0,273.0,38.0,125.0,57.0,264.0,887.0,1476
210120,2017,70.0,0.0,31.0,6.0,7.0,301.0,53.0,149.0,64.0,290.0,987.0,1540
210120,2018,78.0,1.0,8.0,17.0,7.0,383.0,108.0,144.0,123.0,284.0,1167.0,1687
210120,2019,78.0,0.0,12.0,8.0,8.0,398.0,119.0,105.0,180.0,268.0,1183.0,1668
210125,2012,7.0,0.0,5.0,0.0,6.0,17.0,2.0,5.0,2.0,12.0,70.0,241
210125,2013,0.0,0.0,0.0,0.0,0.0,0.0,0.0,0.0,0.0,0.0,107.0,251
210125,2014,7.0,1.0,6.0,3.0,1.0,26.0,3.0,13.0,2.0,27.0,98.0,260
210125,2015,9.0,1.0,9.0,2.0,0.0,34.0,2.0,25.0,4.0,28.0,122.0,312
210125,2016,9.0,0.0,3.0,2.0,1.0,32.0,0.0,21.0,7.0,28.0,104.0,292
210125,2017,7.0,0.0,0.0,2.0,2.0,42.0,2.0,23.0,5.0,26.0,110.0,279
210125,2018,8.0,1.0,7.0,3.0,2.0,50.0,2.0,22.0,7.0,36.0,140.0,293
210125,2019,6.0,1.0,0.0,4.0,0.0,31.0,3.0,25.0,6.0,40.0,120.0,273
210130,2012,2.0,1.0,0.0,0.0,0.0,19.0,0.0,1.0,2.0,1.0,109.0,278
210130,2013,0.0,0.0,0.0,0.0,0.0,0.0,0.0,0.0,0.0,0.0,114.0,310
210130,2014,4.0,0.0,0.0,2.0,0.0,60.0,2.0,7.0,1.0,6.0,110.0,276
210130,2015,2.0,0.0,3.0,8.0,1.0,35.0,0.0,3.0,1.0,8.0,78.0,256
210130,2016,8.0,0.0,4.0,1.0,0.0,25.0,1.0,4.0,4.0,16.0,64.0,240
210130,2017,1.0,0.0,0.0,1.0,3.0,13.0,0.0,7.0,7.0,15.0,48.0,243
210130,2018,3.0,0.0,0.0,0.0,2.0,28.0,2.0,2.0,3.0,20.0,60.0,268
210130,2019,3.0,0.0,3.0,2.0,0.0,23.0,5.0,7.0,0.0,19.0,62.0,272
210135,2012,0.0,0.0,0.0,4.0,0.0,0.0,0.0,1.0,0.0,1.0,13.0,43
210135,2013,0.0,0.0,0.0,0.0,0.0,0.0,0.0,0.0,0.0,0.0,19.0,57
210135,2014,1.0,0.0,3.0,10.0,18.0,0.0,0.0,1.0,0.0,0.0,35.0,85
210135,2015,1.0,0.0,0.0,7.0,13.0,1.0,0.0,0.0,0.0,0.0,23.0,65
210135,2016,1.0,0.0,0.0,4.0,7.0,3.0,0.0,1.0,2.0,5.0,26.0,68
210135,2017,2.0,0.0,0.0,14.0,6.0,4.0,0.0,1.0,0.0,2.0,30.0,73
210135,2018,1.0,1.0,2.0,13.0,2.0,0.0,1.0,0.0,0.0,3.0,24.0,65
210135,2019,1.0,0.0,0.0,5.0,7.0,2.0,0.0,2.0,1.0,4.0,23.0,61
210140,2012,85.0,0.0,19.0,6.0,4.0,103.0,4.0,189.0,7.0,255.0,727.0,1848
210140,2013,0.0,0.0,0.0,0.0,0.0,0.0,0.0,0.0,0.0,0.0,931.0,1896
210140,2014,75.0,0.0,18.0,4.0,0.0,231.0,3.0,345.0,6.0,402.0,1099.0,2115
210140,2015,105.0,1.0,9.0,5.0,0.0,211.0,23.0,356.0,41.0,345.0,1104.0,2103
210140,2016,134.0,0.0,26.0,5.0,4.0,259.0,44.0,309.0,48.0,412.0,1247.0,1998
210140,2017,151.0,1.0,31.0,12.0,7.0,378.0,190.0,78.0,293.0,138.0,1288.0,2084
210140,2018,139.0,0.0,31.0,32.0,23.0,429.0,82.0,108.0,168.0,210.0,1231.0,2077
210140,2019,144.0,4.0,25.0,24.0,13.0,444.0,34.0,213.0,57.0,346.0,1312.0,2008
210150,2012,21.0,2.0,4.0,6.0,1.0,35.0,0.0,1.0,13.0,51.0,158.0,276
210150,2013,0.0,0.0,0.0,0.0,0.0,0.0,0.0,0.0,0.0,0.0,161.0,266
210150,2014,6.0,0.0,8.0,1.0,2.0,43.0,9.0,18.0,7.0,45.0,139.0,270
210150,2015,15.0,0.0,0.0,5.0,1.0,34.0,4.0,19.0,9.0,37.0,130.0,249
210150,2016,6.0,0.0,1.0,1.0,6.0,48.0,3.0,30.0,8.0,42.0,147.0,273
210150,2017,4.0,0.0,4.0,3.0,4.0,44.0,5.0,27.0,5.0,52.0,154.0,262
210150,2018,18.0,0.0,7.0,4.0,4.0,60.0,1.0,22.0,5.0,60.0,183.0,318
210150,2019,12.0,0.0,6.0,5.0,4.0,58.0,1.0,27.0,3.0,62.0,178.0,282
210160,2012,36.0,17.0,10.0,13.0,7.0,172.0,0.0,8.0,11.0,197.0,585.0,1462
210160,2013,0.0,0.0,0.0,0.0,0.0,0.0,0.0,0.0,0.0,0.0,606.0,1485
210160,2014,73.0,0.0,14.0,3.0,1.0,183.0,152.0,16.0,221.0,19.0,734.0,1650
210160,2015,69.0,0.0,8.0,3.0,4.0,214.0,156.0,31.0,208.0,13.0,766.0,1676
210160,2016,43.0,16.0,8.0,157.0,90.0,130.0,93.0,3.0,116.0,10.0,674.0,1439
210160,2017,13.0,104.0,8.0,330.0,228.0,35.0,14.0,5.0,26.0,6.0,779.0,1681
210160,2018,17.0,65.0,19.0,429.0,245.0,38.0,15.0,3.0,27.0,7.0,868.0,1641
210160,2019,30.0,54.0,22.0,373.0,193.0,81.0,45.0,5.0,50.0,9.0,867.0,1530
210170,2012,45.0,6.0,8.0,7.0,5.0,62.0,6.0,48.0,6.0,92.0,302.0,1139
210170,2013,0.0,0.0,0.0,0.0,0.0,0.0,0.0,0.0,0.0,0.0,335.0,1212
210170,2014,26.0,0.0,15.0,2.0,2.0,90.0,4.0,74.0,4.0,114.0,335.0,1264
210170,2015,34.0,0.0,3.0,18.0,8.0,82.0,4.0,77.0,4.0,111.0,348.0,1205
210170,2016,13.0,0.0,17.0,168.0,109.0,14.0,4.0,12.0,2.0,18.0,364.0,1284
210170,2017,4.0,1.0,11.0,7.0,9.0,14.0,1.0,2.0,4.0,9.0,302.0,1187
210170,2018,26.0,0.0,11.0,8.0,4.0,100.0,11.0,66.0,15.0,119.0,463.0,1280
210170,2019,44.0,0.0,6.0,5.0,3.0,145.0,3.0,82.0,8.0,159.0,456.0,1221
210173,2012,2.0,0.0,2.0,2.0,3.0,2.0,0.0,1.0,1.0,3.0,24.0,207
210173,2013,0.0,0.0,0.0,0.0,0.0,0.0,0.0,0.0,0.0,0.0,29.0,207
210173,2014,1.0,0.0,0.0,2.0,2.0,8.0,0.0,3.0,1.0,5.0,31.0,200
210173,2015,3.0,1.0,2.0,4.0,7.0,7.0,0.0,8.0,0.0,9.0,43.0,196
210173,2016,3.0,0.0,0.0,8.0,8.0,8.0,0.0,3.0,1.0,5.0,37.0,173
210173,2017,2.0,0.0,2.0,5.0,7.0,11.0,2.0,5.0,3.0,14.0,52.0,182
210173,2018,3.0,0.0,1.0,7.0,3.0,18.0,4.0,2.0,11.0,8.0,60.0,212
210173,2019,4.0,0.0,5.0,12.0,3.0,12.0,4.0,2.0,10.0,4.0,58.0,176
210177,2012,6.0,0.0,4.0,1.0,4.0,15.0,6.0,4.0,7.0,20.0,68.0,184
210177,2013,0.0,0.0,0.0,0.0,0.0,0.0,0.0,0.0,0.0,0.0,79.0,185
210177,2014,8.0,2.0,1.0,0.0,5.0,33.0,11.0,15.0,5.0,29.0,110.0,209
210177,2015,10.0,0.0,1.0,2.0,1.0,28.0,7.0,9.0,11.0,17.0,87.0,221
210177,2016,4.0,0.0,0.0,3.0,3.0,34.0,6.0,7.0,10.0,21.0,89.0,194
210177,2017,2.0,0.0,2.0,4.0,2.0,36.0,6.0,24.0,1.0,26.0,106.0,205
210177,2018,6.0,0.0,2.0,2.0,1.0,43.0,7.0,23.0,5.0,26.0,116.0,221
210177,2019,6.0,3.0,0.0,1.0,0.0,49.0,0.0,26.0,2.0,37.0,125.0,209
210180,2012,5.0,0.0,0.0,0.0,0.0,12.0,0.0,0.0,2.0,2.0,23.0,57
210180,2013,0.0,0.0,0.0,0.0,0.0,0.0,0.0,0.0,0.0,0.0,27.0,48
210180,2014,1.0,0.0,1.0,0.0,0.0,7.0,0.0,5.0,0.0,8.0,25.0,61
210180,2015,0.0,0.0,0.0,1.0,0.0,8.0,0.0,11.0,1.0,7.0,28.0,71
210180,2016,0.0,0.0,2.0,1.0,1.0,13.0,1.0,3.0,0.0,5.0,26.0,73
210180,2017,3.0,0.0,0.0,1.0,1.0,8.0,0.0,7.0,1.0,6.0,27.0,66
210180,2018,3.0,0.0,0.0,1.0,0.0,12.0,0.0,10.0,0.0,5.0,31.0,64
210180,2019,1.0,0.0,0.0,3.0,0.0,15.0,0.0,8.0,0.0,7.0,34.0,69
210190,2012,5.0,0.0,4.0,1.0,3.0,11.0,1.0,5.0,4.0,10.0,47.0,265
210190,2013,0.0,0.0,0.0,0.0,0.0,0.0,0.0,0.0,0.0,0.0,48.0,233
210190,2014,6.0,1.0,0.0,0.0,0.0,11.0,3.0,10.0,6.0,16.0,69.0,262
210190,2015,5.0,0.0,4.0,0.0,1.0,10.0,0.0,3.0,4.0,11.0,74.0,278
210190,2016,3.0,0.0,2.0,0.0,2.0,20.0,1.0,13.0,2.0,31.0,76.0,266
210190,2017,9.0,1.0,4.0,3.0,3.0,23.0,0.0,14.0,3.0,26.0,89.0,290
210190,2018,6.0,0.0,0.0,0.0,2.0,30.0,2.0,29.0,6.0,28.0,110.0,288
210190,2019,9.0,1.0,0.0,4.0,2.0,20.0,3.0,11.0,8.0,29.0,91.0,284
210193,2012,4.0,1.0,0.0,2.0,1.0,9.0,2.0,2.0,3.0,6.0,30.0,76
210193,2013,0.0,0.0,0.0,0.0,0.0,0.0,0.0,0.0,0.0,0.0,45.0,77
210193,2014,7.0,1.0,4.0,0.0,0.0,17.0,0.0,18.0,2.0,20.0,71.0,108
210193,2015,1.0,0.0,0.0,1.0,0.0,12.0,5.0,2.0,4.0,7.0,33.0,69
210193,2016,1.0,0.0,0.0,0.0,0.0,10.0,2.0,3.0,2.0,7.0,25.0,54
210193,2017,2.0,0.0,2.0,3.0,1.0,15.0,2.0,2.0,2.0,11.0,40.0,66
210193,2018,6.0,1.0,6.0,4.0,0.0,15.0,1.0,5.0,4.0,17.0,59.0,82
210193,2019,6.0,0.0,0.0,1.0,0.0,10.0,1.0,7.0,1.0,13.0,40.0,58
210197,2012,3.0,0.0,0.0,0.0,1.0,3.0,0.0,0.0,3.0,7.0,22.0,126
210197,2013,0.0,0.0,0.0,0.0,0.0,0.0,0.0,0.0,0.0,0.0,44.0,150
210197,2014,2.0,0.0,0.0,3.0,0.0,10.0,1.0,3.0,0.0,8.0,33.0,139
210197,2015,3.0,0.0,0.0,2.0,0.0,7.0,0.0,2.0,2.0,8.0,29.0,149
210197,2016,4.0,0.0,2.0,3.0,1.0,9.0,0.0,7.0,0.0,8.0,37.0,160
210197,2017,5.0,1.0,0.0,0.0,0.0,11.0,1.0,9.0,1.0,12.0,42.0,142
210197,2018,10.0,0.0,0.0,3.0,1.0,10.0,3.0,5.0,0.0,22.0,59.0,133
210197,2019,1.0,0.0,0.0,0.0,1.0,20.0,0.0,12.0,2.0,20.0,66.0,147
210200,2012,62.0,3.0,6.0,4.0,4.0,104.0,6.0,22.0,10.0,97.0,319.0,632
210200,2013,0.0,0.0,0.0,0.0,0.0,0.0,0.0,0.0,0.0,0.0,258.0,578
210200,2014,24.0,7.0,6.0,10.0,6.0,102.0,5.0,37.0,16.0,66.0,296.0,656
210200,2015,22.0,4.0,4.0,9.0,8.0,96.0,7.0,26.0,10.0,77.0,284.0,636
210200,2016,17.0,21.0,5.0,8.0,7.0,81.0,6.0,25.0,12.0,65.0,273.0,640
210200,2017,28.0,2.0,7.0,5.0,6.0,76.0,13.0,46.0,16.0,74.0,306.0,683
210200,2018,17.0,7.0,6.0,4.0,6.0,76.0,6.0,39.0,9.0,89.0,276.0,601
210200,2019,19.0,3.0,2.0,4.0,0.0,82.0,6.0,46.0,6.0,65.0,236.0,578
210203,2012,55.0,1.0,4.0,2.0,1.0,43.0,2.0,10.0,12.0,29.0,160.0,568
210203,2013,0.0,0.0,0.0,0.0,0.0,0.0,0.0,0.0,0.0,0.0,150.0,523
210203,2014,17.0,3.0,2.0,5.0,2.0,51.0,14.0,26.0,10.0,46.0,188.0,548
210203,2015,12.0,4.0,5.0,6.0,6.0,44.0,8.0,21.0,6.0,42.0,170.0,570
210203,2016,24.0,0.0,2.0,7.0,1.0,65.0,7.0,27.0,12.0,58.0,215.0,600
210203,2017,21.0,0.0,2.0,6.0,0.0,53.0,3.0,18.0,1.0,37.0,145.0,540
210203,2018,17.0,0.0,8.0,0.0,2.0,46.0,6.0,26.0,15.0,48.0,172.0,571
210203,2019,11.0,0.0,6.0,4.0,3.0,50.0,2.0,19.0,5.0,40.0,144.0,500
210207,2012,17.0,2.0,2.0,3.0,2.0,10.0,8.0,10.0,20.0,9.0,88.0,171
210207,2013,0.0,0.0,0.0,0.0,0.0,0.0,0.0,0.0,0.0,0.0,62.0,152
210207,2014,5.0,0.0,2.0,1.0,3.0,17.0,6.0,16.0,4.0,35.0,95.0,171
210207,2015,7.0,0.0,0.0,1.0,1.0,27.0,4.0,9.0,1.0,31.0,81.0,152
210207,2016,8.0,0.0,0.0,0.0,2.0,25.0,2.0,13.0,4.0,31.0,86.0,142
210207,2017,11.0,0.0,0.0,3.0,0.0,28.0,2.0,9.0,5.0,21.0,80.0,148
210207,2018,5.0,0.0,2.0,0.0,1.0,38.0,7.0,16.0,15.0,31.0,120.0,168
210207,2019,4.0,0.0,0.0,0.0,1.0,37.0,14.0,17.0,17.0,19.0,109.0,144
210210,2012,21.0,13.0,2.0,44.0,18.0,32.0,22.0,7.0,24.0,18.0,233.0,477
210210,2013,0.0,0.0,0.0,0.0,0.0,0.0,0.0,0.0,0.0,0.0,297.0,627
210210,2014,23.0,0.0,4.0,2.0,2.0,98.0,21.0,44.0,28.0,54.0,303.0,602
210210,2015,15.0,0.0,4.0,4.0,2.0,114.0,9.0,14.0,26.0,36.0,248.0,545
210210,2016,25.0,3.0,4.0,1.0,1.0,112.0,2.0,16.0,4.0,19.0,205.0,470
210210,2017,12.0,1.0,7.0,5.0,0.0,94.0,4.0,38.0,9.0,67.0,257.0,545
210210,2018,22.0,0.0,6.0,10.0,5.0,91.0,2.0,59.0,5.0,108.0,322.0,565
210210,2019,17.0,1.0,15.0,9.0,3.0,116.0,5.0,39.0,17.0,97.0,327.0,570
210215,2012,6.0,0.0,0.0,3.0,4.0,6.0,2.0,4.0,3.0,10.0,41.0,111
210215,2013,0.0,0.0,0.0,0.0,0.0,0.0,0.0,0.0,0.0,0.0,43.0,128
210215,2014,1.0,0.0,0.0,1.0,1.0,8.0,1.0,13.0,4.0,20.0,51.0,117
210215,2015,2.0,0.0,0.0,0.0,0.0,12.0,3.0,9.0,2.0,28.0,56.0,123
210215,2016,2.0,0.0,0.0,1.0,0.0,18.0,1.0,4.0,1.0,12.0,40.0,103
210215,2017,7.0,0.0,0.0,4.0,1.0,21.0,3.0,14.0,6.0,21.0,80.0,136
210215,2018,4.0,0.0,0.0,1.0,1.0,32.0,4.0,20.0,14.0,19.0,96.0,142
210215,2019,8.0,0.0,0.0,1.0,0.0,40.0,6.0,27.0,9.0,26.0,117.0,157
210220,2012,36.0,2.0,3.0,6.0,2.0,33.0,4.0,9.0,3.0,36.0,155.0,618
210220,2013,0.0,0.0,0.0,0.0,0.0,0.0,0.0,0.0,0.0,0.0,154.0,579
210220,2014,8.0,7.0,3.0,7.0,0.0,44.0,10.0,16.0,4.0,46.0,161.0,656
210220,2015,8.0,3.0,4.0,3.0,6.0,45.0,5.0,19.0,7.0,40.0,146.0,579
210220,2016,12.0,1.0,5.0,3.0,3.0,48.0,7.0,23.0,4.0,34.0,147.0,513
210220,2017,16.0,3.0,11.0,7.0,6.0,50.0,3.0,33.0,2.0,58.0,197.0,529
210220,2018,20.0,1.0,7.0,7.0,3.0,52.0,4.0,35.0,5.0,50.0,197.0,580
210220,2019,18.0,2.0,5.0,10.0,6.0,52.0,1.0,48.0,9.0,52.0,209.0,561
210230,2012,32.0,2.0,5.0,4.0,8.0,23.0,19.0,16.0,29.0,21.0,165.0,431
210230,2013,0.0,0.0,0.0,0.0,0.0,0.0,0.0,0.0,0.0,0.0,204.0,425
210230,2014,37.0,0.0,5.0,4.0,2.0,49.0,13.0,30.0,13.0,64.0,222.0,422
210230,2015,28.0,0.0,8.0,2.0,2.0,52.0,25.0,14.0,38.0,35.0,210.0,415
210230,2016,17.0,0.0,2.0,2.0,1.0,47.0,11.0,18.0,35.0,31.0,171.0,376
210230,2017,15.0,0.0,2.0,2.0,4.0,81.0,6.0,21.0,19.0,64.0,219.0,415
210230,2018,13.0,0.0,2.0,3.0,0.0,68.0,6.0,30.0,8.0,52.0,192.0,428
210230,2019,18.0,1.0,1.0,6.0,3.0,86.0,2.0,30.0,6.0,47.0,208.0,411
210232,2012,50.0,4.0,11.0,10.0,4.0,84.0,12.0,28.0,17.0,59.0,300.0,1310
210232,2013,0.0,0.0,0.0,0.0,0.0,0.0,0.0,0.0,0.0,0.0,417.0,1262
210232,2014,25.0,2.0,2.0,7.0,10.0,100.0,27.0,34.0,39.0,86.0,346.0,1380
210232,2015,34.0,3.0,10.0,9.0,11.0,115.0,24.0,48.0,28.0,93.0,391.0,1378
210232,2016,35.0,1.0,15.0,11.0,12.0,109.0,16.0,40.0,29.0,92.0,374.0,1366
210232,2017,28.0,0.0,24.0,14.0,7.0,116.0,14.0,52.0,18.0,108.0,408.0,1366
210232,2018,28.0,2.0,17.0,11.0,9.0,147.0,27.0,74.0,48.0,136.0,522.0,1414
210232,2019,29.0,1.0,6.0,10.0,2.0,125.0,22.0,71.0,43.0,111.0,437.0,1202
210235,2012,7.0,0.0,6.0,1.0,0.0,18.0,3.0,11.0,8.0,19.0,74.0,182
210235,2013,0.0,0.0,0.0,0.0,0.0,0.0,0.0,0.0,0.0,0.0,88.0,186
210235,2014,7.0,1.0,5.0,1.0,0.0,26.0,5.0,27.0,8.0,20.0,101.0,220
210235,2015,6.0,1.0,6.0,6.0,2.0,28.0,5.0,12.0,13.0,18.0,97.0,210
210235,2016,10.0,0.0,0.0,1.0,0.0,23.0,4.0,8.0,8.0,24.0,79.0,198
210235,2017,5.0,0.0,0.0,4.0,6.0,38.0,1.0,17.0,4.0,16.0,92.0,215
210235,2018,11.0,1.0,2.0,3.0,1.0,32.0,5.0,11.0,6.0,13.0,85.0,213
210235,2019,4.0,0.0,1.0,1.0,1.0,38.0,4.0,12.0,4.0,16.0,85.0,221
210237,2012,8.0,2.0,0.0,2.0,5.0,12.0,1.0,2.0,6.0,8.0,51.0,164
210237,2013,0.0,0.0,0.0,0.0,0.0,0.0,0.0,0.0,0.0,0.0,35.0,162
210237,2014,8.0,0.0,0.0,4.0,1.0,7.0,1.0,5.0,9.0,10.0,53.0,190
210237,2015,1.0,0.0,1.0,0.0,4.0,9.0,2.0,5.0,5.0,12.0,44.0,170
210237,2016,2.0,0.0,1.0,0.0,0.0,11.0,1.0,5.0,3.0,19.0,43.0,139
210237,2017,2.0,0.0,2.0,2.0,1.0,14.0,0.0,11.0,1.0,13.0,48.0,168
210237,2018,6.0,0.0,3.0,0.0,0.0,14.0,1.0,11.0,3.0,8.0,47.0,163
210237,2019,4.0,0.0,2.0,1.0,1.0,11.0,2.0,8.0,1.0,7.0,37.0,141
210240,2012,7.0,0.0,2.0,7.0,0.0,5.0,0.0,2.0,1.0,8.0,47.0,131
210240,2013,0.0,0.0,0.0,0.0,0.0,0.0,0.0,0.0,0.0,0.0,63.0,173
210240,2014,0.0,0.0,2.0,1.0,0.0,9.0,0.0,2.0,0.0,8.0,65.0,166
210240,2015,5.0,1.0,0.0,0.0,0.0,6.0,0.0,1.0,0.0,4.0,68.0,151
210240,2016,1.0,0.0,1.0,1.0,0.0,4.0,1.0,1.0,0.0,5.0,72.0,176
210240,2017,3.0,0.0,2.0,1.0,0.0,0.0,0.0,1.0,0.0,2.0,78.0,169
210240,2018,2.0,1.0,4.0,1.0,2.0,22.0,1.0,8.0,1.0,12.0,77.0,146
210240,2019,10.0,1.0,6.0,1.0,1.0,23.0,1.0,2.0,0.0,30.0,83.0,153
210250,2012,14.0,0.0,2.0,2.0,1.0,7.0,1.0,0.0,6.0,14.0,57.0,327
210250,2013,0.0,0.0,0.0,0.0,0.0,0.0,0.0,0.0,0.0,0.0,48.0,300
210250,2014,0.0,0.0,2.0,2.0,1.0,4.0,0.0,10.0,3.0,11.0,36.0,270
210250,2015,5.0,0.0,0.0,1.0,2.0,11.0,0.0,6.0,2.0,12.0,44.0,290
210250,2016,8.0,0.0,3.0,1.0,0.0,8.0,0.0,4.0,1.0,14.0,46.0,272
210250,2017,4.0,0.0,0.0,2.0,0.0,6.0,1.0,9.0,3.0,20.0,61.0,254
210250,2018,6.0,1.0,2.0,4.0,2.0,24.0,2.0,5.0,2.0,12.0,86.0,241
210250,2019,6.0,2.0,2.0,2.0,0.0,38.0,2.0,6.0,3.0,6.0,91.0,317
210255,2012,14.0,1.0,0.0,3.0,0.0,24.0,6.0,20.0,5.0,35.0,108.0,207
210255,2013,0.0,0.0,0.0,0.0,0.0,0.0,0.0,0.0,0.0,0.0,127.0,233
210255,2014,9.0,0.0,4.0,2.0,1.0,29.0,14.0,9.0,17.0,20.0,109.0,212
210255,2015,4.0,0.0,8.0,6.0,1.0,35.0,7.0,19.0,9.0,40.0,130.0,235
210255,2016,11.0,0.0,2.0,3.0,0.0,40.0,3.0,13.0,2.0,19.0,93.0,201
210255,2017,14.0,0.0,0.0,1.0,0.0,42.0,2.0,23.0,5.0,31.0,124.0,233
210255,2018,14.0,0.0,3.0,3.0,0.0,46.0,2.0,26.0,2.0,39.0,139.0,236
210255,2019,7.0,0.0,0.0,2.0,0.0,43.0,0.0,17.0,0.0,40.0,114.0,201
210260,2012,15.0,0.0,5.0,4.0,4.0,16.0,0.0,5.0,4.0,17.0,79.0,301
210260,2013,0.0,0.0,0.0,0.0,0.0,0.0,0.0,0.0,0.0,0.0,78.0,323
210260,2014,7.0,0.0,2.0,0.0,0.0,20.0,0.0,19.0,1.0,27.0,101.0,341
210260,2015,3.0,0.0,4.0,4.0,1.0,11.0,2.0,11.0,1.0,17.0,64.0,310
210260,2016,6.0,0.0,0.0,0.0,0.0,17.0,0.0,12.0,1.0,20.0,64.0,298
210260,2017,3.0,0.0,0.0,0.0,2.0,14.0,1.0,13.0,2.0,25.0,68.0,307
210260,2018,2.0,0.0,0.0,1.0,2.0,19.0,1.0,6.0,2.0,26.0,66.0,336
210260,2019,9.0,1.0,4.0,4.0,2.0,21.0,1.0,9.0,0.0,21.0,76.0,361
210270,2012,10.0,1.0,2.0,2.0,3.0,22.0,0.0,0.0,3.0,21.0,90.0,294
210270,2013,0.0,0.0,0.0,0.0,0.0,0.0,0.0,0.0,0.0,0.0,120.0,288
210270,2014,12.0,0.0,0.0,1.0,0.0,27.0,1.0,14.0,6.0,36.0,108.0,282
210270,2015,5.0,0.0,8.0,2.0,3.0,25.0,0.0,18.0,4.0,44.0,120.0,292
210270,2016,18.0,0.0,5.0,3.0,1.0,31.0,0.0,20.0,3.0,25.0,106.0,259
210270,2017,11.0,0.0,0.0,1.0,1.0,36.0,1.0,22.0,10.0,71.0,157.0,300
210270,2018,17.0,1.0,2.0,1.0,0.0,46.0,7.0,26.0,8.0,41.0,150.0,264
210270,2019,14.0,0.0,2.0,2.0,1.0,45.0,5.0,22.0,16.0,35.0,142.0,267
210275,2012,11.0,21.0,3.0,2.0,1.0,10.0,1.0,4.0,3.0,6.0,79.0,200
210275,2013,0.0,0.0,0.0,0.0,0.0,0.0,0.0,0.0,0.0,0.0,64.0,159
210275,2014,1.0,9.0,0.0,3.0,1.0,17.0,1.0,7.0,2.0,12.0,63.0,169
210275,2015,8.0,0.0,1.0,2.0,1.0,20.0,3.0,13.0,4.0,24.0,89.0,180
210275,2016,6.0,0.0,2.0,3.0,2.0,27.0,0.0,5.0,3.0,23.0,71.0,145
210275,2017,7.0,0.0,2.0,2.0,2.0,24.0,3.0,17.0,2.0,33.0,92.0,185
210275,2018,6.0,4.0,3.0,2.0,2.0,39.0,4.0,12.0,10.0,20.0,103.0,169
210275,2019,7.0,11.0,0.0,2.0,0.0,27.0,1.0,11.0,4.0,20.0,83.0,127
210280,2012,17.0,3.0,2.0,12.0,6.0,43.0,8.0,7.0,22.0,23.0,161.0,415
210280,2013,0.0,0.0,0.0,0.0,0.0,0.0,0.0,0.0,0.0,0.0,152.0,343
210280,2014,11.0,1.0,1.0,6.0,1.0,33.0,8.0,12.0,18.0,17.0,110.0,321
210280,2015,11.0,0.0,3.0,5.0,2.0,48.0,3.0,18.0,10.0,20.0,128.0,342
210280,2016,18.0,0.0,4.0,7.0,0.0,38.0,6.0,15.0,16.0,24.0,143.0,327
210280,2017,15.0,1.0,3.0,6.0,6.0,63.0,9.0,14.0,16.0,26.0,163.0,330
210280,2018,21.0,0.0,4.0,6.0,1.0,62.0,11.0,35.0,15.0,39.0,204.0,387
210280,2019,18.0,0.0,5.0,0.0,3.0,57.0,9.0,33.0,10.0,52.0,198.0,377
210290,2012,32.0,0.0,5.0,1.0,2.0,14.0,0.0,1.0,3.0,39.0,114.0,407
210290,2013,0.0,0.0,0.0,0.0,0.0,0.0,0.0,0.0,0.0,0.0,152.0,458
210290,2014,5.0,1.0,0.0,3.0,1.0,33.0,1.0,14.0,2.0,37.0,152.0,501
210290,2015,12.0,0.0,0.0,2.0,0.0,32.0,2.0,26.0,1.0,49.0,164.0,505
210290,2016,16.0,0.0,4.0,1.0,1.0,53.0,1.0,19.0,2.0,40.0,149.0,457
210290,2017,11.0,0.0,3.0,3.0,4.0,46.0,2.0,18.0,1.0,40.0,137.0,441
210290,2018,6.0,0.0,4.0,4.0,1.0,51.0,0.0,11.0,0.0,48.0,137.0,439
210290,2019,12.0,1.0,0.0,3.0,3.0,47.0,0.0,23.0,1.0,41.0,135.0,438
210300,2012,813.0,13.0,23.0,4.0,30.0,69.0,4.0,8.0,20.0,63.0,1105.0,2720
210300,2013,0.0,0.0,0.0,0.0,0.0,0.0,0.0,0.0,0.0,0.0,1228.0,2609
210300,2014,109.0,1.0,16.0,15.0,18.0,325.0,26.0,173.0,58.0,408.0,1255.0,2544
210300,2015,91.0,1.0,23.0,18.0,12.0,291.0,33.0,169.0,35.0,359.0,1111.0,2700
210300,2016,144.0,21.0,31.0,24.0,19.0,372.0,6.0,163.0,8.0,358.0,1287.0,2559
210300,2017,173.0,4.0,33.0,14.0,14.0,450.0,10.0,245.0,9.0,424.0,1465.0,2605
210300,2018,163.0,2.0,36.0,23.0,11.0,517.0,23.0,272.0,34.0,482.0,1566.0,2706
210300,2019,202.0,2.0,45.0,11.0,10.0,505.0,28.0,292.0,36.0,405.0,1546.0,2644
210310,2012,5.0,0.0,0.0,2.0,2.0,14.0,0.0,2.0,1.0,3.0,43.0,137
210310,2013,0.0,0.0,0.0,0.0,0.0,0.0,0.0,0.0,0.0,0.0,46.0,134
210310,2014,3.0,0.0,2.0,4.0,1.0,7.0,1.0,4.0,4.0,8.0,34.0,121
210310,2015,0.0,0.0,2.0,3.0,1.0,7.0,3.0,3.0,1.0,3.0,23.0,122
210310,2016,3.0,1.0,0.0,2.0,0.0,2.0,1.0,0.0,4.0,5.0,18.0,114
210310,2017,2.0,2.0,0.0,1.0,2.0,9.0,1.0,0.0,3.0,12.0,36.0,99
210310,2018,1.0,0.0,0.0,1.0,0.0,8.0,2.0,6.0,4.0,7.0,32.0,111
210310,2019,2.0,0.0,0.0,1.0,1.0,15.0,0.0,3.0,3.0,9.0,41.0,97
210312,2012,1.0,0.0,0.0,0.0,0.0,2.0,0.0,0.0,1.0,0.0,10.0,174
210312,2013,0.0,0.0,0.0,0.0,0.0,0.0,0.0,0.0,0.0,0.0,17.0,118
210312,2014,0.0,1.0,0.0,1.0,1.0,5.0,1.0,7.0,0.0,7.0,23.0,124
210312,2015,0.0,0.0,0.0,0.0,1.0,4.0,0.0,4.0,1.0,4.0,15.0,103
210312,2016,1.0,0.0,0.0,1.0,1.0,3.0,0.0,2.0,0.0,6.0,14.0,93
210312,2017,2.0,0.0,2.0,1.0,2.0,6.0,0.0,3.0,2.0,4.0,22.0,134
210312,2018,5.0,1.0,0.0,2.0,1.0,7.0,3.0,4.0,4.0,4.0,35.0,155
210312,2019,2.0,1.0,2.0,0.0,0.0,10.0,2.0,11.0,1.0,11.0,43.0,146
210315,2012,9.0,1.0,0.0,1.0,2.0,8.0,0.0,11.0,3.0,16.0,51.0,237
210315,2013,0.0,0.0,0.0,0.0,0.0,0.0,0.0,0.0,0.0,0.0,54.0,203
210315,2014,4.0,0.0,0.0,0.0,1.0,8.0,1.0,7.0,1.0,12.0,41.0,196
210315,2015,7.0,1.0,2.0,5.0,0.0,19.0,1.0,7.0,0.0,14.0,59.0,188
210315,2016,1.0,0.0,4.0,0.0,0.0,16.0,2.0,3.0,2.0,11.0,43.0,190
210315,2017,3.0,1.0,0.0,2.0,0.0,19.0,1.0,8.0,2.0,17.0,57.0,202
210315,2018,7.0,0.0,0.0,3.0,1.0,14.0,1.0,8.0,2.0,18.0,58.0,227
210315,2019,4.0,1.0,4.0,0.0,0.0,18.0,1.0,9.0,2.0,20.0,71.0,217
210317,2012,7.0,1.0,0.0,0.0,3.0,18.0,0.0,8.0,5.0,18.0,63.0,281
210317,2013,0.0,0.0,0.0,0.0,0.0,0.0,0.0,0.0,0.0,0.0,87.0,307
210317,2014,6.0,0.0,4.0,4.0,5.0,14.0,1.0,12.0,6.0,22.0,83.0,317
210317,2015,3.0,2.0,6.0,4.0,2.0,18.0,5.0,10.0,1.0,24.0,95.0,356
210317,2016,7.0,7.0,4.0,5.0,3.0,28.0,4.0,12.0,2.0,29.0,114.0,296
210317,2017,6.0,2.0,2.0,3.0,1.0,13.0,4.0,10.0,1.0,25.0,74.0,297
210317,2018,7.0,1.0,0.0,3.0,4.0,38.0,0.0,26.0,0.0,27.0,123.0,357
210317,2019,8.0,0.0,1.0,2.0,1.0,24.0,0.0,23.0,0.0,32.0,110.0,304
210320,2012,156.0,3.0,8.0,7.0,7.0,149.0,3.0,0.0,12.0,155.0,682.0,1616
210320,2013,0.0,0.0,0.0,0.0,0.0,0.0,0.0,0.0,0.0,0.0,572.0,1599
210320,2014,60.0,5.0,22.0,19.0,7.0,159.0,9.0,91.0,22.0,186.0,677.0,1498
210320,2015,63.0,5.0,6.0,10.0,9.0,175.0,7.0,91.0,10.0,300.0,772.0,1592
210320,2016,62.0,4.0,10.0,13.0,1.0,188.0,9.0,114.0,13.0,252.0,750.0,1368
210320,2017,61.0,7.0,27.0,15.0,12.0,208.0,7.0,115.0,26.0,251.0,816.0,1470
210320,2018,57.0,5.0,17.0,17.0,17.0,261.0,2.0,106.0,10.0,267.0,855.0,1550
210320,2019,48.0,7.0,16.0,22.0,14.0,263.0,8.0,135.0,8.0,234.0,849.0,1521
210325,2012,9.0,0.0,2.0,0.0,4.0,12.0,3.0,12.0,5.0,12.0,60.0,159
210325,2013,0.0,0.0,0.0,0.0,0.0,0.0,0.0,0.0,0.0,0.0,69.0,185
210325,2014,11.0,1.0,2.0,2.0,1.0,14.0,2.0,15.0,7.0,16.0,72.0,185
210325,2015,11.0,0.0,0.0,0.0,0.0,22.0,5.0,19.0,9.0,13.0,80.0,174
210325,2016,9.0,1.0,1.0,0.0,1.0,26.0,5.0,13.0,6.0,17.0,79.0,186
210325,2017,7.0,0.0,6.0,3.0,2.0,26.0,4.0,11.0,5.0,14.0,79.0,211
210325,2018,7.0,1.0,2.0,0.0,1.0,28.0,6.0,10.0,4.0,17.0,76.0,201
210325,2019,10.0,0.0,6.0,3.0,0.0,26.0,0.0,7.0,2.0,6.0,66.0,145
210330,2012,72.0,6.0,26.0,15.0,10.0,212.0,30.0,42.0,78.0,114.0,652.0,2374
210330,2013,0.0,0.0,0.0,0.0,0.0,0.0,0.0,0.0,0.0,0.0,690.0,2097
210330,2014,70.0,1.0,22.0,19.0,13.0,208.0,53.0,115.0,79.0,230.0,823.0,2197
210330,2015,71.0,1.0,17.0,4.0,10.0,240.0,32.0,111.0,40.0,240.0,775.0,2141
210330,2016,54.0,2.0,16.0,8.0,7.0,212.0,21.0,108.0,33.0,186.0,658.0,1947
210330,2017,65.0,4.0,17.0,12.0,11.0,257.0,21.0,133.0,36.0,237.0,805.0,2029
210330,2018,69.0,1.0,22.0,19.0,16.0,261.0,33.0,136.0,43.0,225.0,836.0,1945
210330,2019,70.0,2.0,25.0,21.0,13.0,242.0,31.0,118.0,62.0,202.0,799.0,1937
210340,2012,39.0,1.0,10.0,7.0,9.0,54.0,7.0,25.0,24.0,67.0,260.0,967
210340,2013,0.0,0.0,0.0,0.0,0.0,0.0,0.0,0.0,0.0,0.0,274.0,856
210340,2014,22.0,31.0,4.0,13.0,11.0,60.0,15.0,45.0,13.0,82.0,305.0,851
210340,2015,15.0,5.0,4.0,19.0,16.0,74.0,16.0,46.0,23.0,78.0,303.0,892
210340,2016,18.0,2.0,8.0,4.0,5.0,60.0,10.0,52.0,15.0,88.0,272.0,716
210340,2017,29.0,1.0,3.0,5.0,6.0,100.0,5.0,52.0,6.0,99.0,317.0,775
210340,2018,23.0,3.0,1.0,6.0,6.0,102.0,14.0,59.0,20.0,95.0,336.0,772
210340,2019,24.0,3.0,8.0,10.0,2.0,93.0,18.0,39.0,23.0,82.0,305.0,757
210350,2012,30.0,1.0,8.0,9.0,6.0,122.0,12.0,27.0,26.0,83.0,395.0,737
210350,2013,0.0,0.0,0.0,0.0,0.0,0.0,0.0,0.0,0.0,0.0,420.0,713
210350,2014,24.0,1.0,14.0,2.0,3.0,159.0,7.0,105.0,12.0,190.0,518.0,769
210350,2015,29.0,1.0,9.0,9.0,8.0,193.0,11.0,67.0,21.0,159.0,510.0,789
210350,2016,31.0,0.0,11.0,3.0,6.0,193.0,3.0,67.0,5.0,212.0,533.0,719
210350,2017,38.0,2.0,0.0,11.0,7.0,183.0,4.0,58.0,6.0,152.0,461.0,670
210350,2018,31.0,0.0,9.0,3.0,6.0,196.0,4.0,57.0,6.0,159.0,476.0,720
210350,2019,21.0,0.0,4.0,10.0,4.0,210.0,4.0,59.0,13.0,107.0,432.0,702
210355,2012,23.0,0.0,8.0,7.0,1.0,10.0,9.0,14.0,9.0,10.0,95.0,304
210355,2013,0.0,0.0,0.0,0.0,0.0,0.0,0.0,0.0,0.0,0.0,90.0,285
210355,2014,7.0,0.0,5.0,5.0,0.0,19.0,8.0,25.0,1.0,30.0,104.0,271
210355,2015,7.0,0.0,4.0,1.0,1.0,26.0,3.0,24.0,6.0,41.0,114.0,254
210355,2016,7.0,0.0,0.0,2.0,1.0,25.0,5.0,14.0,10.0,28.0,94.0,252
210355,2017,15.0,0.0,0.0,0.0,0.0,34.0,14.0,19.0,7.0,30.0,119.0,236
210355,2018,12.0,0.0,4.0,4.0,0.0,36.0,8.0,16.0,10.0,30.0,122.0,251
210355,2019,15.0,0.0,2.0,0.0,1.0,35.0,20.0,28.0,14.0,20.0,138.0,272
210360,2012,33.0,2.0,17.0,3.0,2.0,56.0,3.0,7.0,13.0,18.0,372.0,1165
210360,2013,0.0,0.0,0.0,0.0,0.0,0.0,0.0,0.0,0.0,0.0,409.0,1138
210360,2014,43.0,3.0,18.0,13.0,5.0,105.0,29.0,74.0,38.0,102.0,468.0,1183
210360,2015,59.0,2.0,20.0,12.0,10.0,120.0,17.0,98.0,29.0,167.0,579.0,1169
210360,2016,70.0,3.0,6.0,9.0,9.0,149.0,18.0,85.0,43.0,146.0,547.0,1101
210360,2017,56.0,0.0,7.0,13.0,12.0,161.0,11.0,77.0,40.0,212.0,597.0,1100
210360,2018,51.0,2.0,16.0,18.0,6.0,180.0,7.0,121.0,4.0,208.0,618.0,1117
210360,2019,56.0,1.0,15.0,19.0,11.0,218.0,3.0,112.0,3.0,226.0,674.0,1143
210370,2012,3.0,0.0,2.0,2.0,1.0,11.0,2.0,3.0,1.0,6.0,83.0,476
210370,2013,0.0,0.0,0.0,0.0,0.0,0.0,0.0,0.0,0.0,0.0,122.0,498
210370,2014,7.0,0.0,6.0,3.0,4.0,30.0,1.0,19.0,3.0,34.0,111.0,511
210370,2015,4.0,2.0,5.0,1.0,2.0,22.0,6.0,10.0,5.0,26.0,85.0,476
210370,2016,8.0,0.0,2.0,3.0,2.0,30.0,3.0,21.0,5.0,41.0,115.0,420
210370,2017,8.0,0.0,3.0,4.0,3.0,30.0,7.0,21.0,6.0,30.0,117.0,460
210370,2018,9.0,0.0,8.0,3.0,2.0,33.0,4.0,17.0,9.0,35.0,120.0,579
210370,2019,11.0,0.0,4.0,2.0,2.0,27.0,3.0,15.0,8.0,38.0,116.0,489
210375,2012,11.0,0.0,1.0,4.0,1.0,28.0,4.0,13.0,9.0,15.0,86.0,204
210375,2013,0.0,0.0,0.0,0.0,0.0,0.0,0.0,0.0,0.0,0.0,102.0,241
210375,2014,5.0,0.0,0.0,2.0,4.0,36.0,7.0,18.0,11.0,14.0,99.0,217
210375,2015,7.0,0.0,6.0,5.0,1.0,40.0,11.0,16.0,15.0,29.0,130.0,284
210375,2016,12.0,0.0,2.0,0.0,2.0,37.0,8.0,27.0,15.0,24.0,128.0,238
210375,2017,7.0,0.0,2.0,12.0,2.0,37.0,6.0,14.0,8.0,28.0,117.0,235
210375,2018,13.0,0.0,6.0,1.0,1.0,42.0,7.0,20.0,2.0,20.0,113.0,248
210375,2019,11.0,0.0,5.0,1.0,0.0,42.0,1.0,19.0,4.0,26.0,112.0,241
210380,2012,28.0,0.0,3.0,3.0,3.0,51.0,20.0,14.0,41.0,28.0,205.0,329
210380,2013,0.0,0.0,0.0,0.0,0.0,0.0,0.0,0.0,0.0,0.0,231.0,400
210380,2014,16.0,13.0,7.0,25.0,4.0,102.0,2.0,20.0,8.0,37.0,259.0,431
210380,2015,16.0,28.0,0.0,23.0,11.0,71.0,1.0,17.0,2.0,34.0,216.0,376
210380,2016,13.0,9.0,3.0,11.0,10.0,71.0,5.0,23.0,27.0,60.0,234.0,364
210380,2017,8.0,5.0,7.0,21.0,10.0,65.0,8.0,32.0,23.0,60.0,241.0,346
210380,2018,26.0,8.0,3.0,14.0,9.0,104.0,0.0,46.0,7.0,76.0,296.0,384
210380,2019,8.0,21.0,5.0,34.0,13.0,61.0,1.0,37.0,3.0,64.0,248.0,322
210390,2012,9.0,1.0,0.0,1.0,2.0,10.0,2.0,6.0,2.0,4.0,42.0,202
210390,2013,0.0,0.0,0.0,0.0,0.0,0.0,0.0,0.0,0.0,0.0,46.0,198
210390,2014,2.0,1.0,2.0,2.0,1.0,9.0,7.0,6.0,2.0,16.0,51.0,202
210390,2015,2.0,1.0,1.0,3.0,2.0,10.0,1.0,12.0,0.0,12.0,46.0,188
210390,2016,9.0,2.0,1.0,1.0,1.0,11.0,1.0,9.0,1.0,20.0,59.0,185
210390,2017,4.0,0.0,1.0,0.0,3.0,10.0,3.0,14.0,4.0,18.0,60.0,183
210390,2018,9.0,0.0,5.0,1.0,4.0,17.0,3.0,17.0,4.0,26.0,86.0,202
210390,2019,5.0,0.0,0.0,4.0,1.0,24.0,4.0,14.0,5.0,20.0,78.0,197
210400,2012,17.0,2.0,8.0,8.0,3.0,31.0,7.0,9.0,17.0,29.0,136.0,328
210400,2013,0.0,0.0,0.0,0.0,0.0,0.0,0.0,0.0,0.0,0.0,150.0,305
210400,2014,15.0,0.0,9.0,1.0,4.0,52.0,3.0,29.0,7.0,53.0,179.0,286
210400,2015,5.0,0.0,2.0,1.0,2.0,45.0,3.0,26.0,4.0,45.0,137.0,313
210400,2016,18.0,0.0,2.0,3.0,4.0,37.0,4.0,19.0,6.0,54.0,155.0,306
210400,2017,13.0,1.0,6.0,2.0,1.0,49.0,4.0,27.0,14.0,46.0,167.0,316
210400,2018,12.0,1.0,5.0,0.0,3.0,65.0,26.0,25.0,24.0,44.0,211.0,371
210400,2019,8.0,1.0,2.0,6.0,6.0,70.0,20.0,28.0,26.0,37.0,215.0,339
210405,2012,25.0,0.0,3.0,12.0,8.0,84.0,22.0,37.0,31.0,54.0,280.0,600
210405,2013,0.0,0.0,0.0,0.0,0.0,0.0,0.0,0.0,0.0,0.0,332.0,589
210405,2014,30.0,1.0,7.0,6.0,6.0,92.0,39.0,30.0,69.0,38.0,321.0,602
210405,2015,42.0,1.0,7.0,5.0,2.0,90.0,52.0,15.0,63.0,25.0,331.0,631
210405,2016,23.0,0.0,5.0,23.0,10.0,102.0,55.0,14.0,60.0,32.0,366.0,640
210405,2017,26.0,5.0,2.0,11.0,4.0,109.0,17.0,36.0,25.0,39.0,295.0,625
210405,2018,27.0,1.0,5.0,6.0,4.0,113.0,30.0,27.0,25.0,36.0,287.0,608
210405,2019,12.0,1.0,4.0,6.0,1.0,117.0,13.0,25.0,30.0,53.0,278.0,604
210407,2012,5.0,0.0,2.0,3.0,1.0,16.0,10.0,2.0,7.0,8.0,61.0,102
210407,2013,0.0,0.0,0.0,0.0,0.0,0.0,0.0,0.0,0.0,0.0,77.0,130
210407,2014,4.0,0.0,0.0,0.0,0.0,14.0,7.0,8.0,8.0,5.0,49.0,104
210407,2015,5.0,0.0,1.0,1.0,0.0,12.0,3.0,4.0,4.0,10.0,43.0,107
210407,2016,2.0,0.0,2.0,0.0,0.0,15.0,1.0,8.0,3.0,11.0,42.0,78
210407,2017,2.0,1.0,2.0,3.0,0.0,14.0,4.0,6.0,7.0,4.0,45.0,95
210407,2018,4.0,0.0,0.0,0.0,1.0,8.0,2.0,10.0,4.0,8.0,38.0,86
210407,2019,4.0,0.0,0.0,1.0,0.0,18.0,2.0,7.0,3.0,17.0,52.0,97
210408,2012,4.0,3.0,0.0,0.0,0.0,8.0,0.0,2.0,0.0,8.0,31.0,158
210408,2013,0.0,0.0,0.0,0.0,0.0,0.0,0.0,0.0,0.0,0.0,61.0,183
210408,2014,6.0,0.0,0.0,0.0,0.0,14.0,12.0,2.0,22.0,1.0,62.0,166
210408,2015,4.0,0.0,2.0,0.0,0.0,15.0,12.0,1.0,9.0,1.0,47.0,213
210408,2016,0.0,2.0,2.0,12.0,4.0,8.0,11.0,0.0,8.0,1.0,50.0,187
210408,2017,0.0,8.0,4.0,37.0,18.0,3.0,0.0,0.0,2.0,1.0,74.0,249
210408,2018,1.0,6.0,2.0,40.0,30.0,2.0,2.0,0.0,4.0,0.0,87.0,250
210408,2019,1.0,6.0,0.0,38.0,18.0,4.0,6.0,1.0,6.0,1.0,81.0,250
210409,2012,8.0,0.0,0.0,0.0,2.0,14.0,4.0,1.0,4.0,16.0,51.0,256
210409,2013,0.0,0.0,0.0,0.0,0.0,0.0,0.0,0.0,0.0,0.0,92.0,273
210409,2014,9.0,0.0,2.0,3.0,0.0,46.0,22.0,6.0,25.0,11.0,124.0,309
210409,2015,9.0,2.0,5.0,1.0,3.0,53.0,4.0,16.0,10.0,40.0,150.0,287
210409,2016,9.0,3.0,2.0,2.0,0.0,50.0,6.0,12.0,15.0,21.0,124.0,261
210409,2017,12.0,0.0,4.0,6.0,5.0,54.0,10.0,13.0,9.0,20.0,145.0,256
210409,2018,6.0,1.0,0.0,3.0,2.0,49.0,3.0,13.0,9.0,26.0,115.0,220
210409,2019,5.0,0.0,3.0,1.0,1.0,22.0,0.0,8.0,3.0,27.0,137.0,262
210410,2012,8.0,0.0,0.0,19.0,13.0,21.0,2.0,6.0,12.0,11.0,100.0,195
210410,2013,0.0,0.0,0.0,0.0,0.0,0.0,0.0,0.0,0.0,0.0,112.0,207
210410,2014,14.0,1.0,2.0,10.0,6.0,26.0,9.0,21.0,13.0,26.0,128.0,232
210410,2015,10.0,0.0,1.0,0.0,0.0,21.0,7.0,19.0,5.0,25.0,88.0,210
210410,2016,10.0,0.0,5.0,0.0,2.0,39.0,6.0,25.0,2.0,32.0,122.0,193
210410,2017,12.0,5.0,2.0,6.0,3.0,52.0,12.0,15.0,18.0,26.0,151.0,258
210410,2018,11.0,2.0,4.0,9.0,6.0,43.0,5.0,7.0,17.0,9.0,116.0,228
210410,2019,14.0,1.0,3.0,6.0,2.0,47.0,4.0,15.0,8.0,35.0,142.0,255
210420,2012,17.0,0.0,3.0,5.0,2.0,25.0,0.0,6.0,9.0,24.0,100.0,327
210420,2013,0.0,0.0,0.0,0.0,0.0,0.0,0.0,0.0,0.0,0.0,91.0,303
210420,2014,6.0,1.0,6.0,4.0,4.0,39.0,3.0,10.0,4.0,16.0,98.0,297
210420,2015,7.0,0.0,2.0,1.0,4.0,26.0,6.0,15.0,3.0,27.0,95.0,287
210420,2016,9.0,0.0,4.0,8.0,1.0,42.0,4.0,16.0,5.0,35.0,124.0,292
210420,2017,14.0,0.0,10.0,5.0,1.0,44.0,9.0,18.0,12.0,20.0,134.0,339
210420,2018,8.0,0.0,10.0,8.0,2.0,58.0,7.0,32.0,5.0,39.0,171.0,332
210420,2019,8.0,0.0,0.0,3.0,0.0,61.0,10.0,19.0,9.0,23.0,134.0,272
210430,2012,11.0,0.0,2.0,0.0,0.0,2.0,0.0,2.0,3.0,14.0,42.0,155
210430,2013,0.0,0.0,0.0,0.0,0.0,0.0,0.0,0.0,0.0,0.0,49.0,155
210430,2014,1.0,0.0,0.0,0.0,0.0,10.0,1.0,12.0,2.0,14.0,50.0,149
210430,2015,3.0,0.0,1.0,0.0,1.0,10.0,0.0,5.0,0.0,13.0,43.0,149
210430,2016,5.0,0.0,0.0,0.0,0.0,12.0,1.0,7.0,3.0,17.0,51.0,145
210430,2017,1.0,0.0,2.0,1.0,1.0,14.0,2.0,11.0,0.0,21.0,56.0,173
210430,2018,5.0,0.0,2.0,2.0,0.0,6.0,0.0,10.0,1.0,12.0,41.0,167
210430,2019,5.0,0.0,0.0,0.0,1.0,14.0,0.0,10.0,1.0,10.0,42.0,140
210440,2012,16.0,9.0,0.0,2.0,0.0,15.0,1.0,5.0,3.0,10.0,75.0,286
210440,2013,0.0,0.0,0.0,0.0,0.0,0.0,0.0,0.0,0.0,0.0,80.0,276
210440,2014,8.0,11.0,0.0,0.0,3.0,11.0,1.0,9.0,1.0,12.0,92.0,255
210440,2015,8.0,0.0,4.0,2.0,0.0,19.0,1.0,11.0,1.0,16.0,95.0,258
210440,2016,3.0,1.0,2.0,2.0,1.0,15.0,0.0,10.0,1.0,17.0,96.0,249
210440,2017,5.0,6.0,0.0,2.0,1.0,27.0,2.0,13.0,3.0,22.0,100.0,265
210440,2018,8.0,0.0,0.0,2.0,1.0,32.0,1.0,16.0,4.0,28.0,96.0,215
210440,2019,11.0,2.0,5.0,0.0,0.0,44.0,1.0,27.0,7.0,40.0,138.0,233
210450,2012,9.0,1.0,7.0,3.0,2.0,29.0,2.0,27.0,0.0,31.0,112.0,158
210450,2013,0.0,0.0,0.0,0.0,0.0,0.0,0.0,0.0,0.0,0.0,125.0,198
210450,2014,8.0,1.0,6.0,0.0,0.0,30.0,0.0,22.0,5.0,48.0,120.0,178
210450,2015,9.0,0.0,4.0,2.0,0.0,37.0,0.0,25.0,1.0,44.0,129.0,180
210450,2016,4.0,0.0,3.0,1.0,0.0,35.0,0.0,15.0,4.0,33.0,95.0,164
210450,2017,1.0,0.0,1.0,1.0,0.0,16.0,2.0,6.0,3.0,17.0,48.0,167
210450,2018,2.0,1.0,2.0,0.0,1.0,20.0,1.0,3.0,1.0,12.0,43.0,150
210450,2019,3.0,1.0,1.0,1.0,0.0,19.0,0.0,5.0,0.0,13.0,43.0,151
210455,2012,17.0,0.0,0.0,2.0,0.0,41.0,8.0,17.0,15.0,15.0,115.0,276
210455,2013,0.0,0.0,0.0,0.0,0.0,0.0,0.0,0.0,0.0,0.0,120.0,281
210455,2014,7.0,0.0,4.0,2.0,4.0,42.0,6.0,23.0,11.0,22.0,122.0,281
210455,2015,10.0,0.0,4.0,7.0,1.0,47.0,8.0,22.0,25.0,23.0,147.0,312
210455,2016,24.0,0.0,2.0,5.0,2.0,33.0,6.0,22.0,13.0,34.0,141.0,303
210455,2017,12.0,0.0,3.0,5.0,1.0,39.0,6.0,27.0,6.0,20.0,122.0,272
210455,2018,15.0,0.0,3.0,4.0,3.0,49.0,9.0,24.0,10.0,24.0,142.0,325
210455,2019,13.0,0.0,3.0,3.0,0.0,52.0,4.0,24.0,11.0,30.0,149.0,345
210460,2012,19.0,9.0,4.0,9.0,4.0,23.0,2.0,9.0,7.0,18.0,124.0,295
210460,2013,0.0,0.0,0.0,0.0,0.0,0.0,0.0,0.0,0.0,0.0,113.0,268
210460,2014,9.0,1.0,1.0,2.0,1.0,39.0,0.0,7.0,4.0,28.0,98.0,220
210460,2015,8.0,1.0,2.0,6.0,3.0,47.0,1.0,11.0,3.0,15.0,100.0,229
210460,2016,8.0,9.0,2.0,2.0,2.0,46.0,1.0,11.0,2.0,43.0,129.0,247
210460,2017,14.0,3.0,5.0,4.0,0.0,43.0,3.0,12.0,6.0,37.0,139.0,283
210460,2018,6.0,0.0,5.0,4.0,3.0,49.0,4.0,29.0,9.0,39.0,150.0,249
210460,2019,9.0,0.0,0.0,2.0,1.0,69.0,4.0,23.0,3.0,39.0,154.0,239
210462,2012,12.0,4.0,2.0,1.0,1.0,14.0,4.0,4.0,6.0,11.0,61.0,99
210462,2013,0.0,0.0,0.0,0.0,0.0,0.0,0.0,0.0,0.0,0.0,76.0,122
210462,2014,4.0,0.0,4.0,0.0,0.0,25.0,1.0,10.0,2.0,15.0,61.0,100
210462,2015,9.0,4.0,4.0,6.0,2.0,16.0,1.0,10.0,7.0,18.0,85.0,129
210462,2016,4.0,7.0,2.0,2.0,0.0,16.0,3.0,4.0,18.0,8.0,66.0,105
210462,2017,3.0,0.0,0.0,1.0,1.0,24.0,0.0,9.0,4.0,22.0,66.0,112
210462,2018,6.0,0.0,6.0,2.0,0.0,40.0,1.0,11.0,0.0,26.0,92.0,129
210462,2019,5.0,0.0,4.0,0.0,1.0,27.0,1.0,10.0,0.0,22.0,70.0,97
210465,2012,14.0,0.0,1.0,0.0,0.0,17.0,0.0,13.0,1.0,21.0,67.0,179
210465,2013,0.0,0.0,0.0,0.0,0.0,0.0,0.0,0.0,0.0,0.0,47.0,165
210465,2014,1.0,5.0,3.0,3.0,1.0,13.0,0.0,3.0,2.0,18.0,52.0,157
210465,2015,4.0,7.0,6.0,1.0,2.0,11.0,1.0,7.0,2.0,19.0,66.0,167
210465,2016,2.0,1.0,2.0,0.0,2.0,11.0,1.0,3.0,3.0,12.0,39.0,143
210465,2017,3.0,1.0,2.0,1.0,0.0,21.0,3.0,7.0,3.0,7.0,58.0,135
210465,2018,3.0,0.0,0.0,3.0,2.0,12.0,1.0,11.0,3.0,26.0,63.0,146
210465,2019,6.0,0.0,7.0,2.0,1.0,21.0,1.0,13.0,4.0,25.0,81.0,166
210467,2012,9.0,4.0,6.0,8.0,7.0,36.0,6.0,23.0,6.0,45.0,161.0,553
210467,2013,0.0,0.0,0.0,0.0,0.0,0.0,0.0,0.0,0.0,0.0,202.0,539
210467,2014,13.0,1.0,6.0,6.0,5.0,38.0,0.0,25.0,0.0,36.0,149.0,554
210467,2015,12.0,1.0,6.0,1.0,4.0,50.0,1.0,37.0,2.0,52.0,194.0,553
210467,2016,12.0,1.0,6.0,1.0,3.0,36.0,5.0,15.0,2.0,47.0,143.0,445
210467,2017,15.0,0.0,2.0,1.0,0.0,41.0,0.0,18.0,0.0,48.0,139.0,448
210467,2018,21.0,1.0,8.0,1.0,2.0,51.0,0.0,26.0,1.0,56.0,187.0,492
210467,2019,17.0,1.0,8.0,2.0,1.0,33.0,1.0,32.0,4.0,59.0,196.0,466
210470,2012,2.0,1.0,1.0,0.0,1.0,11.0,1.0,3.0,0.0,10.0,34.0,90
210470,2013,0.0,0.0,0.0,0.0,0.0,0.0,0.0,0.0,0.0,0.0,24.0,88
210470,2014,1.0,0.0,0.0,0.0,0.0,10.0,0.0,3.0,0.0,9.0,26.0,68
210470,2015,2.0,0.0,0.0,1.0,0.0,9.0,0.0,5.0,0.0,7.0,29.0,64
210470,2016,2.0,2.0,0.0,1.0,0.0,13.0,0.0,6.0,1.0,5.0,30.0,58
210470,2017,0.0,0.0,0.0,1.0,0.0,8.0,1.0,4.0,0.0,5.0,19.0,52
210470,2018,0.0,0.0,3.0,2.0,0.0,22.0,0.0,9.0,1.0,17.0,54.0,84
210470,2019,1.0,0.0,2.0,1.0,2.0,22.0,1.0,11.0,1.0,15.0,58.0,89
210480,2012,133.0,2.0,5.0,9.0,7.0,146.0,39.0,23.0,62.0,75.0,550.0,1646
210480,2013,0.0,0.0,0.0,0.0,0.0,0.0,0.0,0.0,0.0,0.0,547.0,1625
210480,2014,61.0,3.0,9.0,14.0,8.0,158.0,36.0,69.0,42.0,147.0,637.0,1715
210480,2015,36.0,1.0,16.0,16.0,8.0,162.0,24.0,90.0,43.0,196.0,708.0,1785
210480,2016,41.0,1.0,16.0,15.0,14.0,120.0,17.0,101.0,31.0,153.0,666.0,1587
210480,2017,49.0,0.0,7.0,10.0,5.0,163.0,8.0,90.0,11.0,166.0,675.0,1570
210480,2018,38.0,1.0,12.0,9.0,9.0,168.0,5.0,69.0,13.0,171.0,672.0,1577
210480,2019,41.0,1.0,14.0,17.0,7.0,199.0,7.0,84.0,11.0,148.0,652.0,1548
210490,2012,3.0,0.0,0.0,0.0,0.0,17.0,0.0,0.0,1.0,0.0,32.0,148
210490,2013,0.0,0.0,0.0,0.0,0.0,0.0,0.0,0.0,0.0,0.0,57.0,152
210490,2014,2.0,1.0,0.0,0.0,1.0,25.0,0.0,5.0,0.0,11.0,48.0,154
210490,2015,3.0,1.0,0.0,1.0,0.0,9.0,0.0,5.0,3.0,6.0,32.0,137
210490,2016,3.0,0.0,0.0,0.0,0.0,14.0,3.0,3.0,2.0,9.0,35.0,158
210490,2017,8.0,3.0,0.0,13.0,9.0,18.0,4.0,12.0,7.0,14.0,88.0,176
210490,2018,5.0,2.0,0.0,1.0,1.0,19.0,21.0,7.0,11.0,11.0,78.0,177
210490,2019,3.0,2.0,2.0,2.0,3.0,13.0,7.0,15.0,11.0,19.0,82.0,145
210500,2012,24.0,4.0,0.0,9.0,7.0,21.0,3.0,7.0,8.0,12.0,103.0,557
210500,2013,0.0,0.0,0.0,0.0,0.0,0.0,0.0,0.0,0.0,0.0,97.0,487
210500,2014,4.0,8.0,2.0,2.0,3.0,23.0,2.0,22.0,1.0,14.0,95.0,509
210500,2015,8.0,4.0,6.0,4.0,3.0,19.0,5.0,28.0,4.0,19.0,113.0,543
210500,2016,5.0,1.0,6.0,17.0,14.0,18.0,7.0,13.0,2.0,13.0,103.0,510
210500,2017,4.0,0.0,3.0,6.0,4.0,29.0,3.0,23.0,4.0,36.0,138.0,510
210500,2018,7.0,1.0,5.0,7.0,2.0,33.0,5.0,35.0,5.0,62.0,170.0,577
210500,2019,13.0,12.0,2.0,2.0,4.0,42.0,3.0,29.0,4.0,40.0,152.0,483
210510,2012,10.0,0.0,2.0,3.0,2.0,34.0,2.0,6.0,3.0,3.0,78.0,430
210510,2013,0.0,0.0,0.0,0.0,0.0,0.0,0.0,0.0,0.0,0.0,74.0,398
210510,2014,6.0,1.0,0.0,1.0,5.0,20.0,8.0,3.0,12.0,15.0,78.0,395
210510,2015,11.0,1.0,1.0,1.0,1.0,25.0,1.0,8.0,5.0,23.0,86.0,393
210510,2016,8.0,0.0,0.0,2.0,2.0,35.0,5.0,24.0,5.0,33.0,114.0,396
210510,2017,6.0,1.0,1.0,3.0,5.0,28.0,4.0,16.0,8.0,30.0,106.0,394
210510,2018,8.0,0.0,0.0,5.0,2.0,36.0,3.0,27.0,2.0,32.0,117.0,371
210510,2019,4.0,0.0,1.0,1.0,3.0,28.0,5.0,24.0,0.0,32.0,99.0,363
210515,2012,6.0,0.0,2.0,0.0,3.0,29.0,3.0,4.0,3.0,18.0,69.0,301
210515,2013,0.0,0.0,0.0,0.0,0.0,0.0,0.0,0.0,0.0,0.0,61.0,255
210515,2014,6.0,0.0,1.0,3.0,0.0,20.0,4.0,11.0,5.0,19.0,71.0,216
210515,2015,5.0,0.0,3.0,1.0,2.0,22.0,3.0,10.0,5.0,24.0,84.0,229
210515,2016,5.0,1.0,2.0,2.0,2.0,29.0,1.0,14.0,0.0,34.0,92.0,245
210515,2017,6.0,1.0,0.0,5.0,3.0,19.0,2.0,19.0,8.0,25.0,91.0,242
210515,2018,3.0,2.0,4.0,6.0,5.0,29.0,2.0,14.0,2.0,26.0,99.0,258
210515,2019,7.0,3.0,5.0,3.0,1.0,34.0,2.0,21.0,2.0,28.0,112.0,244
210520,2012,6.0,1.0,8.0,0.0,0.0,18.0,1.0,4.0,6.0,16.0,63.0,179
210520,2013,0.0,0.0,0.0,0.0,0.0,0.0,0.0,0.0,0.0,0.0,64.0,140
210520,2014,8.0,0.0,2.0,2.0,1.0,26.0,3.0,19.0,4.0,19.0,88.0,157
210520,2015,10.0,1.0,0.0,1.0,0.0,29.0,6.0,8.0,9.0,22.0,89.0,166
210520,2016,13.0,0.0,2.0,0.0,0.0,24.0,8.0,13.0,5.0,15.0,80.0,144
210520,2017,7.0,0.0,0.0,0.0,0.0,33.0,6.0,7.0,6.0,19.0,80.0,131
210520,2018,8.0,0.0,2.0,3.0,2.0,37.0,7.0,9.0,9.0,29.0,107.0,149
210520,2019,17.0,1.0,0.0,5.0,2.0,44.0,7.0,18.0,12.0,48.0,160.0,189
210530,2012,271.0,2.0,76.0,48.0,48.0,792.0,104.0,299.0,334.0,620.0,2611.0,4774
210530,2013,0.0,0.0,0.0,0.0,0.0,0.0,0.0,0.0,0.0,0.0,2952.0,4986
210530,2014,252.0,3.0,62.0,60.0,45.0,958.0,164.0,428.0,346.0,659.0,3026.0,5198
210530,2015,296.0,7.0,62.0,63.0,42.0,1020.0,171.0,363.0,418.0,574.0,3055.0,5248
210530,2016,328.0,1.0,85.0,70.0,56.0,965.0,129.0,344.0,328.0,654.0,2977.0,4894
210530,2017,296.0,8.0,104.0,63.0,39.0,1051.0,140.0,332.0,315.0,556.0,2936.0,5051
210530,2018,329.0,2.0,79.0,69.0,26.0,1107.0,135.0,310.0,277.0,566.0,2986.0,5274
210530,2019,294.0,7.0,79.0,47.0,25.0,1101.0,99.0,322.0,183.0,543.0,2833.0,5192
210535,2012,12.0,1.0,0.0,4.0,3.0,18.0,3.0,2.0,6.0,11.0,61.0,223
210535,2013,0.0,0.0,0.0,0.0,0.0,0.0,0.0,0.0,0.0,0.0,88.0,266
210535,2014,5.0,0.0,2.0,5.0,6.0,13.0,7.0,6.0,2.0,17.0,65.0,244
210535,2015,5.0,0.0,0.0,4.0,3.0,19.0,3.0,13.0,6.0,23.0,82.0,266
210535,2016,3.0,0.0,4.0,3.0,2.0,26.0,4.0,13.0,10.0,29.0,103.0,250
210535,2017,8.0,1.0,1.0,5.0,2.0,32.0,5.0,10.0,4.0,17.0,98.0,303
210535,2018,5.0,1.0,4.0,2.0,5.0,30.0,6.0,9.0,8.0,17.0,103.0,310
210535,2019,5.0,2.0,5.0,4.0,1.0,38.0,7.0,14.0,5.0,29.0,119.0,287
210540,2012,43.0,10.0,7.0,4.0,6.0,59.0,1.0,7.0,6.0,68.0,445.0,1273
210540,2013,0.0,0.0,0.0,0.0,0.0,0.0,0.0,0.0,0.0,0.0,527.0,1277
210540,2014,45.0,1.0,12.0,5.0,4.0,128.0,12.0,86.0,12.0,165.0,605.0,1306
210540,2015,35.0,0.0,15.0,14.0,6.0,137.0,7.0,76.0,12.0,145.0,530.0,1262
210540,2016,60.0,1.0,11.0,3.0,4.0,143.0,3.0,82.0,17.0,177.0,502.0,1140
210540,2017,65.0,0.0,20.0,10.0,8.0,187.0,48.0,63.0,80.0,114.0,625.0,1258
210540,2018,55.0,0.0,18.0,3.0,1.0,232.0,100.0,37.0,139.0,56.0,651.0,1306
210540,2019,72.0,0.0,7.0,4.0,0.0,207.0,123.0,7.0,201.0,17.0,651.0,1243
210542,2012,12.0,2.0,5.0,2.0,3.0,50.0,6.0,12.0,16.0,24.0,134.0,378
210542,2013,0.0,0.0,0.0,0.0,0.0,0.0,0.0,0.0,0.0,0.0,120.0,317
210542,2014,7.0,2.0,6.0,1.0,1.0,38.0,13.0,13.0,11.0,25.0,117.0,320
210542,2015,10.0,0.0,5.0,5.0,2.0,43.0,2.0,25.0,12.0,41.0,147.0,363
210542,2016,17.0,2.0,7.0,0.0,2.0,37.0,8.0,21.0,9.0,38.0,142.0,346
210542,2017,12.0,1.0,0.0,7.0,5.0,30.0,8.0,22.0,9.0,30.0,126.0,302
210542,2018,11.0,8.0,7.0,14.0,8.0,51.0,7.0,28.0,16.0,26.0,178.0,378
210542,2019,14.0,3.0,5.0,1.0,1.0,58.0,8.0,17.0,16.0,38.0,166.0,353
210545,2012,4.0,0.0,3.0,3.0,1.0,13.0,2.0,4.0,2.0,13.0,55.0,123
210545,2013,0.0,0.0,0.0,0.0,0.0,0.0,0.0,0.0,0.0,0.0,75.0,112
210545,2014,8.0,0.0,1.0,1.0,0.0,26.0,1.0,15.0,1.0,38.0,91.0,145
210545,2015,4.0,1.0,2.0,1.0,0.0,38.0,1.0,10.0,4.0,40.0,101.0,152
210545,2016,10.0,0.0,0.0,0.0,2.0,27.0,0.0,8.0,0.0,37.0,84.0,134
210545,2017,4.0,0.0,0.0,1.0,1.0,31.0,1.0,8.0,6.0,31.0,83.0,131
210545,2018,4.0,1.0,0.0,1.0,0.0,36.0,0.0,14.0,0.0,28.0,86.0,133
210545,2019,6.0,1.0,1.0,2.0,1.0,43.0,2.0,13.0,0.0,23.0,92.0,144
210547,2012,9.0,6.0,2.0,0.0,2.0,22.0,0.0,1.0,2.0,21.0,87.0,297
210547,2013,0.0,0.0,0.0,0.0,0.0,0.0,0.0,0.0,0.0,0.0,91.0,280
210547,2014,15.0,0.0,0.0,1.0,0.0,24.0,15.0,2.0,15.0,1.0,93.0,284
210547,2015,6.0,0.0,0.0,0.0,0.0,35.0,19.0,4.0,19.0,1.0,107.0,374
210547,2016,2.0,2.0,2.0,19.0,8.0,17.0,20.0,0.0,12.0,0.0,86.0,338
210547,2017,1.0,13.0,0.0,33.0,28.0,7.0,2.0,1.0,8.0,0.0,100.0,361
210547,2018,4.0,15.0,4.0,62.0,32.0,13.0,7.0,2.0,7.0,2.0,149.0,403
210547,2019,6.0,6.0,2.0,56.0,21.0,11.0,9.0,1.0,13.0,2.0,129.0,342
210550,2012,25.0,2.0,2.0,4.0,2.0,60.0,10.0,28.0,19.0,32.0,186.0,412
210550,2013,0.0,0.0,0.0,0.0,0.0,0.0,0.0,0.0,0.0,0.0,211.0,415
210550,2014,25.0,0.0,7.0,5.0,7.0,74.0,18.0,31.0,19.0,46.0,242.0,460
210550,2015,24.0,0.0,2.0,6.0,3.0,68.0,17.0,28.0,32.0,41.0,230.0,531
210550,2016,23.0,0.0,10.0,3.0,3.0,67.0,7.0,32.0,22.0,51.0,223.0,448
210550,2017,19.0,0.0,13.0,4.0,9.0,76.0,12.0,26.0,18.0,43.0,223.0,476
210550,2018,19.0,0.0,7.0,7.0,2.0,86.0,7.0,29.0,24.0,40.0,228.0,478
210550,2019,20.0,0.0,3.0,3.0,3.0,88.0,8.0,26.0,22.0,53.0,235.0,493
210560,2012,8.0,4.0,1.0,1.0,1.0,44.0,0.0,4.0,2.0,14.0,85.0,240
210560,2013,0.0,0.0,0.0,0.0,0.0,0.0,0.0,0.0,0.0,0.0,111.0,228
210560,2014,8.0,0.0,6.0,1.0,2.0,30.0,3.0,18.0,6.0,41.0,117.0,254
210560,2015,11.0,3.0,4.0,1.0,1.0,31.0,1.0,25.0,8.0,33.0,122.0,270
210560,2016,4.0,13.0,3.0,2.0,4.0,23.0,2.0,11.0,4.0,43.0,110.0,233
210560,2017,10.0,1.0,1.0,10.0,4.0,36.0,7.0,10.0,11.0,18.0,117.0,235
210560,2018,4.0,0.0,2.0,5.0,3.0,45.0,3.0,26.0,11.0,38.0,138.0,271
210560,2019,6.0,0.0,2.0,5.0,0.0,28.0,10.0,20.0,9.0,27.0,107.0,219
210565,2012,4.0,0.0,0.0,0.0,1.0,10.0,2.0,4.0,2.0,11.0,35.0,113
210565,2013,0.0,0.0,0.0,0.0,0.0,0.0,0.0,0.0,0.0,0.0,39.0,115
210565,2014,0.0,0.0,1.0,3.0,0.0,14.0,0.0,3.0,0.0,7.0,31.0,126
210565,2015,6.0,0.0,2.0,3.0,1.0,11.0,0.0,2.0,2.0,13.0,41.0,138
210565,2016,2.0,0.0,0.0,1.0,2.0,10.0,1.0,5.0,0.0,15.0,43.0,119
210565,2017,3.0,1.0,2.0,0.0,0.0,11.0,0.0,11.0,2.0,11.0,47.0,135
210565,2018,2.0,1.0,0.0,0.0,0.0,11.0,1.0,12.0,1.0,12.0,43.0,135
210565,2019,3.0,0.0,0.0,1.0,0.0,11.0,1.0,8.0,0.0,10.0,41.0,111
210570,2012,41.0,9.0,20.0,25.0,34.0,50.0,4.0,33.0,7.0,93.0,321.0,831
210570,2013,0.0,0.0,0.0,0.0,0.0,0.0,0.0,0.0,0.0,0.0,345.0,924
210570,2014,25.0,0.0,7.0,5.0,4.0,97.0,8.0,53.0,11.0,110.0,364.0,898
210570,2015,30.0,1.0,16.0,5.0,4.0,79.0,3.0,81.0,7.0,139.0,374.0,818
210570,2016,18.0,0.0,8.0,9.0,2.0,103.0,16.0,86.0,28.0,140.0,411.0,883
210570,2017,26.0,0.0,0.0,4.0,2.0,95.0,11.0,91.0,20.0,148.0,401.0,846
210570,2018,30.0,1.0,13.0,2.0,1.0,120.0,14.0,79.0,20.0,142.0,423.0,868
210570,2019,26.0,0.0,10.0,5.0,2.0,109.0,8.0,119.0,10.0,113.0,403.0,764
210580,2012,9.0,1.0,0.0,2.0,4.0,6.0,0.0,2.0,2.0,14.0,40.0,135
210580,2013,0.0,0.0,0.0,0.0,0.0,0.0,0.0,0.0,0.0,0.0,53.0,141
210580,2014,8.0,4.0,0.0,7.0,4.0,12.0,9.0,15.0,6.0,23.0,98.0,172
210580,2015,9.0,1.0,2.0,4.0,2.0,15.0,9.0,22.0,8.0,21.0,96.0,190
210580,2016,9.0,0.0,0.0,3.0,0.0,24.0,6.0,5.0,15.0,20.0,85.0,160
210580,2017,8.0,0.0,2.0,1.0,1.0,29.0,31.0,4.0,28.0,18.0,122.0,198
210580,2018,8.0,0.0,2.0,0.0,0.0,42.0,15.0,5.0,30.0,19.0,121.0,185
210580,2019,8.0,0.0,0.0,1.0,0.0,30.0,16.0,7.0,24.0,7.0,93.0,177
210590,2012,30.0,2.0,2.0,2.0,1.0,16.0,5.0,12.0,11.0,20.0,103.0,316
210590,2013,0.0,0.0,0.0,0.0,0.0,0.0,0.0,0.0,0.0,0.0,92.0,298
210590,2014,7.0,0.0,2.0,3.0,1.0,27.0,4.0,21.0,4.0,33.0,104.0,295
210590,2015,6.0,0.0,0.0,0.0,1.0,28.0,5.0,25.0,5.0,27.0,98.0,240
210590,2016,12.0,1.0,2.0,1.0,2.0,24.0,2.0,20.0,4.0,29.0,98.0,263
210590,2017,11.0,0.0,6.0,2.0,0.0,31.0,10.0,18.0,9.0,41.0,131.0,273
210590,2018,12.0,0.0,2.0,3.0,0.0,38.0,12.0,30.0,24.0,32.0,154.0,284
210590,2019,6.0,3.0,3.0,0.0,1.0,47.0,17.0,26.0,23.0,44.0,171.0,273
210592,2012,1.0,0.0,0.0,1.0,1.0,7.0,0.0,6.0,2.0,7.0,30.0,133
210592,2013,0.0,0.0,0.0,0.0,0.0,0.0,0.0,0.0,0.0,0.0,31.0,127
210592,2014,0.0,1.0,0.0,0.0,1.0,7.0,0.0,7.0,4.0,11.0,32.0,136
210592,2015,1.0,0.0,2.0,0.0,1.0,5.0,1.0,2.0,0.0,13.0,26.0,154
210592,2016,4.0,1.0,0.0,0.0,0.0,4.0,1.0,1.0,1.0,5.0,19.0,126
210592,2017,5.0,0.0,3.0,1.0,0.0,8.0,1.0,4.0,0.0,15.0,38.0,147
210592,2018,4.0,0.0,1.0,1.0,1.0,11.0,1.0,2.0,0.0,9.0,31.0,124
210592,2019,3.0,0.0,2.0,4.0,1.0,15.0,0.0,8.0,3.0,11.0,47.0,123
210594,2012,8.0,2.0,0.0,0.0,1.0,23.0,2.0,6.0,7.0,14.0,66.0,148
210594,2013,0.0,0.0,0.0,0.0,0.0,0.0,0.0,0.0,0.0,0.0,79.0,155
210594,2014,5.0,2.0,0.0,2.0,1.0,14.0,0.0,6.0,1.0,12.0,65.0,131
210594,2015,5.0,2.0,2.0,1.0,0.0,16.0,0.0,10.0,2.0,19.0,58.0,133
210594,2016,4.0,0.0,0.0,0.0,0.0,12.0,3.0,12.0,4.0,20.0,56.0,130
210594,2017,3.0,1.0,3.0,3.0,4.0,21.0,1.0,9.0,2.0,15.0,63.0,125
210594,2018,8.0,1.0,2.0,2.0,1.0,27.0,1.0,17.0,5.0,19.0,83.0,147
210594,2019,5.0,0.0,5.0,0.0,0.0,22.0,0.0,12.0,0.0,27.0,73.0,106
210596,2012,3.0,1.0,4.0,4.0,3.0,9.0,0.0,5.0,1.0,17.0,47.0,187
210596,2013,0.0,0.0,0.0,0.0,0.0,0.0,0.0,0.0,0.0,0.0,55.0,221
210596,2014,0.0,0.0,1.0,0.0,0.0,14.0,0.0,10.0,0.0,22.0,49.0,182
210596,2015,4.0,1.0,3.0,0.0,0.0,9.0,2.0,20.0,0.0,28.0,71.0,201
210596,2016,8.0,6.0,0.0,2.0,2.0,7.0,1.0,8.0,2.0,8.0,68.0,201
210596,2017,2.0,2.0,2.0,0.0,2.0,8.0,1.0,11.0,0.0,13.0,51.0,192
210596,2018,5.0,0.0,3.0,2.0,3.0,25.0,2.0,14.0,5.0,20.0,81.0,236
210596,2019,11.0,1.0,4.0,6.0,0.0,27.0,2.0,16.0,1.0,46.0,119.0,220
210598,2012,9.0,0.0,2.0,1.0,0.0,22.0,0.0,12.0,1.0,20.0,67.0,116
210598,2013,0.0,0.0,0.0,0.0,0.0,0.0,0.0,0.0,0.0,0.0,56.0,113
210598,2014,2.0,1.0,0.0,0.0,1.0,13.0,4.0,7.0,14.0,0.0,45.0,105
210598,2015,6.0,1.0,0.0,1.0,1.0,11.0,2.0,6.0,9.0,10.0,47.0,94
210598,2016,5.0,0.0,2.0,3.0,1.0,19.0,3.0,4.0,4.0,10.0,51.0,99
210598,2017,6.0,0.0,2.0,1.0,2.0,17.0,1.0,1.0,3.0,12.0,48.0,88
210598,2018,3.0,0.0,0.0,1.0,0.0,21.0,0.0,9.0,1.0,11.0,48.0,94
210598,2019,3.0,0.0,0.0,2.0,0.0,24.0,1.0,12.0,0.0,17.0,62.0,102
210600,2012,9.0,0.0,0.0,6.0,3.0,33.0,3.0,17.0,11.0,20.0,107.0,213
210600,2013,0.0,0.0,0.0,0.0,0.0,0.0,0.0,0.0,0.0,0.0,117.0,213
210600,2014,6.0,3.0,5.0,0.0,0.0,38.0,10.0,8.0,22.0,26.0,121.0,204
210600,2015,4.0,1.0,4.0,3.0,3.0,32.0,13.0,5.0,26.0,16.0,108.0,191
210600,2016,9.0,0.0,0.0,9.0,5.0,46.0,13.0,10.0,22.0,24.0,142.0,226
210600,2017,5.0,1.0,2.0,11.0,9.0,32.0,11.0,5.0,13.0,31.0,122.0,185
210600,2018,13.0,0.0,2.0,8.0,2.0,42.0,17.0,5.0,27.0,20.0,139.0,201
210600,2019,8.0,0.0,6.0,10.0,5.0,48.0,10.0,7.0,10.0,18.0,122.0,191
210610,2012,15.0,0.0,4.0,4.0,1.0,17.0,1.0,10.0,1.0,23.0,85.0,189
210610,2013,0.0,0.0,0.0,0.0,0.0,0.0,0.0,0.0,0.0,0.0,78.0,185
210610,2014,9.0,1.0,0.0,1.0,1.0,15.0,0.0,10.0,4.0,32.0,75.0,160
210610,2015,6.0,0.0,0.0,0.0,1.0,4.0,1.0,5.0,3.0,54.0,77.0,179
210610,2016,6.0,1.0,1.0,3.0,2.0,17.0,3.0,19.0,2.0,18.0,75.0,165
210610,2017,4.0,2.0,5.0,1.0,1.0,24.0,7.0,10.0,6.0,11.0,75.0,165
210610,2018,3.0,0.0,2.0,2.0,0.0,28.0,2.0,6.0,4.0,12.0,60.0,165
210610,2019,9.0,1.0,0.0,2.0,2.0,19.0,2.0,15.0,1.0,18.0,69.0,147
210620,2012,8.0,0.0,0.0,0.0,1.0,6.0,0.0,0.0,0.0,13.0,34.0,109
210620,2013,0.0,0.0,0.0,0.0,0.0,0.0,0.0,0.0,0.0,0.0,47.0,116
210620,2014,3.0,0.0,0.0,0.0,0.0,6.0,0.0,2.0,0.0,14.0,37.0,115
210620,2015,0.0,0.0,0.0,0.0,0.0,8.0,0.0,3.0,0.0,14.0,34.0,121
210620,2016,2.0,0.0,0.0,0.0,0.0,9.0,0.0,7.0,0.0,3.0,28.0,101
210620,2017,3.0,0.0,0.0,2.0,1.0,7.0,0.0,9.0,1.0,11.0,35.0,130
210620,2018,3.0,0.0,0.0,0.0,2.0,12.0,0.0,11.0,0.0,17.0,51.0,146
210620,2019,1.0,0.0,0.0,0.0,2.0,12.0,0.0,1.0,0.0,8.0,28.0,120
210630,2012,10.0,0.0,2.0,1.0,0.0,16.0,0.0,24.0,4.0,19.0,117.0,234
210630,2013,0.0,0.0,0.0,0.0,0.0,0.0,0.0,0.0,0.0,0.0,109.0,231
210630,2014,7.0,1.0,0.0,3.0,4.0,25.0,9.0,17.0,7.0,28.0,102.0,228
210630,2015,4.0,0.0,0.0,4.0,3.0,32.0,6.0,21.0,6.0,28.0,106.0,242
210630,2016,4.0,0.0,0.0,3.0,1.0,27.0,1.0,15.0,4.0,19.0,76.0,199
210630,2017,5.0,2.0,6.0,3.0,3.0,28.0,4.0,16.0,9.0,18.0,94.0,211
210630,2018,6.0,1.0,0.0,4.0,1.0,33.0,2.0,12.0,7.0,24.0,91.0,202
210630,2019,6.0,0.0,2.0,4.0,2.0,24.0,3.0,11.0,2.0,18.0,74.0,205
210632,2012,9.0,0.0,9.0,2.0,1.0,23.0,0.0,10.0,7.0,26.0,94.0,371
210632,2013,0.0,0.0,0.0,0.0,0.0,0.0,0.0,0.0,0.0,0.0,119.0,363
210632,2014,4.0,0.0,4.0,5.0,3.0,25.0,0.0,15.0,0.0,26.0,92.0,369
210632,2015,9.0,0.0,2.0,6.0,3.0,26.0,2.0,13.0,1.0,21.0,99.0,391
210632,2016,10.0,0.0,2.0,4.0,1.0,24.0,1.0,17.0,2.0,20.0,93.0,336
210632,2017,6.0,1.0,4.0,5.0,0.0,29.0,5.0,24.0,6.0,27.0,112.0,373
210632,2018,15.0,1.0,2.0,3.0,1.0,29.0,4.0,15.0,1.0,36.0,119.0,362
210632,2019,15.0,1.0,8.0,2.0,0.0,34.0,2.0,17.0,3.0,38.0,152.0,379
210635,2012,5.0,1.0,0.0,2.0,1.0,3.0,0.0,5.0,2.0,5.0,25.0,110
210635,2013,0.0,0.0,0.0,0.0,0.0,0.0,0.0,0.0,0.0,0.0,31.0,137
210635,2014,1.0,0.0,4.0,0.0,1.0,4.0,0.0,2.0,0.0,4.0,17.0,113
210635,2015,1.0,1.0,0.0,0.0,0.0,3.0,0.0,6.0,0.0,16.0,27.0,120
210635,2016,2.0,0.0,0.0,1.0,0.0,9.0,0.0,4.0,2.0,8.0,26.0,101
210635,2017,2.0,0.0,0.0,0.0,0.0,9.0,1.0,6.0,1.0,12.0,31.0,88
210635,2018,3.0,0.0,0.0,0.0,1.0,6.0,0.0,5.0,0.0,11.0,26.0,89
210635,2019,0.0,0.0,2.0,0.0,0.0,12.0,3.0,4.0,1.0,10.0,32.0,93
210637,2012,7.0,0.0,4.0,0.0,2.0,16.0,3.0,7.0,6.0,14.0,60.0,198
210637,2013,0.0,0.0,0.0,0.0,0.0,0.0,0.0,0.0,0.0,0.0,54.0,184
210637,2014,6.0,1.0,3.0,6.0,2.0,12.0,0.0,8.0,1.0,15.0,59.0,203
210637,2015,7.0,2.0,0.0,8.0,2.0,26.0,0.0,8.0,1.0,9.0,68.0,203
210637,2016,5.0,2.0,2.0,1.0,2.0,21.0,0.0,10.0,3.0,21.0,72.0,183
210637,2017,8.0,1.0,2.0,3.0,2.0,22.0,4.0,6.0,2.0,15.0,73.0,210
210637,2018,2.0,5.0,4.0,5.0,2.0,22.0,6.0,10.0,5.0,12.0,79.0,193
210637,2019,4.0,1.0,2.0,2.0,1.0,17.0,1.0,5.0,5.0,17.0,65.0,192
210640,2012,13.0,0.0,5.0,3.0,0.0,25.0,1.0,2.0,9.0,23.0,109.0,329
210640,2013,0.0,0.0,0.0,0.0,0.0,0.0,0.0,0.0,0.0,0.0,88.0,312
210640,2014,10.0,0.0,1.0,6.0,5.0,28.0,7.0,10.0,7.0,25.0,105.0,307
210640,2015,9.0,2.0,5.0,6.0,1.0,33.0,2.0,20.0,4.0,39.0,132.0,335
210640,2016,19.0,0.0,4.0,6.0,1.0,38.0,1.0,30.0,5.0,39.0,145.0,328
210640,2017,11.0,1.0,7.0,6.0,1.0,36.0,0.0,25.0,4.0,29.0,137.0,321
210640,2018,11.0,3.0,1.0,2.0,2.0,39.0,3.0,38.0,3.0,39.0,147.0,343
210640,2019,9.0,1.0,3.0,3.0,1.0,33.0,3.0,37.0,6.0,29.0,129.0,269
210650,2012,14.0,0.0,3.0,1.0,1.0,27.0,4.0,3.0,5.0,17.0,99.0,400
210650,2013,0.0,0.0,0.0,0.0,0.0,0.0,0.0,0.0,0.0,0.0,86.0,402
210650,2014,5.0,4.0,3.0,3.0,1.0,26.0,0.0,28.0,4.0,39.0,115.0,401
210650,2015,8.0,0.0,2.0,2.0,1.0,24.0,4.0,34.0,1.0,53.0,130.0,398
210650,2016,15.0,0.0,0.0,2.0,4.0,38.0,5.0,33.0,2.0,54.0,154.0,382
210650,2017,9.0,1.0,3.0,3.0,3.0,37.0,2.0,28.0,5.0,44.0,146.0,377
210650,2018,12.0,0.0,2.0,2.0,4.0,59.0,2.0,33.0,4.0,45.0,173.0,443
210650,2019,7.0,0.0,1.0,3.0,1.0,32.0,2.0,24.0,2.0,42.0,121.0,341
210660,2012,44.0,3.0,7.0,6.0,6.0,34.0,1.0,12.0,7.0,22.0,164.0,534
210660,2013,0.0,0.0,0.0,0.0,0.0,0.0,0.0,0.0,0.0,0.0,163.0,504
210660,2014,10.0,0.0,5.0,5.0,3.0,47.0,6.0,28.0,5.0,39.0,158.0,470
210660,2015,19.0,0.0,10.0,6.0,5.0,55.0,10.0,16.0,7.0,48.0,186.0,540
210660,2016,21.0,6.0,2.0,6.0,5.0,49.0,4.0,17.0,4.0,35.0,159.0,449
210660,2017,20.0,0.0,11.0,6.0,0.0,57.0,2.0,28.0,4.0,46.0,178.0,502
210660,2018,8.0,3.0,9.0,9.0,4.0,69.0,5.0,26.0,8.0,36.0,178.0,544
210660,2019,20.0,2.0,12.0,8.0,0.0,50.0,11.0,29.0,12.0,34.0,179.0,492
210663,2012,6.0,1.0,0.0,1.0,1.0,9.0,1.0,3.0,0.0,10.0,40.0,120
210663,2013,0.0,0.0,0.0,0.0,0.0,0.0,0.0,0.0,0.0,0.0,39.0,106
210663,2014,2.0,0.0,2.0,1.0,0.0,13.0,1.0,3.0,1.0,14.0,57.0,127
210663,2015,5.0,0.0,2.0,0.0,0.0,7.0,2.0,6.0,0.0,7.0,42.0,114
210663,2016,7.0,0.0,0.0,0.0,0.0,20.0,1.0,9.0,4.0,9.0,52.0,116
210663,2017,8.0,0.0,2.0,0.0,0.0,19.0,3.0,7.0,10.0,7.0,56.0,112
210663,2018,6.0,0.0,2.0,0.0,0.0,15.0,4.0,6.0,14.0,13.0,61.0,121
210663,2019,4.0,0.0,0.0,0.0,0.0,21.0,6.0,5.0,7.0,11.0,55.0,120
210667,2012,2.0,1.0,0.0,3.0,0.0,7.0,2.0,6.0,4.0,6.0,33.0,101
210667,2013,0.0,0.0,0.0,0.0,0.0,0.0,0.0,0.0,0.0,0.0,47.0,97
210667,2014,1.0,0.0,0.0,8.0,0.0,4.0,6.0,9.0,1.0,13.0,44.0,94
210667,2015,1.0,1.0,0.0,4.0,1.0,5.0,1.0,7.0,4.0,14.0,39.0,93
210667,2016,2.0,0.0,0.0,4.0,3.0,11.0,0.0,9.0,4.0,16.0,51.0,102
210667,2017,0.0,1.0,0.0,0.0,1.0,7.0,1.0,3.0,1.0,10.0,26.0,66
210667,2018,2.0,0.0,0.0,0.0,0.0,9.0,0.0,2.0,1.0,12.0,30.0,71
210667,2019,1.0,2.0,0.0,0.0,0.0,14.0,2.0,5.0,1.0,8.0,35.0,96
210670,2012,25.0,0.0,0.0,1.0,3.0,49.0,2.0,8.0,4.0,20.0,190.0,364
210670,2013,0.0,0.0,0.0,0.0,0.0,0.0,0.0,0.0,0.0,0.0,155.0,314
210670,2014,16.0,1.0,4.0,2.0,0.0,59.0,3.0,36.0,4.0,75.0,204.0,366
210670,2015,8.0,1.0,3.0,3.0,2.0,65.0,3.0,28.0,5.0,62.0,182.0,329
210670,2016,15.0,0.0,2.0,1.0,1.0,75.0,2.0,22.0,3.0,64.0,185.0,316
210670,2017,11.0,0.0,4.0,5.0,0.0,44.0,4.0,36.0,2.0,83.0,204.0,327
210670,2018,25.0,0.0,9.0,9.0,2.0,88.0,1.0,29.0,11.0,62.0,240.0,389
210670,2019,11.0,0.0,9.0,7.0,7.0,73.0,10.0,18.0,8.0,40.0,187.0,360
210675,2012,12.0,2.0,7.0,6.0,4.0,43.0,3.0,19.0,15.0,49.0,182.0,313
210675,2013,0.0,0.0,0.0,0.0,0.0,0.0,0.0,0.0,0.0,0.0,204.0,310
210675,2014,9.0,0.0,2.0,2.0,2.0,16.0,0.0,11.0,5.0,20.0,194.0,327
210675,2015,6.0,0.0,4.0,1.0,1.0,19.0,1.0,6.0,3.0,14.0,213.0,341
210675,2016,13.0,0.0,2.0,4.0,1.0,59.0,1.0,28.0,9.0,73.0,206.0,302
210675,2017,20.0,0.0,4.0,1.0,4.0,81.0,5.0,41.0,12.0,56.0,232.0,357
210675,2018,17.0,0.0,4.0,2.0,2.0,80.0,5.0,36.0,19.0,56.0,225.0,338
210675,2019,19.0,0.0,0.0,3.0,1.0,80.0,5.0,26.0,26.0,47.0,208.0,340
210680,2012,7.0,0.0,0.0,0.0,0.0,3.0,0.0,1.0,0.0,0.0,38.0,206
210680,2013,0.0,0.0,0.0,0.0,0.0,0.0,0.0,0.0,0.0,0.0,35.0,201
210680,2014,1.0,0.0,0.0,0.0,1.0,8.0,0.0,4.0,1.0,4.0,33.0,197
210680,2015,1.0,0.0,3.0,0.0,0.0,7.0,1.0,2.0,0.0,2.0,44.0,235
210680,2016,0.0,0.0,2.0,0.0,2.0,5.0,1.0,1.0,2.0,8.0,54.0,230
210680,2017,5.0,0.0,0.0,3.0,1.0,14.0,1.0,7.0,0.0,10.0,53.0,231
210680,2018,5.0,0.0,4.0,3.0,3.0,15.0,3.0,15.0,4.0,11.0,97.0,277
210680,2019,9.0,0.0,6.0,0.0,1.0,27.0,1.0,14.0,2.0,23.0,114.0,262
210690,2012,15.0,4.0,4.0,7.0,9.0,39.0,6.0,10.0,5.0,29.0,133.0,525
210690,2013,0.0,0.0,0.0,0.0,0.0,0.0,0.0,0.0,0.0,0.0,168.0,624
210690,2014,25.0,2.0,6.0,5.0,1.0,49.0,1.0,21.0,2.0,39.0,178.0,635
210690,2015,21.0,1.0,2.0,0.0,4.0,54.0,4.0,25.0,4.0,45.0,187.0,678
210690,2016,26.0,1.0,5.0,9.0,6.0,52.0,0.0,16.0,3.0,60.0,203.0,624
210690,2017,11.0,1.0,10.0,11.0,0.0,47.0,2.0,31.0,10.0,49.0,207.0,609
210690,2018,24.0,13.0,4.0,28.0,21.0,42.0,1.0,36.0,5.0,55.0,257.0,611
210690,2019,24.0,30.0,8.0,14.0,9.0,48.0,3.0,37.0,1.0,74.0,267.0,580
210700,2012,9.0,0.0,1.0,0.0,0.0,11.0,6.0,4.0,8.0,9.0,49.0,132
210700,2013,0.0,0.0,0.0,0.0,0.0,0.0,0.0,0.0,0.0,0.0,63.0,160
210700,2014,4.0,1.0,3.0,3.0,2.0,29.0,4.0,8.0,5.0,7.0,66.0,153
210700,2015,8.0,0.0,2.0,2.0,2.0,19.0,6.0,14.0,10.0,13.0,78.0,180
210700,2016,5.0,0.0,3.0,3.0,0.0,18.0,3.0,11.0,3.0,11.0,59.0,150
210700,2017,14.0,0.0,4.0,2.0,1.0,23.0,4.0,9.0,7.0,11.0,75.0,177
210700,2018,7.0,0.0,2.0,2.0,0.0,23.0,6.0,9.0,3.0,10.0,65.0,164
210700,2019,7.0,0.0,2.0,1.0,0.0,29.0,2.0,7.0,4.0,7.0,63.0,159
210710,2012,16.0,4.0,0.0,4.0,2.0,31.0,3.0,5.0,9.0,22.0,115.0,354
210710,2013,0.0,0.0,0.0,0.0,0.0,0.0,0.0,0.0,0.0,0.0,104.0,319
210710,2014,9.0,2.0,8.0,2.0,1.0,21.0,10.0,8.0,11.0,22.0,109.0,343
210710,2015,5.0,1.0,4.0,6.0,9.0,28.0,4.0,12.0,11.0,26.0,112.0,384
210710,2016,16.0,2.0,2.0,5.0,1.0,36.0,3.0,16.0,7.0,32.0,120.0,326
210710,2017,6.0,0.0,3.0,4.0,3.0,29.0,2.0,14.0,5.0,25.0,98.0,375
210710,2018,8.0,1.0,2.0,1.0,3.0,49.0,2.0,28.0,9.0,39.0,143.0,454
210710,2019,8.0,1.0,3.0,1.0,0.0,28.0,0.0,13.0,1.0,31.0,86.0,358
210720,2012,4.0,0.0,0.0,0.0,3.0,9.0,0.0,3.0,0.0,6.0,33.0,187
210720,2013,0.0,0.0,0.0,0.0,0.0,0.0,0.0,0.0,0.0,0.0,30.0,191
210720,2014,5.0,0.0,7.0,2.0,0.0,8.0,0.0,5.0,1.0,19.0,55.0,218
210720,2015,5.0,0.0,0.0,5.0,0.0,6.0,0.0,11.0,4.0,13.0,50.0,206
210720,2016,7.0,0.0,4.0,2.0,1.0,18.0,1.0,12.0,3.0,20.0,68.0,197
210720,2017,5.0,1.0,2.0,1.0,0.0,16.0,4.0,8.0,8.0,12.0,58.0,219
210720,2018,12.0,0.0,1.0,1.0,1.0,17.0,7.0,9.0,14.0,16.0,80.0,228
210720,2019,5.0,0.0,5.0,0.0,1.0,29.0,13.0,9.0,17.0,11.0,90.0,243
210725,2012,3.0,0.0,0.0,1.0,0.0,3.0,2.0,3.0,3.0,8.0,23.0,65
210725,2013,0.0,0.0,0.0,0.0,0.0,0.0,0.0,0.0,0.0,0.0,22.0,76
210725,2014,4.0,1.0,0.0,4.0,1.0,10.0,4.0,9.0,2.0,14.0,49.0,78
210725,2015,3.0,0.0,0.0,1.0,0.0,18.0,4.0,13.0,5.0,18.0,62.0,107
210725,2016,5.0,1.0,0.0,1.0,0.0,19.0,2.0,19.0,0.0,12.0,59.0,90
210725,2017,7.0,0.0,0.0,0.0,1.0,30.0,5.0,15.0,7.0,12.0,77.0,107
210725,2018,5.0,2.0,0.0,2.0,0.0,38.0,0.0,4.0,6.0,10.0,68.0,100
210725,2019,6.0,0.0,2.0,0.0,0.0,24.0,1.0,6.0,3.0,14.0,57.0,80
210730,2012,4.0,0.0,0.0,0.0,1.0,5.0,0.0,2.0,1.0,5.0,19.0,58
210730,2013,0.0,0.0,0.0,0.0,0.0,0.0,0.0,0.0,0.0,0.0,19.0,50
210730,2014,1.0,0.0,2.0,0.0,0.0,5.0,1.0,0.0,0.0,4.0,14.0,63
210730,2015,2.0,0.0,0.0,0.0,0.0,6.0,0.0,2.0,0.0,7.0,17.0,39
210730,2016,0.0,0.0,0.0,0.0,0.0,2.0,0.0,2.0,0.0,5.0,9.0,27
210730,2017,1.0,0.0,0.0,0.0,0.0,4.0,0.0,2.0,0.0,4.0,11.0,30
210730,2018,1.0,0.0,2.0,1.0,0.0,5.0,0.0,2.0,0.0,10.0,21.0,52
210730,2019,1.0,0.0,0.0,0.0,0.0,6.0,0.0,5.0,1.0,3.0,16.0,34
210735,2012,16.0,3.0,3.0,4.0,4.0,23.0,1.0,9.0,7.0,28.0,104.0,375
210735,2013,0.0,0.0,0.0,0.0,0.0,0.0,0.0,0.0,0.0,0.0,116.0,338
210735,2014,11.0,1.0,3.0,4.0,3.0,24.0,6.0,11.0,5.0,31.0,107.0,294
210735,2015,3.0,2.0,3.0,2.0,3.0,18.0,5.0,19.0,6.0,28.0,97.0,310
210735,2016,10.0,1.0,2.0,1.0,2.0,26.0,0.0,19.0,4.0,21.0,93.0,237
210735,2017,8.0,3.0,2.0,1.0,1.0,12.0,2.0,9.0,5.0,19.0,83.0,247
210735,2018,9.0,0.0,2.0,0.0,2.0,34.0,1.0,33.0,0.0,52.0,139.0,331
210735,2019,11.0,1.0,0.0,0.0,1.0,39.0,10.0,24.0,14.0,29.0,141.0,291
210740,2012,27.0,3.0,3.0,8.0,7.0,39.0,3.0,6.0,9.0,25.0,137.0,232
210740,2013,0.0,0.0,0.0,0.0,0.0,0.0,0.0,0.0,0.0,0.0,133.0,268
210740,2014,3.0,4.0,2.0,2.0,1.0,47.0,0.0,4.0,7.0,30.0,165.0,268
210740,2015,10.0,1.0,0.0,2.0,0.0,53.0,9.0,16.0,38.0,28.0,187.0,280
210740,2016,6.0,0.0,3.0,0.0,0.0,40.0,2.0,8.0,18.0,37.0,181.0,264
210740,2017,14.0,0.0,1.0,1.0,0.0,47.0,7.0,12.0,32.0,47.0,204.0,293
210740,2018,5.0,5.0,4.0,7.0,4.0,53.0,1.0,25.0,4.0,61.0,180.0,273
210740,2019,9.0,1.0,2.0,10.0,7.0,64.0,4.0,13.0,10.0,47.0,172.0,249
210745,2012,8.0,0.0,0.0,2.0,3.0,4.0,3.0,2.0,3.0,10.0,40.0,182
210745,2013,0.0,0.0,0.0,0.0,0.0,0.0,0.0,0.0,0.0,0.0,62.0,208
210745,2014,14.0,0.0,0.0,1.0,1.0,25.0,2.0,16.0,6.0,29.0,94.0,209
210745,2015,6.0,0.0,0.0,1.0,1.0,21.0,1.0,19.0,0.0,21.0,73.0,196
210745,2016,7.0,0.0,6.0,1.0,0.0,7.0,2.0,9.0,0.0,19.0,53.0,177
210745,2017,8.0,0.0,1.0,0.0,1.0,19.0,1.0,10.0,2.0,32.0,81.0,207
210745,2018,9.0,1.0,3.0,2.0,2.0,24.0,3.0,17.0,1.0,43.0,108.0,255
210745,2019,11.0,0.0,4.0,2.0,3.0,29.0,0.0,13.0,2.0,31.0,96.0,223
210750,2012,81.0,1.0,33.0,16.0,17.0,143.0,10.0,28.0,56.0,131.0,649.0,1549
210750,2013,0.0,0.0,0.0,0.0,0.0,0.0,0.0,0.0,0.0,0.0,643.0,1587
210750,2014,64.0,1.0,32.0,13.0,12.0,174.0,47.0,60.0,78.0,140.0,667.0,1682
210750,2015,83.0,1.0,17.0,17.0,18.0,234.0,30.0,101.0,85.0,203.0,827.0,1775
210750,2016,69.0,0.0,27.0,20.0,17.0,238.0,34.0,124.0,79.0,192.0,812.0,1710
210750,2017,89.0,3.0,24.0,15.0,10.0,294.0,40.0,105.0,72.0,249.0,922.0,1722
210750,2018,81.0,1.0,57.0,18.0,11.0,278.0,37.0,125.0,94.0,205.0,930.0,1775
210750,2019,112.0,1.0,28.0,18.0,11.0,314.0,46.0,117.0,120.0,209.0,986.0,1841
210760,2012,9.0,5.0,0.0,17.0,4.0,12.0,1.0,2.0,5.0,11.0,76.0,262
210760,2013,0.0,0.0,0.0,0.0,0.0,0.0,0.0,0.0,0.0,0.0,82.0,280
210760,2014,1.0,1.0,0.0,5.0,6.0,13.0,0.0,6.0,2.0,14.0,55.0,288
210760,2015,6.0,0.0,2.0,2.0,0.0,6.0,1.0,4.0,2.0,4.0,65.0,309
210760,2016,6.0,0.0,3.0,2.0,3.0,9.0,1.0,4.0,3.0,10.0,104.0,311
210760,2017,6.0,0.0,0.0,8.0,2.0,6.0,1.0,4.0,5.0,8.0,108.0,316
210760,2018,4.0,0.0,0.0,4.0,5.0,9.0,0.0,6.0,2.0,7.0,111.0,306
210760,2019,5.0,0.0,0.0,7.0,2.0,19.0,2.0,7.0,6.0,6.0,135.0,310
210770,2012,18.0,1.0,0.0,5.0,4.0,41.0,1.0,6.0,6.0,54.0,152.0,284
210770,2013,0.0,0.0,0.0,0.0,0.0,0.0,0.0,0.0,0.0,0.0,185.0,379
210770,2014,15.0,0.0,3.0,2.0,1.0,75.0,4.0,31.0,7.0,68.0,212.0,350
210770,2015,11.0,0.0,0.0,6.0,0.0,68.0,8.0,30.0,12.0,63.0,201.0,344
210770,2016,12.0,1.0,3.0,6.0,1.0,79.0,3.0,19.0,8.0,48.0,181.0,341
210770,2017,10.0,2.0,0.0,4.0,2.0,74.0,4.0,14.0,11.0,41.0,164.0,327
210770,2018,13.0,0.0,8.0,3.0,1.0,71.0,4.0,16.0,8.0,30.0,154.0,333
210770,2019,11.0,1.0,0.0,1.0,2.0,78.0,0.0,21.0,4.0,42.0,162.0,314
210780,2012,37.0,1.0,6.0,5.0,2.0,33.0,6.0,8.0,4.0,26.0,166.0,584
210780,2013,0.0,0.0,0.0,0.0,0.0,0.0,0.0,0.0,0.0,0.0,176.0,537
210780,2014,16.0,1.0,6.0,5.0,2.0,49.0,2.0,21.0,5.0,42.0,166.0,493
210780,2015,20.0,1.0,5.0,5.0,4.0,60.0,5.0,23.0,6.0,34.0,170.0,486
210780,2016,16.0,0.0,8.0,1.0,3.0,53.0,3.0,30.0,11.0,46.0,179.0,484
210780,2017,18.0,0.0,5.0,5.0,3.0,72.0,4.0,29.0,3.0,34.0,175.0,518
210780,2018,14.0,1.0,5.0,7.0,3.0,59.0,6.0,24.0,7.0,28.0,156.0,481
210780,2019,20.0,0.0,4.0,7.0,4.0,54.0,1.0,23.0,14.0,20.0,150.0,432
210790,2012,6.0,0.0,4.0,2.0,1.0,21.0,9.0,11.0,12.0,15.0,85.0,340
210790,2013,0.0,0.0,0.0,0.0,0.0,0.0,0.0,0.0,0.0,0.0,57.0,338
210790,2014,2.0,1.0,2.0,0.0,1.0,4.0,3.0,5.0,2.0,7.0,28.0,353
210790,2015,1.0,0.0,2.0,2.0,0.0,6.0,0.0,8.0,3.0,8.0,32.0,354
210790,2016,2.0,0.0,5.0,0.0,3.0,13.0,0.0,5.0,0.0,26.0,56.0,341
210790,2017,8.0,1.0,7.0,2.0,0.0,12.0,2.0,9.0,0.0,14.0,56.0,368
210790,2018,8.0,0.0,5.0,0.0,0.0,11.0,0.0,8.0,3.0,11.0,47.0,381
210790,2019,5.0,0.0,0.0,1.0,0.0,18.0,1.0,5.0,2.0,10.0,42.0,303
210800,2012,18.0,0.0,0.0,1.0,1.0,47.0,0.0,11.0,2.0,47.0,130.0,325
210800,2013,0.0,0.0,0.0,0.0,0.0,0.0,0.0,0.0,0.0,0.0,109.0,319
210800,2014,11.0,0.0,4.0,1.0,2.0,46.0,5.0,15.0,2.0,38.0,130.0,329
210800,2015,14.0,1.0,1.0,3.0,0.0,49.0,2.0,30.0,2.0,35.0,140.0,305
210800,2016,7.0,0.0,1.0,1.0,0.0,42.0,2.0,34.0,1.0,19.0,108.0,318
210800,2017,9.0,0.0,2.0,0.0,0.0,46.0,3.0,42.0,1.0,12.0,117.0,324
210800,2018,8.0,0.0,0.0,1.0,0.0,57.0,4.0,35.0,2.0,21.0,130.0,353
210800,2019,5.0,0.0,0.0,1.0,1.0,48.0,5.0,26.0,4.0,31.0,131.0,302
210805,2012,8.0,8.0,2.0,0.0,1.0,13.0,3.0,6.0,8.0,19.0,70.0,340
210805,2013,0.0,0.0,0.0,0.0,0.0,0.0,0.0,0.0,0.0,0.0,65.0,306
210805,2014,11.0,0.0,0.0,5.0,0.0,15.0,2.0,10.0,5.0,32.0,85.0,292
210805,2015,5.0,0.0,3.0,0.0,0.0,15.0,2.0,15.0,3.0,33.0,79.0,298
210805,2016,2.0,0.0,1.0,5.0,4.0,19.0,7.0,13.0,4.0,25.0,86.0,312
210805,2017,5.0,0.0,6.0,0.0,0.0,23.0,0.0,15.0,3.0,25.0,105.0,346
210805,2018,10.0,0.0,1.0,0.0,1.0,19.0,2.0,17.0,7.0,28.0,101.0,355
210805,2019,9.0,1.0,8.0,1.0,1.0,40.0,3.0,18.0,5.0,49.0,150.0,380
210810,2012,16.0,4.0,4.0,6.0,8.0,37.0,2.0,13.0,8.0,35.0,136.0,380
210810,2013,0.0,0.0,0.0,0.0,0.0,0.0,0.0,0.0,0.0,0.0,126.0,393
210810,2014,12.0,0.0,1.0,5.0,1.0,40.0,1.0,27.0,7.0,59.0,165.0,418
210810,2015,12.0,2.0,4.0,1.0,1.0,45.0,3.0,29.0,5.0,61.0,166.0,383
210810,2016,9.0,1.0,4.0,4.0,1.0,49.0,2.0,16.0,9.0,61.0,159.0,377
210810,2017,14.0,0.0,3.0,6.0,2.0,32.0,3.0,17.0,7.0,45.0,133.0,306
210810,2018,13.0,3.0,6.0,3.0,3.0,53.0,4.0,29.0,11.0,56.0,185.0,384
210810,2019,6.0,4.0,2.0,3.0,5.0,61.0,1.0,29.0,7.0,68.0,189.0,366
210820,2012,33.0,25.0,4.0,7.0,3.0,100.0,14.0,35.0,31.0,95.0,368.0,680
210820,2013,0.0,0.0,0.0,0.0,0.0,0.0,0.0,0.0,0.0,0.0,387.0,671
210820,2014,36.0,6.0,9.0,8.0,3.0,124.0,21.0,63.0,46.0,97.0,418.0,693
210820,2015,26.0,1.0,8.0,7.0,6.0,137.0,17.0,34.0,35.0,87.0,362.0,618
210820,2016,32.0,0.0,11.0,9.0,2.0,111.0,15.0,47.0,27.0,76.0,333.0,564
210820,2017,18.0,0.0,6.0,14.0,3.0,111.0,11.0,40.0,28.0,116.0,349.0,534
210820,2018,39.0,1.0,7.0,4.0,5.0,131.0,18.0,65.0,28.0,116.0,414.0,573
210820,2019,32.0,1.0,6.0,4.0,3.0,148.0,16.0,58.0,36.0,128.0,437.0,591
210825,2012,8.0,0.0,8.0,2.0,2.0,7.0,1.0,2.0,4.0,12.0,49.0,372
210825,2013,0.0,0.0,0.0,0.0,0.0,0.0,0.0,0.0,0.0,0.0,38.0,291
210825,2014,13.0,3.0,5.0,1.0,2.0,10.0,1.0,5.0,1.0,11.0,59.0,287
210825,2015,6.0,0.0,4.0,2.0,4.0,12.0,0.0,5.0,4.0,15.0,57.0,237
210825,2016,6.0,1.0,6.0,2.0,0.0,13.0,2.0,3.0,3.0,11.0,50.0,210
210825,2017,9.0,1.0,5.0,5.0,3.0,16.0,6.0,4.0,5.0,18.0,72.0,339
210825,2018,7.0,0.0,0.0,4.0,3.0,27.0,1.0,11.0,13.0,21.0,88.0,383
210825,2019,4.0,2.0,4.0,3.0,0.0,17.0,6.0,16.0,9.0,28.0,89.0,415
210830,2012,6.0,1.0,2.0,4.0,3.0,18.0,1.0,2.0,4.0,11.0,65.0,637
210830,2013,0.0,0.0,0.0,0.0,0.0,0.0,0.0,0.0,0.0,0.0,106.0,651
210830,2014,6.0,1.0,3.0,4.0,2.0,20.0,3.0,13.0,7.0,28.0,96.0,651
210830,2015,7.0,0.0,2.0,7.0,2.0,23.0,3.0,16.0,8.0,33.0,111.0,703
210830,2016,20.0,1.0,6.0,3.0,1.0,29.0,4.0,13.0,1.0,40.0,138.0,682
210830,2017,14.0,3.0,3.0,3.0,4.0,31.0,4.0,39.0,5.0,39.0,174.0,711
210830,2018,14.0,3.0,6.0,8.0,2.0,42.0,6.0,33.0,9.0,58.0,190.0,669
210830,2019,7.0,6.0,10.0,13.0,2.0,35.0,11.0,13.0,12.0,38.0,165.0,641
210840,2012,4.0,1.0,1.0,1.0,0.0,9.0,3.0,4.0,3.0,9.0,38.0,144
210840,2013,0.0,0.0,0.0,0.0,0.0,0.0,0.0,0.0,0.0,0.0,43.0,140
210840,2014,4.0,1.0,3.0,3.0,0.0,7.0,0.0,5.0,4.0,15.0,44.0,135
210840,2015,1.0,0.0,3.0,0.0,4.0,7.0,0.0,6.0,3.0,4.0,31.0,141
210840,2016,4.0,0.0,1.0,1.0,2.0,8.0,1.0,5.0,4.0,7.0,37.0,131
210840,2017,5.0,0.0,4.0,5.0,5.0,8.0,0.0,3.0,4.0,8.0,44.0,123
210840,2018,4.0,1.0,0.0,2.0,0.0,3.0,2.0,6.0,3.0,5.0,30.0,98
210840,2019,5.0,0.0,1.0,1.0,1.0,9.0,2.0,5.0,4.0,8.0,49.0,133
210845,2012,22.0,3.0,8.0,3.0,2.0,20.0,5.0,8.0,9.0,8.0,114.0,373
210845,2013,0.0,0.0,0.0,0.0,0.0,0.0,0.0,0.0,0.0,0.0,158.0,393
210845,2014,18.0,9.0,10.0,4.0,1.0,41.0,9.0,19.0,7.0,56.0,185.0,443
210845,2015,15.0,0.0,10.0,4.0,4.0,64.0,1.0,31.0,12.0,42.0,188.0,369
210845,2016,14.0,0.0,6.0,5.0,3.0,44.0,11.0,39.0,13.0,47.0,186.0,369
210845,2017,17.0,0.0,6.0,10.0,1.0,55.0,4.0,47.0,2.0,65.0,208.0,379
210845,2018,21.0,0.0,0.0,3.0,2.0,53.0,8.0,35.0,13.0,51.0,188.0,379
210845,2019,18.0,1.0,7.0,6.0,1.0,76.0,4.0,40.0,3.0,44.0,200.0,339
210850,2012,17.0,3.0,0.0,8.0,8.0,57.0,8.0,32.0,22.0,53.0,223.0,578
210850,2013,0.0,0.0,0.0,0.0,0.0,0.0,0.0,0.0,0.0,0.0,239.0,520
210850,2014,14.0,2.0,3.0,5.0,8.0,70.0,7.0,37.0,8.0,97.0,264.0,605
210850,2015,15.0,0.0,3.0,5.0,8.0,57.0,6.0,31.0,10.0,76.0,222.0,544
210850,2016,13.0,1.0,6.0,1.0,2.0,70.0,5.0,32.0,7.0,74.0,213.0,568
210850,2017,9.0,3.0,6.0,9.0,3.0,66.0,11.0,43.0,21.0,63.0,239.0,533
210850,2018,9.0,3.0,0.0,10.0,11.0,76.0,6.0,36.0,5.0,69.0,237.0,490
210850,2019,14.0,17.0,8.0,5.0,4.0,82.0,5.0,52.0,7.0,80.0,280.0,530
210860,2012,58.0,1.0,14.0,18.0,14.0,95.0,7.0,44.0,64.0,103.0,438.0,1430
210860,2013,0.0,0.0,0.0,0.0,0.0,0.0,0.0,0.0,0.0,0.0,432.0,1388
210860,2014,45.0,1.0,17.0,6.0,15.0,115.0,18.0,91.0,39.0,158.0,543.0,1442
210860,2015,46.0,1.0,15.0,8.0,13.0,131.0,18.0,73.0,36.0,177.0,543.0,1498
210860,2016,35.0,2.0,2.0,20.0,15.0,143.0,22.0,50.0,42.0,166.0,497.0,1461
210860,2017,47.0,4.0,11.0,14.0,11.0,155.0,33.0,73.0,55.0,148.0,560.0,1619
210860,2018,58.0,1.0,14.0,14.0,23.0,172.0,42.0,96.0,71.0,162.0,656.0,1637
210860,2019,63.0,4.0,17.0,11.0,13.0,159.0,50.0,105.0,82.0,147.0,654.0,1531
210870,2012,26.0,0.0,6.0,6.0,2.0,81.0,12.0,7.0,28.0,30.0,212.0,467
210870,2013,0.0,0.0,0.0,0.0,0.0,0.0,0.0,0.0,0.0,0.0,230.0,505
210870,2014,31.0,1.0,5.0,3.0,6.0,79.0,23.0,19.0,42.0,36.0,249.0,504
210870,2015,10.0,1.0,5.0,3.0,6.0,74.0,39.0,21.0,46.0,29.0,235.0,489
210870,2016,15.0,0.0,1.0,6.0,4.0,58.0,28.0,16.0,57.0,32.0,222.0,425
210870,2017,8.0,0.0,4.0,6.0,2.0,46.0,12.0,19.0,18.0,52.0,173.0,391
210870,2018,27.0,1.0,0.0,2.0,7.0,64.0,20.0,20.0,34.0,58.0,235.0,419
210870,2019,8.0,1.0,8.0,9.0,5.0,74.0,14.0,22.0,20.0,62.0,223.0,426
210880,2012,15.0,15.0,4.0,10.0,2.0,36.0,6.0,3.0,3.0,18.0,131.0,309
210880,2013,0.0,0.0,0.0,0.0,0.0,0.0,0.0,0.0,0.0,0.0,119.0,305
210880,2014,6.0,1.0,2.0,3.0,2.0,30.0,1.0,17.0,4.0,31.0,104.0,269
210880,2015,9.0,2.0,0.0,8.0,4.0,50.0,5.0,18.0,9.0,51.0,162.0,331
210880,2016,12.0,2.0,6.0,7.0,1.0,37.0,5.0,16.0,7.0,38.0,131.0,280
210880,2017,16.0,2.0,3.0,2.0,1.0,42.0,1.0,19.0,12.0,42.0,142.0,268
210880,2018,9.0,3.0,6.0,2.0,1.0,39.0,8.0,18.0,10.0,54.0,152.0,290
210880,2019,6.0,1.0,0.0,3.0,3.0,53.0,5.0,17.0,25.0,32.0,146.0,282
210890,2012,20.0,1.0,2.0,10.0,4.0,42.0,4.0,17.0,3.0,62.0,167.0,259
210890,2013,0.0,0.0,0.0,0.0,0.0,0.0,0.0,0.0,0.0,0.0,162.0,258
210890,2014,10.0,1.0,4.0,2.0,1.0,52.0,5.0,22.0,10.0,60.0,172.0,269
210890,2015,8.0,1.0,6.0,1.0,0.0,64.0,5.0,22.0,21.0,37.0,175.0,273
210890,2016,15.0,0.0,0.0,0.0,1.0,61.0,2.0,21.0,13.0,44.0,160.0,236
210890,2017,9.0,0.0,4.0,2.0,1.0,71.0,13.0,11.0,29.0,32.0,177.0,258
210890,2018,11.0,0.0,0.0,2.0,1.0,49.0,1.0,15.0,8.0,39.0,128.0,210
210890,2019,7.0,0.0,2.0,1.0,1.0,60.0,1.0,18.0,5.0,63.0,160.0,243
210900,2012,23.0,0.0,2.0,4.0,8.0,78.0,13.0,38.0,14.0,81.0,265.0,441
210900,2013,0.0,0.0,0.0,0.0,0.0,0.0,0.0,0.0,0.0,0.0,242.0,442
210900,2014,8.0,1.0,4.0,6.0,1.0,84.0,38.0,12.0,71.0,29.0,258.0,431
210900,2015,9.0,1.0,2.0,3.0,3.0,100.0,17.0,36.0,21.0,59.0,260.0,418
210900,2016,18.0,3.0,6.0,4.0,6.0,90.0,21.0,38.0,34.0,57.0,283.0,420
210900,2017,19.0,1.0,6.0,5.0,1.0,86.0,8.0,44.0,10.0,66.0,249.0,430
210900,2018,24.0,0.0,11.0,6.0,5.0,105.0,9.0,46.0,8.0,109.0,327.0,475
210900,2019,20.0,0.0,10.0,3.0,1.0,103.0,2.0,59.0,7.0,78.0,290.0,426
210905,2012,3.0,0.0,0.0,0.0,0.0,2.0,0.0,0.0,0.0,0.0,13.0,65
210905,2013,0.0,0.0,0.0,0.0,0.0,0.0,0.0,0.0,0.0,0.0,20.0,85
210905,2014,2.0,0.0,0.0,1.0,0.0,2.0,1.0,1.0,0.0,2.0,11.0,73
210905,2015,0.0,0.0,0.0,2.0,0.0,5.0,1.0,3.0,0.0,5.0,16.0,65
210905,2016,1.0,0.0,2.0,0.0,0.0,5.0,1.0,4.0,1.0,2.0,16.0,78
210905,2017,2.0,0.0,2.0,1.0,2.0,5.0,0.0,3.0,1.0,5.0,21.0,66
210905,2018,2.0,0.0,0.0,1.0,1.0,1.0,1.0,2.0,2.0,2.0,14.0,76
210905,2019,2.0,0.0,0.0,0.0,1.0,5.0,2.0,5.0,0.0,3.0,22.0,80
210910,2012,22.0,5.0,11.0,3.0,5.0,49.0,1.0,3.0,20.0,29.0,365.0,717
210910,2013,0.0,0.0,0.0,0.0,0.0,0.0,0.0,0.0,0.0,0.0,476.0,802
210910,2014,44.0,17.0,8.0,11.0,10.0,149.0,30.0,60.0,48.0,123.0,580.0,861
210910,2015,24.0,3.0,2.0,7.0,3.0,120.0,4.0,97.0,6.0,137.0,566.0,872
210910,2016,41.0,4.0,3.0,8.0,6.0,170.0,7.0,89.0,21.0,173.0,534.0,794
210910,2017,29.0,1.0,11.0,7.0,8.0,220.0,4.0,121.0,12.0,213.0,633.0,883
210910,2018,23.0,1.0,16.0,19.0,7.0,271.0,0.0,107.0,5.0,189.0,639.0,834
210910,2019,27.0,1.0,22.0,4.0,8.0,221.0,1.0,110.0,4.0,186.0,585.0,823
210920,2012,5.0,2.0,0.0,1.0,3.0,8.0,0.0,1.0,6.0,1.0,35.0,197
210920,2013,0.0,0.0,0.0,0.0,0.0,0.0,0.0,0.0,0.0,0.0,23.0,194
210920,2014,7.0,1.0,6.0,1.0,3.0,8.0,4.0,3.0,3.0,7.0,51.0,185
210920,2015,2.0,0.0,0.0,1.0,1.0,17.0,0.0,3.0,7.0,16.0,51.0,199
210920,2016,6.0,0.0,2.0,0.0,0.0,8.0,3.0,12.0,2.0,21.0,56.0,207
210920,2017,6.0,1.0,3.0,0.0,0.0,14.0,2.0,17.0,6.0,20.0,71.0,208
210920,2018,5.0,0.0,4.0,2.0,1.0,22.0,0.0,13.0,1.0,24.0,73.0,256
210920,2019,9.0,1.0,1.0,1.0,3.0,20.0,2.0,9.0,3.0,8.0,57.0,195
210923,2012,1.0,0.0,0.0,2.0,1.0,8.0,0.0,3.0,6.0,11.0,33.0,119
210923,2013,0.0,0.0,0.0,0.0,0.0,0.0,0.0,0.0,0.0,0.0,33.0,92
210923,2014,2.0,0.0,1.0,1.0,3.0,11.0,0.0,6.0,1.0,10.0,37.0,118
210923,2015,1.0,0.0,2.0,3.0,1.0,10.0,1.0,2.0,0.0,7.0,30.0,117
210923,2016,2.0,1.0,0.0,1.0,1.0,10.0,0.0,6.0,0.0,11.0,33.0,100
210923,2017,2.0,0.0,0.0,0.0,1.0,9.0,1.0,8.0,0.0,11.0,33.0,88
210923,2018,1.0,1.0,2.0,0.0,0.0,15.0,1.0,7.0,1.0,21.0,52.0,98
210923,2019,3.0,0.0,0.0,0.0,0.0,7.0,0.0,5.0,0.0,15.0,42.0,102
210927,2012,4.0,1.0,2.0,2.0,0.0,14.0,5.0,9.0,13.0,10.0,62.0,321
210927,2013,0.0,0.0,0.0,0.0,0.0,0.0,0.0,0.0,0.0,0.0,55.0,327
210927,2014,10.0,0.0,0.0,2.0,0.0,7.0,2.0,13.0,5.0,29.0,75.0,374
210927,2015,4.0,0.0,2.0,2.0,1.0,21.0,3.0,14.0,7.0,20.0,82.0,377
210927,2016,7.0,1.0,1.0,3.0,1.0,19.0,5.0,20.0,5.0,20.0,82.0,395
210927,2017,2.0,0.0,5.0,1.0,0.0,16.0,6.0,7.0,9.0,11.0,58.0,393
210927,2018,5.0,0.0,2.0,2.0,1.0,20.0,3.0,17.0,9.0,17.0,78.0,383
210927,2019,5.0,1.0,0.0,1.0,3.0,25.0,13.0,18.0,7.0,19.0,92.0,354
210930,2012,6.0,0.0,4.0,2.0,1.0,4.0,0.0,4.0,1.0,4.0,43.0,193
210930,2013,0.0,0.0,0.0,0.0,0.0,0.0,0.0,0.0,0.0,0.0,54.0,178
210930,2014,4.0,0.0,1.0,0.0,1.0,15.0,0.0,11.0,1.0,7.0,54.0,213
210930,2015,7.0,0.0,0.0,1.0,1.0,10.0,0.0,17.0,0.0,11.0,57.0,231
210930,2016,11.0,0.0,0.0,3.0,0.0,17.0,0.0,6.0,0.0,21.0,58.0,210
210930,2017,6.0,1.0,0.0,1.0,0.0,19.0,8.0,10.0,10.0,11.0,67.0,216
210930,2018,6.0,0.0,4.0,0.0,1.0,20.0,15.0,10.0,16.0,6.0,79.0,211
210930,2019,14.0,0.0,8.0,0.0,1.0,28.0,8.0,5.0,22.0,4.0,91.0,241
210940,2012,3.0,0.0,0.0,0.0,0.0,5.0,4.0,1.0,0.0,2.0,15.0,202
210940,2013,0.0,0.0,0.0,0.0,0.0,0.0,0.0,0.0,0.0,0.0,28.0,180
210940,2014,1.0,2.0,0.0,1.0,0.0,5.0,2.0,7.0,1.0,6.0,33.0,186
210940,2015,3.0,0.0,2.0,5.0,2.0,4.0,3.0,6.0,0.0,13.0,42.0,175
210940,2016,2.0,1.0,2.0,7.0,7.0,7.0,4.0,9.0,1.0,9.0,52.0,196
210940,2017,4.0,1.0,4.0,1.0,1.0,9.0,1.0,6.0,7.0,7.0,54.0,177
210940,2018,6.0,0.0,2.0,2.0,1.0,13.0,3.0,14.0,4.0,12.0,59.0,213
210940,2019,6.0,1.0,4.0,3.0,2.0,17.0,4.0,15.0,3.0,17.0,72.0,197
210945,2012,31.0,1.0,4.0,5.0,5.0,33.0,4.0,10.0,6.0,38.0,154.0,490
210945,2013,0.0,0.0,0.0,0.0,0.0,0.0,0.0,0.0,0.0,0.0,145.0,470
210945,2014,12.0,0.0,0.0,5.0,5.0,42.0,0.0,18.0,12.0,36.0,139.0,565
210945,2015,19.0,0.0,0.0,1.0,5.0,49.0,3.0,22.0,10.0,42.0,157.0,438
210945,2016,14.0,0.0,4.0,9.0,1.0,55.0,5.0,20.0,13.0,37.0,159.0,478
210945,2017,26.0,2.0,7.0,7.0,4.0,62.0,10.0,23.0,8.0,47.0,197.0,502
210945,2018,18.0,1.0,12.0,5.0,2.0,72.0,5.0,29.0,19.0,45.0,211.0,492
210945,2019,14.0,0.0,4.0,5.0,7.0,70.0,13.0,27.0,15.0,41.0,198.0,487
210950,2012,13.0,1.0,6.0,3.0,0.0,34.0,10.0,14.0,12.0,23.0,133.0,336
210950,2013,0.0,0.0,0.0,0.0,0.0,0.0,0.0,0.0,0.0,0.0,137.0,322
210950,2014,19.0,0.0,4.0,3.0,5.0,28.0,22.0,32.0,14.0,37.0,177.0,359
210950,2015,12.0,2.0,0.0,8.0,7.0,40.0,17.0,24.0,18.0,33.0,174.0,356
210950,2016,18.0,2.0,6.0,2.0,2.0,54.0,17.0,28.0,24.0,48.0,205.0,381
210950,2017,16.0,0.0,4.0,4.0,3.0,65.0,19.0,27.0,26.0,36.0,201.0,364
210950,2018,16.0,0.0,4.0,12.0,7.0,60.0,6.0,35.0,11.0,39.0,190.0,382
210950,2019,14.0,0.0,3.0,5.0,2.0,75.0,8.0,36.0,16.0,65.0,225.0,364
210955,2012,7.0,0.0,5.0,0.0,2.0,26.0,1.0,7.0,3.0,12.0,63.0,143
210955,2013,0.0,0.0,0.0,0.0,0.0,0.0,0.0,0.0,0.0,0.0,49.0,138
210955,2014,6.0,0.0,2.0,0.0,1.0,14.0,5.0,9.0,7.0,6.0,50.0,140
210955,2015,5.0,0.0,7.0,3.0,4.0,25.0,3.0,9.0,6.0,13.0,76.0,146
210955,2016,8.0,0.0,0.0,2.0,4.0,25.0,6.0,11.0,4.0,14.0,74.0,134
210955,2017,2.0,0.0,0.0,0.0,1.0,17.0,1.0,6.0,1.0,12.0,42.0,117
210955,2018,6.0,0.0,5.0,1.0,0.0,18.0,2.0,9.0,4.0,11.0,56.0,123
210955,2019,3.0,0.0,0.0,0.0,0.0,20.0,0.0,7.0,1.0,17.0,51.0,124
210960,2012,49.0,3.0,2.0,7.0,7.0,60.0,4.0,13.0,10.0,41.0,254.0,653
210960,2013,0.0,0.0,0.0,0.0,0.0,0.0,0.0,0.0,0.0,0.0,219.0,582
210960,2014,25.0,1.0,4.0,2.0,2.0,56.0,9.0,25.0,23.0,47.0,211.0,621
210960,2015,24.0,1.0,8.0,8.0,7.0,62.0,13.0,37.0,15.0,71.0,263.0,631
210960,2016,35.0,2.0,2.0,5.0,4.0,70.0,4.0,39.0,10.0,82.0,260.0,634
210960,2017,25.0,1.0,2.0,4.0,4.0,68.0,4.0,28.0,15.0,48.0,203.0,572
210960,2018,16.0,1.0,11.0,5.0,4.0,72.0,14.0,24.0,15.0,65.0,232.0,631
210960,2019,25.0,2.0,10.0,2.0,5.0,65.0,8.0,25.0,11.0,74.0,236.0,635
210970,2012,3.0,0.0,0.0,0.0,0.0,1.0,0.0,2.0,0.0,3.0,9.0,29
210970,2013,0.0,0.0,0.0,0.0,0.0,0.0,0.0,0.0,0.0,0.0,17.0,66
210970,2014,1.0,0.0,1.0,0.0,0.0,5.0,0.0,7.0,1.0,10.0,26.0,62
210970,2015,0.0,0.0,0.0,0.0,1.0,1.0,0.0,6.0,1.0,10.0,21.0,67
210970,2016,4.0,0.0,3.0,1.0,0.0,6.0,2.0,4.0,0.0,11.0,31.0,66
210970,2017,0.0,0.0,0.0,1.0,0.0,7.0,3.0,1.0,6.0,1.0,20.0,61
210970,2018,3.0,0.0,2.0,1.0,0.0,9.0,4.0,6.0,2.0,4.0,33.0,81
210970,2019,7.0,0.0,2.0,3.0,0.0,17.0,1.0,4.0,1.0,8.0,44.0,78
210975,2012,1.0,1.0,0.0,2.0,0.0,15.0,1.0,5.0,0.0,9.0,36.0,95
210975,2013,0.0,0.0,0.0,0.0,0.0,0.0,0.0,0.0,0.0,0.0,52.0,105
210975,2014,3.0,1.0,0.0,0.0,0.0,9.0,2.0,8.0,2.0,5.0,34.0,64
210975,2015,2.0,0.0,6.0,1.0,0.0,6.0,1.0,4.0,0.0,10.0,30.0,61
210975,2016,0.0,0.0,4.0,0.0,1.0,8.0,0.0,4.0,0.0,8.0,27.0,55
210975,2017,2.0,0.0,0.0,1.0,1.0,16.0,1.0,7.0,0.0,16.0,44.0,88
210975,2018,7.0,1.0,1.0,0.0,0.0,20.0,0.0,10.0,3.0,18.0,61.0,90
210975,2019,3.0,0.0,0.0,1.0,0.0,12.0,1.0,10.0,0.0,21.0,48.0,80
210980,2012,10.0,1.0,7.0,4.0,1.0,20.0,6.0,4.0,16.0,9.0,148.0,606
210980,2013,0.0,0.0,0.0,0.0,0.0,0.0,0.0,0.0,0.0,0.0,164.0,601
210980,2014,7.0,4.0,3.0,15.0,17.0,33.0,4.0,24.0,11.0,57.0,193.0,623
210980,2015,7.0,6.0,1.0,5.0,5.0,35.0,2.0,15.0,3.0,36.0,124.0,520
210980,2016,10.0,2.0,4.0,4.0,7.0,41.0,1.0,30.0,6.0,33.0,141.0,520
210980,2017,8.0,11.0,6.0,21.0,4.0,45.0,14.0,13.0,28.0,23.0,187.0,545
210980,2018,17.0,2.0,2.0,11.0,4.0,60.0,27.0,41.0,30.0,55.0,256.0,583
210980,2019,11.0,2.0,6.0,4.0,1.0,54.0,28.0,30.0,28.0,64.0,245.0,550
210990,2012,48.0,9.0,10.0,9.0,9.0,201.0,29.0,44.0,91.0,198.0,676.0,1606
210990,2013,0.0,0.0,0.0,0.0,0.0,0.0,0.0,0.0,0.0,0.0,689.0,1593
210990,2014,51.0,8.0,11.0,19.0,12.0,223.0,42.0,102.0,68.0,213.0,770.0,1541
210990,2015,38.0,7.0,9.0,21.0,11.0,255.0,17.0,120.0,46.0,240.0,789.0,1587
210990,2016,34.0,12.0,18.0,16.0,15.0,217.0,18.0,96.0,28.0,207.0,679.0,1519
210990,2017,49.0,11.0,16.0,32.0,16.0,254.0,51.0,187.0,96.0,209.0,940.0,1599
210990,2018,36.0,13.0,35.0,13.0,12.0,298.0,26.0,189.0,48.0,267.0,946.0,1690
210990,2019,47.0,11.0,17.0,10.0,9.0,329.0,18.0,208.0,23.0,252.0,928.0,1590
211000,2012,60.0,10.0,22.0,19.0,18.0,78.0,1.0,6.0,64.0,132.0,498.0,1326
211000,2013,0.0,0.0,0.0,0.0,0.0,0.0,0.0,0.0,0.0,0.0,400.0,1290
211000,2014,23.0,6.0,9.0,11.0,11.0,89.0,13.0,49.0,24.0,96.0,412.0,1317
211000,2015,14.0,1.0,14.0,10.0,9.0,115.0,15.0,40.0,18.0,117.0,401.0,1280
211000,2016,6.0,5.0,9.0,9.0,7.0,110.0,18.0,49.0,39.0,108.0,378.0,1156
211000,2017,15.0,0.0,9.0,8.0,8.0,118.0,4.0,87.0,7.0,120.0,404.0,1153
211000,2018,22.0,1.0,12.0,15.0,11.0,145.0,16.0,120.0,15.0,170.0,537.0,1156
211000,2019,19.0,5.0,12.0,17.0,3.0,174.0,23.0,160.0,38.0,177.0,643.0,1202
211003,2012,13.0,3.0,7.0,3.0,3.0,50.0,11.0,9.0,19.0,21.0,148.0,429
211003,2013,0.0,0.0,0.0,0.0,0.0,0.0,0.0,0.0,0.0,0.0,126.0,386
211003,2014,8.0,2.0,7.0,4.0,1.0,37.0,2.0,20.0,4.0,34.0,132.0,401
211003,2015,10.0,3.0,0.0,6.0,3.0,34.0,1.0,15.0,4.0,39.0,140.0,447
211003,2016,5.0,19.0,4.0,17.0,13.0,30.0,7.0,11.0,4.0,21.0,135.0,381
211003,2017,10.0,8.0,4.0,4.0,3.0,34.0,1.0,19.0,3.0,43.0,145.0,376
211003,2018,13.0,2.0,0.0,5.0,3.0,35.0,3.0,27.0,1.0,50.0,153.0,351
211003,2019,13.0,0.0,5.0,4.0,2.0,35.0,6.0,18.0,7.0,33.0,136.0,329
211010,2012,17.0,5.0,2.0,9.0,2.0,24.0,7.0,9.0,16.0,26.0,139.0,469
211010,2013,0.0,0.0,0.0,0.0,0.0,0.0,0.0,0.0,0.0,0.0,119.0,474
211010,2014,18.0,4.0,4.0,15.0,6.0,38.0,4.0,41.0,11.0,42.0,183.0,503
211010,2015,4.0,2.0,2.0,10.0,6.0,49.0,7.0,37.0,8.0,53.0,178.0,489
211010,2016,13.0,5.0,4.0,8.0,4.0,31.0,3.0,18.0,8.0,47.0,150.0,428
211010,2017,13.0,5.0,4.0,9.0,0.0,51.0,3.0,52.0,9.0,68.0,229.0,510
211010,2018,9.0,1.0,2.0,6.0,0.0,45.0,3.0,53.0,9.0,66.0,236.0,529
211010,2019,17.0,1.0,2.0,3.0,2.0,58.0,4.0,22.0,7.0,50.0,182.0,429
211020,2012,24.0,1.0,5.0,5.0,4.0,57.0,0.0,12.0,10.0,54.0,182.0,602
211020,2013,0.0,0.0,0.0,0.0,0.0,0.0,0.0,0.0,0.0,0.0,281.0,681
211020,2014,28.0,5.0,7.0,6.0,3.0,67.0,8.0,77.0,5.0,112.0,344.0,660
211020,2015,16.0,3.0,8.0,9.0,4.0,70.0,5.0,47.0,8.0,84.0,257.0,625
211020,2016,12.0,1.0,9.0,4.0,1.0,75.0,3.0,62.0,7.0,78.0,253.0,541
211020,2017,18.0,5.0,8.0,5.0,3.0,92.0,7.0,55.0,6.0,85.0,286.0,585
211020,2018,18.0,2.0,4.0,7.0,2.0,86.0,3.0,58.0,4.0,90.0,277.0,613
211020,2019,14.0,2.0,10.0,4.0,2.0,83.0,2.0,46.0,10.0,78.0,252.0,549
211023,2012,1.0,0.0,2.0,0.0,0.0,6.0,3.0,6.0,3.0,7.0,31.0,123
211023,2013,0.0,0.0,0.0,0.0,0.0,0.0,0.0,0.0,0.0,0.0,28.0,132
211023,2014,1.0,0.0,4.0,2.0,0.0,15.0,3.0,10.0,2.0,14.0,54.0,145
211023,2015,6.0,1.0,0.0,1.0,0.0,17.0,1.0,13.0,0.0,11.0,55.0,133
211023,2016,3.0,0.0,0.0,1.0,1.0,14.0,3.0,11.0,5.0,20.0,59.0,119
211023,2017,0.0,0.0,0.0,2.0,0.0,12.0,4.0,7.0,4.0,10.0,39.0,107
211023,2018,5.0,0.0,0.0,0.0,1.0,13.0,0.0,14.0,3.0,14.0,54.0,130
211023,2019,2.0,1.0,2.0,1.0,1.0,18.0,0.0,10.0,1.0,13.0,55.0,133
211027,2012,4.0,0.0,0.0,0.0,0.0,3.0,0.0,2.0,0.0,1.0,10.0,132
211027,2013,0.0,0.0,0.0,0.0,0.0,0.0,0.0,0.0,0.0,0.0,23.0,142
211027,2014,2.0,0.0,2.0,1.0,1.0,7.0,0.0,8.0,1.0,8.0,33.0,160
211027,2015,0.0,0.0,2.0,1.0,0.0,11.0,0.0,9.0,0.0,7.0,33.0,159
211027,2016,4.0,0.0,2.0,10.0,5.0,5.0,0.0,5.0,0.0,2.0,34.0,175
211027,2017,1.0,0.0,2.0,0.0,2.0,6.0,1.0,2.0,1.0,3.0,27.0,193
211027,2018,4.0,0.0,0.0,2.0,1.0,10.0,3.0,11.0,5.0,8.0,48.0,215
211027,2019,2.0,0.0,4.0,0.0,1.0,12.0,2.0,11.0,2.0,17.0,51.0,188
211030,2012,17.0,0.0,4.0,0.0,1.0,4.0,0.0,1.0,5.0,6.0,112.0,239
211030,2013,0.0,0.0,0.0,0.0,0.0,0.0,0.0,0.0,0.0,0.0,135.0,245
211030,2014,3.0,2.0,4.0,0.0,3.0,9.0,4.0,4.0,3.0,8.0,129.0,247
211030,2015,8.0,0.0,0.0,0.0,0.0,19.0,1.0,12.0,5.0,31.0,148.0,245
211030,2016,2.0,0.0,6.0,1.0,8.0,47.0,1.0,30.0,8.0,55.0,161.0,260
211030,2017,11.0,0.0,8.0,0.0,3.0,90.0,2.0,7.0,7.0,10.0,149.0,235
211030,2018,7.0,47.0,3.0,4.0,0.0,104.0,2.0,9.0,3.0,14.0,193.0,263
211030,2019,6.0,132.0,2.0,24.0,0.0,14.0,0.0,5.0,0.0,7.0,190.0,258
211040,2012,15.0,0.0,2.0,0.0,0.0,12.0,3.0,1.0,3.0,11.0,54.0,383
211040,2013,0.0,0.0,0.0,0.0,0.0,0.0,0.0,0.0,0.0,0.0,117.0,426
211040,2014,6.0,1.0,6.0,1.0,1.0,59.0,0.0,2.0,2.0,12.0,96.0,407
211040,2015,5.0,1.0,5.0,3.0,2.0,74.0,1.0,10.0,0.0,15.0,123.0,387
211040,2016,5.0,0.0,0.0,3.0,2.0,60.0,0.0,11.0,0.0,15.0,101.0,345
211040,2017,13.0,0.0,1.0,3.0,2.0,23.0,4.0,20.0,9.0,26.0,102.0,373
211040,2018,8.0,3.0,6.0,1.0,3.0,33.0,6.0,23.0,7.0,24.0,119.0,361
211040,2019,14.0,3.0,3.0,9.0,4.0,36.0,14.0,17.0,19.0,14.0,140.0,378
211050,2012,8.0,0.0,7.0,148.0,3.0,6.0,1.0,0.0,3.0,5.0,182.0,423
211050,2013,0.0,0.0,0.0,0.0,0.0,0.0,0.0,0.0,0.0,0.0,288.0,521
211050,2014,5.0,0.0,6.0,132.0,124.0,9.0,1.0,4.0,4.0,6.0,301.0,545
211050,2015,5.0,0.0,8.0,92.0,88.0,9.0,0.0,1.0,4.0,10.0,223.0,516
211050,2016,6.0,3.0,3.0,55.0,40.0,27.0,1.0,4.0,7.0,18.0,170.0,473
211050,2017,6.0,4.0,3.0,93.0,86.0,12.0,1.0,11.0,6.0,22.0,245.0,565
211050,2018,9.0,0.0,17.0,94.0,79.0,19.0,2.0,15.0,1.0,19.0,259.0,560
211050,2019,9.0,1.0,14.0,81.0,63.0,37.0,3.0,19.0,4.0,38.0,275.0,505
211060,2012,18.0,2.0,3.0,5.0,2.0,33.0,19.0,20.0,21.0,41.0,169.0,499
211060,2013,0.0,0.0,0.0,0.0,0.0,0.0,0.0,0.0,0.0,0.0,183.0,471
211060,2014,9.0,0.0,2.0,4.0,6.0,22.0,8.0,41.0,18.0,52.0,168.0,479
211060,2015,15.0,1.0,4.0,11.0,2.0,46.0,4.0,27.0,15.0,45.0,173.0,465
211060,2016,9.0,1.0,9.0,1.0,1.0,44.0,12.0,23.0,14.0,43.0,160.0,428
211060,2017,18.0,1.0,4.0,4.0,5.0,48.0,4.0,42.0,7.0,56.0,194.0,445
211060,2018,14.0,3.0,2.0,8.0,3.0,47.0,4.0,51.0,5.0,60.0,199.0,437
211060,2019,12.0,1.0,8.0,3.0,2.0,67.0,11.0,25.0,9.0,47.0,190.0,424
211065,2012,2.0,0.0,0.0,0.0,0.0,13.0,0.0,5.0,0.0,8.0,32.0,92
211065,2013,0.0,0.0,0.0,0.0,0.0,0.0,0.0,0.0,0.0,0.0,27.0,96
211065,2014,5.0,0.0,0.0,0.0,1.0,11.0,0.0,1.0,1.0,5.0,40.0,147
211065,2015,5.0,0.0,0.0,1.0,0.0,13.0,1.0,4.0,0.0,2.0,26.0,133
211065,2016,1.0,0.0,0.0,2.0,0.0,15.0,0.0,5.0,0.0,1.0,34.0,129
211065,2017,1.0,0.0,4.0,0.0,1.0,8.0,0.0,8.0,2.0,4.0,31.0,134
211065,2018,2.0,0.0,2.0,1.0,3.0,14.0,1.0,2.0,6.0,5.0,36.0,113
211065,2019,1.0,0.0,0.0,1.0,0.0,6.0,2.0,4.0,0.0,3.0,17.0,77
211070,2012,44.0,3.0,2.0,7.0,6.0,74.0,9.0,26.0,30.0,63.0,316.0,593
211070,2013,0.0,0.0,0.0,0.0,0.0,0.0,0.0,0.0,0.0,0.0,322.0,642
211070,2014,25.0,1.0,12.0,10.0,3.0,82.0,12.0,31.0,7.0,63.0,344.0,696
211070,2015,19.0,4.0,6.0,9.0,5.0,97.0,13.0,32.0,16.0,62.0,283.0,609
211070,2016,23.0,1.0,6.0,7.0,5.0,93.0,8.0,37.0,25.0,57.0,271.0,583
211070,2017,38.0,0.0,6.0,4.0,3.0,152.0,14.0,68.0,10.0,102.0,423.0,641
211070,2018,34.0,0.0,2.0,2.0,1.0,152.0,15.0,58.0,18.0,106.0,395.0,570
211070,2019,40.0,2.0,4.0,2.0,0.0,154.0,11.0,92.0,22.0,126.0,460.0,649
211080,2012,2.0,0.0,0.0,0.0,0.0,0.0,0.0,1.0,1.0,0.0,7.0,47
211080,2013,0.0,0.0,0.0,0.0,0.0,0.0,0.0,0.0,0.0,0.0,20.0,47
211080,2014,0.0,0.0,0.0,0.0,0.0,0.0,2.0,3.0,2.0,3.0,11.0,54
211080,2015,1.0,0.0,2.0,0.0,0.0,3.0,1.0,8.0,0.0,5.0,22.0,48
211080,2016,1.0,0.0,2.0,0.0,0.0,3.0,0.0,5.0,0.0,3.0,14.0,39
211080,2017,2.0,0.0,0.0,0.0,0.0,5.0,3.0,1.0,6.0,0.0,18.0,44
211080,2018,2.0,0.0,0.0,1.0,1.0,14.0,1.0,5.0,3.0,4.0,31.0,69
211080,2019,2.0,0.0,1.0,0.0,0.0,6.0,0.0,1.0,1.0,8.0,19.0,52
211085,2012,5.0,0.0,8.0,0.0,0.0,13.0,0.0,7.0,6.0,12.0,53.0,119
211085,2013,0.0,0.0,0.0,0.0,0.0,0.0,0.0,0.0,0.0,0.0,61.0,133
211085,2014,7.0,0.0,0.0,2.0,0.0,21.0,2.0,12.0,8.0,9.0,61.0,124
211085,2015,4.0,0.0,2.0,3.0,1.0,21.0,0.0,9.0,7.0,11.0,58.0,139
211085,2016,7.0,0.0,1.0,3.0,0.0,21.0,1.0,21.0,6.0,13.0,74.0,152
211085,2017,4.0,0.0,2.0,3.0,0.0,19.0,1.0,9.0,1.0,14.0,54.0,137
211085,2018,2.0,0.0,0.0,3.0,1.0,21.0,2.0,8.0,2.0,10.0,53.0,114
211085,2019,6.0,0.0,0.0,0.0,0.0,17.0,2.0,8.0,2.0,6.0,42.0,99
211090,2012,9.0,1.0,1.0,1.0,0.0,7.0,1.0,1.0,1.0,11.0,42.0,163
211090,2013,0.0,0.0,0.0,0.0,0.0,0.0,0.0,0.0,0.0,0.0,30.0,129
211090,2014,5.0,2.0,1.0,3.0,0.0,6.0,0.0,7.0,4.0,9.0,38.0,140
211090,2015,6.0,0.0,0.0,2.0,0.0,12.0,0.0,8.0,0.0,12.0,40.0,152
211090,2016,2.0,1.0,2.0,0.0,1.0,12.0,0.0,9.0,3.0,8.0,39.0,147
211090,2017,4.0,0.0,4.0,5.0,0.0,15.0,0.0,4.0,2.0,8.0,47.0,165
211090,2018,3.0,1.0,3.0,0.0,1.0,9.0,0.0,1.0,4.0,5.0,30.0,150
211090,2019,5.0,0.0,3.0,3.0,2.0,17.0,1.0,6.0,2.0,11.0,50.0,160
211100,2012,6.0,0.0,0.0,0.0,1.0,3.0,0.0,0.0,1.0,3.0,86.0,259
211100,2013,0.0,0.0,0.0,0.0,0.0,0.0,0.0,0.0,0.0,0.0,124.0,304
211100,2014,8.0,0.0,1.0,3.0,1.0,37.0,8.0,12.0,26.0,16.0,116.0,273
211100,2015,16.0,0.0,3.0,2.0,3.0,30.0,8.0,10.0,14.0,22.0,111.0,269
211100,2016,9.0,2.0,0.0,6.0,0.0,29.0,2.0,13.0,3.0,29.0,103.0,267
211100,2017,14.0,0.0,0.0,3.0,1.0,59.0,0.0,7.0,3.0,19.0,110.0,241
211100,2018,9.0,2.0,3.0,1.0,1.0,45.0,0.0,7.0,3.0,22.0,112.0,271
211100,2019,12.0,0.0,2.0,3.0,0.0,36.0,2.0,13.0,10.0,27.0,112.0,267
211102,2012,4.0,0.0,0.0,2.0,0.0,13.0,1.0,4.0,1.0,18.0,45.0,131
211102,2013,0.0,0.0,0.0,0.0,0.0,0.0,0.0,0.0,0.0,0.0,64.0,235
211102,2014,3.0,0.0,3.0,0.0,1.0,18.0,3.0,7.0,6.0,17.0,58.0,215
211102,2015,9.0,0.0,0.0,1.0,0.0,28.0,5.0,4.0,5.0,16.0,68.0,222
211102,2016,6.0,0.0,2.0,1.0,1.0,23.0,0.0,4.0,4.0,26.0,68.0,228
211102,2017,11.0,0.0,0.0,3.0,0.0,49.0,2.0,14.0,5.0,26.0,112.0,245
211102,2018,14.0,0.0,1.0,1.0,1.0,39.0,4.0,22.0,11.0,31.0,128.0,263
211102,2019,11.0,0.0,4.0,2.0,1.0,39.0,2.0,27.0,6.0,37.0,130.0,247
211105,2012,5.0,0.0,0.0,2.0,1.0,19.0,5.0,9.0,3.0,20.0,64.0,168
211105,2013,0.0,0.0,0.0,0.0,0.0,0.0,0.0,0.0,0.0,0.0,85.0,190
211105,2014,6.0,0.0,4.0,1.0,0.0,15.0,10.0,9.0,12.0,6.0,65.0,139
211105,2015,4.0,0.0,2.0,1.0,1.0,27.0,10.0,9.0,7.0,20.0,81.0,160
211105,2016,3.0,3.0,0.0,0.0,1.0,17.0,4.0,15.0,9.0,19.0,71.0,161
211105,2017,2.0,1.0,0.0,2.0,2.0,21.0,2.0,6.0,2.0,23.0,63.0,149
211105,2018,6.0,0.0,1.0,0.0,3.0,28.0,0.0,15.0,4.0,16.0,73.0,145
211105,2019,3.0,0.0,2.0,1.0,1.0,27.0,1.0,30.0,0.0,19.0,87.0,161
211107,2012,72.0,0.0,0.0,0.0,3.0,2.0,0.0,1.0,1.0,3.0,82.0,273
211107,2013,0.0,0.0,0.0,0.0,0.0,0.0,0.0,0.0,0.0,0.0,99.0,283
211107,2014,14.0,0.0,2.0,5.0,0.0,32.0,3.0,22.0,3.0,42.0,132.0,321
211107,2015,9.0,1.0,0.0,6.0,4.0,26.0,2.0,17.0,3.0,34.0,108.0,282
211107,2016,16.0,4.0,0.0,4.0,2.0,35.0,1.0,15.0,0.0,38.0,127.0,294
211107,2017,21.0,0.0,12.0,2.0,3.0,28.0,2.0,17.0,1.0,31.0,122.0,252
211107,2018,20.0,0.0,2.0,2.0,1.0,48.0,4.0,25.0,1.0,36.0,140.0,308
211107,2019,18.0,0.0,6.0,2.0,2.0,39.0,1.0,28.0,0.0,50.0,147.0,273
211110,2012,16.0,1.0,0.0,24.0,16.0,50.0,8.0,9.0,12.0,42.0,195.0,404
211110,2013,0.0,0.0,0.0,0.0,0.0,0.0,0.0,0.0,0.0,0.0,206.0,399
211110,2014,13.0,0.0,4.0,14.0,11.0,68.0,7.0,23.0,9.0,61.0,220.0,437
211110,2015,8.0,0.0,2.0,2.0,2.0,92.0,10.0,26.0,13.0,67.0,227.0,418
211110,2016,11.0,0.0,7.0,2.0,3.0,68.0,8.0,32.0,9.0,71.0,217.0,390
211110,2017,13.0,0.0,4.0,6.0,6.0,88.0,8.0,36.0,11.0,66.0,246.0,413
211110,2018,13.0,1.0,6.0,4.0,5.0,90.0,3.0,38.0,8.0,63.0,234.0,396
211110,2019,12.0,1.0,4.0,2.0,7.0,88.0,9.0,22.0,25.0,51.0,224.0,371
211120,2012,110.0,1.0,31.0,23.0,25.0,251.0,30.0,66.0,110.0,222.0,1020.0,2757
211120,2013,0.0,0.0,0.0,0.0,0.0,0.0,0.0,0.0,0.0,0.0,1179.0,3103
211120,2014,111.0,4.0,28.0,33.0,25.0,366.0,61.0,138.0,151.0,313.0,1321.0,3388
211120,2015,149.0,3.0,34.0,29.0,20.0,418.0,46.0,200.0,172.0,377.0,1498.0,3298
211120,2016,159.0,3.0,28.0,32.0,33.0,438.0,71.0,221.0,162.0,377.0,1539.0,3229
211120,2017,141.0,4.0,42.0,37.0,18.0,484.0,82.0,192.0,233.0,399.0,1657.0,3236
211120,2018,176.0,3.0,70.0,39.0,35.0,649.0,80.0,238.0,246.0,414.0,1982.0,3791
211120,2019,174.0,6.0,77.0,34.0,36.0,634.0,106.0,274.0,246.0,437.0,2056.0,3753
211125,2012,2.0,3.0,0.0,0.0,0.0,17.0,0.0,2.0,2.0,8.0,37.0,119
211125,2013,0.0,0.0,0.0,0.0,0.0,0.0,0.0,0.0,0.0,0.0,24.0,99
211125,2014,3.0,0.0,4.0,1.0,0.0,11.0,1.0,3.0,1.0,7.0,33.0,129
211125,2015,0.0,2.0,0.0,2.0,1.0,9.0,0.0,3.0,2.0,6.0,28.0,82
211125,2016,4.0,1.0,2.0,3.0,1.0,18.0,0.0,4.0,2.0,9.0,44.0,93
211125,2017,3.0,1.0,0.0,0.0,1.0,15.0,2.0,6.0,4.0,14.0,46.0,90
211125,2018,0.0,0.0,1.0,2.0,1.0,16.0,5.0,6.0,2.0,17.0,51.0,98
211125,2019,5.0,2.0,1.0,1.0,3.0,17.0,0.0,14.0,3.0,18.0,66.0,104
211130,2012,1425.0,19.0,225.0,196.0,211.0,1678.0,137.0,356.0,664.0,1499.0,9298.0,18059
211130,2013,0.0,0.0,0.0,0.0,0.0,0.0,0.0,0.0,0.0,0.0,8867.0,17204
211130,2014,743.0,4.0,230.0,170.0,157.0,2191.0,378.0,898.0,1145.0,1874.0,8579.0,16536
211130,2015,844.0,27.0,276.0,183.0,155.0,2448.0,441.0,965.0,1212.0,2173.0,9153.0,16998
211130,2016,868.0,20.0,250.0,169.0,137.0,2566.0,428.0,956.0,1092.0,1978.0,8614.0,15930
211130,2017,747.0,19.0,233.0,160.0,134.0,2653.0,418.0,933.0,1244.0,2020.0,8687.0,15549
211130,2018,794.0,17.0,264.0,170.0,139.0,2834.0,484.0,939.0,1350.0,1810.0,8991.0,15959
211130,2019,861.0,14.0,233.0,171.0,143.0,2776.0,502.0,1029.0,1351.0,1857.0,9056.0,15685
211140,2012,20.0,5.0,5.0,5.0,14.0,73.0,9.0,21.0,9.0,74.0,242.0,420
211140,2013,0.0,0.0,0.0,0.0,0.0,0.0,0.0,0.0,0.0,0.0,194.0,348
211140,2014,17.0,1.0,0.0,2.0,7.0,57.0,4.0,37.0,6.0,50.0,185.0,313
211140,2015,16.0,1.0,1.0,6.0,6.0,87.0,5.0,25.0,9.0,46.0,202.0,334
211140,2016,14.0,0.0,3.0,3.0,2.0,57.0,10.0,20.0,14.0,44.0,176.0,301
211140,2017,22.0,2.0,4.0,4.0,5.0,63.0,15.0,25.0,9.0,56.0,216.0,322
211140,2018,19.0,0.0,0.0,3.0,2.0,60.0,4.0,23.0,11.0,64.0,191.0,305
211140,2019,11.0,0.0,2.0,1.0,1.0,74.0,11.0,29.0,18.0,55.0,202.0,290
211150,2012,22.0,2.0,12.0,8.0,3.0,113.0,5.0,47.0,31.0,99.0,347.0,730
211150,2013,0.0,0.0,0.0,0.0,0.0,0.0,0.0,0.0,0.0,0.0,285.0,685
211150,2014,30.0,3.0,13.0,4.0,7.0,114.0,7.0,24.0,14.0,76.0,307.0,702
211150,2015,28.0,1.0,14.0,5.0,3.0,119.0,1.0,36.0,13.0,74.0,300.0,680
211150,2016,41.0,4.0,4.0,7.0,9.0,100.0,4.0,54.0,11.0,104.0,338.0,673
211150,2017,42.0,2.0,13.0,14.0,4.0,114.0,12.0,48.0,16.0,106.0,374.0,691
211150,2018,41.0,0.0,11.0,7.0,5.0,148.0,20.0,54.0,21.0,84.0,392.0,692
211150,2019,28.0,0.0,13.0,2.0,3.0,111.0,1.0,62.0,17.0,73.0,311.0,633
211153,2012,7.0,0.0,0.0,1.0,2.0,11.0,2.0,3.0,5.0,7.0,39.0,171
211153,2013,0.0,0.0,0.0,0.0,0.0,0.0,0.0,0.0,0.0,0.0,50.0,165
211153,2014,6.0,0.0,5.0,2.0,2.0,12.0,4.0,9.0,4.0,4.0,50.0,167
211153,2015,1.0,0.0,0.0,1.0,1.0,15.0,4.0,8.0,7.0,13.0,51.0,172
211153,2016,9.0,0.0,0.0,3.0,3.0,14.0,3.0,5.0,5.0,16.0,62.0,168
211153,2017,6.0,0.0,2.0,0.0,2.0,21.0,2.0,7.0,4.0,10.0,56.0,143
211153,2018,7.0,0.0,2.0,3.0,2.0,23.0,1.0,11.0,3.0,14.0,67.0,189
211153,2019,5.0,1.0,2.0,2.0,1.0,25.0,5.0,5.0,6.0,13.0,68.0,164
211157,2012,1.0,0.0,2.0,0.0,0.0,5.0,2.0,1.0,8.0,2.0,23.0,62
211157,2013,0.0,0.0,0.0,0.0,0.0,0.0,0.0,0.0,0.0,0.0,47.0,68
211157,2014,1.0,0.0,1.0,0.0,0.0,3.0,0.0,0.0,2.0,1.0,25.0,52
211157,2015,1.0,0.0,0.0,0.0,0.0,5.0,0.0,2.0,0.0,6.0,45.0,72
211157,2016,2.0,0.0,0.0,1.0,2.0,15.0,0.0,11.0,3.0,22.0,57.0,88
211157,2017,4.0,1.0,2.0,9.0,4.0,14.0,1.0,2.0,2.0,12.0,53.0,84
211157,2018,2.0,1.0,4.0,0.0,1.0,20.0,2.0,10.0,3.0,19.0,62.0,93
211157,2019,6.0,0.0,0.0,1.0,0.0,16.0,0.0,5.0,0.0,11.0,40.0,78
211160,2012,16.0,1.0,2.0,3.0,2.0,19.0,1.0,22.0,8.0,51.0,151.0,305
211160,2013,0.0,0.0,0.0,0.0,0.0,0.0,0.0,0.0,0.0,0.0,150.0,342
211160,2014,14.0,0.0,2.0,1.0,3.0,26.0,1.0,42.0,6.0,55.0,155.0,352
211160,2015,13.0,2.0,3.0,0.0,8.0,9.0,5.0,21.0,9.0,66.0,139.0,319
211160,2016,17.0,2.0,3.0,0.0,6.0,24.0,3.0,28.0,42.0,78.0,205.0,337
211160,2017,22.0,2.0,1.0,1.0,1.0,57.0,29.0,9.0,27.0,17.0,166.0,320
211160,2018,15.0,0.0,2.0,4.0,7.0,58.0,11.0,12.0,23.0,29.0,161.0,320
211160,2019,17.0,1.0,8.0,7.0,4.0,64.0,2.0,36.0,6.0,31.0,176.0,312
211163,2012,4.0,1.0,0.0,5.0,2.0,7.0,2.0,3.0,4.0,8.0,37.0,81
211163,2013,0.0,0.0,0.0,0.0,0.0,0.0,0.0,0.0,0.0,0.0,30.0,69
211163,2014,3.0,0.0,0.0,1.0,0.0,10.0,2.0,12.0,2.0,17.0,48.0,104
211163,2015,2.0,1.0,0.0,0.0,0.0,5.0,0.0,4.0,2.0,13.0,30.0,78
211163,2016,1.0,1.0,2.0,1.0,1.0,9.0,0.0,5.0,0.0,14.0,34.0,76
211163,2017,2.0,0.0,1.0,0.0,0.0,13.0,1.0,4.0,5.0,5.0,32.0,63
211163,2018,4.0,1.0,1.0,3.0,3.0,18.0,2.0,4.0,5.0,12.0,53.0,96
211163,2019,2.0,2.0,0.0,9.0,4.0,12.0,0.0,5.0,5.0,10.0,50.0,88
211167,2012,2.0,0.0,2.0,0.0,0.0,6.0,1.0,3.0,3.0,9.0,29.0,85
211167,2013,0.0,0.0,0.0,0.0,0.0,0.0,0.0,0.0,0.0,0.0,40.0,89
211167,2014,0.0,0.0,0.0,1.0,1.0,9.0,3.0,8.0,2.0,12.0,36.0,86
211167,2015,6.0,0.0,0.0,0.0,0.0,11.0,4.0,6.0,4.0,15.0,48.0,88
211167,2016,4.0,0.0,2.0,0.0,1.0,10.0,0.0,3.0,2.0,4.0,26.0,57
211167,2017,3.0,0.0,0.0,0.0,0.0,14.0,1.0,7.0,1.0,12.0,38.0,77
211167,2018,0.0,1.0,2.0,1.0,0.0,10.0,2.0,6.0,5.0,13.0,40.0,75
211167,2019,1.0,0.0,2.0,0.0,2.0,23.0,2.0,7.0,2.0,18.0,57.0,90
211170,2012,30.0,0.0,3.0,6.0,0.0,19.0,1.0,0.0,6.0,8.0,85.0,306
211170,2013,0.0,0.0,0.0,0.0,0.0,0.0,0.0,0.0,0.0,0.0,94.0,326
211170,2014,11.0,0.0,3.0,3.0,3.0,13.0,3.0,8.0,9.0,21.0,103.0,309
211170,2015,5.0,1.0,3.0,2.0,5.0,26.0,1.0,0.0,6.0,12.0,113.0,319
211170,2016,6.0,0.0,2.0,1.0,3.0,15.0,0.0,4.0,0.0,21.0,78.0,252
211170,2017,10.0,2.0,4.0,10.0,9.0,17.0,1.0,7.0,2.0,25.0,101.0,277
211170,2018,13.0,0.0,4.0,5.0,4.0,28.0,3.0,35.0,4.0,55.0,154.0,299
211170,2019,13.0,2.0,0.0,2.0,5.0,35.0,1.0,24.0,1.0,60.0,168.0,268
211172,2012,5.0,1.0,6.0,3.0,6.0,20.0,3.0,3.0,6.0,9.0,62.0,143
211172,2013,0.0,0.0,0.0,0.0,0.0,0.0,0.0,0.0,0.0,0.0,47.0,110
211172,2014,7.0,0.0,0.0,1.0,2.0,19.0,6.0,6.0,9.0,11.0,64.0,129
211172,2015,3.0,1.0,0.0,5.0,0.0,17.0,9.0,8.0,7.0,19.0,70.0,109
211172,2016,2.0,0.0,2.0,0.0,0.0,30.0,7.0,8.0,9.0,15.0,78.0,115
211172,2017,3.0,0.0,0.0,1.0,3.0,25.0,0.0,14.0,6.0,9.0,66.0,104
211172,2018,3.0,0.0,1.0,0.0,0.0,21.0,0.0,9.0,2.0,18.0,54.0,96
211172,2019,6.0,0.0,0.0,1.0,0.0,17.0,4.0,7.0,3.0,13.0,52.0,79
211174,2012,21.0,0.0,2.0,0.0,0.0,7.0,0.0,3.0,1.0,6.0,44.0,190
211174,2013,0.0,0.0,0.0,0.0,0.0,0.0,0.0,0.0,0.0,0.0,41.0,172
211174,2014,10.0,1.0,2.0,0.0,0.0,14.0,1.0,8.0,4.0,14.0,62.0,184
211174,2015,1.0,1.0,0.0,3.0,1.0,8.0,1.0,6.0,0.0,12.0,36.0,186
211174,2016,10.0,2.0,2.0,4.0,1.0,14.0,0.0,8.0,0.0,15.0,60.0,177
211174,2017,1.0,0.0,2.0,1.0,1.0,13.0,0.0,12.0,1.0,18.0,53.0,206
211174,2018,4.0,1.0,0.0,2.0,0.0,18.0,0.0,13.0,0.0,22.0,60.0,179
211174,2019,7.0,0.0,4.0,1.0,0.0,25.0,1.0,16.0,0.0,24.0,80.0,170
211176,2012,21.0,0.0,4.0,4.0,4.0,40.0,6.0,31.0,9.0,28.0,149.0,345
211176,2013,0.0,0.0,0.0,0.0,0.0,0.0,0.0,0.0,0.0,0.0,158.0,326
211176,2014,12.0,0.0,3.0,3.0,1.0,41.0,12.0,36.0,16.0,27.0,155.0,322
211176,2015,13.0,0.0,6.0,1.0,2.0,41.0,8.0,21.0,15.0,33.0,141.0,315
211176,2016,16.0,1.0,0.0,2.0,1.0,44.0,6.0,19.0,20.0,31.0,142.0,287
211176,2017,16.0,0.0,0.0,1.0,3.0,35.0,3.0,21.0,13.0,22.0,114.0,264
211176,2018,14.0,0.0,6.0,6.0,0.0,50.0,4.0,11.0,8.0,18.0,119.0,280
211176,2019,12.0,0.0,2.0,2.0,1.0,43.0,2.0,18.0,8.0,24.0,116.0,272
211178,2012,1.0,0.0,2.0,0.0,0.0,2.0,0.0,0.0,0.0,0.0,23.0,175
211178,2013,0.0,0.0,0.0,0.0,0.0,0.0,0.0,0.0,0.0,0.0,28.0,152
211178,2014,1.0,0.0,0.0,1.0,1.0,5.0,0.0,2.0,0.0,5.0,15.0,150
211178,2015,2.0,1.0,2.0,0.0,2.0,7.0,2.0,11.0,0.0,4.0,33.0,177
211178,2016,7.0,0.0,0.0,0.0,0.0,3.0,0.0,4.0,3.0,3.0,20.0,140
211178,2017,2.0,0.0,0.0,1.0,0.0,7.0,1.0,2.0,3.0,6.0,26.0,178
211178,2018,2.0,0.0,2.0,1.0,0.0,6.0,1.0,7.0,1.0,9.0,30.0,161
211178,2019,3.0,0.0,2.0,0.0,0.0,10.0,2.0,5.0,3.0,8.0,35.0,171
211180,2012,13.0,1.0,4.0,3.0,1.0,26.0,2.0,9.0,8.0,16.0,105.0,288
211180,2013,0.0,0.0,0.0,0.0,0.0,0.0,0.0,0.0,0.0,0.0,94.0,237
211180,2014,6.0,0.0,2.0,3.0,3.0,35.0,6.0,12.0,10.0,14.0,98.0,248
211180,2015,10.0,0.0,6.0,7.0,2.0,28.0,11.0,11.0,11.0,27.0,119.0,290
211180,2016,11.0,0.0,3.0,2.0,4.0,48.0,8.0,12.0,10.0,31.0,130.0,273
211180,2017,1.0,0.0,4.0,9.0,9.0,51.0,6.0,13.0,14.0,22.0,143.0,303
211180,2018,7.0,0.0,4.0,5.0,1.0,52.0,6.0,11.0,5.0,20.0,123.0,296
211180,2019,15.0,1.0,3.0,2.0,3.0,63.0,11.0,14.0,14.0,23.0,153.0,345
211190,2012,6.0,0.0,3.0,2.0,4.0,15.0,2.0,9.0,1.0,14.0,69.0,147
211190,2013,0.0,0.0,0.0,0.0,0.0,0.0,0.0,0.0,0.0,0.0,83.0,176
211190,2014,2.0,0.0,0.0,0.0,0.0,33.0,2.0,22.0,4.0,25.0,88.0,187
211190,2015,2.0,1.0,2.0,1.0,0.0,31.0,3.0,15.0,4.0,20.0,80.0,167
211190,2016,7.0,0.0,3.0,1.0,0.0,25.0,2.0,15.0,0.0,32.0,85.0,154
211190,2017,6.0,1.0,0.0,0.0,0.0,28.0,0.0,7.0,1.0,13.0,57.0,124
211190,2018,3.0,0.0,0.0,2.0,0.0,36.0,0.0,7.0,0.0,14.0,65.0,175
211190,2019,4.0,1.0,2.0,1.0,1.0,67.0,1.0,20.0,2.0,16.0,115.0,202
211195,2012,6.0,0.0,0.0,1.0,0.0,11.0,0.0,7.0,4.0,6.0,40.0,80
211195,2013,0.0,0.0,0.0,0.0,0.0,0.0,0.0,0.0,0.0,0.0,37.0,80
211195,2014,2.0,0.0,2.0,0.0,1.0,8.0,2.0,6.0,1.0,17.0,41.0,87
211195,2015,2.0,2.0,0.0,0.0,1.0,14.0,3.0,8.0,1.0,11.0,46.0,84
211195,2016,4.0,0.0,2.0,1.0,1.0,11.0,1.0,5.0,2.0,15.0,42.0,71
211195,2017,3.0,0.0,2.0,1.0,1.0,12.0,2.0,5.0,0.0,12.0,39.0,72
211195,2018,2.0,0.0,0.0,0.0,0.0,15.0,3.0,5.0,1.0,7.0,35.0,74
211195,2019,1.0,0.0,0.0,1.0,0.0,7.0,1.0,3.0,2.0,9.0,24.0,47
211200,2012,5.0,1.0,0.0,1.0,0.0,2.0,1.0,12.0,0.0,11.0,35.0,138
211200,2013,0.0,0.0,0.0,0.0,0.0,0.0,0.0,0.0,0.0,0.0,35.0,127
211200,2014,5.0,0.0,0.0,0.0,0.0,10.0,1.0,14.0,0.0,12.0,46.0,155
211200,2015,7.0,0.0,0.0,1.0,0.0,5.0,2.0,21.0,1.0,13.0,51.0,152
211200,2016,6.0,0.0,2.0,2.0,0.0,13.0,1.0,17.0,3.0,20.0,64.0,136
211200,2017,2.0,2.0,6.0,1.0,0.0,15.0,5.0,9.0,12.0,9.0,62.0,127
211200,2018,7.0,1.0,4.0,3.0,1.0,23.0,2.0,6.0,7.0,7.0,61.0,150
211200,2019,8.0,0.0,4.0,1.0,0.0,23.0,1.0,10.0,6.0,21.0,74.0,150
211210,2012,13.0,1.0,14.0,3.0,1.0,16.0,1.0,5.0,8.0,12.0,148.0,477
211210,2013,0.0,0.0,0.0,0.0,0.0,0.0,0.0,0.0,0.0,0.0,196.0,574
211210,2014,16.0,3.0,9.0,3.0,3.0,41.0,4.0,36.0,11.0,77.0,225.0,536
211210,2015,27.0,1.0,0.0,8.0,7.0,59.0,14.0,34.0,25.0,73.0,258.0,581
211210,2016,17.0,0.0,6.0,5.0,6.0,64.0,17.0,28.0,18.0,51.0,217.0,494
211210,2017,22.0,3.0,10.0,4.0,4.0,73.0,10.0,32.0,14.0,58.0,245.0,532
211210,2018,18.0,1.0,8.0,9.0,3.0,67.0,7.0,23.0,13.0,50.0,222.0,537
211210,2019,13.0,1.0,6.0,7.0,6.0,59.0,13.0,22.0,15.0,36.0,193.0,524
211220,2012,127.0,9.0,19.0,25.0,22.0,293.0,15.0,77.0,50.0,269.0,1047.0,2658
211220,2013,0.0,0.0,0.0,0.0,0.0,0.0,0.0,0.0,0.0,0.0,1076.0,2524
211220,2014,94.0,6.0,34.0,34.0,37.0,418.0,23.0,153.0,40.0,323.0,1233.0,2805
211220,2015,75.0,9.0,38.0,23.0,30.0,452.0,10.0,194.0,22.0,397.0,1279.0,2796
211220,2016,91.0,4.0,33.0,46.0,34.0,428.0,43.0,166.0,49.0,361.0,1265.0,2805
211220,2017,85.0,3.0,19.0,47.0,26.0,487.0,19.0,163.0,31.0,358.0,1262.0,2810
211220,2018,74.0,7.0,34.0,42.0,27.0,538.0,52.0,156.0,72.0,311.0,1338.0,3086
211220,2019,103.0,7.0,46.0,49.0,31.0,510.0,75.0,172.0,92.0,329.0,1465.0,3196
211223,2012,10.0,5.0,2.0,1.0,1.0,32.0,2.0,13.0,11.0,37.0,120.0,290
211223,2013,0.0,0.0,0.0,0.0,0.0,0.0,0.0,0.0,0.0,0.0,159.0,313
211223,2014,13.0,2.0,0.0,4.0,3.0,57.0,34.0,7.0,29.0,31.0,185.0,299
211223,2015,11.0,0.0,4.0,5.0,0.0,66.0,22.0,14.0,38.0,27.0,190.0,358
211223,2016,12.0,0.0,0.0,4.0,4.0,60.0,9.0,25.0,28.0,48.0,190.0,313
211223,2017,14.0,0.0,4.0,9.0,3.0,83.0,14.0,32.0,21.0,56.0,236.0,371
211223,2018,18.0,0.0,4.0,11.0,8.0,81.0,7.0,51.0,14.0,73.0,270.0,361
211223,2019,13.0,1.0,4.0,4.0,2.0,82.0,4.0,44.0,9.0,54.0,218.0,299
211227,2012,3.0,2.0,0.0,1.0,0.0,9.0,4.0,6.0,4.0,15.0,45.0,114
211227,2013,0.0,0.0,0.0,0.0,0.0,0.0,0.0,0.0,0.0,0.0,39.0,109
211227,2014,1.0,2.0,2.0,5.0,2.0,13.0,0.0,5.0,2.0,14.0,48.0,103
211227,2015,0.0,1.0,2.0,0.0,3.0,11.0,1.0,6.0,2.0,6.0,34.0,107
211227,2016,1.0,0.0,4.0,1.0,1.0,14.0,0.0,7.0,4.0,8.0,40.0,109
211227,2017,3.0,2.0,3.0,2.0,3.0,15.0,4.0,8.0,1.0,16.0,58.0,114
211227,2018,3.0,0.0,0.0,3.0,0.0,6.0,0.0,13.0,2.0,14.0,43.0,82
211227,2019,6.0,2.0,0.0,0.0,1.0,20.0,0.0,5.0,0.0,22.0,57.0,101
211230,2012,26.0,1.0,5.0,5.0,5.0,95.0,1.0,47.0,5.0,97.0,292.0,642
211230,2013,0.0,0.0,0.0,0.0,0.0,0.0,0.0,0.0,0.0,0.0,315.0,610
211230,2014,18.0,2.0,4.0,5.0,2.0,102.0,2.0,58.0,6.0,111.0,322.0,615
211230,2015,19.0,3.0,5.0,5.0,3.0,106.0,3.0,46.0,3.0,92.0,289.0,592
211230,2016,7.0,1.0,4.0,6.0,5.0,93.0,4.0,29.0,2.0,79.0,231.0,493
211230,2017,12.0,2.0,4.0,10.0,6.0,87.0,2.0,50.0,3.0,89.0,266.0,534
211230,2018,17.0,3.0,7.0,12.0,9.0,111.0,5.0,51.0,5.0,83.0,304.0,542
211230,2019,12.0,2.0,5.0,14.0,6.0,111.0,4.0,35.0,6.0,108.0,304.0,540
211240,2012,49.0,0.0,7.0,2.0,3.0,37.0,5.0,10.0,10.0,16.0,250.0,803
211240,2013,0.0,0.0,0.0,0.0,0.0,0.0,0.0,0.0,0.0,0.0,206.0,689
211240,2014,26.0,6.0,4.0,7.0,3.0,68.0,3.0,29.0,8.0,90.0,246.0,736
211240,2015,18.0,15.0,4.0,10.0,8.0,54.0,1.0,29.0,6.0,64.0,212.0,657
211240,2016,10.0,9.0,9.0,12.0,11.0,43.0,4.0,28.0,5.0,59.0,191.0,708
211240,2017,13.0,2.0,6.0,7.0,2.0,70.0,13.0,22.0,26.0,54.0,216.0,712
211240,2018,23.0,5.0,13.0,10.0,3.0,78.0,38.0,29.0,68.0,43.0,310.0,694
211240,2019,29.0,4.0,7.0,10.0,7.0,100.0,55.0,9.0,118.0,15.0,356.0,713
211245,2012,1.0,0.0,4.0,0.0,2.0,9.0,2.0,5.0,2.0,7.0,45.0,345
211245,2013,0.0,0.0,0.0,0.0,0.0,0.0,0.0,0.0,0.0,0.0,35.0,341
211245,2014,6.0,0.0,5.0,7.0,5.0,9.0,1.0,10.0,2.0,29.0,79.0,388
211245,2015,3.0,3.0,4.0,1.0,4.0,19.0,2.0,7.0,3.0,25.0,74.0,398
211245,2016,5.0,2.0,0.0,4.0,2.0,13.0,2.0,5.0,3.0,18.0,55.0,344
211245,2017,3.0,0.0,2.0,6.0,2.0,20.0,6.0,1.0,12.0,10.0,63.0,351
211245,2018,7.0,1.0,0.0,1.0,2.0,20.0,8.0,14.0,6.0,28.0,87.0,380
211245,2019,4.0,0.0,0.0,2.0,2.0,16.0,4.0,15.0,11.0,20.0,79.0,330
211250,2012,46.0,3.0,1.0,3.0,3.0,84.0,2.0,79.0,11.0,167.0,399.0,1005
211250,2013,0.0,0.0,0.0,0.0,0.0,0.0,0.0,0.0,0.0,0.0,384.0,985
211250,2014,47.0,3.0,6.0,1.0,7.0,105.0,6.0,90.0,9.0,139.0,419.0,990
211250,2015,39.0,1.0,7.0,0.0,3.0,133.0,9.0,78.0,11.0,174.0,457.0,1046
211250,2016,22.0,0.0,10.0,12.0,9.0,81.0,6.0,45.0,16.0,94.0,312.0,907
211250,2017,21.0,0.0,4.0,4.0,6.0,66.0,1.0,23.0,10.0,63.0,252.0,958
211250,2018,30.0,1.0,8.0,8.0,3.0,106.0,11.0,45.0,16.0,75.0,329.0,1008
211250,2019,28.0,2.0,4.0,4.0,2.0,159.0,10.0,85.0,11.0,153.0,469.0,1068
211260,2012,20.0,3.0,4.0,34.0,24.0,20.0,0.0,3.0,3.0,29.0,166.0,749
211260,2013,0.0,0.0,0.0,0.0,0.0,0.0,0.0,0.0,0.0,0.0,199.0,681
211260,2014,11.0,1.0,0.0,48.0,37.0,21.0,0.0,12.0,2.0,38.0,200.0,661
211260,2015,6.0,1.0,2.0,80.0,64.0,16.0,1.0,6.0,5.0,26.0,211.0,684
211260,2016,11.0,1.0,3.0,83.0,65.0,17.0,2.0,10.0,2.0,21.0,220.0,621
211260,2017,18.0,1.0,2.0,45.0,25.0,32.0,6.0,16.0,13.0,30.0,203.0,656
211260,2018,18.0,0.0,9.0,50.0,32.0,40.0,9.0,15.0,13.0,27.0,229.0,629
211260,2019,19.0,0.0,4.0,109.0,62.0,39.0,5.0,13.0,16.0,28.0,300.0,665
211270,2012,25.0,1.0,9.0,10.0,10.0,46.0,9.0,34.0,6.0,79.0,240.0,930
211270,2013,0.0,0.0,0.0,0.0,0.0,0.0,0.0,0.0,0.0,0.0,244.0,880
211270,2014,21.0,2.0,8.0,8.0,5.0,90.0,4.0,41.0,14.0,82.0,285.0,1015
211270,2015,25.0,4.0,5.0,10.0,7.0,87.0,7.0,56.0,16.0,94.0,318.0,932
211270,2016,46.0,3.0,11.0,14.0,9.0,97.0,5.0,45.0,3.0,94.0,330.0,860
211270,2017,31.0,0.0,8.0,13.0,13.0,94.0,10.0,59.0,16.0,71.0,324.0,903
211270,2018,39.0,4.0,12.0,7.0,7.0,121.0,15.0,56.0,33.0,97.0,406.0,933
211270,2019,26.0,3.0,5.0,5.0,6.0,102.0,43.0,48.0,49.0,85.0,383.0,795
211280,2012,31.0,2.0,6.0,9.0,15.0,40.0,0.0,14.0,13.0,77.0,221.0,981
211280,2013,0.0,0.0,0.0,0.0,0.0,0.0,0.0,0.0,0.0,0.0,274.0,1044
211280,2014,18.0,1.0,9.0,3.0,4.0,51.0,5.0,24.0,1.0,80.0,224.0,1118
211280,2015,22.0,0.0,5.0,5.0,5.0,73.0,4.0,37.0,6.0,74.0,279.0,1071
211280,2016,20.0,0.0,1.0,7.0,3.0,58.0,5.0,42.0,1.0,93.0,252.0,1018
211280,2017,16.0,0.0,10.0,7.0,5.0,35.0,7.0,21.0,6.0,53.0,254.0,1013
211280,2018,16.0,0.0,9.0,1.0,5.0,56.0,3.0,46.0,5.0,58.0,285.0,1046
211280,2019,12.0,2.0,0.0,3.0,2.0,60.0,2.0,37.0,8.0,54.0,223.0,948
211285,2012,5.0,0.0,0.0,4.0,0.0,14.0,3.0,1.0,3.0,9.0,39.0,145
211285,2013,0.0,0.0,0.0,0.0,0.0,0.0,0.0,0.0,0.0,0.0,54.0,123
211285,2014,14.0,0.0,0.0,1.0,0.0,16.0,6.0,10.0,9.0,7.0,67.0,161
211285,2015,5.0,0.0,2.0,1.0,1.0,14.0,4.0,3.0,7.0,13.0,50.0,167
211285,2016,6.0,1.0,0.0,1.0,0.0,22.0,6.0,10.0,2.0,15.0,65.0,161
211285,2017,9.0,0.0,2.0,4.0,0.0,23.0,4.0,16.0,3.0,15.0,78.0,172
211285,2018,2.0,0.0,0.0,3.0,0.0,25.0,4.0,9.0,3.0,14.0,63.0,183
211285,2019,3.0,0.0,7.0,1.0,0.0,21.0,0.0,8.0,4.0,16.0,61.0,171
211290,2012,19.0,1.0,5.0,0.0,13.0,9.0,1.0,7.0,35.0,69.0,208.0,572
211290,2013,0.0,0.0,0.0,0.0,0.0,0.0,0.0,0.0,0.0,0.0,214.0,607
211290,2014,10.0,0.0,6.0,4.0,4.0,57.0,3.0,28.0,7.0,61.0,190.0,531
211290,2015,10.0,1.0,5.0,7.0,3.0,71.0,4.0,26.0,12.0,85.0,227.0,570
211290,2016,11.0,3.0,5.0,4.0,4.0,69.0,16.0,48.0,18.0,76.0,256.0,522
211290,2017,22.0,2.0,2.0,9.0,5.0,55.0,4.0,23.0,14.0,73.0,212.0,493
211290,2018,7.0,0.0,9.0,3.0,4.0,26.0,9.0,15.0,9.0,24.0,219.0,502
211290,2019,13.0,0.0,4.0,4.0,1.0,18.0,8.0,8.0,17.0,7.0,261.0,510
211300,2012,43.0,3.0,4.0,17.0,20.0,59.0,0.0,3.0,33.0,61.0,293.0,527
211300,2013,0.0,0.0,0.0,0.0,0.0,0.0,0.0,0.0,0.0,0.0,281.0,483
211300,2014,20.0,2.0,4.0,6.0,7.0,108.0,10.0,43.0,25.0,99.0,331.0,529
211300,2015,20.0,1.0,6.0,6.0,1.0,101.0,7.0,31.0,21.0,115.0,314.0,521
211300,2016,24.0,0.0,5.0,3.0,2.0,99.0,1.0,39.0,5.0,110.0,293.0,461
211300,2017,20.0,1.0,1.0,6.0,2.0,105.0,5.0,31.0,27.0,88.0,296.0,503
211300,2018,20.0,0.0,6.0,6.0,2.0,119.0,18.0,51.0,50.0,82.0,354.0,490
211300,2019,25.0,0.0,2.0,2.0,1.0,131.0,16.0,50.0,25.0,109.0,362.0,515
211400,2012,46.0,2.0,3.0,7.0,8.0,106.0,6.0,51.0,10.0,128.0,371.0,813
211400,2013,0.0,0.0,0.0,0.0,0.0,0.0,0.0,0.0,0.0,0.0,341.0,837
211400,2014,26.0,23.0,8.0,11.0,10.0,74.0,3.0,26.0,8.0,137.0,350.0,797
211400,2015,24.0,33.0,14.0,3.0,9.0,64.0,1.0,24.0,12.0,114.0,318.0,777
211400,2016,11.0,28.0,9.0,11.0,3.0,96.0,4.0,40.0,16.0,92.0,319.0,803
211400,2017,19.0,7.0,4.0,8.0,9.0,74.0,8.0,35.0,24.0,74.0,297.0,716
211400,2018,16.0,6.0,8.0,21.0,12.0,96.0,14.0,38.0,16.0,112.0,350.0,804
211400,2019,14.0,2.0,4.0,15.0,6.0,106.0,11.0,51.0,19.0,98.0,338.0,731
220000,2015,0.0,0.0,0.0,0.0,0.0,1.0,0.0,0.0,0.0,0.0,1.0,1
220000,2018,0.0,0.0,0.0,0.0,0.0,1.0,0.0,0.0,0.0,0.0,1.0,1
220000,2019,0.0,0.0,0.0,0.0,0.0,0.0,1.0,0.0,0.0,0.0,1.0,2
220005,2012,1.0,0.0,2.0,13.0,2.0,12.0,0.0,0.0,2.0,6.0,44.0,78
220005,2013,0.0,0.0,0.0,0.0,0.0,0.0,0.0,0.0,0.0,0.0,53.0,80
220005,2014,1.0,0.0,2.0,10.0,13.0,8.0,5.0,3.0,7.0,11.0,63.0,87
220005,2015,4.0,1.0,0.0,15.0,15.0,5.0,3.0,8.0,4.0,5.0,60.0,87
220005,2016,2.0,0.0,0.0,15.0,23.0,8.0,3.0,4.0,2.0,2.0,59.0,85
220005,2017,1.0,0.0,0.0,16.0,20.0,15.0,5.0,2.0,2.0,6.0,67.0,105
220005,2018,2.0,0.0,0.0,8.0,19.0,15.0,0.0,7.0,4.0,15.0,71.0,95
220005,2019,8.0,0.0,4.0,0.0,0.0,22.0,2.0,11.0,1.0,26.0,74.0,89
220010,2012,3.0,0.0,1.0,0.0,0.0,10.0,1.0,2.0,2.0,0.0,26.0,72
220010,2013,0.0,0.0,0.0,0.0,0.0,0.0,0.0,0.0,0.0,0.0,26.0,50
220010,2014,3.0,0.0,1.0,1.0,0.0,7.0,0.0,1.0,0.0,12.0,30.0,76
220010,2015,3.0,0.0,3.0,0.0,1.0,12.0,1.0,5.0,1.0,6.0,37.0,84
220010,2016,5.0,0.0,2.0,0.0,0.0,8.0,0.0,2.0,2.0,12.0,32.0,73
220010,2017,3.0,0.0,0.0,1.0,0.0,13.0,1.0,3.0,0.0,8.0,31.0,81
220010,2018,1.0,0.0,0.0,2.0,0.0,19.0,0.0,3.0,2.0,5.0,35.0,76
220010,2019,3.0,0.0,0.0,0.0,0.0,14.0,2.0,3.0,1.0,8.0,33.0,74
220020,2012,11.0,2.0,2.0,1.0,2.0,39.0,6.0,8.0,14.0,18.0,134.0,274
220020,2013,0.0,0.0,0.0,0.0,0.0,0.0,0.0,0.0,0.0,0.0,166.0,295
220020,2014,6.0,0.0,7.0,1.0,2.0,50.0,11.0,9.0,11.0,17.0,177.0,273
220020,2015,13.0,0.0,2.0,5.0,1.0,38.0,7.0,8.0,7.0,40.0,163.0,294
220020,2016,14.0,0.0,6.0,2.0,2.0,39.0,2.0,11.0,15.0,34.0,166.0,278
220020,2017,11.0,0.0,6.0,5.0,2.0,44.0,4.0,13.0,4.0,38.0,185.0,308
220020,2018,9.0,0.0,5.0,2.0,5.0,34.0,2.0,18.0,11.0,31.0,189.0,298
220020,2019,14.0,2.0,3.0,4.0,6.0,61.0,24.0,15.0,28.0,19.0,199.0,329
220025,2012,4.0,0.0,2.0,0.0,1.0,18.0,2.0,3.0,4.0,12.0,72.0,90
220025,2013,0.0,0.0,0.0,0.0,0.0,0.0,0.0,0.0,0.0,0.0,77.0,89
220025,2014,5.0,0.0,2.0,0.0,2.0,15.0,10.0,4.0,8.0,18.0,65.0,78
220025,2015,3.0,0.0,0.0,2.0,1.0,20.0,2.0,8.0,7.0,20.0,63.0,85
220025,2016,1.0,0.0,2.0,4.0,2.0,31.0,7.0,2.0,7.0,20.0,76.0,85
220025,2017,2.0,0.0,4.0,1.0,1.0,29.0,3.0,7.0,4.0,20.0,71.0,85
220025,2018,2.0,1.0,1.0,0.0,0.0,25.0,1.0,3.0,9.0,25.0,67.0,85
220025,2019,3.0,0.0,0.0,3.0,0.0,28.0,3.0,11.0,8.0,18.0,74.0,91
220027,2012,1.0,0.0,0.0,1.0,1.0,16.0,5.0,3.0,16.0,11.0,55.0,67
220027,2013,0.0,0.0,0.0,0.0,0.0,0.0,0.0,0.0,0.0,0.0,50.0,69
220027,2014,3.0,0.0,0.0,2.0,2.0,17.0,5.0,1.0,13.0,4.0,48.0,59
220027,2015,4.0,0.0,6.0,0.0,0.0,19.0,4.0,2.0,13.0,5.0,55.0,71
220027,2016,1.0,0.0,2.0,1.0,2.0,16.0,3.0,3.0,7.0,12.0,47.0,54
220027,2017,2.0,0.0,2.0,3.0,2.0,21.0,3.0,1.0,7.0,19.0,60.0,77
220027,2018,1.0,0.0,0.0,0.0,0.0,13.0,0.0,1.0,11.0,11.0,37.0,54
220027,2019,3.0,0.0,0.0,0.0,0.0,16.0,3.0,1.0,1.0,10.0,34.0,48
220030,2012,2.0,0.0,2.0,2.0,2.0,11.0,0.0,2.0,5.0,11.0,51.0,130
220030,2013,0.0,0.0,0.0,0.0,0.0,0.0,0.0,0.0,0.0,0.0,60.0,134
220030,2014,5.0,0.0,0.0,0.0,5.0,15.0,0.0,3.0,3.0,17.0,52.0,126
220030,2015,4.0,0.0,0.0,2.0,1.0,11.0,1.0,5.0,2.0,19.0,52.0,129
220030,2016,3.0,0.0,1.0,3.0,3.0,18.0,2.0,20.0,6.0,10.0,66.0,126
220030,2017,4.0,0.0,2.0,1.0,3.0,24.0,3.0,13.0,0.0,17.0,68.0,146
220030,2018,11.0,0.0,2.0,2.0,2.0,26.0,4.0,11.0,4.0,14.0,77.0,159
220030,2019,4.0,1.0,2.0,1.0,4.0,13.0,5.0,9.0,1.0,10.0,52.0,112
220040,2012,27.0,1.0,5.0,5.0,5.0,50.0,3.0,19.0,12.0,43.0,232.0,559
220040,2013,0.0,0.0,0.0,0.0,0.0,0.0,0.0,0.0,0.0,0.0,230.0,528
220040,2014,22.0,0.0,8.0,12.0,3.0,66.0,6.0,30.0,13.0,70.0,253.0,588
220040,2015,24.0,2.0,7.0,4.0,7.0,92.0,5.0,41.0,10.0,81.0,292.0,626
220040,2016,20.0,0.0,6.0,19.0,4.0,77.0,7.0,36.0,7.0,85.0,265.0,604
220040,2017,19.0,4.0,6.0,15.0,9.0,93.0,8.0,43.0,8.0,77.0,286.0,643
220040,2018,30.0,1.0,9.0,15.0,9.0,91.0,9.0,40.0,10.0,82.0,305.0,679
220040,2019,37.0,5.0,15.0,13.0,7.0,115.0,13.0,36.0,13.0,74.0,337.0,672
220045,2012,6.0,0.0,0.0,4.0,1.0,13.0,4.0,9.0,14.0,8.0,60.0,84
220045,2013,0.0,0.0,0.0,0.0,0.0,0.0,0.0,0.0,0.0,0.0,36.0,74
220045,2014,2.0,0.0,1.0,1.0,2.0,12.0,6.0,2.0,7.0,9.0,43.0,74
220045,2015,3.0,0.0,0.0,4.0,0.0,17.0,5.0,4.0,15.0,5.0,53.0,84
220045,2016,2.0,0.0,2.0,2.0,1.0,18.0,2.0,6.0,8.0,7.0,49.0,80
220045,2017,1.0,0.0,1.0,1.0,1.0,18.0,13.0,1.0,9.0,12.0,58.0,91
220045,2018,3.0,0.0,0.0,1.0,0.0,23.0,2.0,4.0,11.0,7.0,51.0,79
220045,2019,3.0,0.0,0.0,1.0,1.0,24.0,4.0,2.0,5.0,13.0,53.0,73
220050,2012,10.0,0.0,4.0,2.0,0.0,12.0,1.0,3.0,7.0,14.0,85.0,274
220050,2013,0.0,0.0,0.0,0.0,0.0,0.0,0.0,0.0,0.0,0.0,80.0,256
220050,2014,6.0,0.0,2.0,2.0,3.0,28.0,6.0,10.0,7.0,22.0,98.0,251
220050,2015,8.0,1.0,0.0,4.0,2.0,33.0,2.0,14.0,7.0,28.0,107.0,309
220050,2016,7.0,0.0,8.0,2.0,3.0,41.0,1.0,15.0,4.0,32.0,118.0,304
220050,2017,14.0,1.0,3.0,3.0,10.0,31.0,0.0,19.0,3.0,22.0,110.0,274
220050,2018,14.0,0.0,2.0,2.0,1.0,32.0,2.0,16.0,6.0,26.0,102.0,299
220050,2019,21.0,1.0,6.0,4.0,3.0,42.0,3.0,13.0,5.0,29.0,129.0,306
220060,2012,4.0,0.0,2.0,0.0,1.0,4.0,4.0,4.0,3.0,5.0,41.0,83
220060,2013,0.0,0.0,0.0,0.0,0.0,0.0,0.0,0.0,0.0,0.0,33.0,95
220060,2014,2.0,0.0,0.0,1.0,0.0,7.0,1.0,4.0,3.0,11.0,33.0,81
220060,2015,2.0,1.0,1.0,1.0,0.0,12.0,0.0,5.0,1.0,7.0,35.0,90
220060,2016,6.0,0.0,2.0,2.0,0.0,20.0,1.0,6.0,2.0,10.0,51.0,115
220060,2017,4.0,1.0,0.0,0.0,0.0,9.0,0.0,8.0,4.0,8.0,35.0,85
220060,2018,4.0,0.0,0.0,3.0,0.0,11.0,2.0,7.0,0.0,3.0,38.0,87
220060,2019,4.0,0.0,2.0,1.0,1.0,16.0,0.0,5.0,4.0,7.0,42.0,93
220070,2012,5.0,1.0,2.0,1.0,2.0,17.0,0.0,19.0,0.0,34.0,81.0,138
220070,2013,0.0,0.0,0.0,0.0,0.0,0.0,0.0,0.0,0.0,0.0,81.0,143
220070,2014,4.0,0.0,0.0,6.0,2.0,23.0,0.0,28.0,0.0,32.0,95.0,150
220070,2015,5.0,1.0,2.0,0.0,2.0,25.0,1.0,19.0,0.0,44.0,100.0,144
220070,2016,5.0,1.0,0.0,2.0,4.0,30.0,5.0,17.0,5.0,26.0,95.0,142
220070,2017,4.0,1.0,0.0,1.0,2.0,37.0,8.0,9.0,8.0,18.0,94.0,124
220070,2018,1.0,1.0,3.0,1.0,1.0,24.0,10.0,7.0,9.0,16.0,78.0,123
220070,2019,3.0,0.0,4.0,3.0,1.0,35.0,11.0,7.0,8.0,27.0,100.0,135
220080,2012,3.0,0.0,0.0,0.0,0.0,8.0,0.0,0.0,0.0,4.0,16.0,38
220080,2013,0.0,0.0,0.0,0.0,0.0,0.0,0.0,0.0,0.0,0.0,23.0,44
220080,2014,1.0,0.0,0.0,2.0,0.0,4.0,0.0,2.0,0.0,8.0,17.0,50
220080,2015,2.0,0.0,0.0,0.0,0.0,4.0,1.0,4.0,1.0,4.0,16.0,35
220080,2016,1.0,0.0,2.0,0.0,0.0,4.0,0.0,4.0,2.0,8.0,21.0,45
220080,2017,0.0,0.0,0.0,2.0,1.0,6.0,1.0,5.0,0.0,8.0,23.0,41
220080,2018,0.0,0.0,2.0,0.0,0.0,7.0,0.0,5.0,0.0,7.0,21.0,40
220080,2019,1.0,1.0,0.0,0.0,1.0,12.0,1.0,6.0,0.0,6.0,28.0,57
220090,2012,8.0,0.0,0.0,0.0,0.0,5.0,1.0,4.0,1.0,7.0,30.0,51
220090,2013,0.0,0.0,0.0,0.0,0.0,0.0,0.0,0.0,0.0,0.0,32.0,59
220090,2014,1.0,0.0,0.0,2.0,1.0,6.0,3.0,8.0,2.0,15.0,41.0,67
220090,2015,1.0,0.0,0.0,2.0,0.0,9.0,1.0,9.0,1.0,13.0,37.0,75
220090,2016,5.0,0.0,0.0,0.0,1.0,15.0,0.0,8.0,3.0,12.0,44.0,86
220090,2017,2.0,0.0,0.0,0.0,1.0,9.0,3.0,6.0,4.0,8.0,33.0,63
220090,2018,6.0,0.0,0.0,0.0,0.0,14.0,6.0,1.0,8.0,11.0,46.0,70
220090,2019,6.0,0.0,0.0,1.0,0.0,8.0,7.0,2.0,12.0,4.0,40.0,65
220095,2012,1.0,0.0,0.0,1.0,0.0,5.0,4.0,0.0,6.0,1.0,20.0,29
220095,2013,0.0,0.0,0.0,0.0,0.0,0.0,0.0,0.0,0.0,0.0,16.0,21
220095,2014,1.0,0.0,0.0,1.0,0.0,6.0,2.0,2.0,3.0,3.0,18.0,25
220095,2015,0.0,0.0,2.0,0.0,1.0,14.0,2.0,2.0,6.0,5.0,32.0,42
220095,2016,0.0,0.0,0.0,1.0,0.0,4.0,0.0,1.0,1.0,4.0,11.0,19
220095,2017,3.0,0.0,0.0,0.0,0.0,7.0,0.0,0.0,0.0,3.0,13.0,20
220095,2018,1.0,0.0,0.0,1.0,1.0,5.0,3.0,3.0,4.0,7.0,25.0,33
220095,2019,0.0,1.0,0.0,0.0,0.0,8.0,0.0,3.0,3.0,10.0,25.0,35
220100,2012,4.0,0.0,2.0,0.0,0.0,3.0,0.0,2.0,1.0,10.0,30.0,64
220100,2013,0.0,0.0,0.0,0.0,0.0,0.0,0.0,0.0,0.0,0.0,26.0,51
220100,2014,1.0,0.0,0.0,1.0,0.0,11.0,1.0,7.0,0.0,4.0,25.0,50
220100,2015,0.0,0.0,0.0,1.0,0.0,8.0,0.0,2.0,2.0,12.0,25.0,54
220100,2016,2.0,0.0,0.0,0.0,0.0,5.0,0.0,3.0,2.0,6.0,18.0,46
220100,2017,3.0,0.0,0.0,0.0,1.0,9.0,1.0,4.0,0.0,7.0,25.0,60
220100,2018,1.0,0.0,0.0,0.0,2.0,14.0,0.0,7.0,0.0,10.0,34.0,69
220100,2019,5.0,0.0,2.0,0.0,0.0,10.0,0.0,5.0,0.0,14.0,36.0,60
220105,2012,2.0,0.0,0.0,0.0,0.0,6.0,1.0,1.0,2.0,7.0,26.0,121
220105,2013,0.0,0.0,0.0,0.0,0.0,0.0,0.0,0.0,0.0,0.0,22.0,109
220105,2014,3.0,0.0,2.0,3.0,1.0,8.0,10.0,1.0,0.0,3.0,32.0,131
220105,2015,4.0,0.0,2.0,2.0,1.0,7.0,9.0,2.0,1.0,5.0,35.0,151
220105,2016,3.0,1.0,0.0,0.0,1.0,6.0,1.0,6.0,3.0,9.0,30.0,116
220105,2017,2.0,0.0,2.0,0.0,1.0,7.0,2.0,4.0,1.0,8.0,30.0,111
220105,2018,2.0,0.0,7.0,6.0,0.0,10.0,1.0,7.0,0.0,9.0,42.0,124
220105,2019,0.0,0.0,2.0,3.0,2.0,4.0,2.0,8.0,4.0,11.0,39.0,117
220110,2012,3.0,0.0,0.0,1.0,2.0,2.0,1.0,2.0,2.0,10.0,58.0,190
220110,2013,0.0,0.0,0.0,0.0,0.0,0.0,0.0,0.0,0.0,0.0,82.0,184
220110,2014,7.0,0.0,7.0,4.0,3.0,15.0,10.0,6.0,10.0,12.0,86.0,182
220110,2015,2.0,1.0,2.0,5.0,1.0,22.0,11.0,4.0,10.0,15.0,76.0,159
220110,2016,4.0,0.0,0.0,4.0,2.0,26.0,7.0,5.0,11.0,7.0,68.0,170
220110,2017,4.0,0.0,0.0,2.0,5.0,33.0,11.0,6.0,13.0,13.0,88.0,190
220110,2018,3.0,1.0,5.0,3.0,1.0,32.0,5.0,9.0,12.0,17.0,88.0,176
220110,2019,6.0,0.0,2.0,18.0,3.0,34.0,7.0,9.0,6.0,15.0,102.0,212
220115,2012,3.0,1.0,0.0,14.0,6.0,18.0,1.0,3.0,3.0,5.0,65.0,172
220115,2013,0.0,0.0,0.0,0.0,0.0,0.0,0.0,0.0,0.0,0.0,146.0,243
220115,2014,7.0,0.0,0.0,1.0,3.0,28.0,6.0,19.0,14.0,28.0,106.0,220
220115,2015,13.0,0.0,5.0,2.0,1.0,37.0,9.0,16.0,11.0,46.0,152.0,283
220115,2016,17.0,0.0,0.0,1.0,1.0,31.0,13.0,23.0,20.0,32.0,142.0,208
220115,2017,28.0,2.0,2.0,4.0,3.0,49.0,16.0,14.0,24.0,23.0,168.0,250
220115,2018,22.0,0.0,1.0,1.0,0.0,68.0,17.0,15.0,26.0,24.0,175.0,265
220115,2019,18.0,0.0,6.0,4.0,1.0,68.0,12.0,21.0,24.0,32.0,186.0,284
220117,2012,4.0,0.0,0.0,1.0,0.0,4.0,1.0,4.0,0.0,3.0,21.0,55
220117,2013,0.0,0.0,0.0,0.0,0.0,0.0,0.0,0.0,0.0,0.0,35.0,46
220117,2014,0.0,0.0,0.0,0.0,0.0,8.0,0.0,8.0,0.0,15.0,32.0,50
220117,2015,0.0,0.0,1.0,0.0,1.0,7.0,0.0,7.0,0.0,4.0,20.0,44
220117,2016,2.0,0.0,0.0,1.0,0.0,12.0,0.0,7.0,1.0,9.0,32.0,58
220117,2017,3.0,0.0,2.0,0.0,0.0,5.0,1.0,3.0,2.0,6.0,22.0,44
220117,2018,1.0,0.0,2.0,2.0,2.0,7.0,4.0,1.0,5.0,6.0,30.0,52
220117,2019,3.0,0.0,2.0,0.0,0.0,6.0,3.0,0.0,7.0,3.0,25.0,36
220120,2012,20.0,1.0,4.0,3.0,5.0,71.0,6.0,20.0,17.0,76.0,289.0,757
220120,2013,0.0,0.0,0.0,0.0,0.0,0.0,0.0,0.0,0.0,0.0,299.0,765
220120,2014,12.0,0.0,10.0,9.0,4.0,59.0,10.0,29.0,13.0,53.0,227.0,706
220120,2015,21.0,0.0,11.0,9.0,7.0,86.0,6.0,25.0,11.0,64.0,260.0,780
220120,2016,30.0,0.0,6.0,4.0,12.0,92.0,5.0,34.0,12.0,64.0,271.0,731
220120,2017,22.0,2.0,6.0,9.0,7.0,96.0,14.0,40.0,10.0,84.0,302.0,738
220120,2018,22.0,2.0,26.0,10.0,5.0,111.0,18.0,58.0,16.0,86.0,361.0,797
220120,2019,25.0,3.0,5.0,8.0,4.0,103.0,8.0,56.0,15.0,64.0,297.0,678
220130,2012,2.0,0.0,0.0,0.0,1.0,2.0,1.0,1.0,1.0,2.0,10.0,46
220130,2013,0.0,0.0,0.0,0.0,0.0,0.0,0.0,0.0,0.0,0.0,9.0,48
220130,2014,1.0,0.0,0.0,1.0,0.0,1.0,0.0,3.0,1.0,2.0,9.0,25
220130,2015,1.0,0.0,2.0,0.0,1.0,2.0,1.0,1.0,1.0,2.0,11.0,34
220130,2016,1.0,0.0,0.0,0.0,0.0,1.0,1.0,1.0,2.0,2.0,9.0,35
220130,2017,1.0,0.0,0.0,1.0,0.0,2.0,2.0,1.0,1.0,4.0,12.0,39
220130,2018,0.0,1.0,0.0,0.0,2.0,7.0,2.0,2.0,4.0,5.0,23.0,51
220130,2019,0.0,0.0,0.0,1.0,0.0,8.0,3.0,3.0,1.0,4.0,21.0,43
220140,2012,3.0,0.0,2.0,0.0,0.0,11.0,1.0,3.0,3.0,9.0,53.0,116
220140,2013,0.0,0.0,0.0,0.0,0.0,0.0,0.0,0.0,0.0,0.0,43.0,102
220140,2014,4.0,0.0,3.0,3.0,2.0,11.0,1.0,8.0,3.0,17.0,63.0,117
220140,2015,7.0,0.0,0.0,0.0,1.0,13.0,1.0,3.0,2.0,11.0,39.0,92
220140,2016,9.0,0.0,0.0,1.0,2.0,16.0,0.0,5.0,3.0,10.0,48.0,94
220140,2017,1.0,0.0,3.0,2.0,0.0,13.0,0.0,8.0,0.0,5.0,34.0,81
220140,2018,2.0,0.0,0.0,1.0,0.0,13.0,4.0,4.0,0.0,10.0,39.0,97
220140,2019,3.0,0.0,0.0,1.0,2.0,15.0,0.0,6.0,3.0,3.0,33.0,73
220150,2012,10.0,2.0,2.0,1.0,3.0,30.0,8.0,16.0,13.0,28.0,126.0,330
220150,2013,0.0,0.0,0.0,0.0,0.0,0.0,0.0,0.0,0.0,0.0,124.0,340
220150,2014,9.0,2.0,3.0,3.0,4.0,31.0,7.0,11.0,4.0,34.0,114.0,336
220150,2015,13.0,2.0,0.0,5.0,3.0,46.0,3.0,29.0,8.0,50.0,164.0,378
220150,2016,10.0,0.0,0.0,1.0,5.0,44.0,1.0,33.0,1.0,59.0,157.0,365
220150,2017,6.0,0.0,0.0,2.0,3.0,48.0,3.0,38.0,5.0,39.0,146.0,352
220150,2018,18.0,1.0,10.0,8.0,1.0,52.0,5.0,42.0,1.0,52.0,192.0,383
220150,2019,11.0,1.0,3.0,7.0,3.0,53.0,1.0,30.0,10.0,52.0,173.0,344
220155,2012,1.0,0.0,0.0,1.0,0.0,3.0,1.0,0.0,0.0,8.0,16.0,57
220155,2013,0.0,0.0,0.0,0.0,0.0,0.0,0.0,0.0,0.0,0.0,15.0,50
220155,2014,3.0,0.0,0.0,0.0,1.0,6.0,1.0,2.0,1.0,3.0,17.0,48
220155,2015,3.0,1.0,1.0,0.0,1.0,2.0,0.0,2.0,0.0,13.0,23.0,50
220155,2016,0.0,0.0,0.0,2.0,2.0,4.0,0.0,8.0,0.0,7.0,23.0,51
220155,2017,0.0,0.0,0.0,2.0,0.0,5.0,1.0,0.0,0.0,4.0,12.0,39
220155,2018,2.0,0.0,2.0,1.0,1.0,6.0,1.0,6.0,0.0,9.0,28.0,51
220155,2019,1.0,0.0,4.0,1.0,3.0,5.0,0.0,6.0,4.0,5.0,29.0,61
220157,2012,1.0,0.0,2.0,2.0,1.0,3.0,2.0,1.0,3.0,4.0,20.0,31
220157,2013,0.0,0.0,0.0,0.0,0.0,0.0,0.0,0.0,0.0,0.0,24.0,38
220157,2014,2.0,0.0,0.0,0.0,0.0,3.0,3.0,1.0,8.0,2.0,19.0,30
220157,2015,4.0,0.0,0.0,1.0,0.0,7.0,3.0,2.0,4.0,3.0,24.0,36
220157,2016,3.0,0.0,0.0,0.0,0.0,9.0,2.0,1.0,7.0,1.0,23.0,36
220157,2017,1.0,0.0,2.0,1.0,0.0,10.0,1.0,0.0,5.0,6.0,26.0,39
220157,2018,1.0,0.0,0.0,0.0,0.0,7.0,2.0,4.0,2.0,5.0,21.0,23
220157,2019,3.0,0.0,0.0,1.0,0.0,10.0,2.0,1.0,2.0,5.0,24.0,34
220160,2012,3.0,1.0,2.0,1.0,1.0,6.0,3.0,9.0,4.0,10.0,50.0,136
220160,2013,0.0,0.0,0.0,0.0,0.0,0.0,0.0,0.0,0.0,0.0,62.0,128
220160,2014,5.0,0.0,0.0,1.0,2.0,15.0,3.0,13.0,6.0,14.0,62.0,126
220160,2015,1.0,0.0,2.0,2.0,2.0,19.0,4.0,8.0,6.0,16.0,63.0,143
220160,2016,2.0,0.0,0.0,9.0,5.0,26.0,2.0,7.0,3.0,9.0,66.0,127
220160,2017,6.0,0.0,0.0,2.0,1.0,21.0,1.0,10.0,4.0,7.0,55.0,121
220160,2018,6.0,1.0,1.0,3.0,3.0,18.0,4.0,9.0,6.0,10.0,61.0,124
220160,2019,5.0,0.0,2.0,4.0,2.0,19.0,3.0,11.0,6.0,11.0,63.0,113
220170,2012,8.0,0.0,0.0,0.0,3.0,14.0,0.0,2.0,5.0,4.0,43.0,90
220170,2013,0.0,0.0,0.0,0.0,0.0,0.0,0.0,0.0,0.0,0.0,47.0,93
220170,2014,1.0,0.0,0.0,3.0,0.0,18.0,0.0,6.0,2.0,17.0,50.0,82
220170,2015,2.0,0.0,0.0,0.0,0.0,24.0,1.0,8.0,5.0,12.0,55.0,83
220170,2016,3.0,0.0,3.0,1.0,1.0,16.0,1.0,4.0,0.0,11.0,40.0,75
220170,2017,3.0,1.0,4.0,2.0,0.0,14.0,1.0,6.0,0.0,12.0,43.0,69
220170,2018,2.0,0.0,4.0,0.0,2.0,24.0,1.0,13.0,0.0,9.0,55.0,88
220170,2019,3.0,0.0,0.0,0.0,1.0,21.0,0.0,7.0,2.0,12.0,46.0,73
220173,2012,0.0,1.0,0.0,24.0,4.0,6.0,0.0,1.0,0.0,6.0,50.0,110
220173,2013,0.0,0.0,0.0,0.0,0.0,0.0,0.0,0.0,0.0,0.0,36.0,90
220173,2014,3.0,2.0,6.0,3.0,2.0,9.0,0.0,4.0,4.0,16.0,55.0,98
220173,2015,0.0,2.0,2.0,4.0,3.0,10.0,0.0,13.0,4.0,20.0,61.0,117
220173,2016,3.0,0.0,1.0,8.0,4.0,14.0,2.0,3.0,8.0,11.0,54.0,118
220173,2017,1.0,0.0,2.0,11.0,12.0,8.0,2.0,5.0,2.0,11.0,54.0,104
220173,2018,2.0,0.0,0.0,6.0,6.0,13.0,10.0,6.0,6.0,24.0,74.0,116
220173,2019,3.0,1.0,0.0,0.0,2.0,23.0,3.0,2.0,4.0,14.0,52.0,105
220177,2012,0.0,1.0,0.0,0.0,1.0,10.0,0.0,4.0,0.0,10.0,35.0,103
220177,2013,0.0,0.0,0.0,0.0,0.0,0.0,0.0,0.0,0.0,0.0,28.0,90
220177,2014,1.0,0.0,4.0,2.0,2.0,8.0,6.0,4.0,4.0,8.0,43.0,107
220177,2015,5.0,0.0,4.0,1.0,0.0,8.0,3.0,5.0,2.0,7.0,39.0,98
220177,2016,2.0,0.0,2.0,5.0,4.0,12.0,1.0,3.0,2.0,7.0,40.0,82
220177,2017,0.0,0.0,0.0,3.0,2.0,8.0,1.0,8.0,1.0,4.0,27.0,73
220177,2018,2.0,0.0,0.0,1.0,2.0,21.0,2.0,8.0,1.0,13.0,51.0,99
220177,2019,3.0,1.0,0.0,1.0,0.0,15.0,3.0,8.0,0.0,18.0,49.0,85
220180,2012,6.0,0.0,0.0,2.0,1.0,12.0,7.0,0.0,7.0,9.0,47.0,51
220180,2013,0.0,0.0,0.0,0.0,0.0,0.0,0.0,0.0,0.0,0.0,29.0,36
220180,2014,2.0,1.0,0.0,1.0,1.0,14.0,3.0,4.0,7.0,4.0,37.0,42
220180,2015,1.0,0.0,0.0,4.0,2.0,7.0,5.0,2.0,6.0,5.0,32.0,38
220180,2016,3.0,0.0,0.0,0.0,0.0,13.0,2.0,6.0,6.0,10.0,40.0,46
220180,2017,3.0,0.0,1.0,2.0,1.0,8.0,0.0,0.0,1.0,12.0,28.0,39
220180,2018,1.0,0.0,0.0,1.0,3.0,14.0,1.0,7.0,3.0,10.0,40.0,48
220180,2019,2.0,0.0,0.0,1.0,0.0,20.0,0.0,8.0,1.0,13.0,45.0,52
220190,2012,16.0,0.0,8.0,8.0,9.0,83.0,12.0,19.0,28.0,66.0,258.0,425
220190,2013,0.0,0.0,0.0,0.0,0.0,0.0,0.0,0.0,0.0,0.0,293.0,472
220190,2014,21.0,0.0,4.0,10.0,14.0,99.0,34.0,26.0,65.0,50.0,324.0,452
220190,2015,21.0,1.0,11.0,10.0,5.0,99.0,32.0,18.0,87.0,59.0,345.0,482
220190,2016,20.0,0.0,6.0,8.0,11.0,114.0,23.0,17.0,65.0,66.0,330.0,488
220190,2017,17.0,0.0,0.0,5.0,6.0,136.0,18.0,25.0,58.0,51.0,317.0,467
220190,2018,25.0,0.0,4.0,5.0,4.0,144.0,27.0,23.0,55.0,58.0,345.0,517
220190,2019,31.0,1.0,17.0,11.0,5.0,153.0,28.0,40.0,45.0,70.0,403.0,569
220191,2012,4.0,1.0,0.0,0.0,0.0,5.0,2.0,1.0,7.0,4.0,26.0,87
220191,2013,0.0,0.0,0.0,0.0,0.0,0.0,0.0,0.0,0.0,0.0,33.0,87
220191,2014,1.0,1.0,0.0,1.0,0.0,7.0,8.0,0.0,14.0,3.0,36.0,90
220191,2015,4.0,0.0,2.0,2.0,1.0,9.0,2.0,3.0,9.0,2.0,34.0,97
220191,2016,0.0,0.0,2.0,2.0,0.0,9.0,4.0,4.0,2.0,3.0,26.0,75
220191,2017,2.0,0.0,2.0,1.0,1.0,14.0,6.0,0.0,5.0,7.0,38.0,100
220191,2018,2.0,0.0,2.0,1.0,1.0,12.0,2.0,3.0,4.0,6.0,33.0,85
220191,2019,7.0,0.0,0.0,1.0,1.0,8.0,2.0,2.0,1.0,10.0,32.0,89
220192,2012,5.0,1.0,4.0,2.0,1.0,6.0,1.0,13.0,0.0,16.0,49.0,85
220192,2013,0.0,0.0,0.0,0.0,0.0,0.0,0.0,0.0,0.0,0.0,37.0,76
220192,2014,1.0,0.0,1.0,1.0,0.0,11.0,0.0,12.0,1.0,16.0,43.0,78
220192,2015,2.0,2.0,2.0,1.0,3.0,10.0,1.0,13.0,0.0,20.0,54.0,79
220192,2016,1.0,0.0,0.0,1.0,0.0,18.0,2.0,17.0,0.0,21.0,61.0,103
220192,2017,0.0,0.0,0.0,1.0,0.0,10.0,2.0,8.0,7.0,15.0,44.0,85
220192,2018,1.0,0.0,0.0,3.0,0.0,22.0,1.0,6.0,2.0,9.0,45.0,75
220192,2019,2.0,0.0,0.0,2.0,0.0,14.0,2.0,8.0,3.0,15.0,46.0,75
220194,2012,1.0,1.0,0.0,2.0,1.0,7.0,0.0,3.0,1.0,5.0,25.0,117
220194,2013,0.0,0.0,0.0,0.0,0.0,0.0,0.0,0.0,0.0,0.0,44.0,101
220194,2014,3.0,0.0,0.0,0.0,0.0,12.0,14.0,4.0,5.0,9.0,49.0,116
220194,2015,0.0,0.0,0.0,0.0,1.0,16.0,4.0,11.0,3.0,8.0,46.0,122
220194,2016,2.0,0.0,0.0,6.0,2.0,11.0,2.0,5.0,2.0,10.0,42.0,85
220194,2017,2.0,0.0,2.0,8.0,2.0,9.0,2.0,9.0,4.0,7.0,45.0,97
220194,2018,5.0,0.0,2.0,4.0,1.0,10.0,4.0,2.0,2.0,1.0,31.0,77
220194,2019,1.0,0.0,0.0,2.0,5.0,8.0,0.0,4.0,5.0,6.0,31.0,73
220196,2012,4.0,0.0,0.0,1.0,1.0,12.0,0.0,7.0,2.0,12.0,47.0,102
220196,2013,0.0,0.0,0.0,0.0,0.0,0.0,0.0,0.0,0.0,0.0,45.0,91
220196,2014,1.0,0.0,0.0,1.0,0.0,9.0,1.0,10.0,1.0,19.0,44.0,90
220196,2015,5.0,0.0,2.0,0.0,0.0,12.0,0.0,19.0,0.0,18.0,57.0,113
220196,2016,4.0,0.0,1.0,1.0,0.0,20.0,0.0,6.0,2.0,13.0,48.0,100
220196,2017,4.0,0.0,2.0,2.0,0.0,10.0,1.0,5.0,3.0,23.0,50.0,85
220196,2018,6.0,0.0,2.0,0.0,1.0,14.0,2.0,9.0,0.0,14.0,48.0,92
220196,2019,0.0,0.0,2.0,0.0,0.0,16.0,0.0,8.0,6.0,17.0,50.0,88
220198,2012,2.0,0.0,0.0,2.0,0.0,8.0,0.0,3.0,1.0,10.0,26.0,36
220198,2013,0.0,0.0,0.0,0.0,0.0,0.0,0.0,0.0,0.0,0.0,41.0,63
220198,2014,0.0,0.0,2.0,2.0,0.0,16.0,1.0,3.0,0.0,4.0,28.0,45
220198,2015,0.0,0.0,0.0,1.0,0.0,10.0,1.0,5.0,1.0,10.0,28.0,47
220198,2016,1.0,0.0,0.0,1.0,2.0,15.0,0.0,2.0,0.0,12.0,33.0,51
220198,2017,2.0,0.0,2.0,1.0,0.0,13.0,1.0,3.0,3.0,2.0,27.0,44
220198,2018,0.0,0.0,0.0,1.0,1.0,14.0,3.0,2.0,1.0,5.0,27.0,46
220198,2019,3.0,0.0,0.0,1.0,0.0,14.0,0.0,3.0,2.0,15.0,39.0,63
220200,2012,11.0,0.0,5.0,4.0,2.0,34.0,12.0,8.0,27.0,10.0,117.0,285
220200,2013,0.0,0.0,0.0,0.0,0.0,0.0,0.0,0.0,0.0,0.0,91.0,308
220200,2014,5.0,1.0,0.0,4.0,1.0,18.0,7.0,10.0,12.0,29.0,88.0,314
220200,2015,7.0,1.0,7.0,4.0,1.0,48.0,5.0,14.0,17.0,19.0,124.0,348
220200,2016,5.0,2.0,0.0,2.0,5.0,30.0,13.0,11.0,19.0,14.0,102.0,289
220200,2017,9.0,1.0,8.0,3.0,6.0,41.0,5.0,16.0,12.0,20.0,121.0,328
220200,2018,8.0,0.0,6.0,6.0,2.0,52.0,8.0,31.0,8.0,27.0,149.0,348
220200,2019,7.0,0.0,4.0,5.0,5.0,39.0,5.0,23.0,7.0,24.0,119.0,326
220202,2012,5.0,0.0,0.0,1.0,1.0,6.0,5.0,2.0,1.0,5.0,34.0,93
220202,2013,0.0,0.0,0.0,0.0,0.0,0.0,0.0,0.0,0.0,0.0,24.0,74
220202,2014,1.0,0.0,0.0,0.0,1.0,14.0,5.0,2.0,4.0,6.0,33.0,72
220202,2015,3.0,0.0,2.0,4.0,0.0,15.0,4.0,0.0,2.0,6.0,36.0,87
220202,2016,2.0,0.0,0.0,2.0,3.0,3.0,7.0,2.0,1.0,4.0,25.0,71
220202,2017,1.0,1.0,0.0,2.0,1.0,12.0,3.0,2.0,4.0,5.0,31.0,78
220202,2018,3.0,0.0,0.0,1.0,1.0,5.0,2.0,2.0,2.0,7.0,23.0,65
220202,2019,0.0,1.0,0.0,0.0,1.0,7.0,2.0,4.0,2.0,3.0,20.0,63
220205,2012,4.0,0.0,0.0,2.0,2.0,17.0,5.0,3.0,2.0,11.0,57.0,155
220205,2013,0.0,0.0,0.0,0.0,0.0,0.0,0.0,0.0,0.0,0.0,46.0,113
220205,2014,1.0,1.0,2.0,2.0,0.0,17.0,2.0,8.0,0.0,11.0,47.0,118
220205,2015,4.0,1.0,0.0,4.0,0.0,20.0,2.0,10.0,0.0,17.0,59.0,140
220205,2016,4.0,0.0,0.0,6.0,2.0,11.0,0.0,5.0,1.0,18.0,47.0,119
220205,2017,1.0,0.0,0.0,5.0,6.0,13.0,5.0,1.0,3.0,12.0,47.0,101
220205,2018,2.0,0.0,2.0,2.0,3.0,13.0,2.0,2.0,2.0,14.0,43.0,111
220205,2019,0.0,0.0,2.0,5.0,1.0,26.0,0.0,9.0,3.0,18.0,65.0,130
220207,2012,0.0,1.0,1.0,0.0,0.0,8.0,2.0,2.0,2.0,2.0,19.0,39
220207,2013,0.0,0.0,0.0,0.0,0.0,0.0,0.0,0.0,0.0,0.0,13.0,25
220207,2014,0.0,0.0,0.0,0.0,0.0,1.0,1.0,0.0,2.0,3.0,7.0,37
220207,2015,1.0,0.0,0.0,1.0,0.0,9.0,0.0,3.0,2.0,5.0,21.0,41
220207,2016,2.0,0.0,0.0,1.0,1.0,5.0,1.0,1.0,6.0,6.0,23.0,43
220207,2017,1.0,0.0,2.0,0.0,1.0,8.0,0.0,3.0,1.0,4.0,20.0,38
220207,2018,2.0,0.0,0.0,0.0,0.0,5.0,1.0,1.0,1.0,6.0,16.0,36
220207,2019,2.0,0.0,0.0,2.0,0.0,8.0,1.0,3.0,1.0,2.0,19.0,45
220208,2012,3.0,0.0,1.0,1.0,0.0,7.0,2.0,1.0,5.0,6.0,29.0,84
220208,2013,0.0,0.0,0.0,0.0,0.0,0.0,0.0,0.0,0.0,0.0,26.0,88
220208,2014,5.0,0.0,0.0,3.0,0.0,7.0,6.0,2.0,5.0,7.0,35.0,117
220208,2015,3.0,1.0,0.0,1.0,1.0,4.0,2.0,2.0,5.0,6.0,26.0,93
220208,2016,3.0,0.0,0.0,3.0,1.0,4.0,1.0,4.0,4.0,10.0,30.0,118
220208,2017,5.0,0.0,2.0,5.0,1.0,13.0,0.0,2.0,3.0,6.0,37.0,110
220208,2018,3.0,0.0,0.0,2.0,2.0,6.0,1.0,1.0,9.0,6.0,30.0,102
220208,2019,5.0,0.0,2.0,1.0,2.0,6.0,0.0,4.0,4.0,11.0,35.0,112
220209,2012,4.0,1.0,0.0,0.0,0.0,11.0,9.0,2.0,8.0,5.0,40.0,73
220209,2013,0.0,0.0,0.0,0.0,0.0,0.0,0.0,0.0,0.0,0.0,21.0,54
220209,2014,1.0,0.0,1.0,1.0,0.0,7.0,5.0,5.0,2.0,2.0,25.0,56
220209,2015,2.0,2.0,1.0,1.0,0.0,11.0,2.0,8.0,6.0,10.0,43.0,76
220209,2016,4.0,0.0,2.0,1.0,1.0,5.0,5.0,8.0,2.0,10.0,38.0,64
220209,2017,1.0,0.0,0.0,1.0,1.0,3.0,0.0,10.0,6.0,15.0,37.0,65
220209,2018,1.0,0.0,0.0,1.0,2.0,11.0,0.0,9.0,3.0,13.0,40.0,76
220209,2019,1.0,0.0,2.0,1.0,0.0,14.0,1.0,5.0,5.0,8.0,37.0,67
220210,2012,3.0,0.0,2.0,2.0,0.0,5.0,0.0,1.0,2.0,9.0,26.0,64
220210,2013,0.0,0.0,0.0,0.0,0.0,0.0,0.0,0.0,0.0,0.0,31.0,71
220210,2014,0.0,0.0,0.0,0.0,0.0,9.0,1.0,6.0,2.0,9.0,28.0,59
220210,2015,0.0,0.0,0.0,1.0,0.0,13.0,1.0,7.0,1.0,7.0,31.0,57
220210,2016,1.0,0.0,2.0,0.0,2.0,5.0,0.0,3.0,2.0,7.0,22.0,49
220210,2017,2.0,0.0,1.0,1.0,0.0,12.0,2.0,4.0,3.0,12.0,37.0,56
220210,2018,1.0,0.0,2.0,0.0,0.0,7.0,0.0,5.0,4.0,7.0,26.0,54
220210,2019,1.0,0.0,0.0,0.0,0.0,10.0,3.0,4.0,2.0,8.0,28.0,58
220211,2012,0.0,0.0,0.0,0.0,1.0,9.0,0.0,7.0,0.0,16.0,34.0,70
220211,2013,0.0,0.0,0.0,0.0,0.0,0.0,0.0,0.0,0.0,0.0,35.0,66
220211,2014,0.0,0.0,0.0,0.0,1.0,8.0,1.0,4.0,1.0,15.0,30.0,56
220211,2015,2.0,0.0,0.0,0.0,0.0,7.0,0.0,9.0,4.0,16.0,38.0,67
220211,2016,0.0,0.0,2.0,2.0,0.0,7.0,2.0,5.0,4.0,11.0,33.0,58
220211,2017,1.0,0.0,0.0,0.0,2.0,18.0,1.0,9.0,1.0,11.0,43.0,60
220211,2018,2.0,0.0,0.0,0.0,3.0,11.0,0.0,5.0,3.0,25.0,49.0,69
220211,2019,4.0,0.0,0.0,1.0,0.0,10.0,1.0,3.0,2.0,11.0,32.0,47
220213,2012,5.0,0.0,0.0,0.0,0.0,30.0,5.0,2.0,10.0,12.0,71.0,98
220213,2013,0.0,0.0,0.0,0.0,0.0,0.0,0.0,0.0,0.0,0.0,50.0,71
220213,2014,3.0,0.0,2.0,0.0,1.0,18.0,3.0,5.0,9.0,15.0,56.0,72
220213,2015,4.0,0.0,2.0,1.0,0.0,31.0,8.0,5.0,17.0,12.0,80.0,99
220213,2016,1.0,0.0,2.0,0.0,1.0,26.0,5.0,3.0,20.0,18.0,76.0,94
220213,2017,1.0,0.0,2.0,0.0,0.0,23.0,5.0,3.0,10.0,7.0,51.0,66
220213,2018,1.0,0.0,2.0,4.0,2.0,34.0,1.0,2.0,8.0,15.0,69.0,93
220213,2019,0.0,0.0,3.0,1.0,0.0,32.0,2.0,8.0,12.0,10.0,68.0,91
220217,2012,2.0,1.0,0.0,0.0,0.0,4.0,3.0,4.0,3.0,5.0,24.0,105
220217,2013,0.0,0.0,0.0,0.0,0.0,0.0,0.0,0.0,0.0,0.0,38.0,103
220217,2014,4.0,0.0,3.0,1.0,1.0,14.0,2.0,6.0,1.0,5.0,38.0,116
220217,2015,5.0,1.0,0.0,2.0,0.0,16.0,0.0,14.0,0.0,12.0,50.0,144
220217,2016,2.0,0.0,0.0,3.0,0.0,6.0,3.0,18.0,0.0,19.0,52.0,107
220217,2017,2.0,0.0,2.0,1.0,1.0,9.0,1.0,9.0,1.0,10.0,36.0,96
220217,2018,2.0,0.0,2.0,1.0,0.0,8.0,0.0,7.0,0.0,13.0,33.0,90
220217,2019,1.0,1.0,2.0,3.0,1.0,14.0,0.0,8.0,0.0,16.0,47.0,106
220220,2012,20.0,6.0,5.0,4.0,4.0,72.0,12.0,47.0,23.0,57.0,290.0,946
220220,2013,0.0,0.0,0.0,0.0,0.0,0.0,0.0,0.0,0.0,0.0,331.0,795
220220,2014,17.0,0.0,6.0,5.0,9.0,86.0,29.0,44.0,43.0,79.0,325.0,735
220220,2015,26.0,1.0,2.0,7.0,4.0,94.0,17.0,32.0,47.0,74.0,315.0,629
220220,2016,19.0,3.0,5.0,31.0,30.0,81.0,12.0,44.0,22.0,76.0,324.0,560
220220,2017,35.0,2.0,2.0,54.0,23.0,82.0,8.0,38.0,18.0,82.0,346.0,605
220220,2018,22.0,2.0,7.0,23.0,23.0,86.0,5.0,44.0,12.0,86.0,317.0,589
220220,2019,24.0,5.0,7.0,16.0,15.0,99.0,4.0,61.0,14.0,96.0,345.0,614
220225,2012,3.0,0.0,0.0,0.0,0.0,7.0,0.0,0.0,1.0,4.0,17.0,33
220225,2013,0.0,0.0,0.0,0.0,0.0,0.0,0.0,0.0,0.0,0.0,24.0,42
220225,2014,2.0,0.0,2.0,0.0,1.0,5.0,1.0,9.0,3.0,3.0,26.0,43
220225,2015,2.0,0.0,0.0,1.0,0.0,11.0,1.0,1.0,0.0,3.0,21.0,44
220225,2016,1.0,0.0,0.0,0.0,2.0,6.0,0.0,3.0,0.0,4.0,16.0,31
220225,2017,0.0,0.0,0.0,0.0,0.0,8.0,0.0,4.0,0.0,8.0,21.0,47
220225,2018,1.0,0.0,4.0,2.0,0.0,5.0,1.0,1.0,0.0,9.0,24.0,51
220225,2019,2.0,0.0,2.0,0.0,0.0,5.0,0.0,4.0,1.0,12.0,26.0,50
220230,2012,24.0,1.0,2.0,4.0,4.0,33.0,1.0,11.0,7.0,44.0,144.0,228
220230,2013,0.0,0.0,0.0,0.0,0.0,0.0,0.0,0.0,0.0,0.0,156.0,264
220230,2014,10.0,5.0,5.0,4.0,3.0,40.0,1.0,18.0,9.0,58.0,153.0,252
220230,2015,6.0,1.0,6.0,6.0,4.0,69.0,6.0,24.0,12.0,45.0,182.0,289
220230,2016,15.0,2.0,8.0,2.0,2.0,46.0,4.0,23.0,8.0,72.0,192.0,282
220230,2017,11.0,1.0,2.0,2.0,4.0,50.0,5.0,16.0,6.0,51.0,152.0,268
220230,2018,10.0,0.0,0.0,4.0,2.0,57.0,2.0,20.0,6.0,48.0,151.0,254
220230,2019,13.0,2.0,7.0,8.0,5.0,60.0,5.0,22.0,2.0,59.0,187.0,295
220240,2012,6.0,3.0,1.0,0.0,0.0,13.0,6.0,7.0,6.0,14.0,65.0,141
220240,2013,0.0,0.0,0.0,0.0,0.0,0.0,0.0,0.0,0.0,0.0,71.0,166
220240,2014,9.0,1.0,0.0,1.0,1.0,30.0,7.0,16.0,5.0,16.0,86.0,199
220240,2015,5.0,0.0,3.0,2.0,0.0,16.0,3.0,11.0,6.0,19.0,66.0,145
220240,2016,5.0,1.0,4.0,8.0,5.0,16.0,6.0,6.0,7.0,20.0,80.0,149
220240,2017,11.0,0.0,0.0,3.0,2.0,31.0,0.0,16.0,3.0,19.0,87.0,168
220240,2018,7.0,2.0,3.0,10.0,4.0,26.0,5.0,16.0,2.0,17.0,93.0,173
220240,2019,6.0,1.0,0.0,6.0,2.0,25.0,1.0,20.0,7.0,27.0,97.0,156
220245,2012,2.0,0.0,0.0,2.0,0.0,8.0,0.0,4.0,0.0,10.0,26.0,44
220245,2013,0.0,0.0,0.0,0.0,0.0,0.0,0.0,0.0,0.0,0.0,11.0,27
220245,2014,4.0,1.0,0.0,1.0,3.0,6.0,0.0,4.0,2.0,8.0,29.0,51
220245,2015,1.0,0.0,0.0,0.0,0.0,3.0,1.0,7.0,0.0,10.0,22.0,49
220245,2016,3.0,0.0,0.0,1.0,1.0,8.0,3.0,7.0,3.0,12.0,38.0,62
220245,2017,0.0,0.0,0.0,0.0,1.0,10.0,1.0,2.0,0.0,15.0,30.0,48
220245,2018,0.0,0.0,0.0,0.0,1.0,12.0,0.0,9.0,0.0,8.0,30.0,52
220245,2019,1.0,0.0,0.0,0.0,0.0,8.0,2.0,4.0,1.0,7.0,24.0,41
220250,2012,4.0,1.0,0.0,0.0,2.0,19.0,1.0,16.0,0.0,35.0,78.0,194
220250,2013,0.0,0.0,0.0,0.0,0.0,0.0,0.0,0.0,0.0,0.0,109.0,173
220250,2014,9.0,0.0,2.0,1.0,0.0,22.0,0.0,26.0,0.0,25.0,86.0,156
220250,2015,5.0,3.0,2.0,1.0,3.0,31.0,1.0,21.0,1.0,39.0,108.0,177
220250,2016,7.0,1.0,2.0,10.0,6.0,35.0,2.0,23.0,6.0,28.0,127.0,180
220250,2017,3.0,0.0,4.0,10.0,11.0,23.0,9.0,8.0,20.0,23.0,122.0,198
220250,2018,1.0,0.0,0.0,19.0,14.0,28.0,4.0,4.0,7.0,16.0,111.0,174
220250,2019,10.0,0.0,2.0,28.0,17.0,28.0,1.0,10.0,4.0,21.0,131.0,189
220253,2012,3.0,0.0,4.0,0.0,0.0,5.0,7.0,2.0,4.0,3.0,29.0,95
220253,2013,0.0,0.0,0.0,0.0,0.0,0.0,0.0,0.0,0.0,0.0,17.0,70
220253,2014,1.0,0.0,0.0,1.0,0.0,7.0,2.0,5.0,2.0,6.0,25.0,80
220253,2015,3.0,0.0,1.0,1.0,0.0,2.0,0.0,0.0,3.0,3.0,13.0,60
220253,2016,0.0,1.0,0.0,1.0,1.0,9.0,2.0,1.0,2.0,3.0,20.0,80
220253,2017,1.0,0.0,0.0,0.0,0.0,7.0,5.0,5.0,5.0,3.0,26.0,78
220253,2018,3.0,0.0,0.0,0.0,1.0,6.0,1.0,5.0,0.0,5.0,21.0,74
220253,2019,1.0,0.0,0.0,1.0,2.0,9.0,3.0,3.0,4.0,3.0,26.0,72
220255,2012,0.0,0.0,0.0,0.0,0.0,10.0,4.0,3.0,8.0,5.0,33.0,84
220255,2013,0.0,0.0,0.0,0.0,0.0,0.0,0.0,0.0,0.0,0.0,44.0,74
220255,2014,2.0,1.0,0.0,2.0,1.0,6.0,2.0,3.0,0.0,14.0,31.0,72
220255,2015,1.0,0.0,0.0,0.0,3.0,9.0,4.0,5.0,7.0,18.0,47.0,81
220255,2016,3.0,1.0,0.0,0.0,0.0,9.0,2.0,3.0,3.0,9.0,30.0,60
220255,2017,0.0,0.0,2.0,0.0,2.0,19.0,2.0,3.0,5.0,18.0,51.0,82
220255,2018,0.0,0.0,1.0,0.0,1.0,8.0,0.0,4.0,8.0,11.0,33.0,59
220255,2019,1.0,1.0,0.0,6.0,1.0,13.0,4.0,4.0,3.0,12.0,46.0,79
220260,2012,5.0,1.0,0.0,4.0,1.0,27.0,6.0,12.0,7.0,29.0,99.0,291
220260,2013,0.0,0.0,0.0,0.0,0.0,0.0,0.0,0.0,0.0,0.0,130.0,311
220260,2014,6.0,0.0,6.0,2.0,5.0,27.0,8.0,10.0,18.0,19.0,104.0,287
220260,2015,4.0,0.0,8.0,5.0,1.0,28.0,12.0,5.0,18.0,16.0,101.0,286
220260,2016,3.0,4.0,3.0,9.0,2.0,13.0,12.0,6.0,10.0,21.0,84.0,268
220260,2017,2.0,1.0,5.0,5.0,8.0,35.0,19.0,12.0,21.0,19.0,127.0,312
220260,2018,12.0,0.0,4.0,3.0,8.0,27.0,29.0,11.0,19.0,18.0,132.0,290
220260,2019,6.0,1.0,12.0,1.0,4.0,40.0,22.0,16.0,26.0,22.0,151.0,297
220265,2012,0.0,0.0,2.0,0.0,2.0,6.0,1.0,3.0,3.0,1.0,18.0,93
220265,2013,0.0,0.0,0.0,0.0,0.0,0.0,0.0,0.0,0.0,0.0,32.0,87
220265,2014,3.0,0.0,0.0,1.0,1.0,3.0,4.0,0.0,9.0,2.0,23.0,75
220265,2015,1.0,0.0,2.0,0.0,2.0,3.0,3.0,2.0,5.0,4.0,22.0,86
220265,2016,0.0,0.0,0.0,0.0,2.0,9.0,0.0,3.0,3.0,4.0,22.0,101
220265,2017,1.0,0.0,0.0,0.0,0.0,6.0,3.0,1.0,3.0,6.0,20.0,82
220265,2018,3.0,0.0,0.0,2.0,3.0,5.0,1.0,5.0,2.0,12.0,33.0,89
220265,2019,1.0,0.0,1.0,0.0,1.0,11.0,1.0,7.0,1.0,12.0,36.0,98
220270,2012,13.0,1.0,2.0,5.0,3.0,35.0,34.0,10.0,20.0,18.0,149.0,404
220270,2013,0.0,0.0,0.0,0.0,0.0,0.0,0.0,0.0,0.0,0.0,106.0,370
220270,2014,7.0,0.0,4.0,4.0,3.0,22.0,11.0,13.0,23.0,21.0,108.0,377
220270,2015,9.0,2.0,2.0,1.0,3.0,25.0,8.0,9.0,21.0,34.0,117.0,425
220270,2016,5.0,0.0,3.0,8.0,2.0,41.0,9.0,10.0,7.0,23.0,109.0,402
220270,2017,11.0,2.0,7.0,7.0,2.0,49.0,10.0,14.0,10.0,25.0,137.0,418
220270,2018,11.0,1.0,4.0,5.0,4.0,41.0,9.0,21.0,16.0,29.0,141.0,422
220270,2019,11.0,0.0,8.0,4.0,6.0,38.0,10.0,32.0,6.0,32.0,147.0,418
220271,2012,2.0,0.0,0.0,1.0,0.0,6.0,1.0,3.0,1.0,2.0,20.0,53
220271,2013,0.0,0.0,0.0,0.0,0.0,0.0,0.0,0.0,0.0,0.0,34.0,72
220271,2014,3.0,0.0,2.0,0.0,1.0,8.0,10.0,4.0,12.0,3.0,45.0,75
220271,2015,2.0,0.0,0.0,0.0,2.0,7.0,6.0,0.0,6.0,7.0,32.0,65
220271,2016,0.0,0.0,0.0,3.0,2.0,7.0,1.0,5.0,4.0,10.0,32.0,75
220271,2017,0.0,0.0,0.0,1.0,3.0,7.0,1.0,4.0,3.0,7.0,26.0,57
220271,2018,6.0,0.0,0.0,1.0,0.0,8.0,2.0,4.0,1.0,8.0,30.0,55
220271,2019,1.0,2.0,0.0,1.0,0.0,7.0,4.0,4.0,1.0,5.0,26.0,53
220272,2012,2.0,0.0,2.0,0.0,1.0,7.0,3.0,1.0,10.0,7.0,35.0,86
220272,2013,0.0,0.0,0.0,0.0,0.0,0.0,0.0,0.0,0.0,0.0,32.0,83
220272,2014,1.0,0.0,0.0,0.0,3.0,3.0,2.0,5.0,8.0,11.0,33.0,75
220272,2015,0.0,0.0,0.0,0.0,1.0,5.0,1.0,4.0,6.0,6.0,24.0,56
220272,2016,1.0,0.0,0.0,2.0,0.0,3.0,2.0,4.0,2.0,5.0,20.0,62
220272,2017,0.0,0.0,0.0,1.0,1.0,7.0,3.0,3.0,2.0,5.0,22.0,61
220272,2018,1.0,0.0,2.0,2.0,2.0,7.0,0.0,4.0,8.0,6.0,32.0,79
220272,2019,5.0,0.0,0.0,0.0,1.0,11.0,3.0,7.0,6.0,3.0,36.0,93
220273,2012,1.0,0.0,0.0,2.0,0.0,3.0,0.0,0.0,1.0,1.0,18.0,48
220273,2013,0.0,0.0,0.0,0.0,0.0,0.0,0.0,0.0,0.0,0.0,15.0,49
220273,2014,2.0,1.0,0.0,1.0,0.0,8.0,0.0,4.0,1.0,5.0,24.0,49
220273,2015,1.0,0.0,0.0,1.0,0.0,4.0,0.0,3.0,1.0,3.0,14.0,47
220273,2016,2.0,0.0,0.0,1.0,1.0,5.0,1.0,3.0,1.0,9.0,23.0,51
220273,2017,0.0,0.0,4.0,2.0,1.0,5.0,1.0,6.0,0.0,4.0,24.0,48
220273,2018,3.0,0.0,0.0,1.0,0.0,11.0,0.0,3.0,0.0,5.0,23.0,55
220273,2019,1.0,0.0,0.0,1.0,0.0,4.0,0.0,4.0,2.0,6.0,19.0,52
220275,2012,6.0,0.0,0.0,1.0,0.0,10.0,0.0,3.0,3.0,7.0,32.0,81
220275,2013,0.0,0.0,0.0,0.0,0.0,0.0,0.0,0.0,0.0,0.0,43.0,73
220275,2014,3.0,2.0,0.0,2.0,0.0,18.0,0.0,4.0,3.0,9.0,41.0,82
220275,2015,4.0,0.0,2.0,1.0,0.0,12.0,1.0,5.0,2.0,8.0,37.0,78
220275,2016,8.0,1.0,2.0,1.0,1.0,13.0,1.0,2.0,4.0,17.0,51.0,92
220275,2017,2.0,0.0,2.0,1.0,2.0,15.0,2.0,7.0,3.0,9.0,46.0,81
220275,2018,3.0,0.0,2.0,0.0,1.0,25.0,1.0,12.0,1.0,6.0,51.0,92
220275,2019,1.0,0.0,0.0,0.0,2.0,16.0,0.0,7.0,3.0,10.0,39.0,68
220277,2012,6.0,0.0,0.0,1.0,1.0,11.0,2.0,4.0,4.0,12.0,45.0,81
220277,2013,0.0,0.0,0.0,0.0,0.0,0.0,0.0,0.0,0.0,0.0,38.0,78
220277,2014,3.0,0.0,0.0,2.0,1.0,10.0,2.0,6.0,1.0,19.0,45.0,94
220277,2015,2.0,1.0,2.0,3.0,1.0,16.0,2.0,8.0,3.0,13.0,52.0,98
220277,2016,5.0,0.0,2.0,0.0,1.0,19.0,1.0,4.0,1.0,11.0,44.0,86
220277,2017,3.0,0.0,2.0,0.0,0.0,16.0,1.0,10.0,2.0,16.0,50.0,102
220277,2018,3.0,0.0,1.0,1.0,2.0,20.0,4.0,3.0,3.0,8.0,45.0,81
220277,2019,2.0,0.0,0.0,3.0,2.0,15.0,2.0,7.0,1.0,13.0,45.0,78
220280,2012,3.0,0.0,0.0,0.0,0.0,5.0,0.0,4.0,0.0,6.0,19.0,49
220280,2013,0.0,0.0,0.0,0.0,0.0,0.0,0.0,0.0,0.0,0.0,42.0,75
220280,2014,1.0,0.0,0.0,1.0,0.0,6.0,0.0,6.0,0.0,10.0,26.0,61
220280,2015,1.0,0.0,2.0,2.0,0.0,10.0,0.0,5.0,5.0,11.0,37.0,67
220280,2016,2.0,0.0,0.0,2.0,1.0,7.0,1.0,7.0,1.0,20.0,42.0,69
220280,2017,2.0,0.0,6.0,1.0,0.0,11.0,0.0,4.0,2.0,15.0,42.0,77
220280,2018,2.0,1.0,0.0,3.0,2.0,9.0,3.0,4.0,3.0,13.0,40.0,69
220280,2019,0.0,0.0,1.0,1.0,0.0,15.0,0.0,2.0,3.0,12.0,34.0,70
220285,2012,3.0,0.0,2.0,0.0,0.0,10.0,0.0,3.0,0.0,13.0,31.0,48
220285,2013,0.0,0.0,0.0,0.0,0.0,0.0,0.0,0.0,0.0,0.0,38.0,53
220285,2014,3.0,0.0,0.0,1.0,0.0,15.0,2.0,7.0,3.0,11.0,42.0,62
220285,2015,2.0,3.0,0.0,0.0,0.0,14.0,0.0,6.0,0.0,14.0,40.0,56
220285,2016,7.0,3.0,2.0,0.0,2.0,11.0,1.0,4.0,1.0,15.0,46.0,65
220285,2017,1.0,2.0,0.0,0.0,0.0,14.0,1.0,5.0,1.0,10.0,35.0,49
220285,2018,0.0,1.0,0.0,1.0,1.0,17.0,1.0,3.0,1.0,15.0,41.0,50
220285,2019,4.0,0.0,0.0,1.0,0.0,14.0,0.0,4.0,1.0,10.0,36.0,48
220290,2012,14.0,3.0,7.0,2.0,5.0,23.0,10.0,16.0,12.0,20.0,128.0,422
220290,2013,0.0,0.0,0.0,0.0,0.0,0.0,0.0,0.0,0.0,0.0,113.0,410
220290,2014,6.0,3.0,3.0,13.0,10.0,33.0,10.0,17.0,8.0,27.0,140.0,422
220290,2015,8.0,1.0,8.0,5.0,3.0,34.0,13.0,27.0,21.0,35.0,156.0,441
220290,2016,8.0,1.0,5.0,4.0,7.0,39.0,15.0,16.0,24.0,40.0,159.0,410
220290,2017,4.0,0.0,3.0,7.0,8.0,50.0,13.0,21.0,17.0,43.0,170.0,450
220290,2018,4.0,2.0,11.0,3.0,2.0,63.0,22.0,17.0,30.0,22.0,198.0,517
220290,2019,10.0,6.0,4.0,2.0,8.0,62.0,9.0,23.0,12.0,24.0,169.0,435
220300,2012,6.0,3.0,0.0,1.0,1.0,11.0,10.0,8.0,9.0,9.0,64.0,134
220300,2013,0.0,0.0,0.0,0.0,0.0,0.0,0.0,0.0,0.0,0.0,32.0,105
220300,2014,0.0,1.0,2.0,4.0,4.0,7.0,1.0,6.0,3.0,3.0,32.0,113
220300,2015,1.0,1.0,0.0,1.0,0.0,8.0,4.0,4.0,4.0,5.0,28.0,102
220300,2016,2.0,0.0,0.0,0.0,0.0,6.0,4.0,3.0,5.0,9.0,29.0,101
220300,2017,0.0,1.0,0.0,0.0,1.0,7.0,1.0,5.0,0.0,9.0,24.0,97
220300,2018,1.0,1.0,0.0,0.0,1.0,14.0,3.0,4.0,2.0,9.0,40.0,95
220300,2019,2.0,1.0,0.0,0.0,2.0,9.0,2.0,5.0,1.0,3.0,27.0,91
220310,2012,11.0,0.0,5.0,3.0,2.0,24.0,3.0,9.0,6.0,28.0,95.0,185
220310,2013,0.0,0.0,0.0,0.0,0.0,0.0,0.0,0.0,0.0,0.0,79.0,164
220310,2014,9.0,0.0,0.0,4.0,0.0,25.0,13.0,6.0,18.0,17.0,93.0,154
220310,2015,9.0,0.0,5.0,4.0,1.0,26.0,13.0,4.0,19.0,16.0,97.0,174
220310,2016,8.0,0.0,2.0,2.0,2.0,41.0,10.0,7.0,14.0,15.0,101.0,167
220310,2017,7.0,0.0,2.0,2.0,2.0,30.0,8.0,12.0,15.0,15.0,93.0,161
220310,2018,5.0,0.0,2.0,3.0,1.0,31.0,8.0,6.0,18.0,15.0,90.0,152
220310,2019,10.0,0.0,1.0,1.0,1.0,47.0,13.0,15.0,14.0,22.0,124.0,185
220320,2012,3.0,0.0,0.0,0.0,0.0,5.0,0.0,0.0,0.0,2.0,62.0,182
220320,2013,0.0,0.0,0.0,0.0,0.0,0.0,0.0,0.0,0.0,0.0,52.0,166
220320,2014,0.0,0.0,0.0,0.0,1.0,4.0,1.0,7.0,2.0,10.0,82.0,167
220320,2015,7.0,0.0,4.0,0.0,1.0,24.0,4.0,11.0,4.0,22.0,83.0,192
220320,2016,5.0,1.0,2.0,7.0,2.0,34.0,9.0,5.0,14.0,21.0,101.0,208
220320,2017,10.0,0.0,3.0,1.0,0.0,27.0,6.0,6.0,12.0,26.0,92.0,186
220320,2018,11.0,1.0,0.0,8.0,1.0,31.0,15.0,9.0,13.0,21.0,111.0,210
220320,2019,10.0,0.0,3.0,12.0,5.0,32.0,6.0,11.0,13.0,13.0,105.0,202
220323,2012,3.0,0.0,0.0,1.0,1.0,14.0,3.0,5.0,5.0,8.0,41.0,79
220323,2013,0.0,0.0,0.0,0.0,0.0,0.0,0.0,0.0,0.0,0.0,45.0,79
220323,2014,2.0,0.0,7.0,1.0,0.0,11.0,8.0,5.0,8.0,4.0,47.0,77
220323,2015,2.0,0.0,0.0,2.0,0.0,27.0,12.0,4.0,8.0,8.0,63.0,93
220323,2016,5.0,0.0,2.0,1.0,1.0,14.0,5.0,5.0,11.0,4.0,48.0,80
220323,2017,1.0,0.0,0.0,0.0,1.0,23.0,6.0,5.0,3.0,2.0,41.0,70
220323,2018,1.0,0.0,0.0,0.0,1.0,19.0,1.0,1.0,8.0,5.0,37.0,79
220323,2019,0.0,0.0,0.0,0.0,3.0,14.0,6.0,4.0,7.0,7.0,41.0,71
220325,2012,3.0,0.0,0.0,3.0,1.0,6.0,0.0,1.0,2.0,6.0,33.0,74
220325,2013,0.0,0.0,0.0,0.0,0.0,0.0,0.0,0.0,0.0,0.0,30.0,63
220325,2014,3.0,0.0,0.0,0.0,0.0,7.0,0.0,2.0,2.0,5.0,20.0,59
220325,2015,5.0,0.0,2.0,0.0,0.0,12.0,0.0,4.0,0.0,8.0,35.0,75
220325,2016,4.0,0.0,0.0,1.0,0.0,8.0,1.0,1.0,1.0,6.0,22.0,51
220325,2017,0.0,0.0,4.0,2.0,0.0,11.0,2.0,2.0,0.0,10.0,31.0,68
220325,2018,4.0,0.0,0.0,1.0,0.0,10.0,0.0,6.0,1.0,8.0,31.0,66
220325,2019,2.0,0.0,0.0,1.0,1.0,9.0,0.0,7.0,0.0,8.0,29.0,70
220327,2012,1.0,1.0,2.0,13.0,3.0,2.0,0.0,0.0,1.0,1.0,26.0,80
220327,2013,0.0,0.0,0.0,0.0,0.0,0.0,0.0,0.0,0.0,0.0,35.0,78
220327,2014,2.0,1.0,0.0,5.0,7.0,6.0,0.0,6.0,3.0,8.0,38.0,70
220327,2015,0.0,0.0,0.0,7.0,10.0,3.0,0.0,4.0,1.0,6.0,32.0,69
220327,2016,3.0,0.0,2.0,13.0,8.0,2.0,0.0,2.0,2.0,3.0,35.0,71
220327,2017,1.0,0.0,0.0,7.0,7.0,3.0,1.0,4.0,0.0,4.0,27.0,73
220327,2018,2.0,1.0,2.0,7.0,4.0,10.0,0.0,3.0,0.0,11.0,40.0,80
220327,2019,3.0,0.0,2.0,1.0,1.0,13.0,1.0,15.0,0.0,20.0,56.0,93
220330,2012,6.0,0.0,4.0,1.0,2.0,17.0,0.0,5.0,5.0,15.0,85.0,185
220330,2013,0.0,0.0,0.0,0.0,0.0,0.0,0.0,0.0,0.0,0.0,84.0,187
220330,2014,6.0,0.0,4.0,3.0,2.0,32.0,1.0,13.0,4.0,25.0,99.0,205
220330,2015,11.0,1.0,1.0,1.0,1.0,32.0,1.0,16.0,1.0,23.0,97.0,209
220330,2016,10.0,0.0,6.0,3.0,2.0,29.0,3.0,16.0,2.0,37.0,111.0,222
220330,2017,18.0,1.0,4.0,0.0,3.0,38.0,1.0,16.0,1.0,29.0,114.0,264
220330,2018,13.0,0.0,2.0,3.0,2.0,33.0,7.0,19.0,1.0,29.0,110.0,260
220330,2019,13.0,0.0,6.0,3.0,1.0,51.0,1.0,18.0,5.0,25.0,127.0,267
220335,2012,6.0,0.0,0.0,4.0,1.0,10.0,1.0,6.0,3.0,15.0,48.0,100
220335,2013,0.0,0.0,0.0,0.0,0.0,0.0,0.0,0.0,0.0,0.0,46.0,96
220335,2014,2.0,1.0,4.0,3.0,1.0,14.0,2.0,12.0,2.0,13.0,55.0,84
220335,2015,6.0,2.0,2.0,0.0,0.0,13.0,3.0,11.0,6.0,18.0,64.0,101
220335,2016,1.0,4.0,3.0,1.0,2.0,21.0,1.0,9.0,1.0,18.0,63.0,98
220335,2017,3.0,1.0,0.0,3.0,2.0,15.0,1.0,8.0,4.0,20.0,62.0,96
220335,2018,3.0,1.0,0.0,7.0,5.0,19.0,4.0,6.0,5.0,14.0,70.0,100
220335,2019,4.0,0.0,4.0,13.0,4.0,20.0,1.0,6.0,3.0,20.0,77.0,105
220340,2012,2.0,0.0,2.0,0.0,0.0,17.0,3.0,3.0,6.0,12.0,52.0,74
220340,2013,0.0,0.0,0.0,0.0,0.0,0.0,0.0,0.0,0.0,0.0,57.0,89
220340,2014,2.0,1.0,2.0,1.0,0.0,21.0,6.0,6.0,6.0,10.0,55.0,83
220340,2015,4.0,1.0,0.0,1.0,0.0,11.0,4.0,6.0,7.0,19.0,54.0,75
220340,2016,2.0,0.0,2.0,2.0,3.0,20.0,3.0,8.0,7.0,20.0,67.0,92
220340,2017,0.0,0.0,2.0,1.0,0.0,16.0,0.0,5.0,10.0,12.0,46.0,72
220340,2018,1.0,0.0,0.0,1.0,1.0,19.0,3.0,4.0,4.0,19.0,52.0,79
220340,2019,2.0,0.0,1.0,1.0,0.0,25.0,3.0,4.0,7.0,12.0,55.0,76
220342,2012,0.0,0.0,2.0,0.0,1.0,6.0,1.0,6.0,0.0,7.0,26.0,66
220342,2013,0.0,0.0,0.0,0.0,0.0,0.0,0.0,0.0,0.0,0.0,20.0,48
220342,2014,1.0,0.0,0.0,0.0,0.0,8.0,0.0,4.0,0.0,10.0,24.0,55
220342,2015,0.0,0.0,0.0,1.0,0.0,6.0,0.0,7.0,0.0,7.0,22.0,54
220342,2016,0.0,0.0,0.0,0.0,0.0,8.0,0.0,6.0,0.0,7.0,22.0,52
220342,2017,0.0,0.0,2.0,0.0,0.0,6.0,2.0,9.0,3.0,6.0,28.0,59
220342,2018,2.0,1.0,3.0,0.0,2.0,8.0,1.0,5.0,0.0,6.0,28.0,66
220342,2019,2.0,0.0,0.0,0.0,0.0,5.0,0.0,6.0,3.0,8.0,25.0,44
220345,2012,3.0,1.0,0.0,0.0,0.0,11.0,1.0,15.0,4.0,18.0,54.0,100
220345,2013,0.0,0.0,0.0,0.0,0.0,0.0,0.0,0.0,0.0,0.0,46.0,87
220345,2014,3.0,0.0,2.0,2.0,0.0,12.0,2.0,12.0,3.0,23.0,59.0,94
220345,2015,0.0,3.0,0.0,1.0,3.0,8.0,0.0,12.0,6.0,29.0,65.0,92
220345,2016,1.0,2.0,0.0,1.0,2.0,12.0,2.0,8.0,3.0,10.0,42.0,77
220345,2017,3.0,2.0,0.0,1.0,2.0,10.0,3.0,7.0,6.0,8.0,43.0,75
220345,2018,4.0,1.0,2.0,8.0,0.0,22.0,1.0,6.0,4.0,5.0,57.0,83
220345,2019,3.0,1.0,0.0,15.0,6.0,12.0,0.0,4.0,4.0,20.0,70.0,94
220350,2012,8.0,1.0,0.0,2.0,1.0,26.0,0.0,26.0,3.0,24.0,111.0,177
220350,2013,0.0,0.0,0.0,0.0,0.0,0.0,0.0,0.0,0.0,0.0,89.0,155
220350,2014,5.0,1.0,2.0,1.0,3.0,29.0,1.0,21.0,1.0,37.0,106.0,165
220350,2015,10.0,0.0,2.0,1.0,1.0,16.0,1.0,15.0,1.0,24.0,77.0,165
220350,2016,10.0,0.0,0.0,4.0,3.0,17.0,0.0,7.0,4.0,20.0,69.0,151
220350,2017,6.0,0.0,4.0,2.0,1.0,25.0,5.0,13.0,7.0,22.0,92.0,155
220350,2018,4.0,1.0,0.0,0.0,1.0,30.0,6.0,12.0,10.0,25.0,97.0,167
220350,2019,7.0,0.0,4.0,0.0,4.0,33.0,8.0,14.0,15.0,8.0,95.0,153
220360,2012,0.0,0.0,0.0,0.0,0.0,16.0,0.0,2.0,1.0,6.0,27.0,56
220360,2013,0.0,0.0,0.0,0.0,0.0,0.0,0.0,0.0,0.0,0.0,29.0,50
220360,2014,2.0,0.0,0.0,0.0,1.0,8.0,2.0,1.0,1.0,3.0,19.0,51
220360,2015,2.0,0.0,0.0,1.0,0.0,16.0,0.0,1.0,2.0,4.0,26.0,50
220360,2016,1.0,0.0,0.0,0.0,3.0,13.0,1.0,0.0,0.0,10.0,29.0,50
220360,2017,0.0,0.0,0.0,1.0,0.0,6.0,2.0,1.0,0.0,9.0,21.0,46
220360,2018,1.0,0.0,2.0,0.0,0.0,13.0,0.0,3.0,0.0,7.0,26.0,47
220360,2019,4.0,1.0,1.0,0.0,1.0,11.0,0.0,3.0,0.0,10.0,31.0,53
220370,2012,21.0,3.0,2.0,5.0,4.0,91.0,13.0,30.0,29.0,97.0,315.0,594
220370,2013,0.0,0.0,0.0,0.0,0.0,0.0,0.0,0.0,0.0,0.0,319.0,649
220370,2014,20.0,4.0,13.0,11.0,11.0,93.0,11.0,56.0,10.0,114.0,347.0,691
220370,2015,22.0,3.0,2.0,10.0,6.0,102.0,6.0,53.0,13.0,118.0,336.0,635
220370,2016,22.0,1.0,6.0,8.0,3.0,112.0,7.0,69.0,2.0,121.0,354.0,651
220370,2017,21.0,0.0,10.0,9.0,10.0,143.0,4.0,62.0,4.0,106.0,374.0,649
220370,2018,23.0,0.0,5.0,6.0,7.0,119.0,2.0,60.0,9.0,118.0,351.0,667
220370,2019,24.0,3.0,9.0,4.0,8.0,124.0,6.0,78.0,14.0,122.0,392.0,619
220375,2012,0.0,4.0,0.0,1.0,1.0,8.0,0.0,4.0,1.0,6.0,26.0,58
220375,2013,0.0,0.0,0.0,0.0,0.0,0.0,0.0,0.0,0.0,0.0,43.0,82
220375,2014,2.0,1.0,2.0,1.0,0.0,13.0,1.0,8.0,0.0,17.0,45.0,72
220375,2015,2.0,1.0,0.0,1.0,0.0,10.0,2.0,13.0,0.0,12.0,41.0,65
220375,2016,6.0,0.0,0.0,0.0,0.0,10.0,1.0,5.0,1.0,15.0,38.0,63
220375,2017,2.0,0.0,4.0,2.0,0.0,16.0,1.0,4.0,1.0,11.0,41.0,77
220375,2018,1.0,0.0,0.0,7.0,2.0,15.0,0.0,7.0,2.0,17.0,54.0,89
220375,2019,5.0,0.0,2.0,7.0,0.0,23.0,0.0,8.0,3.0,11.0,63.0,90
220380,2012,6.0,0.0,2.0,0.0,0.0,11.0,2.0,1.0,3.0,11.0,43.0,70
220380,2013,0.0,0.0,0.0,0.0,0.0,0.0,0.0,0.0,0.0,0.0,24.0,52
220380,2014,1.0,0.0,0.0,1.0,0.0,6.0,0.0,1.0,3.0,7.0,19.0,42
220380,2015,1.0,1.0,0.0,1.0,2.0,6.0,1.0,3.0,2.0,9.0,29.0,56
220380,2016,2.0,0.0,0.0,0.0,1.0,10.0,3.0,7.0,2.0,6.0,32.0,70
220380,2017,0.0,0.0,0.0,1.0,0.0,7.0,5.0,1.0,2.0,7.0,24.0,62
220380,2018,2.0,0.0,0.0,2.0,0.0,4.0,4.0,2.0,0.0,5.0,24.0,55
220380,2019,5.0,0.0,0.0,1.0,0.0,13.0,1.0,5.0,1.0,8.0,35.0,60
220385,2012,2.0,0.0,2.0,0.0,2.0,1.0,0.0,4.0,1.0,4.0,17.0,27
220385,2013,0.0,0.0,0.0,0.0,0.0,0.0,0.0,0.0,0.0,0.0,15.0,27
220385,2014,0.0,0.0,0.0,0.0,0.0,5.0,0.0,0.0,2.0,7.0,15.0,30
220385,2015,1.0,0.0,0.0,0.0,0.0,3.0,0.0,0.0,2.0,5.0,11.0,19
220385,2016,0.0,0.0,2.0,1.0,0.0,2.0,0.0,2.0,0.0,2.0,9.0,17
220385,2017,0.0,0.0,0.0,0.0,0.0,2.0,0.0,0.0,3.0,4.0,9.0,28
220385,2018,1.0,0.0,0.0,0.0,0.0,1.0,1.0,1.0,1.0,5.0,10.0,23
220385,2019,0.0,0.0,0.0,0.0,0.0,3.0,1.0,2.0,0.0,2.0,8.0,23
220390,2012,89.0,0.0,8.0,10.0,15.0,132.0,0.0,1.0,48.0,175.0,562.0,916
220390,2013,0.0,0.0,0.0,0.0,0.0,0.0,0.0,0.0,0.0,0.0,526.0,834
220390,2014,42.0,2.0,14.0,15.0,7.0,194.0,14.0,78.0,38.0,181.0,596.0,1004
220390,2015,51.0,5.0,20.0,17.0,11.0,196.0,26.0,65.0,36.0,195.0,645.0,1011
220390,2016,34.0,3.0,9.0,10.0,15.0,195.0,16.0,84.0,32.0,221.0,635.0,936
220390,2017,59.0,0.0,11.0,15.0,14.0,181.0,4.0,77.0,9.0,213.0,615.0,918
220390,2018,57.0,1.0,18.0,9.0,4.0,253.0,4.0,102.0,8.0,204.0,661.0,968
220390,2019,49.0,7.0,17.0,19.0,11.0,228.0,13.0,68.0,18.0,205.0,635.0,903
220400,2012,5.0,0.0,2.0,1.0,1.0,3.0,1.0,4.0,2.0,10.0,33.0,67
220400,2013,0.0,0.0,0.0,0.0,0.0,0.0,0.0,0.0,0.0,0.0,31.0,47
220400,2014,1.0,0.0,0.0,0.0,0.0,7.0,1.0,6.0,0.0,10.0,28.0,51
220400,2015,2.0,0.0,2.0,1.0,2.0,8.0,0.0,5.0,0.0,7.0,30.0,58
220400,2016,1.0,0.0,0.0,0.0,0.0,13.0,0.0,3.0,0.0,8.0,26.0,60
220400,2017,3.0,0.0,2.0,0.0,0.0,8.0,0.0,5.0,4.0,9.0,31.0,58
220400,2018,4.0,0.0,2.0,0.0,0.0,9.0,2.0,2.0,3.0,6.0,29.0,69
220400,2019,1.0,0.0,4.0,2.0,0.0,12.0,3.0,2.0,4.0,10.0,38.0,58
220410,2012,4.0,0.0,0.0,2.0,1.0,7.0,0.0,0.0,3.0,8.0,33.0,56
220410,2013,0.0,0.0,0.0,0.0,0.0,0.0,0.0,0.0,0.0,0.0,28.0,60
220410,2014,1.0,0.0,0.0,0.0,1.0,10.0,0.0,6.0,1.0,9.0,28.0,61
220410,2015,3.0,1.0,1.0,0.0,1.0,12.0,0.0,1.0,1.0,5.0,25.0,58
220410,2016,4.0,0.0,0.0,1.0,0.0,13.0,1.0,3.0,3.0,10.0,35.0,64
220410,2017,3.0,0.0,0.0,1.0,0.0,10.0,0.0,5.0,1.0,7.0,29.0,53
220410,2018,1.0,0.0,4.0,0.0,2.0,12.0,3.0,7.0,1.0,11.0,41.0,71
220410,2019,1.0,0.0,0.0,0.0,0.0,10.0,0.0,4.0,0.0,11.0,26.0,64
220415,2012,4.0,0.0,0.0,0.0,0.0,5.0,6.0,0.0,5.0,7.0,28.0,42
220415,2013,0.0,0.0,0.0,0.0,0.0,0.0,0.0,0.0,0.0,0.0,30.0,41
220415,2014,1.0,0.0,2.0,0.0,0.0,6.0,7.0,2.0,8.0,4.0,30.0,50
220415,2015,2.0,0.0,0.0,0.0,0.0,9.0,4.0,2.0,9.0,1.0,27.0,39
220415,2016,0.0,0.0,0.0,0.0,0.0,7.0,2.0,2.0,3.0,2.0,16.0,29
220415,2017,2.0,0.0,0.0,0.0,1.0,8.0,3.0,1.0,4.0,3.0,22.0,35
220415,2018,0.0,1.0,2.0,1.0,1.0,7.0,0.0,1.0,4.0,1.0,18.0,36
220415,2019,3.0,0.0,0.0,0.0,0.0,8.0,0.0,1.0,0.0,5.0,17.0,24
220420,2012,5.0,0.0,2.0,0.0,1.0,34.0,11.0,5.0,17.0,6.0,85.0,105
220420,2013,0.0,0.0,0.0,0.0,0.0,0.0,0.0,0.0,0.0,0.0,60.0,95
220420,2014,3.0,0.0,4.0,2.0,3.0,28.0,10.0,5.0,22.0,13.0,90.0,124
220420,2015,6.0,0.0,2.0,4.0,3.0,30.0,6.0,7.0,14.0,23.0,95.0,127
220420,2016,3.0,0.0,0.0,1.0,1.0,23.0,2.0,3.0,11.0,14.0,58.0,88
220420,2017,6.0,0.0,2.0,1.0,1.0,28.0,2.0,5.0,6.0,21.0,72.0,97
220420,2018,4.0,0.0,0.0,1.0,1.0,30.0,2.0,8.0,5.0,18.0,69.0,94
220420,2019,4.0,0.0,0.0,3.0,1.0,27.0,3.0,2.0,7.0,19.0,66.0,86
220430,2012,6.0,4.0,5.0,3.0,0.0,21.0,5.0,15.0,12.0,33.0,112.0,172
220430,2013,0.0,0.0,0.0,0.0,0.0,0.0,0.0,0.0,0.0,0.0,95.0,139
220430,2014,5.0,1.0,0.0,10.0,5.0,28.0,5.0,12.0,19.0,21.0,106.0,153
220430,2015,11.0,5.0,2.0,7.0,1.0,23.0,5.0,16.0,14.0,34.0,120.0,174
220430,2016,6.0,1.0,2.0,7.0,8.0,25.0,5.0,10.0,11.0,18.0,93.0,146
220430,2017,4.0,3.0,2.0,2.0,0.0,14.0,19.0,6.0,19.0,6.0,77.0,119
220430,2018,5.0,0.0,0.0,2.0,3.0,30.0,11.0,11.0,26.0,17.0,106.0,141
220430,2019,8.0,0.0,1.0,1.0,3.0,27.0,12.0,7.0,25.0,16.0,102.0,137
220435,2012,4.0,0.0,2.0,2.0,1.0,18.0,1.0,2.0,6.0,12.0,56.0,82
220435,2013,0.0,0.0,0.0,0.0,0.0,0.0,0.0,0.0,0.0,0.0,52.0,75
220435,2014,3.0,0.0,4.0,1.0,0.0,14.0,4.0,4.0,5.0,8.0,44.0,69
220435,2015,2.0,0.0,0.0,0.0,1.0,16.0,4.0,7.0,10.0,18.0,58.0,87
220435,2016,1.0,0.0,0.0,0.0,2.0,12.0,3.0,7.0,6.0,9.0,40.0,72
220435,2017,3.0,0.0,2.0,0.0,0.0,20.0,3.0,8.0,5.0,17.0,58.0,88
220435,2018,1.0,0.0,0.0,0.0,0.0,19.0,4.0,8.0,3.0,19.0,54.0,83
220435,2019,1.0,0.0,0.0,0.0,2.0,18.0,4.0,3.0,6.0,23.0,57.0,83
220440,2012,7.0,0.0,2.0,1.0,3.0,11.0,1.0,8.0,3.0,17.0,59.0,182
220440,2013,0.0,0.0,0.0,0.0,0.0,0.0,0.0,0.0,0.0,0.0,41.0,189
220440,2014,5.0,1.0,6.0,3.0,4.0,19.0,3.0,6.0,2.0,16.0,70.0,186
220440,2015,5.0,2.0,0.0,2.0,2.0,14.0,10.0,4.0,8.0,8.0,56.0,168
220440,2016,9.0,0.0,2.0,2.0,2.0,17.0,12.0,7.0,10.0,23.0,86.0,185
220440,2017,5.0,0.0,3.0,2.0,1.0,26.0,6.0,5.0,11.0,13.0,73.0,204
220440,2018,4.0,0.0,4.0,1.0,1.0,19.0,2.0,5.0,17.0,9.0,67.0,177
220440,2019,3.0,0.0,0.0,2.0,2.0,35.0,4.0,13.0,9.0,15.0,85.0,201
220450,2012,20.0,0.0,0.0,3.0,1.0,26.0,0.0,20.0,3.0,41.0,132.0,179
220450,2013,0.0,0.0,0.0,0.0,0.0,0.0,0.0,0.0,0.0,0.0,101.0,160
220450,2014,3.0,0.0,4.0,0.0,1.0,10.0,2.0,5.0,4.0,15.0,114.0,186
220450,2015,7.0,0.0,0.0,3.0,4.0,22.0,1.0,6.0,3.0,25.0,75.0,156
220450,2016,3.0,1.0,2.0,4.0,1.0,40.0,0.0,9.0,5.0,20.0,86.0,171
220450,2017,9.0,0.0,4.0,1.0,1.0,27.0,3.0,11.0,5.0,18.0,82.0,190
220450,2018,8.0,1.0,0.0,2.0,0.0,27.0,2.0,9.0,3.0,28.0,82.0,161
220450,2019,6.0,2.0,7.0,0.0,3.0,34.0,3.0,13.0,1.0,19.0,89.0,176
220455,2012,0.0,1.0,0.0,0.0,2.0,7.0,0.0,9.0,1.0,25.0,45.0,70
220455,2013,0.0,0.0,0.0,0.0,0.0,0.0,0.0,0.0,0.0,0.0,46.0,67
220455,2014,3.0,0.0,0.0,0.0,1.0,11.0,1.0,7.0,2.0,16.0,41.0,59
220455,2015,2.0,9.0,0.0,1.0,0.0,18.0,1.0,14.0,2.0,21.0,68.0,87
220455,2016,2.0,0.0,2.0,3.0,2.0,13.0,0.0,7.0,3.0,15.0,49.0,72
220455,2017,3.0,1.0,2.0,4.0,1.0,16.0,4.0,3.0,11.0,16.0,61.0,84
220455,2018,5.0,0.0,0.0,2.0,5.0,14.0,2.0,5.0,5.0,7.0,49.0,69
220455,2019,3.0,1.0,1.0,8.0,7.0,13.0,3.0,6.0,2.0,16.0,63.0,67
220460,2012,0.0,0.0,0.0,0.0,0.0,4.0,1.0,4.0,0.0,4.0,18.0,45
220460,2013,0.0,0.0,0.0,0.0,0.0,0.0,0.0,0.0,0.0,0.0,22.0,51
220460,2014,1.0,0.0,0.0,0.0,1.0,2.0,1.0,1.0,0.0,12.0,22.0,50
220460,2015,1.0,0.0,1.0,0.0,2.0,10.0,0.0,0.0,1.0,4.0,23.0,56
220460,2016,1.0,0.0,0.0,1.0,0.0,7.0,2.0,3.0,0.0,4.0,25.0,47
220460,2017,3.0,0.0,0.0,0.0,1.0,8.0,0.0,3.0,0.0,8.0,26.0,41
220460,2018,1.0,0.0,2.0,2.0,1.0,8.0,0.0,1.0,1.0,3.0,23.0,42
220460,2019,0.0,0.0,0.0,1.0,0.0,7.0,0.0,3.0,1.0,6.0,21.0,44
220465,2012,5.0,0.0,0.0,1.0,0.0,5.0,6.0,5.0,7.0,4.0,35.0,122
220465,2013,0.0,0.0,0.0,0.0,0.0,0.0,0.0,0.0,0.0,0.0,50.0,148
220465,2014,1.0,0.0,4.0,0.0,5.0,19.0,4.0,3.0,13.0,11.0,60.0,153
220465,2015,6.0,0.0,0.0,0.0,0.0,8.0,2.0,2.0,5.0,4.0,27.0,133
220465,2016,6.0,0.0,0.0,1.0,0.0,17.0,1.0,4.0,10.0,5.0,44.0,139
220465,2017,7.0,0.0,6.0,4.0,5.0,9.0,1.0,11.0,6.0,7.0,56.0,164
220465,2018,3.0,0.0,6.0,3.0,3.0,19.0,1.0,5.0,5.0,15.0,60.0,162
220465,2019,2.0,1.0,2.0,3.0,1.0,18.0,1.0,10.0,2.0,13.0,53.0,138
220470,2012,11.0,0.0,8.0,1.0,1.0,26.0,11.0,9.0,6.0,20.0,107.0,205
220470,2013,0.0,0.0,0.0,0.0,0.0,0.0,0.0,0.0,0.0,0.0,126.0,202
220470,2014,10.0,1.0,2.0,3.0,2.0,37.0,4.0,26.0,9.0,41.0,136.0,201
220470,2015,9.0,2.0,7.0,3.0,1.0,32.0,3.0,22.0,2.0,42.0,126.0,219
220470,2016,4.0,0.0,4.0,1.0,2.0,34.0,5.0,24.0,4.0,45.0,123.0,191
220470,2017,8.0,0.0,0.0,1.0,1.0,44.0,8.0,18.0,8.0,35.0,123.0,184
220470,2018,5.0,0.0,4.0,1.0,1.0,36.0,12.0,9.0,28.0,17.0,115.0,158
220470,2019,4.0,1.0,3.0,2.0,2.0,36.0,29.0,8.0,26.0,16.0,129.0,173
220480,2012,7.0,0.0,0.0,0.0,1.0,18.0,11.0,4.0,11.0,21.0,75.0,114
220480,2013,0.0,0.0,0.0,0.0,0.0,0.0,0.0,0.0,0.0,0.0,76.0,130
220480,2014,7.0,0.0,2.0,1.0,0.0,30.0,6.0,9.0,14.0,14.0,84.0,124
220480,2015,3.0,1.0,3.0,1.0,0.0,35.0,6.0,6.0,7.0,23.0,85.0,132
220480,2016,7.0,0.0,0.0,2.0,1.0,26.0,0.0,4.0,5.0,15.0,60.0,107
220480,2017,3.0,0.0,0.0,4.0,1.0,29.0,3.0,4.0,0.0,17.0,61.0,111
220480,2018,4.0,0.0,0.0,2.0,2.0,30.0,2.0,12.0,6.0,24.0,83.0,122
220480,2019,5.0,0.0,1.0,0.0,0.0,26.0,4.0,13.0,11.0,19.0,79.0,132
220490,2012,9.0,0.0,2.0,0.0,0.0,12.0,2.0,3.0,6.0,16.0,53.0,128
220490,2013,0.0,0.0,0.0,0.0,0.0,0.0,0.0,0.0,0.0,0.0,50.0,115
220490,2014,4.0,0.0,0.0,1.0,3.0,16.0,5.0,7.0,9.0,12.0,58.0,126
220490,2015,4.0,2.0,0.0,1.0,2.0,18.0,5.0,7.0,7.0,20.0,67.0,126
220490,2016,3.0,0.0,0.0,1.0,2.0,14.0,5.0,10.0,1.0,9.0,45.0,111
220490,2017,2.0,0.0,0.0,2.0,3.0,17.0,2.0,8.0,6.0,12.0,52.0,124
220490,2018,3.0,0.0,0.0,3.0,1.0,25.0,4.0,8.0,3.0,17.0,64.0,118
220490,2019,2.0,0.0,0.0,2.0,0.0,22.0,1.0,6.0,2.0,8.0,43.0,98
220500,2012,8.0,0.0,0.0,1.0,1.0,14.0,6.0,4.0,10.0,11.0,60.0,95
220500,2013,0.0,0.0,0.0,0.0,0.0,0.0,0.0,0.0,0.0,0.0,79.0,115
220500,2014,7.0,0.0,2.0,0.0,2.0,18.0,12.0,5.0,11.0,20.0,77.0,106
220500,2015,7.0,0.0,0.0,2.0,1.0,38.0,4.0,8.0,11.0,29.0,100.0,133
220500,2016,6.0,0.0,4.0,0.0,1.0,23.0,1.0,8.0,6.0,24.0,73.0,111
220500,2017,0.0,0.0,0.0,1.0,1.0,34.0,3.0,6.0,8.0,27.0,80.0,118
220500,2018,2.0,0.0,0.0,1.0,2.0,40.0,5.0,6.0,20.0,14.0,90.0,128
220500,2019,0.0,0.0,2.0,1.0,2.0,33.0,7.0,9.0,13.0,17.0,85.0,118
220510,2012,9.0,0.0,4.0,1.0,2.0,16.0,3.0,5.0,19.0,20.0,89.0,153
220510,2013,0.0,0.0,0.0,0.0,0.0,0.0,0.0,0.0,0.0,0.0,92.0,150
220510,2014,6.0,0.0,0.0,1.0,1.0,24.0,8.0,3.0,11.0,18.0,72.0,121
220510,2015,7.0,1.0,0.0,3.0,2.0,17.0,1.0,13.0,10.0,18.0,76.0,134
220510,2016,5.0,0.0,2.0,4.0,1.0,30.0,9.0,9.0,8.0,19.0,87.0,136
220510,2017,1.0,1.0,4.0,4.0,2.0,24.0,6.0,8.0,4.0,32.0,95.0,139
220510,2018,11.0,0.0,2.0,0.0,0.0,26.0,3.0,11.0,9.0,13.0,81.0,127
220510,2019,3.0,1.0,2.0,4.0,0.0,37.0,9.0,10.0,2.0,22.0,102.0,143
220515,2012,4.0,4.0,4.0,4.0,1.0,8.0,3.0,5.0,3.0,9.0,57.0,96
220515,2013,0.0,0.0,0.0,0.0,0.0,0.0,0.0,0.0,0.0,0.0,41.0,84
220515,2014,3.0,1.0,0.0,0.0,3.0,7.0,2.0,10.0,1.0,10.0,41.0,76
220515,2015,2.0,3.0,0.0,1.0,2.0,12.0,1.0,10.0,2.0,14.0,51.0,82
220515,2016,1.0,0.0,0.0,3.0,9.0,14.0,0.0,4.0,8.0,7.0,46.0,77
220515,2017,0.0,0.0,2.0,2.0,8.0,10.0,1.0,5.0,2.0,3.0,33.0,55
220515,2018,3.0,0.0,2.0,6.0,1.0,11.0,1.0,2.0,2.0,7.0,35.0,64
220515,2019,0.0,1.0,0.0,1.0,1.0,10.0,0.0,15.0,3.0,5.0,36.0,64
220520,2012,36.0,0.0,9.0,0.0,2.0,40.0,5.0,12.0,24.0,57.0,220.0,315
220520,2013,0.0,0.0,0.0,0.0,0.0,0.0,0.0,0.0,0.0,0.0,200.0,285
220520,2014,12.0,1.0,6.0,13.0,5.0,41.0,13.0,24.0,29.0,43.0,192.0,329
220520,2015,9.0,1.0,2.0,2.0,4.0,61.0,5.0,17.0,29.0,54.0,185.0,238
220520,2016,6.0,0.0,4.0,6.0,4.0,55.0,6.0,25.0,31.0,58.0,200.0,270
220520,2017,9.0,2.0,0.0,2.0,1.0,81.0,9.0,21.0,20.0,55.0,202.0,272
220520,2018,9.0,0.0,2.0,3.0,3.0,83.0,5.0,33.0,23.0,64.0,227.0,299
220520,2019,4.0,1.0,2.0,7.0,4.0,97.0,17.0,14.0,39.0,32.0,217.0,292
220525,2012,1.0,0.0,5.0,0.0,1.0,8.0,0.0,0.0,0.0,1.0,23.0,48
220525,2013,0.0,0.0,0.0,0.0,0.0,0.0,0.0,0.0,0.0,0.0,20.0,61
220525,2014,3.0,1.0,2.0,0.0,0.0,12.0,0.0,6.0,1.0,12.0,39.0,61
220525,2015,0.0,0.0,0.0,0.0,1.0,7.0,0.0,4.0,1.0,7.0,22.0,42
220525,2016,1.0,0.0,0.0,0.0,0.0,8.0,0.0,4.0,0.0,1.0,15.0,39
220525,2017,0.0,1.0,1.0,3.0,1.0,7.0,1.0,4.0,1.0,4.0,23.0,54
220525,2018,1.0,0.0,0.0,0.0,0.0,6.0,2.0,11.0,0.0,3.0,25.0,46
220525,2019,0.0,0.0,0.0,0.0,1.0,5.0,0.0,1.0,1.0,9.0,19.0,47
220527,2012,2.0,1.0,0.0,2.0,0.0,4.0,1.0,1.0,2.0,3.0,20.0,66
220527,2013,0.0,0.0,0.0,0.0,0.0,0.0,0.0,0.0,0.0,0.0,25.0,55
220527,2014,1.0,0.0,0.0,0.0,1.0,6.0,4.0,2.0,3.0,4.0,22.0,59
220527,2015,1.0,1.0,2.0,0.0,1.0,4.0,1.0,3.0,1.0,7.0,23.0,50
220527,2016,1.0,0.0,0.0,1.0,4.0,6.0,0.0,3.0,1.0,4.0,21.0,48
220527,2017,1.0,0.0,0.0,3.0,3.0,8.0,1.0,4.0,2.0,4.0,27.0,46
220527,2018,1.0,0.0,0.0,2.0,1.0,6.0,2.0,8.0,1.0,6.0,28.0,59
220527,2019,0.0,1.0,1.0,1.0,0.0,3.0,0.0,4.0,0.0,9.0,20.0,49
220530,2012,7.0,0.0,0.0,0.0,2.0,12.0,0.0,1.0,2.0,10.0,38.0,56
220530,2013,0.0,0.0,0.0,0.0,0.0,0.0,0.0,0.0,0.0,0.0,42.0,62
220530,2014,2.0,0.0,2.0,1.0,1.0,10.0,0.0,3.0,1.0,8.0,46.0,87
220530,2015,2.0,0.0,2.0,0.0,1.0,11.0,2.0,0.0,1.0,12.0,32.0,50
220530,2016,5.0,2.0,0.0,2.0,0.0,19.0,3.0,5.0,1.0,9.0,47.0,73
220530,2017,4.0,0.0,0.0,1.0,3.0,11.0,0.0,3.0,0.0,11.0,34.0,66
220530,2018,2.0,0.0,0.0,0.0,1.0,11.0,1.0,5.0,0.0,12.0,32.0,64
220530,2019,1.0,0.0,0.0,1.0,0.0,15.0,0.0,5.0,1.0,11.0,34.0,60
220535,2012,3.0,0.0,0.0,1.0,0.0,6.0,0.0,2.0,0.0,17.0,29.0,44
220535,2013,0.0,0.0,0.0,0.0,0.0,0.0,0.0,0.0,0.0,0.0,23.0,38
220535,2014,1.0,0.0,0.0,0.0,0.0,12.0,2.0,2.0,0.0,10.0,27.0,38
220535,2015,0.0,0.0,0.0,1.0,0.0,9.0,0.0,8.0,2.0,6.0,26.0,39
220535,2016,1.0,0.0,0.0,2.0,0.0,11.0,1.0,4.0,2.0,5.0,26.0,42
220535,2017,0.0,0.0,3.0,1.0,1.0,9.0,0.0,5.0,1.0,8.0,28.0,36
220535,2018,4.0,1.0,0.0,3.0,0.0,13.0,1.0,0.0,3.0,10.0,36.0,44
220535,2019,0.0,0.0,0.0,1.0,2.0,7.0,1.0,7.0,4.0,6.0,28.0,40
220540,2012,7.0,0.0,2.0,2.0,0.0,18.0,6.0,8.0,5.0,6.0,57.0,211
220540,2013,0.0,0.0,0.0,0.0,0.0,0.0,0.0,0.0,0.0,0.0,67.0,184
220540,2014,10.0,0.0,2.0,0.0,3.0,17.0,6.0,10.0,4.0,23.0,78.0,202
220540,2015,6.0,0.0,2.0,3.0,1.0,16.0,0.0,8.0,6.0,18.0,60.0,188
220540,2016,9.0,0.0,3.0,3.0,1.0,20.0,2.0,14.0,1.0,19.0,72.0,195
220540,2017,8.0,0.0,5.0,2.0,1.0,28.0,0.0,30.0,0.0,17.0,92.0,222
220540,2018,6.0,0.0,4.0,3.0,1.0,19.0,1.0,20.0,5.0,26.0,85.0,227
220540,2019,3.0,0.0,0.0,4.0,4.0,32.0,2.0,20.0,3.0,31.0,101.0,221
220545,2012,1.0,0.0,0.0,0.0,1.0,14.0,1.0,1.0,1.0,18.0,45.0,83
220545,2013,0.0,0.0,0.0,0.0,0.0,0.0,0.0,0.0,0.0,0.0,42.0,78
220545,2014,3.0,0.0,2.0,0.0,0.0,14.0,0.0,14.0,0.0,18.0,52.0,81
220545,2015,3.0,2.0,0.0,3.0,2.0,11.0,1.0,7.0,1.0,14.0,46.0,81
220545,2016,2.0,0.0,0.0,0.0,0.0,17.0,0.0,8.0,2.0,10.0,39.0,83
220545,2017,3.0,0.0,2.0,0.0,0.0,13.0,0.0,7.0,1.0,11.0,38.0,82
220545,2018,0.0,0.0,2.0,2.0,2.0,11.0,2.0,6.0,1.0,17.0,43.0,82
220545,2019,3.0,0.0,0.0,2.0,2.0,17.0,2.0,8.0,1.0,10.0,45.0,77
220550,2012,26.0,0.0,3.0,4.0,4.0,44.0,19.0,16.0,18.0,38.0,248.0,596
220550,2013,0.0,0.0,0.0,0.0,0.0,0.0,0.0,0.0,0.0,0.0,240.0,482
220550,2014,21.0,2.0,6.0,5.0,4.0,69.0,22.0,28.0,16.0,59.0,257.0,566
220550,2015,24.0,2.0,8.0,6.0,3.0,84.0,13.0,34.0,10.0,74.0,274.0,633
220550,2016,27.0,0.0,1.0,5.0,11.0,76.0,2.0,25.0,6.0,73.0,232.0,558
220550,2017,27.0,2.0,5.0,14.0,5.0,79.0,5.0,29.0,7.0,65.0,241.0,617
220550,2018,31.0,1.0,10.0,8.0,7.0,94.0,10.0,26.0,8.0,62.0,266.0,636
220550,2019,28.0,0.0,10.0,11.0,13.0,77.0,5.0,34.0,15.0,72.0,277.0,625
220551,2012,2.0,0.0,0.0,2.0,0.0,6.0,1.0,3.0,0.0,6.0,23.0,75
220551,2013,0.0,0.0,0.0,0.0,0.0,0.0,0.0,0.0,0.0,0.0,21.0,66
220551,2014,1.0,0.0,0.0,0.0,1.0,8.0,4.0,0.0,2.0,1.0,18.0,72
220551,2015,3.0,0.0,2.0,0.0,1.0,6.0,3.0,3.0,2.0,5.0,27.0,59
220551,2016,1.0,0.0,0.0,1.0,7.0,5.0,1.0,1.0,3.0,7.0,26.0,57
220551,2017,0.0,0.0,2.0,1.0,1.0,2.0,2.0,5.0,1.0,4.0,19.0,47
220551,2018,1.0,1.0,0.0,3.0,0.0,7.0,2.0,3.0,0.0,6.0,23.0,56
220551,2019,2.0,0.0,4.0,0.0,0.0,6.0,4.0,4.0,1.0,6.0,27.0,54
220552,2012,0.0,0.0,0.0,0.0,0.0,3.0,0.0,2.0,1.0,4.0,23.0,60
220552,2013,0.0,0.0,0.0,0.0,0.0,0.0,0.0,0.0,0.0,0.0,40.0,97
220552,2014,3.0,0.0,0.0,0.0,0.0,1.0,3.0,2.0,2.0,1.0,30.0,69
220552,2015,2.0,0.0,0.0,0.0,0.0,12.0,1.0,3.0,2.0,7.0,31.0,71
220552,2016,1.0,1.0,0.0,1.0,3.0,7.0,3.0,1.0,6.0,2.0,26.0,76
220552,2017,2.0,0.0,2.0,4.0,1.0,12.0,4.0,3.0,5.0,13.0,46.0,96
220552,2018,3.0,0.0,3.0,1.0,2.0,16.0,9.0,2.0,6.0,7.0,50.0,91
220552,2019,3.0,0.0,2.0,6.0,2.0,18.0,4.0,4.0,5.0,2.0,46.0,88
220553,2012,2.0,0.0,0.0,0.0,0.0,9.0,1.0,9.0,1.0,13.0,35.0,71
220553,2013,0.0,0.0,0.0,0.0,0.0,0.0,0.0,0.0,0.0,0.0,43.0,74
220553,2014,1.0,0.0,0.0,1.0,0.0,15.0,0.0,9.0,0.0,14.0,40.0,62
220553,2015,2.0,1.0,0.0,2.0,2.0,7.0,1.0,8.0,0.0,19.0,42.0,69
220553,2016,1.0,1.0,0.0,2.0,0.0,7.0,1.0,7.0,0.0,21.0,41.0,64
220553,2017,2.0,0.0,0.0,0.0,3.0,9.0,1.0,5.0,5.0,12.0,38.0,64
220553,2018,5.0,0.0,0.0,4.0,0.0,16.0,1.0,4.0,2.0,19.0,54.0,77
220553,2019,7.0,0.0,2.0,2.0,2.0,19.0,3.0,7.0,7.0,16.0,67.0,90
220554,2012,2.0,0.0,0.0,0.0,0.0,3.0,0.0,0.0,0.0,1.0,9.0,26
220554,2013,0.0,0.0,0.0,0.0,0.0,0.0,0.0,0.0,0.0,0.0,22.0,42
220554,2014,1.0,0.0,2.0,0.0,1.0,3.0,2.0,1.0,2.0,4.0,20.0,36
220554,2015,1.0,0.0,0.0,0.0,0.0,6.0,1.0,3.0,2.0,2.0,19.0,44
220554,2016,5.0,0.0,0.0,0.0,1.0,5.0,0.0,2.0,0.0,3.0,25.0,50
220554,2017,3.0,0.0,0.0,1.0,1.0,2.0,0.0,0.0,0.0,3.0,10.0,31
220554,2018,2.0,0.0,2.0,0.0,0.0,4.0,0.0,2.0,1.0,0.0,18.0,40
220554,2019,2.0,0.0,0.0,0.0,1.0,4.0,1.0,3.0,1.0,3.0,18.0,35
220555,2012,3.0,1.0,0.0,2.0,0.0,13.0,2.0,0.0,4.0,4.0,47.0,122
220555,2013,0.0,0.0,0.0,0.0,0.0,0.0,0.0,0.0,0.0,0.0,48.0,119
220555,2014,7.0,0.0,0.0,1.0,2.0,15.0,2.0,4.0,0.0,10.0,44.0,125
220555,2015,3.0,0.0,0.0,2.0,1.0,10.0,2.0,6.0,1.0,10.0,37.0,120
220555,2016,5.0,0.0,1.0,0.0,1.0,7.0,2.0,11.0,2.0,8.0,39.0,113
220555,2017,3.0,0.0,0.0,2.0,0.0,14.0,0.0,13.0,2.0,11.0,46.0,116
220555,2018,6.0,0.0,3.0,1.0,1.0,15.0,0.0,8.0,5.0,9.0,48.0,120
220555,2019,7.0,0.0,3.0,3.0,1.0,13.0,1.0,10.0,6.0,9.0,58.0,112
220556,2012,2.0,0.0,0.0,0.0,0.0,6.0,0.0,5.0,0.0,18.0,32.0,70
220556,2013,0.0,0.0,0.0,0.0,0.0,0.0,0.0,0.0,0.0,0.0,37.0,65
220556,2014,1.0,0.0,2.0,0.0,0.0,13.0,2.0,8.0,1.0,23.0,50.0,72
220556,2015,0.0,3.0,2.0,0.0,2.0,7.0,0.0,10.0,4.0,19.0,47.0,78
220556,2016,1.0,2.0,0.0,1.0,0.0,13.0,1.0,6.0,3.0,10.0,37.0,65
220556,2017,0.0,1.0,2.0,1.0,1.0,15.0,2.0,7.0,1.0,19.0,49.0,67
220556,2018,3.0,0.0,4.0,3.0,6.0,14.0,2.0,7.0,6.0,9.0,59.0,83
220556,2019,0.0,0.0,0.0,12.0,8.0,8.0,0.0,5.0,0.0,8.0,44.0,63
220557,2012,2.0,0.0,2.0,1.0,1.0,3.0,1.0,2.0,1.0,3.0,18.0,61
220557,2013,0.0,0.0,0.0,0.0,0.0,0.0,0.0,0.0,0.0,0.0,40.0,88
220557,2014,2.0,0.0,0.0,0.0,1.0,4.0,3.0,5.0,2.0,10.0,31.0,74
220557,2015,1.0,0.0,2.0,1.0,1.0,10.0,0.0,5.0,1.0,15.0,37.0,78
220557,2016,2.0,1.0,2.0,0.0,0.0,5.0,0.0,5.0,4.0,10.0,29.0,71
220557,2017,4.0,0.0,0.0,0.0,0.0,6.0,1.0,11.0,0.0,11.0,33.0,73
220557,2018,3.0,0.0,0.0,0.0,0.0,11.0,1.0,6.0,2.0,12.0,36.0,78
220557,2019,3.0,1.0,6.0,2.0,1.0,8.0,2.0,7.0,2.0,8.0,40.0,91
220558,2012,1.0,0.0,0.0,1.0,0.0,9.0,0.0,4.0,1.0,1.0,23.0,61
220558,2013,0.0,0.0,0.0,0.0,0.0,0.0,0.0,0.0,0.0,0.0,24.0,62
220558,2014,1.0,0.0,0.0,1.0,0.0,9.0,2.0,5.0,4.0,3.0,26.0,66
220558,2015,1.0,1.0,5.0,0.0,2.0,8.0,0.0,5.0,1.0,4.0,30.0,54
220558,2016,0.0,0.0,0.0,0.0,1.0,8.0,0.0,7.0,2.0,3.0,22.0,56
220558,2017,3.0,0.0,0.0,1.0,0.0,6.0,1.0,4.0,0.0,5.0,23.0,67
220558,2018,3.0,1.0,2.0,1.0,2.0,14.0,0.0,5.0,2.0,2.0,33.0,64
220558,2019,4.0,0.0,1.0,2.0,1.0,6.0,0.0,2.0,2.0,8.0,27.0,62
220559,2012,2.0,0.0,2.0,0.0,2.0,6.0,1.0,2.0,1.0,1.0,20.0,38
220559,2013,0.0,0.0,0.0,0.0,0.0,0.0,0.0,0.0,0.0,0.0,30.0,46
220559,2014,3.0,0.0,4.0,2.0,1.0,10.0,0.0,7.0,1.0,12.0,40.0,71
220559,2015,2.0,0.0,0.0,0.0,0.0,11.0,0.0,8.0,1.0,11.0,36.0,63
220559,2016,1.0,0.0,0.0,0.0,0.0,16.0,0.0,6.0,3.0,11.0,37.0,66
220559,2017,2.0,0.0,0.0,0.0,0.0,10.0,2.0,7.0,3.0,12.0,36.0,53
220559,2018,4.0,0.0,0.0,0.0,0.0,10.0,2.0,0.0,12.0,3.0,32.0,50
220559,2019,4.0,0.0,0.0,0.0,0.0,13.0,5.0,3.0,4.0,4.0,33.0,50
220560,2012,5.0,0.0,0.0,1.0,0.0,13.0,0.0,5.0,2.0,4.0,36.0,61
220560,2013,0.0,0.0,0.0,0.0,0.0,0.0,0.0,0.0,0.0,0.0,25.0,47
220560,2014,1.0,0.0,0.0,0.0,1.0,6.0,1.0,3.0,0.0,5.0,36.0,72
220560,2015,2.0,2.0,2.0,0.0,0.0,15.0,0.0,4.0,1.0,7.0,33.0,59
220560,2016,4.0,1.0,0.0,2.0,1.0,12.0,1.0,4.0,0.0,4.0,29.0,57
220560,2017,4.0,0.0,0.0,0.0,1.0,15.0,2.0,7.0,0.0,14.0,44.0,79
220560,2018,2.0,0.0,2.0,0.0,0.0,9.0,0.0,2.0,0.0,10.0,25.0,58
220560,2019,0.0,0.0,0.0,2.0,0.0,17.0,0.0,8.0,1.0,11.0,39.0,70
220570,2012,12.0,2.0,6.0,3.0,8.0,25.0,15.0,15.0,18.0,15.0,127.0,412
220570,2013,0.0,0.0,0.0,0.0,0.0,0.0,0.0,0.0,0.0,0.0,139.0,430
220570,2014,6.0,1.0,6.0,2.0,5.0,30.0,9.0,13.0,27.0,35.0,139.0,449
220570,2015,9.0,0.0,6.0,5.0,8.0,39.0,6.0,17.0,15.0,33.0,139.0,437
220570,2016,14.0,1.0,1.0,11.0,2.0,35.0,7.0,9.0,13.0,26.0,120.0,439
220570,2017,7.0,0.0,1.0,2.0,2.0,40.0,16.0,12.0,9.0,26.0,115.0,409
220570,2018,10.0,4.0,9.0,2.0,6.0,49.0,8.0,24.0,15.0,28.0,155.0,467
220570,2019,13.0,3.0,2.0,6.0,4.0,62.0,12.0,48.0,18.0,38.0,207.0,509
220580,2012,15.0,2.0,5.0,0.0,4.0,70.0,1.0,26.0,10.0,77.0,261.0,420
220580,2013,0.0,0.0,0.0,0.0,0.0,0.0,0.0,0.0,0.0,0.0,253.0,388
220580,2014,18.0,2.0,4.0,7.0,7.0,71.0,0.0,49.0,7.0,84.0,256.0,399
220580,2015,19.0,2.0,1.0,2.0,10.0,61.0,9.0,30.0,7.0,77.0,224.0,400
220580,2016,20.0,5.0,5.0,3.0,3.0,53.0,3.0,32.0,5.0,59.0,192.0,343
220580,2017,16.0,0.0,8.0,7.0,4.0,66.0,6.0,24.0,5.0,65.0,203.0,395
220580,2018,18.0,0.0,5.0,11.0,2.0,61.0,3.0,22.0,7.0,64.0,194.0,365
220580,2019,13.0,0.0,0.0,3.0,8.0,47.0,4.0,39.0,4.0,55.0,178.0,331
220585,2012,7.0,0.0,0.0,1.0,1.0,16.0,4.0,9.0,6.0,30.0,88.0,127
220585,2013,0.0,0.0,0.0,0.0,0.0,0.0,0.0,0.0,0.0,0.0,93.0,132
220585,2014,9.0,0.0,2.0,0.0,2.0,22.0,1.0,15.0,3.0,36.0,91.0,145
220585,2015,9.0,0.0,2.0,1.0,1.0,26.0,1.0,19.0,2.0,34.0,96.0,153
220585,2016,9.0,0.0,1.0,2.0,0.0,17.0,0.0,7.0,2.0,20.0,58.0,112
220585,2017,1.0,0.0,0.0,1.0,3.0,25.0,0.0,10.0,2.0,22.0,66.0,131
220585,2018,11.0,0.0,1.0,0.0,2.0,30.0,0.0,12.0,1.0,14.0,72.0,130
220585,2019,3.0,0.0,2.0,1.0,0.0,24.0,0.0,5.0,2.0,19.0,56.0,113
220590,2012,2.0,1.0,0.0,1.0,1.0,8.0,1.0,0.0,2.0,8.0,27.0,59
220590,2013,0.0,0.0,0.0,0.0,0.0,0.0,0.0,0.0,0.0,0.0,26.0,67
220590,2014,4.0,0.0,1.0,0.0,0.0,11.0,1.0,10.0,1.0,15.0,44.0,73
220590,2015,1.0,0.0,1.0,1.0,0.0,17.0,1.0,7.0,0.0,14.0,44.0,68
220590,2016,6.0,1.0,4.0,1.0,0.0,16.0,1.0,4.0,2.0,12.0,51.0,75
220590,2017,1.0,0.0,2.0,1.0,1.0,16.0,0.0,6.0,0.0,9.0,38.0,73
220590,2018,4.0,0.0,0.0,0.0,0.0,24.0,1.0,8.0,0.0,6.0,43.0,70
220590,2019,0.0,1.0,5.0,0.0,0.0,22.0,1.0,3.0,1.0,4.0,37.0,58
220595,2012,8.0,0.0,2.0,1.0,1.0,17.0,18.0,4.0,11.0,8.0,72.0,132
220595,2013,0.0,0.0,0.0,0.0,0.0,0.0,0.0,0.0,0.0,0.0,74.0,124
220595,2014,4.0,1.0,5.0,1.0,2.0,21.0,12.0,5.0,11.0,17.0,81.0,142
220595,2015,7.0,0.0,0.0,1.0,1.0,23.0,6.0,11.0,13.0,20.0,84.0,126
220595,2016,6.0,0.0,5.0,0.0,1.0,18.0,5.0,10.0,10.0,14.0,70.0,122
220595,2017,4.0,1.0,0.0,2.0,1.0,20.0,6.0,7.0,11.0,13.0,66.0,145
220595,2018,2.0,0.0,2.0,0.0,3.0,22.0,2.0,8.0,8.0,11.0,58.0,135
220595,2019,3.0,0.0,2.0,4.0,2.0,23.0,3.0,2.0,4.0,10.0,53.0,111
220600,2012,3.0,0.0,2.0,0.0,0.0,9.0,0.0,1.0,3.0,7.0,33.0,56
220600,2013,0.0,0.0,0.0,0.0,0.0,0.0,0.0,0.0,0.0,0.0,27.0,56
220600,2014,3.0,0.0,0.0,0.0,1.0,4.0,0.0,2.0,1.0,7.0,23.0,51
220600,2015,3.0,0.0,4.0,0.0,0.0,11.0,0.0,4.0,1.0,5.0,28.0,77
220600,2016,0.0,1.0,0.0,1.0,0.0,6.0,0.0,5.0,3.0,7.0,23.0,53
220600,2017,3.0,0.0,4.0,1.0,3.0,4.0,0.0,3.0,0.0,13.0,32.0,70
220600,2018,0.0,0.0,0.0,0.0,0.0,12.0,0.0,6.0,1.0,12.0,31.0,63
220600,2019,2.0,0.0,2.0,1.0,0.0,15.0,2.0,8.0,0.0,10.0,40.0,79
220605,2012,3.0,2.0,5.0,0.0,1.0,12.0,2.0,4.0,1.0,15.0,52.0,75
220605,2013,0.0,0.0,0.0,0.0,0.0,0.0,0.0,0.0,0.0,0.0,52.0,67
220605,2014,1.0,0.0,0.0,3.0,2.0,9.0,6.0,3.0,6.0,6.0,36.0,44
220605,2015,1.0,0.0,2.0,1.0,1.0,13.0,3.0,5.0,5.0,17.0,48.0,65
220605,2016,2.0,0.0,0.0,0.0,1.0,15.0,1.0,6.0,6.0,15.0,48.0,71
220605,2017,3.0,0.0,2.0,0.0,0.0,10.0,1.0,4.0,2.0,15.0,38.0,49
220605,2018,1.0,0.0,0.0,1.0,0.0,21.0,0.0,3.0,4.0,11.0,41.0,55
220605,2019,2.0,0.0,0.0,2.0,2.0,15.0,1.0,5.0,7.0,12.0,46.0,69
220610,2012,9.0,0.0,0.0,0.0,1.0,24.0,3.0,9.0,6.0,25.0,91.0,182
220610,2013,0.0,0.0,0.0,0.0,0.0,0.0,0.0,0.0,0.0,0.0,114.0,176
220610,2014,7.0,0.0,1.0,4.0,1.0,21.0,2.0,21.0,2.0,37.0,99.0,179
220610,2015,7.0,0.0,2.0,5.0,0.0,32.0,4.0,13.0,1.0,40.0,105.0,190
220610,2016,2.0,1.0,5.0,1.0,1.0,20.0,3.0,10.0,1.0,24.0,71.0,152
220610,2017,7.0,1.0,0.0,2.0,1.0,32.0,2.0,13.0,3.0,27.0,88.0,170
220610,2018,4.0,1.0,8.0,3.0,1.0,44.0,0.0,20.0,1.0,28.0,112.0,192
220610,2019,1.0,0.0,2.0,2.0,3.0,44.0,3.0,17.0,1.0,36.0,110.0,178
220620,2012,10.0,7.0,3.0,2.0,4.0,30.0,5.0,9.0,8.0,21.0,145.0,573
220620,2013,0.0,0.0,0.0,0.0,0.0,0.0,0.0,0.0,0.0,0.0,159.0,528
220620,2014,11.0,0.0,8.0,8.0,7.0,52.0,4.0,25.0,8.0,46.0,191.0,527
220620,2015,16.0,1.0,5.0,2.0,2.0,52.0,3.0,30.0,2.0,53.0,177.0,559
220620,2016,20.0,0.0,6.0,2.0,6.0,42.0,6.0,21.0,8.0,53.0,172.0,514
220620,2017,17.0,1.0,2.0,8.0,6.0,54.0,8.0,30.0,6.0,43.0,179.0,514
220620,2018,19.0,0.0,6.0,7.0,8.0,46.0,6.0,44.0,5.0,41.0,185.0,542
220620,2019,25.0,1.0,8.0,8.0,4.0,64.0,8.0,32.0,10.0,49.0,213.0,537
220630,2012,0.0,0.0,0.0,1.0,0.0,0.0,0.0,0.0,0.0,3.0,5.0,18
220630,2013,0.0,0.0,0.0,0.0,0.0,0.0,0.0,0.0,0.0,0.0,8.0,21
220630,2014,1.0,0.0,0.0,0.0,0.0,3.0,0.0,0.0,0.0,2.0,7.0,16
220630,2015,0.0,0.0,2.0,0.0,0.0,4.0,0.0,0.0,0.0,2.0,9.0,25
220630,2016,1.0,0.0,0.0,0.0,0.0,2.0,0.0,3.0,0.0,2.0,9.0,16
220630,2017,2.0,1.0,1.0,0.0,0.0,3.0,1.0,1.0,0.0,1.0,10.0,14
220630,2018,1.0,0.0,0.0,0.0,1.0,3.0,0.0,1.0,1.0,3.0,11.0,20
220630,2019,1.0,0.0,0.0,0.0,0.0,4.0,0.0,1.0,2.0,2.0,10.0,21
220635,2012,2.0,0.0,0.0,0.0,0.0,3.0,0.0,0.0,0.0,6.0,14.0,84
220635,2013,0.0,0.0,0.0,0.0,0.0,0.0,0.0,0.0,0.0,0.0,18.0,82
220635,2014,1.0,0.0,2.0,1.0,0.0,4.0,0.0,5.0,0.0,3.0,16.0,57
220635,2015,2.0,0.0,0.0,0.0,0.0,3.0,0.0,4.0,0.0,4.0,17.0,45
220635,2016,0.0,0.0,0.0,1.0,2.0,4.0,2.0,2.0,1.0,10.0,22.0,55
220635,2017,1.0,0.0,0.0,1.0,0.0,7.0,1.0,4.0,1.0,12.0,29.0,75
220635,2018,4.0,0.0,2.0,0.0,0.0,8.0,2.0,10.0,4.0,11.0,42.0,91
220635,2019,2.0,0.0,0.0,1.0,1.0,2.0,0.0,7.0,4.0,17.0,34.0,68
220640,2012,4.0,0.0,2.0,2.0,3.0,14.0,0.0,5.0,4.0,14.0,68.0,142
220640,2013,0.0,0.0,0.0,0.0,0.0,0.0,0.0,0.0,0.0,0.0,50.0,147
220640,2014,4.0,1.0,2.0,2.0,2.0,20.0,0.0,12.0,0.0,11.0,61.0,130
220640,2015,5.0,0.0,1.0,1.0,1.0,22.0,0.0,5.0,0.0,14.0,56.0,128
220640,2016,8.0,1.0,0.0,4.0,1.0,20.0,3.0,9.0,2.0,29.0,78.0,134
220640,2017,5.0,1.0,7.0,1.0,0.0,16.0,1.0,13.0,0.0,22.0,68.0,130
220640,2018,5.0,1.0,2.0,2.0,0.0,21.0,0.0,11.0,2.0,18.0,63.0,128
220640,2019,1.0,0.0,4.0,4.0,3.0,15.0,4.0,18.0,1.0,14.0,65.0,119
220650,2012,5.0,0.0,1.0,1.0,1.0,18.0,2.0,6.0,14.0,17.0,69.0,100
220650,2013,0.0,0.0,0.0,0.0,0.0,0.0,0.0,0.0,0.0,0.0,80.0,103
220650,2014,6.0,0.0,0.0,0.0,1.0,27.0,3.0,4.0,12.0,12.0,65.0,104
220650,2015,6.0,0.0,2.0,1.0,3.0,29.0,4.0,6.0,11.0,20.0,82.0,102
220650,2016,5.0,0.0,0.0,2.0,0.0,16.0,6.0,5.0,11.0,13.0,58.0,82
220650,2017,3.0,0.0,0.0,1.0,1.0,23.0,1.0,8.0,3.0,19.0,59.0,83
220650,2018,4.0,0.0,2.0,1.0,1.0,25.0,0.0,7.0,7.0,28.0,75.0,103
220650,2019,2.0,0.0,0.0,0.0,0.0,37.0,1.0,4.0,0.0,19.0,63.0,88
220660,2012,7.0,1.0,3.0,1.0,1.0,11.0,3.0,11.0,4.0,11.0,56.0,152
220660,2013,0.0,0.0,0.0,0.0,0.0,0.0,0.0,0.0,0.0,0.0,68.0,182
220660,2014,3.0,1.0,2.0,3.0,2.0,14.0,7.0,9.0,13.0,14.0,69.0,170
220660,2015,5.0,1.0,2.0,1.0,2.0,28.0,7.0,5.0,19.0,13.0,84.0,164
220660,2016,8.0,0.0,2.0,4.0,2.0,24.0,7.0,14.0,10.0,12.0,84.0,172
220660,2017,8.0,0.0,6.0,2.0,0.0,30.0,10.0,9.0,12.0,30.0,107.0,202
220660,2018,5.0,0.0,0.0,2.0,3.0,24.0,11.0,8.0,13.0,10.0,80.0,188
220660,2019,5.0,2.0,2.0,0.0,3.0,29.0,10.0,8.0,9.0,21.0,92.0,194
220665,2012,1.0,1.0,0.0,1.0,0.0,1.0,1.0,1.0,0.0,1.0,23.0,77
220665,2013,0.0,0.0,0.0,0.0,0.0,0.0,0.0,0.0,0.0,0.0,27.0,78
220665,2014,0.0,1.0,1.0,1.0,0.0,2.0,0.0,2.0,2.0,2.0,18.0,60
220665,2015,0.0,1.0,2.0,0.0,0.0,3.0,0.0,2.0,1.0,2.0,12.0,42
220665,2016,4.0,0.0,2.0,2.0,1.0,5.0,1.0,2.0,5.0,6.0,28.0,71
220665,2017,3.0,0.0,3.0,0.0,3.0,7.0,2.0,2.0,2.0,9.0,31.0,74
220665,2018,1.0,1.0,2.0,3.0,2.0,16.0,1.0,2.0,0.0,4.0,32.0,64
220665,2019,2.0,0.0,0.0,1.0,4.0,5.0,3.0,2.0,0.0,3.0,20.0,52
220667,2012,5.0,0.0,3.0,0.0,1.0,4.0,4.0,4.0,2.0,13.0,38.0,99
220667,2013,0.0,0.0,0.0,0.0,0.0,0.0,0.0,0.0,0.0,0.0,40.0,86
220667,2014,5.0,0.0,0.0,0.0,1.0,14.0,1.0,6.0,3.0,5.0,35.0,88
220667,2015,3.0,0.0,2.0,1.0,1.0,12.0,2.0,7.0,5.0,19.0,54.0,114
220667,2016,5.0,0.0,2.0,0.0,3.0,24.0,2.0,4.0,0.0,22.0,63.0,117
220667,2017,8.0,0.0,2.0,0.0,2.0,21.0,1.0,10.0,0.0,13.0,57.0,124
220667,2018,4.0,1.0,0.0,0.0,0.0,17.0,0.0,6.0,0.0,22.0,51.0,103
220667,2019,1.0,0.0,0.0,2.0,1.0,18.0,0.0,8.0,2.0,19.0,53.0,84
220669,2012,3.0,0.0,0.0,1.0,2.0,6.0,1.0,0.0,2.0,3.0,19.0,95
220669,2013,0.0,0.0,0.0,0.0,0.0,0.0,0.0,0.0,0.0,0.0,22.0,102
220669,2014,3.0,1.0,0.0,0.0,0.0,11.0,2.0,4.0,4.0,5.0,31.0,93
220669,2015,4.0,0.0,0.0,1.0,1.0,11.0,2.0,3.0,3.0,6.0,31.0,115
220669,2016,2.0,0.0,2.0,0.0,1.0,5.0,1.0,4.0,5.0,8.0,28.0,110
220669,2017,1.0,0.0,2.0,0.0,1.0,13.0,2.0,5.0,5.0,3.0,33.0,119
220669,2018,3.0,0.0,0.0,4.0,1.0,11.0,1.0,2.0,1.0,8.0,31.0,110
220669,2019,2.0,0.0,0.0,1.0,0.0,15.0,1.0,7.0,0.0,10.0,36.0,116
220670,2012,13.0,0.0,2.0,1.0,0.0,12.0,0.0,1.0,1.0,14.0,53.0,95
220670,2013,0.0,0.0,0.0,0.0,0.0,0.0,0.0,0.0,0.0,0.0,42.0,83
220670,2014,2.0,0.0,0.0,0.0,0.0,13.0,1.0,4.0,0.0,16.0,36.0,78
220670,2015,4.0,0.0,0.0,1.0,2.0,12.0,0.0,6.0,0.0,12.0,38.0,75
220670,2016,4.0,0.0,0.0,1.0,1.0,13.0,1.0,7.0,5.0,11.0,44.0,76
220670,2017,1.0,1.0,6.0,1.0,2.0,19.0,0.0,8.0,1.0,10.0,50.0,82
220670,2018,5.0,0.0,0.0,1.0,1.0,19.0,2.0,8.0,0.0,18.0,56.0,107
220670,2019,5.0,1.0,2.0,1.0,0.0,26.0,0.0,9.0,2.0,22.0,68.0,104
220672,2012,8.0,0.0,1.0,1.0,0.0,7.0,1.0,4.0,2.0,12.0,55.0,147
220672,2013,0.0,0.0,0.0,0.0,0.0,0.0,0.0,0.0,0.0,0.0,50.0,152
220672,2014,6.0,0.0,2.0,1.0,3.0,26.0,3.0,7.0,3.0,14.0,67.0,165
220672,2015,4.0,0.0,0.0,0.0,0.0,31.0,1.0,9.0,1.0,11.0,61.0,172
220672,2016,7.0,0.0,0.0,2.0,1.0,24.0,0.0,15.0,1.0,11.0,63.0,159
220672,2017,6.0,0.0,2.0,2.0,0.0,22.0,0.0,11.0,2.0,13.0,61.0,161
220672,2018,4.0,1.0,1.0,1.0,1.0,19.0,1.0,12.0,2.0,21.0,67.0,156
220672,2019,9.0,0.0,1.0,4.0,1.0,18.0,3.0,23.0,4.0,20.0,84.0,180
220675,2012,0.0,0.0,0.0,0.0,2.0,12.0,3.0,1.0,0.0,1.0,24.0,58
220675,2013,0.0,0.0,0.0,0.0,0.0,0.0,0.0,0.0,0.0,0.0,23.0,66
220675,2014,2.0,1.0,2.0,0.0,2.0,9.0,4.0,4.0,3.0,5.0,33.0,65
220675,2015,0.0,2.0,2.0,1.0,1.0,6.0,3.0,5.0,1.0,8.0,31.0,58
220675,2016,3.0,0.0,0.0,2.0,6.0,4.0,2.0,3.0,0.0,4.0,24.0,47
220675,2017,1.0,0.0,0.0,3.0,2.0,9.0,0.0,1.0,1.0,8.0,25.0,54
220675,2018,1.0,0.0,3.0,1.0,3.0,9.0,1.0,3.0,2.0,9.0,34.0,63
220675,2019,2.0,2.0,2.0,2.0,1.0,13.0,2.0,6.0,2.0,9.0,42.0,61
220680,2012,7.0,0.0,1.0,3.0,1.0,12.0,0.0,3.0,1.0,6.0,41.0,146
220680,2013,0.0,0.0,0.0,0.0,0.0,0.0,0.0,0.0,0.0,0.0,55.0,155
220680,2014,2.0,0.0,0.0,4.0,2.0,7.0,2.0,2.0,3.0,13.0,37.0,157
220680,2015,3.0,0.0,0.0,0.0,1.0,9.0,0.0,4.0,1.0,7.0,29.0,134
220680,2016,4.0,2.0,1.0,6.0,1.0,16.0,5.0,11.0,3.0,12.0,64.0,171
220680,2017,4.0,0.0,4.0,1.0,3.0,11.0,2.0,3.0,0.0,18.0,47.0,141
220680,2018,6.0,0.0,0.0,2.0,2.0,23.0,3.0,12.0,4.0,13.0,65.0,144
220680,2019,5.0,1.0,0.0,0.0,0.0,17.0,3.0,11.0,1.0,11.0,54.0,132
220690,2012,1.0,0.0,0.0,1.0,0.0,6.0,1.0,3.0,7.0,11.0,35.0,67
220690,2013,0.0,0.0,0.0,0.0,0.0,0.0,0.0,0.0,0.0,0.0,38.0,53
220690,2014,1.0,0.0,0.0,0.0,1.0,14.0,2.0,11.0,4.0,16.0,49.0,77
220690,2015,1.0,0.0,6.0,0.0,0.0,12.0,1.0,8.0,2.0,10.0,42.0,80
220690,2016,2.0,0.0,0.0,1.0,0.0,16.0,0.0,5.0,1.0,21.0,46.0,70
220690,2017,0.0,0.0,1.0,0.0,0.0,13.0,0.0,10.0,1.0,15.0,40.0,70
220690,2018,3.0,0.0,2.0,0.0,1.0,7.0,6.0,5.0,5.0,11.0,44.0,75
220690,2019,1.0,0.0,0.0,0.0,1.0,17.0,6.0,2.0,9.0,3.0,40.0,62
220695,2012,3.0,0.0,0.0,0.0,0.0,7.0,1.0,0.0,3.0,2.0,23.0,42
220695,2013,0.0,0.0,0.0,0.0,0.0,0.0,0.0,0.0,0.0,0.0,11.0,19
220695,2014,0.0,0.0,0.0,1.0,0.0,1.0,1.0,0.0,0.0,2.0,5.0,19
220695,2015,0.0,0.0,0.0,0.0,0.0,3.0,1.0,1.0,1.0,3.0,11.0,29
220695,2016,4.0,0.0,0.0,0.0,1.0,3.0,1.0,2.0,0.0,3.0,15.0,39
220695,2017,1.0,0.0,0.0,0.0,1.0,2.0,0.0,3.0,1.0,6.0,16.0,45
220695,2018,4.0,0.0,0.0,0.0,0.0,5.0,1.0,2.0,1.0,1.0,15.0,37
220695,2019,2.0,0.0,0.0,0.0,0.0,5.0,0.0,2.0,0.0,6.0,16.0,40
220700,2012,23.0,0.0,0.0,5.0,3.0,52.0,8.0,15.0,12.0,65.0,214.0,419
220700,2013,0.0,0.0,0.0,0.0,0.0,0.0,0.0,0.0,0.0,0.0,262.0,444
220700,2014,17.0,1.0,0.0,5.0,9.0,75.0,4.0,34.0,10.0,75.0,238.0,452
220700,2015,21.0,0.0,4.0,5.0,4.0,78.0,11.0,30.0,15.0,96.0,269.0,473
220700,2016,21.0,4.0,4.0,7.0,6.0,70.0,6.0,33.0,13.0,64.0,230.0,430
220700,2017,14.0,0.0,12.0,4.0,8.0,96.0,13.0,29.0,34.0,87.0,302.0,503
220700,2018,18.0,0.0,7.0,4.0,7.0,103.0,12.0,34.0,20.0,89.0,294.0,495
220700,2019,21.0,0.0,3.0,9.0,4.0,121.0,8.0,34.0,21.0,77.0,299.0,494
220710,2012,1.0,0.0,0.0,0.0,0.0,6.0,0.0,1.0,0.0,3.0,17.0,43
220710,2013,0.0,0.0,0.0,0.0,0.0,0.0,0.0,0.0,0.0,0.0,18.0,40
220710,2014,0.0,0.0,0.0,1.0,1.0,2.0,1.0,1.0,0.0,6.0,16.0,34
220710,2015,0.0,0.0,0.0,0.0,0.0,2.0,2.0,4.0,0.0,2.0,12.0,34
220710,2016,0.0,0.0,4.0,0.0,2.0,0.0,0.0,2.0,0.0,9.0,20.0,43
220710,2017,0.0,0.0,0.0,2.0,0.0,1.0,1.0,2.0,1.0,5.0,17.0,40
220710,2018,1.0,0.0,0.0,0.0,0.0,2.0,0.0,3.0,0.0,6.0,21.0,38
220710,2019,0.0,1.0,0.0,1.0,0.0,9.0,0.0,2.0,0.0,7.0,21.0,46
220720,2012,3.0,0.0,0.0,0.0,2.0,9.0,7.0,2.0,4.0,10.0,41.0,80
220720,2013,0.0,0.0,0.0,0.0,0.0,0.0,0.0,0.0,0.0,0.0,58.0,96
220720,2014,3.0,0.0,0.0,3.0,0.0,7.0,3.0,3.0,5.0,9.0,35.0,68
220720,2015,1.0,1.0,2.0,1.0,1.0,19.0,7.0,5.0,15.0,13.0,65.0,95
220720,2016,8.0,0.0,0.0,0.0,2.0,16.0,3.0,12.0,6.0,18.0,65.0,88
220720,2017,2.0,0.0,0.0,2.0,2.0,18.0,7.0,2.0,6.0,14.0,53.0,90
220720,2018,3.0,1.0,2.0,1.0,3.0,19.0,6.0,8.0,4.0,21.0,68.0,103
220720,2019,1.0,0.0,0.0,2.0,1.0,21.0,5.0,4.0,8.0,20.0,62.0,94
220730,2012,0.0,0.0,0.0,2.0,0.0,7.0,0.0,3.0,0.0,8.0,20.0,49
220730,2013,0.0,0.0,0.0,0.0,0.0,0.0,0.0,0.0,0.0,0.0,16.0,40
220730,2014,3.0,0.0,0.0,0.0,0.0,6.0,0.0,3.0,3.0,10.0,25.0,64
220730,2015,2.0,0.0,0.0,0.0,1.0,17.0,2.0,4.0,2.0,12.0,40.0,61
220730,2016,1.0,0.0,0.0,1.0,1.0,14.0,2.0,9.0,2.0,15.0,45.0,77
220730,2017,3.0,0.0,0.0,0.0,1.0,12.0,2.0,8.0,1.0,12.0,39.0,54
220730,2018,5.0,0.0,2.0,2.0,1.0,9.0,1.0,6.0,2.0,14.0,42.0,59
220730,2019,0.0,0.0,2.0,3.0,0.0,9.0,2.0,4.0,1.0,7.0,28.0,51
220735,2012,3.0,0.0,0.0,0.0,0.0,5.0,0.0,0.0,0.0,5.0,15.0,19
220735,2013,0.0,0.0,0.0,0.0,0.0,0.0,0.0,0.0,0.0,0.0,14.0,25
220735,2014,0.0,0.0,0.0,0.0,1.0,3.0,0.0,2.0,0.0,5.0,11.0,25
220735,2015,0.0,1.0,4.0,1.0,0.0,1.0,0.0,0.0,2.0,6.0,15.0,27
220735,2016,2.0,0.0,0.0,0.0,0.0,5.0,0.0,1.0,1.0,4.0,14.0,28
220735,2017,0.0,0.0,0.0,0.0,0.0,4.0,0.0,2.0,3.0,5.0,14.0,29
220735,2018,0.0,0.0,0.0,0.0,0.0,8.0,0.0,4.0,0.0,7.0,19.0,31
220735,2019,0.0,0.0,0.0,1.0,0.0,9.0,0.0,3.0,0.0,1.0,14.0,26
220740,2012,3.0,0.0,0.0,0.0,2.0,14.0,1.0,4.0,9.0,12.0,47.0,67
220740,2013,0.0,0.0,0.0,0.0,0.0,0.0,0.0,0.0,0.0,0.0,54.0,80
220740,2014,5.0,0.0,4.0,1.0,1.0,27.0,2.0,4.0,10.0,1.0,55.0,76
220740,2015,3.0,0.0,2.0,2.0,0.0,19.0,5.0,0.0,19.0,1.0,51.0,64
220740,2016,4.0,0.0,2.0,1.0,1.0,14.0,1.0,4.0,13.0,7.0,47.0,76
220740,2017,1.0,0.0,0.0,1.0,0.0,24.0,2.0,4.0,7.0,8.0,47.0,63
220740,2018,2.0,0.0,2.0,1.0,0.0,23.0,5.0,4.0,4.0,7.0,48.0,77
220740,2019,3.0,0.0,0.0,1.0,0.0,25.0,2.0,4.0,5.0,5.0,45.0,63
220750,2012,7.0,0.0,1.0,1.0,1.0,15.0,1.0,4.0,1.0,15.0,66.0,204
220750,2013,0.0,0.0,0.0,0.0,0.0,0.0,0.0,0.0,0.0,0.0,74.0,189
220750,2014,3.0,0.0,4.0,4.0,0.0,22.0,2.0,14.0,0.0,13.0,76.0,219
220750,2015,8.0,0.0,0.0,3.0,2.0,22.0,1.0,8.0,3.0,21.0,71.0,195
220750,2016,7.0,0.0,2.0,3.0,2.0,20.0,2.0,8.0,1.0,22.0,69.0,205
220750,2017,7.0,1.0,3.0,1.0,2.0,22.0,2.0,8.0,3.0,22.0,71.0,191
220750,2018,10.0,1.0,2.0,4.0,3.0,16.0,2.0,5.0,4.0,20.0,68.0,203
220750,2019,8.0,1.0,1.0,2.0,4.0,32.0,0.0,12.0,1.0,15.0,77.0,199
220755,2012,0.0,2.0,2.0,0.0,1.0,6.0,0.0,0.0,4.0,6.0,21.0,34
220755,2013,0.0,0.0,0.0,0.0,0.0,0.0,0.0,0.0,0.0,0.0,27.0,39
220755,2014,5.0,1.0,0.0,0.0,0.0,9.0,5.0,1.0,4.0,2.0,27.0,42
220755,2015,2.0,0.0,0.0,0.0,0.0,10.0,2.0,1.0,3.0,2.0,20.0,32
220755,2016,3.0,0.0,0.0,2.0,0.0,11.0,1.0,2.0,1.0,3.0,23.0,31
220755,2017,1.0,0.0,2.0,0.0,1.0,14.0,0.0,6.0,5.0,2.0,31.0,42
220755,2018,2.0,0.0,0.0,1.0,0.0,16.0,3.0,4.0,7.0,6.0,39.0,55
220755,2019,2.0,1.0,2.0,1.0,0.0,12.0,5.0,0.0,10.0,10.0,43.0,53
220760,2012,6.0,1.0,0.0,0.0,1.0,15.0,4.0,4.0,1.0,8.0,47.0,159
220760,2013,0.0,0.0,0.0,0.0,0.0,0.0,0.0,0.0,0.0,0.0,39.0,145
220760,2014,3.0,1.0,6.0,5.0,5.0,11.0,2.0,3.0,3.0,8.0,56.0,166
220760,2015,1.0,0.0,0.0,1.0,0.0,16.0,4.0,8.0,3.0,8.0,44.0,140
220760,2016,6.0,0.0,0.0,4.0,0.0,16.0,5.0,8.0,3.0,5.0,48.0,166
220760,2017,5.0,1.0,2.0,0.0,2.0,22.0,3.0,6.0,3.0,9.0,55.0,169
220760,2018,5.0,1.0,2.0,2.0,3.0,17.0,8.0,7.0,14.0,8.0,69.0,175
220760,2019,4.0,0.0,0.0,4.0,6.0,17.0,3.0,6.0,7.0,10.0,57.0,164
220770,2012,99.0,3.0,25.0,15.0,22.0,241.0,47.0,45.0,190.0,175.0,947.0,2293
220770,2013,0.0,0.0,0.0,0.0,0.0,0.0,0.0,0.0,0.0,0.0,971.0,2281
220770,2014,67.0,2.0,25.0,22.0,31.0,275.0,69.0,80.0,163.0,261.0,1001.0,2319
220770,2015,82.0,9.0,28.0,32.0,21.0,317.0,67.0,99.0,140.0,262.0,1071.0,2434
220770,2016,96.0,3.0,30.0,31.0,25.0,285.0,45.0,101.0,106.0,226.0,954.0,2319
220770,2017,87.0,5.0,9.0,32.0,28.0,332.0,30.0,115.0,93.0,214.0,947.0,2377
220770,2018,91.0,10.0,44.0,40.0,27.0,397.0,48.0,113.0,85.0,292.0,1156.0,2531
220770,2019,99.0,12.0,33.0,47.0,25.0,374.0,50.0,231.0,72.0,244.0,1194.0,2517
220775,2012,2.0,0.0,2.0,2.0,2.0,3.0,0.0,3.0,0.0,5.0,30.0,71
220775,2013,0.0,0.0,0.0,0.0,0.0,0.0,0.0,0.0,0.0,0.0,32.0,63
220775,2014,0.0,0.0,2.0,0.0,2.0,7.0,2.0,9.0,2.0,7.0,36.0,82
220775,2015,4.0,0.0,0.0,1.0,0.0,11.0,0.0,3.0,0.0,8.0,28.0,71
220775,2016,1.0,0.0,0.0,0.0,0.0,6.0,2.0,2.0,1.0,8.0,22.0,55
220775,2017,2.0,0.0,0.0,1.0,0.0,7.0,0.0,1.0,1.0,5.0,18.0,58
220775,2018,1.0,0.0,4.0,1.0,0.0,5.0,0.0,5.0,2.0,3.0,23.0,61
220775,2019,2.0,0.0,0.0,1.0,0.0,7.0,0.0,5.0,1.0,0.0,17.0,47
220777,2012,2.0,0.0,2.0,2.0,0.0,6.0,1.0,2.0,1.0,15.0,37.0,72
220777,2013,0.0,0.0,0.0,0.0,0.0,0.0,0.0,0.0,0.0,0.0,38.0,60
220777,2014,6.0,0.0,0.0,3.0,2.0,5.0,1.0,2.0,5.0,5.0,31.0,49
220777,2015,0.0,0.0,0.0,0.0,0.0,7.0,3.0,2.0,6.0,7.0,27.0,47
220777,2016,0.0,0.0,2.0,1.0,0.0,13.0,3.0,2.0,9.0,7.0,37.0,56
220777,2017,3.0,1.0,0.0,0.0,1.0,8.0,1.0,3.0,5.0,10.0,32.0,57
220777,2018,0.0,0.0,0.0,1.0,1.0,7.0,2.0,8.0,4.0,9.0,32.0,57
220777,2019,0.0,0.0,0.0,1.0,0.0,19.0,2.0,4.0,0.0,9.0,35.0,55
220779,2012,0.0,0.0,0.0,0.0,0.0,7.0,0.0,2.0,1.0,4.0,17.0,42
220779,2013,0.0,0.0,0.0,0.0,0.0,0.0,0.0,0.0,0.0,0.0,12.0,42
220779,2014,0.0,0.0,0.0,0.0,0.0,2.0,0.0,3.0,0.0,5.0,10.0,38
220779,2015,3.0,0.0,2.0,0.0,2.0,5.0,1.0,4.0,1.0,8.0,26.0,51
220779,2016,2.0,0.0,0.0,1.0,0.0,9.0,1.0,3.0,0.0,3.0,19.0,46
220779,2017,2.0,0.0,0.0,0.0,0.0,6.0,0.0,0.0,1.0,3.0,12.0,31
220779,2018,4.0,0.0,0.0,2.0,1.0,4.0,2.0,2.0,1.0,1.0,18.0,41
220779,2019,3.0,0.0,2.0,0.0,1.0,6.0,0.0,2.0,0.0,4.0,18.0,43
220780,2012,12.0,0.0,5.0,16.0,2.0,29.0,0.0,13.0,6.0,30.0,145.0,318
220780,2013,0.0,0.0,0.0,0.0,0.0,0.0,0.0,0.0,0.0,0.0,133.0,334
220780,2014,6.0,3.0,1.0,11.0,10.0,30.0,10.0,25.0,9.0,39.0,168.0,327
220780,2015,9.0,4.0,6.0,5.0,6.0,46.0,6.0,25.0,4.0,49.0,177.0,352
220780,2016,14.0,2.0,0.0,10.0,11.0,45.0,7.0,18.0,14.0,34.0,157.0,331
220780,2017,18.0,1.0,4.0,11.0,9.0,40.0,14.0,10.0,29.0,31.0,168.0,345
220780,2018,14.0,2.0,8.0,6.0,6.0,57.0,22.0,34.0,22.0,33.0,205.0,377
220780,2019,12.0,3.0,5.0,2.0,1.0,60.0,19.0,17.0,22.0,23.0,177.0,317
220785,2012,3.0,0.0,0.0,0.0,0.0,7.0,0.0,0.0,4.0,8.0,24.0,41
220785,2013,0.0,0.0,0.0,0.0,0.0,0.0,0.0,0.0,0.0,0.0,32.0,44
220785,2014,0.0,0.0,0.0,1.0,0.0,12.0,1.0,2.0,0.0,9.0,26.0,42
220785,2015,1.0,0.0,0.0,1.0,0.0,11.0,0.0,6.0,2.0,4.0,26.0,43
220785,2016,1.0,0.0,0.0,1.0,1.0,5.0,1.0,5.0,0.0,8.0,22.0,42
220785,2017,2.0,0.0,0.0,0.0,0.0,7.0,3.0,7.0,5.0,4.0,31.0,48
220785,2018,2.0,0.0,2.0,0.0,0.0,7.0,3.0,2.0,5.0,5.0,30.0,50
220785,2019,1.0,1.0,0.0,1.0,0.0,6.0,3.0,2.0,3.0,4.0,25.0,44
220790,2012,15.0,0.0,0.0,3.0,2.0,54.0,3.0,19.0,10.0,44.0,175.0,549
220790,2013,0.0,0.0,0.0,0.0,0.0,0.0,0.0,0.0,0.0,0.0,184.0,512
220790,2014,23.0,0.0,12.0,7.0,5.0,68.0,7.0,30.0,18.0,63.0,246.0,555
220790,2015,13.0,2.0,4.0,2.0,4.0,58.0,10.0,22.0,24.0,68.0,218.0,611
220790,2016,15.0,0.0,6.0,2.0,5.0,46.0,5.0,23.0,6.0,66.0,178.0,515
220790,2017,9.0,0.0,9.0,5.0,4.0,64.0,7.0,24.0,17.0,65.0,209.0,563
220790,2018,20.0,3.0,9.0,3.0,9.0,77.0,3.0,41.0,9.0,83.0,262.0,565
220790,2019,19.0,0.0,13.0,5.0,4.0,72.0,6.0,46.0,8.0,58.0,233.0,515
220793,2012,1.0,0.0,0.0,0.0,0.0,5.0,0.0,5.0,0.0,8.0,20.0,37
220793,2013,0.0,0.0,0.0,0.0,0.0,0.0,0.0,0.0,0.0,0.0,16.0,25
220793,2014,1.0,0.0,0.0,1.0,0.0,4.0,0.0,1.0,0.0,4.0,11.0,27
220793,2015,0.0,0.0,0.0,1.0,1.0,4.0,1.0,4.0,1.0,3.0,15.0,31
220793,2016,0.0,0.0,0.0,2.0,1.0,6.0,1.0,3.0,1.0,1.0,15.0,25
220793,2017,0.0,0.0,0.0,0.0,0.0,3.0,1.0,1.0,2.0,6.0,13.0,25
220793,2018,2.0,0.0,0.0,0.0,0.0,5.0,0.0,2.0,0.0,8.0,17.0,27
220793,2019,3.0,0.0,2.0,0.0,0.0,9.0,0.0,3.0,0.0,4.0,21.0,32
220795,2012,2.0,0.0,0.0,0.0,0.0,10.0,0.0,10.0,0.0,13.0,37.0,62
220795,2013,0.0,0.0,0.0,0.0,0.0,0.0,0.0,0.0,0.0,0.0,24.0,50
220795,2014,3.0,0.0,4.0,0.0,0.0,8.0,0.0,4.0,2.0,12.0,34.0,58
220795,2015,0.0,0.0,0.0,0.0,0.0,14.0,1.0,10.0,2.0,12.0,39.0,68
220795,2016,2.0,0.0,2.0,0.0,1.0,12.0,2.0,5.0,2.0,10.0,36.0,62
220795,2017,1.0,0.0,0.0,1.0,1.0,14.0,1.0,5.0,0.0,10.0,33.0,51
220795,2018,0.0,1.0,0.0,0.0,0.0,12.0,0.0,2.0,2.0,15.0,32.0,46
220795,2019,2.0,1.0,2.0,1.0,0.0,16.0,1.0,5.0,3.0,11.0,42.0,60
220800,2012,57.0,3.0,14.0,4.0,8.0,221.0,39.0,27.0,152.0,119.0,741.0,1042
220800,2013,0.0,0.0,0.0,0.0,0.0,0.0,0.0,0.0,0.0,0.0,689.0,1001
220800,2014,61.0,2.0,9.0,16.0,18.0,244.0,55.0,58.0,156.0,184.0,810.0,1109
220800,2015,45.0,1.0,9.0,10.0,16.0,300.0,44.0,90.0,118.0,214.0,853.0,1149
220800,2016,40.0,1.0,25.0,12.0,10.0,249.0,45.0,63.0,139.0,189.0,774.0,1078
220800,2017,28.0,0.0,25.0,15.0,17.0,286.0,42.0,77.0,97.0,220.0,811.0,1088
220800,2018,26.0,0.0,16.0,8.0,16.0,325.0,35.0,75.0,119.0,227.0,852.0,1143
220800,2019,35.0,2.0,21.0,16.0,10.0,335.0,32.0,75.0,101.0,212.0,839.0,1094
220810,2012,14.0,0.0,3.0,0.0,3.0,28.0,4.0,7.0,9.0,14.0,94.0,165
220810,2013,0.0,0.0,0.0,0.0,0.0,0.0,0.0,0.0,0.0,0.0,74.0,120
220810,2014,4.0,0.0,0.0,1.0,1.0,14.0,1.0,11.0,7.0,26.0,68.0,116
220810,2015,6.0,0.0,2.0,2.0,3.0,26.0,1.0,15.0,4.0,16.0,76.0,130
220810,2016,7.0,0.0,0.0,1.0,0.0,18.0,2.0,14.0,2.0,30.0,75.0,132
220810,2017,5.0,0.0,2.0,1.0,0.0,29.0,5.0,12.0,6.0,33.0,93.0,141
220810,2018,2.0,0.0,0.0,1.0,0.0,22.0,15.0,13.0,18.0,24.0,95.0,137
220810,2019,9.0,0.0,2.0,1.0,1.0,27.0,13.0,8.0,15.0,11.0,87.0,126
220820,2012,10.0,1.0,2.0,2.0,2.0,39.0,4.0,10.0,27.0,18.0,123.0,255
220820,2013,0.0,0.0,0.0,0.0,0.0,0.0,0.0,0.0,0.0,0.0,120.0,225
220820,2014,7.0,0.0,0.0,3.0,1.0,23.0,8.0,13.0,16.0,37.0,109.0,206
220820,2015,3.0,0.0,8.0,3.0,2.0,40.0,3.0,23.0,14.0,52.0,149.0,268
220820,2016,5.0,2.0,5.0,5.0,2.0,29.0,9.0,15.0,18.0,35.0,128.0,237
220820,2017,10.0,0.0,0.0,3.0,4.0,31.0,8.0,12.0,18.0,28.0,114.0,218
220820,2018,6.0,1.0,5.0,0.0,0.0,51.0,11.0,12.0,12.0,33.0,132.0,236
220820,2019,7.0,0.0,4.0,2.0,1.0,37.0,7.0,21.0,14.0,35.0,128.0,216
220830,2012,8.0,1.0,6.0,2.0,2.0,47.0,0.0,22.0,2.0,72.0,173.0,445
220830,2013,0.0,0.0,0.0,0.0,0.0,0.0,0.0,0.0,0.0,0.0,148.0,383
220830,2014,10.0,0.0,4.0,5.0,6.0,53.0,3.0,40.0,7.0,77.0,212.0,472
220830,2015,6.0,2.0,0.0,5.0,2.0,57.0,0.0,22.0,4.0,60.0,160.0,439
220830,2016,17.0,1.0,4.0,9.0,5.0,54.0,0.0,18.0,0.0,60.0,168.0,438
220830,2017,11.0,0.0,6.0,5.0,10.0,50.0,1.0,20.0,1.0,44.0,149.0,454
220830,2018,10.0,0.0,4.0,7.0,3.0,55.0,2.0,26.0,1.0,54.0,164.0,443
220830,2019,8.0,1.0,2.0,7.0,4.0,66.0,1.0,34.0,2.0,50.0,176.0,404
220840,2012,32.0,5.0,5.0,6.0,7.0,89.0,3.0,50.0,13.0,136.0,381.0,847
220840,2013,0.0,0.0,0.0,0.0,0.0,0.0,0.0,0.0,0.0,0.0,455.0,940
220840,2014,36.0,0.0,10.0,10.0,10.0,116.0,9.0,91.0,15.0,160.0,497.0,956
220840,2015,36.0,2.0,11.0,13.0,14.0,139.0,9.0,65.0,16.0,133.0,461.0,1002
220840,2016,40.0,0.0,17.0,8.0,10.0,143.0,10.0,80.0,15.0,130.0,455.0,955
220840,2017,39.0,1.0,6.0,5.0,5.0,161.0,11.0,90.0,22.0,199.0,544.0,1014
220840,2018,39.0,1.0,21.0,16.0,8.0,152.0,10.0,107.0,12.0,150.0,519.0,931
220840,2019,37.0,3.0,14.0,12.0,17.0,141.0,23.0,79.0,23.0,126.0,487.0,878
220850,2012,1.0,0.0,0.0,1.0,1.0,12.0,0.0,6.0,1.0,9.0,46.0,233
220850,2013,0.0,0.0,0.0,0.0,0.0,0.0,0.0,0.0,0.0,0.0,55.0,227
220850,2014,6.0,0.0,8.0,0.0,1.0,22.0,1.0,8.0,1.0,10.0,65.0,210
220850,2015,5.0,0.0,6.0,2.0,1.0,17.0,1.0,7.0,3.0,12.0,59.0,209
220850,2016,7.0,2.0,2.0,2.0,0.0,16.0,2.0,12.0,2.0,20.0,68.0,213
220850,2017,4.0,3.0,5.0,0.0,2.0,15.0,4.0,13.0,3.0,20.0,71.0,270
220850,2018,8.0,1.0,0.0,1.0,3.0,31.0,3.0,25.0,3.0,31.0,106.0,238
220850,2019,11.0,0.0,2.0,3.0,2.0,33.0,1.0,22.0,4.0,20.0,101.0,233
220855,2012,4.0,0.0,2.0,0.0,1.0,4.0,0.0,0.0,3.0,7.0,23.0,55
220855,2013,0.0,0.0,0.0,0.0,0.0,0.0,0.0,0.0,0.0,0.0,8.0,35
220855,2014,2.0,0.0,0.0,0.0,0.0,4.0,1.0,4.0,0.0,7.0,20.0,35
220855,2015,0.0,0.0,0.0,0.0,0.0,8.0,0.0,2.0,1.0,4.0,16.0,39
220855,2016,0.0,0.0,0.0,1.0,0.0,7.0,1.0,0.0,2.0,7.0,19.0,33
220855,2017,3.0,0.0,0.0,0.0,0.0,3.0,0.0,3.0,0.0,4.0,13.0,28
220855,2018,2.0,0.0,0.0,0.0,0.0,6.0,0.0,3.0,0.0,5.0,16.0,37
220855,2019,0.0,0.0,0.0,0.0,1.0,8.0,0.0,3.0,1.0,9.0,22.0,43
220860,2012,2.0,0.0,1.0,0.0,0.0,4.0,0.0,2.0,0.0,1.0,14.0,34
220860,2013,0.0,0.0,0.0,0.0,0.0,0.0,0.0,0.0,0.0,0.0,13.0,41
220860,2014,1.0,0.0,0.0,0.0,3.0,5.0,3.0,3.0,2.0,5.0,22.0,38
220860,2015,0.0,0.0,0.0,0.0,1.0,6.0,0.0,1.0,1.0,8.0,18.0,39
220860,2016,1.0,0.0,0.0,0.0,1.0,6.0,1.0,4.0,1.0,6.0,21.0,43
220860,2017,1.0,0.0,2.0,0.0,1.0,4.0,0.0,3.0,1.0,4.0,17.0,47
220860,2018,1.0,0.0,0.0,1.0,0.0,6.0,4.0,0.0,3.0,6.0,21.0,41
220860,2019,1.0,0.0,0.0,0.0,0.0,3.0,3.0,0.0,0.0,3.0,10.0,26
220865,2012,6.0,1.0,3.0,2.0,0.0,2.0,0.0,0.0,3.0,7.0,31.0,86
220865,2013,0.0,0.0,0.0,0.0,0.0,0.0,0.0,0.0,0.0,0.0,19.0,77
220865,2014,3.0,2.0,0.0,3.0,1.0,3.0,4.0,6.0,0.0,13.0,39.0,93
220865,2015,1.0,1.0,0.0,0.0,3.0,7.0,2.0,4.0,2.0,13.0,36.0,95
220865,2016,2.0,1.0,0.0,2.0,1.0,10.0,3.0,2.0,1.0,12.0,35.0,96
220865,2017,2.0,1.0,0.0,1.0,3.0,7.0,4.0,4.0,8.0,10.0,41.0,107
220865,2018,4.0,2.0,0.0,0.0,1.0,5.0,5.0,0.0,6.0,10.0,34.0,87
220865,2019,3.0,2.0,2.0,1.0,0.0,15.0,4.0,2.0,12.0,6.0,48.0,100
220870,2012,6.0,0.0,2.0,2.0,2.0,12.0,2.0,9.0,4.0,17.0,58.0,157
220870,2013,0.0,0.0,0.0,0.0,0.0,0.0,0.0,0.0,0.0,0.0,75.0,166
220870,2014,1.0,0.0,0.0,6.0,2.0,18.0,9.0,3.0,14.0,7.0,65.0,152
220870,2015,2.0,0.0,2.0,3.0,2.0,21.0,13.0,5.0,17.0,11.0,76.0,133
220870,2016,2.0,0.0,0.0,1.0,0.0,16.0,15.0,3.0,20.0,13.0,71.0,122
220870,2017,2.0,0.0,3.0,3.0,1.0,23.0,11.0,7.0,12.0,12.0,74.0,141
220870,2018,8.0,0.0,2.0,2.0,1.0,37.0,6.0,9.0,19.0,23.0,107.0,185
220870,2019,7.0,0.0,2.0,1.0,1.0,34.0,7.0,10.0,18.0,16.0,96.0,158
220880,2012,13.0,1.0,5.0,1.0,0.0,24.0,3.0,6.0,1.0,16.0,102.0,289
220880,2013,0.0,0.0,0.0,0.0,0.0,0.0,0.0,0.0,0.0,0.0,84.0,274
220880,2014,9.0,2.0,2.0,3.0,4.0,22.0,2.0,19.0,3.0,29.0,104.0,281
220880,2015,9.0,1.0,4.0,4.0,1.0,32.0,4.0,17.0,3.0,23.0,108.0,289
220880,2016,15.0,1.0,2.0,2.0,1.0,38.0,2.0,18.0,1.0,18.0,102.0,261
220880,2017,9.0,0.0,0.0,3.0,1.0,38.0,0.0,16.0,2.0,27.0,99.0,265
220880,2018,8.0,0.0,2.0,1.0,0.0,51.0,0.0,23.0,1.0,23.0,115.0,294
220880,2019,7.0,2.0,1.0,3.0,0.0,30.0,1.0,16.0,4.0,16.0,84.0,237
220885,2012,0.0,0.0,2.0,0.0,0.0,7.0,1.0,1.0,0.0,3.0,18.0,69
220885,2013,0.0,0.0,0.0,0.0,0.0,0.0,0.0,0.0,0.0,0.0,17.0,71
220885,2014,0.0,0.0,0.0,5.0,1.0,6.0,2.0,5.0,5.0,3.0,29.0,82
220885,2015,0.0,1.0,0.0,0.0,0.0,4.0,4.0,7.0,4.0,5.0,25.0,75
220885,2016,0.0,0.0,0.0,1.0,0.0,9.0,6.0,3.0,1.0,6.0,26.0,65
220885,2017,1.0,0.0,0.0,0.0,0.0,9.0,2.0,4.0,1.0,6.0,23.0,66
220885,2018,2.0,0.0,0.0,1.0,0.0,7.0,2.0,1.0,2.0,2.0,17.0,51
220885,2019,2.0,3.0,2.0,0.0,0.0,10.0,2.0,2.0,1.0,3.0,28.0,60
220887,2012,4.0,0.0,2.0,1.0,0.0,5.0,0.0,4.0,0.0,8.0,26.0,46
220887,2013,0.0,0.0,0.0,0.0,0.0,0.0,0.0,0.0,0.0,0.0,23.0,47
220887,2014,1.0,0.0,0.0,0.0,1.0,7.0,3.0,4.0,5.0,3.0,25.0,38
220887,2015,2.0,0.0,0.0,0.0,0.0,5.0,0.0,7.0,1.0,8.0,23.0,44
220887,2016,1.0,0.0,2.0,2.0,0.0,5.0,5.0,3.0,1.0,9.0,29.0,50
220887,2017,3.0,1.0,0.0,1.0,1.0,15.0,2.0,5.0,0.0,9.0,39.0,55
220887,2018,0.0,0.0,3.0,1.0,0.0,2.0,2.0,3.0,1.0,10.0,23.0,46
220887,2019,1.0,0.0,0.0,4.0,0.0,12.0,1.0,4.0,2.0,14.0,41.0,57
220890,2012,2.0,4.0,0.0,2.0,0.0,6.0,3.0,2.0,1.0,4.0,55.0,118
220890,2013,0.0,0.0,0.0,0.0,0.0,0.0,0.0,0.0,0.0,0.0,55.0,98
220890,2014,4.0,1.0,0.0,0.0,2.0,14.0,5.0,7.0,4.0,11.0,69.0,112
220890,2015,6.0,0.0,2.0,1.0,0.0,9.0,1.0,6.0,2.0,6.0,56.0,95
220890,2016,6.0,0.0,2.0,0.0,2.0,9.0,1.0,8.0,2.0,5.0,65.0,120
220890,2017,5.0,0.0,1.0,2.0,1.0,10.0,1.0,8.0,0.0,17.0,74.0,114
220890,2018,4.0,1.0,0.0,0.0,3.0,20.0,0.0,12.0,1.0,18.0,78.0,114
220890,2019,2.0,1.0,1.0,4.0,1.0,12.0,1.0,4.0,2.0,13.0,48.0,88
220900,2012,5.0,0.0,0.0,0.0,0.0,4.0,0.0,4.0,6.0,10.0,34.0,74
220900,2013,0.0,0.0,0.0,0.0,0.0,0.0,0.0,0.0,0.0,0.0,43.0,75
220900,2014,4.0,0.0,2.0,0.0,0.0,12.0,2.0,10.0,2.0,14.0,48.0,83
220900,2015,5.0,0.0,0.0,1.0,2.0,11.0,3.0,5.0,2.0,15.0,45.0,90
220900,2016,4.0,0.0,2.0,1.0,3.0,10.0,1.0,7.0,2.0,14.0,45.0,70
220900,2017,6.0,1.0,0.0,0.0,0.0,10.0,0.0,6.0,0.0,13.0,36.0,70
220900,2018,2.0,0.0,2.0,1.0,2.0,18.0,0.0,5.0,1.0,10.0,42.0,74
220900,2019,2.0,0.0,2.0,0.0,1.0,13.0,1.0,7.0,2.0,12.0,40.0,72
220910,2012,2.0,11.0,0.0,1.0,4.0,17.0,9.0,1.0,3.0,5.0,53.0,89
220910,2013,0.0,0.0,0.0,0.0,0.0,0.0,0.0,0.0,0.0,0.0,44.0,76
220910,2014,6.0,1.0,2.0,1.0,2.0,8.0,4.0,7.0,9.0,6.0,46.0,74
220910,2015,2.0,0.0,0.0,1.0,0.0,10.0,3.0,9.0,4.0,12.0,41.0,68
220910,2016,2.0,1.0,2.0,2.0,0.0,11.0,7.0,5.0,9.0,9.0,48.0,79
220910,2017,3.0,0.0,0.0,0.0,0.0,14.0,2.0,6.0,7.0,11.0,43.0,62
220910,2018,2.0,0.0,2.0,2.0,0.0,18.0,2.0,5.0,5.0,11.0,47.0,75
220910,2019,1.0,0.0,2.0,1.0,1.0,22.0,4.0,10.0,7.0,18.0,66.0,86
220915,2012,4.0,1.0,0.0,0.0,0.0,4.0,2.0,0.0,0.0,3.0,18.0,35
220915,2013,0.0,0.0,0.0,0.0,0.0,0.0,0.0,0.0,0.0,0.0,33.0,51
220915,2014,0.0,0.0,1.0,1.0,0.0,1.0,1.0,2.0,0.0,3.0,10.0,19
220915,2015,0.0,0.0,4.0,1.0,0.0,3.0,0.0,6.0,0.0,4.0,19.0,40
220915,2016,2.0,0.0,0.0,1.0,0.0,11.0,1.0,7.0,2.0,5.0,29.0,57
220915,2017,1.0,0.0,0.0,0.0,1.0,4.0,4.0,10.0,3.0,2.0,25.0,37
220915,2018,1.0,1.0,0.0,0.0,0.0,9.0,5.0,3.0,3.0,2.0,24.0,36
220915,2019,0.0,0.0,1.0,0.0,1.0,7.0,2.0,0.0,4.0,3.0,19.0,30
220920,2012,4.0,3.0,0.0,0.0,0.0,0.0,0.0,2.0,1.0,5.0,22.0,88
220920,2013,0.0,0.0,0.0,0.0,0.0,0.0,0.0,0.0,0.0,0.0,38.0,109
220920,2014,1.0,6.0,0.0,0.0,0.0,3.0,0.0,8.0,3.0,4.0,32.0,99
220920,2015,1.0,2.0,2.0,0.0,0.0,7.0,0.0,7.0,4.0,4.0,38.0,121
220920,2016,3.0,2.0,0.0,1.0,0.0,3.0,2.0,4.0,1.0,5.0,32.0,95
220920,2017,0.0,0.0,2.0,2.0,0.0,10.0,5.0,5.0,5.0,8.0,38.0,99
220920,2018,0.0,0.0,2.0,1.0,0.0,11.0,6.0,1.0,7.0,4.0,36.0,94
220920,2019,2.0,0.0,0.0,1.0,1.0,10.0,16.0,2.0,9.0,5.0,47.0,104
220930,2012,2.0,0.0,0.0,1.0,2.0,15.0,4.0,4.0,2.0,6.0,36.0,72
220930,2013,0.0,0.0,0.0,0.0,0.0,0.0,0.0,0.0,0.0,0.0,47.0,84
220930,2014,3.0,0.0,0.0,2.0,0.0,15.0,4.0,7.0,12.0,8.0,52.0,83
220930,2015,1.0,0.0,0.0,0.0,0.0,13.0,8.0,4.0,8.0,6.0,40.0,74
220930,2016,5.0,2.0,2.0,1.0,1.0,15.0,1.0,3.0,6.0,1.0,37.0,66
220930,2017,2.0,0.0,0.0,1.0,0.0,17.0,3.0,5.0,6.0,4.0,38.0,75
220930,2018,6.0,0.0,1.0,2.0,1.0,25.0,5.0,5.0,5.0,6.0,56.0,97
220930,2019,4.0,0.0,0.0,2.0,1.0,16.0,6.0,4.0,10.0,9.0,52.0,79
220935,2012,2.0,1.0,0.0,0.0,1.0,10.0,3.0,3.0,8.0,3.0,34.0,57
220935,2013,0.0,0.0,0.0,0.0,0.0,0.0,0.0,0.0,0.0,0.0,47.0,60
220935,2014,2.0,1.0,0.0,1.0,0.0,11.0,2.0,5.0,6.0,11.0,39.0,57
220935,2015,2.0,0.0,0.0,1.0,0.0,15.0,0.0,3.0,4.0,7.0,32.0,42
220935,2016,2.0,0.0,2.0,0.0,0.0,7.0,2.0,4.0,2.0,9.0,28.0,36
220935,2017,0.0,0.0,2.0,1.0,1.0,13.0,5.0,4.0,2.0,10.0,38.0,46
220935,2018,1.0,0.0,2.0,0.0,1.0,15.0,5.0,1.0,8.0,3.0,36.0,47
220935,2019,0.0,0.0,2.0,1.0,1.0,10.0,4.0,1.0,6.0,10.0,35.0,42
220937,2012,5.0,0.0,2.0,0.0,0.0,10.0,4.0,2.0,3.0,8.0,39.0,59
220937,2013,0.0,0.0,0.0,0.0,0.0,0.0,0.0,0.0,0.0,0.0,30.0,56
220937,2014,0.0,1.0,0.0,0.0,1.0,8.0,0.0,2.0,3.0,7.0,23.0,57
220937,2015,1.0,1.0,0.0,2.0,1.0,11.0,0.0,4.0,2.0,8.0,31.0,60
220937,2016,3.0,0.0,1.0,1.0,0.0,12.0,0.0,1.0,3.0,4.0,25.0,50
220937,2017,0.0,0.0,0.0,1.0,1.0,11.0,2.0,3.0,4.0,13.0,37.0,71
220937,2018,2.0,0.0,0.0,1.0,0.0,11.0,1.0,4.0,0.0,8.0,27.0,60
220937,2019,2.0,0.0,0.0,0.0,0.0,15.0,0.0,3.0,2.0,6.0,28.0,57
220940,2012,1.0,1.0,2.0,1.0,0.0,19.0,6.0,2.0,11.0,9.0,55.0,92
220940,2013,0.0,0.0,0.0,0.0,0.0,0.0,0.0,0.0,0.0,0.0,34.0,54
220940,2014,3.0,0.0,2.0,1.0,1.0,14.0,3.0,2.0,6.0,9.0,42.0,72
220940,2015,3.0,0.0,2.0,0.0,0.0,27.0,1.0,2.0,6.0,9.0,50.0,75
220940,2016,2.0,0.0,0.0,0.0,0.0,24.0,5.0,6.0,8.0,9.0,54.0,88
220940,2017,3.0,0.0,0.0,1.0,3.0,17.0,3.0,7.0,11.0,13.0,58.0,78
220940,2018,3.0,0.0,0.0,0.0,0.0,17.0,7.0,4.0,9.0,13.0,53.0,77
220940,2019,2.0,0.0,0.0,2.0,1.0,26.0,3.0,11.0,6.0,16.0,67.0,85
220945,2012,2.0,0.0,0.0,0.0,0.0,2.0,0.0,0.0,0.0,5.0,10.0,34
220945,2013,0.0,0.0,0.0,0.0,0.0,0.0,0.0,0.0,0.0,0.0,5.0,20
220945,2014,0.0,0.0,2.0,1.0,0.0,3.0,2.0,1.0,0.0,8.0,18.0,36
220945,2015,2.0,1.0,4.0,0.0,0.0,5.0,0.0,1.0,1.0,2.0,16.0,42
220945,2016,1.0,0.0,0.0,0.0,0.0,5.0,0.0,2.0,0.0,3.0,11.0,32
220945,2017,2.0,0.0,0.0,1.0,0.0,4.0,0.0,1.0,0.0,2.0,12.0,27
220945,2018,1.0,0.0,0.0,0.0,0.0,5.0,0.0,4.0,0.0,2.0,13.0,28
220945,2019,1.0,0.0,0.0,0.0,0.0,7.0,1.0,1.0,0.0,1.0,12.0,26
220950,2012,2.0,0.0,0.0,0.0,1.0,3.0,0.0,0.0,1.0,2.0,11.0,33
220950,2013,0.0,0.0,0.0,0.0,0.0,0.0,0.0,0.0,0.0,0.0,18.0,28
220950,2014,1.0,0.0,2.0,1.0,0.0,8.0,1.0,4.0,0.0,9.0,27.0,50
220950,2015,0.0,1.0,0.0,0.0,0.0,7.0,1.0,2.0,2.0,7.0,20.0,42
220950,2016,0.0,1.0,0.0,0.0,0.0,6.0,1.0,1.0,1.0,8.0,18.0,41
220950,2017,0.0,0.0,0.0,1.0,1.0,7.0,0.0,3.0,1.0,10.0,24.0,44
220950,2018,0.0,0.0,0.0,1.0,0.0,7.0,3.0,3.0,3.0,2.0,19.0,39
220950,2019,3.0,0.0,0.0,0.0,0.0,12.0,3.0,2.0,3.0,9.0,32.0,54
220955,2012,0.0,0.0,0.0,0.0,0.0,8.0,0.0,9.0,1.0,19.0,37.0,53
220955,2013,0.0,0.0,0.0,0.0,0.0,0.0,0.0,0.0,0.0,0.0,32.0,47
220955,2014,3.0,0.0,2.0,1.0,1.0,11.0,0.0,9.0,0.0,22.0,49.0,60
220955,2015,1.0,0.0,0.0,0.0,0.0,16.0,1.0,10.0,1.0,19.0,48.0,71
220955,2016,4.0,0.0,2.0,1.0,0.0,21.0,1.0,10.0,0.0,19.0,58.0,72
220955,2017,0.0,0.0,0.0,1.0,0.0,13.0,3.0,2.0,3.0,6.0,28.0,54
220955,2018,2.0,0.0,0.0,0.0,0.0,25.0,3.0,4.0,5.0,5.0,46.0,59
220955,2019,2.0,0.0,2.0,1.0,1.0,15.0,1.0,2.0,4.0,8.0,36.0,52
220960,2012,2.0,0.0,0.0,1.0,0.0,4.0,0.0,1.0,2.0,3.0,16.0,32
220960,2013,0.0,0.0,0.0,0.0,0.0,0.0,0.0,0.0,0.0,0.0,6.0,28
220960,2014,0.0,0.0,0.0,0.0,1.0,0.0,0.0,1.0,0.0,2.0,5.0,18
220960,2015,0.0,0.0,0.0,0.0,0.0,9.0,1.0,1.0,0.0,2.0,13.0,28
220960,2016,0.0,0.0,0.0,1.0,0.0,2.0,0.0,2.0,0.0,3.0,8.0,22
220960,2017,0.0,0.0,0.0,1.0,0.0,7.0,2.0,4.0,1.0,1.0,16.0,29
220960,2018,0.0,0.0,2.0,0.0,0.0,3.0,0.0,5.0,1.0,2.0,13.0,27
220960,2019,1.0,0.0,0.0,0.0,1.0,6.0,0.0,3.0,2.0,1.0,14.0,23
220965,2012,1.0,0.0,0.0,0.0,0.0,9.0,0.0,6.0,2.0,21.0,40.0,76
220965,2013,0.0,0.0,0.0,0.0,0.0,0.0,0.0,0.0,0.0,0.0,32.0,53
220965,2014,1.0,0.0,0.0,2.0,3.0,14.0,1.0,10.0,4.0,11.0,47.0,88
220965,2015,1.0,0.0,0.0,4.0,0.0,5.0,4.0,6.0,2.0,5.0,28.0,55
220965,2016,1.0,0.0,0.0,0.0,1.0,17.0,5.0,4.0,3.0,12.0,43.0,80
220965,2017,1.0,0.0,4.0,0.0,2.0,12.0,0.0,8.0,0.0,13.0,40.0,65
220965,2018,3.0,0.0,2.0,2.0,4.0,10.0,2.0,7.0,2.0,14.0,46.0,72
220965,2019,3.0,0.0,0.0,2.0,0.0,13.0,2.0,6.0,2.0,14.0,43.0,78
220970,2012,7.0,0.0,0.0,2.0,1.0,4.0,1.0,1.0,3.0,8.0,32.0,73
220970,2013,0.0,0.0,0.0,0.0,0.0,0.0,0.0,0.0,0.0,0.0,33.0,70
220970,2014,1.0,1.0,4.0,0.0,0.0,8.0,1.0,4.0,5.0,7.0,32.0,75
220970,2015,0.0,0.0,0.0,1.0,0.0,8.0,2.0,7.0,1.0,19.0,39.0,90
220970,2016,1.0,0.0,3.0,1.0,1.0,7.0,2.0,2.0,3.0,9.0,29.0,65
220970,2017,3.0,0.0,2.0,2.0,1.0,14.0,1.0,6.0,3.0,15.0,49.0,96
220970,2018,3.0,0.0,0.0,3.0,2.0,12.0,5.0,6.0,0.0,15.0,46.0,82
220970,2019,3.0,1.0,2.0,1.0,1.0,11.0,1.0,5.0,0.0,15.0,40.0,63
220975,2012,0.0,0.0,0.0,0.0,0.0,2.0,0.0,1.0,0.0,1.0,5.0,28
220975,2013,0.0,0.0,0.0,0.0,0.0,0.0,0.0,0.0,0.0,0.0,6.0,33
220975,2014,1.0,0.0,0.0,1.0,0.0,4.0,1.0,1.0,0.0,1.0,10.0,31
220975,2015,1.0,1.0,0.0,0.0,1.0,0.0,0.0,1.0,0.0,1.0,5.0,25
220975,2016,0.0,0.0,0.0,0.0,0.0,2.0,0.0,1.0,1.0,3.0,7.0,27
220975,2017,0.0,0.0,0.0,0.0,0.0,3.0,2.0,2.0,1.0,8.0,16.0,40
220975,2018,0.0,0.0,0.0,1.0,0.0,7.0,2.0,2.0,3.0,0.0,16.0,36
220975,2019,0.0,0.0,0.0,0.0,0.0,5.0,0.0,3.0,2.0,2.0,12.0,34
220980,2012,3.0,0.0,3.0,1.0,0.0,3.0,1.0,2.0,4.0,5.0,37.0,86
220980,2013,0.0,0.0,0.0,0.0,0.0,0.0,0.0,0.0,0.0,0.0,40.0,73
220980,2014,1.0,0.0,2.0,1.0,0.0,15.0,3.0,5.0,5.0,3.0,37.0,76
220980,2015,6.0,0.0,4.0,1.0,1.0,7.0,0.0,1.0,5.0,8.0,39.0,81
220980,2016,4.0,0.0,0.0,1.0,1.0,16.0,1.0,3.0,0.0,6.0,34.0,65
220980,2017,4.0,0.0,0.0,1.0,0.0,7.0,1.0,7.0,0.0,14.0,40.0,70
220980,2018,2.0,0.0,0.0,1.0,0.0,12.0,2.0,8.0,1.0,8.0,44.0,77
220980,2019,1.0,0.0,1.0,2.0,0.0,17.0,2.0,4.0,0.0,12.0,42.0,73
220985,2012,1.0,1.0,0.0,1.0,0.0,10.0,3.0,1.0,7.0,3.0,27.0,52
220985,2013,0.0,0.0,0.0,0.0,0.0,0.0,0.0,0.0,0.0,0.0,29.0,46
220985,2014,3.0,0.0,0.0,1.0,0.0,7.0,2.0,8.0,3.0,5.0,29.0,57
220985,2015,0.0,1.0,0.0,1.0,0.0,11.0,2.0,6.0,4.0,4.0,29.0,52
220985,2016,1.0,1.0,0.0,0.0,0.0,12.0,6.0,3.0,2.0,5.0,30.0,47
220985,2017,1.0,0.0,0.0,0.0,0.0,15.0,5.0,5.0,3.0,2.0,31.0,47
220985,2018,1.0,0.0,0.0,0.0,0.0,14.0,5.0,6.0,4.0,4.0,34.0,53
220985,2019,1.0,0.0,2.0,1.0,0.0,11.0,1.0,5.0,5.0,8.0,34.0,51
220987,2012,2.0,0.0,0.0,1.0,1.0,7.0,1.0,3.0,1.0,11.0,28.0,87
220987,2013,0.0,0.0,0.0,0.0,0.0,0.0,0.0,0.0,0.0,0.0,22.0,66
220987,2014,1.0,1.0,0.0,0.0,0.0,6.0,0.0,7.0,1.0,7.0,25.0,70
220987,2015,2.0,0.0,4.0,0.0,1.0,12.0,1.0,1.0,0.0,4.0,27.0,90
220987,2016,1.0,0.0,0.0,2.0,1.0,11.0,2.0,2.0,1.0,5.0,25.0,72
220987,2017,4.0,0.0,0.0,0.0,1.0,7.0,0.0,7.0,1.0,7.0,27.0,71
220987,2018,4.0,0.0,0.0,0.0,0.0,8.0,2.0,6.0,2.0,8.0,31.0,83
220987,2019,3.0,0.0,2.0,1.0,1.0,10.0,2.0,4.0,2.0,5.0,30.0,76
220990,2012,2.0,1.0,0.0,0.0,0.0,10.0,4.0,5.0,4.0,5.0,38.0,91
220990,2013,0.0,0.0,0.0,0.0,0.0,0.0,0.0,0.0,0.0,0.0,26.0,61
220990,2014,6.0,0.0,0.0,2.0,2.0,8.0,3.0,0.0,4.0,2.0,28.0,68
220990,2015,2.0,0.0,0.0,1.0,0.0,7.0,11.0,1.0,4.0,4.0,31.0,56
220990,2016,4.0,0.0,0.0,2.0,1.0,4.0,7.0,2.0,2.0,5.0,27.0,72
220990,2017,2.0,0.0,0.0,2.0,1.0,7.0,8.0,5.0,5.0,5.0,35.0,78
220990,2018,3.0,0.0,0.0,0.0,2.0,9.0,6.0,1.0,7.0,6.0,34.0,62
220990,2019,6.0,0.0,0.0,1.0,1.0,15.0,6.0,3.0,2.0,6.0,42.0,82
220995,2012,10.0,0.0,0.0,1.0,1.0,10.0,4.0,5.0,1.0,9.0,43.0,71
220995,2013,0.0,0.0,0.0,0.0,0.0,0.0,0.0,0.0,0.0,0.0,42.0,67
220995,2014,2.0,0.0,0.0,0.0,0.0,17.0,5.0,5.0,1.0,8.0,40.0,70
220995,2015,3.0,2.0,0.0,0.0,0.0,10.0,1.0,5.0,5.0,13.0,39.0,73
220995,2016,0.0,1.0,1.0,0.0,0.0,11.0,5.0,3.0,1.0,9.0,32.0,57
220995,2017,1.0,0.0,0.0,3.0,1.0,16.0,8.0,4.0,8.0,10.0,51.0,79
220995,2018,2.0,0.0,0.0,1.0,1.0,14.0,4.0,5.0,2.0,10.0,39.0,60
220995,2019,0.0,0.0,0.0,1.0,0.0,16.0,2.0,0.0,4.0,7.0,30.0,52
220997,2012,6.0,2.0,0.0,1.0,0.0,14.0,3.0,3.0,4.0,17.0,57.0,133
220997,2013,0.0,0.0,0.0,0.0,0.0,0.0,0.0,0.0,0.0,0.0,44.0,127
220997,2014,2.0,0.0,8.0,2.0,0.0,14.0,2.0,10.0,3.0,11.0,56.0,144
220997,2015,3.0,0.0,0.0,2.0,0.0,18.0,1.0,14.0,0.0,22.0,60.0,147
220997,2016,3.0,0.0,2.0,1.0,2.0,20.0,1.0,4.0,0.0,13.0,46.0,113
220997,2017,1.0,0.0,0.0,4.0,1.0,26.0,0.0,13.0,1.0,26.0,73.0,150
220997,2018,7.0,0.0,2.0,4.0,2.0,34.0,0.0,20.0,1.0,18.0,88.0,158
220997,2019,6.0,0.0,2.0,0.0,0.0,26.0,0.0,17.0,0.0,22.0,73.0,125
221000,2012,10.0,0.0,4.0,5.0,1.0,48.0,0.0,31.0,0.0,63.0,167.0,274
221000,2013,0.0,0.0,0.0,0.0,0.0,0.0,0.0,0.0,0.0,0.0,188.0,315
221000,2014,12.0,0.0,4.0,3.0,3.0,56.0,8.0,42.0,3.0,59.0,191.0,297
221000,2015,7.0,0.0,2.0,3.0,4.0,75.0,6.0,33.0,15.0,69.0,216.0,346
221000,2016,6.0,2.0,4.0,1.0,3.0,66.0,14.0,24.0,23.0,66.0,210.0,328
221000,2017,6.0,0.0,6.0,4.0,0.0,79.0,3.0,46.0,8.0,108.0,261.0,375
221000,2018,9.0,1.0,5.0,5.0,7.0,85.0,3.0,40.0,12.0,100.0,268.0,375
221000,2019,15.0,0.0,2.0,8.0,5.0,101.0,7.0,28.0,8.0,63.0,239.0,356
221005,2012,2.0,2.0,3.0,0.0,1.0,4.0,2.0,12.0,1.0,12.0,41.0,86
221005,2013,0.0,0.0,0.0,0.0,0.0,0.0,0.0,0.0,0.0,0.0,28.0,60
221005,2014,1.0,1.0,0.0,1.0,1.0,4.0,0.0,6.0,2.0,7.0,26.0,67
221005,2015,5.0,0.0,0.0,1.0,1.0,12.0,0.0,12.0,1.0,12.0,44.0,81
221005,2016,2.0,0.0,0.0,0.0,0.0,4.0,0.0,5.0,0.0,8.0,19.0,60
221005,2017,1.0,0.0,1.0,1.0,0.0,6.0,0.0,3.0,1.0,9.0,22.0,55
221005,2018,5.0,0.0,0.0,1.0,3.0,3.0,0.0,9.0,1.0,9.0,31.0,63
221005,2019,1.0,0.0,3.0,2.0,0.0,5.0,0.0,6.0,1.0,12.0,30.0,61
221010,2012,2.0,0.0,5.0,1.0,0.0,2.0,0.0,0.0,1.0,6.0,24.0,46
221010,2013,0.0,0.0,0.0,0.0,0.0,0.0,0.0,0.0,0.0,0.0,24.0,51
221010,2014,1.0,0.0,1.0,2.0,0.0,7.0,1.0,2.0,3.0,0.0,17.0,41
221010,2015,2.0,0.0,0.0,1.0,0.0,6.0,3.0,1.0,2.0,5.0,20.0,40
221010,2016,1.0,0.0,0.0,2.0,0.0,3.0,1.0,1.0,1.0,5.0,15.0,42
221010,2017,2.0,0.0,4.0,1.0,0.0,10.0,0.0,5.0,2.0,6.0,30.0,59
221010,2018,1.0,0.0,2.0,0.0,0.0,4.0,1.0,4.0,0.0,2.0,14.0,29
221010,2019,1.0,0.0,0.0,0.0,0.0,11.0,0.0,4.0,2.0,8.0,26.0,43
221020,2012,7.0,1.0,0.0,2.0,2.0,17.0,8.0,1.0,13.0,9.0,60.0,80
221020,2013,0.0,0.0,0.0,0.0,0.0,0.0,0.0,0.0,0.0,0.0,53.0,81
221020,2014,6.0,0.0,0.0,1.0,1.0,18.0,6.0,5.0,13.0,12.0,63.0,95
221020,2015,6.0,0.0,0.0,2.0,0.0,25.0,6.0,9.0,3.0,14.0,65.0,91
221020,2016,1.0,0.0,2.0,0.0,0.0,20.0,1.0,9.0,3.0,12.0,48.0,75
221020,2017,1.0,0.0,0.0,0.0,1.0,17.0,6.0,3.0,6.0,9.0,43.0,69
221020,2018,1.0,0.0,0.0,3.0,1.0,26.0,3.0,3.0,9.0,10.0,56.0,82
221020,2019,2.0,0.0,6.0,0.0,2.0,19.0,5.0,2.0,15.0,9.0,60.0,83
221030,2012,2.0,0.0,2.0,0.0,2.0,7.0,6.0,6.0,14.0,3.0,48.0,73
221030,2013,0.0,0.0,0.0,0.0,0.0,0.0,0.0,0.0,0.0,0.0,56.0,90
221030,2014,3.0,0.0,0.0,0.0,0.0,17.0,6.0,2.0,13.0,6.0,48.0,67
221030,2015,1.0,0.0,6.0,1.0,3.0,17.0,2.0,4.0,8.0,13.0,56.0,86
221030,2016,1.0,1.0,4.0,1.0,1.0,22.0,3.0,2.0,11.0,15.0,61.0,73
221030,2017,2.0,0.0,2.0,0.0,1.0,19.0,2.0,1.0,14.0,9.0,50.0,64
221030,2018,0.0,0.0,0.0,0.0,0.0,25.0,9.0,2.0,18.0,7.0,61.0,74
221030,2019,2.0,0.0,2.0,1.0,0.0,20.0,7.0,5.0,11.0,1.0,49.0,66
221035,2012,2.0,0.0,0.0,2.0,0.0,6.0,0.0,1.0,0.0,6.0,18.0,34
221035,2013,0.0,0.0,0.0,0.0,0.0,0.0,0.0,0.0,0.0,0.0,35.0,55
221035,2014,2.0,0.0,0.0,2.0,3.0,14.0,1.0,7.0,0.0,6.0,36.0,55
221035,2015,2.0,1.0,0.0,1.0,0.0,7.0,0.0,6.0,0.0,11.0,28.0,45
221035,2016,2.0,0.0,2.0,1.0,2.0,10.0,1.0,8.0,2.0,12.0,40.0,57
221035,2017,2.0,0.0,2.0,1.0,1.0,11.0,2.0,8.0,3.0,9.0,39.0,61
221035,2018,1.0,0.0,2.0,2.0,2.0,4.0,2.0,2.0,2.0,4.0,22.0,38
221035,2019,2.0,0.0,2.0,1.0,0.0,8.0,1.0,3.0,3.0,4.0,26.0,40
221037,2012,0.0,0.0,0.0,0.0,0.0,5.0,1.0,0.0,1.0,3.0,10.0,31
221037,2013,0.0,0.0,0.0,0.0,0.0,0.0,0.0,0.0,0.0,0.0,14.0,22
221037,2014,0.0,0.0,0.0,0.0,0.0,4.0,0.0,0.0,2.0,2.0,8.0,25
221037,2015,1.0,1.0,0.0,3.0,0.0,3.0,1.0,0.0,3.0,2.0,14.0,29
221037,2016,1.0,0.0,2.0,1.0,0.0,4.0,0.0,3.0,0.0,7.0,19.0,34
221037,2017,0.0,0.0,0.0,1.0,0.0,4.0,1.0,3.0,0.0,4.0,13.0,21
221037,2018,0.0,0.0,0.0,1.0,2.0,3.0,2.0,2.0,1.0,3.0,14.0,27
221037,2019,1.0,0.0,0.0,0.0,0.0,4.0,1.0,3.0,3.0,6.0,18.0,28
221038,2012,2.0,0.0,0.0,1.0,1.0,2.0,0.0,0.0,0.0,4.0,11.0,22
221038,2013,0.0,0.0,0.0,0.0,0.0,0.0,0.0,0.0,0.0,0.0,13.0,25
221038,2014,0.0,0.0,0.0,0.0,0.0,0.0,0.0,2.0,0.0,5.0,7.0,14
221038,2015,1.0,0.0,0.0,0.0,0.0,6.0,0.0,1.0,0.0,6.0,16.0,25
221038,2016,1.0,0.0,0.0,1.0,1.0,3.0,1.0,0.0,0.0,4.0,12.0,23
221038,2017,0.0,0.0,0.0,0.0,0.0,4.0,0.0,1.0,1.0,2.0,8.0,14
221038,2018,0.0,0.0,0.0,1.0,1.0,2.0,0.0,0.0,2.0,1.0,7.0,21
221038,2019,0.0,0.0,2.0,1.0,0.0,0.0,0.0,2.0,2.0,2.0,9.0,26
221039,2012,0.0,0.0,0.0,1.0,1.0,4.0,1.0,1.0,0.0,8.0,17.0,32
221039,2013,0.0,0.0,0.0,0.0,0.0,0.0,0.0,0.0,0.0,0.0,10.0,22
221039,2014,3.0,0.0,0.0,0.0,2.0,3.0,1.0,1.0,0.0,4.0,15.0,26
221039,2015,2.0,0.0,0.0,0.0,0.0,6.0,2.0,2.0,3.0,6.0,21.0,37
221039,2016,2.0,0.0,0.0,1.0,0.0,5.0,1.0,2.0,2.0,2.0,15.0,29
221039,2017,1.0,0.0,0.0,0.0,0.0,4.0,1.0,7.0,1.0,12.0,27.0,35
221039,2018,2.0,0.0,0.0,1.0,0.0,10.0,1.0,8.0,4.0,14.0,40.0,53
221039,2019,0.0,0.0,0.0,0.0,1.0,9.0,2.0,5.0,2.0,6.0,25.0,52
221040,2012,8.0,0.0,0.0,2.0,0.0,13.0,11.0,6.0,8.0,9.0,66.0,259
221040,2013,0.0,0.0,0.0,0.0,0.0,0.0,0.0,0.0,0.0,0.0,56.0,207
221040,2014,11.0,1.0,1.0,4.0,1.0,7.0,18.0,15.0,9.0,9.0,80.0,234
221040,2015,9.0,1.0,6.0,2.0,3.0,10.0,14.0,12.0,3.0,22.0,85.0,272
221040,2016,7.0,0.0,1.0,3.0,2.0,13.0,12.0,15.0,7.0,17.0,77.0,223
221040,2017,5.0,0.0,0.0,5.0,1.0,12.0,14.0,11.0,7.0,18.0,74.0,209
221040,2018,5.0,0.0,0.0,3.0,4.0,20.0,24.0,16.0,9.0,17.0,99.0,225
221040,2019,3.0,1.0,3.0,1.0,1.0,28.0,14.0,12.0,12.0,20.0,96.0,225
221050,2012,7.0,0.0,2.0,2.0,1.0,17.0,0.0,4.0,2.0,14.0,78.0,195
221050,2013,0.0,0.0,0.0,0.0,0.0,0.0,0.0,0.0,0.0,0.0,67.0,179
221050,2014,4.0,0.0,0.0,1.0,0.0,19.0,4.0,10.0,8.0,14.0,77.0,190
221050,2015,12.0,0.0,2.0,3.0,1.0,33.0,2.0,8.0,2.0,17.0,94.0,223
221050,2016,4.0,0.0,2.0,3.0,3.0,25.0,1.0,10.0,3.0,22.0,82.0,202
221050,2017,6.0,1.0,0.0,3.0,1.0,39.0,1.0,18.0,0.0,16.0,94.0,230
221050,2018,2.0,1.0,1.0,6.0,1.0,20.0,1.0,12.0,2.0,19.0,72.0,216
221050,2019,7.0,0.0,3.0,1.0,0.0,29.0,5.0,13.0,5.0,17.0,81.0,199
221060,2012,35.0,1.0,10.0,21.0,12.0,85.0,1.0,40.0,4.0,142.0,358.0,561
221060,2013,0.0,0.0,0.0,0.0,0.0,0.0,0.0,0.0,0.0,0.0,389.0,549
221060,2014,34.0,1.0,7.0,9.0,9.0,139.0,6.0,79.0,4.0,142.0,433.0,593
221060,2015,31.0,20.0,2.0,13.0,6.0,119.0,4.0,72.0,6.0,150.0,423.0,573
221060,2016,36.0,19.0,2.0,18.0,9.0,108.0,10.0,63.0,16.0,136.0,423.0,567
221060,2017,27.0,15.0,6.0,20.0,14.0,144.0,15.0,59.0,30.0,115.0,460.0,642
221060,2018,31.0,6.0,15.0,17.0,8.0,176.0,8.0,57.0,33.0,135.0,501.0,669
221060,2019,19.0,1.0,11.0,21.0,14.0,184.0,3.0,52.0,15.0,122.0,453.0,618
221062,2012,2.0,0.0,2.0,0.0,0.0,3.0,3.0,4.0,4.0,2.0,20.0,68
221062,2013,0.0,0.0,0.0,0.0,0.0,0.0,0.0,0.0,0.0,0.0,11.0,66
221062,2014,1.0,0.0,0.0,4.0,1.0,6.0,0.0,3.0,0.0,5.0,21.0,65
221062,2015,0.0,0.0,0.0,0.0,0.0,10.0,1.0,2.0,2.0,4.0,20.0,61
221062,2016,0.0,0.0,0.0,0.0,1.0,3.0,6.0,2.0,1.0,4.0,17.0,46
221062,2017,4.0,0.0,0.0,0.0,2.0,5.0,2.0,3.0,0.0,4.0,20.0,61
221062,2018,2.0,0.0,0.0,0.0,0.0,6.0,1.0,1.0,2.0,1.0,16.0,59
221062,2019,1.0,0.0,0.0,1.0,0.0,7.0,2.0,2.0,0.0,2.0,16.0,45
221063,2012,2.0,1.0,2.0,0.0,1.0,15.0,0.0,0.0,0.0,9.0,33.0,58
221063,2013,0.0,0.0,0.0,0.0,0.0,0.0,0.0,0.0,0.0,0.0,42.0,58
221063,2014,3.0,0.0,4.0,0.0,1.0,6.0,0.0,5.0,1.0,6.0,27.0,44
221063,2015,1.0,0.0,0.0,0.0,2.0,13.0,0.0,6.0,1.0,13.0,39.0,58
221063,2016,4.0,0.0,0.0,0.0,2.0,18.0,1.0,5.0,2.0,8.0,40.0,53
221063,2017,4.0,0.0,0.0,0.0,0.0,14.0,0.0,11.0,0.0,15.0,48.0,58
221063,2018,0.0,0.0,0.0,0.0,2.0,11.0,0.0,1.0,1.0,14.0,29.0,40
221063,2019,2.0,0.0,4.0,0.0,1.0,16.0,1.0,5.0,2.0,11.0,42.0,63
221065,2012,2.0,0.0,0.0,0.0,0.0,5.0,1.0,2.0,2.0,8.0,32.0,104
221065,2013,0.0,0.0,0.0,0.0,0.0,0.0,0.0,0.0,0.0,0.0,33.0,93
221065,2014,4.0,0.0,2.0,2.0,1.0,11.0,2.0,3.0,4.0,8.0,39.0,107
221065,2015,4.0,0.0,0.0,0.0,2.0,12.0,2.0,9.0,1.0,12.0,47.0,110
221065,2016,5.0,0.0,0.0,6.0,1.0,11.0,1.0,7.0,1.0,7.0,39.0,100
221065,2017,1.0,0.0,0.0,3.0,6.0,12.0,3.0,8.0,3.0,7.0,44.0,107
221065,2018,4.0,0.0,0.0,8.0,2.0,10.0,1.0,4.0,2.0,6.0,37.0,104
221065,2019,5.0,0.0,2.0,4.0,0.0,22.0,3.0,9.0,0.0,10.0,56.0,97
221070,2012,9.0,3.0,0.0,4.0,2.0,22.0,1.0,13.0,5.0,36.0,98.0,248
221070,2013,0.0,0.0,0.0,0.0,0.0,0.0,0.0,0.0,0.0,0.0,102.0,207
221070,2014,9.0,6.0,2.0,2.0,4.0,23.0,4.0,23.0,5.0,36.0,114.0,222
221070,2015,12.0,4.0,3.0,1.0,0.0,25.0,3.0,18.0,10.0,30.0,106.0,235
221070,2016,9.0,0.0,0.0,2.0,0.0,30.0,11.0,10.0,16.0,32.0,111.0,232
221070,2017,6.0,0.0,0.0,6.0,2.0,31.0,1.0,27.0,4.0,51.0,128.0,226
221070,2018,4.0,1.0,4.0,5.0,7.0,40.0,2.0,21.0,4.0,37.0,127.0,221
221070,2019,4.0,1.0,0.0,8.0,15.0,27.0,3.0,14.0,5.0,29.0,106.0,172
221080,2012,6.0,0.0,2.0,0.0,3.0,15.0,3.0,6.0,3.0,16.0,57.0,147
221080,2013,0.0,0.0,0.0,0.0,0.0,0.0,0.0,0.0,0.0,0.0,75.0,158
221080,2014,8.0,0.0,6.0,1.0,3.0,21.0,2.0,11.0,1.0,19.0,72.0,178
221080,2015,5.0,2.0,4.0,1.0,2.0,21.0,2.0,9.0,13.0,27.0,88.0,174
221080,2016,4.0,1.0,4.0,4.0,2.0,30.0,1.0,14.0,9.0,32.0,103.0,194
221080,2017,10.0,0.0,0.0,3.0,3.0,23.0,4.0,12.0,7.0,31.0,93.0,175
221080,2018,9.0,0.0,7.0,3.0,1.0,13.0,7.0,5.0,5.0,23.0,73.0,171
221080,2019,9.0,0.0,2.0,3.0,3.0,38.0,3.0,17.0,7.0,29.0,111.0,196
221090,2012,0.0,0.0,0.0,1.0,1.0,9.0,0.0,7.0,0.0,14.0,32.0,58
221090,2013,0.0,0.0,0.0,0.0,0.0,0.0,0.0,0.0,0.0,0.0,31.0,56
221090,2014,2.0,0.0,0.0,1.0,1.0,7.0,0.0,5.0,2.0,9.0,27.0,41
221090,2015,0.0,1.0,0.0,0.0,0.0,7.0,2.0,4.0,3.0,7.0,24.0,50
221090,2016,0.0,0.0,0.0,0.0,0.0,9.0,1.0,5.0,2.0,11.0,28.0,46
221090,2017,0.0,0.0,0.0,0.0,0.0,16.0,0.0,4.0,2.0,6.0,28.0,48
221090,2018,1.0,0.0,0.0,0.0,1.0,5.0,1.0,5.0,0.0,14.0,27.0,46
221090,2019,3.0,0.0,2.0,0.0,0.0,10.0,0.0,3.0,1.0,15.0,34.0,49
221093,2012,7.0,0.0,2.0,0.0,1.0,13.0,3.0,4.0,15.0,10.0,59.0,83
221093,2013,0.0,0.0,0.0,0.0,0.0,0.0,0.0,0.0,0.0,0.0,58.0,71
221093,2014,4.0,0.0,0.0,2.0,0.0,25.0,1.0,5.0,12.0,14.0,63.0,84
221093,2015,5.0,1.0,0.0,2.0,0.0,22.0,3.0,6.0,4.0,17.0,60.0,77
221093,2016,3.0,1.0,2.0,1.0,1.0,31.0,0.0,11.0,7.0,18.0,75.0,90
221093,2017,0.0,0.0,0.0,3.0,1.0,20.0,4.0,5.0,7.0,15.0,55.0,73
221093,2018,2.0,1.0,0.0,3.0,0.0,29.0,3.0,3.0,9.0,16.0,66.0,85
221093,2019,1.0,0.0,4.0,4.0,1.0,25.0,4.0,6.0,15.0,16.0,76.0,95
221095,2012,0.0,0.0,1.0,0.0,0.0,6.0,0.0,3.0,0.0,4.0,14.0,34
221095,2013,0.0,0.0,0.0,0.0,0.0,0.0,0.0,0.0,0.0,0.0,24.0,36
221095,2014,0.0,0.0,2.0,0.0,2.0,13.0,0.0,4.0,2.0,9.0,32.0,47
221095,2015,1.0,0.0,0.0,0.0,0.0,5.0,0.0,4.0,0.0,10.0,20.0,29
221095,2016,1.0,0.0,0.0,0.0,1.0,9.0,0.0,0.0,2.0,9.0,23.0,46
221095,2017,1.0,0.0,0.0,1.0,1.0,7.0,0.0,1.0,0.0,14.0,26.0,43
221095,2018,2.0,0.0,0.0,0.0,0.0,12.0,2.0,3.0,3.0,8.0,30.0,48
221095,2019,1.0,0.0,0.0,1.0,0.0,6.0,0.0,4.0,1.0,12.0,26.0,41
221097,2012,2.0,0.0,0.0,1.0,0.0,7.0,0.0,0.0,2.0,6.0,18.0,44
221097,2013,0.0,0.0,0.0,0.0,0.0,0.0,0.0,0.0,0.0,0.0,14.0,26
221097,2014,0.0,0.0,0.0,2.0,0.0,6.0,1.0,2.0,0.0,3.0,14.0,27
221097,2015,0.0,0.0,4.0,0.0,2.0,4.0,0.0,1.0,0.0,8.0,19.0,44
221097,2016,1.0,0.0,0.0,1.0,0.0,7.0,0.0,4.0,0.0,7.0,20.0,34
221097,2017,1.0,0.0,0.0,0.0,0.0,4.0,1.0,0.0,0.0,8.0,14.0,38
221097,2018,0.0,0.0,0.0,1.0,1.0,4.0,3.0,1.0,1.0,4.0,15.0,32
221097,2019,1.0,0.0,0.0,0.0,0.0,8.0,1.0,3.0,1.0,2.0,16.0,37
221100,2012,887.0,7.0,202.0,104.0,178.0,1981.0,124.0,481.0,452.0,2314.0,8176.0,13813
221100,2013,0.0,0.0,0.0,0.0,0.0,0.0,0.0,0.0,0.0,0.0,8254.0,13356
221100,2014,805.0,11.0,236.0,209.0,177.0,2542.0,176.0,1037.0,457.0,2616.0,8734.0,13934
221100,2015,726.0,10.0,241.0,205.0,203.0,2741.0,58.0,1057.0,118.0,2927.0,8680.0,13976
221100,2016,802.0,12.0,229.0,203.0,199.0,2697.0,95.0,1057.0,218.0,2714.0,8402.0,13474
221100,2017,840.0,11.0,228.0,237.0,213.0,2783.0,87.0,1192.0,175.0,2926.0,8891.0,14073
221100,2018,857.0,19.0,257.0,280.0,190.0,2929.0,216.0,1083.0,402.0,2631.0,9075.0,14075
221100,2019,861.0,17.0,254.0,263.0,198.0,2897.0,262.0,1083.0,429.0,2225.0,8823.0,13624
221110,2012,24.0,15.0,8.0,14.0,8.0,29.0,3.0,9.0,8.0,33.0,233.0,648
221110,2013,0.0,0.0,0.0,0.0,0.0,0.0,0.0,0.0,0.0,0.0,215.0,655
221110,2014,11.0,0.0,10.0,9.0,4.0,55.0,7.0,38.0,9.0,53.0,226.0,672
221110,2015,25.0,1.0,10.0,7.0,4.0,75.0,5.0,30.0,7.0,68.0,251.0,758
221110,2016,21.0,0.0,7.0,8.0,6.0,57.0,3.0,33.0,6.0,63.0,211.0,634
221110,2017,23.0,0.0,8.0,7.0,9.0,86.0,2.0,43.0,2.0,76.0,262.0,703
221110,2018,21.0,2.0,14.0,15.0,8.0,89.0,3.0,41.0,11.0,92.0,311.0,769
221110,2019,28.0,2.0,18.0,8.0,10.0,94.0,5.0,59.0,10.0,71.0,318.0,736
221120,2012,10.0,1.0,4.0,14.0,0.0,137.0,2.0,1.0,3.0,18.0,195.0,392
221120,2013,0.0,0.0,0.0,0.0,0.0,0.0,0.0,0.0,0.0,0.0,213.0,371
221120,2014,9.0,0.0,2.0,6.0,2.0,60.0,6.0,36.0,6.0,79.0,210.0,376
221120,2015,17.0,0.0,9.0,4.0,3.0,106.0,2.0,55.0,4.0,92.0,297.0,507
221120,2016,9.0,0.0,5.0,4.0,1.0,82.0,0.0,27.0,4.0,93.0,227.0,420
221120,2017,18.0,0.0,0.0,6.0,2.0,83.0,1.0,38.0,8.0,89.0,255.0,419
221120,2018,10.0,1.0,0.0,10.0,6.0,82.0,5.0,40.0,3.0,94.0,253.0,431
221120,2019,11.0,1.0,2.0,3.0,6.0,82.0,4.0,37.0,7.0,60.0,213.0,399
221130,2012,24.0,0.0,2.0,1.0,4.0,41.0,10.0,14.0,23.0,33.0,179.0,273
221130,2013,0.0,0.0,0.0,0.0,0.0,0.0,0.0,0.0,0.0,0.0,190.0,278
221130,2014,14.0,0.0,2.0,7.0,1.0,57.0,3.0,39.0,9.0,58.0,196.0,288
221130,2015,12.0,0.0,6.0,1.0,1.0,50.0,6.0,36.0,5.0,79.0,196.0,274
221130,2016,12.0,1.0,8.0,2.0,3.0,78.0,3.0,30.0,6.0,87.0,232.0,326
221130,2017,7.0,1.0,4.0,1.0,2.0,77.0,6.0,27.0,22.0,69.0,217.0,287
221130,2018,12.0,0.0,9.0,2.0,3.0,81.0,20.0,9.0,39.0,51.0,228.0,304
221130,2019,14.0,0.0,8.0,2.0,3.0,71.0,28.0,12.0,48.0,27.0,215.0,287
221135,2012,2.0,1.0,2.0,0.0,0.0,7.0,0.0,3.0,0.0,17.0,32.0,76
221135,2013,0.0,0.0,0.0,0.0,0.0,0.0,0.0,0.0,0.0,0.0,37.0,63
221135,2014,1.0,0.0,0.0,1.0,0.0,11.0,0.0,9.0,0.0,15.0,37.0,72
221135,2015,3.0,1.0,0.0,3.0,1.0,6.0,0.0,8.0,0.0,22.0,45.0,81
221135,2016,5.0,0.0,0.0,1.0,1.0,14.0,2.0,6.0,1.0,11.0,41.0,78
221135,2017,0.0,0.0,0.0,1.0,1.0,12.0,0.0,4.0,2.0,8.0,33.0,69
221135,2018,4.0,1.0,2.0,0.0,2.0,12.0,3.0,3.0,2.0,9.0,41.0,84
221135,2019,4.0,0.0,0.0,2.0,0.0,12.0,0.0,7.0,1.0,8.0,34.0,57
221140,2012,2.0,0.0,0.0,1.0,1.0,6.0,1.0,4.0,1.0,5.0,27.0,59
221140,2013,0.0,0.0,0.0,0.0,0.0,0.0,0.0,0.0,0.0,0.0,32.0,49
221140,2014,4.0,1.0,0.0,2.0,0.0,11.0,0.0,4.0,1.0,6.0,30.0,42
221140,2015,0.0,0.0,0.0,0.0,0.0,10.0,1.0,5.0,1.0,12.0,29.0,45
221140,2016,2.0,0.0,0.0,1.0,0.0,9.0,1.0,7.0,0.0,4.0,24.0,52
221140,2017,2.0,0.0,0.0,1.0,1.0,11.0,1.0,6.0,0.0,13.0,36.0,62
221140,2018,1.0,0.0,0.0,0.0,1.0,16.0,5.0,0.0,7.0,4.0,34.0,62
221140,2019,1.0,0.0,0.0,2.0,0.0,15.0,5.0,1.0,5.0,6.0,35.0,56
221150,2012,0.0,0.0,0.0,0.0,0.0,10.0,0.0,3.0,5.0,6.0,24.0,36
221150,2013,0.0,0.0,0.0,0.0,0.0,0.0,0.0,0.0,0.0,0.0,24.0,36
221150,2014,2.0,0.0,0.0,0.0,1.0,2.0,5.0,2.0,4.0,3.0,19.0,31
221150,2015,1.0,0.0,2.0,0.0,1.0,9.0,2.0,5.0,3.0,9.0,32.0,46
221150,2016,1.0,0.0,0.0,0.0,0.0,11.0,0.0,1.0,2.0,6.0,21.0,31
221150,2017,0.0,2.0,0.0,0.0,0.0,7.0,1.0,1.0,2.0,7.0,20.0,36
221150,2018,0.0,0.0,4.0,1.0,0.0,11.0,1.0,4.0,1.0,6.0,28.0,47
221150,2019,0.0,1.0,0.0,0.0,0.0,10.0,0.0,2.0,3.0,8.0,24.0,43
221160,2012,4.0,0.0,0.0,0.0,0.0,7.0,3.0,0.0,7.0,10.0,33.0,40
221160,2013,0.0,0.0,0.0,0.0,0.0,0.0,0.0,0.0,0.0,0.0,24.0,32
221160,2014,3.0,0.0,0.0,0.0,0.0,7.0,1.0,1.0,9.0,4.0,25.0,27
221160,2015,2.0,0.0,0.0,0.0,0.0,11.0,3.0,2.0,7.0,5.0,30.0,37
221160,2016,1.0,0.0,0.0,1.0,0.0,11.0,3.0,6.0,3.0,7.0,32.0,40
221160,2017,0.0,0.0,0.0,0.0,1.0,7.0,5.0,3.0,5.0,3.0,24.0,36
221160,2018,0.0,0.0,0.0,0.0,1.0,10.0,2.0,2.0,8.0,8.0,31.0,40
221160,2019,0.0,1.0,3.0,0.0,0.0,12.0,0.0,1.0,1.0,6.0,24.0,27
221170,2012,1.0,2.0,0.0,0.0,0.0,4.0,5.0,1.0,3.0,5.0,22.0,46
221170,2013,0.0,0.0,0.0,0.0,0.0,0.0,0.0,0.0,0.0,0.0,19.0,42
221170,2014,2.0,1.0,0.0,1.0,0.0,6.0,5.0,2.0,2.0,1.0,20.0,38
221170,2015,1.0,0.0,2.0,0.0,0.0,5.0,3.0,3.0,5.0,7.0,26.0,39
221170,2016,2.0,0.0,0.0,1.0,0.0,2.0,0.0,3.0,6.0,2.0,17.0,34
221170,2017,1.0,0.0,0.0,0.0,0.0,7.0,4.0,0.0,2.0,7.0,21.0,34
221170,2018,0.0,0.0,0.0,0.0,0.0,5.0,3.0,6.0,3.0,6.0,23.0,38
221170,2019,1.0,0.0,0.0,1.0,0.0,8.0,0.0,0.0,1.0,7.0,18.0,32
230000,2012,0.0,0.0,0.0,0.0,0.0,1.0,0.0,0.0,0.0,0.0,1.0,2
230000,2013,0.0,0.0,0.0,0.0,0.0,0.0,0.0,0.0,0.0,0.0,1.0,2
230000,2015,0.0,0.0,0.0,0.0,0.0,1.0,0.0,0.0,0.0,0.0,1.0,1
230000,2016,0.0,0.0,0.0,0.0,0.0,0.0,0.0,0.0,0.0,0.0,0.0,1
230010,2012,12.0,0.0,6.0,4.0,1.0,30.0,9.0,12.0,21.0,22.0,121.0,155
230010,2013,0.0,0.0,0.0,0.0,0.0,0.0,0.0,0.0,0.0,0.0,89.0,116
230010,2014,6.0,1.0,6.0,3.0,0.0,25.0,11.0,5.0,25.0,20.0,110.0,135
230010,2015,6.0,0.0,0.0,0.0,1.0,37.0,6.0,9.0,25.0,19.0,112.0,139
230010,2016,7.0,0.0,1.0,4.0,2.0,34.0,6.0,9.0,21.0,15.0,99.0,120
230010,2017,13.0,0.0,2.0,4.0,1.0,33.0,6.0,5.0,16.0,21.0,104.0,129
230010,2018,10.0,0.0,2.0,3.0,1.0,38.0,9.0,6.0,25.0,26.0,126.0,154
230010,2019,13.0,0.0,0.0,0.0,3.0,42.0,9.0,13.0,25.0,13.0,124.0,146
230015,2012,18.0,1.0,2.0,2.0,1.0,23.0,11.0,5.0,17.0,18.0,109.0,242
230015,2013,0.0,0.0,0.0,0.0,0.0,0.0,0.0,0.0,0.0,0.0,120.0,243
230015,2014,8.0,0.0,6.0,3.0,2.0,40.0,21.0,8.0,25.0,21.0,142.0,237
230015,2015,10.0,0.0,7.0,4.0,3.0,26.0,13.0,4.0,16.0,15.0,113.0,224
230015,2016,7.0,1.0,3.0,6.0,5.0,30.0,22.0,15.0,19.0,16.0,134.0,226
230015,2017,12.0,0.0,8.0,5.0,2.0,40.0,18.0,7.0,17.0,7.0,120.0,206
230015,2018,6.0,0.0,2.0,4.0,1.0,44.0,14.0,15.0,22.0,7.0,117.0,199
230015,2019,20.0,0.0,4.0,1.0,5.0,45.0,18.0,8.0,29.0,19.0,152.0,215
230020,2012,41.0,2.0,10.0,10.0,9.0,88.0,22.0,25.0,56.0,54.0,334.0,961
230020,2013,0.0,0.0,0.0,0.0,0.0,0.0,0.0,0.0,0.0,0.0,372.0,968
230020,2014,32.0,2.0,14.0,13.0,20.0,95.0,36.0,57.0,69.0,101.0,447.0,964
230020,2015,53.0,3.0,19.0,16.0,15.0,92.0,45.0,35.0,60.0,62.0,413.0,1039
230020,2016,35.0,4.0,5.0,9.0,11.0,107.0,30.0,35.0,74.0,65.0,385.0,1010
230020,2017,50.0,3.0,21.0,14.0,13.0,114.0,40.0,41.0,67.0,82.0,455.0,1021
230020,2018,47.0,2.0,10.0,14.0,7.0,119.0,28.0,41.0,64.0,75.0,416.0,1054
230020,2019,47.0,4.0,12.0,18.0,18.0,126.0,31.0,43.0,76.0,48.0,434.0,1075
230030,2012,35.0,3.0,3.0,3.0,5.0,91.0,3.0,32.0,13.0,103.0,313.0,658
230030,2013,0.0,0.0,0.0,0.0,0.0,0.0,0.0,0.0,0.0,0.0,309.0,578
230030,2014,27.0,2.0,11.0,2.0,4.0,118.0,3.0,49.0,4.0,126.0,358.0,631
230030,2015,41.0,0.0,8.0,5.0,4.0,128.0,3.0,53.0,4.0,139.0,389.0,629
230030,2016,47.0,1.0,6.0,8.0,5.0,142.0,4.0,61.0,2.0,125.0,402.0,584
230030,2017,18.0,2.0,4.0,7.0,5.0,92.0,11.0,37.0,20.0,89.0,287.0,563
230030,2018,29.0,2.0,5.0,13.0,5.0,112.0,7.0,43.0,10.0,95.0,324.0,589
230030,2019,25.0,2.0,6.0,8.0,7.0,148.0,4.0,42.0,17.0,106.0,369.0,603
230040,2012,9.0,1.0,0.0,2.0,2.0,20.0,5.0,7.0,24.0,17.0,89.0,211
230040,2013,0.0,0.0,0.0,0.0,0.0,0.0,0.0,0.0,0.0,0.0,80.0,160
230040,2014,10.0,0.0,3.0,1.0,1.0,24.0,4.0,6.0,10.0,21.0,82.0,156
230040,2015,7.0,0.0,2.0,2.0,1.0,22.0,6.0,5.0,12.0,24.0,84.0,169
230040,2016,7.0,0.0,2.0,0.0,0.0,23.0,3.0,10.0,10.0,21.0,85.0,172
230040,2017,10.0,0.0,2.0,3.0,0.0,25.0,3.0,6.0,11.0,31.0,91.0,184
230040,2018,11.0,0.0,2.0,6.0,1.0,35.0,5.0,7.0,7.0,30.0,107.0,193
230040,2019,5.0,1.0,0.0,1.0,1.0,36.0,4.0,10.0,12.0,17.0,90.0,175
230050,2012,5.0,0.0,2.0,0.0,1.0,14.0,1.0,11.0,9.0,15.0,69.0,155
230050,2013,0.0,0.0,0.0,0.0,0.0,0.0,0.0,0.0,0.0,0.0,87.0,157
230050,2014,11.0,0.0,4.0,0.0,2.0,21.0,9.0,1.0,11.0,12.0,72.0,145
230050,2015,6.0,0.0,0.0,1.0,1.0,15.0,8.0,9.0,6.0,16.0,62.0,126
230050,2016,5.0,1.0,4.0,1.0,0.0,22.0,2.0,3.0,12.0,15.0,66.0,118
230050,2017,5.0,0.0,0.0,1.0,0.0,19.0,3.0,13.0,5.0,17.0,66.0,121
230050,2018,10.0,0.0,0.0,1.0,1.0,30.0,5.0,9.0,9.0,27.0,93.0,141
230050,2019,3.0,0.0,0.0,1.0,1.0,31.0,9.0,9.0,11.0,22.0,88.0,148
230060,2012,9.0,0.0,4.0,0.0,0.0,18.0,2.0,5.0,3.0,25.0,66.0,120
230060,2013,0.0,0.0,0.0,0.0,0.0,0.0,0.0,0.0,0.0,0.0,59.0,92
230060,2014,3.0,0.0,2.0,1.0,2.0,17.0,1.0,6.0,0.0,14.0,46.0,93
230060,2015,1.0,0.0,2.0,2.0,2.0,16.0,1.0,9.0,0.0,25.0,60.0,111
230060,2016,6.0,0.0,0.0,1.0,1.0,17.0,0.0,18.0,0.0,24.0,68.0,112
230060,2017,4.0,0.0,1.0,2.0,3.0,21.0,3.0,8.0,3.0,15.0,60.0,113
230060,2018,4.0,0.0,2.0,1.0,1.0,17.0,0.0,14.0,2.0,14.0,56.0,107
230060,2019,10.0,0.0,2.0,0.0,1.0,25.0,2.0,4.0,2.0,23.0,70.0,130
230070,2012,15.0,0.0,2.0,2.0,1.0,14.0,6.0,5.0,21.0,15.0,90.0,200
230070,2013,0.0,0.0,0.0,0.0,0.0,0.0,0.0,0.0,0.0,0.0,90.0,177
230070,2014,7.0,0.0,4.0,0.0,2.0,22.0,11.0,9.0,14.0,20.0,91.0,189
230070,2015,7.0,0.0,4.0,3.0,3.0,19.0,5.0,11.0,12.0,27.0,96.0,217
230070,2016,12.0,0.0,6.0,3.0,2.0,37.0,6.0,9.0,7.0,31.0,115.0,217
230070,2017,7.0,0.0,4.0,1.0,3.0,26.0,3.0,16.0,8.0,30.0,101.0,180
230070,2018,2.0,1.0,0.0,1.0,2.0,33.0,6.0,20.0,14.0,42.0,129.0,194
230070,2019,10.0,0.0,2.0,2.0,4.0,32.0,8.0,24.0,9.0,21.0,116.0,178
230075,2012,28.0,1.0,7.0,9.0,5.0,55.0,19.0,36.0,31.0,46.0,251.0,704
230075,2013,0.0,0.0,0.0,0.0,0.0,0.0,0.0,0.0,0.0,0.0,268.0,676
230075,2014,13.0,0.0,3.0,7.0,4.0,38.0,8.0,32.0,34.0,48.0,276.0,627
230075,2015,31.0,3.0,17.0,15.0,7.0,62.0,30.0,37.0,30.0,49.0,322.0,707
230075,2016,14.0,2.0,16.0,4.0,9.0,65.0,28.0,14.0,25.0,34.0,274.0,689
230075,2017,7.0,1.0,11.0,13.0,5.0,24.0,4.0,3.0,11.0,8.0,299.0,722
230075,2018,12.0,1.0,12.0,6.0,6.0,13.0,6.0,2.0,8.0,29.0,322.0,759
230075,2019,23.0,1.0,20.0,3.0,5.0,63.0,14.0,16.0,24.0,119.0,321.0,699
230080,2012,7.0,0.0,4.0,0.0,3.0,8.0,2.0,7.0,6.0,22.0,59.0,112
230080,2013,0.0,0.0,0.0,0.0,0.0,0.0,0.0,0.0,0.0,0.0,55.0,112
230080,2014,4.0,0.0,0.0,0.0,1.0,10.0,2.0,10.0,2.0,17.0,46.0,99
230080,2015,2.0,0.0,0.0,2.0,0.0,7.0,3.0,8.0,0.0,9.0,35.0,76
230080,2016,3.0,0.0,4.0,0.0,0.0,13.0,0.0,3.0,3.0,11.0,37.0,79
230080,2017,4.0,1.0,2.0,1.0,0.0,16.0,1.0,5.0,7.0,9.0,46.0,96
230080,2018,5.0,0.0,5.0,2.0,2.0,19.0,0.0,8.0,1.0,12.0,54.0,109
230080,2019,7.0,1.0,0.0,3.0,0.0,18.0,1.0,7.0,1.0,16.0,54.0,103
230090,2012,13.0,1.0,0.0,2.0,2.0,12.0,4.0,6.0,7.0,11.0,73.0,144
230090,2013,0.0,0.0,0.0,0.0,0.0,0.0,0.0,0.0,0.0,0.0,90.0,151
230090,2014,5.0,0.0,2.0,0.0,1.0,10.0,5.0,8.0,12.0,14.0,74.0,148
230090,2015,4.0,1.0,1.0,1.0,1.0,18.0,5.0,6.0,15.0,12.0,74.0,152
230090,2016,11.0,0.0,0.0,2.0,1.0,15.0,3.0,8.0,3.0,12.0,62.0,133
230090,2017,7.0,0.0,2.0,5.0,2.0,19.0,4.0,3.0,6.0,11.0,63.0,152
230090,2018,0.0,0.0,4.0,1.0,0.0,20.0,7.0,7.0,4.0,10.0,54.0,131
230090,2019,8.0,0.0,2.0,0.0,1.0,34.0,8.0,9.0,10.0,17.0,93.0,180
230100,2012,86.0,6.0,9.0,6.0,12.0,82.0,43.0,30.0,86.0,73.0,546.0,986
230100,2013,0.0,0.0,0.0,0.0,0.0,0.0,0.0,0.0,0.0,0.0,514.0,943
230100,2014,58.0,3.0,19.0,14.0,11.0,139.0,82.0,31.0,107.0,66.0,596.0,1078
230100,2015,49.0,3.0,23.0,17.0,11.0,174.0,90.0,28.0,116.0,79.0,674.0,1246
230100,2016,49.0,2.0,17.0,6.0,9.0,170.0,107.0,30.0,134.0,61.0,671.0,1123
230100,2017,53.0,1.0,14.0,14.0,13.0,176.0,75.0,32.0,131.0,49.0,646.0,1079
230100,2018,56.0,0.0,23.0,19.0,13.0,190.0,102.0,49.0,132.0,68.0,745.0,1206
230100,2019,66.0,1.0,18.0,19.0,14.0,214.0,65.0,33.0,133.0,63.0,725.0,1189
230110,2012,52.0,1.0,8.0,8.0,11.0,104.0,20.0,21.0,88.0,114.0,443.0,972
230110,2013,0.0,0.0,0.0,0.0,0.0,0.0,0.0,0.0,0.0,0.0,448.0,965
230110,2014,44.0,3.0,9.0,14.0,6.0,100.0,39.0,30.0,86.0,75.0,419.0,908
230110,2015,65.0,4.0,7.0,11.0,13.0,110.0,32.0,45.0,92.0,106.0,499.0,1020
230110,2016,57.0,0.0,13.0,12.0,12.0,101.0,31.0,39.0,99.0,94.0,479.0,1046
230110,2017,55.0,1.0,21.0,15.0,8.0,122.0,42.0,33.0,68.0,87.0,482.0,994
230110,2018,64.0,4.0,11.0,15.0,7.0,125.0,44.0,52.0,73.0,73.0,493.0,979
230110,2019,61.0,4.0,10.0,14.0,13.0,162.0,30.0,58.0,60.0,115.0,545.0,1019
230120,2012,18.0,1.0,4.0,6.0,1.0,44.0,15.0,14.0,30.0,38.0,179.0,358
230120,2013,0.0,0.0,0.0,0.0,0.0,0.0,0.0,0.0,0.0,0.0,212.0,390
230120,2014,10.0,0.0,5.0,8.0,5.0,53.0,16.0,13.0,25.0,43.0,183.0,382
230120,2015,17.0,1.0,2.0,8.0,4.0,60.0,13.0,18.0,25.0,40.0,195.0,363
230120,2016,14.0,0.0,5.0,11.0,7.0,48.0,15.0,19.0,26.0,58.0,208.0,395
230120,2017,17.0,0.0,5.0,11.0,2.0,58.0,25.0,36.0,29.0,40.0,225.0,383
230120,2018,13.0,0.0,2.0,6.0,6.0,85.0,18.0,28.0,27.0,46.0,240.0,418
230120,2019,12.0,0.0,7.0,5.0,4.0,67.0,7.0,22.0,17.0,30.0,181.0,375
230125,2012,8.0,1.0,4.0,1.0,0.0,6.0,6.0,2.0,6.0,3.0,43.0,115
230125,2013,0.0,0.0,0.0,0.0,0.0,0.0,0.0,0.0,0.0,0.0,31.0,99
230125,2014,2.0,0.0,0.0,2.0,0.0,10.0,8.0,3.0,13.0,6.0,46.0,125
230125,2015,1.0,0.0,4.0,1.0,0.0,12.0,3.0,1.0,4.0,2.0,28.0,101
230125,2016,5.0,0.0,2.0,2.0,0.0,6.0,5.0,5.0,5.0,7.0,38.0,115
230125,2017,2.0,0.0,0.0,1.0,4.0,12.0,4.0,3.0,4.0,9.0,39.0,121
230125,2018,5.0,0.0,2.0,2.0,3.0,27.0,4.0,5.0,9.0,9.0,67.0,155
230125,2019,6.0,1.0,1.0,6.0,0.0,12.0,5.0,3.0,10.0,2.0,47.0,149
230130,2012,18.0,1.0,13.0,0.0,1.0,55.0,8.0,19.0,20.0,38.0,173.0,369
230130,2013,0.0,0.0,0.0,0.0,0.0,0.0,0.0,0.0,0.0,0.0,169.0,341
230130,2014,24.0,0.0,4.0,2.0,0.0,50.0,3.0,19.0,6.0,47.0,160.0,345
230130,2015,11.0,0.0,5.0,3.0,1.0,36.0,3.0,20.0,5.0,38.0,152.0,359
230130,2016,17.0,1.0,2.0,6.0,4.0,45.0,8.0,34.0,8.0,64.0,189.0,354
230130,2017,15.0,1.0,2.0,7.0,2.0,57.0,16.0,26.0,22.0,60.0,209.0,390
230130,2018,23.0,0.0,2.0,6.0,4.0,52.0,14.0,19.0,11.0,42.0,182.0,363
230130,2019,30.0,0.0,3.0,8.0,1.0,69.0,14.0,31.0,6.0,34.0,196.0,366
230140,2012,11.0,0.0,3.0,1.0,3.0,16.0,7.0,7.0,11.0,17.0,79.0,188
230140,2013,0.0,0.0,0.0,0.0,0.0,0.0,0.0,0.0,0.0,0.0,71.0,156
230140,2014,6.0,0.0,1.0,3.0,3.0,20.0,6.0,9.0,8.0,23.0,82.0,180
230140,2015,7.0,0.0,4.0,2.0,3.0,20.0,7.0,5.0,9.0,16.0,73.0,172
230140,2016,4.0,1.0,2.0,0.0,4.0,20.0,2.0,4.0,7.0,17.0,63.0,152
230140,2017,16.0,0.0,4.0,0.0,3.0,15.0,8.0,6.0,11.0,19.0,84.0,163
230140,2018,8.0,0.0,1.0,3.0,2.0,16.0,6.0,3.0,14.0,25.0,82.0,172
230140,2019,9.0,0.0,6.0,4.0,2.0,21.0,2.0,9.0,5.0,25.0,84.0,176
230150,2012,4.0,0.0,2.0,1.0,1.0,12.0,2.0,5.0,13.0,10.0,50.0,112
230150,2013,0.0,0.0,0.0,0.0,0.0,0.0,0.0,0.0,0.0,0.0,43.0,69
230150,2014,7.0,0.0,2.0,0.0,0.0,15.0,5.0,5.0,12.0,13.0,65.0,95
230150,2015,4.0,1.0,0.0,0.0,0.0,10.0,4.0,10.0,9.0,18.0,59.0,103
230150,2016,6.0,0.0,3.0,1.0,0.0,14.0,2.0,7.0,8.0,11.0,52.0,84
230150,2017,5.0,0.0,2.0,1.0,0.0,11.0,4.0,7.0,5.0,19.0,56.0,90
230150,2018,6.0,1.0,0.0,1.0,1.0,18.0,2.0,9.0,3.0,21.0,63.0,89
230150,2019,4.0,0.0,3.0,1.0,1.0,34.0,5.0,7.0,8.0,10.0,75.0,114
230160,2012,27.0,0.0,3.0,2.0,2.0,33.0,15.0,28.0,23.0,71.0,204.0,331
230160,2013,0.0,0.0,0.0,0.0,0.0,0.0,0.0,0.0,0.0,0.0,175.0,296
230160,2014,22.0,0.0,5.0,0.0,4.0,38.0,0.0,20.0,4.0,48.0,148.0,253
230160,2015,11.0,0.0,3.0,0.0,2.0,39.0,1.0,24.0,5.0,72.0,167.0,305
230160,2016,15.0,0.0,3.0,2.0,2.0,45.0,2.0,34.0,7.0,50.0,160.0,271
230160,2017,25.0,0.0,12.0,6.0,1.0,52.0,6.0,18.0,6.0,51.0,179.0,286
230160,2018,20.0,0.0,0.0,5.0,2.0,52.0,1.0,26.0,1.0,67.0,178.0,291
230160,2019,21.0,0.0,8.0,3.0,3.0,49.0,1.0,30.0,7.0,57.0,179.0,298
230170,2012,66.0,2.0,1.0,1.0,3.0,53.0,3.0,20.0,9.0,71.0,237.0,318
230170,2013,0.0,0.0,0.0,0.0,0.0,0.0,0.0,0.0,0.0,0.0,227.0,299
230170,2014,20.0,10.0,6.0,3.0,7.0,86.0,7.0,41.0,11.0,87.0,283.0,359
230170,2015,15.0,4.0,7.0,2.0,3.0,83.0,3.0,32.0,17.0,64.0,235.0,350
230170,2016,17.0,2.0,6.0,1.0,1.0,72.0,5.0,22.0,15.0,42.0,185.0,306
230170,2017,10.0,0.0,6.0,6.0,6.0,58.0,10.0,21.0,17.0,41.0,184.0,299
230170,2018,11.0,1.0,8.0,4.0,4.0,63.0,30.0,13.0,53.0,27.0,224.0,310
230170,2019,12.0,2.0,5.0,6.0,6.0,87.0,28.0,11.0,40.0,37.0,239.0,321
230180,2012,1.0,0.0,0.0,0.0,0.0,12.0,0.0,4.0,4.0,12.0,36.0,78
230180,2013,0.0,0.0,0.0,0.0,0.0,0.0,0.0,0.0,0.0,0.0,39.0,79
230180,2014,2.0,0.0,0.0,2.0,2.0,8.0,3.0,3.0,3.0,8.0,31.0,60
230180,2015,1.0,1.0,3.0,0.0,1.0,12.0,3.0,4.0,2.0,7.0,36.0,81
230180,2016,4.0,0.0,0.0,1.0,0.0,10.0,3.0,5.0,5.0,4.0,32.0,50
230180,2017,8.0,0.0,0.0,2.0,0.0,7.0,7.0,0.0,5.0,5.0,35.0,72
230180,2018,2.0,0.0,0.0,0.0,3.0,15.0,7.0,4.0,11.0,4.0,49.0,78
230180,2019,5.0,0.0,2.0,1.0,1.0,13.0,4.0,7.0,10.0,6.0,49.0,67
230185,2012,16.0,0.0,3.0,2.0,6.0,29.0,7.0,2.0,18.0,12.0,97.0,265
230185,2013,0.0,0.0,0.0,0.0,0.0,0.0,0.0,0.0,0.0,0.0,100.0,252
230185,2014,7.0,0.0,2.0,2.0,5.0,31.0,9.0,10.0,16.0,10.0,97.0,257
230185,2015,21.0,0.0,4.0,6.0,2.0,36.0,14.0,16.0,9.0,19.0,129.0,269
230185,2016,20.0,0.0,2.0,6.0,6.0,39.0,10.0,15.0,29.0,29.0,159.0,291
230185,2017,22.0,0.0,6.0,5.0,6.0,32.0,14.0,14.0,19.0,35.0,157.0,262
230185,2018,21.0,1.0,10.0,8.0,3.0,43.0,10.0,19.0,21.0,37.0,184.0,294
230185,2019,7.0,0.0,6.0,0.0,1.0,8.0,6.0,4.0,3.0,8.0,153.0,264
230190,2012,77.0,6.0,15.0,8.0,5.0,180.0,46.0,19.0,136.0,91.0,621.0,1049
230190,2013,0.0,0.0,0.0,0.0,0.0,0.0,0.0,0.0,0.0,0.0,698.0,1095
230190,2014,89.0,0.0,8.0,4.0,7.0,174.0,69.0,8.0,229.0,17.0,722.0,1118
230190,2015,101.0,0.0,19.0,1.0,2.0,219.0,64.0,16.0,143.0,41.0,728.0,1152
230190,2016,147.0,0.0,20.0,3.0,2.0,240.0,89.0,3.0,240.0,13.0,774.0,1126
230190,2017,132.0,0.0,22.0,2.0,0.0,272.0,81.0,18.0,229.0,43.0,801.0,1179
230190,2018,74.0,0.0,26.0,6.0,10.0,145.0,57.0,6.0,139.0,25.0,871.0,1203
230190,2019,121.0,1.0,20.0,23.0,12.0,251.0,19.0,108.0,29.0,189.0,915.0,1260
230195,2012,21.0,0.0,0.0,2.0,6.0,28.0,10.0,17.0,36.0,29.0,163.0,317
230195,2013,0.0,0.0,0.0,0.0,0.0,0.0,0.0,0.0,0.0,0.0,159.0,321
230195,2014,12.0,0.0,0.0,1.0,4.0,41.0,19.0,11.0,25.0,20.0,151.0,296
230195,2015,14.0,1.0,3.0,7.0,6.0,33.0,19.0,12.0,40.0,29.0,177.0,319
230195,2016,10.0,0.0,9.0,4.0,4.0,36.0,25.0,7.0,28.0,16.0,153.0,299
230195,2017,5.0,0.0,0.0,4.0,2.0,61.0,28.0,6.0,41.0,19.0,172.0,317
230195,2018,12.0,1.0,2.0,9.0,4.0,61.0,44.0,19.0,42.0,28.0,232.0,341
230195,2019,9.0,0.0,7.0,3.0,3.0,61.0,20.0,16.0,37.0,30.0,194.0,331
230200,2012,13.0,0.0,3.0,3.0,2.0,42.0,4.0,9.0,16.0,63.0,167.0,281
230200,2013,0.0,0.0,0.0,0.0,0.0,0.0,0.0,0.0,0.0,0.0,183.0,284
230200,2014,6.0,1.0,10.0,3.0,5.0,47.0,12.0,19.0,31.0,47.0,181.0,264
230200,2015,7.0,1.0,6.0,4.0,5.0,37.0,9.0,19.0,22.0,36.0,153.0,219
230200,2016,10.0,0.0,3.0,0.0,1.0,46.0,6.0,12.0,19.0,30.0,129.0,210
230200,2017,10.0,0.0,2.0,3.0,4.0,62.0,6.0,17.0,19.0,45.0,172.0,258
230200,2018,7.0,1.0,2.0,3.0,2.0,65.0,7.0,11.0,31.0,35.0,176.0,241
230200,2019,14.0,4.0,3.0,1.0,3.0,51.0,19.0,12.0,23.0,29.0,166.0,233
230205,2012,10.0,1.0,1.0,5.0,1.0,8.0,10.0,6.0,19.0,7.0,71.0,212
230205,2013,0.0,0.0,0.0,0.0,0.0,0.0,0.0,0.0,0.0,0.0,98.0,205
230205,2014,5.0,2.0,0.0,3.0,2.0,16.0,16.0,13.0,15.0,13.0,85.0,207
230205,2015,6.0,1.0,0.0,1.0,2.0,22.0,6.0,7.0,11.0,22.0,78.0,233
230205,2016,7.0,1.0,4.0,2.0,2.0,28.0,10.0,14.0,6.0,33.0,107.0,243
230205,2017,4.0,1.0,3.0,0.0,0.0,22.0,5.0,16.0,8.0,20.0,82.0,225
230205,2018,6.0,10.0,4.0,7.0,0.0,24.0,6.0,15.0,12.0,22.0,107.0,230
230205,2019,8.0,7.0,4.0,3.0,1.0,18.0,10.0,21.0,11.0,28.0,111.0,219
230210,2012,18.0,0.0,7.0,3.0,10.0,56.0,23.0,12.0,37.0,59.0,232.0,465
230210,2013,0.0,0.0,0.0,0.0,0.0,0.0,0.0,0.0,0.0,0.0,249.0,480
230210,2014,27.0,0.0,9.0,8.0,5.0,78.0,20.0,24.0,35.0,53.0,267.0,578
230210,2015,26.0,0.0,7.0,14.0,6.0,82.0,16.0,29.0,38.0,68.0,288.0,540
230210,2016,24.0,1.0,1.0,9.0,9.0,85.0,17.0,19.0,26.0,63.0,267.0,481
230210,2017,30.0,2.0,0.0,4.0,5.0,79.0,9.0,32.0,33.0,69.0,267.0,485
230210,2018,18.0,3.0,6.0,7.0,11.0,93.0,15.0,30.0,27.0,74.0,291.0,547
230210,2019,21.0,0.0,2.0,14.0,5.0,89.0,18.0,37.0,23.0,65.0,290.0,543
230220,2012,61.0,0.0,6.0,3.0,8.0,46.0,12.0,12.0,50.0,42.0,263.0,567
230220,2013,0.0,0.0,0.0,0.0,0.0,0.0,0.0,0.0,0.0,0.0,261.0,600
230220,2014,17.0,2.0,2.0,4.0,3.0,59.0,29.0,31.0,51.0,40.0,255.0,579
230220,2015,36.0,3.0,10.0,12.0,7.0,75.0,41.0,30.0,69.0,49.0,350.0,696
230220,2016,22.0,1.0,5.0,12.0,7.0,76.0,37.0,31.0,51.0,51.0,319.0,672
230220,2017,29.0,3.0,6.0,5.0,4.0,68.0,27.0,23.0,40.0,43.0,273.0,599
230220,2018,28.0,1.0,7.0,4.0,8.0,84.0,53.0,12.0,78.0,54.0,357.0,657
230220,2019,29.0,3.0,18.0,9.0,6.0,109.0,46.0,25.0,54.0,40.0,366.0,702
230230,2012,19.0,3.0,3.0,7.0,7.0,43.0,17.0,5.0,35.0,36.0,192.0,432
230230,2013,0.0,0.0,0.0,0.0,0.0,0.0,0.0,0.0,0.0,0.0,172.0,410
230230,2014,19.0,2.0,4.0,3.0,4.0,41.0,12.0,13.0,26.0,31.0,156.0,373
230230,2015,15.0,2.0,9.0,15.0,6.0,49.0,22.0,12.0,25.0,21.0,180.0,451
230230,2016,17.0,0.0,3.0,3.0,5.0,41.0,6.0,15.0,33.0,31.0,155.0,387
230230,2017,12.0,0.0,5.0,9.0,4.0,43.0,22.0,15.0,32.0,23.0,167.0,394
230230,2018,17.0,0.0,7.0,10.0,6.0,47.0,15.0,11.0,30.0,36.0,180.0,399
230230,2019,16.0,2.0,4.0,9.0,6.0,61.0,18.0,15.0,21.0,44.0,199.0,427
230240,2012,28.0,1.0,5.0,9.0,9.0,54.0,16.0,35.0,39.0,42.0,253.0,754
230240,2013,0.0,0.0,0.0,0.0,0.0,0.0,0.0,0.0,0.0,0.0,227.0,632
230240,2014,22.0,1.0,5.0,12.0,9.0,54.0,41.0,41.0,52.0,36.0,286.0,683
230240,2015,13.0,0.0,11.0,8.0,8.0,74.0,34.0,31.0,53.0,50.0,288.0,680
230240,2016,26.0,1.0,6.0,12.0,2.0,73.0,31.0,33.0,24.0,49.0,270.0,613
230240,2017,22.0,1.0,7.0,14.0,15.0,75.0,49.0,38.0,56.0,61.0,351.0,638
230240,2018,22.0,1.0,17.0,9.0,11.0,84.0,48.0,25.0,78.0,43.0,359.0,723
230240,2019,22.0,1.0,4.0,6.0,2.0,77.0,39.0,23.0,50.0,39.0,284.0,616
230250,2012,37.0,5.0,7.0,6.0,8.0,149.0,28.0,24.0,63.0,116.0,469.0,653
230250,2013,0.0,0.0,0.0,0.0,0.0,0.0,0.0,0.0,0.0,0.0,493.0,693
230250,2014,34.0,4.0,17.0,8.0,10.0,162.0,33.0,38.0,75.0,115.0,509.0,698
230250,2015,52.0,5.0,12.0,14.0,12.0,169.0,39.0,54.0,82.0,128.0,600.0,803
230250,2016,38.0,5.0,15.0,9.0,8.0,163.0,24.0,38.0,81.0,111.0,505.0,699
230250,2017,45.0,5.0,9.0,11.0,16.0,176.0,44.0,42.0,88.0,133.0,582.0,738
230250,2018,51.0,2.0,10.0,8.0,10.0,223.0,34.0,51.0,69.0,134.0,632.0,852
230250,2019,48.0,1.0,13.0,16.0,17.0,207.0,36.0,39.0,72.0,128.0,606.0,798
230260,2012,38.0,0.0,7.0,7.0,7.0,51.0,12.0,50.0,27.0,85.0,310.0,964
230260,2013,0.0,0.0,0.0,0.0,0.0,0.0,0.0,0.0,0.0,0.0,329.0,931
230260,2014,35.0,4.0,8.0,11.0,10.0,95.0,49.0,34.0,68.0,51.0,370.0,1012
230260,2015,15.0,4.0,0.0,14.0,12.0,88.0,26.0,40.0,53.0,81.0,335.0,913
230260,2016,34.0,1.0,4.0,11.0,6.0,106.0,30.0,64.0,34.0,107.0,400.0,944
230260,2017,41.0,10.0,7.0,6.0,6.0,91.0,19.0,59.0,55.0,115.0,411.0,967
230260,2018,43.0,6.0,2.0,7.0,2.0,111.0,25.0,76.0,42.0,130.0,448.0,1003
230260,2019,42.0,10.0,14.0,6.0,4.0,116.0,24.0,89.0,25.0,164.0,497.0,1014
230270,2012,27.0,3.0,2.0,4.0,2.0,46.0,15.0,16.0,24.0,47.0,186.0,420
230270,2013,0.0,0.0,0.0,0.0,0.0,0.0,0.0,0.0,0.0,0.0,196.0,402
230270,2014,24.0,1.0,5.0,1.0,5.0,38.0,9.0,23.0,23.0,58.0,195.0,361
230270,2015,25.0,5.0,3.0,2.0,3.0,44.0,7.0,22.0,17.0,53.0,193.0,379
230270,2016,16.0,0.0,3.0,2.0,2.0,58.0,12.0,25.0,36.0,66.0,220.0,379
230270,2017,13.0,1.0,3.0,5.0,4.0,47.0,24.0,14.0,28.0,46.0,186.0,363
230270,2018,22.0,0.0,2.0,9.0,3.0,72.0,30.0,18.0,28.0,41.0,233.0,368
230270,2019,26.0,1.0,6.0,7.0,5.0,50.0,24.0,25.0,21.0,70.0,241.0,420
230280,2012,124.0,0.0,12.0,8.0,12.0,74.0,17.0,30.0,47.0,76.0,489.0,1117
230280,2013,0.0,0.0,0.0,0.0,0.0,0.0,0.0,0.0,0.0,0.0,444.0,1049
230280,2014,40.0,2.0,4.0,13.0,17.0,102.0,32.0,75.0,45.0,134.0,539.0,1122
230280,2015,47.0,2.0,15.0,16.0,13.0,124.0,29.0,73.0,54.0,136.0,530.0,1160
230280,2016,50.0,2.0,8.0,15.0,11.0,116.0,30.0,74.0,32.0,128.0,515.0,1056
230280,2017,46.0,0.0,15.0,13.0,8.0,126.0,24.0,66.0,46.0,134.0,527.0,1072
230280,2018,53.0,0.0,24.0,23.0,13.0,125.0,20.0,50.0,38.0,133.0,538.0,1174
230280,2019,49.0,4.0,13.0,15.0,11.0,176.0,20.0,60.0,34.0,118.0,549.0,1133
230290,2012,14.0,0.0,4.0,1.0,5.0,18.0,5.0,12.0,12.0,24.0,108.0,228
230290,2013,0.0,0.0,0.0,0.0,0.0,0.0,0.0,0.0,0.0,0.0,113.0,256
230290,2014,6.0,1.0,4.0,2.0,6.0,15.0,14.0,18.0,18.0,33.0,140.0,245
230290,2015,17.0,0.0,12.0,2.0,3.0,29.0,8.0,16.0,13.0,40.0,155.0,294
230290,2016,13.0,0.0,7.0,3.0,4.0,21.0,8.0,26.0,12.0,25.0,126.0,228
230290,2017,11.0,0.0,0.0,1.0,3.0,25.0,12.0,16.0,19.0,30.0,118.0,240
230290,2018,22.0,0.0,8.0,10.0,5.0,51.0,15.0,14.0,8.0,30.0,166.0,280
230290,2019,14.0,0.0,4.0,3.0,5.0,31.0,6.0,16.0,10.0,24.0,115.0,250
230300,2012,20.0,0.0,4.0,3.0,4.0,9.0,11.0,15.0,12.0,21.0,119.0,231
230300,2013,0.0,0.0,0.0,0.0,0.0,0.0,0.0,0.0,0.0,0.0,112.0,273
230300,2014,11.0,2.0,0.0,2.0,0.0,21.0,22.0,16.0,18.0,31.0,149.0,261
230300,2015,7.0,0.0,1.0,1.0,3.0,24.0,27.0,13.0,16.0,22.0,125.0,253
230300,2016,12.0,0.0,2.0,1.0,1.0,17.0,19.0,16.0,10.0,19.0,110.0,226
230300,2017,6.0,1.0,1.0,1.0,0.0,28.0,9.0,11.0,14.0,22.0,111.0,240
230300,2018,10.0,0.0,1.0,4.0,7.0,35.0,13.0,8.0,7.0,18.0,117.0,243
230300,2019,8.0,0.0,4.0,5.0,4.0,45.0,13.0,20.0,20.0,20.0,145.0,277
230310,2012,6.0,0.0,3.0,3.0,1.0,12.0,2.0,13.0,11.0,15.0,78.0,193
230310,2013,0.0,0.0,0.0,0.0,0.0,0.0,0.0,0.0,0.0,0.0,82.0,202
230310,2014,11.0,0.0,2.0,4.0,2.0,12.0,11.0,6.0,12.0,18.0,79.0,227
230310,2015,6.0,0.0,6.0,3.0,1.0,16.0,7.0,6.0,7.0,17.0,72.0,198
230310,2016,13.0,0.0,4.0,1.0,2.0,20.0,10.0,17.0,9.0,14.0,91.0,207
230310,2017,13.0,0.0,2.0,1.0,0.0,16.0,7.0,15.0,16.0,25.0,97.0,190
230310,2018,18.0,0.0,2.0,0.0,0.0,29.0,3.0,22.0,6.0,35.0,118.0,237
230310,2019,10.0,1.0,7.0,1.0,1.0,28.0,7.0,17.0,11.0,34.0,118.0,244
230320,2012,32.0,2.0,7.0,13.0,4.0,49.0,19.0,17.0,58.0,13.0,217.0,411
230320,2013,0.0,0.0,0.0,0.0,0.0,0.0,0.0,0.0,0.0,0.0,220.0,393
230320,2014,18.0,0.0,2.0,6.0,6.0,50.0,23.0,10.0,46.0,12.0,184.0,355
230320,2015,5.0,2.0,6.0,0.0,0.0,23.0,2.0,3.0,10.0,6.0,189.0,373
230320,2016,22.0,1.0,0.0,2.0,1.0,72.0,22.0,9.0,65.0,19.0,227.0,391
230320,2017,17.0,3.0,10.0,3.0,1.0,64.0,35.0,5.0,72.0,10.0,221.0,391
230320,2018,24.0,0.0,3.0,3.0,0.0,78.0,34.0,4.0,54.0,24.0,231.0,419
230320,2019,26.0,0.0,14.0,9.0,3.0,69.0,10.0,30.0,20.0,70.0,259.0,458
230330,2012,6.0,0.0,2.0,1.0,1.0,15.0,1.0,3.0,8.0,41.0,80.0,222
230330,2013,0.0,0.0,0.0,0.0,0.0,0.0,0.0,0.0,0.0,0.0,93.0,210
230330,2014,5.0,1.0,0.0,6.0,3.0,12.0,3.0,18.0,1.0,25.0,80.0,193
230330,2015,5.0,0.0,2.0,4.0,2.0,25.0,2.0,12.0,3.0,26.0,82.0,209
230330,2016,10.0,0.0,0.0,3.0,4.0,28.0,6.0,12.0,13.0,10.0,87.0,198
230330,2017,10.0,2.0,1.0,2.0,3.0,28.0,6.0,11.0,11.0,19.0,97.0,213
230330,2018,13.0,0.0,0.0,3.0,2.0,32.0,8.0,18.0,7.0,18.0,104.0,206
230330,2019,12.0,2.0,4.0,4.0,3.0,24.0,9.0,15.0,17.0,24.0,116.0,203
230340,2012,4.0,1.0,2.0,2.0,3.0,18.0,6.0,1.0,11.0,8.0,59.0,219
230340,2013,0.0,0.0,0.0,0.0,0.0,0.0,0.0,0.0,0.0,0.0,62.0,234
230340,2014,5.0,0.0,0.0,1.0,2.0,14.0,6.0,5.0,16.0,10.0,62.0,226
230340,2015,8.0,1.0,3.0,3.0,1.0,10.0,8.0,6.0,12.0,11.0,65.0,237
230340,2016,8.0,3.0,0.0,2.0,0.0,16.0,6.0,4.0,14.0,7.0,64.0,234
230340,2017,6.0,0.0,4.0,1.0,2.0,21.0,8.0,11.0,5.0,17.0,84.0,269
230340,2018,6.0,1.0,4.0,1.0,1.0,16.0,10.0,10.0,9.0,14.0,74.0,237
230340,2019,10.0,0.0,0.0,3.0,0.0,35.0,15.0,18.0,9.0,10.0,106.0,266
230350,2012,60.0,3.0,9.0,6.0,10.0,78.0,12.0,20.0,70.0,80.0,408.0,860
230350,2013,0.0,0.0,0.0,0.0,0.0,0.0,0.0,0.0,0.0,0.0,515.0,970
230350,2014,52.0,5.0,23.0,16.0,10.0,91.0,31.0,69.0,61.0,147.0,581.0,987
230350,2015,66.0,1.0,10.0,13.0,9.0,120.0,39.0,74.0,69.0,154.0,626.0,1014
230350,2016,49.0,1.0,19.0,12.0,9.0,124.0,48.0,61.0,51.0,143.0,594.0,978
230350,2017,42.0,2.0,8.0,8.0,8.0,130.0,39.0,68.0,65.0,141.0,562.0,1003
230350,2018,41.0,0.0,23.0,21.0,7.0,167.0,50.0,56.0,61.0,141.0,625.0,1023
230350,2019,65.0,0.0,15.0,16.0,14.0,164.0,32.0,85.0,59.0,147.0,664.0,1075
230360,2012,2.0,3.0,2.0,2.0,1.0,12.0,7.0,6.0,12.0,12.0,62.0,130
230360,2013,0.0,0.0,0.0,0.0,0.0,0.0,0.0,0.0,0.0,0.0,54.0,144
230360,2014,5.0,0.0,0.0,0.0,1.0,13.0,3.0,7.0,9.0,18.0,56.0,144
230360,2015,5.0,0.0,4.0,2.0,4.0,19.0,7.0,7.0,8.0,10.0,66.0,157
230360,2016,5.0,0.0,0.0,1.0,0.0,10.0,3.0,4.0,4.0,8.0,35.0,128
230360,2017,6.0,1.0,2.0,1.0,2.0,20.0,1.0,6.0,3.0,8.0,50.0,135
230360,2018,12.0,0.0,0.0,2.0,3.0,15.0,8.0,2.0,11.0,9.0,62.0,148
230360,2019,3.0,1.0,2.0,1.0,2.0,11.0,0.0,10.0,6.0,23.0,59.0,91
230365,2012,0.0,0.0,2.0,1.0,1.0,10.0,5.0,2.0,2.0,11.0,42.0,127
230365,2013,0.0,0.0,0.0,0.0,0.0,0.0,0.0,0.0,0.0,0.0,48.0,123
230365,2014,3.0,0.0,2.0,1.0,0.0,10.0,6.0,3.0,7.0,7.0,40.0,109
230365,2015,1.0,0.0,0.0,3.0,0.0,8.0,2.0,5.0,5.0,4.0,28.0,96
230365,2016,4.0,0.0,0.0,0.0,2.0,6.0,8.0,2.0,2.0,11.0,35.0,78
230365,2017,3.0,1.0,2.0,2.0,0.0,14.0,1.0,12.0,6.0,17.0,61.0,123
230365,2018,1.0,0.0,2.0,1.0,0.0,10.0,2.0,7.0,2.0,11.0,37.0,94
230365,2019,2.0,0.0,5.0,2.0,1.0,13.0,1.0,1.0,4.0,16.0,45.0,111
230370,2012,694.0,6.0,56.0,34.0,28.0,467.0,110.0,110.0,383.0,348.0,2868.0,4821
230370,2013,0.0,0.0,0.0,0.0,0.0,0.0,0.0,0.0,0.0,0.0,3145.0,5058
230370,2014,219.0,14.0,57.0,44.0,40.0,586.0,215.0,249.0,399.0,462.0,3081.0,5012
230370,2015,263.0,6.0,71.0,51.0,50.0,681.0,228.0,256.0,383.0,505.0,3109.0,5396
230370,2016,248.0,5.0,96.0,63.0,45.0,784.0,194.0,219.0,397.0,408.0,2817.0,5044
230370,2017,240.0,11.0,79.0,84.0,57.0,861.0,148.0,314.0,362.0,474.0,2994.0,5428
230370,2018,282.0,4.0,83.0,78.0,63.0,976.0,184.0,347.0,312.0,596.0,3094.0,5475
230370,2019,242.0,7.0,75.0,59.0,60.0,973.0,171.0,299.0,304.0,498.0,2904.0,5346
230380,2012,14.0,4.0,0.0,2.0,0.0,18.0,2.0,15.0,3.0,37.0,117.0,242
230380,2013,0.0,0.0,0.0,0.0,0.0,0.0,0.0,0.0,0.0,0.0,111.0,273
230380,2014,14.0,0.0,4.0,5.0,2.0,45.0,4.0,20.0,11.0,46.0,161.0,334
230380,2015,11.0,1.0,5.0,3.0,4.0,33.0,1.0,14.0,7.0,47.0,129.0,278
230380,2016,16.0,0.0,1.0,5.0,2.0,39.0,2.0,14.0,16.0,33.0,133.0,278
230380,2017,15.0,1.0,2.0,3.0,6.0,44.0,1.0,22.0,8.0,33.0,136.0,286
230380,2018,17.0,0.0,1.0,7.0,7.0,49.0,3.0,21.0,5.0,51.0,165.0,325
230380,2019,11.0,0.0,3.0,5.0,2.0,68.0,2.0,20.0,6.0,45.0,163.0,319
230390,2012,6.0,0.0,0.0,2.0,2.0,11.0,7.0,5.0,7.0,15.0,60.0,209
230390,2013,0.0,0.0,0.0,0.0,0.0,0.0,0.0,0.0,0.0,0.0,52.0,213
230390,2014,5.0,1.0,4.0,0.0,3.0,11.0,8.0,6.0,14.0,11.0,63.0,174
230390,2015,5.0,1.0,0.0,3.0,2.0,18.0,4.0,8.0,4.0,12.0,58.0,200
230390,2016,1.0,1.0,2.0,2.0,2.0,19.0,3.0,7.0,6.0,24.0,67.0,193
230390,2017,4.0,1.0,0.0,1.0,3.0,18.0,3.0,9.0,2.0,27.0,69.0,202
230390,2018,5.0,8.0,4.0,3.0,3.0,16.0,12.0,17.0,9.0,9.0,87.0,200
230390,2019,10.0,5.0,3.0,3.0,3.0,21.0,9.0,14.0,5.0,17.0,90.0,203
230393,2012,10.0,0.0,0.0,0.0,4.0,19.0,8.0,1.0,13.0,8.0,66.0,193
230393,2013,0.0,0.0,0.0,0.0,0.0,0.0,0.0,0.0,0.0,0.0,78.0,204
230393,2014,6.0,0.0,3.0,2.0,1.0,26.0,3.0,4.0,9.0,19.0,77.0,206
230393,2015,9.0,0.0,0.0,2.0,4.0,22.0,2.0,8.0,8.0,16.0,72.0,196
230393,2016,12.0,0.0,2.0,4.0,2.0,15.0,8.0,5.0,10.0,16.0,80.0,191
230393,2017,9.0,1.0,2.0,4.0,2.0,23.0,9.0,3.0,6.0,23.0,85.0,176
230393,2018,12.0,0.0,0.0,4.0,4.0,41.0,12.0,14.0,11.0,19.0,121.0,235
230393,2019,4.0,0.0,2.0,2.0,0.0,6.0,3.0,1.0,0.0,3.0,95.0,168
230395,2012,41.0,0.0,2.0,1.0,1.0,28.0,15.0,15.0,32.0,21.0,187.0,279
230395,2013,0.0,0.0,0.0,0.0,0.0,0.0,0.0,0.0,0.0,0.0,192.0,300
230395,2014,11.0,0.0,12.0,1.0,1.0,32.0,30.0,15.0,40.0,25.0,187.0,307
230395,2015,10.0,1.0,4.0,2.0,4.0,52.0,26.0,9.0,29.0,18.0,173.0,291
230395,2016,14.0,1.0,1.0,6.0,3.0,38.0,23.0,9.0,34.0,16.0,160.0,263
230395,2017,12.0,0.0,4.0,1.0,1.0,40.0,17.0,8.0,26.0,19.0,138.0,235
230395,2018,10.0,1.0,4.0,4.0,3.0,51.0,18.0,17.0,30.0,27.0,181.0,313
230395,2019,17.0,0.0,11.0,1.0,3.0,65.0,18.0,11.0,35.0,26.0,198.0,312
230400,2012,10.0,0.0,2.0,3.0,2.0,17.0,7.0,11.0,15.0,31.0,115.0,289
230400,2013,0.0,0.0,0.0,0.0,0.0,0.0,0.0,0.0,0.0,0.0,124.0,284
230400,2014,20.0,1.0,4.0,7.0,5.0,27.0,20.0,11.0,25.0,40.0,160.0,304
230400,2015,15.0,0.0,0.0,3.0,3.0,31.0,17.0,11.0,17.0,31.0,130.0,248
230400,2016,18.0,2.0,7.0,4.0,1.0,36.0,10.0,33.0,19.0,37.0,170.0,280
230400,2017,11.0,0.0,0.0,3.0,2.0,41.0,9.0,26.0,15.0,51.0,160.0,268
230400,2018,14.0,0.0,7.0,2.0,1.0,67.0,9.0,32.0,12.0,54.0,206.0,331
230400,2019,17.0,0.0,6.0,0.0,1.0,52.0,10.0,21.0,15.0,37.0,159.0,303
230410,2012,58.0,1.0,12.0,5.0,5.0,160.0,30.0,29.0,100.0,72.0,527.0,1047
230410,2013,0.0,0.0,0.0,0.0,0.0,0.0,0.0,0.0,0.0,0.0,416.0,939
230410,2014,34.0,1.0,8.0,9.0,6.0,113.0,50.0,23.0,82.0,43.0,410.0,1023
230410,2015,36.0,0.0,15.0,14.0,7.0,134.0,52.0,19.0,87.0,57.0,436.0,1095
230410,2016,47.0,0.0,19.0,15.0,7.0,128.0,40.0,35.0,66.0,74.0,436.0,954
230410,2017,34.0,3.0,15.0,9.0,6.0,117.0,23.0,40.0,54.0,78.0,385.0,913
230410,2018,41.0,2.0,20.0,17.0,12.0,147.0,24.0,44.0,68.0,82.0,463.0,1071
230410,2019,41.0,0.0,23.0,12.0,10.0,158.0,48.0,22.0,75.0,51.0,450.0,1100
230420,2012,223.0,2.0,33.0,9.0,17.0,467.0,52.0,111.0,187.0,483.0,1596.0,2130
230420,2013,0.0,0.0,0.0,0.0,0.0,0.0,0.0,0.0,0.0,0.0,1585.0,2049
230420,2014,206.0,0.0,42.0,16.0,12.0,489.0,39.0,213.0,84.0,544.0,1701.0,2230
230420,2015,191.0,1.0,49.0,24.0,19.0,465.0,25.0,181.0,80.0,495.0,1650.0,2168
230420,2016,184.0,1.0,36.0,23.0,17.0,553.0,21.0,196.0,93.0,527.0,1662.0,2143
230420,2017,184.0,0.0,35.0,26.0,9.0,595.0,16.0,174.0,69.0,502.0,1613.0,2138
230420,2018,201.0,2.0,26.0,25.0,18.0,626.0,17.0,191.0,46.0,481.0,1682.0,2266
230420,2019,299.0,1.0,29.0,22.0,25.0,607.0,12.0,178.0,44.0,413.0,1663.0,2212
230423,2012,11.0,0.0,2.0,2.0,1.0,9.0,1.0,6.0,10.0,18.0,74.0,222
230423,2013,0.0,0.0,0.0,0.0,0.0,0.0,0.0,0.0,0.0,0.0,55.0,204
230423,2014,7.0,2.0,0.0,3.0,3.0,18.0,12.0,9.0,11.0,15.0,84.0,233
230423,2015,10.0,1.0,5.0,1.0,0.0,11.0,13.0,4.0,12.0,15.0,77.0,244
230423,2016,8.0,0.0,1.0,2.0,2.0,15.0,5.0,8.0,11.0,10.0,64.0,192
230423,2017,6.0,0.0,2.0,3.0,1.0,16.0,4.0,11.0,9.0,21.0,76.0,187
230423,2018,11.0,0.0,2.0,7.0,2.0,20.0,8.0,20.0,17.0,19.0,106.0,225
230423,2019,12.0,1.0,1.0,4.0,4.0,21.0,10.0,16.0,11.0,16.0,101.0,265
230425,2012,15.0,1.0,0.0,2.0,4.0,27.0,9.0,11.0,21.0,25.0,119.0,339
230425,2013,0.0,0.0,0.0,0.0,0.0,0.0,0.0,0.0,0.0,0.0,133.0,351
230425,2014,9.0,3.0,8.0,2.0,7.0,48.0,13.0,16.0,28.0,32.0,166.0,339
230425,2015,13.0,1.0,4.0,5.0,4.0,33.0,11.0,19.0,27.0,21.0,139.0,384
230425,2016,9.0,2.0,9.0,7.0,5.0,49.0,11.0,16.0,26.0,29.0,164.0,415
230425,2017,9.0,0.0,7.0,4.0,3.0,56.0,17.0,13.0,37.0,25.0,174.0,412
230425,2018,16.0,2.0,10.0,9.0,2.0,66.0,17.0,33.0,46.0,42.0,248.0,481
230425,2019,14.0,1.0,6.0,8.0,4.0,57.0,15.0,18.0,29.0,40.0,196.0,498
230426,2012,5.0,0.0,2.0,0.0,0.0,16.0,0.0,2.0,2.0,18.0,47.0,91
230426,2013,0.0,0.0,0.0,0.0,0.0,0.0,0.0,0.0,0.0,0.0,43.0,85
230426,2014,2.0,0.0,2.0,0.0,0.0,18.0,0.0,11.0,0.0,17.0,50.0,92
230426,2015,2.0,0.0,0.0,0.0,0.0,14.0,0.0,13.0,0.0,15.0,44.0,89
230426,2016,5.0,0.0,0.0,0.0,0.0,16.0,0.0,7.0,1.0,22.0,51.0,83
230426,2017,4.0,1.0,3.0,3.0,1.0,17.0,1.0,5.0,4.0,15.0,55.0,88
230426,2018,2.0,0.0,0.0,4.0,0.0,18.0,3.0,13.0,2.0,11.0,53.0,96
230426,2019,8.0,0.0,2.0,2.0,0.0,15.0,2.0,8.0,1.0,17.0,55.0,87
230427,2012,5.0,0.0,0.0,0.0,0.0,6.0,0.0,0.0,2.0,2.0,19.0,48
230427,2013,0.0,0.0,0.0,0.0,0.0,0.0,0.0,0.0,0.0,0.0,31.0,50
230427,2014,4.0,0.0,2.0,0.0,0.0,6.0,2.0,2.0,1.0,6.0,23.0,45
230427,2015,0.0,0.0,0.0,1.0,1.0,5.0,0.0,2.0,0.0,2.0,13.0,30
230427,2016,3.0,0.0,2.0,0.0,0.0,1.0,0.0,0.0,1.0,1.0,8.0,15
230427,2017,1.0,0.0,1.0,1.0,0.0,3.0,2.0,0.0,1.0,2.0,11.0,23
230427,2018,1.0,0.0,0.0,1.0,0.0,5.0,0.0,4.0,0.0,2.0,13.0,22
230427,2019,1.0,0.0,0.0,0.0,1.0,8.0,2.0,4.0,1.0,6.0,23.0,34
230428,2012,110.0,2.0,12.0,11.0,7.0,104.0,53.0,30.0,116.0,68.0,595.0,884
230428,2013,0.0,0.0,0.0,0.0,0.0,0.0,0.0,0.0,0.0,0.0,663.0,999
230428,2014,39.0,4.0,18.0,9.0,9.0,186.0,81.0,31.0,137.0,61.0,738.0,1083
230428,2015,43.0,2.0,24.0,16.0,9.0,174.0,107.0,40.0,162.0,80.0,889.0,1258
230428,2016,42.0,1.0,6.0,22.0,13.0,190.0,101.0,34.0,169.0,88.0,895.0,1250
230428,2017,27.0,0.0,28.0,16.0,16.0,209.0,94.0,32.0,159.0,84.0,875.0,1273
230428,2018,47.0,4.0,20.0,16.0,11.0,231.0,105.0,42.0,169.0,56.0,848.0,1228
230428,2019,43.0,0.0,30.0,14.0,9.0,270.0,106.0,24.0,149.0,48.0,816.0,1228
230430,2012,12.0,1.0,5.0,8.0,4.0,45.0,12.0,19.0,18.0,38.0,170.0,271
230430,2013,0.0,0.0,0.0,0.0,0.0,0.0,0.0,0.0,0.0,0.0,172.0,275
230430,2014,11.0,1.0,1.0,10.0,2.0,37.0,6.0,22.0,4.0,45.0,147.0,251
230430,2015,14.0,0.0,8.0,9.0,3.0,65.0,7.0,25.0,7.0,55.0,198.0,304
230430,2016,9.0,0.0,2.0,5.0,5.0,40.0,3.0,11.0,8.0,41.0,129.0,210
230430,2017,20.0,0.0,4.0,2.0,5.0,42.0,5.0,19.0,11.0,33.0,147.0,248
230430,2018,24.0,0.0,6.0,3.0,4.0,53.0,2.0,33.0,3.0,49.0,180.0,272
230430,2019,25.0,0.0,3.0,8.0,2.0,64.0,1.0,31.0,1.0,46.0,185.0,267
230435,2012,20.0,1.0,0.0,2.0,5.0,23.0,6.0,14.0,16.0,28.0,137.0,307
230435,2013,0.0,0.0,0.0,0.0,0.0,0.0,0.0,0.0,0.0,0.0,151.0,315
230435,2014,21.0,3.0,6.0,9.0,4.0,31.0,16.0,12.0,24.0,38.0,164.0,317
230435,2015,15.0,0.0,2.0,8.0,8.0,33.0,7.0,13.0,13.0,19.0,120.0,244
230435,2016,26.0,3.0,5.0,1.0,3.0,26.0,8.0,27.0,21.0,36.0,160.0,265
230435,2017,31.0,0.0,2.0,2.0,1.0,39.0,3.0,26.0,8.0,53.0,171.0,281
230435,2018,17.0,0.0,2.0,2.0,0.0,51.0,6.0,52.0,8.0,64.0,210.0,340
230435,2019,17.0,1.0,3.0,4.0,1.0,61.0,8.0,28.0,16.0,52.0,195.0,327
230440,2012,3780.0,37.0,584.0,257.0,342.0,4709.0,1359.0,829.0,5319.0,2239.0,26461.0,37577
230440,2013,0.0,0.0,0.0,0.0,0.0,0.0,0.0,0.0,0.0,0.0,26153.0,36822
230440,2014,2049.0,51.0,705.0,370.0,327.0,5998.0,2521.0,1687.0,4917.0,3066.0,26391.0,38195
230440,2015,1957.0,46.0,687.0,381.0,401.0,6505.0,2450.0,1452.0,4265.0,3313.0,26114.0,39512
230440,2016,1921.0,32.0,653.0,365.0,377.0,6289.0,2230.0,1356.0,4048.0,3054.0,24568.0,37451
230440,2017,1819.0,42.0,728.0,401.0,383.0,6417.0,1818.0,1144.0,3702.0,2804.0,23203.0,36718
230440,2018,1797.0,35.0,666.0,469.0,427.0,6830.0,1796.0,1308.0,3411.0,2959.0,22636.0,35833
230440,2019,1813.0,49.0,658.0,511.0,419.0,6722.0,1489.0,1178.0,3269.0,2607.0,21868.0,34957
230445,2012,6.0,0.0,2.0,0.0,1.0,15.0,3.0,6.0,22.0,13.0,73.0,164
230445,2013,0.0,0.0,0.0,0.0,0.0,0.0,0.0,0.0,0.0,0.0,69.0,157
230445,2014,7.0,1.0,2.0,3.0,1.0,19.0,9.0,7.0,12.0,12.0,77.0,177
230445,2015,7.0,0.0,0.0,1.0,2.0,24.0,15.0,9.0,23.0,15.0,100.0,212
230445,2016,4.0,0.0,0.0,1.0,4.0,23.0,12.0,6.0,10.0,16.0,83.0,177
230445,2017,8.0,2.0,3.0,4.0,0.0,23.0,6.0,5.0,16.0,14.0,89.0,194
230445,2018,11.0,0.0,2.0,1.0,1.0,21.0,7.0,7.0,18.0,17.0,90.0,189
230445,2019,8.0,1.0,3.0,4.0,6.0,22.0,11.0,12.0,15.0,10.0,97.0,197
230450,2012,11.0,0.0,2.0,0.0,1.0,22.0,9.0,9.0,8.0,22.0,99.0,225
230450,2013,0.0,0.0,0.0,0.0,0.0,0.0,0.0,0.0,0.0,0.0,106.0,249
230450,2014,10.0,0.0,2.0,2.0,8.0,22.0,8.0,7.0,25.0,29.0,116.0,259
230450,2015,8.0,0.0,4.0,5.0,6.0,30.0,15.0,10.0,16.0,18.0,116.0,194
230450,2016,9.0,0.0,8.0,2.0,0.0,29.0,5.0,27.0,13.0,27.0,121.0,207
230450,2017,14.0,0.0,3.0,3.0,2.0,39.0,9.0,19.0,15.0,44.0,152.0,242
230450,2018,17.0,1.0,6.0,1.0,1.0,49.0,5.0,34.0,7.0,54.0,177.0,272
230450,2019,15.0,0.0,4.0,0.0,0.0,50.0,6.0,25.0,7.0,57.0,166.0,263
230460,2012,10.0,0.0,1.0,4.0,1.0,7.0,0.0,2.0,1.0,5.0,47.0,97
230460,2013,0.0,0.0,0.0,0.0,0.0,0.0,0.0,0.0,0.0,0.0,32.0,76
230460,2014,2.0,0.0,2.0,1.0,0.0,9.0,2.0,2.0,4.0,9.0,38.0,87
230460,2015,6.0,0.0,0.0,0.0,0.0,4.0,0.0,2.0,5.0,3.0,27.0,86
230460,2016,4.0,0.0,2.0,0.0,0.0,9.0,1.0,2.0,4.0,8.0,34.0,88
230460,2017,6.0,0.0,2.0,2.0,0.0,8.0,3.0,2.0,6.0,10.0,43.0,107
230460,2018,7.0,0.0,2.0,4.0,0.0,8.0,6.0,4.0,8.0,11.0,52.0,120
230460,2019,2.0,0.0,2.0,1.0,1.0,11.0,6.0,2.0,9.0,15.0,52.0,109
230465,2012,6.0,0.0,0.0,0.0,0.0,16.0,2.0,9.0,5.0,11.0,57.0,159
230465,2013,0.0,0.0,0.0,0.0,0.0,0.0,0.0,0.0,0.0,0.0,64.0,175
230465,2014,4.0,0.0,2.0,6.0,3.0,14.0,4.0,4.0,7.0,12.0,56.0,148
230465,2015,6.0,0.0,2.0,0.0,3.0,10.0,4.0,4.0,10.0,10.0,51.0,137
230465,2016,7.0,0.0,2.0,2.0,2.0,16.0,15.0,14.0,16.0,15.0,91.0,187
230465,2017,9.0,0.0,2.0,0.0,0.0,22.0,7.0,10.0,8.0,17.0,76.0,159
230465,2018,11.0,1.0,4.0,1.0,1.0,20.0,5.0,9.0,6.0,10.0,69.0,161
230465,2019,12.0,0.0,0.0,0.0,0.0,20.0,7.0,10.0,6.0,10.0,66.0,170
230470,2012,26.0,2.0,7.0,5.0,3.0,31.0,7.0,22.0,22.0,28.0,164.0,744
230470,2013,0.0,0.0,0.0,0.0,0.0,0.0,0.0,0.0,0.0,0.0,181.0,684
230470,2014,18.0,0.0,9.0,11.0,8.0,43.0,16.0,35.0,34.0,45.0,226.0,737
230470,2015,15.0,5.0,10.0,14.0,12.0,61.0,21.0,26.0,43.0,57.0,279.0,841
230470,2016,27.0,3.0,9.0,10.0,6.0,62.0,23.0,27.0,61.0,52.0,291.0,729
230470,2017,29.0,3.0,6.0,8.0,4.0,72.0,29.0,41.0,65.0,79.0,342.0,805
230470,2018,33.0,20.0,14.0,10.0,5.0,83.0,48.0,53.0,50.0,90.0,411.0,877
230470,2019,39.0,14.0,10.0,15.0,3.0,95.0,45.0,61.0,42.0,86.0,411.0,812
230480,2012,2.0,0.0,2.0,2.0,1.0,6.0,1.0,1.0,9.0,5.0,29.0,62
230480,2013,0.0,0.0,0.0,0.0,0.0,0.0,0.0,0.0,0.0,0.0,34.0,75
230480,2014,2.0,0.0,0.0,1.0,0.0,12.0,6.0,0.0,5.0,1.0,28.0,52
230480,2015,0.0,0.0,0.0,1.0,1.0,7.0,2.0,0.0,3.0,2.0,27.0,58
230480,2016,0.0,0.0,0.0,3.0,0.0,11.0,1.0,2.0,5.0,1.0,25.0,63
230480,2017,0.0,0.0,0.0,3.0,0.0,13.0,2.0,1.0,7.0,3.0,29.0,72
230480,2018,5.0,0.0,1.0,1.0,1.0,14.0,4.0,3.0,11.0,1.0,43.0,77
230480,2019,2.0,1.0,0.0,1.0,1.0,13.0,5.0,1.0,7.0,3.0,34.0,73
230490,2012,4.0,0.0,2.0,0.0,1.0,13.0,3.0,6.0,6.0,26.0,73.0,152
230490,2013,0.0,0.0,0.0,0.0,0.0,0.0,0.0,0.0,0.0,0.0,63.0,120
230490,2014,13.0,0.0,2.0,2.0,6.0,17.0,7.0,5.0,9.0,16.0,77.0,144
230490,2015,3.0,0.0,0.0,2.0,0.0,15.0,2.0,11.0,7.0,14.0,54.0,98
230490,2016,11.0,0.0,0.0,2.0,2.0,13.0,1.0,23.0,8.0,16.0,79.0,120
230490,2017,10.0,0.0,0.0,0.0,2.0,13.0,2.0,4.0,5.0,21.0,61.0,119
230490,2018,9.0,0.0,4.0,0.0,0.0,17.0,1.0,18.0,6.0,16.0,73.0,127
230490,2019,10.0,0.0,1.0,1.0,0.0,27.0,2.0,14.0,9.0,25.0,90.0,164
230495,2012,47.0,0.0,6.0,3.0,4.0,48.0,10.0,7.0,38.0,35.0,240.0,363
230495,2013,0.0,0.0,0.0,0.0,0.0,0.0,0.0,0.0,0.0,0.0,218.0,325
230495,2014,28.0,3.0,9.0,8.0,6.0,67.0,25.0,12.0,40.0,31.0,243.0,370
230495,2015,20.0,0.0,8.0,5.0,6.0,67.0,14.0,8.0,43.0,25.0,208.0,319
230495,2016,20.0,0.0,7.0,11.0,3.0,67.0,26.0,6.0,52.0,22.0,218.0,353
230495,2017,16.0,1.0,1.0,5.0,7.0,86.0,22.0,6.0,33.0,19.0,208.0,343
230495,2018,24.0,1.0,6.0,6.0,3.0,78.0,17.0,14.0,31.0,35.0,222.0,353
230495,2019,17.0,1.0,6.0,5.0,2.0,80.0,19.0,9.0,26.0,28.0,203.0,335
230500,2012,25.0,1.0,8.0,4.0,3.0,51.0,7.0,10.0,20.0,39.0,191.0,614
230500,2013,0.0,0.0,0.0,0.0,0.0,0.0,0.0,0.0,0.0,0.0,156.0,579
230500,2014,19.0,5.0,13.0,10.0,9.0,52.0,22.0,24.0,32.0,30.0,222.0,593
230500,2015,13.0,1.0,4.0,5.0,3.0,45.0,27.0,12.0,28.0,28.0,174.0,607
230500,2016,19.0,1.0,10.0,5.0,4.0,52.0,24.0,11.0,16.0,42.0,191.0,626
230500,2017,22.0,0.0,12.0,4.0,6.0,55.0,18.0,27.0,27.0,55.0,232.0,680
230500,2018,30.0,2.0,10.0,4.0,4.0,71.0,17.0,30.0,29.0,45.0,253.0,690
230500,2019,20.0,2.0,14.0,5.0,8.0,78.0,26.0,35.0,26.0,45.0,267.0,693
230510,2012,8.0,0.0,0.0,0.0,0.0,11.0,5.0,2.0,8.0,6.0,43.0,95
230510,2013,0.0,0.0,0.0,0.0,0.0,0.0,0.0,0.0,0.0,0.0,31.0,76
230510,2014,4.0,0.0,0.0,0.0,0.0,9.0,3.0,10.0,7.0,9.0,43.0,82
230510,2015,2.0,0.0,2.0,2.0,1.0,12.0,3.0,3.0,0.0,6.0,31.0,73
230510,2016,6.0,0.0,0.0,0.0,1.0,5.0,6.0,8.0,6.0,8.0,41.0,75
230510,2017,1.0,0.0,0.0,0.0,0.0,8.0,4.0,7.0,4.0,9.0,34.0,77
230510,2018,6.0,0.0,0.0,2.0,0.0,14.0,4.0,5.0,1.0,8.0,40.0,88
230510,2019,1.0,0.0,0.0,2.0,0.0,7.0,11.0,4.0,2.0,5.0,32.0,67
230520,2012,2.0,1.0,2.0,2.0,0.0,12.0,0.0,6.0,6.0,27.0,83.0,232
230520,2013,0.0,0.0,0.0,0.0,0.0,0.0,0.0,0.0,0.0,0.0,82.0,231
230520,2014,10.0,0.0,4.0,3.0,1.0,17.0,6.0,7.0,13.0,16.0,83.0,202
230520,2015,8.0,0.0,2.0,1.0,1.0,13.0,6.0,5.0,18.0,10.0,69.0,204
230520,2016,5.0,0.0,1.0,1.0,3.0,14.0,11.0,10.0,17.0,13.0,79.0,181
230520,2017,12.0,0.0,2.0,1.0,1.0,21.0,8.0,19.0,7.0,36.0,110.0,205
230520,2018,17.0,1.0,0.0,1.0,2.0,25.0,10.0,24.0,9.0,40.0,143.0,273
230520,2019,14.0,3.0,4.0,20.0,7.0,26.0,23.0,21.0,11.0,27.0,163.0,255
230523,2012,51.0,2.0,12.0,14.0,13.0,109.0,42.0,26.0,92.0,63.0,523.0,1048
230523,2013,0.0,0.0,0.0,0.0,0.0,0.0,0.0,0.0,0.0,0.0,542.0,1025
230523,2014,41.0,6.0,8.0,14.0,8.0,156.0,79.0,64.0,126.0,78.0,630.0,1207
230523,2015,61.0,3.0,23.0,17.0,15.0,165.0,94.0,53.0,108.0,116.0,701.0,1288
230523,2016,59.0,6.0,8.0,7.0,8.0,167.0,86.0,59.0,114.0,87.0,654.0,1118
230523,2017,55.0,2.0,16.0,18.0,9.0,180.0,45.0,44.0,86.0,102.0,615.0,1238
230523,2018,56.0,2.0,12.0,15.0,11.0,200.0,88.0,70.0,96.0,127.0,717.0,1283
230523,2019,58.0,1.0,13.0,9.0,10.0,211.0,54.0,68.0,93.0,127.0,686.0,1220
230526,2012,8.0,0.0,0.0,1.0,2.0,19.0,0.0,0.0,13.0,12.0,63.0,197
230526,2013,0.0,0.0,0.0,0.0,0.0,0.0,0.0,0.0,0.0,0.0,76.0,182
230526,2014,8.0,0.0,0.0,3.0,3.0,21.0,6.0,12.0,13.0,15.0,88.0,208
230526,2015,12.0,1.0,0.0,2.0,4.0,25.0,5.0,5.0,13.0,13.0,88.0,204
230526,2016,10.0,0.0,0.0,6.0,3.0,28.0,9.0,8.0,14.0,21.0,103.0,213
230526,2017,4.0,0.0,2.0,4.0,2.0,18.0,1.0,11.0,8.0,27.0,82.0,193
230526,2018,4.0,1.0,4.0,4.0,2.0,34.0,9.0,10.0,15.0,20.0,109.0,204
230526,2019,3.0,0.0,2.0,0.0,1.0,6.0,3.0,1.0,3.0,0.0,97.0,203
230530,2012,9.0,1.0,3.0,3.0,0.0,27.0,4.0,5.0,19.0,9.0,96.0,340
230530,2013,0.0,0.0,0.0,0.0,0.0,0.0,0.0,0.0,0.0,0.0,62.0,346
230530,2014,9.0,1.0,4.0,5.0,3.0,35.0,11.0,5.0,10.0,17.0,107.0,331
230530,2015,11.0,0.0,0.0,4.0,1.0,33.0,7.0,10.0,22.0,18.0,111.0,368
230530,2016,9.0,2.0,6.0,3.0,2.0,28.0,11.0,6.0,12.0,15.0,98.0,360
230530,2017,11.0,0.0,3.0,1.0,3.0,42.0,10.0,16.0,19.0,21.0,135.0,346
230530,2018,9.0,0.0,7.0,3.0,3.0,43.0,10.0,31.0,16.0,33.0,161.0,385
230530,2019,16.0,0.0,8.0,1.0,3.0,49.0,20.0,13.0,24.0,20.0,158.0,376
230533,2012,9.0,0.0,1.0,1.0,3.0,15.0,7.0,4.0,12.0,12.0,66.0,148
230533,2013,0.0,0.0,0.0,0.0,0.0,0.0,0.0,0.0,0.0,0.0,100.0,197
230533,2014,7.0,0.0,0.0,1.0,2.0,23.0,11.0,2.0,10.0,10.0,68.0,156
230533,2015,3.0,0.0,5.0,1.0,0.0,23.0,16.0,5.0,13.0,18.0,84.0,158
230533,2016,7.0,0.0,2.0,3.0,1.0,23.0,8.0,5.0,17.0,16.0,84.0,141
230533,2017,10.0,0.0,2.0,5.0,2.0,28.0,6.0,14.0,10.0,15.0,93.0,156
230533,2018,11.0,0.0,0.0,5.0,1.0,21.0,5.0,5.0,10.0,17.0,78.0,149
230533,2019,1.0,0.0,2.0,2.0,1.0,13.0,4.0,3.0,2.0,6.0,77.0,149
230535,2012,16.0,1.0,2.0,2.0,0.0,21.0,8.0,6.0,16.0,26.0,110.0,218
230535,2013,0.0,0.0,0.0,0.0,0.0,0.0,0.0,0.0,0.0,0.0,129.0,232
230535,2014,12.0,0.0,0.0,3.0,3.0,29.0,10.0,17.0,13.0,32.0,122.0,260
230535,2015,12.0,0.0,0.0,5.0,3.0,39.0,9.0,11.0,19.0,21.0,123.0,268
230535,2016,7.0,0.0,2.0,1.0,2.0,33.0,12.0,15.0,22.0,33.0,132.0,244
230535,2017,14.0,2.0,4.0,4.0,5.0,36.0,3.0,19.0,24.0,38.0,154.0,269
230535,2018,12.0,1.0,5.0,5.0,1.0,43.0,6.0,7.0,21.0,18.0,122.0,228
230535,2019,14.0,0.0,2.0,2.0,5.0,59.0,15.0,11.0,19.0,24.0,154.0,245
230540,2012,53.0,0.0,5.0,9.0,10.0,113.0,3.0,56.0,6.0,151.0,464.0,882
230540,2013,0.0,0.0,0.0,0.0,0.0,0.0,0.0,0.0,0.0,0.0,472.0,878
230540,2014,34.0,3.0,16.0,15.0,12.0,119.0,29.0,77.0,51.0,138.0,519.0,953
230540,2015,29.0,2.0,8.0,21.0,11.0,132.0,32.0,31.0,55.0,102.0,438.0,903
230540,2016,23.0,5.0,15.0,10.0,8.0,115.0,26.0,44.0,66.0,89.0,407.0,841
230540,2017,31.0,6.0,8.0,14.0,18.0,160.0,21.0,72.0,27.0,150.0,511.0,904
230540,2018,40.0,2.0,17.0,21.0,19.0,142.0,40.0,78.0,36.0,147.0,549.0,897
230540,2019,33.0,2.0,11.0,14.0,4.0,179.0,37.0,85.0,40.0,126.0,536.0,893
230550,2012,90.0,0.0,28.0,4.0,13.0,198.0,13.0,75.0,33.0,315.0,778.0,1392
230550,2013,0.0,0.0,0.0,0.0,0.0,0.0,0.0,0.0,0.0,0.0,665.0,1265
230550,2014,72.0,2.0,26.0,21.0,22.0,195.0,19.0,97.0,27.0,284.0,789.0,1392
230550,2015,69.0,3.0,24.0,21.0,9.0,219.0,11.0,94.0,23.0,246.0,728.0,1391
230550,2016,47.0,2.0,12.0,15.0,13.0,221.0,14.0,94.0,38.0,224.0,681.0,1256
230550,2017,75.0,1.0,22.0,16.0,10.0,248.0,19.0,124.0,40.0,226.0,784.0,1288
230550,2018,80.0,1.0,26.0,23.0,13.0,264.0,47.0,127.0,56.0,234.0,878.0,1409
230550,2019,114.0,0.0,26.0,14.0,9.0,279.0,24.0,161.0,35.0,247.0,912.0,1368
230560,2012,17.0,1.0,0.0,0.0,1.0,26.0,12.0,5.0,30.0,18.0,125.0,312
230560,2013,0.0,0.0,0.0,0.0,0.0,0.0,0.0,0.0,0.0,0.0,97.0,262
230560,2014,9.0,0.0,0.0,2.0,4.0,31.0,17.0,7.0,23.0,14.0,120.0,308
230560,2015,5.0,0.0,5.0,2.0,4.0,25.0,13.0,10.0,16.0,10.0,94.0,292
230560,2016,6.0,0.0,2.0,2.0,3.0,29.0,14.0,10.0,14.0,19.0,99.0,260
230560,2017,7.0,0.0,7.0,3.0,1.0,36.0,10.0,16.0,16.0,23.0,119.0,296
230560,2018,12.0,0.0,1.0,4.0,3.0,38.0,4.0,10.0,14.0,26.0,112.0,323
230560,2019,8.0,0.0,1.0,3.0,0.0,37.0,15.0,7.0,18.0,13.0,106.0,267
230565,2012,5.0,0.0,2.0,3.0,0.0,11.0,3.0,0.0,3.0,7.0,37.0,132
230565,2013,0.0,0.0,0.0,0.0,0.0,0.0,0.0,0.0,0.0,0.0,57.0,134
230565,2014,7.0,0.0,6.0,1.0,0.0,7.0,7.0,3.0,4.0,4.0,42.0,138
230565,2015,4.0,0.0,0.0,2.0,0.0,12.0,1.0,3.0,10.0,6.0,39.0,160
230565,2016,2.0,0.0,0.0,3.0,0.0,10.0,3.0,3.0,7.0,9.0,38.0,140
230565,2017,7.0,0.0,4.0,1.0,1.0,7.0,6.0,7.0,4.0,12.0,51.0,151
230565,2018,7.0,0.0,4.0,3.0,1.0,12.0,2.0,5.0,3.0,6.0,43.0,152
230565,2019,8.0,0.0,2.0,1.0,1.0,17.0,2.0,4.0,12.0,4.0,51.0,146
230570,2012,8.0,0.0,2.0,1.0,1.0,13.0,2.0,6.0,1.0,20.0,55.0,139
230570,2013,0.0,0.0,0.0,0.0,0.0,0.0,0.0,0.0,0.0,0.0,70.0,140
230570,2014,9.0,2.0,5.0,0.0,1.0,20.0,10.0,12.0,9.0,17.0,90.0,155
230570,2015,9.0,0.0,0.0,1.0,1.0,17.0,2.0,5.0,10.0,18.0,68.0,135
230570,2016,6.0,1.0,4.0,0.0,3.0,14.0,6.0,6.0,6.0,3.0,50.0,125
230570,2017,7.0,1.0,0.0,3.0,0.0,28.0,3.0,15.0,10.0,24.0,92.0,158
230570,2018,7.0,1.0,0.0,3.0,3.0,20.0,7.0,7.0,7.0,20.0,77.0,132
230570,2019,5.0,0.0,3.0,4.0,1.0,25.0,7.0,14.0,4.0,14.0,80.0,147
230580,2012,32.0,1.0,8.0,4.0,8.0,31.0,1.0,2.0,41.0,54.0,255.0,571
230580,2013,0.0,0.0,0.0,0.0,0.0,0.0,0.0,0.0,0.0,0.0,240.0,563
230580,2014,18.0,2.0,11.0,8.0,6.0,48.0,40.0,25.0,42.0,41.0,262.0,556
230580,2015,15.0,5.0,7.0,5.0,3.0,57.0,29.0,18.0,57.0,58.0,281.0,570
230580,2016,28.0,2.0,5.0,7.0,8.0,53.0,28.0,12.0,38.0,66.0,273.0,555
230580,2017,33.0,1.0,12.0,4.0,6.0,57.0,14.0,29.0,36.0,85.0,294.0,585
230580,2018,30.0,3.0,8.0,6.0,9.0,81.0,16.0,24.0,36.0,85.0,336.0,670
230580,2019,32.0,0.0,16.0,7.0,4.0,85.0,14.0,24.0,36.0,92.0,362.0,671
230590,2012,14.0,4.0,3.0,1.0,8.0,34.0,8.0,32.0,21.0,36.0,174.0,496
230590,2013,0.0,0.0,0.0,0.0,0.0,0.0,0.0,0.0,0.0,0.0,206.0,470
230590,2014,17.0,3.0,23.0,3.0,5.0,36.0,15.0,25.0,29.0,52.0,215.0,465
230590,2015,6.0,0.0,7.0,7.0,2.0,43.0,18.0,19.0,25.0,32.0,160.0,482
230590,2016,13.0,1.0,7.0,6.0,2.0,44.0,11.0,11.0,26.0,28.0,150.0,453
230590,2017,10.0,4.0,8.0,9.0,8.0,51.0,15.0,26.0,15.0,39.0,206.0,485
230590,2018,14.0,0.0,8.0,15.0,8.0,57.0,26.0,36.0,29.0,35.0,251.0,527
230590,2019,23.0,6.0,0.0,1.0,0.0,59.0,12.0,29.0,17.0,46.0,220.0,483
230600,2012,7.0,1.0,2.0,2.0,1.0,19.0,16.0,7.0,22.0,11.0,100.0,180
230600,2013,0.0,0.0,0.0,0.0,0.0,0.0,0.0,0.0,0.0,0.0,72.0,156
230600,2014,12.0,0.0,2.0,0.0,3.0,13.0,9.0,6.0,19.0,19.0,87.0,185
230600,2015,4.0,1.0,0.0,3.0,4.0,46.0,17.0,8.0,14.0,17.0,120.0,189
230600,2016,10.0,0.0,4.0,2.0,0.0,26.0,6.0,12.0,18.0,25.0,105.0,182
230600,2017,5.0,0.0,2.0,1.0,2.0,22.0,3.0,14.0,11.0,25.0,88.0,155
230600,2018,7.0,0.0,4.0,2.0,4.0,33.0,4.0,18.0,10.0,19.0,106.0,150
230600,2019,8.0,6.0,0.0,16.0,7.0,34.0,11.0,11.0,14.0,21.0,132.0,177
230610,2012,7.0,4.0,2.0,11.0,10.0,19.0,9.0,8.0,31.0,14.0,134.0,383
230610,2013,0.0,0.0,0.0,0.0,0.0,0.0,0.0,0.0,0.0,0.0,121.0,312
230610,2014,12.0,1.0,8.0,6.0,3.0,27.0,21.0,12.0,22.0,23.0,142.0,355
230610,2015,13.0,0.0,2.0,4.0,2.0,20.0,19.0,20.0,19.0,19.0,130.0,297
230610,2016,13.0,2.0,2.0,4.0,1.0,26.0,14.0,13.0,24.0,33.0,145.0,304
230610,2017,8.0,0.0,4.0,3.0,0.0,21.0,7.0,18.0,19.0,38.0,123.0,288
230610,2018,15.0,0.0,8.0,5.0,1.0,51.0,13.0,25.0,12.0,46.0,179.0,357
230610,2019,14.0,0.0,4.0,0.0,3.0,35.0,9.0,18.0,23.0,35.0,148.0,360
230620,2012,2.0,1.0,0.0,0.0,0.0,8.0,2.0,2.0,5.0,9.0,30.0,76
230620,2013,0.0,0.0,0.0,0.0,0.0,0.0,0.0,0.0,0.0,0.0,35.0,75
230620,2014,5.0,0.0,2.0,1.0,3.0,14.0,3.0,3.0,17.0,11.0,59.0,101
230620,2015,2.0,1.0,0.0,2.0,1.0,14.0,5.0,6.0,15.0,7.0,54.0,96
230620,2016,9.0,3.0,5.0,0.0,1.0,10.0,2.0,2.0,10.0,13.0,59.0,97
230620,2017,6.0,1.0,1.0,0.0,4.0,11.0,2.0,2.0,10.0,11.0,52.0,87
230620,2018,5.0,1.0,3.0,3.0,1.0,17.0,1.0,1.0,14.0,8.0,55.0,91
230620,2019,7.0,0.0,3.0,2.0,0.0,12.0,4.0,6.0,3.0,13.0,50.0,92
230625,2012,49.0,0.0,2.0,3.0,4.0,35.0,20.0,19.0,47.0,29.0,257.0,425
230625,2013,0.0,0.0,0.0,0.0,0.0,0.0,0.0,0.0,0.0,0.0,313.0,490
230625,2014,22.0,0.0,8.0,5.0,5.0,58.0,42.0,26.0,62.0,36.0,296.0,455
230625,2015,25.0,2.0,15.0,7.0,6.0,78.0,58.0,17.0,64.0,48.0,359.0,570
230625,2016,26.0,0.0,8.0,6.0,7.0,87.0,59.0,27.0,86.0,45.0,408.0,624
230625,2017,25.0,1.0,21.0,13.0,5.0,87.0,42.0,16.0,72.0,38.0,398.0,611
230625,2018,39.0,2.0,11.0,6.0,5.0,152.0,55.0,18.0,111.0,36.0,478.0,696
230625,2019,32.0,1.0,4.0,4.0,5.0,130.0,53.0,10.0,100.0,43.0,420.0,673
230630,2012,26.0,1.0,4.0,15.0,11.0,74.0,43.0,17.0,86.0,38.0,340.0,777
230630,2013,0.0,0.0,0.0,0.0,0.0,0.0,0.0,0.0,0.0,0.0,301.0,703
230630,2014,28.0,2.0,4.0,8.0,11.0,70.0,61.0,28.0,88.0,27.0,340.0,775
230630,2015,22.0,10.0,11.0,6.0,11.0,66.0,76.0,21.0,98.0,28.0,361.0,760
230630,2016,18.0,1.0,6.0,3.0,6.0,94.0,80.0,16.0,104.0,22.0,361.0,702
230630,2017,36.0,2.0,2.0,18.0,4.0,103.0,74.0,11.0,93.0,27.0,390.0,722
230630,2018,35.0,1.0,9.0,10.0,7.0,96.0,80.0,11.0,69.0,23.0,353.0,717
230630,2019,25.0,4.0,14.0,9.0,7.0,109.0,51.0,23.0,62.0,51.0,367.0,780
230640,2012,147.0,10.0,23.0,27.0,22.0,168.0,100.0,109.0,158.0,175.0,969.0,2032
230640,2013,0.0,0.0,0.0,0.0,0.0,0.0,0.0,0.0,0.0,0.0,1064.0,1988
230640,2014,75.0,3.0,28.0,35.0,16.0,158.0,93.0,93.0,126.0,156.0,1084.0,2079
230640,2015,90.0,13.0,35.0,41.0,27.0,224.0,98.0,110.0,103.0,200.0,1108.0,2163
230640,2016,66.0,3.0,22.0,34.0,22.0,179.0,53.0,79.0,92.0,149.0,991.0,1988
230640,2017,22.0,6.0,34.0,30.0,17.0,64.0,22.0,25.0,37.0,38.0,942.0,2018
230640,2018,32.0,1.0,32.0,17.0,10.0,73.0,16.0,17.0,53.0,115.0,1107.0,2245
230640,2019,104.0,3.0,35.0,19.0,22.0,242.0,47.0,100.0,87.0,367.0,1158.0,2206
230650,2012,14.0,0.0,0.0,3.0,2.0,24.0,12.0,12.0,13.0,23.0,107.0,251
230650,2013,0.0,0.0,0.0,0.0,0.0,0.0,0.0,0.0,0.0,0.0,100.0,230
230650,2014,11.0,0.0,0.0,3.0,0.0,28.0,13.0,11.0,11.0,21.0,100.0,231
230650,2015,10.0,0.0,6.0,6.0,3.0,26.0,8.0,15.0,11.0,36.0,126.0,280
230650,2016,13.0,0.0,8.0,3.0,4.0,24.0,10.0,6.0,21.0,22.0,112.0,225
230650,2017,12.0,1.0,2.0,3.0,4.0,21.0,10.0,10.0,16.0,22.0,106.0,226
230650,2018,9.0,0.0,4.0,7.0,3.0,30.0,9.0,10.0,16.0,15.0,106.0,222
230650,2019,14.0,0.0,5.0,0.0,3.0,35.0,1.0,15.0,7.0,20.0,106.0,222
230655,2012,20.0,2.0,7.0,5.0,8.0,36.0,10.0,18.0,38.0,32.0,190.0,671
230655,2013,0.0,0.0,0.0,0.0,0.0,0.0,0.0,0.0,0.0,0.0,198.0,623
230655,2014,14.0,1.0,9.0,10.0,10.0,43.0,18.0,31.0,35.0,47.0,220.0,620
230655,2015,19.0,2.0,4.0,7.0,3.0,47.0,20.0,18.0,33.0,40.0,197.0,671
230655,2016,22.0,1.0,8.0,10.0,7.0,54.0,22.0,17.0,40.0,43.0,233.0,627
230655,2017,26.0,3.0,9.0,14.0,8.0,63.0,26.0,25.0,43.0,43.0,266.0,724
230655,2018,26.0,1.0,7.0,10.0,8.0,81.0,26.0,16.0,43.0,49.0,272.0,720
230655,2019,22.0,1.0,20.0,8.0,8.0,65.0,19.0,22.0,37.0,48.0,256.0,711
230660,2012,16.0,0.0,2.0,2.0,0.0,15.0,4.0,8.0,9.0,23.0,89.0,310
230660,2013,0.0,0.0,0.0,0.0,0.0,0.0,0.0,0.0,0.0,0.0,64.0,259
230660,2014,9.0,1.0,3.0,2.0,5.0,28.0,13.0,14.0,6.0,37.0,124.0,304
230660,2015,10.0,0.0,2.0,4.0,1.0,27.0,12.0,28.0,14.0,32.0,131.0,327
230660,2016,10.0,1.0,1.0,6.0,3.0,16.0,9.0,17.0,9.0,32.0,109.0,277
230660,2017,13.0,0.0,2.0,6.0,2.0,26.0,21.0,16.0,4.0,27.0,127.0,304
230660,2018,14.0,0.0,4.0,7.0,2.0,50.0,4.0,18.0,9.0,30.0,148.0,324
230660,2019,21.0,1.0,2.0,3.0,4.0,47.0,17.0,13.0,13.0,24.0,153.0,328
230670,2012,18.0,0.0,0.0,6.0,5.0,26.0,14.0,6.0,15.0,19.0,111.0,238
230670,2013,0.0,0.0,0.0,0.0,0.0,0.0,0.0,0.0,0.0,0.0,80.0,188
230670,2014,2.0,0.0,0.0,3.0,5.0,16.0,5.0,4.0,12.0,19.0,71.0,174
230670,2015,4.0,4.0,0.0,4.0,1.0,32.0,6.0,6.0,12.0,20.0,90.0,195
230670,2016,3.0,0.0,2.0,1.0,3.0,26.0,1.0,9.0,8.0,15.0,70.0,169
230670,2017,2.0,0.0,5.0,3.0,4.0,28.0,6.0,4.0,7.0,20.0,79.0,186
230670,2018,3.0,1.0,3.0,7.0,5.0,30.0,12.0,11.0,21.0,17.0,110.0,236
230670,2019,11.0,4.0,0.0,7.0,3.0,40.0,8.0,13.0,14.0,24.0,125.0,215
230680,2012,6.0,0.0,0.0,1.0,1.0,17.0,9.0,3.0,14.0,12.0,69.0,131
230680,2013,0.0,0.0,0.0,0.0,0.0,0.0,0.0,0.0,0.0,0.0,80.0,142
230680,2014,3.0,1.0,2.0,2.0,2.0,13.0,9.0,5.0,12.0,15.0,87.0,148
230680,2015,8.0,1.0,0.0,1.0,1.0,29.0,11.0,10.0,27.0,16.0,104.0,159
230680,2016,6.0,0.0,2.0,1.0,2.0,24.0,3.0,11.0,7.0,27.0,87.0,145
230680,2017,7.0,0.0,5.0,3.0,2.0,20.0,4.0,4.0,5.0,15.0,68.0,137
230680,2018,9.0,0.0,5.0,3.0,1.0,35.0,9.0,16.0,12.0,26.0,119.0,162
230680,2019,11.0,0.0,2.0,5.0,1.0,28.0,11.0,14.0,16.0,15.0,104.0,143
230690,2012,12.0,1.0,4.0,8.0,8.0,58.0,11.0,16.0,34.0,66.0,230.0,449
230690,2013,0.0,0.0,0.0,0.0,0.0,0.0,0.0,0.0,0.0,0.0,275.0,454
230690,2014,28.0,2.0,10.0,7.0,4.0,73.0,13.0,30.0,41.0,83.0,307.0,514
230690,2015,32.0,4.0,9.0,5.0,6.0,87.0,13.0,42.0,17.0,95.0,319.0,480
230690,2016,28.0,1.0,13.0,0.0,5.0,71.0,16.0,37.0,25.0,81.0,292.0,392
230690,2017,34.0,3.0,16.0,13.0,7.0,110.0,14.0,41.0,30.0,78.0,353.0,487
230690,2018,37.0,0.0,7.0,6.0,4.0,108.0,18.0,41.0,34.0,79.0,346.0,481
230690,2019,27.0,0.0,10.0,10.0,3.0,110.0,15.0,32.0,22.0,91.0,334.0,459
230700,2012,20.0,0.0,4.0,9.0,9.0,41.0,16.0,11.0,50.0,64.0,231.0,439
230700,2013,0.0,0.0,0.0,0.0,0.0,0.0,0.0,0.0,0.0,0.0,227.0,419
230700,2014,20.0,0.0,4.0,3.0,4.0,40.0,26.0,26.0,37.0,59.0,232.0,389
230700,2015,22.0,1.0,4.0,8.0,5.0,62.0,22.0,34.0,47.0,60.0,281.0,418
230700,2016,29.0,1.0,5.0,3.0,7.0,70.0,34.0,19.0,55.0,37.0,265.0,440
230700,2017,19.0,3.0,5.0,4.0,4.0,64.0,18.0,43.0,33.0,41.0,252.0,406
230700,2018,35.0,1.0,3.0,6.0,8.0,90.0,28.0,21.0,45.0,39.0,280.0,414
230700,2019,21.0,1.0,4.0,4.0,2.0,77.0,20.0,15.0,55.0,37.0,242.0,370
230710,2012,22.0,2.0,5.0,4.0,4.0,39.0,10.0,3.0,39.0,18.0,180.0,431
230710,2013,0.0,0.0,0.0,0.0,0.0,0.0,0.0,0.0,0.0,0.0,217.0,453
230710,2014,22.0,17.0,6.0,2.0,5.0,36.0,36.0,10.0,52.0,10.0,216.0,438
230710,2015,21.0,7.0,8.0,2.0,1.0,38.0,25.0,13.0,45.0,25.0,238.0,493
230710,2016,34.0,0.0,11.0,0.0,0.0,49.0,40.0,12.0,59.0,9.0,225.0,450
230710,2017,36.0,0.0,6.0,1.0,0.0,62.0,28.0,10.0,71.0,14.0,228.0,440
230710,2018,16.0,0.0,8.0,1.0,2.0,42.0,19.0,3.0,33.0,9.0,238.0,408
230710,2019,25.0,0.0,3.0,5.0,2.0,62.0,6.0,32.0,12.0,73.0,248.0,415
230720,2012,6.0,0.0,0.0,2.0,1.0,19.0,2.0,5.0,12.0,21.0,75.0,114
230720,2013,0.0,0.0,0.0,0.0,0.0,0.0,0.0,0.0,0.0,0.0,72.0,106
230720,2014,8.0,0.0,2.0,5.0,1.0,22.0,9.0,5.0,11.0,17.0,81.0,118
230720,2015,6.0,0.0,1.0,3.0,2.0,22.0,8.0,12.0,18.0,24.0,100.0,130
230720,2016,8.0,2.0,0.0,1.0,3.0,32.0,7.0,2.0,19.0,22.0,97.0,142
230720,2017,2.0,0.0,0.0,2.0,0.0,32.0,8.0,6.0,10.0,24.0,87.0,131
230720,2018,10.0,1.0,0.0,0.0,0.0,28.0,6.0,8.0,11.0,16.0,85.0,123
230720,2019,8.0,2.0,4.0,5.0,1.0,24.0,3.0,8.0,15.0,15.0,89.0,132
230725,2012,6.0,0.0,4.0,2.0,1.0,26.0,12.0,19.0,18.0,13.0,114.0,246
230725,2013,0.0,0.0,0.0,0.0,0.0,0.0,0.0,0.0,0.0,0.0,130.0,290
230725,2014,9.0,1.0,4.0,8.0,3.0,30.0,13.0,4.0,26.0,26.0,127.0,290
230725,2015,9.0,2.0,4.0,2.0,1.0,32.0,17.0,9.0,24.0,20.0,124.0,278
230725,2016,16.0,1.0,3.0,3.0,2.0,46.0,11.0,12.0,17.0,26.0,141.0,306
230725,2017,18.0,0.0,2.0,5.0,4.0,47.0,11.0,25.0,20.0,37.0,174.0,355
230725,2018,21.0,3.0,8.0,3.0,7.0,44.0,19.0,26.0,27.0,48.0,209.0,432
230725,2019,22.0,1.0,6.0,6.0,4.0,60.0,8.0,31.0,22.0,49.0,223.0,417
230730,2012,298.0,10.0,70.0,63.0,56.0,775.0,221.0,48.0,784.0,174.0,2521.0,4106
230730,2013,0.0,0.0,0.0,0.0,0.0,0.0,0.0,0.0,0.0,0.0,2536.0,4135
230730,2014,329.0,4.0,43.0,62.0,50.0,794.0,301.0,117.0,667.0,225.0,2736.0,4159
230730,2015,81.0,0.0,59.0,3.0,3.0,198.0,68.0,14.0,222.0,28.0,2641.0,4177
230730,2016,281.0,1.0,52.0,20.0,12.0,804.0,356.0,88.0,760.0,174.0,2849.0,4191
230730,2017,316.0,12.0,72.0,24.0,16.0,939.0,324.0,82.0,775.0,190.0,2769.0,4122
230730,2018,249.0,4.0,96.0,31.0,11.0,911.0,285.0,88.0,547.0,191.0,2811.0,4292
230730,2019,316.0,5.0,48.0,58.0,36.0,994.0,99.0,306.0,147.0,655.0,2816.0,4158
230740,2012,12.0,0.0,7.0,0.0,2.0,33.0,8.0,13.0,18.0,46.0,140.0,337
230740,2013,0.0,0.0,0.0,0.0,0.0,0.0,0.0,0.0,0.0,0.0,130.0,322
230740,2014,11.0,7.0,2.0,5.0,4.0,34.0,24.0,24.0,22.0,35.0,174.0,363
230740,2015,13.0,1.0,8.0,5.0,7.0,36.0,19.0,19.0,18.0,27.0,156.0,342
230740,2016,9.0,0.0,4.0,4.0,1.0,38.0,20.0,13.0,10.0,34.0,133.0,307
230740,2017,14.0,0.0,6.0,3.0,1.0,42.0,7.0,23.0,10.0,47.0,154.0,341
230740,2018,21.0,0.0,0.0,2.0,0.0,56.0,19.0,29.0,14.0,51.0,194.0,364
230740,2019,17.0,2.0,0.0,3.0,3.0,43.0,8.0,19.0,22.0,33.0,152.0,304
230750,2012,16.0,2.0,3.0,2.0,1.0,19.0,2.0,4.0,16.0,15.0,149.0,319
230750,2013,0.0,0.0,0.0,0.0,0.0,0.0,0.0,0.0,0.0,0.0,144.0,331
230750,2014,18.0,0.0,6.0,6.0,5.0,38.0,28.0,5.0,55.0,21.0,188.0,339
230750,2015,20.0,0.0,5.0,5.0,2.0,63.0,22.0,6.0,49.0,28.0,210.0,387
230750,2016,23.0,2.0,10.0,2.0,4.0,69.0,21.0,7.0,52.0,15.0,211.0,371
230750,2017,21.0,1.0,4.0,6.0,6.0,53.0,16.0,7.0,34.0,17.0,171.0,335
230750,2018,13.0,1.0,6.0,4.0,0.0,54.0,23.0,8.0,48.0,27.0,214.0,341
230750,2019,19.0,0.0,3.0,5.0,3.0,65.0,20.0,17.0,25.0,37.0,222.0,350
230760,2012,48.0,2.0,6.0,6.0,8.0,123.0,41.0,30.0,93.0,92.0,470.0,766
230760,2013,0.0,0.0,0.0,0.0,0.0,0.0,0.0,0.0,0.0,0.0,468.0,785
230760,2014,25.0,1.0,9.0,6.0,11.0,131.0,42.0,42.0,91.0,78.0,464.0,756
230760,2015,29.0,4.0,14.0,12.0,10.0,145.0,42.0,51.0,88.0,117.0,539.0,847
230760,2016,34.0,0.0,6.0,12.0,10.0,124.0,34.0,66.0,44.0,150.0,497.0,770
230760,2017,42.0,2.0,18.0,10.0,10.0,160.0,31.0,70.0,35.0,112.0,502.0,793
230760,2018,34.0,1.0,3.0,13.0,13.0,162.0,38.0,63.0,47.0,157.0,543.0,784
230760,2019,43.0,1.0,11.0,14.0,19.0,170.0,27.0,57.0,49.0,113.0,536.0,730
230763,2012,10.0,0.0,2.0,0.0,2.0,17.0,6.0,2.0,8.0,11.0,60.0,248
230763,2013,0.0,0.0,0.0,0.0,0.0,0.0,0.0,0.0,0.0,0.0,70.0,205
230763,2014,4.0,1.0,0.0,2.0,0.0,20.0,12.0,11.0,9.0,19.0,81.0,195
230763,2015,7.0,1.0,0.0,3.0,4.0,16.0,11.0,9.0,5.0,20.0,76.0,208
230763,2016,11.0,0.0,4.0,2.0,4.0,11.0,6.0,7.0,4.0,19.0,69.0,194
230763,2017,6.0,1.0,4.0,4.0,5.0,23.0,8.0,6.0,9.0,19.0,92.0,238
230763,2018,2.0,0.0,2.0,4.0,2.0,26.0,11.0,13.0,10.0,21.0,102.0,231
230763,2019,9.0,0.0,2.0,3.0,4.0,25.0,7.0,8.0,9.0,13.0,86.0,198
230765,2012,300.0,6.0,62.0,29.0,34.0,788.0,250.0,196.0,604.0,392.0,2808.0,4256
230765,2013,0.0,0.0,0.0,0.0,0.0,0.0,0.0,0.0,0.0,0.0,2688.0,4112
230765,2014,242.0,3.0,72.0,58.0,58.0,863.0,355.0,196.0,582.0,377.0,2922.0,4472
230765,2015,232.0,3.0,48.0,81.0,83.0,896.0,330.0,149.0,611.0,361.0,2904.0,4672
230765,2016,205.0,7.0,54.0,85.0,68.0,851.0,360.0,113.0,608.0,243.0,2733.0,4398
230765,2017,226.0,6.0,67.0,62.0,41.0,941.0,309.0,102.0,670.0,228.0,2758.0,4420
230765,2018,210.0,3.0,58.0,55.0,36.0,1043.0,233.0,183.0,493.0,391.0,2831.0,4432
230765,2019,254.0,3.0,83.0,62.0,52.0,1048.0,278.0,154.0,523.0,353.0,2938.0,4543
230770,2012,100.0,3.0,14.0,11.0,11.0,166.0,64.0,32.0,149.0,145.0,827.0,1377
230770,2013,0.0,0.0,0.0,0.0,0.0,0.0,0.0,0.0,0.0,0.0,859.0,1399
230770,2014,62.0,10.0,33.0,8.0,14.0,211.0,81.0,61.0,177.0,139.0,834.0,1421
230770,2015,73.0,8.0,22.0,19.0,21.0,255.0,85.0,72.0,153.0,148.0,898.0,1518
230770,2016,55.0,8.0,31.0,26.0,18.0,251.0,93.0,80.0,160.0,141.0,948.0,1564
230770,2017,90.0,5.0,21.0,15.0,12.0,278.0,94.0,36.0,187.0,108.0,880.0,1527
230770,2018,86.0,2.0,28.0,22.0,23.0,307.0,85.0,50.0,174.0,116.0,939.0,1535
230770,2019,79.0,1.0,19.0,22.0,17.0,327.0,112.0,51.0,164.0,104.0,936.0,1516
230780,2012,12.0,1.0,5.0,5.0,5.0,33.0,8.0,33.0,22.0,38.0,178.0,503
230780,2013,0.0,0.0,0.0,0.0,0.0,0.0,0.0,0.0,0.0,0.0,200.0,516
230780,2014,18.0,0.0,5.0,3.0,4.0,40.0,24.0,17.0,38.0,26.0,177.0,494
230780,2015,17.0,0.0,6.0,8.0,1.0,44.0,12.0,18.0,29.0,22.0,187.0,498
230780,2016,19.0,0.0,6.0,10.0,3.0,50.0,14.0,15.0,26.0,30.0,183.0,496
230780,2017,15.0,0.0,9.0,6.0,5.0,66.0,15.0,12.0,24.0,31.0,185.0,490
230780,2018,18.0,2.0,10.0,5.0,4.0,67.0,17.0,21.0,28.0,43.0,220.0,582
230780,2019,18.0,0.0,13.0,7.0,5.0,74.0,13.0,12.0,30.0,30.0,209.0,534
230790,2012,5.0,1.0,0.0,0.0,2.0,7.0,4.0,3.0,3.0,8.0,46.0,174
230790,2013,0.0,0.0,0.0,0.0,0.0,0.0,0.0,0.0,0.0,0.0,55.0,162
230790,2014,7.0,1.0,2.0,2.0,0.0,13.0,14.0,9.0,8.0,12.0,68.0,168
230790,2015,4.0,0.0,2.0,3.0,0.0,9.0,3.0,8.0,7.0,13.0,49.0,150
230790,2016,4.0,0.0,2.0,3.0,0.0,16.0,4.0,6.0,5.0,16.0,57.0,144
230790,2017,10.0,0.0,3.0,0.0,1.0,9.0,4.0,15.0,2.0,20.0,65.0,151
230790,2018,11.0,2.0,4.0,2.0,0.0,18.0,3.0,12.0,3.0,28.0,83.0,180
230790,2019,7.0,0.0,2.0,2.0,0.0,20.0,5.0,20.0,4.0,25.0,85.0,172
230800,2012,20.0,2.0,9.0,3.0,2.0,59.0,14.0,24.0,26.0,39.0,236.0,574
230800,2013,0.0,0.0,0.0,0.0,0.0,0.0,0.0,0.0,0.0,0.0,214.0,546
230800,2014,22.0,0.0,7.0,16.0,15.0,57.0,26.0,16.0,28.0,58.0,245.0,519
230800,2015,17.0,1.0,6.0,10.0,6.0,45.0,9.0,23.0,28.0,42.0,191.0,422
230800,2016,29.0,0.0,2.0,3.0,4.0,56.0,15.0,40.0,21.0,69.0,243.0,484
230800,2017,42.0,0.0,14.0,5.0,3.0,64.0,23.0,67.0,17.0,79.0,323.0,532
230800,2018,55.0,1.0,11.0,2.0,2.0,93.0,11.0,84.0,22.0,95.0,388.0,643
230800,2019,26.0,0.0,10.0,1.0,1.0,105.0,18.0,43.0,23.0,79.0,306.0,619
230810,2012,34.0,0.0,5.0,9.0,9.0,77.0,24.0,23.0,45.0,82.0,315.0,671
230810,2013,0.0,0.0,0.0,0.0,0.0,0.0,0.0,0.0,0.0,0.0,376.0,678
230810,2014,29.0,9.0,6.0,12.0,11.0,92.0,55.0,26.0,106.0,65.0,420.0,714
230810,2015,34.0,4.0,5.0,18.0,6.0,126.0,62.0,36.0,89.0,75.0,467.0,739
230810,2016,36.0,0.0,10.0,7.0,1.0,110.0,52.0,39.0,82.0,68.0,414.0,662
230810,2017,33.0,2.0,12.0,9.0,7.0,117.0,38.0,41.0,67.0,87.0,419.0,719
230810,2018,31.0,6.0,11.0,6.0,9.0,144.0,38.0,41.0,69.0,96.0,463.0,717
230810,2019,39.0,6.0,10.0,14.0,10.0,169.0,40.0,34.0,73.0,78.0,489.0,716
230820,2012,5.0,0.0,5.0,0.0,3.0,10.0,4.0,8.0,7.0,10.0,68.0,200
230820,2013,0.0,0.0,0.0,0.0,0.0,0.0,0.0,0.0,0.0,0.0,78.0,215
230820,2014,4.0,0.0,0.0,6.0,5.0,20.0,9.0,10.0,9.0,18.0,82.0,189
230820,2015,10.0,0.0,4.0,1.0,1.0,17.0,2.0,11.0,8.0,25.0,80.0,174
230820,2016,15.0,1.0,0.0,2.0,0.0,21.0,5.0,15.0,4.0,27.0,92.0,176
230820,2017,8.0,1.0,4.0,0.0,0.0,38.0,10.0,23.0,11.0,31.0,127.0,212
230820,2018,11.0,1.0,2.0,0.0,0.0,29.0,5.0,16.0,10.0,24.0,99.0,208
230820,2019,13.0,0.0,4.0,1.0,0.0,39.0,6.0,18.0,8.0,35.0,129.0,247
230830,2012,28.0,8.0,12.0,8.0,1.0,74.0,16.0,29.0,36.0,69.0,290.0,415
230830,2013,0.0,0.0,0.0,0.0,0.0,0.0,0.0,0.0,0.0,0.0,321.0,412
230830,2014,25.0,1.0,3.0,9.0,3.0,78.0,30.0,14.0,54.0,61.0,289.0,398
230830,2015,18.0,4.0,2.0,10.0,4.0,91.0,24.0,16.0,45.0,55.0,283.0,392
230830,2016,29.0,0.0,13.0,3.0,3.0,83.0,25.0,18.0,34.0,40.0,252.0,362
230830,2017,16.0,6.0,3.0,10.0,4.0,103.0,8.0,17.0,23.0,52.0,246.0,350
230830,2018,20.0,5.0,4.0,7.0,2.0,93.0,12.0,21.0,44.0,55.0,275.0,348
230830,2019,19.0,3.0,6.0,4.0,5.0,103.0,13.0,21.0,43.0,60.0,292.0,384
230835,2012,3.0,0.0,0.0,2.0,1.0,14.0,5.0,2.0,8.0,10.0,47.0,150
230835,2013,0.0,0.0,0.0,0.0,0.0,0.0,0.0,0.0,0.0,0.0,49.0,130
230835,2014,6.0,0.0,4.0,0.0,2.0,9.0,8.0,0.0,13.0,6.0,51.0,121
230835,2015,6.0,0.0,2.0,1.0,5.0,21.0,12.0,5.0,9.0,10.0,73.0,172
230835,2016,5.0,0.0,2.0,1.0,1.0,15.0,13.0,6.0,7.0,5.0,65.0,159
230835,2017,6.0,0.0,2.0,3.0,3.0,19.0,5.0,10.0,8.0,19.0,81.0,153
230835,2018,9.0,0.0,0.0,2.0,3.0,16.0,6.0,9.0,9.0,19.0,75.0,157
230835,2019,1.0,0.0,0.0,0.0,2.0,3.0,2.0,0.0,1.0,3.0,74.0,150
230837,2012,18.0,0.0,4.0,1.0,4.0,22.0,7.0,12.0,9.0,17.0,96.0,214
230837,2013,0.0,0.0,0.0,0.0,0.0,0.0,0.0,0.0,0.0,0.0,107.0,195
230837,2014,6.0,0.0,2.0,4.0,4.0,7.0,8.0,6.0,7.0,12.0,95.0,198
230837,2015,8.0,0.0,2.0,4.0,5.0,15.0,11.0,6.0,4.0,24.0,89.0,211
230837,2016,5.0,0.0,2.0,3.0,1.0,15.0,2.0,8.0,4.0,11.0,73.0,175
230837,2017,3.0,0.0,0.0,2.0,2.0,3.0,0.0,2.0,2.0,7.0,79.0,173
230837,2018,1.0,1.0,3.0,1.0,0.0,6.0,3.0,2.0,2.0,8.0,73.0,182
230837,2019,5.0,0.0,0.0,7.0,0.0,14.0,1.0,16.0,7.0,46.0,104.0,208
230840,2012,27.0,7.0,6.0,8.0,6.0,97.0,23.0,26.0,54.0,51.0,334.0,578
230840,2013,0.0,0.0,0.0,0.0,0.0,0.0,0.0,0.0,0.0,0.0,360.0,592
230840,2014,34.0,2.0,5.0,10.0,6.0,108.0,25.0,16.0,73.0,39.0,358.0,567
230840,2015,43.0,2.0,12.0,8.0,4.0,104.0,30.0,24.0,72.0,39.0,394.0,634
230840,2016,41.0,0.0,4.0,5.0,3.0,98.0,51.0,16.0,87.0,22.0,344.0,547
230840,2017,45.0,0.0,9.0,0.0,0.0,135.0,33.0,11.0,114.0,31.0,381.0,584
230840,2018,31.0,1.0,12.0,6.0,1.0,91.0,33.0,14.0,66.0,14.0,433.0,628
230840,2019,42.0,0.0,9.0,12.0,12.0,113.0,21.0,50.0,26.0,81.0,420.0,595
230850,2012,27.0,0.0,2.0,11.0,11.0,51.0,3.0,26.0,4.0,69.0,209.0,462
230850,2013,0.0,0.0,0.0,0.0,0.0,0.0,0.0,0.0,0.0,0.0,242.0,460
230850,2014,24.0,0.0,2.0,2.0,5.0,72.0,0.0,63.0,7.0,111.0,289.0,484
230850,2015,25.0,0.0,6.0,3.0,2.0,99.0,3.0,88.0,3.0,121.0,352.0,541
230850,2016,34.0,0.0,9.0,4.0,4.0,72.0,3.0,72.0,4.0,114.0,317.0,476
230850,2017,40.0,2.0,6.0,10.0,5.0,91.0,12.0,56.0,27.0,102.0,351.0,490
230850,2018,33.0,2.0,9.0,15.0,6.0,95.0,3.0,72.0,8.0,104.0,349.0,531
230850,2019,23.0,2.0,2.0,15.0,3.0,118.0,25.0,45.0,41.0,98.0,374.0,509
230860,2012,5.0,0.0,0.0,1.0,1.0,24.0,7.0,1.0,10.0,13.0,71.0,232
230860,2013,0.0,0.0,0.0,0.0,0.0,0.0,0.0,0.0,0.0,0.0,63.0,203
230860,2014,6.0,1.0,4.0,3.0,4.0,11.0,8.0,2.0,8.0,10.0,62.0,216
230860,2015,5.0,0.0,6.0,2.0,2.0,15.0,5.0,5.0,4.0,17.0,64.0,192
230860,2016,9.0,0.0,3.0,4.0,3.0,22.0,5.0,10.0,16.0,14.0,87.0,239
230860,2017,9.0,0.0,2.0,2.0,1.0,17.0,3.0,10.0,7.0,18.0,72.0,224
230860,2018,7.0,0.0,0.0,1.0,3.0,29.0,7.0,10.0,10.0,24.0,91.0,258
230860,2019,6.0,0.0,0.0,1.0,4.0,21.0,10.0,6.0,11.0,7.0,68.0,246
230870,2012,58.0,3.0,5.0,7.0,10.0,78.0,26.0,17.0,66.0,53.0,342.0,693
230870,2013,0.0,0.0,0.0,0.0,0.0,0.0,0.0,0.0,0.0,0.0,324.0,686
230870,2014,38.0,4.0,6.0,18.0,11.0,92.0,15.0,45.0,38.0,112.0,391.0,716
230870,2015,21.0,1.0,12.0,31.0,32.0,93.0,20.0,36.0,39.0,101.0,395.0,762
230870,2016,28.0,2.0,6.0,12.0,11.0,106.0,40.0,35.0,67.0,73.0,396.0,720
230870,2017,25.0,4.0,10.0,7.0,8.0,131.0,39.0,36.0,63.0,96.0,424.0,755
230870,2018,24.0,1.0,6.0,11.0,6.0,133.0,33.0,43.0,46.0,93.0,400.0,698
230870,2019,21.0,0.0,13.0,12.0,9.0,130.0,46.0,58.0,64.0,121.0,481.0,769
230880,2012,6.0,0.0,2.0,1.0,1.0,10.0,4.0,10.0,6.0,12.0,62.0,127
230880,2013,0.0,0.0,0.0,0.0,0.0,0.0,0.0,0.0,0.0,0.0,43.0,118
230880,2014,2.0,2.0,2.0,1.0,0.0,11.0,3.0,10.0,7.0,12.0,51.0,127
230880,2015,4.0,1.0,0.0,3.0,4.0,10.0,5.0,5.0,6.0,10.0,48.0,105
230880,2016,4.0,0.0,0.0,2.0,0.0,11.0,9.0,9.0,7.0,12.0,54.0,94
230880,2017,1.0,0.0,3.0,1.0,1.0,9.0,4.0,17.0,4.0,19.0,61.0,109
230880,2018,6.0,0.0,4.0,0.0,1.0,13.0,1.0,14.0,6.0,19.0,66.0,123
230880,2019,6.0,0.0,2.0,1.0,0.0,16.0,6.0,9.0,3.0,21.0,64.0,139
230890,2012,7.0,0.0,2.0,4.0,0.0,34.0,12.0,13.0,18.0,17.0,118.0,315
230890,2013,0.0,0.0,0.0,0.0,0.0,0.0,0.0,0.0,0.0,0.0,121.0,318
230890,2014,17.0,1.0,6.0,6.0,1.0,20.0,7.0,10.0,25.0,26.0,123.0,284
230890,2015,9.0,0.0,2.0,3.0,1.0,33.0,15.0,15.0,17.0,15.0,113.0,244
230890,2016,8.0,2.0,3.0,5.0,1.0,33.0,11.0,11.0,26.0,20.0,128.0,251
230890,2017,15.0,0.0,2.0,0.0,3.0,49.0,17.0,13.0,24.0,25.0,163.0,315
230890,2018,17.0,1.0,5.0,3.0,3.0,61.0,7.0,32.0,22.0,45.0,204.0,378
230890,2019,16.0,1.0,0.0,0.0,0.0,63.0,22.0,18.0,17.0,30.0,174.0,320
230900,2012,6.0,2.0,2.0,2.0,3.0,17.0,6.0,13.0,9.0,18.0,82.0,189
230900,2013,0.0,0.0,0.0,0.0,0.0,0.0,0.0,0.0,0.0,0.0,75.0,175
230900,2014,8.0,2.0,2.0,1.0,2.0,16.0,11.0,8.0,11.0,10.0,76.0,164
230900,2015,6.0,0.0,5.0,6.0,0.0,28.0,10.0,5.0,6.0,8.0,75.0,140
230900,2016,10.0,0.0,3.0,3.0,0.0,20.0,15.0,7.0,18.0,21.0,100.0,163
230900,2017,12.0,3.0,4.0,0.0,1.0,26.0,8.0,12.0,1.0,23.0,94.0,173
230900,2018,9.0,2.0,2.0,1.0,0.0,27.0,11.0,12.0,7.0,26.0,103.0,187
230900,2019,2.0,1.0,1.0,0.0,0.0,19.0,5.0,9.0,6.0,33.0,77.0,158
230910,2012,6.0,0.0,0.0,3.0,1.0,12.0,5.0,5.0,10.0,10.0,53.0,146
230910,2013,0.0,0.0,0.0,0.0,0.0,0.0,0.0,0.0,0.0,0.0,57.0,134
230910,2014,9.0,0.0,0.0,3.0,3.0,22.0,7.0,6.0,2.0,15.0,69.0,148
230910,2015,4.0,0.0,0.0,1.0,1.0,21.0,1.0,6.0,8.0,12.0,54.0,147
230910,2016,6.0,0.0,2.0,1.0,2.0,15.0,2.0,7.0,9.0,17.0,62.0,132
230910,2017,5.0,0.0,2.0,1.0,1.0,14.0,7.0,9.0,7.0,17.0,63.0,131
230910,2018,1.0,1.0,0.0,3.0,2.0,16.0,6.0,6.0,4.0,16.0,56.0,125
230910,2019,5.0,0.0,4.0,1.0,1.0,18.0,8.0,6.0,9.0,15.0,68.0,127
230920,2012,22.0,0.0,0.0,0.0,1.0,48.0,13.0,20.0,10.0,48.0,164.0,242
230920,2013,0.0,0.0,0.0,0.0,0.0,0.0,0.0,0.0,0.0,0.0,181.0,262
230920,2014,19.0,0.0,3.0,3.0,2.0,54.0,6.0,21.0,6.0,50.0,170.0,244
230920,2015,17.0,0.0,5.0,6.0,4.0,68.0,4.0,28.0,4.0,54.0,197.0,286
230920,2016,23.0,0.0,8.0,1.0,4.0,44.0,3.0,23.0,4.0,60.0,173.0,247
230920,2017,16.0,1.0,4.0,2.0,2.0,61.0,3.0,20.0,9.0,49.0,168.0,273
230920,2018,15.0,1.0,3.0,4.0,4.0,75.0,1.0,21.0,2.0,49.0,177.0,273
230920,2019,19.0,0.0,0.0,6.0,2.0,93.0,1.0,12.0,0.0,44.0,178.0,273
230930,2012,12.0,0.0,4.0,3.0,10.0,36.0,18.0,8.0,22.0,40.0,166.0,422
230930,2013,0.0,0.0,0.0,0.0,0.0,0.0,0.0,0.0,0.0,0.0,129.0,382
230930,2014,8.0,0.0,8.0,3.0,3.0,27.0,15.0,15.0,37.0,16.0,138.0,335
230930,2015,8.0,0.0,4.0,3.0,8.0,29.0,9.0,20.0,17.0,32.0,133.0,385
230930,2016,6.0,0.0,2.0,4.0,2.0,34.0,8.0,18.0,21.0,35.0,134.0,351
230930,2017,12.0,0.0,3.0,3.0,8.0,51.0,7.0,15.0,15.0,18.0,135.0,367
230930,2018,10.0,1.0,6.0,7.0,2.0,49.0,11.0,13.0,28.0,31.0,166.0,430
230930,2019,10.0,1.0,2.0,7.0,4.0,63.0,13.0,12.0,20.0,14.0,153.0,368
230940,2012,22.0,0.0,7.0,0.0,2.0,47.0,17.0,16.0,27.0,29.0,179.0,404
230940,2013,0.0,0.0,0.0,0.0,0.0,0.0,0.0,0.0,0.0,0.0,149.0,359
230940,2014,12.0,0.0,2.0,2.0,4.0,40.0,23.0,6.0,28.0,14.0,139.0,374
230940,2015,13.0,1.0,2.0,5.0,4.0,37.0,18.0,22.0,26.0,27.0,157.0,365
230940,2016,9.0,0.0,0.0,6.0,0.0,42.0,15.0,10.0,20.0,25.0,129.0,362
230940,2017,13.0,0.0,2.0,3.0,3.0,39.0,12.0,17.0,15.0,33.0,138.0,364
230940,2018,7.0,1.0,0.0,4.0,5.0,40.0,12.0,16.0,16.0,23.0,125.0,330
230940,2019,12.0,0.0,6.0,5.0,5.0,48.0,21.0,9.0,17.0,21.0,145.0,379
230945,2012,60.0,0.0,0.0,1.0,2.0,18.0,6.0,5.0,18.0,20.0,174.0,285
230945,2013,0.0,0.0,0.0,0.0,0.0,0.0,0.0,0.0,0.0,0.0,149.0,276
230945,2014,11.0,4.0,5.0,1.0,1.0,22.0,11.0,15.0,9.0,31.0,155.0,297
230945,2015,13.0,0.0,4.0,1.0,2.0,32.0,7.0,18.0,12.0,34.0,160.0,330
230945,2016,8.0,0.0,2.0,5.0,3.0,31.0,17.0,12.0,14.0,27.0,131.0,275
230945,2017,17.0,0.0,4.0,4.0,2.0,29.0,12.0,13.0,15.0,28.0,136.0,286
230945,2018,10.0,1.0,10.0,7.0,5.0,43.0,20.0,19.0,15.0,23.0,159.0,303
230945,2019,7.0,0.0,6.0,3.0,1.0,40.0,13.0,7.0,21.0,32.0,136.0,286
230950,2012,12.0,1.0,3.0,2.0,1.0,36.0,2.0,16.0,4.0,44.0,131.0,275
230950,2013,0.0,0.0,0.0,0.0,0.0,0.0,0.0,0.0,0.0,0.0,129.0,289
230950,2014,11.0,2.0,1.0,5.0,4.0,43.0,2.0,21.0,5.0,19.0,116.0,262
230950,2015,11.0,4.0,3.0,7.0,2.0,37.0,7.0,17.0,12.0,33.0,135.0,285
230950,2016,10.0,6.0,5.0,4.0,6.0,30.0,7.0,28.0,12.0,32.0,142.0,287
230950,2017,14.0,6.0,8.0,7.0,8.0,35.0,4.0,24.0,10.0,37.0,155.0,266
230950,2018,12.0,0.0,9.0,8.0,3.0,45.0,4.0,25.0,6.0,26.0,139.0,262
230950,2019,15.0,1.0,10.0,5.0,6.0,51.0,8.0,23.0,10.0,20.0,151.0,269
230960,2012,83.0,6.0,10.0,5.0,11.0,96.0,43.0,16.0,119.0,52.0,527.0,902
230960,2013,0.0,0.0,0.0,0.0,0.0,0.0,0.0,0.0,0.0,0.0,558.0,973
230960,2014,44.0,1.0,13.0,11.0,10.0,121.0,45.0,36.0,87.0,65.0,568.0,972
230960,2015,43.0,1.0,17.0,8.0,10.0,138.0,49.0,49.0,74.0,89.0,572.0,1011
230960,2016,38.0,2.0,17.0,6.0,5.0,133.0,59.0,30.0,93.0,91.0,551.0,865
230960,2017,39.0,0.0,18.0,11.0,15.0,126.0,35.0,21.0,76.0,73.0,465.0,911
230960,2018,46.0,1.0,22.0,10.0,7.0,138.0,60.0,36.0,92.0,59.0,515.0,918
230960,2019,43.0,1.0,20.0,13.0,14.0,162.0,58.0,42.0,85.0,67.0,547.0,938
230970,2012,63.0,3.0,9.0,5.0,4.0,150.0,36.0,30.0,106.0,75.0,498.0,830
230970,2013,0.0,0.0,0.0,0.0,0.0,0.0,0.0,0.0,0.0,0.0,474.0,785
230970,2014,47.0,4.0,18.0,11.0,10.0,140.0,66.0,32.0,102.0,69.0,522.0,940
230970,2015,45.0,1.0,11.0,20.0,9.0,162.0,66.0,27.0,103.0,76.0,533.0,954
230970,2016,49.0,0.0,19.0,27.0,11.0,188.0,52.0,23.0,118.0,43.0,553.0,962
230970,2017,42.0,2.0,17.0,13.0,10.0,214.0,63.0,23.0,119.0,47.0,573.0,1004
230970,2018,44.0,3.0,21.0,18.0,8.0,192.0,42.0,35.0,112.0,62.0,560.0,970
230970,2019,56.0,1.0,13.0,14.0,12.0,242.0,58.0,41.0,112.0,66.0,643.0,1019
230980,2012,4.0,0.0,4.0,0.0,2.0,19.0,7.0,7.0,8.0,8.0,65.0,154
230980,2013,0.0,0.0,0.0,0.0,0.0,0.0,0.0,0.0,0.0,0.0,76.0,148
230980,2014,4.0,0.0,0.0,3.0,1.0,15.0,9.0,11.0,12.0,13.0,70.0,169
230980,2015,4.0,0.0,2.0,5.0,3.0,17.0,12.0,5.0,9.0,19.0,82.0,173
230980,2016,6.0,1.0,2.0,4.0,4.0,18.0,9.0,11.0,9.0,16.0,83.0,163
230980,2017,9.0,0.0,4.0,5.0,3.0,20.0,6.0,3.0,8.0,17.0,77.0,154
230980,2018,7.0,0.0,0.0,2.0,1.0,26.0,9.0,2.0,10.0,13.0,71.0,157
230980,2019,5.0,0.0,7.0,2.0,1.0,16.0,9.0,8.0,8.0,19.0,78.0,153
230990,2012,3.0,0.0,0.0,0.0,1.0,4.0,2.0,4.0,5.0,9.0,35.0,88
230990,2013,0.0,0.0,0.0,0.0,0.0,0.0,0.0,0.0,0.0,0.0,35.0,80
230990,2014,4.0,1.0,2.0,1.0,2.0,9.0,5.0,2.0,8.0,9.0,43.0,74
230990,2015,6.0,0.0,2.0,1.0,1.0,10.0,1.0,5.0,3.0,6.0,37.0,73
230990,2016,5.0,0.0,0.0,1.0,1.0,6.0,5.0,1.0,5.0,7.0,32.0,64
230990,2017,7.0,0.0,3.0,0.0,1.0,10.0,5.0,4.0,1.0,15.0,48.0,83
230990,2018,8.0,0.0,2.0,1.0,1.0,9.0,1.0,10.0,2.0,16.0,50.0,80
230990,2019,0.0,0.0,0.0,0.0,0.0,10.0,2.0,2.0,4.0,18.0,36.0,68
231000,2012,2.0,0.0,2.0,1.0,2.0,9.0,2.0,1.0,10.0,21.0,53.0,104
231000,2013,0.0,0.0,0.0,0.0,0.0,0.0,0.0,0.0,0.0,0.0,55.0,99
231000,2014,7.0,0.0,0.0,3.0,2.0,15.0,3.0,8.0,6.0,12.0,60.0,111
231000,2015,4.0,0.0,2.0,1.0,3.0,12.0,2.0,13.0,12.0,18.0,71.0,118
231000,2016,10.0,3.0,3.0,2.0,0.0,14.0,9.0,3.0,10.0,5.0,65.0,111
231000,2017,5.0,0.0,0.0,0.0,2.0,18.0,2.0,10.0,11.0,11.0,62.0,98
231000,2018,12.0,0.0,4.0,0.0,1.0,22.0,10.0,7.0,17.0,6.0,81.0,111
231000,2019,6.0,0.0,0.0,1.0,1.0,24.0,11.0,6.0,11.0,11.0,77.0,111
231010,2012,10.0,0.0,0.0,0.0,1.0,15.0,6.0,2.0,9.0,6.0,56.0,133
231010,2013,0.0,0.0,0.0,0.0,0.0,0.0,0.0,0.0,0.0,0.0,54.0,103
231010,2014,4.0,1.0,2.0,1.0,1.0,8.0,14.0,11.0,9.0,6.0,64.0,108
231010,2015,2.0,0.0,0.0,2.0,1.0,11.0,13.0,4.0,13.0,6.0,53.0,107
231010,2016,4.0,0.0,0.0,0.0,1.0,17.0,10.0,4.0,6.0,7.0,51.0,110
231010,2017,7.0,0.0,0.0,1.0,3.0,12.0,7.0,5.0,11.0,6.0,55.0,117
231010,2018,4.0,1.0,0.0,2.0,0.0,16.0,4.0,5.0,6.0,10.0,50.0,101
231010,2019,8.0,0.0,0.0,1.0,3.0,18.0,7.0,5.0,9.0,8.0,64.0,132
231020,2012,27.0,1.0,3.0,2.0,4.0,36.0,9.0,5.0,32.0,19.0,184.0,532
231020,2013,0.0,0.0,0.0,0.0,0.0,0.0,0.0,0.0,0.0,0.0,239.0,639
231020,2014,25.0,1.0,2.0,3.0,5.0,42.0,31.0,13.0,62.0,25.0,228.0,584
231020,2015,20.0,0.0,4.0,3.0,6.0,56.0,36.0,10.0,41.0,26.0,231.0,579
231020,2016,21.0,1.0,5.0,7.0,5.0,60.0,35.0,20.0,47.0,25.0,253.0,616
231020,2017,26.0,1.0,7.0,8.0,9.0,57.0,32.0,19.0,36.0,23.0,250.0,648
231020,2018,26.0,3.0,15.0,8.0,6.0,72.0,39.0,14.0,41.0,31.0,278.0,591
231020,2019,19.0,1.0,5.0,11.0,4.0,60.0,29.0,11.0,34.0,39.0,243.0,606
231025,2012,35.0,1.0,8.0,3.0,1.0,35.0,18.0,14.0,31.0,24.0,206.0,435
231025,2013,0.0,0.0,0.0,0.0,0.0,0.0,0.0,0.0,0.0,0.0,220.0,429
231025,2014,8.0,0.0,14.0,2.0,1.0,31.0,52.0,24.0,32.0,47.0,224.0,424
231025,2015,15.0,0.0,11.0,4.0,3.0,51.0,52.0,12.0,45.0,28.0,236.0,479
231025,2016,11.0,0.0,4.0,1.0,6.0,57.0,36.0,9.0,46.0,24.0,212.0,432
231025,2017,11.0,0.0,6.0,10.0,2.0,51.0,21.0,12.0,30.0,27.0,204.0,417
231025,2018,22.0,0.0,4.0,7.0,4.0,77.0,35.0,17.0,34.0,35.0,238.0,473
231025,2019,23.0,1.0,7.0,8.0,2.0,72.0,32.0,12.0,28.0,32.0,226.0,410
231030,2012,17.0,4.0,7.0,2.0,7.0,27.0,23.0,14.0,28.0,40.0,170.0,395
231030,2013,0.0,0.0,0.0,0.0,0.0,0.0,0.0,0.0,0.0,0.0,165.0,406
231030,2014,14.0,3.0,2.0,10.0,5.0,40.0,9.0,20.0,13.0,35.0,204.0,399
231030,2015,10.0,2.0,2.0,11.0,7.0,43.0,14.0,17.0,16.0,64.0,189.0,422
231030,2016,12.0,1.0,8.0,3.0,4.0,53.0,9.0,12.0,18.0,31.0,154.0,400
231030,2017,15.0,2.0,4.0,5.0,5.0,67.0,12.0,23.0,21.0,69.0,229.0,471
231030,2018,14.0,1.0,6.0,3.0,4.0,76.0,10.0,25.0,27.0,61.0,230.0,432
231030,2019,19.0,0.0,10.0,7.0,2.0,88.0,9.0,33.0,15.0,59.0,245.0,440
231040,2012,3.0,0.0,0.0,0.0,2.0,14.0,5.0,7.0,10.0,8.0,54.0,122
231040,2013,0.0,0.0,0.0,0.0,0.0,0.0,0.0,0.0,0.0,0.0,61.0,143
231040,2014,5.0,0.0,0.0,1.0,0.0,14.0,5.0,9.0,9.0,15.0,65.0,145
231040,2015,3.0,0.0,0.0,1.0,0.0,13.0,11.0,8.0,12.0,13.0,66.0,141
231040,2016,3.0,1.0,0.0,1.0,2.0,9.0,6.0,7.0,8.0,13.0,54.0,129
231040,2017,1.0,0.0,4.0,1.0,2.0,11.0,5.0,5.0,2.0,14.0,49.0,115
231040,2018,3.0,0.0,0.0,0.0,2.0,20.0,3.0,6.0,5.0,18.0,63.0,144
231040,2019,5.0,0.0,0.0,1.0,0.0,24.0,7.0,5.0,2.0,9.0,55.0,109
231050,2012,20.0,2.0,9.0,19.0,11.0,73.0,19.0,12.0,42.0,35.0,244.0,592
231050,2013,0.0,0.0,0.0,0.0,0.0,0.0,0.0,0.0,0.0,0.0,237.0,540
231050,2014,15.0,0.0,8.0,10.0,7.0,52.0,11.0,23.0,24.0,49.0,206.0,545
231050,2015,15.0,1.0,12.0,8.0,6.0,58.0,13.0,35.0,27.0,47.0,231.0,504
231050,2016,23.0,1.0,4.0,5.0,8.0,59.0,18.0,46.0,18.0,78.0,273.0,497
231050,2017,23.0,0.0,7.0,12.0,8.0,84.0,40.0,25.0,57.0,38.0,300.0,534
231050,2018,27.0,0.0,6.0,8.0,7.0,81.0,36.0,23.0,56.0,43.0,291.0,507
231050,2019,7.0,1.0,10.0,0.0,2.0,63.0,39.0,12.0,40.0,26.0,282.0,484
231060,2012,15.0,1.0,4.0,2.0,5.0,30.0,9.0,9.0,7.0,32.0,120.0,178
231060,2013,0.0,0.0,0.0,0.0,0.0,0.0,0.0,0.0,0.0,0.0,124.0,178
231060,2014,4.0,2.0,2.0,3.0,0.0,34.0,15.0,8.0,18.0,31.0,118.0,169
231060,2015,7.0,0.0,6.0,2.0,1.0,40.0,8.0,11.0,12.0,27.0,119.0,171
231060,2016,10.0,1.0,7.0,4.0,2.0,37.0,7.0,7.0,21.0,26.0,123.0,182
231060,2017,5.0,0.0,0.0,2.0,1.0,56.0,8.0,10.0,12.0,18.0,116.0,166
231060,2018,2.0,1.0,2.0,3.0,3.0,52.0,7.0,7.0,16.0,32.0,130.0,194
231060,2019,10.0,1.0,6.0,7.0,3.0,62.0,13.0,10.0,16.0,17.0,149.0,209
231070,2012,105.0,0.0,12.0,17.0,11.0,30.0,7.0,6.0,21.0,30.0,292.0,530
231070,2013,0.0,0.0,0.0,0.0,0.0,0.0,0.0,0.0,0.0,0.0,348.0,561
231070,2014,14.0,4.0,6.0,4.0,8.0,30.0,10.0,25.0,10.0,34.0,265.0,444
231070,2015,29.0,2.0,8.0,7.0,4.0,78.0,13.0,25.0,30.0,40.0,325.0,575
231070,2016,18.0,0.0,2.0,4.0,4.0,55.0,16.0,24.0,37.0,46.0,251.0,443
231070,2017,26.0,0.0,6.0,7.0,7.0,65.0,8.0,30.0,26.0,43.0,247.0,503
231070,2018,30.0,1.0,7.0,8.0,11.0,94.0,11.0,41.0,23.0,47.0,280.0,575
231070,2019,16.0,2.0,8.0,5.0,6.0,121.0,15.0,35.0,15.0,54.0,296.0,542
231080,2012,9.0,1.0,5.0,2.0,4.0,25.0,4.0,2.0,14.0,31.0,106.0,216
231080,2013,0.0,0.0,0.0,0.0,0.0,0.0,0.0,0.0,0.0,0.0,113.0,200
231080,2014,6.0,1.0,4.0,1.0,1.0,39.0,13.0,9.0,18.0,35.0,137.0,229
231080,2015,12.0,1.0,0.0,2.0,0.0,30.0,7.0,11.0,22.0,15.0,107.0,192
231080,2016,9.0,0.0,0.0,2.0,1.0,37.0,8.0,13.0,10.0,26.0,111.0,202
231080,2017,7.0,0.0,1.0,1.0,1.0,32.0,8.0,16.0,21.0,24.0,114.0,186
231080,2018,16.0,0.0,2.0,1.0,2.0,51.0,35.0,4.0,37.0,9.0,157.0,227
231080,2019,19.0,0.0,3.0,2.0,2.0,45.0,43.0,1.0,50.0,7.0,174.0,222
231085,2012,27.0,0.0,2.0,3.0,1.0,21.0,9.0,4.0,27.0,19.0,179.0,287
231085,2013,0.0,0.0,0.0,0.0,0.0,0.0,0.0,0.0,0.0,0.0,183.0,297
231085,2014,12.0,1.0,2.0,2.0,2.0,42.0,17.0,14.0,27.0,24.0,195.0,314
231085,2015,14.0,2.0,6.0,3.0,3.0,42.0,21.0,13.0,34.0,32.0,205.0,297
231085,2016,12.0,0.0,2.0,5.0,7.0,53.0,18.0,13.0,34.0,27.0,193.0,306
231085,2017,14.0,0.0,4.0,1.0,4.0,47.0,16.0,14.0,26.0,36.0,184.0,316
231085,2018,11.0,1.0,4.0,3.0,0.0,76.0,26.0,13.0,29.0,20.0,197.0,327
231085,2019,26.0,0.0,2.0,2.0,3.0,54.0,13.0,16.0,30.0,34.0,192.0,341
231090,2012,6.0,0.0,0.0,1.0,2.0,18.0,4.0,8.0,6.0,26.0,82.0,171
231090,2013,0.0,0.0,0.0,0.0,0.0,0.0,0.0,0.0,0.0,0.0,75.0,156
231090,2014,5.0,0.0,0.0,0.0,1.0,13.0,0.0,19.0,1.0,44.0,83.0,155
231090,2015,12.0,0.0,0.0,4.0,2.0,30.0,0.0,17.0,0.0,29.0,94.0,162
231090,2016,6.0,0.0,0.0,2.0,0.0,28.0,0.0,20.0,2.0,25.0,83.0,159
231090,2017,5.0,0.0,4.0,1.0,1.0,18.0,1.0,9.0,5.0,16.0,61.0,144
231090,2018,4.0,0.0,0.0,1.0,6.0,28.0,2.0,11.0,7.0,27.0,87.0,158
231090,2019,5.0,0.0,1.0,1.0,1.0,30.0,4.0,18.0,6.0,30.0,97.0,162
231095,2012,4.0,0.0,0.0,3.0,1.0,5.0,0.0,0.0,3.0,12.0,51.0,113
231095,2013,0.0,0.0,0.0,0.0,0.0,0.0,0.0,0.0,0.0,0.0,50.0,108
231095,2014,3.0,0.0,0.0,2.0,2.0,12.0,8.0,6.0,13.0,7.0,57.0,104
231095,2015,2.0,0.0,0.0,2.0,1.0,14.0,4.0,4.0,12.0,5.0,47.0,101
231095,2016,3.0,0.0,0.0,2.0,1.0,11.0,2.0,5.0,6.0,7.0,39.0,91
231095,2017,6.0,0.0,1.0,1.0,0.0,16.0,2.0,1.0,6.0,13.0,50.0,112
231095,2018,4.0,0.0,2.0,2.0,1.0,15.0,2.0,2.0,9.0,9.0,50.0,117
231095,2019,7.0,0.0,4.0,1.0,1.0,13.0,2.0,3.0,4.0,7.0,44.0,77
231100,2012,3.0,0.0,0.0,1.0,1.0,5.0,6.0,5.0,8.0,9.0,40.0,164
231100,2013,0.0,0.0,0.0,0.0,0.0,0.0,0.0,0.0,0.0,0.0,37.0,151
231100,2014,5.0,0.0,2.0,1.0,2.0,8.0,2.0,1.0,6.0,4.0,35.0,157
231100,2015,1.0,0.0,0.0,3.0,2.0,7.0,4.0,6.0,3.0,6.0,32.0,167
231100,2016,3.0,0.0,0.0,2.0,0.0,13.0,8.0,7.0,11.0,12.0,58.0,184
231100,2017,3.0,0.0,2.0,0.0,1.0,15.0,3.0,9.0,13.0,21.0,69.0,184
231100,2018,4.0,0.0,0.0,6.0,3.0,7.0,9.0,13.0,10.0,10.0,62.0,207
231100,2019,5.0,0.0,2.0,4.0,0.0,15.0,3.0,5.0,13.0,5.0,52.0,161
231110,2012,13.0,7.0,13.0,3.0,1.0,40.0,7.0,12.0,15.0,37.0,156.0,262
231110,2013,0.0,0.0,0.0,0.0,0.0,0.0,0.0,0.0,0.0,0.0,158.0,268
231110,2014,7.0,2.0,6.0,3.0,2.0,47.0,13.0,16.0,24.0,50.0,174.0,266
231110,2015,9.0,0.0,2.0,1.0,1.0,47.0,13.0,22.0,17.0,33.0,150.0,240
231110,2016,9.0,1.0,0.0,2.0,3.0,48.0,9.0,20.0,23.0,29.0,149.0,238
231110,2017,16.0,0.0,2.0,4.0,5.0,59.0,12.0,14.0,24.0,29.0,170.0,270
231110,2018,14.0,1.0,4.0,3.0,4.0,68.0,11.0,12.0,23.0,28.0,173.0,264
231110,2019,12.0,0.0,8.0,3.0,5.0,60.0,12.0,16.0,27.0,34.0,181.0,266
231120,2012,10.0,0.0,0.0,4.0,0.0,20.0,2.0,10.0,5.0,17.0,69.0,141
231120,2013,0.0,0.0,0.0,0.0,0.0,0.0,0.0,0.0,0.0,0.0,98.0,153
231120,2014,10.0,0.0,1.0,1.0,0.0,24.0,1.0,11.0,2.0,22.0,73.0,136
231120,2015,4.0,0.0,2.0,0.0,2.0,20.0,0.0,10.0,4.0,25.0,74.0,137
231120,2016,4.0,0.0,4.0,3.0,0.0,28.0,2.0,9.0,2.0,24.0,77.0,122
231120,2017,0.0,0.0,2.0,1.0,1.0,34.0,4.0,6.0,6.0,18.0,72.0,127
231120,2018,7.0,0.0,2.0,0.0,2.0,28.0,0.0,8.0,2.0,17.0,70.0,123
231120,2019,9.0,0.0,0.0,2.0,5.0,29.0,0.0,13.0,0.0,24.0,84.0,140
231123,2012,4.0,0.0,2.0,3.0,1.0,2.0,1.0,12.0,2.0,19.0,49.0,64
231123,2013,0.0,0.0,0.0,0.0,0.0,0.0,0.0,0.0,0.0,0.0,46.0,70
231123,2014,3.0,1.0,4.0,0.0,2.0,11.0,2.0,12.0,5.0,7.0,48.0,81
231123,2015,3.0,0.0,0.0,0.0,0.0,9.0,4.0,14.0,1.0,5.0,37.0,74
231123,2016,5.0,0.0,0.0,0.0,0.0,6.0,1.0,8.0,2.0,14.0,39.0,66
231123,2017,2.0,0.0,0.0,0.0,0.0,11.0,0.0,11.0,1.0,16.0,41.0,80
231123,2018,3.0,0.0,0.0,2.0,1.0,11.0,0.0,9.0,3.0,14.0,46.0,72
231123,2019,3.0,0.0,0.0,0.0,2.0,13.0,3.0,10.0,3.0,16.0,51.0,76
231126,2012,6.0,0.0,0.0,0.0,2.0,20.0,8.0,10.0,20.0,14.0,88.0,220
231126,2013,0.0,0.0,0.0,0.0,0.0,0.0,0.0,0.0,0.0,0.0,92.0,230
231126,2014,6.0,0.0,4.0,1.0,5.0,21.0,13.0,6.0,18.0,11.0,95.0,252
231126,2015,8.0,0.0,1.0,4.0,3.0,39.0,12.0,8.0,17.0,17.0,111.0,259
231126,2016,9.0,0.0,4.0,2.0,1.0,25.0,7.0,10.0,17.0,18.0,94.0,214
231126,2017,3.0,2.0,0.0,2.0,3.0,18.0,6.0,13.0,13.0,16.0,77.0,242
231126,2018,9.0,0.0,2.0,3.0,2.0,25.0,10.0,10.0,19.0,18.0,101.0,260
231126,2019,3.0,0.0,4.0,4.0,2.0,43.0,7.0,8.0,19.0,16.0,106.0,260
231130,2012,89.0,0.0,9.0,14.0,11.0,169.0,24.0,20.0,93.0,91.0,551.0,1314
231130,2013,0.0,0.0,0.0,0.0,0.0,0.0,0.0,0.0,0.0,0.0,540.0,1189
231130,2014,54.0,0.0,25.0,17.0,16.0,154.0,53.0,41.0,87.0,85.0,570.0,1232
231130,2015,67.0,3.0,20.0,16.0,17.0,183.0,48.0,47.0,103.0,126.0,675.0,1274
231130,2016,76.0,0.0,27.0,20.0,10.0,190.0,63.0,42.0,106.0,105.0,690.0,1277
231130,2017,79.0,0.0,25.0,27.0,20.0,177.0,43.0,81.0,97.0,172.0,765.0,1307
231130,2018,84.0,3.0,23.0,23.0,23.0,241.0,37.0,78.0,108.0,194.0,861.0,1438
231130,2019,23.0,1.0,20.0,6.0,5.0,51.0,8.0,11.0,10.0,25.0,849.0,1375
231135,2012,6.0,0.0,0.0,2.0,5.0,35.0,0.0,12.0,2.0,29.0,91.0,204
231135,2013,0.0,0.0,0.0,0.0,0.0,0.0,0.0,0.0,0.0,0.0,63.0,185
231135,2014,5.0,0.0,1.0,5.0,1.0,18.0,3.0,15.0,3.0,26.0,80.0,170
231135,2015,5.0,0.0,4.0,1.0,4.0,22.0,2.0,20.0,1.0,29.0,88.0,224
231135,2016,7.0,0.0,1.0,1.0,1.0,23.0,5.0,10.0,3.0,19.0,70.0,163
231135,2017,14.0,0.0,0.0,6.0,0.0,30.0,4.0,21.0,3.0,26.0,105.0,180
231135,2018,8.0,0.0,2.0,3.0,2.0,45.0,5.0,20.0,9.0,23.0,118.0,223
231135,2019,11.0,0.0,4.0,0.0,0.0,21.0,2.0,18.0,5.0,29.0,91.0,174
231140,2012,29.0,0.0,8.0,8.0,11.0,106.0,44.0,18.0,104.0,59.0,400.0,1069
231140,2013,0.0,0.0,0.0,0.0,0.0,0.0,0.0,0.0,0.0,0.0,428.0,1011
231140,2014,50.0,1.0,8.0,15.0,11.0,116.0,88.0,28.0,128.0,72.0,532.0,1104
231140,2015,41.0,1.0,12.0,15.0,13.0,140.0,93.0,46.0,127.0,82.0,589.0,1184
231140,2016,56.0,4.0,15.0,17.0,16.0,146.0,61.0,21.0,100.0,75.0,522.0,1074
231140,2017,63.0,3.0,19.0,19.0,19.0,154.0,55.0,41.0,81.0,99.0,560.0,1063
231140,2018,65.0,1.0,14.0,20.0,13.0,198.0,72.0,52.0,95.0,97.0,644.0,1211
231140,2019,50.0,4.0,24.0,13.0,12.0,176.0,58.0,53.0,107.0,100.0,678.0,1231
231150,2012,17.0,1.0,4.0,1.0,3.0,26.0,17.0,7.0,29.0,27.0,138.0,272
231150,2013,0.0,0.0,0.0,0.0,0.0,0.0,0.0,0.0,0.0,0.0,117.0,252
231150,2014,8.0,1.0,4.0,4.0,5.0,41.0,19.0,12.0,19.0,26.0,143.0,294
231150,2015,7.0,0.0,0.0,8.0,9.0,38.0,18.0,18.0,32.0,43.0,178.0,320
231150,2016,10.0,0.0,2.0,3.0,4.0,30.0,7.0,17.0,13.0,35.0,125.0,264
231150,2017,8.0,0.0,11.0,4.0,3.0,32.0,16.0,22.0,7.0,31.0,135.0,271
231150,2018,10.0,0.0,7.0,5.0,9.0,36.0,7.0,16.0,18.0,32.0,140.0,238
231150,2019,11.0,0.0,3.0,2.0,3.0,41.0,7.0,30.0,20.0,38.0,159.0,242
231160,2012,17.0,0.0,5.0,5.0,5.0,68.0,24.0,8.0,49.0,35.0,234.0,466
231160,2013,0.0,0.0,0.0,0.0,0.0,0.0,0.0,0.0,0.0,0.0,185.0,377
231160,2014,14.0,0.0,8.0,3.0,4.0,72.0,21.0,25.0,33.0,37.0,225.0,438
231160,2015,12.0,0.0,7.0,7.0,2.0,73.0,17.0,17.0,35.0,36.0,215.0,453
231160,2016,16.0,1.0,7.0,6.0,7.0,52.0,33.0,12.0,43.0,27.0,209.0,376
231160,2017,22.0,2.0,2.0,5.0,3.0,72.0,16.0,6.0,47.0,26.0,214.0,413
231160,2018,12.0,2.0,6.0,5.0,4.0,68.0,26.0,17.0,41.0,32.0,221.0,370
231160,2019,9.0,0.0,14.0,5.0,5.0,66.0,22.0,22.0,34.0,23.0,210.0,370
231170,2012,6.0,1.0,2.0,3.0,0.0,17.0,5.0,12.0,7.0,23.0,98.0,248
231170,2013,0.0,0.0,0.0,0.0,0.0,0.0,0.0,0.0,0.0,0.0,89.0,227
231170,2014,14.0,0.0,11.0,3.0,0.0,20.0,17.0,13.0,14.0,20.0,112.0,244
231170,2015,9.0,0.0,6.0,1.0,4.0,16.0,9.0,5.0,6.0,23.0,83.0,201
231170,2016,13.0,2.0,3.0,7.0,1.0,21.0,9.0,21.0,14.0,20.0,114.0,211
231170,2017,9.0,0.0,2.0,4.0,3.0,31.0,7.0,22.0,8.0,27.0,119.0,235
231170,2018,19.0,0.0,2.0,1.0,1.0,41.0,3.0,17.0,6.0,34.0,130.0,250
231170,2019,11.0,0.0,0.0,1.0,2.0,35.0,4.0,24.0,5.0,35.0,121.0,244
231180,2012,69.0,2.0,8.0,6.0,20.0,116.0,38.0,26.0,114.0,133.0,578.0,962
231180,2013,0.0,0.0,0.0,0.0,0.0,0.0,0.0,0.0,0.0,0.0,594.0,947
231180,2014,59.0,3.0,21.0,13.0,13.0,129.0,53.0,55.0,91.0,141.0,647.0,983
231180,2015,69.0,4.0,10.0,13.0,16.0,164.0,69.0,69.0,91.0,171.0,732.0,1079
231180,2016,47.0,3.0,28.0,17.0,7.0,147.0,41.0,45.0,85.0,141.0,583.0,916
231180,2017,65.0,0.0,18.0,19.0,10.0,164.0,32.0,100.0,111.0,95.0,661.0,983
231180,2018,52.0,2.0,17.0,14.0,14.0,210.0,74.0,46.0,122.0,107.0,680.0,1001
231180,2019,69.0,3.0,12.0,17.0,14.0,195.0,70.0,30.0,135.0,107.0,678.0,952
231190,2012,12.0,0.0,6.0,4.0,0.0,21.0,2.0,2.0,5.0,25.0,85.0,219
231190,2013,0.0,0.0,0.0,0.0,0.0,0.0,0.0,0.0,0.0,0.0,87.0,206
231190,2014,10.0,0.0,3.0,3.0,2.0,12.0,10.0,12.0,1.0,25.0,82.0,189
231190,2015,10.0,0.0,0.0,3.0,0.0,17.0,1.0,19.0,1.0,29.0,82.0,194
231190,2016,13.0,0.0,2.0,3.0,1.0,16.0,2.0,13.0,7.0,27.0,84.0,194
231190,2017,17.0,0.0,0.0,1.0,0.0,16.0,4.0,14.0,4.0,27.0,84.0,181
231190,2018,9.0,0.0,0.0,3.0,1.0,23.0,13.0,11.0,12.0,21.0,95.0,194
231190,2019,8.0,0.0,3.0,3.0,0.0,37.0,11.0,20.0,10.0,25.0,118.0,188
231195,2012,10.0,0.0,0.0,1.0,1.0,28.0,10.0,13.0,16.0,36.0,118.0,300
231195,2013,0.0,0.0,0.0,0.0,0.0,0.0,0.0,0.0,0.0,0.0,130.0,308
231195,2014,10.0,0.0,0.0,0.0,1.0,25.0,3.0,17.0,2.0,36.0,97.0,241
231195,2015,9.0,1.0,1.0,1.0,2.0,34.0,7.0,16.0,9.0,43.0,135.0,270
231195,2016,13.0,1.0,6.0,4.0,1.0,31.0,4.0,25.0,4.0,39.0,130.0,257
231195,2017,9.0,2.0,1.0,3.0,2.0,35.0,1.0,21.0,12.0,47.0,133.0,271
231195,2018,20.0,0.0,4.0,3.0,0.0,52.0,4.0,23.0,5.0,58.0,170.0,300
231195,2019,22.0,0.0,3.0,2.0,3.0,39.0,5.0,17.0,4.0,45.0,141.0,265
231200,2012,16.0,0.0,4.0,4.0,2.0,40.0,25.0,19.0,32.0,24.0,185.0,483
231200,2013,0.0,0.0,0.0,0.0,0.0,0.0,0.0,0.0,0.0,0.0,171.0,483
231200,2014,14.0,2.0,9.0,7.0,8.0,41.0,23.0,12.0,23.0,45.0,187.0,480
231200,2015,16.0,0.0,2.0,8.0,0.0,36.0,5.0,18.0,12.0,39.0,139.0,357
231200,2016,12.0,1.0,6.0,4.0,2.0,31.0,14.0,35.0,18.0,55.0,180.0,384
231200,2017,21.0,2.0,7.0,2.0,3.0,40.0,5.0,31.0,16.0,40.0,175.0,415
231200,2018,14.0,1.0,7.0,2.0,1.0,55.0,18.0,35.0,19.0,68.0,221.0,420
231200,2019,12.0,0.0,6.0,2.0,1.0,53.0,15.0,33.0,15.0,61.0,200.0,429
231210,2012,17.0,0.0,0.0,1.0,2.0,45.0,9.0,17.0,16.0,37.0,146.0,252
231210,2013,0.0,0.0,0.0,0.0,0.0,0.0,0.0,0.0,0.0,0.0,156.0,273
231210,2014,11.0,0.0,0.0,0.0,1.0,38.0,2.0,24.0,1.0,29.0,113.0,191
231210,2015,16.0,0.0,6.0,2.0,2.0,37.0,2.0,19.0,2.0,41.0,134.0,237
231210,2016,11.0,0.0,8.0,3.0,2.0,41.0,0.0,22.0,2.0,53.0,142.0,228
231210,2017,5.0,0.0,4.0,0.0,2.0,32.0,3.0,11.0,4.0,40.0,101.0,194
231210,2018,24.0,1.0,8.0,5.0,5.0,44.0,8.0,19.0,4.0,36.0,154.0,258
231210,2019,20.0,0.0,2.0,4.0,3.0,61.0,1.0,35.0,5.0,50.0,182.0,287
231220,2012,11.0,4.0,6.0,5.0,8.0,42.0,12.0,17.0,30.0,47.0,201.0,576
231220,2013,0.0,0.0,0.0,0.0,0.0,0.0,0.0,0.0,0.0,0.0,208.0,541
231220,2014,24.0,3.0,4.0,3.0,21.0,19.0,6.0,2.0,38.0,150.0,286.0,598
231220,2015,18.0,0.0,2.0,2.0,6.0,28.0,19.0,15.0,27.0,31.0,167.0,375
231220,2016,15.0,7.0,8.0,0.0,14.0,22.0,5.0,12.0,7.0,92.0,193.0,297
231220,2017,24.0,3.0,7.0,6.0,6.0,70.0,16.0,26.0,13.0,72.0,254.0,491
231220,2018,25.0,5.0,2.0,17.0,6.0,85.0,12.0,44.0,18.0,96.0,320.0,538
231220,2019,28.0,1.0,8.0,10.0,5.0,88.0,40.0,35.0,42.0,43.0,302.0,549
231230,2012,24.0,3.0,4.0,10.0,6.0,69.0,13.0,11.0,27.0,35.0,227.0,783
231230,2013,0.0,0.0,0.0,0.0,0.0,0.0,0.0,0.0,0.0,0.0,329.0,809
231230,2014,27.0,3.0,5.0,10.0,5.0,83.0,40.0,46.0,63.0,44.0,348.0,751
231230,2015,28.0,7.0,6.0,7.0,6.0,57.0,24.0,20.0,80.0,77.0,326.0,781
231230,2016,22.0,5.0,10.0,3.0,3.0,80.0,55.0,34.0,69.0,49.0,335.0,775
231230,2017,29.0,1.0,11.0,7.0,4.0,102.0,48.0,24.0,59.0,50.0,344.0,769
231230,2018,18.0,1.0,10.0,5.0,7.0,113.0,60.0,31.0,58.0,49.0,361.0,747
231230,2019,36.0,0.0,2.0,8.0,6.0,154.0,63.0,29.0,85.0,44.0,437.0,828
231240,2012,61.0,0.0,11.0,6.0,5.0,63.0,27.0,18.0,61.0,43.0,364.0,786
231240,2013,0.0,0.0,0.0,0.0,0.0,0.0,0.0,0.0,0.0,0.0,399.0,784
231240,2014,27.0,3.0,2.0,5.0,7.0,78.0,64.0,39.0,73.0,51.0,402.0,860
231240,2015,39.0,2.0,16.0,10.0,12.0,115.0,46.0,40.0,74.0,48.0,442.0,931
231240,2016,42.0,4.0,13.0,9.0,13.0,105.0,78.0,55.0,72.0,73.0,500.0,943
231240,2017,49.0,0.0,11.0,8.0,6.0,164.0,40.0,50.0,47.0,73.0,475.0,946
231240,2018,40.0,2.0,11.0,12.0,9.0,149.0,42.0,56.0,68.0,86.0,505.0,930
231240,2019,39.0,2.0,20.0,17.0,6.0,147.0,57.0,32.0,58.0,57.0,465.0,872
231250,2012,4.0,0.0,0.0,1.0,0.0,13.0,9.0,1.0,14.0,11.0,57.0,81
231250,2013,0.0,0.0,0.0,0.0,0.0,0.0,0.0,0.0,0.0,0.0,39.0,64
231250,2014,2.0,0.0,0.0,0.0,3.0,12.0,7.0,4.0,5.0,9.0,47.0,72
231250,2015,5.0,0.0,0.0,0.0,1.0,12.0,5.0,3.0,7.0,8.0,44.0,73
231250,2016,4.0,0.0,0.0,1.0,0.0,16.0,4.0,8.0,3.0,15.0,52.0,81
231250,2017,4.0,0.0,0.0,0.0,0.0,11.0,4.0,7.0,12.0,11.0,50.0,83
231250,2018,2.0,0.0,2.0,0.0,0.0,20.0,0.0,4.0,6.0,18.0,52.0,75
231250,2019,2.0,0.0,0.0,2.0,3.0,13.0,2.0,6.0,7.0,16.0,54.0,81
231260,2012,23.0,0.0,0.0,5.0,0.0,5.0,3.0,9.0,8.0,9.0,85.0,157
231260,2013,0.0,0.0,0.0,0.0,0.0,0.0,0.0,0.0,0.0,0.0,89.0,154
231260,2014,6.0,0.0,2.0,1.0,2.0,23.0,22.0,9.0,23.0,11.0,120.0,201
231260,2015,9.0,0.0,6.0,0.0,4.0,31.0,25.0,11.0,23.0,12.0,126.0,179
231260,2016,10.0,0.0,0.0,5.0,5.0,28.0,22.0,10.0,25.0,14.0,122.0,174
231260,2017,12.0,0.0,2.0,0.0,1.0,28.0,12.0,6.0,17.0,7.0,99.0,158
231260,2018,13.0,0.0,2.0,1.0,2.0,30.0,8.0,10.0,10.0,19.0,101.0,157
231260,2019,13.0,0.0,4.0,2.0,1.0,36.0,6.0,14.0,20.0,13.0,113.0,172
231270,2012,15.0,3.0,2.0,7.0,5.0,28.0,22.0,7.0,25.0,12.0,132.0,361
231270,2013,0.0,0.0,0.0,0.0,0.0,0.0,0.0,0.0,0.0,0.0,105.0,297
231270,2014,14.0,1.0,4.0,5.0,2.0,32.0,8.0,9.0,18.0,16.0,121.0,311
231270,2015,11.0,0.0,7.0,7.0,8.0,23.0,11.0,7.0,14.0,32.0,127.0,310
231270,2016,21.0,1.0,0.0,4.0,2.0,24.0,4.0,25.0,16.0,34.0,141.0,303
231270,2017,23.0,0.0,0.0,3.0,7.0,38.0,12.0,23.0,14.0,31.0,155.0,319
231270,2018,20.0,0.0,8.0,1.0,3.0,33.0,11.0,18.0,22.0,34.0,153.0,299
231270,2019,5.0,0.0,6.0,4.0,1.0,10.0,2.0,2.0,5.0,7.0,137.0,276
231280,2012,2.0,0.0,4.0,1.0,1.0,12.0,2.0,4.0,8.0,11.0,47.0,123
231280,2013,0.0,0.0,0.0,0.0,0.0,0.0,0.0,0.0,0.0,0.0,39.0,108
231280,2014,2.0,0.0,0.0,3.0,2.0,12.0,8.0,3.0,9.0,9.0,49.0,108
231280,2015,3.0,0.0,0.0,0.0,0.0,10.0,6.0,1.0,3.0,13.0,37.0,68
231280,2016,6.0,0.0,2.0,1.0,2.0,12.0,7.0,6.0,8.0,10.0,56.0,98
231280,2017,5.0,0.0,0.0,0.0,0.0,10.0,4.0,15.0,1.0,17.0,52.0,89
231280,2018,4.0,0.0,2.0,1.0,0.0,18.0,0.0,11.0,1.0,28.0,65.0,112
231280,2019,4.0,0.0,5.0,0.0,0.0,18.0,1.0,14.0,2.0,15.0,59.0,108
231290,2012,139.0,5.0,38.0,24.0,28.0,403.0,70.0,174.0,202.0,349.0,1732.0,3164
231290,2013,0.0,0.0,0.0,0.0,0.0,0.0,0.0,0.0,0.0,0.0,1718.0,3269
231290,2014,214.0,12.0,65.0,81.0,52.0,523.0,164.0,157.0,321.0,371.0,2008.0,3471
231290,2015,246.0,8.0,54.0,74.0,67.0,560.0,151.0,205.0,314.0,387.0,2113.0,3468
231290,2016,248.0,6.0,49.0,27.0,28.0,527.0,129.0,244.0,318.0,457.0,2074.0,3288
231290,2017,262.0,5.0,67.0,26.0,26.0,592.0,117.0,294.0,205.0,536.0,2197.0,3305
231290,2018,260.0,4.0,60.0,19.0,16.0,678.0,92.0,330.0,208.0,565.0,2278.0,3392
231290,2019,220.0,2.0,45.0,12.0,9.0,640.0,83.0,263.0,144.0,577.0,2023.0,3262
231300,2012,11.0,0.0,1.0,6.0,2.0,14.0,4.0,3.0,11.0,8.0,65.0,170
231300,2013,0.0,0.0,0.0,0.0,0.0,0.0,0.0,0.0,0.0,0.0,78.0,195
231300,2014,3.0,2.0,0.0,2.0,2.0,10.0,8.0,10.0,12.0,15.0,67.0,172
231300,2015,6.0,0.0,5.0,3.0,0.0,18.0,5.0,8.0,12.0,17.0,77.0,196
231300,2016,4.0,1.0,2.0,0.0,4.0,29.0,11.0,15.0,19.0,20.0,113.0,204
231300,2017,11.0,0.0,6.0,3.0,3.0,25.0,17.0,10.0,15.0,16.0,109.0,208
231300,2018,5.0,0.0,2.0,1.0,1.0,27.0,17.0,9.0,15.0,14.0,92.0,192
231300,2019,2.0,0.0,2.0,4.0,0.0,8.0,3.0,3.0,1.0,8.0,95.0,217
231310,2012,15.0,0.0,6.0,4.0,2.0,51.0,40.0,26.0,74.0,38.0,264.0,384
231310,2013,0.0,0.0,0.0,0.0,0.0,0.0,0.0,0.0,0.0,0.0,265.0,363
231310,2014,21.0,0.0,7.0,2.0,6.0,57.0,58.0,14.0,80.0,43.0,302.0,405
231310,2015,27.0,1.0,5.0,5.0,3.0,58.0,35.0,21.0,65.0,44.0,272.0,402
231310,2016,20.0,1.0,4.0,2.0,4.0,69.0,30.0,22.0,35.0,59.0,257.0,373
231310,2017,16.0,0.0,4.0,4.0,3.0,79.0,18.0,15.0,24.0,47.0,232.0,355
231310,2018,16.0,1.0,0.0,6.0,4.0,87.0,20.0,18.0,57.0,49.0,270.0,377
231310,2019,18.0,2.0,8.0,6.0,2.0,80.0,23.0,19.0,43.0,32.0,283.0,388
231320,2012,13.0,0.0,6.0,1.0,4.0,30.0,4.0,12.0,12.0,16.0,106.0,324
231320,2013,0.0,0.0,0.0,0.0,0.0,0.0,0.0,0.0,0.0,0.0,90.0,264
231320,2014,14.0,0.0,9.0,1.0,5.0,20.0,13.0,1.0,21.0,17.0,105.0,295
231320,2015,11.0,0.0,8.0,3.0,2.0,19.0,7.0,9.0,15.0,12.0,88.0,339
231320,2016,2.0,0.0,2.0,3.0,3.0,31.0,6.0,5.0,10.0,21.0,85.0,284
231320,2017,3.0,0.0,0.0,3.0,3.0,18.0,6.0,8.0,10.0,21.0,75.0,286
231320,2018,16.0,1.0,5.0,5.0,5.0,21.0,12.0,13.0,14.0,23.0,120.0,331
231320,2019,14.0,1.0,7.0,7.0,2.0,24.0,7.0,16.0,20.0,17.0,118.0,339
231325,2012,4.0,0.0,0.0,0.0,2.0,10.0,3.0,6.0,1.0,17.0,44.0,91
231325,2013,0.0,0.0,0.0,0.0,0.0,0.0,0.0,0.0,0.0,0.0,52.0,99
231325,2014,13.0,0.0,0.0,0.0,1.0,8.0,0.0,14.0,0.0,18.0,55.0,89
231325,2015,3.0,0.0,1.0,1.0,1.0,6.0,1.0,8.0,2.0,24.0,55.0,86
231325,2016,2.0,0.0,2.0,0.0,0.0,11.0,3.0,16.0,1.0,21.0,56.0,96
231325,2017,7.0,0.0,0.0,0.0,1.0,18.0,3.0,13.0,2.0,24.0,68.0,111
231325,2018,8.0,0.0,1.0,3.0,1.0,17.0,1.0,13.0,1.0,24.0,71.0,102
231325,2019,9.0,1.0,4.0,2.0,1.0,25.0,1.0,7.0,2.0,19.0,72.0,99
231330,2012,33.0,1.0,17.0,13.0,7.0,100.0,29.0,20.0,88.0,73.0,391.0,716
231330,2013,0.0,0.0,0.0,0.0,0.0,0.0,0.0,0.0,0.0,0.0,430.0,730
231330,2014,41.0,2.0,6.0,5.0,5.0,125.0,49.0,34.0,94.0,103.0,471.0,740
231330,2015,29.0,3.0,13.0,6.0,2.0,123.0,36.0,46.0,70.0,127.0,474.0,714
231330,2016,50.0,1.0,11.0,8.0,8.0,132.0,32.0,42.0,75.0,112.0,495.0,760
231330,2017,30.0,3.0,6.0,9.0,7.0,154.0,25.0,45.0,74.0,117.0,487.0,733
231330,2018,53.0,3.0,7.0,7.0,7.0,159.0,25.0,66.0,57.0,146.0,546.0,781
231330,2019,56.0,2.0,9.0,14.0,18.0,169.0,20.0,39.0,52.0,133.0,526.0,773
231335,2012,22.0,1.0,3.0,5.0,0.0,13.0,8.0,2.0,18.0,7.0,120.0,272
231335,2013,0.0,0.0,0.0,0.0,0.0,0.0,0.0,0.0,0.0,0.0,134.0,266
231335,2014,4.0,2.0,2.0,1.0,1.0,21.0,8.0,12.0,9.0,15.0,136.0,236
231335,2015,7.0,0.0,4.0,0.0,3.0,23.0,5.0,11.0,19.0,14.0,122.0,248
231335,2016,9.0,0.0,2.0,3.0,1.0,28.0,14.0,4.0,27.0,19.0,118.0,274
231335,2017,5.0,0.0,0.0,3.0,1.0,25.0,9.0,9.0,8.0,11.0,86.0,226
231335,2018,8.0,0.0,4.0,4.0,5.0,38.0,5.0,15.0,13.0,10.0,103.0,265
231335,2019,9.0,1.0,6.0,0.0,3.0,27.0,9.0,12.0,16.0,16.0,102.0,222
231340,2012,65.0,1.0,12.0,11.0,11.0,140.0,19.0,34.0,60.0,78.0,457.0,1321
231340,2013,0.0,0.0,0.0,0.0,0.0,0.0,0.0,0.0,0.0,0.0,439.0,1278
231340,2014,46.0,4.0,18.0,13.0,13.0,154.0,41.0,45.0,90.0,78.0,535.0,1328
231340,2015,37.0,6.0,10.0,14.0,12.0,145.0,25.0,33.0,91.0,75.0,485.0,1372
231340,2016,37.0,3.0,22.0,15.0,8.0,141.0,33.0,28.0,83.0,89.0,469.0,1420
231340,2017,57.0,2.0,12.0,10.0,4.0,189.0,32.0,51.0,72.0,94.0,563.0,1465
231340,2018,56.0,5.0,7.0,10.0,8.0,206.0,30.0,44.0,83.0,134.0,608.0,1486
231340,2019,60.0,0.0,17.0,15.0,7.0,187.0,44.0,65.0,92.0,125.0,636.0,1471
231350,2012,36.0,1.0,3.0,2.0,6.0,48.0,15.0,33.0,22.0,45.0,240.0,587
231350,2013,0.0,0.0,0.0,0.0,0.0,0.0,0.0,0.0,0.0,0.0,293.0,683
231350,2014,15.0,0.0,7.0,10.0,6.0,51.0,59.0,39.0,34.0,56.0,356.0,770
231350,2015,22.0,1.0,15.0,11.0,5.0,45.0,58.0,31.0,40.0,58.0,343.0,711
231350,2016,24.0,1.0,12.0,12.0,4.0,68.0,41.0,25.0,34.0,35.0,319.0,784
231350,2017,8.0,1.0,5.0,9.0,10.0,26.0,12.0,5.0,12.0,9.0,265.0,833
231350,2018,9.0,0.0,10.0,8.0,5.0,28.0,23.0,15.0,13.0,37.0,351.0,897
231350,2019,20.0,1.0,9.0,6.0,7.0,73.0,19.0,21.0,21.0,112.0,339.0,734
231355,2012,10.0,1.0,2.0,5.0,0.0,17.0,8.0,10.0,11.0,23.0,88.0,258
231355,2013,0.0,0.0,0.0,0.0,0.0,0.0,0.0,0.0,0.0,0.0,101.0,218
231355,2014,10.0,0.0,2.0,0.0,2.0,24.0,6.0,13.0,12.0,19.0,128.0,271
231355,2015,9.0,0.0,0.0,3.0,5.0,18.0,8.0,24.0,22.0,26.0,131.0,306
231355,2016,8.0,3.0,3.0,4.0,5.0,29.0,8.0,10.0,9.0,21.0,142.0,287
231355,2017,4.0,0.0,4.0,2.0,3.0,5.0,1.0,3.0,1.0,5.0,107.0,267
231355,2018,3.0,0.0,2.0,2.0,1.0,2.0,0.0,2.0,2.0,16.0,120.0,262
231355,2019,8.0,0.0,4.0,4.0,1.0,30.0,8.0,5.0,4.0,50.0,125.0,243
231360,2012,19.0,3.0,0.0,6.0,4.0,53.0,7.0,20.0,20.0,47.0,187.0,545
231360,2013,0.0,0.0,0.0,0.0,0.0,0.0,0.0,0.0,0.0,0.0,141.0,552
231360,2014,12.0,0.0,10.0,7.0,2.0,46.0,13.0,9.0,18.0,25.0,150.0,496
231360,2015,13.0,4.0,4.0,5.0,6.0,46.0,9.0,11.0,25.0,20.0,155.0,471
231360,2016,15.0,0.0,10.0,3.0,1.0,64.0,6.0,17.0,28.0,23.0,186.0,548
231360,2017,14.0,0.0,4.0,2.0,0.0,51.0,5.0,17.0,16.0,26.0,144.0,459
231360,2018,18.0,3.0,2.0,3.0,4.0,44.0,12.0,29.0,13.0,40.0,174.0,543
231360,2019,16.0,0.0,10.0,5.0,3.0,86.0,18.0,27.0,23.0,33.0,224.0,596
231370,2012,6.0,0.0,0.0,0.0,0.0,5.0,0.0,2.0,0.0,22.0,37.0,80
231370,2013,0.0,0.0,0.0,0.0,0.0,0.0,0.0,0.0,0.0,0.0,49.0,97
231370,2014,2.0,0.0,0.0,0.0,0.0,10.0,4.0,4.0,2.0,11.0,35.0,86
231370,2015,2.0,1.0,0.0,3.0,1.0,9.0,6.0,4.0,9.0,9.0,45.0,96
231370,2016,0.0,0.0,0.0,0.0,0.0,8.0,5.0,2.0,4.0,9.0,28.0,65
231370,2017,5.0,0.0,2.0,2.0,1.0,16.0,0.0,5.0,3.0,11.0,46.0,88
231370,2018,2.0,0.0,0.0,3.0,0.0,17.0,2.0,6.0,3.0,13.0,46.0,93
231370,2019,3.0,0.0,4.0,0.0,0.0,10.0,2.0,7.0,0.0,10.0,36.0,87
231375,2012,30.0,0.0,2.0,2.0,3.0,17.0,9.0,8.0,12.0,33.0,125.0,285
231375,2013,0.0,0.0,0.0,0.0,0.0,0.0,0.0,0.0,0.0,0.0,138.0,307
231375,2014,6.0,1.0,12.0,1.0,5.0,22.0,8.0,16.0,17.0,19.0,156.0,310
231375,2015,9.0,1.0,6.0,7.0,5.0,23.0,7.0,17.0,10.0,22.0,132.0,300
231375,2016,10.0,1.0,7.0,1.0,2.0,24.0,9.0,14.0,8.0,14.0,108.0,267
231375,2017,3.0,0.0,0.0,3.0,5.0,11.0,5.0,3.0,6.0,4.0,105.0,274
231375,2018,3.0,1.0,4.0,1.0,4.0,7.0,5.0,4.0,4.0,12.0,119.0,301
231375,2019,8.0,1.0,6.0,4.0,0.0,30.0,3.0,12.0,13.0,41.0,129.0,282
231380,2012,21.0,1.0,4.0,6.0,2.0,17.0,20.0,16.0,25.0,20.0,137.0,334
231380,2013,0.0,0.0,0.0,0.0,0.0,0.0,0.0,0.0,0.0,0.0,161.0,338
231380,2014,7.0,1.0,1.0,3.0,3.0,22.0,11.0,21.0,18.0,31.0,155.0,357
231380,2015,6.0,0.0,4.0,7.0,8.0,35.0,9.0,10.0,20.0,22.0,156.0,361
231380,2016,8.0,0.0,0.0,4.0,2.0,35.0,17.0,9.0,15.0,21.0,158.0,355
231380,2017,2.0,1.0,2.0,7.0,1.0,12.0,6.0,5.0,10.0,5.0,158.0,343
231380,2018,4.0,0.0,2.0,0.0,3.0,12.0,8.0,2.0,8.0,11.0,158.0,399
231380,2019,17.0,0.0,7.0,4.0,4.0,46.0,6.0,11.0,11.0,47.0,173.0,387
231390,2012,3.0,0.0,0.0,0.0,0.0,8.0,0.0,13.0,9.0,15.0,58.0,176
231390,2013,0.0,0.0,0.0,0.0,0.0,0.0,0.0,0.0,0.0,0.0,93.0,188
231390,2014,8.0,1.0,0.0,3.0,4.0,21.0,24.0,5.0,21.0,15.0,102.0,172
231390,2015,10.0,2.0,2.0,2.0,2.0,5.0,9.0,11.0,14.0,10.0,71.0,126
231390,2016,12.0,0.0,6.0,2.0,1.0,23.0,10.0,8.0,11.0,11.0,89.0,149
231390,2017,4.0,0.0,4.0,0.0,1.0,25.0,6.0,30.0,13.0,30.0,116.0,159
231390,2018,8.0,1.0,0.0,0.0,1.0,38.0,2.0,35.0,3.0,41.0,133.0,188
231390,2019,14.0,0.0,3.0,1.0,2.0,47.0,6.0,20.0,6.0,27.0,127.0,199
231395,2012,12.0,0.0,0.0,0.0,2.0,30.0,2.0,6.0,12.0,25.0,111.0,277
231395,2013,0.0,0.0,0.0,0.0,0.0,0.0,0.0,0.0,0.0,0.0,117.0,286
231395,2014,10.0,1.0,1.0,3.0,3.0,26.0,15.0,11.0,18.0,10.0,104.0,243
231395,2015,10.0,0.0,2.0,2.0,3.0,32.0,8.0,4.0,21.0,12.0,99.0,208
231395,2016,22.0,0.0,7.0,4.0,2.0,31.0,17.0,12.0,24.0,30.0,151.0,273
231395,2017,14.0,1.0,6.0,1.0,0.0,33.0,7.0,17.0,10.0,35.0,127.0,254
231395,2018,13.0,0.0,2.0,1.0,1.0,47.0,6.0,37.0,18.0,48.0,180.0,328
231395,2019,14.0,0.0,10.0,1.0,0.0,42.0,5.0,14.0,13.0,36.0,142.0,273
231400,2012,16.0,3.0,1.0,5.0,8.0,59.0,2.0,5.0,29.0,27.0,159.0,492
231400,2013,0.0,0.0,0.0,0.0,0.0,0.0,0.0,0.0,0.0,0.0,181.0,512
231400,2014,13.0,0.0,2.0,6.0,7.0,53.0,17.0,10.0,64.0,8.0,196.0,544
231400,2015,17.0,1.0,4.0,7.0,16.0,58.0,18.0,5.0,71.0,15.0,229.0,546
231400,2016,25.0,0.0,7.0,3.0,2.0,54.0,33.0,3.0,75.0,11.0,220.0,486
231400,2017,22.0,0.0,6.0,4.0,2.0,72.0,27.0,7.0,55.0,11.0,217.0,468
231400,2018,20.0,1.0,3.0,3.0,4.0,64.0,33.0,11.0,79.0,13.0,264.0,532
231400,2019,28.0,3.0,8.0,3.0,6.0,73.0,43.0,16.0,79.0,20.0,291.0,498
231410,2012,31.0,2.0,10.0,29.0,16.0,93.0,31.0,25.0,43.0,68.0,366.0,931
231410,2013,0.0,0.0,0.0,0.0,0.0,0.0,0.0,0.0,0.0,0.0,325.0,924
231410,2014,32.0,1.0,8.0,15.0,12.0,91.0,22.0,29.0,54.0,56.0,327.0,922
231410,2015,20.0,2.0,12.0,9.0,10.0,91.0,27.0,30.0,57.0,52.0,321.0,969
231410,2016,25.0,2.0,3.0,8.0,10.0,106.0,22.0,41.0,41.0,72.0,345.0,931
231410,2017,32.0,3.0,6.0,10.0,6.0,127.0,39.0,34.0,73.0,88.0,432.0,930
231410,2018,34.0,2.0,8.0,9.0,11.0,153.0,34.0,49.0,65.0,104.0,471.0,1044
231410,2019,38.0,1.0,17.0,14.0,8.0,154.0,47.0,37.0,82.0,99.0,500.0,986
240000,2012,1.0,0.0,0.0,0.0,0.0,1.0,0.0,0.0,0.0,0.0,2.0,4
240000,2016,0.0,0.0,0.0,0.0,0.0,0.0,0.0,0.0,0.0,0.0,0.0,1
240010,2012,3.0,0.0,0.0,0.0,0.0,10.0,3.0,0.0,12.0,8.0,57.0,149
240010,2013,0.0,0.0,0.0,0.0,0.0,0.0,0.0,0.0,0.0,0.0,53.0,140
240010,2014,4.0,1.0,4.0,1.0,2.0,10.0,8.0,1.0,15.0,12.0,58.0,147
240010,2015,5.0,1.0,4.0,2.0,0.0,14.0,11.0,7.0,9.0,17.0,73.0,150
240010,2016,1.0,0.0,2.0,0.0,0.0,14.0,6.0,10.0,2.0,13.0,51.0,109
240010,2017,0.0,0.0,2.0,2.0,2.0,12.0,5.0,1.0,12.0,11.0,48.0,105
240010,2018,3.0,0.0,0.0,0.0,3.0,18.0,4.0,9.0,9.0,12.0,59.0,110
240010,2019,4.0,0.0,4.0,0.0,0.0,6.0,11.0,8.0,11.0,9.0,53.0,101
240020,2012,62.0,2.0,16.0,10.0,12.0,106.0,35.0,43.0,61.0,101.0,514.0,789
240020,2013,0.0,0.0,0.0,0.0,0.0,0.0,0.0,0.0,0.0,0.0,468.0,705
240020,2014,54.0,1.0,16.0,9.0,12.0,135.0,47.0,67.0,74.0,109.0,582.0,835
240020,2015,57.0,0.0,9.0,7.0,8.0,123.0,32.0,45.0,70.0,110.0,566.0,793
240020,2016,69.0,1.0,14.0,11.0,3.0,146.0,7.0,110.0,15.0,170.0,574.0,776
240020,2017,56.0,0.0,8.0,8.0,12.0,153.0,11.0,79.0,32.0,156.0,527.0,743
240020,2018,65.0,3.0,8.0,12.0,11.0,200.0,19.0,74.0,46.0,148.0,592.0,792
240020,2019,52.0,1.0,8.0,15.0,8.0,153.0,25.0,67.0,52.0,118.0,501.0,725
240030,2012,11.0,0.0,0.0,2.0,1.0,15.0,5.0,5.0,15.0,11.0,74.0,151
240030,2013,0.0,0.0,0.0,0.0,0.0,0.0,0.0,0.0,0.0,0.0,43.0,121
240030,2014,5.0,0.0,4.0,1.0,2.0,13.0,2.0,6.0,5.0,10.0,54.0,122
240030,2015,9.0,0.0,2.0,0.0,3.0,15.0,0.0,10.0,6.0,16.0,69.0,134
240030,2016,8.0,0.0,0.0,1.0,3.0,17.0,2.0,13.0,5.0,17.0,72.0,116
240030,2017,5.0,1.0,4.0,3.0,0.0,24.0,3.0,10.0,7.0,18.0,75.0,111
240030,2018,15.0,0.0,3.0,1.0,2.0,24.0,2.0,10.0,8.0,23.0,89.0,132
240030,2019,8.0,0.0,0.0,4.0,1.0,21.0,2.0,5.0,4.0,14.0,59.0,96
240040,2012,7.0,0.0,2.0,0.0,1.0,19.0,0.0,4.0,0.0,11.0,48.0,51
240040,2013,0.0,0.0,0.0,0.0,0.0,0.0,0.0,0.0,0.0,0.0,40.0,44
240040,2014,3.0,0.0,0.0,0.0,1.0,27.0,2.0,2.0,3.0,7.0,46.0,47
240040,2015,1.0,0.0,0.0,0.0,0.0,12.0,6.0,1.0,6.0,9.0,36.0,42
240040,2016,0.0,0.0,0.0,0.0,0.0,16.0,4.0,0.0,12.0,1.0,33.0,40
240040,2017,5.0,0.0,0.0,0.0,1.0,10.0,5.0,0.0,12.0,2.0,35.0,38
240040,2018,4.0,0.0,0.0,1.0,0.0,26.0,3.0,3.0,8.0,3.0,48.0,54
240040,2019,5.0,0.0,0.0,1.0,1.0,12.0,3.0,2.0,8.0,3.0,35.0,37
240050,2012,11.0,0.0,2.0,0.0,5.0,51.0,0.0,13.0,1.0,62.0,150.0,164
240050,2013,0.0,0.0,0.0,0.0,0.0,0.0,0.0,0.0,0.0,0.0,168.0,183
240050,2014,6.0,0.0,0.0,1.0,0.0,66.0,2.0,22.0,2.0,63.0,167.0,181
240050,2015,9.0,0.0,4.0,0.0,0.0,48.0,1.0,22.0,2.0,61.0,148.0,159
240050,2016,9.0,0.0,0.0,1.0,0.0,64.0,0.0,24.0,1.0,65.0,167.0,185
240050,2017,13.0,0.0,0.0,1.0,0.0,62.0,1.0,17.0,2.0,50.0,148.0,170
240050,2018,11.0,0.0,6.0,3.0,0.0,77.0,0.0,15.0,3.0,43.0,171.0,182
240050,2019,5.0,0.0,4.0,1.0,1.0,67.0,0.0,12.0,4.0,60.0,173.0,182
240060,2012,2.0,0.0,0.0,1.0,0.0,21.0,0.0,2.0,5.0,10.0,48.0,66
240060,2013,0.0,0.0,0.0,0.0,0.0,0.0,0.0,0.0,0.0,0.0,45.0,57
240060,2014,4.0,0.0,2.0,0.0,1.0,13.0,0.0,8.0,1.0,21.0,51.0,61
240060,2015,5.0,0.0,2.0,1.0,3.0,20.0,0.0,5.0,1.0,12.0,50.0,65
240060,2016,5.0,0.0,0.0,0.0,0.0,21.0,1.0,5.0,0.0,20.0,54.0,64
240060,2017,4.0,0.0,0.0,0.0,0.0,16.0,0.0,3.0,1.0,16.0,40.0,50
240060,2018,2.0,0.0,0.0,0.0,0.0,16.0,1.0,6.0,2.0,14.0,42.0,52
240060,2019,2.0,1.0,0.0,1.0,0.0,13.0,1.0,3.0,6.0,12.0,39.0,48
240070,2012,13.0,1.0,5.0,4.0,1.0,32.0,5.0,2.0,22.0,14.0,118.0,153
240070,2013,0.0,0.0,0.0,0.0,0.0,0.0,0.0,0.0,0.0,0.0,108.0,136
240070,2014,21.0,1.0,4.0,10.0,2.0,52.0,14.0,22.0,23.0,34.0,194.0,228
240070,2015,12.0,0.0,8.0,3.0,1.0,24.0,6.0,12.0,16.0,22.0,153.0,194
240070,2016,9.0,0.0,0.0,2.0,0.0,44.0,5.0,7.0,8.0,20.0,113.0,147
240070,2017,20.0,0.0,2.0,3.0,1.0,46.0,7.0,14.0,13.0,31.0,137.0,179
240070,2018,11.0,0.0,2.0,2.0,3.0,54.0,7.0,15.0,14.0,36.0,145.0,191
240070,2019,13.0,0.0,0.0,4.0,1.0,38.0,5.0,14.0,20.0,25.0,121.0,170
240080,2012,11.0,0.0,3.0,0.0,1.0,15.0,4.0,3.0,19.0,13.0,103.0,155
240080,2013,0.0,0.0,0.0,0.0,0.0,0.0,0.0,0.0,0.0,0.0,84.0,139
240080,2014,14.0,0.0,2.0,1.0,2.0,24.0,3.0,7.0,15.0,23.0,99.0,142
240080,2015,6.0,0.0,2.0,1.0,1.0,31.0,8.0,5.0,7.0,23.0,97.0,147
240080,2016,12.0,0.0,4.0,0.0,1.0,27.0,1.0,16.0,4.0,27.0,95.0,136
240080,2017,2.0,0.0,0.0,0.0,0.0,28.0,4.0,13.0,4.0,21.0,74.0,117
240080,2018,14.0,0.0,2.0,4.0,3.0,27.0,2.0,8.0,9.0,21.0,93.0,136
240080,2019,9.0,1.0,2.0,0.0,1.0,27.0,4.0,8.0,16.0,19.0,87.0,128
240090,2012,12.0,0.0,0.0,0.0,1.0,29.0,3.0,11.0,10.0,26.0,95.0,112
240090,2013,0.0,0.0,0.0,0.0,0.0,0.0,0.0,0.0,0.0,0.0,68.0,79
240090,2014,8.0,0.0,4.0,0.0,0.0,20.0,9.0,3.0,22.0,8.0,76.0,90
240090,2015,8.0,0.0,3.0,0.0,0.0,39.0,10.0,7.0,20.0,11.0,99.0,110
240090,2016,6.0,0.0,0.0,0.0,0.0,27.0,5.0,5.0,13.0,12.0,68.0,77
240090,2017,5.0,0.0,2.0,0.0,1.0,29.0,0.0,9.0,2.0,21.0,69.0,74
240090,2018,4.0,0.0,0.0,0.0,1.0,20.0,0.0,5.0,5.0,16.0,55.0,66
240090,2019,6.0,0.0,0.0,0.0,1.0,23.0,2.0,5.0,1.0,25.0,64.0,71
240100,2012,35.0,0.0,6.0,1.0,2.0,75.0,3.0,47.0,8.0,158.0,368.0,412
240100,2013,0.0,0.0,0.0,0.0,0.0,0.0,0.0,0.0,0.0,0.0,367.0,446
240100,2014,21.0,3.0,9.0,6.0,5.0,69.0,1.0,57.0,9.0,130.0,356.0,413
240100,2015,25.0,1.0,8.0,3.0,4.0,77.0,18.0,35.0,76.0,120.0,372.0,438
240100,2016,32.0,0.0,2.0,1.0,0.0,101.0,47.0,13.0,125.0,34.0,357.0,407
240100,2017,32.0,0.0,0.0,1.0,1.0,102.0,9.0,38.0,31.0,90.0,318.0,369
240100,2018,29.0,0.0,1.0,9.0,8.0,103.0,15.0,35.0,40.0,100.0,347.0,413
240100,2019,24.0,2.0,5.0,4.0,2.0,132.0,20.0,26.0,54.0,62.0,339.0,408
240110,2012,52.0,1.0,6.0,7.0,5.0,44.0,4.0,3.0,27.0,69.0,249.0,366
240110,2013,0.0,0.0,0.0,0.0,0.0,0.0,0.0,0.0,0.0,0.0,223.0,351
240110,2014,25.0,0.0,8.0,5.0,10.0,49.0,9.0,46.0,28.0,51.0,244.0,355
240110,2015,28.0,0.0,8.0,5.0,7.0,74.0,11.0,43.0,26.0,75.0,290.0,414
240110,2016,34.0,0.0,8.0,8.0,5.0,64.0,7.0,34.0,11.0,58.0,237.0,325
240110,2017,31.0,1.0,3.0,2.0,5.0,78.0,12.0,40.0,27.0,78.0,278.0,373
240110,2018,42.0,0.0,4.0,2.0,4.0,78.0,5.0,35.0,18.0,58.0,251.0,336
240110,2019,36.0,0.0,2.0,4.0,5.0,69.0,7.0,27.0,15.0,69.0,239.0,320
240120,2012,9.0,2.0,2.0,2.0,4.0,22.0,8.0,3.0,9.0,12.0,103.0,236
240120,2013,0.0,0.0,0.0,0.0,0.0,0.0,0.0,0.0,0.0,0.0,79.0,200
240120,2014,5.0,1.0,2.0,0.0,1.0,22.0,4.0,6.0,8.0,11.0,64.0,161
240120,2015,6.0,0.0,0.0,3.0,3.0,23.0,5.0,10.0,8.0,16.0,79.0,202
240120,2016,5.0,0.0,6.0,1.0,6.0,29.0,4.0,8.0,10.0,22.0,100.0,207
240120,2017,6.0,0.0,0.0,3.0,0.0,19.0,10.0,7.0,14.0,14.0,76.0,185
240120,2018,7.0,0.0,2.0,1.0,0.0,36.0,8.0,9.0,13.0,10.0,89.0,199
240120,2019,6.0,0.0,6.0,5.0,1.0,29.0,7.0,13.0,10.0,12.0,91.0,187
240130,2012,11.0,0.0,2.0,3.0,3.0,12.0,0.0,1.0,5.0,10.0,63.0,104
240130,2013,0.0,0.0,0.0,0.0,0.0,0.0,0.0,0.0,0.0,0.0,59.0,117
240130,2014,5.0,1.0,2.0,1.0,1.0,9.0,2.0,9.0,7.0,11.0,51.0,102
240130,2015,5.0,0.0,0.0,2.0,1.0,10.0,2.0,10.0,2.0,21.0,57.0,119
240130,2016,5.0,0.0,0.0,0.0,1.0,24.0,0.0,11.0,1.0,12.0,57.0,81
240130,2017,10.0,0.0,4.0,0.0,2.0,17.0,2.0,5.0,6.0,30.0,77.0,103
240130,2018,9.0,0.0,2.0,1.0,2.0,18.0,3.0,5.0,15.0,13.0,70.0,104
240130,2019,5.0,0.0,0.0,0.0,7.0,16.0,5.0,6.0,8.0,21.0,68.0,91
240140,2012,6.0,0.0,4.0,1.0,1.0,3.0,1.0,3.0,6.0,7.0,45.0,110
240140,2013,0.0,0.0,0.0,0.0,0.0,0.0,0.0,0.0,0.0,0.0,50.0,109
240140,2014,4.0,3.0,6.0,1.0,0.0,11.0,5.0,5.0,5.0,9.0,55.0,122
240140,2015,1.0,0.0,2.0,1.0,0.0,9.0,1.0,7.0,2.0,13.0,46.0,115
240140,2016,7.0,1.0,0.0,1.0,3.0,14.0,2.0,6.0,4.0,9.0,53.0,110
240140,2017,3.0,0.0,2.0,4.0,0.0,16.0,7.0,4.0,3.0,4.0,50.0,127
240140,2018,3.0,0.0,0.0,1.0,0.0,16.0,5.0,6.0,8.0,13.0,56.0,114
240140,2019,2.0,0.0,2.0,4.0,3.0,14.0,6.0,5.0,8.0,9.0,56.0,113
240145,2012,29.0,1.0,6.0,2.0,3.0,68.0,0.0,6.0,38.0,98.0,293.0,401
240145,2013,0.0,0.0,0.0,0.0,0.0,0.0,0.0,0.0,0.0,0.0,283.0,378
240145,2014,26.0,0.0,0.0,6.0,8.0,100.0,8.0,36.0,28.0,65.0,290.0,409
240145,2015,26.0,0.0,12.0,9.0,6.0,86.0,5.0,29.0,24.0,87.0,305.0,437
240145,2016,32.0,0.0,8.0,3.0,3.0,101.0,2.0,27.0,7.0,83.0,270.0,394
240145,2017,44.0,0.0,10.0,8.0,4.0,79.0,10.0,39.0,19.0,82.0,296.0,397
240145,2018,27.0,0.0,2.0,9.0,3.0,89.0,12.0,26.0,28.0,63.0,260.0,367
240145,2019,27.0,0.0,2.0,7.0,3.0,100.0,10.0,28.0,29.0,68.0,274.0,352
240150,2012,2.0,0.0,0.0,0.0,0.0,3.0,0.0,0.0,0.0,2.0,10.0,28
240150,2013,0.0,0.0,0.0,0.0,0.0,0.0,0.0,0.0,0.0,0.0,21.0,51
240150,2014,3.0,0.0,0.0,0.0,0.0,5.0,2.0,0.0,4.0,5.0,19.0,42
240150,2015,2.0,0.0,2.0,1.0,0.0,1.0,1.0,2.0,4.0,3.0,22.0,46
240150,2016,1.0,0.0,0.0,1.0,0.0,4.0,2.0,0.0,1.0,1.0,22.0,40
240150,2017,1.0,0.0,0.0,1.0,0.0,8.0,1.0,1.0,1.0,10.0,25.0,51
240150,2018,1.0,0.0,1.0,0.0,0.0,4.0,4.0,0.0,1.0,1.0,16.0,39
240150,2019,3.0,0.0,2.0,1.0,0.0,10.0,0.0,1.0,1.0,3.0,21.0,50
240160,2012,2.0,0.0,0.0,0.0,1.0,4.0,1.0,0.0,2.0,4.0,18.0,84
240160,2013,0.0,0.0,0.0,0.0,0.0,0.0,0.0,0.0,0.0,0.0,20.0,63
240160,2014,3.0,0.0,0.0,1.0,1.0,7.0,2.0,1.0,5.0,4.0,25.0,67
240160,2015,1.0,0.0,0.0,0.0,0.0,4.0,0.0,6.0,4.0,6.0,21.0,63
240160,2016,3.0,0.0,2.0,0.0,0.0,10.0,1.0,2.0,2.0,2.0,25.0,68
240160,2017,5.0,0.0,0.0,3.0,2.0,8.0,1.0,1.0,5.0,1.0,27.0,66
240160,2018,1.0,0.0,2.0,0.0,1.0,3.0,1.0,5.0,6.0,6.0,27.0,72
240160,2019,2.0,0.0,2.0,1.0,0.0,3.0,2.0,4.0,6.0,5.0,26.0,67
240165,2012,1.0,0.0,2.0,0.0,0.0,2.0,1.0,2.0,2.0,5.0,19.0,35
240165,2013,0.0,0.0,0.0,0.0,0.0,0.0,0.0,0.0,0.0,0.0,24.0,36
240165,2014,1.0,0.0,0.0,0.0,1.0,3.0,0.0,2.0,2.0,3.0,12.0,42
240165,2015,0.0,1.0,0.0,0.0,0.0,5.0,3.0,4.0,4.0,10.0,31.0,49
240165,2016,4.0,0.0,0.0,0.0,0.0,5.0,0.0,6.0,4.0,6.0,25.0,32
240165,2017,0.0,0.0,2.0,1.0,0.0,4.0,0.0,0.0,3.0,1.0,11.0,32
240165,2018,1.0,1.0,4.0,0.0,2.0,6.0,2.0,4.0,3.0,5.0,30.0,50
240165,2019,1.0,0.0,0.0,1.0,2.0,12.0,1.0,1.0,3.0,5.0,26.0,54
240170,2012,8.0,0.0,0.0,1.0,0.0,13.0,2.0,1.0,12.0,6.0,46.0,124
240170,2013,0.0,0.0,0.0,0.0,0.0,0.0,0.0,0.0,0.0,0.0,36.0,103
240170,2014,2.0,0.0,0.0,4.0,0.0,11.0,4.0,6.0,4.0,7.0,43.0,139
240170,2015,4.0,0.0,0.0,1.0,0.0,11.0,1.0,4.0,4.0,4.0,50.0,113
240170,2016,5.0,0.0,0.0,0.0,2.0,6.0,1.0,0.0,2.0,3.0,49.0,112
240170,2017,3.0,0.0,2.0,1.0,2.0,13.0,3.0,5.0,5.0,14.0,51.0,124
240170,2018,9.0,0.0,2.0,1.0,0.0,14.0,4.0,9.0,7.0,9.0,67.0,149
240170,2019,7.0,0.0,0.0,5.0,3.0,9.0,4.0,11.0,3.0,16.0,59.0,121
240180,2012,7.0,1.0,2.0,3.0,1.0,12.0,2.0,3.0,8.0,7.0,60.0,174
240180,2013,0.0,0.0,0.0,0.0,0.0,0.0,0.0,0.0,0.0,0.0,67.0,150
240180,2014,8.0,1.0,2.0,0.0,0.0,8.0,3.0,9.0,18.0,12.0,70.0,177
240180,2015,5.0,2.0,4.0,4.0,1.0,24.0,2.0,10.0,10.0,22.0,91.0,179
240180,2016,5.0,0.0,4.0,2.0,4.0,18.0,5.0,14.0,9.0,24.0,93.0,182
240180,2017,13.0,0.0,3.0,4.0,1.0,19.0,2.0,7.0,10.0,13.0,75.0,164
240180,2018,5.0,0.0,2.0,0.0,0.0,23.0,10.0,10.0,11.0,13.0,74.0,169
240180,2019,5.0,0.0,3.0,0.0,2.0,23.0,4.0,10.0,9.0,18.0,74.0,168
240185,2012,7.0,0.0,0.0,1.0,0.0,4.0,0.0,4.0,4.0,7.0,29.0,89
240185,2013,0.0,0.0,0.0,0.0,0.0,0.0,0.0,0.0,0.0,0.0,24.0,75
240185,2014,3.0,0.0,0.0,0.0,0.0,7.0,5.0,2.0,3.0,4.0,24.0,66
240185,2015,5.0,0.0,0.0,1.0,0.0,11.0,1.0,10.0,6.0,5.0,39.0,92
240185,2016,3.0,0.0,0.0,0.0,1.0,7.0,3.0,6.0,4.0,7.0,31.0,81
240185,2017,0.0,0.0,0.0,0.0,2.0,8.0,2.0,6.0,3.0,2.0,23.0,75
240185,2018,2.0,1.0,0.0,0.0,0.0,5.0,2.0,5.0,2.0,9.0,28.0,73
240185,2019,2.0,0.0,0.0,2.0,0.0,7.0,4.0,2.0,4.0,4.0,26.0,76
240190,2012,6.0,0.0,0.0,2.0,1.0,2.0,1.0,1.0,3.0,4.0,25.0,54
240190,2013,0.0,0.0,0.0,0.0,0.0,0.0,0.0,0.0,0.0,0.0,15.0,46
240190,2014,0.0,0.0,0.0,0.0,0.0,4.0,0.0,2.0,4.0,9.0,24.0,51
240190,2015,4.0,0.0,0.0,0.0,2.0,3.0,0.0,0.0,4.0,5.0,26.0,55
240190,2016,3.0,1.0,0.0,0.0,1.0,4.0,0.0,1.0,2.0,3.0,23.0,59
240190,2017,2.0,0.0,2.0,1.0,0.0,3.0,0.0,1.0,1.0,3.0,16.0,48
240190,2018,1.0,0.0,2.0,1.0,2.0,10.0,1.0,4.0,2.0,5.0,30.0,58
240190,2019,0.0,0.0,2.0,2.0,0.0,9.0,1.0,1.0,3.0,0.0,19.0,44
240200,2012,46.0,0.0,21.0,5.0,10.0,143.0,12.0,35.0,32.0,176.0,493.0,782
240200,2013,0.0,0.0,0.0,0.0,0.0,0.0,0.0,0.0,0.0,0.0,497.0,731
240200,2014,35.0,1.0,6.0,8.0,2.0,173.0,6.0,69.0,14.0,184.0,501.0,713
240200,2015,47.0,1.0,21.0,8.0,8.0,149.0,37.0,62.0,61.0,168.0,564.0,747
240200,2016,47.0,1.0,13.0,6.0,8.0,174.0,24.0,50.0,68.0,154.0,551.0,699
240200,2017,31.0,3.0,19.0,11.0,9.0,183.0,13.0,55.0,40.0,169.0,533.0,686
240200,2018,47.0,1.0,11.0,19.0,9.0,160.0,11.0,77.0,19.0,181.0,540.0,688
240200,2019,39.0,1.0,5.0,13.0,4.0,161.0,7.0,70.0,24.0,182.0,507.0,671
240210,2012,4.0,0.0,3.0,0.0,1.0,18.0,13.0,5.0,12.0,10.0,69.0,140
240210,2013,0.0,0.0,0.0,0.0,0.0,0.0,0.0,0.0,0.0,0.0,56.0,118
240210,2014,5.0,0.0,0.0,0.0,2.0,15.0,1.0,7.0,14.0,14.0,61.0,146
240210,2015,3.0,0.0,4.0,1.0,1.0,8.0,1.0,3.0,2.0,12.0,66.0,145
240210,2016,2.0,0.0,2.0,0.0,1.0,2.0,2.0,2.0,2.0,4.0,66.0,137
240210,2017,5.0,0.0,2.0,4.0,2.0,9.0,5.0,13.0,12.0,9.0,67.0,135
240210,2018,4.0,1.0,7.0,1.0,1.0,9.0,2.0,1.0,10.0,8.0,57.0,120
240210,2019,7.0,1.0,2.0,2.0,2.0,23.0,1.0,10.0,8.0,16.0,72.0,139
240220,2012,39.0,0.0,2.0,3.0,3.0,59.0,10.0,16.0,30.0,31.0,230.0,579
240220,2013,0.0,0.0,0.0,0.0,0.0,0.0,0.0,0.0,0.0,0.0,218.0,539
240220,2014,21.0,4.0,10.0,3.0,1.0,53.0,22.0,17.0,37.0,32.0,220.0,532
240220,2015,19.0,0.0,10.0,6.0,3.0,66.0,9.0,30.0,25.0,40.0,229.0,549
240220,2016,15.0,2.0,3.0,2.0,7.0,61.0,17.0,23.0,15.0,41.0,204.0,505
240220,2017,15.0,2.0,11.0,7.0,10.0,64.0,18.0,19.0,30.0,51.0,234.0,539
240220,2018,18.0,0.0,3.0,7.0,3.0,93.0,19.0,38.0,25.0,46.0,255.0,527
240220,2019,18.0,0.0,6.0,5.0,4.0,109.0,13.0,22.0,41.0,54.0,275.0,526
240230,2012,14.0,3.0,2.0,3.0,6.0,42.0,1.0,7.0,13.0,20.0,168.0,284
240230,2013,0.0,0.0,0.0,0.0,0.0,0.0,0.0,0.0,0.0,0.0,142.0,253
240230,2014,22.0,1.0,6.0,1.0,4.0,42.0,9.0,42.0,17.0,49.0,196.0,299
240230,2015,16.0,0.0,0.0,8.0,5.0,32.0,5.0,19.0,16.0,46.0,153.0,262
240230,2016,14.0,0.0,1.0,2.0,3.0,40.0,2.0,13.0,7.0,41.0,136.0,223
240230,2017,19.0,0.0,2.0,1.0,3.0,43.0,3.0,18.0,19.0,47.0,169.0,244
240230,2018,21.0,0.0,3.0,1.0,3.0,52.0,21.0,21.0,23.0,33.0,187.0,262
240230,2019,22.0,0.0,3.0,6.0,2.0,46.0,23.0,7.0,35.0,23.0,167.0,236
240240,2012,6.0,0.0,1.0,1.0,0.0,8.0,6.0,5.0,9.0,16.0,57.0,111
240240,2013,0.0,0.0,0.0,0.0,0.0,0.0,0.0,0.0,0.0,0.0,66.0,112
240240,2014,2.0,1.0,1.0,3.0,1.0,7.0,6.0,8.0,13.0,10.0,56.0,112
240240,2015,4.0,0.0,2.0,1.0,3.0,16.0,6.0,9.0,5.0,9.0,56.0,96
240240,2016,3.0,1.0,0.0,1.0,1.0,10.0,5.0,6.0,7.0,9.0,48.0,68
240240,2017,2.0,1.0,1.0,0.0,0.0,18.0,5.0,1.0,12.0,7.0,48.0,88
240240,2018,3.0,0.0,4.0,1.0,2.0,10.0,2.0,6.0,12.0,2.0,44.0,88
240240,2019,4.0,0.0,0.0,1.0,1.0,21.0,6.0,8.0,7.0,10.0,60.0,93
240250,2012,11.0,2.0,0.0,1.0,0.0,19.0,9.0,8.0,8.0,10.0,78.0,136
240250,2013,0.0,0.0,0.0,0.0,0.0,0.0,0.0,0.0,0.0,0.0,77.0,144
240250,2014,4.0,0.0,6.0,1.0,2.0,18.0,12.0,10.0,9.0,27.0,95.0,138
240250,2015,5.0,0.0,2.0,1.0,2.0,21.0,7.0,8.0,8.0,18.0,92.0,141
240250,2016,7.0,0.0,1.0,0.0,0.0,22.0,1.0,18.0,2.0,22.0,75.0,102
240250,2017,15.0,0.0,0.0,1.0,1.0,17.0,5.0,20.0,4.0,20.0,85.0,114
240250,2018,9.0,0.0,4.0,2.0,3.0,25.0,0.0,10.0,6.0,19.0,78.0,122
240250,2019,13.0,1.0,5.0,1.0,2.0,29.0,6.0,13.0,11.0,23.0,104.0,134
240260,2012,62.0,1.0,13.0,11.0,3.0,86.0,23.0,43.0,83.0,80.0,429.0,1101
240260,2013,0.0,0.0,0.0,0.0,0.0,0.0,0.0,0.0,0.0,0.0,437.0,1197
240260,2014,94.0,3.0,20.0,11.0,15.0,126.0,38.0,72.0,84.0,93.0,570.0,1282
240260,2015,64.0,0.0,12.0,13.0,4.0,124.0,29.0,40.0,60.0,74.0,447.0,1234
240260,2016,49.0,0.0,10.0,5.0,8.0,134.0,30.0,33.0,71.0,77.0,423.0,1060
240260,2017,41.0,1.0,17.0,46.0,27.0,99.0,37.0,28.0,61.0,48.0,413.0,1131
240260,2018,40.0,1.0,10.0,16.0,10.0,149.0,45.0,28.0,64.0,60.0,428.0,1158
240260,2019,39.0,3.0,12.0,15.0,9.0,108.0,41.0,40.0,71.0,55.0,402.0,1041
240270,2012,8.0,0.0,2.0,1.0,3.0,14.0,3.0,9.0,13.0,12.0,72.0,141
240270,2013,0.0,0.0,0.0,0.0,0.0,0.0,0.0,0.0,0.0,0.0,65.0,131
240270,2014,3.0,0.0,0.0,2.0,1.0,21.0,7.0,17.0,7.0,8.0,68.0,149
240270,2015,2.0,0.0,0.0,3.0,2.0,8.0,4.0,12.0,7.0,13.0,55.0,126
240270,2016,7.0,0.0,2.0,1.0,0.0,14.0,5.0,6.0,5.0,7.0,57.0,128
240270,2017,6.0,2.0,2.0,3.0,1.0,14.0,4.0,5.0,7.0,11.0,59.0,124
240270,2018,8.0,0.0,3.0,2.0,0.0,22.0,4.0,8.0,12.0,16.0,81.0,151
240270,2019,6.0,1.0,1.0,2.0,3.0,22.0,5.0,3.0,9.0,8.0,61.0,132
240280,2012,6.0,0.0,2.0,0.0,2.0,7.0,0.0,2.0,1.0,4.0,26.0,66
240280,2013,0.0,0.0,0.0,0.0,0.0,0.0,0.0,0.0,0.0,0.0,23.0,71
240280,2014,3.0,0.0,0.0,1.0,3.0,6.0,1.0,7.0,6.0,11.0,39.0,72
240280,2015,4.0,0.0,0.0,1.0,1.0,5.0,0.0,3.0,0.0,9.0,47.0,96
240280,2016,3.0,0.0,0.0,0.0,0.0,0.0,1.0,1.0,1.0,0.0,31.0,70
240280,2017,5.0,1.0,2.0,1.0,0.0,6.0,0.0,3.0,5.0,6.0,32.0,71
240280,2018,7.0,0.0,0.0,1.0,0.0,9.0,1.0,3.0,4.0,8.0,40.0,83
240280,2019,3.0,0.0,0.0,0.0,0.0,5.0,4.0,2.0,5.0,9.0,28.0,76
240290,2012,7.0,0.0,1.0,0.0,1.0,17.0,1.0,3.0,1.0,5.0,43.0,61
240290,2013,0.0,0.0,0.0,0.0,0.0,0.0,0.0,0.0,0.0,0.0,56.0,71
240290,2014,3.0,0.0,0.0,0.0,0.0,21.0,2.0,8.0,4.0,15.0,56.0,71
240290,2015,1.0,0.0,2.0,0.0,0.0,15.0,8.0,3.0,7.0,7.0,47.0,61
240290,2016,1.0,1.0,0.0,0.0,1.0,14.0,4.0,6.0,4.0,16.0,51.0,67
240290,2017,5.0,0.0,0.0,0.0,0.0,12.0,5.0,6.0,5.0,7.0,41.0,52
240290,2018,2.0,0.0,0.0,0.0,0.0,15.0,7.0,6.0,13.0,4.0,53.0,68
240290,2019,4.0,0.0,0.0,0.0,0.0,14.0,4.0,2.0,13.0,7.0,46.0,58
240300,2012,3.0,1.0,0.0,0.0,2.0,9.0,3.0,5.0,4.0,20.0,48.0,102
240300,2013,0.0,0.0,0.0,0.0,0.0,0.0,0.0,0.0,0.0,0.0,57.0,98
240300,2014,1.0,0.0,0.0,0.0,1.0,18.0,3.0,10.0,2.0,16.0,52.0,94
240300,2015,5.0,0.0,0.0,1.0,1.0,14.0,5.0,14.0,10.0,14.0,64.0,95
240300,2016,4.0,0.0,0.0,1.0,0.0,13.0,2.0,10.0,4.0,17.0,51.0,75
240300,2017,6.0,0.0,0.0,2.0,2.0,11.0,3.0,12.0,17.0,21.0,74.0,94
240300,2018,4.0,0.0,6.0,3.0,3.0,16.0,2.0,8.0,6.0,13.0,62.0,86
240300,2019,3.0,0.0,4.0,3.0,2.0,12.0,3.0,5.0,1.0,11.0,44.0,70
240310,2012,47.0,0.0,6.0,4.0,3.0,77.0,37.0,22.0,85.0,49.0,353.0,548
240310,2013,0.0,0.0,0.0,0.0,0.0,0.0,0.0,0.0,0.0,0.0,376.0,545
240310,2014,29.0,0.0,10.0,7.0,6.0,101.0,18.0,45.0,50.0,78.0,357.0,536
240310,2015,35.0,0.0,2.0,2.0,4.0,86.0,18.0,42.0,35.0,94.0,332.0,521
240310,2016,27.0,0.0,14.0,3.0,3.0,73.0,14.0,30.0,39.0,57.0,285.0,456
240310,2017,33.0,2.0,13.0,5.0,5.0,107.0,27.0,14.0,73.0,63.0,349.0,506
240310,2018,29.0,1.0,9.0,7.0,8.0,99.0,29.0,24.0,60.0,39.0,327.0,517
240310,2019,38.0,1.0,9.0,6.0,5.0,123.0,23.0,22.0,70.0,50.0,347.0,499
240320,2012,4.0,0.0,2.0,0.0,0.0,71.0,0.0,3.0,0.0,8.0,92.0,109
240320,2013,0.0,0.0,0.0,0.0,0.0,0.0,0.0,0.0,0.0,0.0,88.0,102
240320,2014,10.0,0.0,0.0,0.0,0.0,42.0,5.0,6.0,12.0,17.0,96.0,113
240320,2015,3.0,0.0,0.0,1.0,0.0,24.0,17.0,2.0,22.0,12.0,83.0,96
240320,2016,5.0,0.0,2.0,0.0,0.0,23.0,14.0,5.0,31.0,4.0,85.0,103
240320,2017,2.0,0.0,1.0,1.0,1.0,30.0,18.0,2.0,28.0,8.0,91.0,102
240320,2018,8.0,0.0,0.0,0.0,0.0,18.0,16.0,1.0,26.0,7.0,76.0,92
240320,2019,8.0,0.0,6.0,0.0,0.0,29.0,13.0,1.0,27.0,7.0,92.0,99
240325,2012,327.0,6.0,43.0,44.0,67.0,564.0,50.0,117.0,370.0,428.0,2195.0,3706
240325,2013,0.0,0.0,0.0,0.0,0.0,0.0,0.0,0.0,0.0,0.0,2425.0,3912
240325,2014,289.0,9.0,68.0,34.0,32.0,717.0,161.0,219.0,452.0,531.0,2575.0,4025
240325,2015,261.0,6.0,63.0,67.0,68.0,860.0,196.0,224.0,449.0,550.0,2801.0,4149
240325,2016,266.0,10.0,76.0,61.0,58.0,724.0,150.0,213.0,461.0,460.0,2504.0,3811
240325,2017,239.0,7.0,78.0,65.0,54.0,809.0,181.0,191.0,395.0,591.0,2634.0,3898
240325,2018,245.0,10.0,91.0,61.0,50.0,894.0,163.0,207.0,400.0,535.0,2722.0,3936
240325,2019,227.0,4.0,65.0,49.0,43.0,798.0,160.0,190.0,378.0,419.0,2382.0,3449
240330,2012,8.0,0.0,0.0,0.0,0.0,33.0,0.0,3.0,1.0,7.0,60.0,80
240330,2013,0.0,0.0,0.0,0.0,0.0,0.0,0.0,0.0,0.0,0.0,60.0,75
240330,2014,4.0,0.0,0.0,1.0,0.0,25.0,3.0,5.0,12.0,19.0,73.0,93
240330,2015,6.0,0.0,2.0,0.0,0.0,12.0,3.0,3.0,12.0,19.0,57.0,81
240330,2016,2.0,0.0,2.0,1.0,2.0,16.0,5.0,5.0,6.0,10.0,53.0,81
240330,2017,7.0,0.0,2.0,0.0,0.0,19.0,8.0,3.0,16.0,16.0,73.0,97
240330,2018,5.0,0.0,0.0,1.0,1.0,25.0,7.0,8.0,17.0,10.0,74.0,82
240330,2019,4.0,0.0,2.0,1.0,1.0,26.0,6.0,2.0,20.0,7.0,69.0,89
240340,2012,5.0,0.0,0.0,1.0,0.0,7.0,5.0,2.0,3.0,4.0,31.0,62
240340,2013,0.0,0.0,0.0,0.0,0.0,0.0,0.0,0.0,0.0,0.0,37.0,80
240340,2014,2.0,0.0,0.0,0.0,1.0,9.0,6.0,4.0,8.0,3.0,33.0,64
240340,2015,1.0,1.0,0.0,1.0,1.0,6.0,2.0,4.0,2.0,2.0,23.0,67
240340,2016,3.0,1.0,0.0,0.0,0.0,11.0,3.0,5.0,5.0,4.0,35.0,61
240340,2017,1.0,0.0,0.0,1.0,0.0,8.0,2.0,0.0,5.0,2.0,20.0,51
240340,2018,4.0,0.0,0.0,2.0,0.0,6.0,6.0,1.0,5.0,6.0,30.0,69
240340,2019,3.0,0.0,0.0,2.0,0.0,10.0,4.0,3.0,9.0,2.0,33.0,60
240350,2012,5.0,0.0,0.0,3.0,1.0,6.0,2.0,10.0,6.0,6.0,64.0,132
240350,2013,0.0,0.0,0.0,0.0,0.0,0.0,0.0,0.0,0.0,0.0,40.0,107
240350,2014,3.0,0.0,0.0,0.0,1.0,9.0,3.0,5.0,7.0,7.0,45.0,92
240350,2015,7.0,0.0,0.0,1.0,2.0,11.0,1.0,12.0,9.0,8.0,54.0,110
240350,2016,6.0,0.0,0.0,1.0,1.0,7.0,1.0,5.0,1.0,4.0,35.0,94
240350,2017,9.0,0.0,0.0,0.0,0.0,17.0,3.0,1.0,6.0,7.0,44.0,98
240350,2018,2.0,0.0,4.0,3.0,1.0,15.0,4.0,2.0,4.0,6.0,45.0,97
240350,2019,4.0,1.0,0.0,3.0,0.0,11.0,5.0,9.0,7.0,14.0,58.0,112
240360,2012,15.0,2.0,2.0,4.0,6.0,42.0,8.0,14.0,34.0,30.0,165.0,376
240360,2013,0.0,0.0,0.0,0.0,0.0,0.0,0.0,0.0,0.0,0.0,223.0,518
240360,2014,25.0,0.0,10.0,6.0,5.0,65.0,23.0,15.0,49.0,39.0,247.0,544
240360,2015,19.0,0.0,10.0,6.0,1.0,70.0,28.0,24.0,47.0,34.0,249.0,568
240360,2016,44.0,0.0,2.0,4.0,4.0,67.0,21.0,19.0,55.0,45.0,264.0,564
240360,2017,31.0,1.0,8.0,26.0,22.0,72.0,36.0,19.0,56.0,31.0,315.0,569
240360,2018,37.0,0.0,9.0,7.0,6.0,99.0,24.0,28.0,57.0,40.0,329.0,650
240360,2019,41.0,1.0,2.0,7.0,6.0,73.0,31.0,26.0,49.0,38.0,298.0,560
240370,2012,7.0,0.0,0.0,1.0,0.0,11.0,1.0,14.0,2.0,19.0,59.0,67
240370,2013,0.0,0.0,0.0,0.0,0.0,0.0,0.0,0.0,0.0,0.0,39.0,48
240370,2014,3.0,0.0,0.0,2.0,0.0,11.0,1.0,9.0,1.0,26.0,60.0,69
240370,2015,4.0,0.0,1.0,0.0,0.0,19.0,2.0,5.0,9.0,21.0,63.0,75
240370,2016,10.0,0.0,2.0,0.0,0.0,18.0,5.0,6.0,9.0,14.0,65.0,74
240370,2017,12.0,0.0,0.0,0.0,3.0,16.0,1.0,7.0,2.0,11.0,53.0,66
240370,2018,8.0,0.0,2.0,0.0,5.0,14.0,1.0,3.0,5.0,8.0,46.0,55
240370,2019,3.0,0.0,0.0,2.0,0.0,14.0,1.0,4.0,5.0,8.0,37.0,41
240375,2012,2.0,0.0,0.0,0.0,0.0,2.0,2.0,0.0,4.0,1.0,13.0,33
240375,2013,0.0,0.0,0.0,0.0,0.0,0.0,0.0,0.0,0.0,0.0,26.0,38
240375,2014,1.0,0.0,0.0,1.0,0.0,6.0,1.0,3.0,4.0,2.0,20.0,34
240375,2015,3.0,0.0,0.0,1.0,0.0,8.0,1.0,3.0,1.0,3.0,27.0,45
240375,2016,2.0,0.0,2.0,0.0,0.0,1.0,1.0,2.0,0.0,7.0,17.0,30
240375,2017,2.0,0.0,2.0,1.0,0.0,10.0,0.0,0.0,1.0,12.0,29.0,40
240375,2018,3.0,0.0,0.0,1.0,2.0,12.0,0.0,7.0,0.0,5.0,31.0,45
240375,2019,1.0,0.0,2.0,0.0,0.0,7.0,1.0,2.0,2.0,5.0,20.0,35
240380,2012,9.0,0.0,8.0,0.0,1.0,14.0,5.0,5.0,14.0,10.0,76.0,135
240380,2013,0.0,0.0,0.0,0.0,0.0,0.0,0.0,0.0,0.0,0.0,66.0,123
240380,2014,4.0,0.0,2.0,1.0,2.0,19.0,6.0,6.0,17.0,9.0,71.0,117
240380,2015,7.0,0.0,0.0,1.0,0.0,22.0,8.0,5.0,5.0,17.0,69.0,119
240380,2016,5.0,0.0,2.0,2.0,0.0,12.0,5.0,2.0,7.0,16.0,56.0,97
240380,2017,7.0,0.0,4.0,3.0,1.0,21.0,8.0,1.0,8.0,9.0,63.0,108
240380,2018,7.0,1.0,0.0,2.0,2.0,30.0,7.0,6.0,13.0,13.0,85.0,122
240380,2019,5.0,0.0,2.0,3.0,1.0,16.0,9.0,5.0,7.0,10.0,58.0,106
240390,2012,7.0,0.0,2.0,0.0,0.0,23.0,0.0,0.0,0.0,0.0,33.0,46
240390,2013,0.0,0.0,0.0,0.0,0.0,0.0,0.0,0.0,0.0,0.0,30.0,33
240390,2014,2.0,0.0,4.0,0.0,0.0,14.0,2.0,0.0,3.0,13.0,40.0,51
240390,2015,2.0,1.0,0.0,0.0,0.0,5.0,3.0,0.0,5.0,3.0,19.0,27
240390,2016,1.0,0.0,2.0,0.0,0.0,7.0,3.0,2.0,7.0,2.0,25.0,32
240390,2017,0.0,0.0,2.0,0.0,0.0,11.0,5.0,0.0,14.0,5.0,37.0,45
240390,2018,2.0,0.0,0.0,0.0,0.0,12.0,4.0,2.0,14.0,2.0,36.0,40
240390,2019,2.0,0.0,2.0,0.0,1.0,7.0,5.0,0.0,9.0,1.0,28.0,32
240400,2012,3.0,3.0,2.0,1.0,0.0,9.0,3.0,2.0,10.0,6.0,41.0,59
240400,2013,0.0,0.0,0.0,0.0,0.0,0.0,0.0,0.0,0.0,0.0,29.0,37
240400,2014,2.0,0.0,0.0,0.0,0.0,12.0,2.0,1.0,13.0,4.0,34.0,48
240400,2015,5.0,0.0,3.0,1.0,0.0,13.0,8.0,4.0,8.0,5.0,47.0,57
240400,2016,6.0,0.0,0.0,1.0,0.0,14.0,4.0,3.0,12.0,1.0,42.0,54
240400,2017,3.0,0.0,0.0,2.0,0.0,17.0,2.0,1.0,3.0,9.0,38.0,53
240400,2018,6.0,0.0,1.0,0.0,1.0,20.0,3.0,4.0,5.0,14.0,54.0,61
240400,2019,8.0,0.0,0.0,3.0,0.0,12.0,1.0,1.0,5.0,10.0,40.0,50
240410,2012,5.0,0.0,0.0,1.0,0.0,3.0,2.0,3.0,2.0,1.0,18.0,32
240410,2013,0.0,0.0,0.0,0.0,0.0,0.0,0.0,0.0,0.0,0.0,15.0,19
240410,2014,0.0,0.0,0.0,0.0,0.0,5.0,2.0,6.0,4.0,1.0,22.0,31
240410,2015,2.0,0.0,0.0,0.0,0.0,3.0,1.0,0.0,2.0,2.0,24.0,39
240410,2016,2.0,0.0,0.0,1.0,1.0,4.0,0.0,4.0,3.0,2.0,21.0,34
240410,2017,2.0,0.0,0.0,2.0,0.0,6.0,2.0,2.0,3.0,2.0,19.0,34
240410,2018,1.0,0.0,0.0,1.0,1.0,9.0,0.0,7.0,4.0,3.0,26.0,37
240410,2019,2.0,0.0,2.0,0.0,0.0,9.0,1.0,4.0,3.0,4.0,28.0,39
240420,2012,20.0,0.0,3.0,5.0,3.0,29.0,3.0,14.0,38.0,31.0,172.0,493
240420,2013,0.0,0.0,0.0,0.0,0.0,0.0,0.0,0.0,0.0,0.0,194.0,533
240420,2014,21.0,7.0,2.0,4.0,4.0,38.0,15.0,14.0,39.0,34.0,195.0,462
240420,2015,15.0,1.0,7.0,6.0,3.0,31.0,13.0,25.0,20.0,28.0,169.0,497
240420,2016,17.0,1.0,1.0,10.0,6.0,45.0,14.0,23.0,30.0,44.0,204.0,477
240420,2017,25.0,0.0,2.0,5.0,4.0,69.0,21.0,23.0,30.0,52.0,237.0,495
240420,2018,31.0,0.0,7.0,5.0,5.0,62.0,26.0,19.0,41.0,36.0,235.0,508
240420,2019,18.0,2.0,6.0,9.0,3.0,67.0,21.0,23.0,34.0,42.0,226.0,491
240430,2012,23.0,2.0,0.0,2.0,1.0,29.0,1.0,1.0,20.0,22.0,120.0,191
240430,2013,0.0,0.0,0.0,0.0,0.0,0.0,0.0,0.0,0.0,0.0,118.0,162
240430,2014,8.0,0.0,2.0,1.0,1.0,38.0,4.0,9.0,11.0,38.0,118.0,168
240430,2015,13.0,0.0,2.0,2.0,1.0,33.0,7.0,12.0,16.0,29.0,118.0,164
240430,2016,10.0,0.0,8.0,2.0,1.0,43.0,3.0,12.0,2.0,20.0,106.0,137
240430,2017,9.0,0.0,0.0,0.0,1.0,33.0,2.0,8.0,11.0,36.0,101.0,137
240430,2018,11.0,0.0,2.0,2.0,0.0,48.0,7.0,9.0,10.0,37.0,127.0,168
240430,2019,12.0,0.0,2.0,2.0,2.0,40.0,6.0,6.0,12.0,20.0,102.0,139
240440,2012,14.0,1.0,0.0,0.0,1.0,12.0,0.0,2.0,13.0,21.0,75.0,103
240440,2013,0.0,0.0,0.0,0.0,0.0,0.0,0.0,0.0,0.0,0.0,86.0,119
240440,2014,10.0,1.0,0.0,5.0,1.0,24.0,3.0,10.0,14.0,27.0,96.0,128
240440,2015,8.0,0.0,0.0,2.0,3.0,30.0,3.0,10.0,12.0,25.0,99.0,130
240440,2016,4.0,0.0,0.0,0.0,1.0,37.0,2.0,11.0,6.0,33.0,96.0,129
240440,2017,8.0,0.0,7.0,1.0,3.0,31.0,4.0,10.0,8.0,25.0,97.0,125
240440,2018,8.0,1.0,1.0,4.0,5.0,28.0,0.0,6.0,10.0,19.0,83.0,108
240440,2019,9.0,0.0,3.0,3.0,1.0,32.0,8.0,11.0,13.0,24.0,106.0,125
240450,2012,10.0,0.0,4.0,3.0,1.0,22.0,13.0,5.0,21.0,9.0,109.0,229
240450,2013,0.0,0.0,0.0,0.0,0.0,0.0,0.0,0.0,0.0,0.0,103.0,200
240450,2014,11.0,0.0,8.0,6.0,3.0,31.0,16.0,35.0,21.0,37.0,173.0,268
240450,2015,5.0,0.0,0.0,24.0,8.0,32.0,16.0,23.0,15.0,31.0,181.0,298
240450,2016,11.0,1.0,3.0,10.0,4.0,39.0,8.0,13.0,13.0,26.0,139.0,258
240450,2017,9.0,0.0,6.0,8.0,3.0,62.0,8.0,12.0,18.0,26.0,153.0,283
240450,2018,12.0,0.0,2.0,3.0,0.0,55.0,10.0,11.0,19.0,35.0,151.0,310
240450,2019,8.0,0.0,2.0,7.0,9.0,54.0,20.0,5.0,30.0,14.0,149.0,276
240460,2012,6.0,0.0,2.0,4.0,1.0,10.0,5.0,4.0,6.0,7.0,49.0,137
240460,2013,0.0,0.0,0.0,0.0,0.0,0.0,0.0,0.0,0.0,0.0,39.0,117
240460,2014,4.0,0.0,2.0,2.0,0.0,11.0,3.0,2.0,8.0,10.0,42.0,114
240460,2015,4.0,0.0,0.0,2.0,2.0,15.0,5.0,7.0,14.0,14.0,63.0,139
240460,2016,3.0,0.0,3.0,1.0,1.0,20.0,6.0,4.0,10.0,8.0,56.0,148
240460,2017,2.0,0.0,3.0,8.0,7.0,6.0,7.0,1.0,10.0,3.0,47.0,132
240460,2018,7.0,0.0,0.0,4.0,3.0,20.0,5.0,2.0,13.0,5.0,59.0,141
240460,2019,7.0,0.0,2.0,2.0,1.0,11.0,7.0,6.0,9.0,14.0,60.0,136
240470,2012,12.0,0.0,2.0,2.0,1.0,22.0,7.0,11.0,12.0,28.0,125.0,209
240470,2013,0.0,0.0,0.0,0.0,0.0,0.0,0.0,0.0,0.0,0.0,145.0,237
240470,2014,7.0,0.0,2.0,3.0,0.0,36.0,18.0,18.0,18.0,31.0,155.0,214
240470,2015,10.0,1.0,5.0,4.0,0.0,38.0,8.0,17.0,17.0,31.0,166.0,238
240470,2016,15.0,0.0,2.0,1.0,2.0,45.0,1.0,29.0,2.0,38.0,148.0,208
240470,2017,14.0,0.0,2.0,3.0,3.0,53.0,3.0,28.0,8.0,41.0,158.0,230
240470,2018,22.0,0.0,2.0,3.0,6.0,60.0,5.0,21.0,19.0,36.0,179.0,249
240470,2019,13.0,0.0,2.0,2.0,3.0,44.0,6.0,19.0,9.0,30.0,130.0,196
240480,2012,0.0,0.0,0.0,0.0,0.0,2.0,1.0,3.0,1.0,7.0,14.0,22
240480,2013,0.0,0.0,0.0,0.0,0.0,0.0,0.0,0.0,0.0,0.0,14.0,25
240480,2014,0.0,0.0,0.0,0.0,0.0,2.0,0.0,2.0,0.0,5.0,9.0,20
240480,2015,0.0,0.0,0.0,0.0,0.0,12.0,1.0,0.0,0.0,0.0,13.0,21
240480,2016,0.0,0.0,0.0,1.0,0.0,1.0,1.0,2.0,0.0,3.0,8.0,15
240480,2017,2.0,0.0,0.0,1.0,0.0,6.0,0.0,4.0,2.0,4.0,19.0,25
240480,2018,0.0,0.0,3.0,0.0,0.0,5.0,0.0,2.0,0.0,2.0,12.0,19
240480,2019,0.0,0.0,0.0,0.0,0.0,4.0,0.0,3.0,0.0,2.0,9.0,15
240485,2012,10.0,0.0,3.0,2.0,2.0,13.0,3.0,7.0,7.0,15.0,77.0,126
240485,2013,0.0,0.0,0.0,0.0,0.0,0.0,0.0,0.0,0.0,0.0,83.0,120
240485,2014,3.0,0.0,4.0,1.0,1.0,22.0,7.0,7.0,10.0,15.0,78.0,120
240485,2015,5.0,0.0,4.0,0.0,0.0,12.0,5.0,7.0,6.0,21.0,80.0,114
240485,2016,7.0,0.0,0.0,1.0,4.0,27.0,0.0,17.0,3.0,26.0,88.0,113
240485,2017,7.0,0.0,0.0,0.0,1.0,22.0,0.0,14.0,1.0,27.0,76.0,99
240485,2018,10.0,2.0,0.0,3.0,2.0,23.0,3.0,21.0,8.0,25.0,97.0,134
240485,2019,3.0,1.0,0.0,1.0,0.0,22.0,3.0,4.0,6.0,18.0,58.0,86
240490,2012,5.0,0.0,4.0,0.0,0.0,19.0,0.0,8.0,2.0,8.0,52.0,75
240490,2013,0.0,0.0,0.0,0.0,0.0,0.0,0.0,0.0,0.0,0.0,49.0,64
240490,2014,5.0,0.0,0.0,0.0,0.0,19.0,2.0,5.0,1.0,9.0,41.0,60
240490,2015,5.0,0.0,0.0,0.0,0.0,11.0,0.0,6.0,9.0,13.0,46.0,65
240490,2016,3.0,0.0,2.0,1.0,1.0,16.0,2.0,12.0,7.0,12.0,56.0,76
240490,2017,3.0,0.0,2.0,0.0,0.0,14.0,3.0,7.0,5.0,24.0,58.0,70
240490,2018,5.0,0.0,0.0,0.0,0.0,20.0,6.0,3.0,10.0,7.0,52.0,64
240490,2019,2.0,0.0,0.0,0.0,0.0,15.0,5.0,1.0,8.0,7.0,40.0,48
240500,2012,3.0,1.0,0.0,1.0,0.0,11.0,2.0,3.0,4.0,21.0,49.0,108
240500,2013,0.0,0.0,0.0,0.0,0.0,0.0,0.0,0.0,0.0,0.0,47.0,109
240500,2014,2.0,0.0,4.0,1.0,0.0,10.0,4.0,5.0,4.0,8.0,39.0,100
240500,2015,2.0,0.0,0.0,1.0,2.0,10.0,0.0,7.0,2.0,9.0,52.0,113
240500,2016,2.0,0.0,2.0,0.0,0.0,3.0,1.0,2.0,0.0,1.0,43.0,112
240500,2017,5.0,0.0,2.0,1.0,1.0,13.0,2.0,3.0,6.0,10.0,46.0,90
240500,2018,1.0,0.0,0.0,2.0,1.0,12.0,1.0,6.0,7.0,9.0,49.0,110
240500,2019,4.0,1.0,0.0,4.0,3.0,20.0,3.0,10.0,6.0,12.0,63.0,108
240510,2012,3.0,0.0,1.0,0.0,0.0,4.0,1.0,3.0,7.0,9.0,29.0,85
240510,2013,0.0,0.0,0.0,0.0,0.0,0.0,0.0,0.0,0.0,0.0,24.0,72
240510,2014,6.0,0.0,1.0,0.0,0.0,7.0,14.0,11.0,14.0,9.0,63.0,102
240510,2015,5.0,0.0,0.0,1.0,0.0,15.0,2.0,5.0,6.0,9.0,56.0,101
240510,2016,5.0,0.0,2.0,1.0,2.0,8.0,1.0,2.0,8.0,9.0,42.0,86
240510,2017,3.0,0.0,0.0,2.0,7.0,10.0,4.0,2.0,2.0,7.0,37.0,88
240510,2018,3.0,0.0,0.0,0.0,2.0,14.0,6.0,0.0,5.0,4.0,34.0,81
240510,2019,5.0,0.0,0.0,1.0,0.0,11.0,3.0,5.0,4.0,5.0,35.0,79
240520,2012,4.0,0.0,0.0,0.0,1.0,8.0,0.0,1.0,1.0,2.0,27.0,76
240520,2013,0.0,0.0,0.0,0.0,0.0,0.0,0.0,0.0,0.0,0.0,38.0,72
240520,2014,2.0,0.0,2.0,2.0,0.0,10.0,1.0,11.0,6.0,9.0,45.0,70
240520,2015,1.0,0.0,0.0,1.0,0.0,5.0,2.0,16.0,5.0,8.0,39.0,62
240520,2016,3.0,0.0,0.0,0.0,2.0,14.0,1.0,2.0,2.0,18.0,46.0,59
240520,2017,5.0,0.0,0.0,0.0,1.0,13.0,0.0,6.0,2.0,7.0,36.0,55
240520,2018,6.0,0.0,0.0,0.0,0.0,22.0,3.0,4.0,10.0,12.0,57.0,68
240520,2019,3.0,0.0,0.0,2.0,0.0,17.0,2.0,5.0,6.0,13.0,48.0,58
240530,2012,1.0,0.0,0.0,1.0,0.0,10.0,1.0,6.0,5.0,8.0,39.0,114
240530,2013,0.0,0.0,0.0,0.0,0.0,0.0,0.0,0.0,0.0,0.0,47.0,119
240530,2014,7.0,0.0,6.0,4.0,1.0,12.0,2.0,4.0,5.0,4.0,50.0,121
240530,2015,6.0,0.0,0.0,1.0,0.0,14.0,0.0,4.0,3.0,7.0,43.0,117
240530,2016,4.0,0.0,0.0,1.0,1.0,6.0,2.0,2.0,2.0,7.0,53.0,124
240530,2017,2.0,1.0,0.0,1.0,1.0,12.0,5.0,8.0,7.0,15.0,56.0,144
240530,2018,6.0,1.0,0.0,1.0,2.0,18.0,3.0,7.0,5.0,11.0,67.0,150
240530,2019,10.0,0.0,2.0,1.0,3.0,20.0,3.0,16.0,10.0,20.0,87.0,173
240540,2012,6.0,0.0,0.0,0.0,2.0,10.0,2.0,4.0,7.0,11.0,46.0,101
240540,2013,0.0,0.0,0.0,0.0,0.0,0.0,0.0,0.0,0.0,0.0,39.0,107
240540,2014,4.0,0.0,0.0,0.0,1.0,6.0,2.0,7.0,4.0,15.0,42.0,105
240540,2015,0.0,0.0,0.0,1.0,0.0,5.0,0.0,4.0,0.0,5.0,34.0,96
240540,2016,3.0,0.0,4.0,2.0,1.0,2.0,0.0,1.0,0.0,2.0,63.0,116
240540,2017,2.0,0.0,0.0,3.0,1.0,8.0,1.0,4.0,7.0,10.0,38.0,86
240540,2018,4.0,0.0,2.0,0.0,2.0,10.0,4.0,6.0,7.0,9.0,51.0,107
240540,2019,2.0,2.0,0.0,5.0,0.0,19.0,4.0,8.0,6.0,14.0,60.0,116
240550,2012,1.0,0.0,1.0,0.0,0.0,2.0,0.0,0.0,2.0,2.0,9.0,34
240550,2013,0.0,0.0,0.0,0.0,0.0,0.0,0.0,0.0,0.0,0.0,15.0,35
240550,2014,3.0,0.0,0.0,0.0,2.0,0.0,0.0,1.0,2.0,5.0,13.0,27
240550,2015,0.0,0.0,2.0,1.0,0.0,0.0,0.0,1.0,0.0,2.0,6.0,26
240550,2016,3.0,0.0,0.0,0.0,0.0,2.0,1.0,1.0,2.0,0.0,9.0,24
240550,2017,1.0,0.0,0.0,1.0,1.0,2.0,0.0,4.0,6.0,0.0,15.0,35
240550,2018,3.0,0.0,0.0,1.0,0.0,8.0,1.0,0.0,4.0,2.0,19.0,37
240550,2019,1.0,0.0,0.0,1.0,1.0,6.0,1.0,2.0,1.0,2.0,16.0,38
240560,2012,9.0,0.0,2.0,2.0,1.0,29.0,0.0,8.0,6.0,36.0,102.0,164
240560,2013,0.0,0.0,0.0,0.0,0.0,0.0,0.0,0.0,0.0,0.0,104.0,167
240560,2014,13.0,0.0,0.0,2.0,3.0,32.0,7.0,12.0,8.0,47.0,129.0,166
240560,2015,12.0,0.0,2.0,1.0,2.0,43.0,10.0,12.0,11.0,42.0,137.0,181
240560,2016,9.0,0.0,2.0,1.0,1.0,40.0,9.0,8.0,15.0,36.0,125.0,168
240560,2017,8.0,0.0,0.0,2.0,3.0,43.0,3.0,16.0,0.0,40.0,117.0,144
240560,2018,7.0,0.0,4.0,1.0,3.0,45.0,1.0,21.0,2.0,54.0,140.0,196
240560,2019,6.0,0.0,4.0,3.0,3.0,34.0,0.0,10.0,1.0,62.0,128.0,167
240570,2012,8.0,0.0,6.0,0.0,4.0,19.0,1.0,11.0,9.0,28.0,87.0,116
240570,2013,0.0,0.0,0.0,0.0,0.0,0.0,0.0,0.0,0.0,0.0,72.0,107
240570,2014,9.0,0.0,2.0,4.0,4.0,24.0,8.0,9.0,10.0,22.0,96.0,126
240570,2015,10.0,0.0,9.0,3.0,1.0,20.0,5.0,10.0,12.0,19.0,92.0,122
240570,2016,6.0,0.0,2.0,4.0,1.0,18.0,4.0,8.0,7.0,14.0,66.0,94
240570,2017,5.0,0.0,2.0,0.0,1.0,18.0,1.0,7.0,8.0,29.0,72.0,100
240570,2018,6.0,3.0,2.0,3.0,3.0,16.0,4.0,10.0,7.0,23.0,79.0,117
240570,2019,5.0,0.0,2.0,2.0,1.0,22.0,3.0,11.0,14.0,15.0,76.0,101
240580,2012,29.0,0.0,5.0,4.0,2.0,31.0,6.0,27.0,19.0,30.0,177.0,491
240580,2013,0.0,0.0,0.0,0.0,0.0,0.0,0.0,0.0,0.0,0.0,163.0,493
240580,2014,21.0,1.0,8.0,5.0,8.0,37.0,14.0,15.0,33.0,38.0,189.0,529
240580,2015,20.0,3.0,6.0,1.0,3.0,49.0,12.0,13.0,31.0,43.0,196.0,522
240580,2016,19.0,1.0,4.0,8.0,2.0,51.0,13.0,18.0,41.0,35.0,203.0,512
240580,2017,22.0,2.0,2.0,18.0,21.0,45.0,17.0,14.0,32.0,28.0,202.0,506
240580,2018,20.0,1.0,4.0,4.0,4.0,62.0,23.0,14.0,39.0,38.0,214.0,514
240580,2019,18.0,0.0,11.0,7.0,2.0,53.0,21.0,17.0,48.0,35.0,213.0,500
240590,2012,5.0,0.0,0.0,0.0,0.0,10.0,0.0,4.0,0.0,11.0,31.0,33
240590,2013,0.0,0.0,0.0,0.0,0.0,0.0,0.0,0.0,0.0,0.0,36.0,42
240590,2014,0.0,0.0,0.0,0.0,1.0,9.0,2.0,9.0,3.0,15.0,39.0,42
240590,2015,1.0,0.0,0.0,0.0,0.0,9.0,0.0,2.0,0.0,4.0,16.0,24
240590,2016,5.0,0.0,1.0,0.0,0.0,8.0,0.0,2.0,0.0,8.0,25.0,26
240590,2017,4.0,0.0,0.0,0.0,0.0,4.0,1.0,5.0,1.0,13.0,29.0,35
240590,2018,6.0,0.0,0.0,0.0,0.0,10.0,1.0,1.0,1.0,11.0,32.0,40
240590,2019,0.0,2.0,0.0,1.0,0.0,12.0,0.0,3.0,1.0,11.0,32.0,35
240600,2012,4.0,0.0,5.0,0.0,2.0,26.0,0.0,5.0,0.0,14.0,62.0,76
240600,2013,0.0,0.0,0.0,0.0,0.0,0.0,0.0,0.0,0.0,0.0,67.0,84
240600,2014,6.0,0.0,2.0,0.0,1.0,15.0,5.0,3.0,9.0,13.0,59.0,80
240600,2015,9.0,0.0,0.0,0.0,0.0,17.0,6.0,1.0,7.0,6.0,50.0,69
240600,2016,8.0,0.0,0.0,0.0,1.0,18.0,3.0,3.0,15.0,7.0,56.0,68
240600,2017,5.0,0.0,0.0,0.0,0.0,18.0,12.0,0.0,20.0,2.0,57.0,64
240600,2018,9.0,0.0,0.0,0.0,2.0,20.0,7.0,1.0,15.0,8.0,63.0,81
240600,2019,4.0,0.0,4.0,0.0,0.0,31.0,6.0,2.0,17.0,4.0,68.0,79
240610,2012,10.0,0.0,5.0,0.0,1.0,7.0,1.0,1.0,5.0,13.0,175.0,246
240610,2013,0.0,0.0,0.0,0.0,0.0,0.0,0.0,0.0,0.0,0.0,203.0,253
240610,2014,16.0,0.0,2.0,1.0,0.0,40.0,27.0,1.0,60.0,4.0,153.0,212
240610,2015,12.0,0.0,3.0,3.0,1.0,69.0,25.0,4.0,73.0,7.0,204.0,263
240610,2016,20.0,0.0,4.0,2.0,1.0,47.0,22.0,6.0,37.0,10.0,153.0,200
240610,2017,15.0,0.0,8.0,3.0,2.0,60.0,16.0,2.0,48.0,11.0,165.0,215
240610,2018,15.0,0.0,0.0,4.0,4.0,46.0,18.0,7.0,41.0,15.0,155.0,203
240610,2019,12.0,0.0,2.0,2.0,2.0,64.0,15.0,6.0,42.0,22.0,170.0,224
240615,2012,0.0,0.0,0.0,0.0,0.0,8.0,0.0,2.0,0.0,2.0,16.0,38
240615,2013,0.0,0.0,0.0,0.0,0.0,0.0,0.0,0.0,0.0,0.0,25.0,56
240615,2014,1.0,0.0,0.0,0.0,0.0,4.0,2.0,2.0,4.0,6.0,26.0,52
240615,2015,2.0,0.0,0.0,0.0,1.0,3.0,1.0,2.0,0.0,2.0,12.0,30
240615,2016,0.0,0.0,0.0,0.0,0.0,0.0,0.0,2.0,0.0,1.0,4.0,17
240615,2017,1.0,0.0,0.0,0.0,0.0,4.0,0.0,0.0,2.0,9.0,16.0,21
240615,2018,1.0,0.0,0.0,0.0,1.0,3.0,0.0,0.0,3.0,1.0,9.0,18
240615,2019,0.0,0.0,0.0,0.0,0.0,4.0,1.0,0.0,0.0,1.0,7.0,12
240620,2012,5.0,0.0,0.0,0.0,1.0,5.0,2.0,2.0,2.0,6.0,30.0,75
240620,2013,0.0,0.0,0.0,0.0,0.0,0.0,0.0,0.0,0.0,0.0,36.0,73
240620,2014,2.0,0.0,0.0,1.0,2.0,9.0,3.0,8.0,0.0,6.0,39.0,92
240620,2015,2.0,1.0,0.0,0.0,5.0,4.0,0.0,4.0,2.0,4.0,31.0,81
240620,2016,4.0,0.0,4.0,0.0,0.0,2.0,2.0,0.0,1.0,3.0,39.0,91
240620,2017,4.0,0.0,0.0,2.0,1.0,7.0,2.0,3.0,7.0,10.0,40.0,88
240620,2018,4.0,0.0,2.0,1.0,1.0,12.0,2.0,2.0,8.0,8.0,42.0,86
240620,2019,4.0,0.0,0.0,3.0,6.0,15.0,3.0,5.0,2.0,18.0,57.0,115
240630,2012,1.0,0.0,0.0,0.0,1.0,6.0,2.0,2.0,3.0,5.0,27.0,97
240630,2013,0.0,0.0,0.0,0.0,0.0,0.0,0.0,0.0,0.0,0.0,39.0,97
240630,2014,3.0,0.0,0.0,0.0,0.0,7.0,4.0,3.0,6.0,8.0,34.0,86
240630,2015,3.0,0.0,0.0,3.0,4.0,4.0,3.0,3.0,4.0,5.0,33.0,103
240630,2016,2.0,0.0,0.0,1.0,0.0,2.0,5.0,5.0,1.0,8.0,26.0,105
240630,2017,3.0,0.0,0.0,2.0,1.0,10.0,3.0,5.0,4.0,5.0,33.0,94
240630,2018,1.0,0.0,0.0,3.0,1.0,15.0,6.0,7.0,6.0,10.0,49.0,112
240630,2019,3.0,0.0,0.0,6.0,1.0,14.0,1.0,7.0,6.0,11.0,50.0,99
240640,2012,1.0,0.0,2.0,2.0,0.0,4.0,0.0,0.0,1.0,2.0,16.0,39
240640,2013,0.0,0.0,0.0,0.0,0.0,0.0,0.0,0.0,0.0,0.0,14.0,36
240640,2014,0.0,1.0,1.0,1.0,1.0,2.0,0.0,1.0,2.0,5.0,15.0,41
240640,2015,3.0,0.0,0.0,2.0,0.0,2.0,2.0,1.0,0.0,1.0,20.0,34
240640,2016,1.0,0.0,0.0,1.0,0.0,5.0,0.0,1.0,2.0,0.0,25.0,42
240640,2017,2.0,0.0,0.0,0.0,0.0,5.0,2.0,2.0,0.0,3.0,16.0,35
240640,2018,3.0,0.0,2.0,0.0,0.0,3.0,1.0,2.0,3.0,5.0,22.0,55
240640,2019,4.0,0.0,0.0,1.0,0.0,7.0,0.0,3.0,6.0,2.0,23.0,42
240650,2012,11.0,1.0,5.0,2.0,0.0,23.0,14.0,3.0,15.0,20.0,107.0,209
240650,2013,0.0,0.0,0.0,0.0,0.0,0.0,0.0,0.0,0.0,0.0,111.0,204
240650,2014,10.0,0.0,2.0,3.0,2.0,22.0,5.0,14.0,8.0,33.0,107.0,248
240650,2015,13.0,0.0,6.0,2.0,1.0,32.0,6.0,22.0,16.0,39.0,141.0,249
240650,2016,19.0,0.0,6.0,1.0,2.0,19.0,8.0,16.0,17.0,32.0,138.0,236
240650,2017,10.0,0.0,2.0,3.0,2.0,43.0,7.0,8.0,17.0,13.0,107.0,216
240650,2018,10.0,0.0,2.0,5.0,2.0,38.0,8.0,7.0,22.0,32.0,131.0,218
240650,2019,9.0,0.0,2.0,2.0,2.0,41.0,9.0,12.0,15.0,25.0,119.0,218
240660,2012,5.0,0.0,4.0,0.0,0.0,14.0,2.0,1.0,9.0,8.0,51.0,150
240660,2013,0.0,0.0,0.0,0.0,0.0,0.0,0.0,0.0,0.0,0.0,48.0,141
240660,2014,7.0,1.0,4.0,0.0,0.0,9.0,5.0,9.0,9.0,5.0,61.0,136
240660,2015,4.0,0.0,0.0,0.0,1.0,15.0,0.0,7.0,2.0,10.0,46.0,140
240660,2016,6.0,0.0,2.0,2.0,0.0,12.0,2.0,7.0,4.0,8.0,51.0,132
240660,2017,4.0,0.0,3.0,4.0,1.0,18.0,3.0,6.0,5.0,6.0,50.0,131
240660,2018,6.0,0.0,0.0,1.0,3.0,19.0,9.0,7.0,11.0,14.0,70.0,153
240660,2019,0.0,0.0,0.0,5.0,2.0,20.0,7.0,13.0,12.0,11.0,71.0,155
240670,2012,3.0,0.0,2.0,1.0,1.0,14.0,3.0,1.0,10.0,8.0,50.0,117
240670,2013,0.0,0.0,0.0,0.0,0.0,0.0,0.0,0.0,0.0,0.0,47.0,98
240670,2014,4.0,1.0,3.0,1.0,2.0,9.0,3.0,5.0,3.0,8.0,41.0,107
240670,2015,4.0,0.0,6.0,3.0,1.0,13.0,2.0,10.0,12.0,19.0,75.0,145
240670,2016,4.0,0.0,2.0,3.0,2.0,8.0,2.0,3.0,3.0,9.0,48.0,100
240670,2017,5.0,0.0,0.0,2.0,4.0,14.0,2.0,3.0,7.0,9.0,50.0,109
240670,2018,6.0,3.0,0.0,3.0,1.0,14.0,2.0,1.0,5.0,7.0,50.0,106
240670,2019,7.0,1.0,0.0,1.0,3.0,15.0,5.0,3.0,6.0,5.0,46.0,113
240680,2012,10.0,0.0,0.0,1.0,0.0,2.0,0.0,1.0,3.0,6.0,25.0,85
240680,2013,0.0,0.0,0.0,0.0,0.0,0.0,0.0,0.0,0.0,0.0,26.0,71
240680,2014,0.0,0.0,2.0,1.0,2.0,4.0,2.0,2.0,3.0,10.0,28.0,67
240680,2015,2.0,1.0,0.0,0.0,0.0,1.0,0.0,3.0,6.0,7.0,31.0,69
240680,2016,2.0,0.0,0.0,0.0,0.0,4.0,0.0,0.0,1.0,2.0,29.0,56
240680,2017,1.0,0.0,4.0,2.0,1.0,6.0,2.0,8.0,5.0,11.0,42.0,83
240680,2018,5.0,1.0,2.0,1.0,1.0,9.0,2.0,4.0,3.0,8.0,45.0,84
240680,2019,1.0,0.0,0.0,1.0,2.0,7.0,0.0,3.0,4.0,9.0,27.0,66
240690,2012,3.0,0.0,0.0,0.0,0.0,10.0,0.0,2.0,1.0,10.0,28.0,52
240690,2013,0.0,0.0,0.0,0.0,0.0,0.0,0.0,0.0,0.0,0.0,28.0,43
240690,2014,7.0,0.0,0.0,0.0,1.0,8.0,1.0,8.0,2.0,12.0,39.0,50
240690,2015,0.0,0.0,0.0,1.0,0.0,7.0,0.0,4.0,1.0,15.0,29.0,49
240690,2016,2.0,0.0,0.0,0.0,1.0,5.0,1.0,2.0,3.0,8.0,22.0,33
240690,2017,2.0,0.0,0.0,0.0,0.0,4.0,0.0,5.0,3.0,6.0,20.0,27
240690,2018,2.0,0.0,0.0,0.0,0.0,15.0,0.0,3.0,3.0,13.0,36.0,41
240690,2019,4.0,0.0,0.0,0.0,0.0,12.0,1.0,5.0,2.0,8.0,33.0,46
240700,2012,8.0,0.0,2.0,0.0,2.0,32.0,0.0,10.0,3.0,34.0,123.0,159
240700,2013,0.0,0.0,0.0,0.0,0.0,0.0,0.0,0.0,0.0,0.0,106.0,134
240700,2014,9.0,1.0,2.0,0.0,0.0,48.0,9.0,11.0,24.0,25.0,132.0,161
240700,2015,12.0,0.0,2.0,1.0,0.0,39.0,23.0,4.0,42.0,10.0,137.0,172
240700,2016,10.0,0.0,4.0,2.0,0.0,41.0,9.0,8.0,27.0,15.0,116.0,142
240700,2017,9.0,0.0,0.0,2.0,0.0,48.0,13.0,3.0,30.0,18.0,128.0,164
240700,2018,8.0,1.0,5.0,0.0,0.0,44.0,15.0,6.0,24.0,8.0,111.0,134
240700,2019,8.0,0.0,4.0,1.0,0.0,53.0,16.0,7.0,33.0,8.0,130.0,151
240710,2012,50.0,0.0,8.0,5.0,10.0,79.0,14.0,20.0,87.0,68.0,359.0,829
240710,2013,0.0,0.0,0.0,0.0,0.0,0.0,0.0,0.0,0.0,0.0,441.0,907
240710,2014,48.0,2.0,7.0,9.0,6.0,121.0,32.0,23.0,99.0,58.0,414.0,893
240710,2015,57.0,0.0,2.0,16.0,9.0,134.0,40.0,26.0,89.0,67.0,453.0,982
240710,2016,66.0,1.0,24.0,12.0,6.0,122.0,26.0,32.0,54.0,65.0,436.0,929
240710,2017,46.0,3.0,21.0,45.0,36.0,142.0,44.0,41.0,79.0,81.0,549.0,1052
240710,2018,69.0,1.0,16.0,12.0,21.0,156.0,38.0,44.0,86.0,91.0,544.0,1091
240710,2019,62.0,0.0,15.0,14.0,11.0,170.0,47.0,43.0,88.0,53.0,510.0,1007
240720,2012,24.0,1.0,2.0,1.0,2.0,40.0,9.0,11.0,28.0,27.0,171.0,255
240720,2013,0.0,0.0,0.0,0.0,0.0,0.0,0.0,0.0,0.0,0.0,142.0,176
240720,2014,38.0,0.0,5.0,9.0,5.0,98.0,26.0,41.0,42.0,86.0,358.0,459
240720,2015,17.0,0.0,4.0,5.0,3.0,28.0,6.0,17.0,12.0,38.0,316.0,426
240720,2016,23.0,1.0,4.0,2.0,3.0,46.0,11.0,16.0,12.0,32.0,256.0,354
240720,2017,20.0,2.0,0.0,3.0,6.0,89.0,23.0,18.0,37.0,64.0,262.0,335
240720,2018,19.0,0.0,8.0,7.0,3.0,79.0,19.0,30.0,28.0,41.0,240.0,317
240720,2019,18.0,3.0,0.0,4.0,1.0,89.0,14.0,27.0,20.0,36.0,237.0,318
240725,2012,10.0,0.0,0.0,2.0,0.0,28.0,0.0,2.0,1.0,3.0,49.0,61
240725,2013,0.0,0.0,0.0,0.0,0.0,0.0,0.0,0.0,0.0,0.0,50.0,61
240725,2014,3.0,0.0,0.0,0.0,1.0,13.0,2.0,1.0,6.0,9.0,44.0,51
240725,2015,2.0,0.0,2.0,0.0,0.0,21.0,7.0,0.0,9.0,3.0,47.0,54
240725,2016,4.0,0.0,0.0,0.0,0.0,13.0,8.0,3.0,16.0,2.0,46.0,56
240725,2017,3.0,0.0,2.0,0.0,0.0,17.0,5.0,1.0,6.0,4.0,39.0,44
240725,2018,4.0,0.0,2.0,0.0,0.0,16.0,4.0,1.0,11.0,4.0,43.0,53
240725,2019,5.0,0.0,0.0,0.0,0.0,15.0,2.0,2.0,9.0,11.0,45.0,56
240730,2012,11.0,0.0,2.0,0.0,0.0,46.0,0.0,3.0,1.0,11.0,78.0,89
240730,2013,0.0,0.0,0.0,0.0,0.0,0.0,0.0,0.0,0.0,0.0,75.0,81
240730,2014,1.0,0.0,0.0,1.0,1.0,37.0,2.0,5.0,5.0,21.0,74.0,88
240730,2015,2.0,0.0,2.0,0.0,0.0,32.0,7.0,7.0,9.0,25.0,86.0,106
240730,2016,6.0,0.0,0.0,1.0,0.0,21.0,3.0,10.0,16.0,10.0,68.0,80
240730,2017,5.0,0.0,2.0,0.0,0.0,33.0,7.0,3.0,18.0,16.0,85.0,102
240730,2018,8.0,0.0,0.0,0.0,0.0,31.0,4.0,8.0,11.0,28.0,93.0,109
240730,2019,4.0,0.0,0.0,2.0,0.0,40.0,2.0,11.0,10.0,17.0,88.0,103
240740,2012,6.0,0.0,0.0,0.0,0.0,17.0,0.0,7.0,1.0,9.0,53.0,71
240740,2013,0.0,0.0,0.0,0.0,0.0,0.0,0.0,0.0,0.0,0.0,74.0,90
240740,2014,7.0,0.0,0.0,1.0,0.0,20.0,3.0,12.0,5.0,25.0,75.0,101
240740,2015,12.0,1.0,1.0,0.0,0.0,18.0,3.0,5.0,1.0,11.0,53.0,76
240740,2016,8.0,0.0,0.0,1.0,0.0,11.0,1.0,13.0,2.0,29.0,66.0,87
240740,2017,5.0,0.0,4.0,0.0,1.0,15.0,3.0,15.0,2.0,23.0,68.0,89
240740,2018,4.0,0.0,0.0,0.0,0.0,25.0,7.0,8.0,10.0,20.0,74.0,99
240740,2019,11.0,0.0,0.0,0.0,1.0,36.0,3.0,4.0,11.0,21.0,88.0,106
240750,2012,7.0,1.0,2.0,0.0,0.0,14.0,4.0,6.0,7.0,6.0,47.0,126
240750,2013,0.0,0.0,0.0,0.0,0.0,0.0,0.0,0.0,0.0,0.0,67.0,154
240750,2014,12.0,0.0,4.0,2.0,5.0,19.0,4.0,4.0,9.0,13.0,75.0,158
240750,2015,6.0,0.0,2.0,1.0,0.0,19.0,6.0,1.0,5.0,10.0,54.0,156
240750,2016,6.0,1.0,3.0,0.0,0.0,18.0,4.0,4.0,6.0,13.0,55.0,139
240750,2017,7.0,0.0,2.0,4.0,4.0,15.0,3.0,1.0,7.0,4.0,48.0,128
240750,2018,9.0,0.0,2.0,4.0,0.0,15.0,3.0,2.0,7.0,7.0,53.0,136
240750,2019,7.0,0.0,0.0,0.0,0.0,22.0,5.0,3.0,10.0,12.0,61.0,132
240760,2012,1.0,0.0,0.0,0.0,0.0,11.0,0.0,2.0,3.0,4.0,25.0,48
240760,2013,0.0,0.0,0.0,0.0,0.0,0.0,0.0,0.0,0.0,0.0,34.0,47
240760,2014,3.0,0.0,0.0,0.0,0.0,11.0,4.0,7.0,7.0,5.0,38.0,51
240760,2015,3.0,0.0,0.0,1.0,1.0,11.0,3.0,10.0,3.0,8.0,41.0,52
240760,2016,0.0,0.0,2.0,0.0,0.0,11.0,1.0,2.0,1.0,13.0,30.0,52
240760,2017,4.0,0.0,2.0,0.0,2.0,14.0,4.0,4.0,2.0,15.0,47.0,62
240760,2018,5.0,0.0,0.0,2.0,1.0,15.0,1.0,7.0,1.0,6.0,38.0,54
240760,2019,3.0,0.0,0.0,3.0,0.0,15.0,3.0,6.0,4.0,8.0,44.0,54
240770,2012,5.0,0.0,2.0,2.0,0.0,12.0,1.0,6.0,7.0,8.0,54.0,131
240770,2013,0.0,0.0,0.0,0.0,0.0,0.0,0.0,0.0,0.0,0.0,59.0,158
240770,2014,6.0,0.0,2.0,0.0,3.0,13.0,5.0,10.0,8.0,15.0,74.0,142
240770,2015,4.0,0.0,0.0,5.0,0.0,24.0,4.0,9.0,2.0,20.0,74.0,175
240770,2016,1.0,1.0,1.0,3.0,2.0,12.0,2.0,9.0,5.0,10.0,53.0,146
240770,2017,5.0,0.0,8.0,2.0,0.0,24.0,4.0,9.0,12.0,14.0,82.0,174
240770,2018,7.0,0.0,4.0,3.0,4.0,21.0,8.0,10.0,12.0,14.0,85.0,179
240770,2019,4.0,0.0,0.0,1.0,0.0,24.0,9.0,10.0,9.0,17.0,78.0,166
240780,2012,13.0,0.0,5.0,3.0,3.0,22.0,2.0,5.0,15.0,15.0,106.0,266
240780,2013,0.0,0.0,0.0,0.0,0.0,0.0,0.0,0.0,0.0,0.0,127.0,300
240780,2014,13.0,2.0,1.0,0.0,1.0,22.0,10.0,12.0,30.0,21.0,129.0,297
240780,2015,4.0,2.0,8.0,3.0,5.0,20.0,8.0,16.0,13.0,24.0,118.0,277
240780,2016,12.0,0.0,4.0,6.0,8.0,35.0,3.0,12.0,13.0,21.0,130.0,297
240780,2017,14.0,0.0,2.0,4.0,2.0,36.0,9.0,20.0,12.0,30.0,138.0,281
240780,2018,13.0,0.0,2.0,6.0,1.0,43.0,13.0,20.0,19.0,26.0,153.0,287
240780,2019,9.0,3.0,5.0,1.0,0.0,35.0,11.0,20.0,22.0,17.0,134.0,263
240790,2012,0.0,0.0,0.0,0.0,0.0,3.0,1.0,1.0,1.0,3.0,11.0,34
240790,2013,0.0,0.0,0.0,0.0,0.0,0.0,0.0,0.0,0.0,0.0,10.0,32
240790,2014,1.0,0.0,0.0,0.0,0.0,3.0,2.0,4.0,2.0,6.0,18.0,33
240790,2015,2.0,0.0,0.0,0.0,1.0,3.0,0.0,0.0,2.0,1.0,13.0,42
240790,2016,1.0,0.0,2.0,0.0,1.0,1.0,1.0,0.0,0.0,2.0,24.0,48
240790,2017,0.0,0.0,0.0,0.0,0.0,6.0,1.0,3.0,8.0,6.0,25.0,42
240790,2018,1.0,0.0,0.0,1.0,0.0,2.0,2.0,0.0,2.0,3.0,13.0,47
240790,2019,3.0,0.0,0.0,0.0,1.0,6.0,0.0,6.0,3.0,5.0,24.0,49
240800,2012,456.0,9.0,60.0,39.0,44.0,769.0,6.0,21.0,457.0,772.0,3005.0,3819
240800,2013,0.0,0.0,0.0,0.0,0.0,0.0,0.0,0.0,0.0,0.0,3191.0,3975
240800,2014,350.0,4.0,53.0,49.0,53.0,930.0,121.0,242.0,406.0,751.0,3092.0,3954
240800,2015,345.0,4.0,84.0,55.0,50.0,994.0,154.0,254.0,395.0,673.0,3181.0,4056
240800,2016,365.0,6.0,58.0,60.0,46.0,969.0,65.0,283.0,220.0,761.0,2960.0,3760
240800,2017,406.0,5.0,78.0,61.0,63.0,1027.0,128.0,278.0,354.0,769.0,3187.0,3941
240800,2018,401.0,3.0,71.0,70.0,56.0,1147.0,152.0,261.0,406.0,604.0,3225.0,3893
240800,2019,389.0,1.0,54.0,92.0,60.0,1068.0,120.0,262.0,331.0,637.0,3042.0,3700
240810,2012,838.0,19.0,192.0,123.0,142.0,1695.0,355.0,258.0,1679.0,1050.0,6846.0,12211
240810,2013,0.0,0.0,0.0,0.0,0.0,0.0,0.0,0.0,0.0,0.0,6958.0,11840
240810,2014,807.0,9.0,206.0,143.0,121.0,1782.0,574.0,485.0,1547.0,1182.0,7153.0,11862
240810,2015,756.0,17.0,227.0,141.0,140.0,1930.0,512.0,525.0,1517.0,1174.0,7173.0,12239
240810,2016,691.0,23.0,184.0,166.0,136.0,1996.0,470.0,468.0,1270.0,1220.0,6753.0,11517
240810,2017,644.0,17.0,166.0,250.0,157.0,1964.0,496.0,459.0,1221.0,1330.0,6854.0,11493
240810,2018,688.0,25.0,212.0,174.0,151.0,2374.0,538.0,457.0,1305.0,1294.0,7393.0,12318
240810,2019,658.0,17.0,174.0,155.0,128.0,2030.0,523.0,344.0,1311.0,840.0,6320.0,10640
240820,2012,17.0,0.0,7.0,4.0,4.0,33.0,2.0,3.0,15.0,16.0,113.0,357
240820,2013,0.0,0.0,0.0,0.0,0.0,0.0,0.0,0.0,0.0,0.0,133.0,349
240820,2014,17.0,2.0,5.0,5.0,1.0,33.0,12.0,10.0,24.0,21.0,150.0,380
240820,2015,15.0,0.0,10.0,4.0,3.0,36.0,6.0,14.0,11.0,28.0,137.0,393
240820,2016,17.0,0.0,4.0,4.0,6.0,36.0,14.0,27.0,11.0,44.0,172.0,405
240820,2017,18.0,0.0,4.0,8.0,1.0,45.0,14.0,15.0,22.0,34.0,165.0,399
240820,2018,7.0,0.0,6.0,5.0,3.0,53.0,12.0,18.0,27.0,43.0,174.0,384
240820,2019,13.0,0.0,4.0,5.0,2.0,53.0,17.0,26.0,17.0,40.0,177.0,362
240830,2012,24.0,0.0,16.0,3.0,8.0,41.0,6.0,18.0,16.0,58.0,246.0,494
240830,2013,0.0,0.0,0.0,0.0,0.0,0.0,0.0,0.0,0.0,0.0,242.0,479
240830,2014,11.0,1.0,10.0,6.0,4.0,49.0,19.0,20.0,21.0,45.0,246.0,478
240830,2015,8.0,2.0,4.0,6.0,7.0,59.0,2.0,26.0,18.0,58.0,245.0,492
240830,2016,13.0,0.0,1.0,6.0,4.0,45.0,3.0,31.0,14.0,55.0,219.0,460
240830,2017,16.0,3.0,3.0,5.0,12.0,63.0,11.0,28.0,22.0,58.0,262.0,497
240830,2018,20.0,0.0,10.0,6.0,4.0,55.0,8.0,37.0,38.0,64.0,289.0,500
240830,2019,20.0,1.0,6.0,8.0,7.0,73.0,10.0,22.0,39.0,49.0,280.0,492
240840,2012,5.0,0.0,0.0,0.0,0.0,9.0,2.0,8.0,2.0,11.0,39.0,48
240840,2013,0.0,0.0,0.0,0.0,0.0,0.0,0.0,0.0,0.0,0.0,30.0,37
240840,2014,8.0,0.0,0.0,0.0,0.0,10.0,1.0,6.0,1.0,16.0,43.0,52
240840,2015,1.0,0.0,0.0,0.0,0.0,8.0,0.0,4.0,0.0,13.0,30.0,42
240840,2016,1.0,0.0,0.0,1.0,1.0,3.0,0.0,0.0,2.0,8.0,16.0,20
240840,2017,3.0,0.0,2.0,0.0,1.0,12.0,0.0,1.0,1.0,9.0,29.0,36
240840,2018,0.0,0.0,0.0,0.0,0.0,7.0,0.0,5.0,4.0,15.0,32.0,38
240840,2019,1.0,0.0,0.0,1.0,1.0,12.0,0.0,4.0,7.0,4.0,31.0,36
240850,2012,2.0,0.0,0.0,0.0,2.0,6.0,2.0,2.0,3.0,12.0,31.0,63
240850,2013,0.0,0.0,0.0,0.0,0.0,0.0,0.0,0.0,0.0,0.0,39.0,59
240850,2014,2.0,0.0,0.0,1.0,1.0,5.0,1.0,3.0,2.0,17.0,32.0,54
240850,2015,3.0,0.0,2.0,0.0,0.0,11.0,2.0,6.0,0.0,12.0,38.0,59
240850,2016,5.0,0.0,0.0,0.0,0.0,17.0,3.0,6.0,1.0,12.0,44.0,60
240850,2017,3.0,0.0,0.0,1.0,0.0,15.0,3.0,7.0,0.0,11.0,40.0,61
240850,2018,4.0,0.0,0.0,0.0,1.0,16.0,1.0,3.0,1.0,9.0,35.0,49
240850,2019,2.0,0.0,0.0,2.0,0.0,12.0,1.0,2.0,1.0,6.0,27.0,49
240860,2012,6.0,0.0,0.0,0.0,0.0,21.0,0.0,6.0,0.0,5.0,42.0,48
240860,2013,0.0,0.0,0.0,0.0,0.0,0.0,0.0,0.0,0.0,0.0,42.0,54
240860,2014,4.0,0.0,0.0,0.0,0.0,19.0,0.0,7.0,5.0,9.0,44.0,53
240860,2015,4.0,0.0,6.0,0.0,0.0,18.0,9.0,3.0,8.0,9.0,57.0,71
240860,2016,4.0,0.0,2.0,0.0,0.0,19.0,8.0,4.0,12.0,6.0,56.0,62
240860,2017,7.0,0.0,0.0,0.0,0.0,19.0,3.0,5.0,7.0,6.0,48.0,60
240860,2018,3.0,0.0,0.0,0.0,0.0,23.0,2.0,2.0,10.0,5.0,45.0,48
240860,2019,3.0,0.0,0.0,0.0,0.0,21.0,2.0,2.0,9.0,4.0,41.0,46
240870,2012,3.0,0.0,2.0,0.0,1.0,9.0,2.0,3.0,1.0,5.0,26.0,40
240870,2013,0.0,0.0,0.0,0.0,0.0,0.0,0.0,0.0,0.0,0.0,27.0,44
240870,2014,7.0,0.0,0.0,0.0,0.0,9.0,1.0,3.0,3.0,11.0,35.0,56
240870,2015,4.0,0.0,1.0,1.0,1.0,4.0,5.0,3.0,4.0,8.0,33.0,44
240870,2016,3.0,0.0,2.0,0.0,0.0,8.0,0.0,6.0,1.0,9.0,31.0,37
240870,2017,2.0,0.0,2.0,2.0,2.0,11.0,1.0,4.0,4.0,8.0,36.0,43
240870,2018,3.0,0.0,1.0,0.0,0.0,10.0,0.0,5.0,4.0,16.0,40.0,49
240870,2019,2.0,0.0,0.0,3.0,1.0,12.0,0.0,5.0,1.0,8.0,32.0,50
240880,2012,5.0,0.0,0.0,1.0,0.0,10.0,1.0,1.0,5.0,4.0,28.0,75
240880,2013,0.0,0.0,0.0,0.0,0.0,0.0,0.0,0.0,0.0,0.0,26.0,94
240880,2014,4.0,0.0,0.0,0.0,0.0,7.0,2.0,4.0,6.0,6.0,32.0,76
240880,2015,3.0,0.0,0.0,1.0,1.0,2.0,0.0,2.0,8.0,5.0,23.0,64
240880,2016,4.0,1.0,0.0,0.0,0.0,10.0,2.0,4.0,7.0,10.0,38.0,94
240880,2017,4.0,0.0,0.0,5.0,1.0,8.0,4.0,2.0,12.0,0.0,36.0,83
240880,2018,3.0,0.0,2.0,1.0,2.0,13.0,3.0,3.0,6.0,1.0,34.0,107
240880,2019,3.0,0.0,2.0,2.0,1.0,9.0,4.0,3.0,7.0,7.0,39.0,112
240890,2012,10.0,3.0,4.0,3.0,7.0,36.0,15.0,5.0,33.0,18.0,138.0,347
240890,2013,0.0,0.0,0.0,0.0,0.0,0.0,0.0,0.0,0.0,0.0,142.0,325
240890,2014,14.0,0.0,1.0,5.0,7.0,36.0,30.0,13.0,43.0,18.0,168.0,323
240890,2015,22.0,0.0,8.0,5.0,9.0,39.0,14.0,13.0,46.0,18.0,175.0,362
240890,2016,14.0,1.0,6.0,8.0,10.0,38.0,24.0,12.0,23.0,12.0,149.0,311
240890,2017,13.0,0.0,4.0,7.0,2.0,44.0,19.0,4.0,34.0,29.0,157.0,279
240890,2018,12.0,0.0,2.0,6.0,6.0,45.0,18.0,2.0,19.0,9.0,120.0,274
240890,2019,12.0,1.0,6.0,4.0,0.0,52.0,11.0,2.0,10.0,7.0,105.0,261
240895,2012,6.0,0.0,0.0,1.0,1.0,21.0,4.0,9.0,13.0,11.0,73.0,181
240895,2013,0.0,0.0,0.0,0.0,0.0,0.0,0.0,0.0,0.0,0.0,62.0,160
240895,2014,4.0,0.0,3.0,5.0,1.0,18.0,7.0,15.0,13.0,11.0,80.0,158
240895,2015,4.0,0.0,6.0,6.0,3.0,19.0,4.0,8.0,7.0,16.0,75.0,162
240895,2016,5.0,0.0,2.0,0.0,3.0,23.0,3.0,5.0,13.0,11.0,68.0,154
240895,2017,5.0,0.0,0.0,10.0,7.0,18.0,5.0,5.0,8.0,11.0,69.0,177
240895,2018,5.0,0.0,3.0,2.0,3.0,18.0,7.0,2.0,17.0,16.0,75.0,185
240895,2019,6.0,0.0,2.0,2.0,0.0,24.0,7.0,10.0,13.0,14.0,78.0,159
240910,2012,6.0,0.0,4.0,1.0,1.0,22.0,21.0,8.0,21.0,19.0,109.0,177
240910,2013,0.0,0.0,0.0,0.0,0.0,0.0,0.0,0.0,0.0,0.0,111.0,175
240910,2014,4.0,0.0,0.0,2.0,0.0,23.0,4.0,16.0,5.0,28.0,87.0,165
240910,2015,5.0,2.0,2.0,1.0,2.0,20.0,6.0,8.0,9.0,13.0,77.0,166
240910,2016,8.0,0.0,0.0,0.0,1.0,16.0,4.0,2.0,10.0,10.0,73.0,146
240910,2017,7.0,0.0,2.0,3.0,3.0,34.0,6.0,3.0,6.0,12.0,78.0,155
240910,2018,5.0,0.0,2.0,4.0,3.0,34.0,8.0,4.0,9.0,11.0,89.0,156
240910,2019,5.0,0.0,2.0,5.0,2.0,31.0,7.0,4.0,5.0,7.0,73.0,148
240920,2012,1.0,0.0,0.0,1.0,2.0,5.0,0.0,4.0,1.0,5.0,21.0,45
240920,2013,0.0,0.0,0.0,0.0,0.0,0.0,0.0,0.0,0.0,0.0,21.0,51
240920,2014,1.0,0.0,2.0,0.0,0.0,4.0,1.0,3.0,1.0,6.0,22.0,41
240920,2015,1.0,1.0,0.0,0.0,0.0,7.0,0.0,3.0,0.0,5.0,22.0,42
240920,2016,1.0,0.0,0.0,2.0,0.0,4.0,0.0,1.0,1.0,3.0,14.0,40
240920,2017,2.0,1.0,0.0,0.0,0.0,4.0,0.0,4.0,6.0,5.0,23.0,46
240920,2018,1.0,0.0,0.0,0.0,0.0,3.0,2.0,4.0,0.0,4.0,16.0,33
240920,2019,1.0,0.0,0.0,1.0,1.0,3.0,3.0,1.0,5.0,2.0,21.0,40
240930,2012,9.0,0.0,2.0,1.0,3.0,27.0,6.0,4.0,14.0,15.0,101.0,130
240930,2013,0.0,0.0,0.0,0.0,0.0,0.0,0.0,0.0,0.0,0.0,150.0,182
240930,2014,13.0,0.0,6.0,2.0,2.0,36.0,1.0,24.0,3.0,36.0,126.0,140
240930,2015,11.0,1.0,2.0,0.0,0.0,46.0,0.0,16.0,0.0,34.0,111.0,143
240930,2016,12.0,1.0,3.0,3.0,0.0,39.0,0.0,22.0,5.0,49.0,134.0,162
240930,2017,8.0,0.0,4.0,4.0,0.0,40.0,1.0,18.0,2.0,45.0,123.0,140
240930,2018,6.0,1.0,0.0,6.0,1.0,38.0,2.0,13.0,2.0,37.0,109.0,129
240930,2019,8.0,1.0,0.0,7.0,7.0,39.0,1.0,9.0,4.0,29.0,107.0,121
240933,2012,1.0,0.0,0.0,0.0,1.0,3.0,1.0,1.0,2.0,4.0,17.0,44
240933,2013,0.0,0.0,0.0,0.0,0.0,0.0,0.0,0.0,0.0,0.0,19.0,44
240933,2014,0.0,0.0,0.0,1.0,0.0,2.0,0.0,3.0,7.0,10.0,29.0,61
240933,2015,7.0,0.0,0.0,0.0,1.0,5.0,2.0,3.0,2.0,6.0,32.0,89
240933,2016,2.0,0.0,2.0,0.0,0.0,2.0,0.0,3.0,1.0,4.0,28.0,71
240933,2017,2.0,0.0,0.0,0.0,1.0,5.0,5.0,7.0,8.0,9.0,40.0,68
240933,2018,1.0,1.0,0.0,0.0,0.0,6.0,2.0,3.0,1.0,5.0,24.0,64
240933,2019,8.0,0.0,2.0,0.0,0.0,12.0,1.0,3.0,6.0,4.0,36.0,73
240940,2012,54.0,1.0,4.0,3.0,0.0,136.0,0.0,22.0,5.0,76.0,332.0,384
240940,2013,0.0,0.0,0.0,0.0,0.0,0.0,0.0,0.0,0.0,0.0,350.0,389
240940,2014,37.0,0.0,4.0,1.0,0.0,138.0,22.0,14.0,60.0,59.0,371.0,410
240940,2015,38.0,0.0,10.0,1.0,3.0,138.0,44.0,10.0,116.0,48.0,435.0,475
240940,2016,28.0,0.0,9.0,2.0,0.0,119.0,49.0,8.0,108.0,22.0,349.0,393
240940,2017,34.0,0.0,9.0,2.0,0.0,133.0,42.0,5.0,105.0,27.0,357.0,413
240940,2018,37.0,1.0,6.0,1.0,0.0,221.0,54.0,6.0,139.0,23.0,491.0,560
240940,2019,27.0,0.0,4.0,2.0,4.0,136.0,23.0,13.0,78.0,31.0,319.0,368
240950,2012,6.0,0.0,0.0,0.0,0.0,5.0,5.0,2.0,2.0,3.0,23.0,56
240950,2013,0.0,0.0,0.0,0.0,0.0,0.0,0.0,0.0,0.0,0.0,17.0,54
240950,2014,2.0,0.0,0.0,0.0,0.0,10.0,3.0,5.0,3.0,5.0,28.0,59
240950,2015,2.0,0.0,0.0,0.0,0.0,7.0,3.0,2.0,5.0,3.0,23.0,59
240950,2016,1.0,0.0,0.0,0.0,1.0,9.0,3.0,2.0,3.0,2.0,21.0,46
240950,2017,1.0,0.0,0.0,2.0,2.0,3.0,2.0,0.0,2.0,1.0,13.0,52
240950,2018,1.0,0.0,0.0,0.0,1.0,7.0,4.0,2.0,2.0,2.0,19.0,54
240950,2019,1.0,0.0,3.0,0.0,0.0,5.0,4.0,2.0,6.0,3.0,25.0,58
240960,2012,2.0,0.0,2.0,1.0,0.0,1.0,0.0,0.0,2.0,2.0,11.0,36
240960,2013,0.0,0.0,0.0,0.0,0.0,0.0,0.0,0.0,0.0,0.0,6.0,25
240960,2014,1.0,0.0,0.0,1.0,1.0,3.0,1.0,4.0,2.0,1.0,15.0,38
240960,2015,0.0,0.0,0.0,0.0,1.0,3.0,1.0,2.0,1.0,5.0,14.0,32
240960,2016,2.0,0.0,0.0,1.0,0.0,3.0,1.0,2.0,2.0,1.0,12.0,33
240960,2017,0.0,0.0,0.0,3.0,1.0,1.0,1.0,0.0,2.0,2.0,10.0,31
240960,2018,0.0,0.0,0.0,0.0,0.0,8.0,4.0,0.0,2.0,1.0,16.0,45
240960,2019,0.0,0.0,0.0,0.0,0.0,8.0,2.0,1.0,1.0,3.0,15.0,33
240970,2012,4.0,2.0,3.0,1.0,0.0,12.0,3.0,3.0,3.0,4.0,39.0,77
240970,2013,0.0,0.0,0.0,0.0,0.0,0.0,0.0,0.0,0.0,0.0,43.0,95
240970,2014,2.0,0.0,1.0,1.0,3.0,8.0,0.0,7.0,2.0,4.0,30.0,70
240970,2015,4.0,0.0,1.0,1.0,1.0,8.0,1.0,2.0,4.0,9.0,33.0,84
240970,2016,4.0,1.0,0.0,1.0,0.0,10.0,1.0,5.0,3.0,2.0,27.0,72
240970,2017,1.0,0.0,1.0,2.0,2.0,9.0,0.0,4.0,5.0,5.0,31.0,73
240970,2018,3.0,1.0,0.0,5.0,0.0,12.0,2.0,2.0,1.0,3.0,30.0,77
240970,2019,2.0,0.0,2.0,0.0,1.0,11.0,4.0,1.0,3.0,5.0,29.0,61
240980,2012,10.0,0.0,3.0,1.0,4.0,18.0,2.0,5.0,9.0,19.0,87.0,227
240980,2013,0.0,0.0,0.0,0.0,0.0,0.0,0.0,0.0,0.0,0.0,83.0,234
240980,2014,10.0,2.0,4.0,0.0,1.0,10.0,6.0,4.0,12.0,12.0,72.0,175
240980,2015,7.0,1.0,5.0,3.0,2.0,35.0,4.0,9.0,6.0,22.0,103.0,225
240980,2016,7.0,1.0,1.0,4.0,1.0,23.0,6.0,11.0,5.0,19.0,88.0,199
240980,2017,6.0,0.0,0.0,4.0,1.0,19.0,8.0,7.0,14.0,13.0,75.0,183
240980,2018,11.0,2.0,0.0,2.0,1.0,48.0,7.0,14.0,12.0,27.0,126.0,240
240980,2019,8.0,1.0,7.0,6.0,1.0,38.0,9.0,10.0,13.0,12.0,107.0,222
240990,2012,22.0,0.0,8.0,0.0,2.0,18.0,2.0,9.0,8.0,17.0,97.0,130
240990,2013,0.0,0.0,0.0,0.0,0.0,0.0,0.0,0.0,0.0,0.0,71.0,91
240990,2014,12.0,0.0,0.0,1.0,2.0,38.0,14.0,20.0,20.0,38.0,154.0,198
240990,2015,10.0,0.0,2.0,3.0,2.0,18.0,12.0,4.0,9.0,21.0,151.0,205
240990,2016,3.0,0.0,2.0,0.0,4.0,28.0,4.0,15.0,6.0,23.0,97.0,130
240990,2017,16.0,0.0,0.0,1.0,2.0,22.0,5.0,22.0,5.0,38.0,111.0,149
240990,2018,9.0,1.0,2.0,3.0,3.0,54.0,5.0,12.0,9.0,33.0,132.0,167
240990,2019,6.0,1.0,2.0,1.0,0.0,37.0,6.0,9.0,13.0,30.0,111.0,147
241000,2012,0.0,0.0,0.0,0.0,0.0,12.0,0.0,5.0,1.0,7.0,28.0,33
241000,2013,0.0,0.0,0.0,0.0,0.0,0.0,0.0,0.0,0.0,0.0,44.0,48
241000,2014,2.0,0.0,0.0,0.0,0.0,7.0,1.0,6.0,2.0,15.0,35.0,39
241000,2015,1.0,0.0,2.0,0.0,0.0,16.0,5.0,5.0,8.0,5.0,46.0,51
241000,2016,1.0,0.0,0.0,0.0,0.0,11.0,1.0,5.0,1.0,10.0,29.0,33
241000,2017,3.0,0.0,0.0,0.0,0.0,12.0,4.0,2.0,4.0,9.0,34.0,39
241000,2018,4.0,0.0,0.0,0.0,1.0,11.0,2.0,2.0,7.0,10.0,38.0,42
241000,2019,4.0,0.0,0.0,0.0,0.0,19.0,2.0,5.0,10.0,7.0,47.0,51
241010,2012,14.0,0.0,6.0,0.0,0.0,14.0,7.0,10.0,12.0,19.0,90.0,217
241010,2013,0.0,0.0,0.0,0.0,0.0,0.0,0.0,0.0,0.0,0.0,58.0,146
241010,2014,6.0,0.0,0.0,1.0,1.0,19.0,8.0,8.0,10.0,17.0,72.0,181
241010,2015,12.0,0.0,1.0,2.0,1.0,17.0,5.0,8.0,13.0,7.0,69.0,170
241010,2016,3.0,0.0,0.0,1.0,0.0,8.0,4.0,5.0,13.0,13.0,47.0,147
241010,2017,7.0,0.0,2.0,14.0,5.0,18.0,5.0,7.0,8.0,6.0,74.0,165
241010,2018,8.0,0.0,0.0,3.0,2.0,21.0,7.0,11.0,9.0,7.0,69.0,168
241010,2019,8.0,0.0,2.0,3.0,4.0,27.0,3.0,10.0,8.0,7.0,75.0,172
241020,2012,13.0,0.0,4.0,0.0,0.0,50.0,0.0,0.0,3.0,5.0,77.0,106
241020,2013,0.0,0.0,0.0,0.0,0.0,0.0,0.0,0.0,0.0,0.0,68.0,83
241020,2014,13.0,0.0,6.0,1.0,0.0,37.0,9.0,3.0,9.0,12.0,95.0,109
241020,2015,2.0,0.0,4.0,0.0,0.0,25.0,11.0,4.0,11.0,8.0,67.0,90
241020,2016,5.0,0.0,0.0,0.0,0.0,24.0,19.0,2.0,27.0,7.0,84.0,109
241020,2017,5.0,0.0,0.0,0.0,0.0,39.0,15.0,0.0,19.0,5.0,83.0,100
241020,2018,6.0,0.0,4.0,0.0,0.0,31.0,10.0,1.0,23.0,4.0,81.0,100
241020,2019,6.0,0.0,4.0,0.0,1.0,34.0,14.0,2.0,19.0,10.0,91.0,112
241025,2012,7.0,0.0,0.0,1.0,0.0,10.0,0.0,5.0,6.0,15.0,46.0,69
241025,2013,0.0,0.0,0.0,0.0,0.0,0.0,0.0,0.0,0.0,0.0,48.0,63
241025,2014,7.0,0.0,0.0,2.0,0.0,11.0,1.0,5.0,4.0,13.0,46.0,73
241025,2015,3.0,1.0,0.0,1.0,1.0,20.0,4.0,12.0,2.0,7.0,62.0,88
241025,2016,6.0,0.0,0.0,1.0,0.0,22.0,0.0,9.0,1.0,13.0,56.0,83
241025,2017,10.0,0.0,0.0,0.0,1.0,25.0,1.0,7.0,7.0,11.0,62.0,90
241025,2018,5.0,0.0,0.0,2.0,0.0,21.0,4.0,5.0,7.0,24.0,68.0,92
241025,2019,6.0,0.0,0.0,0.0,1.0,21.0,2.0,9.0,5.0,15.0,59.0,79
241030,2012,4.0,0.0,4.0,3.0,2.0,12.0,1.0,2.0,11.0,8.0,50.0,147
241030,2013,0.0,0.0,0.0,0.0,0.0,0.0,0.0,0.0,0.0,0.0,64.0,162
241030,2014,6.0,0.0,0.0,0.0,1.0,5.0,2.0,6.0,4.0,14.0,39.0,151
241030,2015,6.0,0.0,2.0,3.0,0.0,8.0,0.0,9.0,3.0,6.0,62.0,165
241030,2016,2.0,0.0,0.0,1.0,1.0,4.0,1.0,2.0,6.0,4.0,76.0,141
241030,2017,4.0,0.0,4.0,1.0,2.0,24.0,3.0,13.0,10.0,15.0,82.0,160
241030,2018,7.0,0.0,0.0,1.0,3.0,14.0,0.0,9.0,5.0,13.0,61.0,132
241030,2019,5.0,1.0,8.0,2.0,1.0,28.0,5.0,11.0,5.0,14.0,82.0,167
241040,2012,3.0,0.0,0.0,1.0,2.0,10.0,0.0,2.0,6.0,6.0,32.0,117
241040,2013,0.0,0.0,0.0,0.0,0.0,0.0,0.0,0.0,0.0,0.0,39.0,129
241040,2014,4.0,0.0,2.0,1.0,0.0,12.0,5.0,9.0,11.0,6.0,54.0,153
241040,2015,5.0,0.0,0.0,1.0,1.0,7.0,5.0,4.0,10.0,4.0,38.0,123
241040,2016,5.0,0.0,2.0,6.0,0.0,9.0,4.0,3.0,5.0,5.0,39.0,103
241040,2017,4.0,0.0,3.0,7.0,2.0,8.0,6.0,3.0,12.0,7.0,52.0,136
241040,2018,6.0,0.0,0.0,0.0,0.0,20.0,4.0,7.0,11.0,10.0,59.0,128
241040,2019,5.0,0.0,1.0,2.0,1.0,15.0,9.0,3.0,8.0,6.0,51.0,124
241050,2012,4.0,0.0,0.0,0.0,0.0,40.0,0.0,0.0,0.0,4.0,52.0,59
241050,2013,0.0,0.0,0.0,0.0,0.0,0.0,0.0,0.0,0.0,0.0,58.0,65
241050,2014,5.0,0.0,2.0,0.0,0.0,22.0,2.0,2.0,8.0,18.0,59.0,67
241050,2015,6.0,0.0,0.0,1.0,0.0,12.0,6.0,0.0,11.0,6.0,42.0,52
241050,2016,1.0,0.0,0.0,0.0,0.0,16.0,7.0,0.0,19.0,2.0,45.0,51
241050,2017,6.0,0.0,0.0,0.0,0.0,18.0,5.0,1.0,19.0,3.0,53.0,61
241050,2018,7.0,0.0,1.0,0.0,0.0,27.0,10.0,2.0,9.0,5.0,64.0,68
241050,2019,1.0,0.0,2.0,1.0,2.0,28.0,1.0,1.0,7.0,11.0,56.0,64
241060,2012,4.0,0.0,0.0,0.0,0.0,7.0,2.0,1.0,5.0,13.0,40.0,58
241060,2013,0.0,0.0,0.0,0.0,0.0,0.0,0.0,0.0,0.0,0.0,24.0,35
241060,2014,1.0,0.0,0.0,0.0,0.0,7.0,0.0,4.0,1.0,9.0,22.0,29
241060,2015,3.0,0.0,2.0,0.0,0.0,12.0,2.0,7.0,2.0,5.0,35.0,45
241060,2016,1.0,1.0,0.0,0.0,0.0,4.0,0.0,5.0,1.0,5.0,17.0,19
241060,2017,1.0,6.0,0.0,1.0,0.0,4.0,0.0,1.0,0.0,11.0,25.0,30
241060,2018,1.0,2.0,0.0,1.0,1.0,3.0,0.0,3.0,0.0,6.0,21.0,27
241060,2019,1.0,0.0,0.0,0.0,0.0,9.0,0.0,2.0,2.0,7.0,21.0,22
241070,2012,3.0,0.0,2.0,0.0,0.0,14.0,0.0,1.0,0.0,3.0,28.0,45
241070,2013,0.0,0.0,0.0,0.0,0.0,0.0,0.0,0.0,0.0,0.0,26.0,42
241070,2014,0.0,1.0,0.0,0.0,0.0,10.0,1.0,4.0,1.0,4.0,22.0,34
241070,2015,0.0,0.0,0.0,0.0,0.0,4.0,3.0,0.0,3.0,6.0,16.0,32
241070,2016,2.0,0.0,0.0,0.0,0.0,8.0,1.0,2.0,4.0,9.0,26.0,34
241070,2017,0.0,0.0,0.0,1.0,0.0,4.0,3.0,4.0,4.0,2.0,18.0,29
241070,2018,2.0,0.0,1.0,0.0,0.0,17.0,2.0,5.0,5.0,2.0,35.0,46
241070,2019,7.0,0.0,0.0,1.0,0.0,5.0,0.0,6.0,2.0,8.0,30.0,42
241080,2012,5.0,0.0,0.0,0.0,0.0,37.0,0.0,0.0,0.0,0.0,44.0,56
241080,2013,0.0,0.0,0.0,0.0,0.0,0.0,0.0,0.0,0.0,0.0,37.0,45
241080,2014,5.0,0.0,2.0,0.0,1.0,17.0,0.0,2.0,2.0,6.0,38.0,44
241080,2015,3.0,0.0,0.0,0.0,0.0,13.0,7.0,2.0,10.0,10.0,49.0,60
241080,2016,5.0,0.0,2.0,0.0,0.0,14.0,4.0,0.0,13.0,3.0,41.0,48
241080,2017,2.0,0.0,0.0,0.0,0.0,8.0,6.0,0.0,22.0,5.0,43.0,55
241080,2018,1.0,0.0,0.0,0.0,1.0,12.0,7.0,0.0,7.0,0.0,28.0,37
241080,2019,4.0,0.0,0.0,0.0,0.0,10.0,3.0,2.0,14.0,3.0,38.0,43
241090,2012,6.0,1.0,1.0,0.0,2.0,7.0,5.0,2.0,6.0,7.0,47.0,103
241090,2013,0.0,0.0,0.0,0.0,0.0,0.0,0.0,0.0,0.0,0.0,53.0,116
241090,2014,8.0,0.0,4.0,1.0,0.0,12.0,3.0,3.0,5.0,8.0,51.0,97
241090,2015,7.0,1.0,2.0,1.0,0.0,8.0,1.0,8.0,1.0,9.0,51.0,113
241090,2016,4.0,0.0,2.0,1.0,1.0,6.0,1.0,1.0,0.0,3.0,44.0,101
241090,2017,5.0,0.0,2.0,2.0,3.0,10.0,2.0,5.0,4.0,8.0,45.0,94
241090,2018,6.0,0.0,2.0,3.0,4.0,11.0,1.0,8.0,4.0,7.0,49.0,103
241090,2019,2.0,0.0,0.0,3.0,0.0,23.0,1.0,5.0,8.0,12.0,55.0,103
241100,2012,3.0,0.0,0.0,0.0,1.0,33.0,0.0,0.0,0.0,2.0,43.0,58
241100,2013,0.0,0.0,0.0,0.0,0.0,0.0,0.0,0.0,0.0,0.0,58.0,67
241100,2014,11.0,0.0,0.0,1.0,0.0,22.0,4.0,3.0,3.0,9.0,55.0,71
241100,2015,11.0,0.0,0.0,0.0,0.0,21.0,14.0,1.0,18.0,7.0,74.0,87
241100,2016,2.0,0.0,0.0,1.0,1.0,15.0,7.0,1.0,8.0,7.0,42.0,58
241100,2017,8.0,0.0,0.0,0.0,0.0,17.0,7.0,0.0,13.0,9.0,54.0,66
241100,2018,4.0,0.0,0.0,1.0,0.0,19.0,6.0,2.0,18.0,3.0,53.0,65
241100,2019,4.0,0.0,0.0,0.0,0.0,20.0,3.0,1.0,14.0,2.0,45.0,52
241105,2012,6.0,1.0,0.0,0.0,2.0,6.0,0.0,1.0,6.0,12.0,40.0,55
241105,2013,0.0,0.0,0.0,0.0,0.0,0.0,0.0,0.0,0.0,0.0,49.0,67
241105,2014,6.0,0.0,0.0,1.0,0.0,20.0,2.0,7.0,4.0,15.0,57.0,76
241105,2015,3.0,0.0,0.0,0.0,0.0,15.0,3.0,8.0,1.0,14.0,46.0,63
241105,2016,6.0,0.0,0.0,1.0,0.0,22.0,2.0,8.0,1.0,16.0,56.0,80
241105,2017,7.0,0.0,0.0,0.0,3.0,14.0,0.0,5.0,6.0,13.0,48.0,71
241105,2018,3.0,0.0,2.0,3.0,0.0,28.0,3.0,7.0,7.0,17.0,70.0,94
241105,2019,5.0,0.0,0.0,0.0,0.0,19.0,2.0,8.0,10.0,14.0,58.0,71
241110,2012,2.0,0.0,0.0,0.0,0.0,5.0,1.0,0.0,1.0,4.0,14.0,45
241110,2013,0.0,0.0,0.0,0.0,0.0,0.0,0.0,0.0,0.0,0.0,16.0,41
241110,2014,0.0,1.0,2.0,1.0,0.0,2.0,2.0,2.0,1.0,3.0,14.0,34
241110,2015,0.0,0.0,2.0,0.0,1.0,2.0,0.0,1.0,1.0,0.0,9.0,28
241110,2016,1.0,0.0,2.0,0.0,1.0,4.0,0.0,0.0,1.0,1.0,16.0,33
241110,2017,1.0,0.0,0.0,2.0,0.0,3.0,2.0,1.0,2.0,3.0,15.0,39
241110,2018,2.0,0.0,0.0,0.0,1.0,5.0,2.0,2.0,0.0,3.0,19.0,37
241110,2019,4.0,0.0,2.0,2.0,2.0,8.0,1.0,2.0,2.0,3.0,26.0,39
241120,2012,38.0,1.0,9.0,6.0,6.0,49.0,9.0,20.0,34.0,68.0,255.0,584
241120,2013,0.0,0.0,0.0,0.0,0.0,0.0,0.0,0.0,0.0,0.0,286.0,586
241120,2014,25.0,0.0,10.0,10.0,8.0,68.0,11.0,26.0,39.0,61.0,274.0,627
241120,2015,32.0,1.0,0.0,7.0,6.0,48.0,9.0,26.0,16.0,37.0,322.0,597
241120,2016,32.0,0.0,4.0,7.0,1.0,12.0,5.0,4.0,13.0,11.0,347.0,612
241120,2017,37.0,0.0,8.0,10.0,12.0,59.0,19.0,30.0,44.0,61.0,308.0,563
241120,2018,30.0,0.0,4.0,12.0,8.0,67.0,19.0,28.0,36.0,54.0,317.0,584
241120,2019,44.0,0.0,4.0,10.0,6.0,80.0,14.0,31.0,25.0,61.0,275.0,529
241140,2012,8.0,0.0,0.0,2.0,0.0,11.0,5.0,3.0,9.0,7.0,64.0,151
241140,2013,0.0,0.0,0.0,0.0,0.0,0.0,0.0,0.0,0.0,0.0,60.0,147
241140,2014,4.0,0.0,0.0,5.0,1.0,9.0,9.0,6.0,11.0,14.0,67.0,133
241140,2015,9.0,0.0,2.0,2.0,2.0,18.0,9.0,6.0,4.0,15.0,78.0,138
241140,2016,5.0,0.0,0.0,1.0,1.0,18.0,1.0,11.0,3.0,16.0,58.0,110
241140,2017,9.0,1.0,0.0,1.0,1.0,16.0,0.0,15.0,4.0,20.0,68.0,108
241140,2018,8.0,0.0,0.0,2.0,4.0,24.0,6.0,20.0,12.0,20.0,98.0,163
241140,2019,6.0,0.0,2.0,4.0,3.0,23.0,9.0,6.0,10.0,19.0,82.0,128
241142,2012,0.0,0.0,0.0,1.0,0.0,4.0,2.0,0.0,3.0,1.0,11.0,29
241142,2013,0.0,0.0,0.0,0.0,0.0,0.0,0.0,0.0,0.0,0.0,18.0,31
241142,2014,1.0,0.0,0.0,1.0,1.0,3.0,1.0,3.0,3.0,3.0,16.0,27
241142,2015,1.0,0.0,0.0,0.0,0.0,4.0,1.0,1.0,2.0,1.0,10.0,29
241142,2016,1.0,0.0,0.0,0.0,0.0,6.0,1.0,1.0,2.0,3.0,14.0,26
241142,2017,1.0,0.0,0.0,0.0,0.0,5.0,2.0,0.0,7.0,3.0,18.0,29
241142,2018,2.0,1.0,3.0,2.0,0.0,12.0,4.0,3.0,1.0,1.0,29.0,45
241142,2019,0.0,1.0,0.0,0.0,0.0,6.0,2.0,0.0,0.0,1.0,10.0,25
241150,2012,13.0,0.0,2.0,5.0,4.0,37.0,0.0,20.0,10.0,35.0,183.0,329
241150,2013,0.0,0.0,0.0,0.0,0.0,0.0,0.0,0.0,0.0,0.0,167.0,330
241150,2014,23.0,0.0,0.0,5.0,1.0,27.0,13.0,14.0,15.0,24.0,161.0,332
241150,2015,15.0,1.0,1.0,2.0,0.0,34.0,1.0,27.0,9.0,44.0,178.0,349
241150,2016,15.0,2.0,7.0,9.0,4.0,38.0,5.0,23.0,12.0,34.0,177.0,326
241150,2017,6.0,1.0,2.0,3.0,1.0,37.0,7.0,11.0,16.0,41.0,146.0,272
241150,2018,8.0,1.0,6.0,4.0,2.0,49.0,6.0,20.0,24.0,50.0,199.0,340
241150,2019,13.0,0.0,2.0,5.0,4.0,49.0,7.0,25.0,26.0,40.0,203.0,313
241160,2012,2.0,1.0,0.0,0.0,1.0,3.0,2.0,1.0,2.0,5.0,18.0,48
241160,2013,0.0,0.0,0.0,0.0,0.0,0.0,0.0,0.0,0.0,0.0,21.0,41
241160,2014,1.0,0.0,0.0,1.0,0.0,3.0,2.0,2.0,4.0,2.0,16.0,38
241160,2015,0.0,1.0,0.0,0.0,0.0,7.0,1.0,2.0,1.0,1.0,15.0,44
241160,2016,2.0,0.0,0.0,0.0,0.0,6.0,2.0,2.0,2.0,0.0,15.0,35
241160,2017,2.0,0.0,0.0,3.0,1.0,1.0,2.0,0.0,2.0,5.0,16.0,44
241160,2018,2.0,0.0,4.0,0.0,1.0,6.0,0.0,3.0,3.0,1.0,20.0,54
241160,2019,2.0,0.0,0.0,2.0,0.0,9.0,1.0,3.0,2.0,4.0,23.0,54
241170,2012,1.0,0.0,0.0,1.0,2.0,2.0,0.0,3.0,2.0,7.0,19.0,59
241170,2013,0.0,0.0,0.0,0.0,0.0,0.0,0.0,0.0,0.0,0.0,29.0,74
241170,2014,0.0,0.0,1.0,0.0,1.0,4.0,2.0,3.0,4.0,3.0,19.0,71
241170,2015,3.0,0.0,4.0,1.0,2.0,2.0,0.0,2.0,0.0,2.0,25.0,76
241170,2016,2.0,0.0,0.0,0.0,0.0,0.0,0.0,0.0,1.0,1.0,21.0,41
241170,2017,1.0,0.0,0.0,3.0,0.0,6.0,4.0,4.0,4.0,8.0,32.0,61
241170,2018,3.0,0.0,0.0,0.0,0.0,8.0,2.0,0.0,5.0,4.0,25.0,60
241170,2019,3.0,0.0,0.0,0.0,0.0,5.0,0.0,3.0,2.0,2.0,16.0,48
241180,2012,2.0,1.0,0.0,0.0,1.0,5.0,0.0,1.0,1.0,7.0,20.0,49
241180,2013,0.0,0.0,0.0,0.0,0.0,0.0,0.0,0.0,0.0,0.0,15.0,28
241180,2014,0.0,0.0,0.0,0.0,0.0,10.0,0.0,1.0,0.0,8.0,19.0,44
241180,2015,1.0,0.0,0.0,0.0,0.0,9.0,2.0,2.0,1.0,10.0,25.0,34
241180,2016,4.0,0.0,0.0,0.0,0.0,2.0,1.0,2.0,2.0,7.0,18.0,29
241180,2017,1.0,0.0,0.0,0.0,0.0,3.0,1.0,6.0,2.0,9.0,22.0,37
241180,2018,2.0,0.0,0.0,1.0,1.0,7.0,0.0,6.0,0.0,8.0,25.0,39
241180,2019,5.0,0.0,1.0,1.0,0.0,5.0,0.0,4.0,0.0,13.0,29.0,39
241190,2012,7.0,0.0,0.0,0.0,1.0,25.0,0.0,0.0,0.0,1.0,39.0,44
241190,2013,0.0,0.0,0.0,0.0,0.0,0.0,0.0,0.0,0.0,0.0,52.0,60
241190,2014,4.0,0.0,2.0,0.0,0.0,24.0,2.0,1.0,8.0,3.0,52.0,63
241190,2015,6.0,0.0,4.0,0.0,0.0,16.0,8.0,2.0,9.0,8.0,55.0,63
241190,2016,1.0,0.0,2.0,1.0,0.0,22.0,14.0,3.0,25.0,9.0,77.0,82
241190,2017,3.0,0.0,1.0,0.0,0.0,14.0,6.0,0.0,20.0,3.0,47.0,56
241190,2018,5.0,0.0,0.0,0.0,0.0,21.0,5.0,3.0,11.0,5.0,51.0,60
241190,2019,1.0,0.0,0.0,0.0,0.0,21.0,1.0,2.0,10.0,8.0,43.0,50
241200,2012,102.0,3.0,17.0,6.0,14.0,159.0,33.0,21.0,132.0,83.0,735.0,1690
241200,2013,0.0,0.0,0.0,0.0,0.0,0.0,0.0,0.0,0.0,0.0,816.0,1768
241200,2014,91.0,1.0,19.0,14.0,15.0,191.0,67.0,70.0,142.0,124.0,936.0,1860
241200,2015,68.0,3.0,23.0,22.0,19.0,213.0,78.0,52.0,159.0,144.0,903.0,1724
241200,2016,80.0,1.0,25.0,19.0,11.0,178.0,39.0,47.0,141.0,134.0,802.0,1566
241200,2017,84.0,3.0,24.0,49.0,36.0,232.0,52.0,60.0,139.0,145.0,952.0,1693
241200,2018,77.0,3.0,13.0,16.0,7.0,213.0,56.0,53.0,112.0,135.0,824.0,1522
241200,2019,81.0,4.0,20.0,19.0,15.0,201.0,53.0,72.0,101.0,113.0,812.0,1410
241210,2012,2.0,1.0,2.0,0.0,0.0,12.0,0.0,7.0,1.0,16.0,41.0,72
241210,2013,0.0,0.0,0.0,0.0,0.0,0.0,0.0,0.0,0.0,0.0,34.0,60
241210,2014,5.0,0.0,0.0,0.0,0.0,8.0,1.0,12.0,0.0,16.0,42.0,57
241210,2015,5.0,0.0,2.0,0.0,3.0,7.0,4.0,6.0,7.0,23.0,57.0,69
241210,2016,4.0,0.0,0.0,0.0,0.0,8.0,1.0,10.0,4.0,16.0,44.0,66
241210,2017,2.0,0.0,0.0,0.0,1.0,20.0,2.0,8.0,3.0,14.0,50.0,67
241210,2018,2.0,0.0,0.0,1.0,0.0,16.0,0.0,8.0,1.0,17.0,45.0,59
241210,2019,2.0,0.0,0.0,1.0,0.0,11.0,0.0,4.0,1.0,18.0,37.0,57
241220,2012,38.0,0.0,0.0,9.0,3.0,62.0,3.0,6.0,25.0,52.0,225.0,680
241220,2013,0.0,0.0,0.0,0.0,0.0,0.0,0.0,0.0,0.0,0.0,260.0,709
241220,2014,30.0,8.0,4.0,7.0,1.0,57.0,23.0,33.0,44.0,47.0,277.0,666
241220,2015,46.0,0.0,11.0,10.0,5.0,93.0,19.0,30.0,41.0,65.0,346.0,802
241220,2016,30.0,2.0,7.0,3.0,5.0,77.0,25.0,30.0,41.0,81.0,324.0,745
241220,2017,36.0,0.0,8.0,7.0,8.0,84.0,33.0,45.0,38.0,84.0,351.0,721
241220,2018,33.0,1.0,5.0,15.0,8.0,112.0,37.0,39.0,49.0,73.0,378.0,764
241220,2019,23.0,2.0,5.0,14.0,8.0,126.0,28.0,49.0,47.0,78.0,387.0,726
241230,2012,6.0,0.0,0.0,0.0,0.0,15.0,3.0,8.0,12.0,6.0,65.0,176
241230,2013,0.0,0.0,0.0,0.0,0.0,0.0,0.0,0.0,0.0,0.0,67.0,155
241230,2014,6.0,1.0,2.0,2.0,1.0,9.0,9.0,12.0,6.0,16.0,80.0,169
241230,2015,10.0,0.0,3.0,1.0,2.0,7.0,1.0,9.0,8.0,16.0,90.0,182
241230,2016,3.0,1.0,2.0,4.0,0.0,3.0,1.0,3.0,0.0,3.0,68.0,137
241230,2017,5.0,0.0,4.0,3.0,4.0,10.0,2.0,8.0,4.0,12.0,64.0,147
241230,2018,3.0,0.0,2.0,3.0,1.0,16.0,4.0,5.0,3.0,9.0,55.0,145
241230,2019,5.0,0.0,2.0,4.0,1.0,25.0,2.0,7.0,5.0,13.0,68.0,148
241240,2012,3.0,0.0,0.0,0.0,0.0,6.0,0.0,2.0,1.0,8.0,22.0,49
241240,2013,0.0,0.0,0.0,0.0,0.0,0.0,0.0,0.0,0.0,0.0,34.0,49
241240,2014,0.0,0.0,0.0,1.0,0.0,11.0,2.0,7.0,2.0,10.0,34.0,59
241240,2015,2.0,0.0,2.0,0.0,2.0,9.0,1.0,5.0,6.0,12.0,39.0,57
241240,2016,3.0,0.0,0.0,0.0,0.0,10.0,0.0,3.0,2.0,5.0,24.0,38
241240,2017,5.0,0.0,0.0,1.0,0.0,16.0,2.0,5.0,2.0,17.0,48.0,59
241240,2018,3.0,0.0,2.0,1.0,1.0,16.0,0.0,7.0,3.0,12.0,45.0,59
241240,2019,5.0,0.0,0.0,0.0,0.0,16.0,2.0,4.0,2.0,8.0,37.0,51
241250,2012,28.0,0.0,6.0,4.0,2.0,90.0,11.0,17.0,23.0,57.0,271.0,386
241250,2013,0.0,0.0,0.0,0.0,0.0,0.0,0.0,0.0,0.0,0.0,200.0,272
241250,2014,23.0,0.0,2.0,1.0,2.0,73.0,12.0,27.0,20.0,57.0,232.0,321
241250,2015,13.0,0.0,8.0,2.0,0.0,75.0,30.0,18.0,46.0,60.0,262.0,358
241250,2016,16.0,1.0,6.0,4.0,1.0,61.0,9.0,36.0,13.0,83.0,252.0,354
241250,2017,23.0,2.0,2.0,10.0,4.0,105.0,11.0,28.0,20.0,68.0,281.0,432
241250,2018,20.0,1.0,2.0,5.0,1.0,98.0,13.0,28.0,27.0,71.0,281.0,401
241250,2019,22.0,0.0,2.0,8.0,1.0,83.0,10.0,24.0,28.0,56.0,242.0,304
241255,2012,6.0,0.0,0.0,3.0,1.0,4.0,0.0,1.0,8.0,3.0,26.0,87
241255,2013,0.0,0.0,0.0,0.0,0.0,0.0,0.0,0.0,0.0,0.0,34.0,112
241255,2014,1.0,0.0,0.0,3.0,0.0,9.0,2.0,2.0,4.0,7.0,28.0,105
241255,2015,3.0,0.0,2.0,2.0,1.0,6.0,1.0,7.0,4.0,4.0,32.0,88
241255,2016,5.0,0.0,2.0,0.0,0.0,5.0,1.0,5.0,4.0,2.0,26.0,70
241255,2017,4.0,0.0,2.0,0.0,0.0,5.0,4.0,0.0,3.0,3.0,21.0,55
241255,2018,3.0,0.0,0.0,0.0,0.0,7.0,3.0,0.0,2.0,5.0,20.0,59
241255,2019,3.0,0.0,0.0,0.0,1.0,24.0,4.0,6.0,12.0,8.0,61.0,136
241260,2012,14.0,0.0,2.0,0.0,1.0,17.0,2.0,1.0,12.0,12.0,74.0,192
241260,2013,0.0,0.0,0.0,0.0,0.0,0.0,0.0,0.0,0.0,0.0,100.0,217
241260,2014,7.0,0.0,2.0,3.0,3.0,19.0,8.0,11.0,15.0,28.0,109.0,232
241260,2015,10.0,1.0,5.0,0.0,1.0,13.0,5.0,8.0,8.0,22.0,97.0,197
241260,2016,12.0,1.0,0.0,0.0,1.0,14.0,1.0,6.0,3.0,9.0,112.0,220
241260,2017,9.0,0.0,0.0,3.0,3.0,28.0,6.0,10.0,14.0,29.0,110.0,203
241260,2018,6.0,0.0,4.0,2.0,4.0,29.0,3.0,7.0,13.0,22.0,103.0,208
241260,2019,13.0,2.0,1.0,3.0,6.0,37.0,7.0,4.0,12.0,24.0,111.0,207
241270,2012,4.0,0.0,0.0,1.0,0.0,6.0,1.0,0.0,1.0,3.0,23.0,81
241270,2013,0.0,0.0,0.0,0.0,0.0,0.0,0.0,0.0,0.0,0.0,35.0,68
241270,2014,0.0,0.0,3.0,0.0,0.0,6.0,1.0,5.0,3.0,3.0,24.0,68
241270,2015,9.0,0.0,6.0,1.0,0.0,3.0,4.0,5.0,4.0,8.0,46.0,91
241270,2016,1.0,0.0,2.0,2.0,0.0,3.0,0.0,4.0,3.0,1.0,37.0,66
241270,2017,4.0,0.0,2.0,2.0,3.0,7.0,4.0,3.0,3.0,8.0,38.0,77
241270,2018,4.0,0.0,0.0,0.0,2.0,8.0,1.0,3.0,3.0,8.0,35.0,70
241270,2019,3.0,1.0,2.0,2.0,1.0,13.0,3.0,4.0,4.0,8.0,41.0,76
241280,2012,4.0,0.0,2.0,1.0,1.0,7.0,2.0,6.0,7.0,10.0,53.0,88
241280,2013,0.0,0.0,0.0,0.0,0.0,0.0,0.0,0.0,0.0,0.0,45.0,84
241280,2014,4.0,1.0,0.0,2.0,0.0,15.0,8.0,4.0,11.0,13.0,62.0,85
241280,2015,8.0,0.0,0.0,0.0,1.0,13.0,6.0,5.0,4.0,12.0,59.0,82
241280,2016,4.0,0.0,0.0,1.0,0.0,20.0,2.0,14.0,1.0,16.0,60.0,96
241280,2017,6.0,0.0,0.0,1.0,1.0,8.0,1.0,9.0,3.0,12.0,41.0,70
241280,2018,5.0,0.0,0.0,0.0,2.0,11.0,2.0,9.0,9.0,18.0,56.0,83
241280,2019,7.0,0.0,0.0,2.0,0.0,9.0,2.0,7.0,7.0,15.0,50.0,76
241290,2012,9.0,0.0,2.0,0.0,1.0,7.0,0.0,1.0,5.0,4.0,47.0,103
241290,2013,0.0,0.0,0.0,0.0,0.0,0.0,0.0,0.0,0.0,0.0,42.0,133
241290,2014,2.0,1.0,0.0,2.0,1.0,13.0,5.0,11.0,3.0,20.0,59.0,140
241290,2015,1.0,0.0,0.0,0.0,0.0,12.0,0.0,6.0,4.0,16.0,51.0,124
241290,2016,3.0,0.0,2.0,0.0,0.0,10.0,3.0,11.0,4.0,6.0,69.0,121
241290,2017,4.0,0.0,4.0,2.0,1.0,13.0,3.0,4.0,5.0,10.0,52.0,117
241290,2018,6.0,0.0,4.0,0.0,2.0,8.0,1.0,9.0,5.0,11.0,48.0,103
241290,2019,7.0,0.0,2.0,4.0,0.0,13.0,4.0,6.0,7.0,12.0,56.0,114
241300,2012,3.0,0.0,0.0,1.0,1.0,3.0,4.0,2.0,7.0,1.0,36.0,66
241300,2013,0.0,0.0,0.0,0.0,0.0,0.0,0.0,0.0,0.0,0.0,42.0,59
241300,2014,4.0,0.0,0.0,1.0,0.0,7.0,7.0,7.0,9.0,7.0,43.0,75
241300,2015,1.0,0.0,2.0,1.0,1.0,9.0,5.0,6.0,13.0,9.0,50.0,69
241300,2016,3.0,0.0,0.0,0.0,1.0,7.0,5.0,2.0,6.0,4.0,32.0,54
241300,2017,3.0,0.0,0.0,1.0,1.0,8.0,3.0,4.0,6.0,6.0,34.0,63
241300,2018,3.0,0.0,6.0,1.0,3.0,12.0,6.0,3.0,2.0,8.0,47.0,73
241300,2019,6.0,0.0,0.0,0.0,3.0,14.0,4.0,3.0,4.0,5.0,40.0,65
241310,2012,0.0,0.0,0.0,0.0,0.0,2.0,1.0,0.0,2.0,3.0,13.0,76
241310,2013,0.0,0.0,0.0,0.0,0.0,0.0,0.0,0.0,0.0,0.0,29.0,71
241310,2014,2.0,0.0,2.0,0.0,1.0,5.0,1.0,3.0,1.0,11.0,26.0,84
241310,2015,4.0,0.0,1.0,0.0,0.0,5.0,0.0,3.0,1.0,4.0,30.0,74
241310,2016,2.0,0.0,0.0,0.0,0.0,2.0,0.0,4.0,2.0,5.0,43.0,89
241310,2017,3.0,0.0,0.0,0.0,1.0,1.0,2.0,9.0,4.0,4.0,25.0,81
241310,2018,3.0,0.0,1.0,2.0,0.0,11.0,3.0,4.0,7.0,2.0,39.0,85
241310,2019,7.0,0.0,4.0,1.0,4.0,13.0,4.0,3.0,2.0,11.0,49.0,89
241320,2012,4.0,0.0,0.0,0.0,1.0,10.0,0.0,2.0,1.0,5.0,27.0,81
241320,2013,0.0,0.0,0.0,0.0,0.0,0.0,0.0,0.0,0.0,0.0,18.0,64
241320,2014,1.0,0.0,0.0,0.0,0.0,3.0,1.0,0.0,4.0,5.0,15.0,60
241320,2015,3.0,0.0,2.0,2.0,1.0,10.0,0.0,5.0,2.0,6.0,32.0,69
241320,2016,3.0,1.0,2.0,0.0,2.0,6.0,1.0,6.0,4.0,6.0,33.0,66
241320,2017,3.0,0.0,0.0,0.0,1.0,9.0,4.0,2.0,4.0,4.0,28.0,67
241320,2018,1.0,0.0,2.0,4.0,2.0,6.0,6.0,6.0,3.0,4.0,34.0,68
241320,2019,0.0,0.0,2.0,1.0,0.0,6.0,2.0,0.0,6.0,12.0,29.0,83
241330,2012,4.0,0.0,0.0,1.0,0.0,7.0,9.0,4.0,7.0,5.0,41.0,75
241330,2013,0.0,0.0,0.0,0.0,0.0,0.0,0.0,0.0,0.0,0.0,60.0,97
241330,2014,2.0,0.0,2.0,2.0,1.0,8.0,5.0,14.0,2.0,5.0,46.0,82
241330,2015,4.0,0.0,0.0,1.0,1.0,9.0,4.0,2.0,3.0,2.0,35.0,77
241330,2016,1.0,1.0,0.0,0.0,0.0,8.0,3.0,1.0,1.0,4.0,34.0,76
241330,2017,3.0,0.0,0.0,3.0,0.0,19.0,6.0,4.0,4.0,4.0,45.0,87
241330,2018,4.0,0.0,5.0,3.0,1.0,14.0,1.0,3.0,3.0,7.0,44.0,78
241330,2019,5.0,0.0,0.0,5.0,2.0,15.0,2.0,3.0,3.0,7.0,44.0,93
241335,2012,27.0,0.0,0.0,2.0,1.0,39.0,1.0,1.0,9.0,43.0,145.0,194
241335,2013,0.0,0.0,0.0,0.0,0.0,0.0,0.0,0.0,0.0,0.0,168.0,213
241335,2014,12.0,0.0,2.0,0.0,1.0,42.0,11.0,21.0,8.0,42.0,147.0,214
241335,2015,11.0,0.0,2.0,1.0,1.0,39.0,7.0,11.0,14.0,39.0,133.0,189
241335,2016,15.0,0.0,4.0,2.0,2.0,36.0,1.0,12.0,4.0,37.0,117.0,166
241335,2017,13.0,0.0,6.0,7.0,2.0,37.0,3.0,9.0,4.0,29.0,113.0,166
241335,2018,12.0,0.0,10.0,3.0,1.0,59.0,9.0,10.0,22.0,30.0,158.0,201
241335,2019,18.0,0.0,2.0,2.0,1.0,67.0,9.0,13.0,14.0,33.0,160.0,211
241340,2012,3.0,0.0,0.0,0.0,1.0,8.0,1.0,9.0,3.0,19.0,46.0,88
241340,2013,0.0,0.0,0.0,0.0,0.0,0.0,0.0,0.0,0.0,0.0,59.0,90
241340,2014,1.0,0.0,0.0,2.0,0.0,10.0,4.0,12.0,1.0,24.0,54.0,85
241340,2015,1.0,0.0,0.0,0.0,1.0,14.0,5.0,6.0,8.0,16.0,52.0,75
241340,2016,3.0,0.0,0.0,0.0,0.0,12.0,3.0,4.0,4.0,24.0,50.0,79
241340,2017,11.0,0.0,6.0,1.0,0.0,20.0,1.0,6.0,3.0,22.0,70.0,82
241340,2018,3.0,0.0,4.0,0.0,0.0,11.0,0.0,8.0,1.0,18.0,46.0,60
241340,2019,3.0,0.0,0.0,0.0,2.0,20.0,1.0,5.0,2.0,26.0,59.0,79
241350,2012,3.0,0.0,2.0,2.0,1.0,6.0,0.0,6.0,3.0,12.0,44.0,108
241350,2013,0.0,0.0,0.0,0.0,0.0,0.0,0.0,0.0,0.0,0.0,46.0,107
241350,2014,8.0,0.0,2.0,0.0,1.0,10.0,2.0,6.0,4.0,13.0,56.0,103
241350,2015,1.0,0.0,0.0,1.0,1.0,14.0,0.0,7.0,1.0,8.0,40.0,95
241350,2016,3.0,0.0,4.0,1.0,1.0,9.0,2.0,7.0,3.0,7.0,43.0,78
241350,2017,1.0,0.0,0.0,1.0,0.0,10.0,0.0,3.0,5.0,10.0,35.0,86
241350,2018,4.0,0.0,2.0,2.0,0.0,9.0,1.0,12.0,4.0,9.0,52.0,94
241350,2019,1.0,2.0,3.0,2.0,0.0,9.0,1.0,2.0,1.0,10.0,33.0,73
241355,2012,4.0,1.0,0.0,0.0,0.0,8.0,0.0,5.0,0.0,11.0,31.0,38
241355,2013,0.0,0.0,0.0,0.0,0.0,0.0,0.0,0.0,0.0,0.0,34.0,42
241355,2014,1.0,0.0,0.0,0.0,0.0,17.0,0.0,14.0,1.0,17.0,54.0,62
241355,2015,5.0,0.0,0.0,0.0,0.0,9.0,0.0,5.0,4.0,15.0,39.0,47
241355,2016,5.0,0.0,2.0,0.0,0.0,6.0,1.0,5.0,1.0,12.0,32.0,43
241355,2017,1.0,0.0,0.0,0.0,0.0,12.0,0.0,2.0,2.0,18.0,35.0,44
241355,2018,3.0,0.0,0.0,0.0,0.0,12.0,3.0,2.0,1.0,12.0,33.0,43
241355,2019,3.0,0.0,0.0,2.0,0.0,26.0,1.0,8.0,3.0,9.0,55.0,62
241360,2012,7.0,0.0,1.0,0.0,1.0,24.0,0.0,7.0,2.0,21.0,65.0,78
241360,2013,0.0,0.0,0.0,0.0,0.0,0.0,0.0,0.0,0.0,0.0,47.0,57
241360,2014,4.0,0.0,4.0,0.0,1.0,21.0,4.0,8.0,13.0,18.0,79.0,90
241360,2015,5.0,0.0,2.0,1.0,0.0,17.0,6.0,5.0,15.0,15.0,68.0,82
241360,2016,6.0,0.0,0.0,1.0,2.0,24.0,6.0,5.0,16.0,9.0,69.0,86
241360,2017,6.0,0.0,0.0,2.0,0.0,29.0,4.0,3.0,15.0,13.0,72.0,87
241360,2018,7.0,0.0,2.0,0.0,2.0,17.0,4.0,4.0,17.0,10.0,63.0,79
241360,2019,2.0,0.0,0.0,0.0,0.0,19.0,7.0,1.0,18.0,9.0,56.0,66
241370,2012,1.0,0.0,0.0,1.0,2.0,6.0,2.0,5.0,3.0,8.0,29.0,71
241370,2013,0.0,0.0,0.0,0.0,0.0,0.0,0.0,0.0,0.0,0.0,23.0,65
241370,2014,1.0,0.0,2.0,1.0,1.0,4.0,1.0,2.0,3.0,4.0,21.0,61
241370,2015,3.0,0.0,0.0,0.0,0.0,1.0,0.0,0.0,2.0,6.0,23.0,55
241370,2016,1.0,0.0,2.0,0.0,0.0,0.0,0.0,0.0,0.0,1.0,23.0,56
241370,2017,4.0,0.0,0.0,0.0,1.0,3.0,3.0,2.0,2.0,4.0,20.0,51
241370,2018,3.0,0.0,0.0,4.0,0.0,9.0,2.0,6.0,3.0,3.0,34.0,67
241370,2019,1.0,2.0,0.0,1.0,0.0,7.0,7.0,5.0,1.0,6.0,31.0,58
241380,2012,6.0,0.0,0.0,1.0,0.0,25.0,0.0,3.0,0.0,2.0,39.0,47
241380,2013,0.0,0.0,0.0,0.0,0.0,0.0,0.0,0.0,0.0,0.0,26.0,30
241380,2014,2.0,0.0,0.0,0.0,0.0,11.0,2.0,1.0,4.0,4.0,25.0,27
241380,2015,2.0,0.0,0.0,0.0,0.0,5.0,3.0,5.0,3.0,5.0,23.0,30
241380,2016,1.0,0.0,2.0,0.0,0.0,10.0,1.0,2.0,1.0,8.0,25.0,27
241380,2017,1.0,0.0,0.0,0.0,0.0,16.0,0.0,6.0,3.0,5.0,31.0,37
241380,2018,0.0,0.0,0.0,0.0,0.0,15.0,1.0,2.0,6.0,6.0,30.0,36
241380,2019,2.0,0.0,0.0,0.0,0.0,15.0,2.0,1.0,2.0,9.0,32.0,35
241390,2012,6.0,0.0,1.0,0.0,1.0,12.0,0.0,2.0,8.0,15.0,47.0,149
241390,2013,0.0,0.0,0.0,0.0,0.0,0.0,0.0,0.0,0.0,0.0,56.0,179
241390,2014,7.0,1.0,4.0,2.0,0.0,26.0,5.0,7.0,5.0,9.0,69.0,173
241390,2015,2.0,0.0,5.0,2.0,1.0,16.0,4.0,5.0,18.0,12.0,67.0,165
241390,2016,7.0,0.0,1.0,4.0,3.0,17.0,1.0,7.0,8.0,13.0,61.0,159
241390,2017,4.0,0.0,0.0,5.0,6.0,8.0,3.0,3.0,7.0,5.0,42.0,132
241390,2018,2.0,0.0,3.0,4.0,0.0,14.0,4.0,2.0,16.0,6.0,55.0,153
241390,2019,4.0,0.0,2.0,3.0,1.0,16.0,2.0,2.0,15.0,9.0,55.0,129
241400,2012,8.0,0.0,6.0,3.0,1.0,20.0,19.0,8.0,12.0,20.0,106.0,228
241400,2013,0.0,0.0,0.0,0.0,0.0,0.0,0.0,0.0,0.0,0.0,136.0,228
241400,2014,9.0,0.0,1.0,4.0,0.0,21.0,7.0,9.0,9.0,27.0,99.0,238
241400,2015,8.0,1.0,4.0,1.0,1.0,18.0,4.0,12.0,2.0,13.0,99.0,236
241400,2016,7.0,0.0,4.0,1.0,2.0,6.0,2.0,6.0,5.0,3.0,115.0,217
241400,2017,15.0,0.0,2.0,1.0,1.0,23.0,7.0,14.0,12.0,18.0,107.0,209
241400,2018,4.0,0.0,0.0,2.0,2.0,30.0,5.0,17.0,5.0,31.0,115.0,218
241400,2019,10.0,0.0,4.0,6.0,1.0,19.0,5.0,18.0,7.0,13.0,88.0,170
241410,2012,11.0,0.0,0.0,0.0,0.0,46.0,0.0,12.0,1.0,53.0,143.0,157
241410,2013,0.0,0.0,0.0,0.0,0.0,0.0,0.0,0.0,0.0,0.0,142.0,152
241410,2014,14.0,0.0,3.0,0.0,0.0,63.0,0.0,27.0,0.0,42.0,151.0,164
241410,2015,11.0,0.0,2.0,1.0,0.0,45.0,3.0,25.0,2.0,46.0,135.0,150
241410,2016,6.0,0.0,0.0,1.0,0.0,44.0,2.0,23.0,0.0,39.0,115.0,124
241410,2017,3.0,0.0,2.0,1.0,1.0,43.0,1.0,19.0,4.0,47.0,121.0,132
241410,2018,10.0,0.0,0.0,2.0,1.0,50.0,0.0,9.0,1.0,44.0,117.0,129
241410,2019,6.0,0.0,5.0,2.0,3.0,52.0,0.0,13.0,4.0,41.0,129.0,147
241415,2012,3.0,0.0,0.0,1.0,1.0,10.0,3.0,7.0,11.0,5.0,57.0,114
241415,2013,0.0,0.0,0.0,0.0,0.0,0.0,0.0,0.0,0.0,0.0,51.0,90
241415,2014,4.0,0.0,2.0,2.0,0.0,10.0,9.0,4.0,8.0,12.0,53.0,87
241415,2015,3.0,0.0,0.0,1.0,1.0,12.0,4.0,8.0,8.0,10.0,54.0,88
241415,2016,2.0,0.0,0.0,2.0,1.0,22.0,9.0,1.0,7.0,5.0,53.0,93
241415,2017,6.0,0.0,6.0,3.0,0.0,24.0,3.0,12.0,8.0,9.0,73.0,104
241415,2018,2.0,0.0,2.0,3.0,1.0,20.0,1.0,6.0,3.0,3.0,43.0,92
241415,2019,5.0,0.0,2.0,0.0,2.0,17.0,3.0,6.0,3.0,5.0,43.0,76
241420,2012,7.0,0.0,0.0,0.0,3.0,14.0,3.0,4.0,15.0,12.0,71.0,187
241420,2013,0.0,0.0,0.0,0.0,0.0,0.0,0.0,0.0,0.0,0.0,83.0,183
241420,2014,9.0,2.0,4.0,2.0,0.0,21.0,12.0,9.0,10.0,16.0,96.0,225
241420,2015,8.0,0.0,0.0,4.0,2.0,28.0,5.0,13.0,8.0,18.0,92.0,220
241420,2016,10.0,0.0,4.0,5.0,2.0,21.0,8.0,14.0,14.0,21.0,105.0,248
241420,2017,10.0,0.0,4.0,5.0,5.0,32.0,10.0,10.0,15.0,14.0,111.0,234
241420,2018,10.0,0.0,4.0,2.0,4.0,46.0,9.0,12.0,19.0,20.0,130.0,276
241420,2019,5.0,0.0,4.0,4.0,2.0,30.0,13.0,5.0,16.0,21.0,101.0,223
241430,2012,0.0,0.0,0.0,0.0,1.0,6.0,0.0,0.0,0.0,8.0,15.0,21
241430,2013,0.0,0.0,0.0,0.0,0.0,0.0,0.0,0.0,0.0,0.0,19.0,30
241430,2014,2.0,0.0,0.0,0.0,2.0,8.0,0.0,4.0,0.0,9.0,25.0,33
241430,2015,1.0,0.0,0.0,0.0,1.0,3.0,1.0,1.0,1.0,8.0,16.0,19
241430,2016,1.0,0.0,0.0,0.0,1.0,6.0,0.0,1.0,2.0,4.0,15.0,19
241430,2017,1.0,0.0,0.0,0.0,1.0,9.0,0.0,3.0,0.0,3.0,17.0,23
241430,2018,4.0,0.0,0.0,0.0,0.0,2.0,0.0,1.0,1.0,6.0,14.0,20
241430,2019,0.0,0.0,0.0,0.0,0.0,5.0,1.0,1.0,0.0,4.0,11.0,15
241440,2012,23.0,0.0,12.0,6.0,0.0,40.0,9.0,55.0,20.0,32.0,204.0,405
241440,2013,0.0,0.0,0.0,0.0,0.0,0.0,0.0,0.0,0.0,0.0,203.0,490
241440,2014,21.0,2.0,11.0,4.0,3.0,48.0,23.0,57.0,33.0,33.0,244.0,504
241440,2015,15.0,1.0,3.0,5.0,3.0,58.0,16.0,44.0,33.0,32.0,218.0,470
241440,2016,20.0,0.0,4.0,5.0,0.0,51.0,14.0,35.0,29.0,31.0,192.0,418
241440,2017,25.0,0.0,4.0,19.0,19.0,56.0,14.0,11.0,33.0,26.0,207.0,479
241440,2018,22.0,0.0,7.0,7.0,6.0,68.0,15.0,23.0,38.0,36.0,227.0,499
241440,2019,19.0,0.0,2.0,3.0,6.0,63.0,17.0,28.0,39.0,29.0,207.0,466
241445,2012,9.0,0.0,2.0,1.0,0.0,2.0,0.0,5.0,4.0,6.0,36.0,47
241445,2013,0.0,0.0,0.0,0.0,0.0,0.0,0.0,0.0,0.0,0.0,45.0,65
241445,2014,4.0,0.0,0.0,0.0,0.0,20.0,2.0,2.0,1.0,6.0,37.0,52
241445,2015,5.0,0.0,2.0,0.0,0.0,3.0,2.0,1.0,8.0,1.0,26.0,53
241445,2016,3.0,0.0,0.0,0.0,1.0,13.0,0.0,4.0,0.0,8.0,31.0,48
241445,2017,3.0,0.0,0.0,3.0,0.0,9.0,3.0,7.0,3.0,6.0,34.0,53
241445,2018,4.0,0.0,0.0,1.0,0.0,10.0,3.0,8.0,10.0,10.0,46.0,60
241445,2019,4.0,0.0,0.0,0.0,0.0,13.0,2.0,2.0,2.0,8.0,32.0,44
241450,2012,16.0,0.0,0.0,0.0,0.0,18.0,0.0,15.0,11.0,23.0,93.0,123
241450,2013,0.0,0.0,0.0,0.0,0.0,0.0,0.0,0.0,0.0,0.0,85.0,112
241450,2014,7.0,0.0,0.0,2.0,0.0,19.0,1.0,13.0,9.0,29.0,83.0,122
241450,2015,7.0,0.0,0.0,3.0,1.0,20.0,2.0,10.0,4.0,26.0,78.0,108
241450,2016,7.0,0.0,0.0,1.0,1.0,16.0,1.0,12.0,2.0,25.0,67.0,94
241450,2017,8.0,0.0,2.0,1.0,0.0,20.0,2.0,14.0,3.0,30.0,82.0,108
241450,2018,5.0,0.0,1.0,0.0,0.0,34.0,2.0,11.0,7.0,31.0,93.0,114
241450,2019,6.0,0.0,0.0,2.0,0.0,27.0,3.0,10.0,7.0,18.0,73.0,95
241460,2012,11.0,0.0,4.0,1.0,2.0,27.0,0.0,0.0,11.0,36.0,106.0,196
241460,2013,0.0,0.0,0.0,0.0,0.0,0.0,0.0,0.0,0.0,0.0,130.0,194
241460,2014,12.0,0.0,2.0,3.0,3.0,32.0,2.0,14.0,7.0,34.0,119.0,185
241460,2015,16.0,0.0,2.0,4.0,3.0,42.0,5.0,14.0,9.0,35.0,133.0,192
241460,2016,11.0,0.0,2.0,1.0,1.0,29.0,4.0,19.0,4.0,42.0,116.0,157
241460,2017,8.0,0.0,1.0,2.0,0.0,26.0,1.0,13.0,17.0,28.0,96.0,144
241460,2018,16.0,0.0,0.0,4.0,2.0,29.0,7.0,17.0,22.0,26.0,123.0,160
241460,2019,20.0,0.0,5.0,1.0,2.0,41.0,9.0,11.0,13.0,32.0,136.0,183
241470,2012,3.0,1.0,3.0,0.0,0.0,1.0,1.0,3.0,5.0,6.0,32.0,64
241470,2013,0.0,0.0,0.0,0.0,0.0,0.0,0.0,0.0,0.0,0.0,28.0,62
241470,2014,2.0,0.0,0.0,0.0,0.0,1.0,1.0,2.0,1.0,7.0,23.0,49
241470,2015,2.0,0.0,2.0,2.0,0.0,6.0,3.0,7.0,3.0,8.0,37.0,66
241470,2016,3.0,0.0,2.0,0.0,0.0,4.0,1.0,10.0,2.0,7.0,33.0,65
241470,2017,0.0,0.0,2.0,0.0,0.0,13.0,4.0,2.0,2.0,9.0,34.0,57
241470,2018,1.0,0.0,0.0,0.0,1.0,10.0,2.0,10.0,5.0,6.0,39.0,78
241470,2019,1.0,1.0,2.0,0.0,0.0,11.0,3.0,8.0,6.0,12.0,48.0,77
241475,2012,4.0,0.0,2.0,1.0,1.0,10.0,2.0,1.0,0.0,16.0,44.0,53
241475,2013,0.0,0.0,0.0,0.0,0.0,0.0,0.0,0.0,0.0,0.0,46.0,51
241475,2014,4.0,0.0,2.0,0.0,0.0,20.0,0.0,8.0,0.0,20.0,56.0,65
241475,2015,4.0,0.0,0.0,0.0,0.0,15.0,1.0,10.0,3.0,15.0,48.0,53
241475,2016,4.0,0.0,0.0,0.0,0.0,14.0,0.0,5.0,2.0,12.0,38.0,47
241475,2017,3.0,0.0,1.0,0.0,0.0,16.0,3.0,2.0,4.0,3.0,33.0,44
241475,2018,4.0,0.0,2.0,0.0,0.0,20.0,3.0,6.0,4.0,15.0,55.0,66
241475,2019,3.0,0.0,0.0,0.0,0.0,11.0,4.0,4.0,5.0,14.0,44.0,49
241480,2012,6.0,0.0,0.0,1.0,0.0,19.0,2.0,2.0,11.0,7.0,55.0,153
241480,2013,0.0,0.0,0.0,0.0,0.0,0.0,0.0,0.0,0.0,0.0,71.0,165
241480,2014,5.0,1.0,2.0,3.0,1.0,24.0,4.0,4.0,12.0,10.0,72.0,166
241480,2015,11.0,0.0,5.0,1.0,3.0,14.0,5.0,6.0,6.0,11.0,64.0,165
241480,2016,4.0,0.0,3.0,2.0,1.0,21.0,3.0,5.0,10.0,20.0,77.0,165
241480,2017,6.0,0.0,0.0,2.0,3.0,26.0,7.0,6.0,8.0,17.0,77.0,169
241480,2018,2.0,0.0,2.0,2.0,1.0,29.0,5.0,5.0,9.0,19.0,75.0,170
241480,2019,3.0,0.0,6.0,1.0,2.0,29.0,7.0,12.0,13.0,12.0,86.0,165
241490,2012,4.0,0.0,0.0,0.0,0.0,10.0,1.0,0.0,0.0,1.0,17.0,22
241490,2013,0.0,0.0,0.0,0.0,0.0,0.0,0.0,0.0,0.0,0.0,23.0,29
241490,2014,2.0,0.0,2.0,0.0,1.0,7.0,1.0,4.0,0.0,8.0,27.0,31
241490,2015,4.0,1.0,0.0,0.0,0.0,5.0,2.0,2.0,1.0,5.0,21.0,28
241490,2016,1.0,0.0,2.0,1.0,1.0,8.0,0.0,2.0,1.0,5.0,21.0,26
241490,2017,1.0,0.0,0.0,0.0,0.0,5.0,2.0,1.0,2.0,3.0,14.0,15
241490,2018,2.0,0.0,0.0,0.0,0.0,1.0,3.0,0.0,1.0,5.0,13.0,18
241490,2019,0.0,0.0,0.0,0.0,0.0,4.0,0.0,1.0,2.0,0.0,7.0,11
241500,2012,4.0,0.0,0.0,0.0,1.0,0.0,0.0,5.0,0.0,5.0,18.0,39
241500,2013,0.0,0.0,0.0,0.0,0.0,0.0,0.0,0.0,0.0,0.0,26.0,57
241500,2014,1.0,0.0,0.0,0.0,0.0,5.0,0.0,2.0,4.0,1.0,15.0,45
241500,2015,1.0,0.0,0.0,0.0,0.0,3.0,0.0,4.0,1.0,3.0,13.0,47
241500,2016,3.0,0.0,1.0,0.0,0.0,7.0,0.0,1.0,3.0,4.0,22.0,48
241500,2017,1.0,0.0,1.0,2.0,1.0,9.0,3.0,4.0,3.0,2.0,26.0,62
241500,2018,2.0,0.0,0.0,0.0,0.0,3.0,1.0,2.0,3.0,4.0,15.0,45
241500,2019,1.0,0.0,0.0,0.0,1.0,5.0,1.0,3.0,4.0,2.0,17.0,40
250000,2012,1.0,0.0,0.0,0.0,0.0,1.0,0.0,0.0,0.0,3.0,5.0,6
250000,2018,0.0,0.0,0.0,0.0,0.0,0.0,0.0,0.0,0.0,0.0,0.0,2
250010,2012,6.0,0.0,0.0,2.0,0.0,12.0,2.0,6.0,4.0,19.0,52.0,106
250010,2013,0.0,0.0,0.0,0.0,0.0,0.0,0.0,0.0,0.0,0.0,50.0,88
250010,2014,5.0,1.0,0.0,1.0,0.0,15.0,3.0,5.0,2.0,14.0,51.0,96
250010,2015,2.0,0.0,4.0,1.0,2.0,12.0,0.0,10.0,1.0,13.0,46.0,111
250010,2016,3.0,0.0,2.0,2.0,0.0,26.0,2.0,10.0,0.0,18.0,66.0,136
250010,2017,2.0,0.0,2.0,1.0,0.0,23.0,0.0,10.0,2.0,15.0,60.0,108
250010,2018,8.0,0.0,0.0,2.0,1.0,22.0,1.0,6.0,2.0,15.0,60.0,136
250010,2019,5.0,0.0,7.0,1.0,1.0,23.0,5.0,7.0,0.0,22.0,71.0,122
250020,2012,1.0,0.0,2.0,0.0,0.0,10.0,0.0,6.0,1.0,14.0,36.0,51
250020,2013,0.0,0.0,0.0,0.0,0.0,0.0,0.0,0.0,0.0,0.0,40.0,54
250020,2014,3.0,0.0,2.0,0.0,0.0,18.0,0.0,5.0,0.0,10.0,40.0,66
250020,2015,2.0,0.0,3.0,0.0,2.0,17.0,0.0,8.0,0.0,13.0,46.0,70
250020,2016,1.0,0.0,2.0,1.0,1.0,8.0,0.0,7.0,1.0,16.0,37.0,66
250020,2017,2.0,2.0,0.0,1.0,1.0,12.0,0.0,6.0,0.0,15.0,39.0,59
250020,2018,2.0,0.0,0.0,0.0,2.0,11.0,0.0,3.0,1.0,14.0,36.0,54
250020,2019,1.0,1.0,0.0,1.0,1.0,6.0,0.0,3.0,1.0,12.0,26.0,45
250030,2012,16.0,0.0,6.0,3.0,4.0,47.0,2.0,15.0,2.0,28.0,145.0,410
250030,2013,0.0,0.0,0.0,0.0,0.0,0.0,0.0,0.0,0.0,0.0,150.0,405
250030,2014,11.0,2.0,0.0,7.0,4.0,54.0,0.0,17.0,10.0,41.0,151.0,364
250030,2015,18.0,0.0,5.0,11.0,0.0,52.0,0.0,20.0,5.0,43.0,156.0,367
250030,2016,10.0,0.0,5.0,13.0,1.0,35.0,2.0,25.0,1.0,36.0,129.0,337
250030,2017,13.0,1.0,4.0,26.0,5.0,37.0,5.0,21.0,3.0,33.0,153.0,357
250030,2018,23.0,3.0,8.0,15.0,5.0,61.0,5.0,32.0,4.0,64.0,224.0,437
250030,2019,21.0,1.0,12.0,15.0,9.0,62.0,7.0,26.0,20.0,51.0,226.0,417
250040,2012,10.0,0.0,4.0,1.0,2.0,35.0,1.0,17.0,2.0,17.0,108.0,281
250040,2013,0.0,0.0,0.0,0.0,0.0,0.0,0.0,0.0,0.0,0.0,124.0,329
250040,2014,16.0,0.0,4.0,1.0,4.0,46.0,0.0,10.0,2.0,28.0,114.0,336
250040,2015,14.0,0.0,9.0,11.0,0.0,64.0,1.0,17.0,4.0,33.0,153.0,339
250040,2016,15.0,0.0,8.0,29.0,3.0,33.0,1.0,13.0,1.0,31.0,134.0,329
250040,2017,12.0,0.0,7.0,32.0,4.0,41.0,0.0,15.0,2.0,33.0,149.0,331
250040,2018,13.0,0.0,10.0,26.0,8.0,40.0,0.0,24.0,1.0,21.0,146.0,321
250040,2019,10.0,0.0,3.0,32.0,10.0,30.0,4.0,18.0,4.0,35.0,147.0,316
250050,2012,25.0,0.0,4.0,4.0,0.0,37.0,1.0,12.0,6.0,30.0,119.0,223
250050,2013,0.0,0.0,0.0,0.0,0.0,0.0,0.0,0.0,0.0,0.0,115.0,230
250050,2014,11.0,0.0,6.0,2.0,1.0,47.0,1.0,17.0,4.0,47.0,141.0,240
250050,2015,7.0,1.0,0.0,3.0,2.0,45.0,1.0,17.0,5.0,49.0,131.0,244
250050,2016,7.0,0.0,2.0,1.0,3.0,28.0,5.0,22.0,11.0,44.0,124.0,240
250050,2017,10.0,0.0,6.0,1.0,1.0,50.0,2.0,23.0,6.0,42.0,142.0,236
250050,2018,8.0,0.0,2.0,2.0,3.0,42.0,3.0,17.0,5.0,45.0,128.0,219
250050,2019,10.0,0.0,1.0,3.0,3.0,44.0,4.0,21.0,5.0,31.0,122.0,215
250053,2012,3.0,0.0,0.0,1.0,1.0,12.0,0.0,5.0,0.0,6.0,40.0,85
250053,2013,0.0,0.0,0.0,0.0,0.0,0.0,0.0,0.0,0.0,0.0,43.0,88
250053,2014,8.0,0.0,6.0,1.0,1.0,26.0,0.0,10.0,1.0,13.0,72.0,114
250053,2015,6.0,1.0,2.0,3.0,0.0,22.0,0.0,9.0,1.0,16.0,63.0,110
250053,2016,5.0,1.0,0.0,5.0,1.0,24.0,0.0,13.0,0.0,27.0,77.0,131
250053,2017,7.0,0.0,0.0,7.0,1.0,29.0,1.0,13.0,0.0,27.0,88.0,139
250053,2018,2.0,0.0,2.0,4.0,2.0,18.0,0.0,10.0,0.0,20.0,58.0,105
250053,2019,8.0,1.0,0.0,3.0,2.0,19.0,2.0,9.0,1.0,17.0,64.0,89
250057,2012,0.0,0.0,0.0,0.0,2.0,4.0,0.0,0.0,1.0,3.0,14.0,39
250057,2013,0.0,0.0,0.0,0.0,0.0,0.0,0.0,0.0,0.0,0.0,13.0,39
250057,2014,2.0,0.0,0.0,0.0,0.0,2.0,0.0,3.0,0.0,1.0,8.0,38
250057,2015,2.0,0.0,0.0,0.0,0.0,10.0,0.0,3.0,0.0,5.0,21.0,51
250057,2016,3.0,0.0,0.0,1.0,1.0,5.0,0.0,3.0,0.0,3.0,16.0,58
250057,2017,2.0,0.0,0.0,1.0,3.0,5.0,0.0,5.0,0.0,5.0,22.0,51
250057,2018,1.0,0.0,0.0,2.0,1.0,4.0,0.0,3.0,0.0,3.0,14.0,47
250057,2019,1.0,0.0,0.0,5.0,1.0,4.0,0.0,7.0,0.0,9.0,27.0,61
250060,2012,13.0,0.0,6.0,5.0,6.0,51.0,9.0,13.0,13.0,38.0,154.0,404
250060,2013,0.0,0.0,0.0,0.0,0.0,0.0,0.0,0.0,0.0,0.0,141.0,381
250060,2014,6.0,0.0,2.0,5.0,3.0,57.0,13.0,23.0,14.0,37.0,161.0,428
250060,2015,10.0,0.0,7.0,4.0,7.0,62.0,8.0,13.0,15.0,29.0,158.0,412
250060,2016,10.0,0.0,6.0,6.0,3.0,56.0,9.0,23.0,26.0,25.0,164.0,408
250060,2017,16.0,0.0,0.0,11.0,7.0,67.0,6.0,22.0,22.0,32.0,183.0,430
250060,2018,9.0,0.0,6.0,7.0,3.0,69.0,5.0,18.0,17.0,40.0,175.0,415
250060,2019,4.0,0.0,6.0,1.0,4.0,59.0,11.0,22.0,17.0,27.0,151.0,367
250070,2012,15.0,0.0,2.0,2.0,4.0,28.0,10.0,4.0,14.0,29.0,136.0,181
250070,2013,0.0,0.0,0.0,0.0,0.0,0.0,0.0,0.0,0.0,0.0,141.0,187
250070,2014,12.0,0.0,0.0,2.0,3.0,43.0,1.0,17.0,15.0,47.0,145.0,202
250070,2015,6.0,0.0,2.0,5.0,0.0,39.0,2.0,13.0,9.0,39.0,119.0,175
250070,2016,11.0,1.0,0.0,6.0,2.0,44.0,5.0,14.0,6.0,38.0,129.0,192
250070,2017,8.0,0.0,0.0,2.0,3.0,42.0,6.0,16.0,6.0,48.0,135.0,187
250070,2018,17.0,0.0,3.0,4.0,1.0,53.0,1.0,18.0,8.0,63.0,169.0,225
250070,2019,9.0,0.0,0.0,4.0,2.0,51.0,7.0,13.0,8.0,37.0,133.0,177
250073,2012,2.0,0.0,2.0,1.0,1.0,8.0,2.0,0.0,1.0,1.0,30.0,44
250073,2013,0.0,0.0,0.0,0.0,0.0,0.0,0.0,0.0,0.0,0.0,21.0,35
250073,2014,2.0,1.0,0.0,1.0,1.0,14.0,4.0,0.0,3.0,3.0,30.0,39
250073,2015,3.0,0.0,2.0,0.0,1.0,11.0,1.0,2.0,4.0,9.0,34.0,44
250073,2016,1.0,0.0,1.0,1.0,0.0,11.0,1.0,0.0,4.0,3.0,22.0,38
250073,2017,3.0,0.0,0.0,0.0,1.0,9.0,1.0,1.0,3.0,4.0,25.0,34
250073,2018,0.0,0.0,2.0,0.0,1.0,7.0,3.0,2.0,3.0,4.0,24.0,36
250073,2019,2.0,0.0,0.0,2.0,0.0,7.0,2.0,2.0,5.0,2.0,22.0,37
250077,2012,10.0,0.0,2.0,2.0,1.0,24.0,0.0,0.0,0.0,31.0,80.0,100
250077,2013,0.0,0.0,0.0,0.0,0.0,0.0,0.0,0.0,0.0,0.0,74.0,101
250077,2014,3.0,0.0,0.0,0.0,0.0,32.0,1.0,9.0,6.0,32.0,90.0,118
250077,2015,9.0,0.0,2.0,1.0,3.0,34.0,0.0,14.0,2.0,29.0,96.0,127
250077,2016,8.0,0.0,0.0,0.0,0.0,33.0,1.0,6.0,7.0,22.0,77.0,95
250077,2017,6.0,1.0,0.0,0.0,0.0,28.0,1.0,5.0,3.0,22.0,66.0,72
250077,2018,8.0,0.0,2.0,1.0,1.0,35.0,1.0,4.0,3.0,34.0,89.0,108
250077,2019,5.0,0.0,1.0,1.0,0.0,33.0,0.0,12.0,0.0,27.0,79.0,83
250080,2012,15.0,1.0,3.0,2.0,4.0,33.0,2.0,12.0,5.0,34.0,119.0,231
250080,2013,0.0,0.0,0.0,0.0,0.0,0.0,0.0,0.0,0.0,0.0,111.0,200
250080,2014,8.0,0.0,4.0,2.0,4.0,39.0,1.0,25.0,2.0,31.0,124.0,228
250080,2015,6.0,0.0,4.0,2.0,0.0,32.0,3.0,11.0,4.0,32.0,98.0,204
250080,2016,1.0,0.0,1.0,2.0,4.0,36.0,2.0,20.0,9.0,47.0,123.0,211
250080,2017,7.0,1.0,8.0,5.0,0.0,41.0,3.0,14.0,4.0,24.0,108.0,202
250080,2018,3.0,1.0,2.0,2.0,0.0,55.0,3.0,16.0,11.0,46.0,140.0,231
250080,2019,5.0,2.0,2.0,4.0,3.0,47.0,2.0,14.0,6.0,34.0,119.0,200
250090,2012,6.0,1.0,1.0,1.0,0.0,15.0,1.0,10.0,2.0,8.0,55.0,158
250090,2013,0.0,0.0,0.0,0.0,0.0,0.0,0.0,0.0,0.0,0.0,63.0,151
250090,2014,5.0,1.0,3.0,0.0,1.0,14.0,5.0,13.0,2.0,9.0,54.0,132
250090,2015,10.0,1.0,4.0,3.0,3.0,16.0,3.0,5.0,8.0,18.0,72.0,165
250090,2016,4.0,0.0,0.0,6.0,2.0,15.0,0.0,11.0,0.0,9.0,47.0,112
250090,2017,5.0,0.0,2.0,8.0,1.0,18.0,0.0,10.0,2.0,13.0,59.0,107
250090,2018,4.0,1.0,0.0,3.0,2.0,19.0,1.0,7.0,1.0,21.0,59.0,126
250090,2019,6.0,0.0,0.0,6.0,3.0,17.0,0.0,9.0,1.0,19.0,61.0,127
250100,2012,18.0,1.0,4.0,1.0,1.0,38.0,1.0,5.0,4.0,30.0,112.0,242
250100,2013,0.0,0.0,0.0,0.0,0.0,0.0,0.0,0.0,0.0,0.0,136.0,265
250100,2014,12.0,3.0,2.0,4.0,1.0,37.0,5.0,20.0,3.0,24.0,115.0,240
250100,2015,6.0,2.0,2.0,2.0,1.0,39.0,3.0,7.0,7.0,25.0,100.0,194
250100,2016,13.0,4.0,2.0,4.0,0.0,21.0,5.0,14.0,5.0,25.0,94.0,188
250100,2017,6.0,0.0,8.0,7.0,0.0,32.0,0.0,11.0,7.0,24.0,96.0,213
250100,2018,14.0,0.0,0.0,8.0,2.0,48.0,3.0,25.0,4.0,37.0,143.0,271
250100,2019,5.0,0.0,2.0,3.0,0.0,60.0,5.0,21.0,3.0,35.0,134.0,257
250110,2012,20.0,0.0,4.0,2.0,3.0,31.0,5.0,8.0,3.0,20.0,108.0,355
250110,2013,0.0,0.0,0.0,0.0,0.0,0.0,0.0,0.0,0.0,0.0,134.0,362
250110,2014,8.0,2.0,4.0,3.0,0.0,50.0,3.0,41.0,5.0,45.0,166.0,365
250110,2015,17.0,0.0,4.0,4.0,1.0,49.0,7.0,43.0,4.0,40.0,169.0,383
250110,2016,10.0,0.0,6.0,13.0,0.0,52.0,0.0,49.0,3.0,60.0,198.0,355
250110,2017,18.0,1.0,6.0,9.0,5.0,39.0,0.0,50.0,2.0,43.0,177.0,358
250110,2018,12.0,0.0,2.0,17.0,7.0,42.0,1.0,38.0,2.0,51.0,172.0,339
250110,2019,11.0,0.0,7.0,22.0,9.0,53.0,2.0,52.0,0.0,54.0,210.0,371
250115,2012,4.0,0.0,2.0,0.0,0.0,3.0,0.0,2.0,0.0,5.0,16.0,25
250115,2013,0.0,0.0,0.0,0.0,0.0,0.0,0.0,0.0,0.0,0.0,15.0,33
250115,2014,1.0,0.0,0.0,0.0,1.0,1.0,0.0,2.0,1.0,4.0,10.0,21
250115,2015,1.0,0.0,0.0,0.0,0.0,1.0,0.0,1.0,0.0,2.0,5.0,27
250115,2016,2.0,0.0,0.0,0.0,1.0,2.0,0.0,2.0,0.0,3.0,10.0,31
250115,2017,3.0,0.0,0.0,1.0,0.0,9.0,0.0,3.0,0.0,2.0,18.0,37
250115,2018,1.0,0.0,0.0,2.0,0.0,9.0,0.0,3.0,0.0,4.0,19.0,37
250115,2019,4.0,0.0,0.0,0.0,0.0,3.0,0.0,4.0,0.0,9.0,20.0,39
250120,2012,4.0,0.0,0.0,3.0,1.0,18.0,2.0,5.0,0.0,4.0,38.0,112
250120,2013,0.0,0.0,0.0,0.0,0.0,0.0,0.0,0.0,0.0,0.0,44.0,97
250120,2014,4.0,0.0,2.0,2.0,0.0,47.0,0.0,7.0,0.0,7.0,71.0,123
250120,2015,8.0,0.0,0.0,7.0,0.0,21.0,0.0,7.0,0.0,6.0,49.0,108
250120,2016,1.0,0.0,2.0,27.0,0.0,15.0,0.0,12.0,0.0,4.0,61.0,106
250120,2017,4.0,0.0,0.0,11.0,1.0,12.0,0.0,7.0,1.0,7.0,45.0,106
250120,2018,2.0,0.0,4.0,5.0,1.0,10.0,2.0,7.0,1.0,8.0,40.0,96
250120,2019,2.0,0.0,2.0,12.0,4.0,12.0,0.0,12.0,0.0,4.0,48.0,102
250130,2012,13.0,0.0,2.0,3.0,1.0,35.0,2.0,17.0,7.0,21.0,115.0,276
250130,2013,0.0,0.0,0.0,0.0,0.0,0.0,0.0,0.0,0.0,0.0,101.0,288
250130,2014,5.0,0.0,6.0,6.0,4.0,63.0,5.0,21.0,6.0,27.0,149.0,344
250130,2015,5.0,0.0,8.0,15.0,1.0,37.0,2.0,18.0,0.0,23.0,110.0,271
250130,2016,8.0,0.0,8.0,27.0,3.0,31.0,1.0,20.0,1.0,26.0,127.0,282
250130,2017,13.0,0.0,4.0,27.0,4.0,29.0,1.0,18.0,2.0,35.0,135.0,317
250130,2018,11.0,0.0,9.0,26.0,8.0,39.0,3.0,20.0,1.0,43.0,162.0,321
250130,2019,15.0,0.0,8.0,21.0,12.0,30.0,2.0,24.0,3.0,27.0,144.0,260
250135,2012,1.0,1.0,1.0,1.0,1.0,7.0,4.0,9.0,1.0,2.0,32.0,66
250135,2013,0.0,0.0,0.0,0.0,0.0,0.0,0.0,0.0,0.0,0.0,30.0,67
250135,2014,3.0,0.0,2.0,0.0,0.0,14.0,1.0,3.0,0.0,6.0,32.0,67
250135,2015,4.0,0.0,2.0,2.0,0.0,13.0,0.0,2.0,0.0,6.0,29.0,78
250135,2016,1.0,0.0,0.0,2.0,0.0,10.0,0.0,6.0,0.0,7.0,27.0,60
250135,2017,2.0,0.0,0.0,5.0,0.0,11.0,0.0,4.0,0.0,8.0,31.0,65
250135,2018,5.0,0.0,4.0,7.0,3.0,9.0,1.0,8.0,0.0,13.0,51.0,87
250135,2019,4.0,0.0,0.0,12.0,1.0,5.0,1.0,3.0,1.0,4.0,31.0,63
250140,2012,14.0,0.0,0.0,1.0,0.0,29.0,2.0,8.0,7.0,8.0,69.0,171
250140,2013,0.0,0.0,0.0,0.0,0.0,0.0,0.0,0.0,0.0,0.0,59.0,146
250140,2014,7.0,0.0,4.0,4.0,1.0,23.0,6.0,9.0,9.0,13.0,79.0,161
250140,2015,2.0,0.0,4.0,0.0,0.0,26.0,2.0,6.0,2.0,9.0,56.0,168
250140,2016,3.0,1.0,0.0,1.0,1.0,19.0,1.0,6.0,2.0,9.0,49.0,138
250140,2017,2.0,0.0,1.0,1.0,2.0,32.0,7.0,7.0,5.0,15.0,76.0,171
250140,2018,6.0,0.0,2.0,2.0,2.0,21.0,1.0,5.0,3.0,14.0,56.0,163
250140,2019,3.0,0.0,2.0,3.0,1.0,31.0,3.0,1.0,3.0,12.0,59.0,182
250150,2012,16.0,3.0,2.0,4.0,4.0,35.0,5.0,24.0,11.0,41.0,155.0,285
250150,2013,0.0,0.0,0.0,0.0,0.0,0.0,0.0,0.0,0.0,0.0,154.0,283
250150,2014,9.0,1.0,8.0,5.0,4.0,50.0,7.0,28.0,11.0,40.0,164.0,308
250150,2015,6.0,1.0,7.0,4.0,1.0,40.0,3.0,19.0,9.0,26.0,118.0,270
250150,2016,10.0,0.0,0.0,6.0,6.0,44.0,4.0,18.0,10.0,36.0,136.0,290
250150,2017,9.0,0.0,6.0,8.0,5.0,41.0,9.0,17.0,4.0,38.0,138.0,287
250150,2018,8.0,1.0,2.0,6.0,4.0,62.0,4.0,20.0,6.0,46.0,159.0,319
250150,2019,9.0,1.0,0.0,3.0,3.0,52.0,3.0,23.0,1.0,55.0,150.0,263
250153,2012,2.0,0.0,0.0,0.0,1.0,10.0,2.0,3.0,5.0,5.0,30.0,72
250153,2013,0.0,0.0,0.0,0.0,0.0,0.0,0.0,0.0,0.0,0.0,37.0,65
250153,2014,4.0,0.0,1.0,1.0,1.0,11.0,2.0,6.0,1.0,10.0,39.0,68
250153,2015,2.0,0.0,0.0,0.0,0.0,10.0,1.0,7.0,0.0,14.0,34.0,53
250153,2016,0.0,0.0,0.0,2.0,0.0,4.0,0.0,3.0,3.0,11.0,23.0,47
250153,2017,5.0,1.0,0.0,0.0,0.0,7.0,1.0,5.0,0.0,17.0,37.0,64
250153,2018,3.0,1.0,2.0,1.0,0.0,12.0,0.0,5.0,1.0,12.0,37.0,61
250153,2019,2.0,0.0,0.0,1.0,0.0,20.0,2.0,10.0,1.0,10.0,46.0,68
250157,2012,5.0,0.0,0.0,1.0,1.0,20.0,1.0,2.0,1.0,7.0,42.0,109
250157,2013,0.0,0.0,0.0,0.0,0.0,0.0,0.0,0.0,0.0,0.0,41.0,105
250157,2014,1.0,0.0,2.0,0.0,0.0,17.0,2.0,7.0,1.0,9.0,41.0,98
250157,2015,2.0,1.0,4.0,3.0,0.0,17.0,2.0,4.0,0.0,6.0,40.0,95
250157,2016,11.0,0.0,2.0,17.0,0.0,9.0,0.0,7.0,0.0,11.0,59.0,114
250157,2017,5.0,0.0,0.0,19.0,5.0,7.0,0.0,6.0,0.0,13.0,55.0,100
250157,2018,6.0,0.0,2.0,7.0,8.0,12.0,1.0,2.0,1.0,14.0,53.0,121
250157,2019,5.0,0.0,3.0,16.0,6.0,12.0,1.0,8.0,1.0,11.0,63.0,102
250160,2012,5.0,0.0,1.0,0.0,4.0,23.0,3.0,6.0,8.0,14.0,69.0,175
250160,2013,0.0,0.0,0.0,0.0,0.0,0.0,0.0,0.0,0.0,0.0,77.0,170
250160,2014,3.0,0.0,6.0,2.0,2.0,24.0,1.0,13.0,1.0,17.0,73.0,145
250160,2015,7.0,1.0,2.0,2.0,2.0,15.0,6.0,11.0,5.0,21.0,73.0,148
250160,2016,4.0,1.0,2.0,6.0,4.0,26.0,1.0,3.0,3.0,23.0,74.0,138
250160,2017,6.0,0.0,0.0,4.0,1.0,24.0,1.0,10.0,0.0,21.0,67.0,139
250160,2018,4.0,2.0,0.0,3.0,0.0,21.0,2.0,7.0,0.0,24.0,63.0,136
250160,2019,5.0,0.0,0.0,3.0,2.0,18.0,2.0,12.0,8.0,22.0,72.0,129
250170,2012,1.0,0.0,4.0,1.0,0.0,15.0,3.0,8.0,0.0,4.0,36.0,76
250170,2013,0.0,0.0,0.0,0.0,0.0,0.0,0.0,0.0,0.0,0.0,45.0,86
250170,2014,4.0,0.0,0.0,0.0,1.0,15.0,3.0,4.0,1.0,10.0,42.0,69
250170,2015,3.0,0.0,0.0,5.0,0.0,19.0,1.0,3.0,2.0,17.0,52.0,91
250170,2016,3.0,0.0,0.0,4.0,1.0,9.0,0.0,8.0,0.0,9.0,34.0,66
250170,2017,1.0,0.0,4.0,13.0,3.0,11.0,0.0,4.0,0.0,14.0,50.0,83
250170,2018,5.0,0.0,2.0,6.0,6.0,20.0,1.0,9.0,0.0,20.0,71.0,97
250170,2019,3.0,0.0,2.0,7.0,1.0,32.0,6.0,17.0,4.0,23.0,95.0,135
250180,2012,71.0,3.0,13.0,17.0,19.0,218.0,36.0,90.0,92.0,187.0,749.0,1309
250180,2013,0.0,0.0,0.0,0.0,0.0,0.0,0.0,0.0,0.0,0.0,791.0,1395
250180,2014,59.0,0.0,21.0,21.0,13.0,229.0,43.0,81.0,104.0,144.0,726.0,1335
250180,2015,60.0,1.0,14.0,13.0,11.0,262.0,55.0,56.0,106.0,152.0,762.0,1394
250180,2016,64.0,3.0,17.0,15.0,9.0,219.0,56.0,43.0,102.0,132.0,676.0,1238
250180,2017,51.0,4.0,19.0,13.0,18.0,255.0,41.0,57.0,89.0,150.0,707.0,1359
250180,2018,64.0,3.0,14.0,28.0,18.0,296.0,73.0,57.0,120.0,135.0,812.0,1481
250180,2019,38.0,1.0,26.0,15.0,10.0,158.0,26.0,44.0,59.0,69.0,728.0,1333
250190,2012,16.0,0.0,2.0,2.0,1.0,39.0,1.0,20.0,5.0,45.0,137.0,225
250190,2013,0.0,0.0,0.0,0.0,0.0,0.0,0.0,0.0,0.0,0.0,136.0,240
250190,2014,9.0,0.0,3.0,1.0,6.0,44.0,11.0,19.0,12.0,43.0,152.0,237
250190,2015,3.0,1.0,0.0,5.0,2.0,49.0,12.0,16.0,15.0,32.0,139.0,235
250190,2016,8.0,0.0,8.0,2.0,1.0,38.0,1.0,22.0,6.0,30.0,116.0,208
250190,2017,8.0,0.0,6.0,1.0,0.0,39.0,5.0,11.0,4.0,35.0,111.0,192
250190,2018,7.0,0.0,2.0,2.0,4.0,37.0,5.0,24.0,9.0,48.0,139.0,223
250190,2019,7.0,0.0,2.0,5.0,5.0,52.0,6.0,16.0,9.0,38.0,140.0,225
250200,2012,10.0,1.0,0.0,4.0,1.0,14.0,2.0,5.0,4.0,18.0,61.0,83
250200,2013,0.0,0.0,0.0,0.0,0.0,0.0,0.0,0.0,0.0,0.0,77.0,104
250200,2014,4.0,0.0,0.0,2.0,0.0,24.0,8.0,4.0,9.0,18.0,69.0,88
250200,2015,7.0,0.0,4.0,0.0,0.0,27.0,2.0,10.0,4.0,23.0,80.0,100
250200,2016,4.0,0.0,0.0,0.0,0.0,26.0,1.0,13.0,0.0,27.0,78.0,87
250200,2017,2.0,0.0,3.0,2.0,0.0,24.0,0.0,7.0,0.0,18.0,59.0,70
250200,2018,4.0,0.0,0.0,0.0,0.0,21.0,2.0,6.0,0.0,23.0,57.0,70
250200,2019,2.0,0.0,2.0,2.0,1.0,18.0,0.0,13.0,0.0,21.0,62.0,73
250205,2012,3.0,0.0,3.0,2.0,0.0,2.0,0.0,0.0,2.0,7.0,32.0,53
250205,2013,0.0,0.0,0.0,0.0,0.0,0.0,0.0,0.0,0.0,0.0,23.0,47
250205,2014,2.0,0.0,2.0,2.0,0.0,10.0,1.0,5.0,3.0,15.0,41.0,62
250205,2015,3.0,0.0,0.0,2.0,1.0,7.0,0.0,4.0,1.0,13.0,31.0,57
250205,2016,4.0,0.0,2.0,1.0,0.0,10.0,1.0,4.0,1.0,9.0,32.0,55
250205,2017,0.0,0.0,0.0,0.0,0.0,9.0,1.0,8.0,3.0,11.0,33.0,48
250205,2018,2.0,0.0,0.0,2.0,0.0,9.0,2.0,9.0,1.0,13.0,39.0,56
250205,2019,3.0,0.0,0.0,0.0,0.0,11.0,4.0,1.0,3.0,13.0,36.0,43
250210,2012,1.0,0.0,2.0,1.0,1.0,13.0,0.0,1.0,1.0,14.0,37.0,59
250210,2013,0.0,0.0,0.0,0.0,0.0,0.0,0.0,0.0,0.0,0.0,34.0,50
250210,2014,5.0,1.0,0.0,0.0,0.0,14.0,1.0,4.0,1.0,22.0,50.0,72
250210,2015,2.0,0.0,2.0,0.0,0.0,17.0,0.0,5.0,1.0,15.0,42.0,71
250210,2016,6.0,1.0,0.0,1.0,2.0,17.0,0.0,5.0,0.0,22.0,56.0,86
250210,2017,2.0,5.0,0.0,2.0,1.0,22.0,2.0,16.0,3.0,20.0,75.0,91
250210,2018,1.0,1.0,1.0,1.0,2.0,25.0,0.0,10.0,0.0,17.0,66.0,96
250210,2019,6.0,3.0,6.0,3.0,1.0,22.0,0.0,12.0,0.0,21.0,78.0,102
250215,2012,6.0,0.0,0.0,1.0,1.0,17.0,2.0,7.0,3.0,8.0,51.0,112
250215,2013,0.0,0.0,0.0,0.0,0.0,0.0,0.0,0.0,0.0,0.0,43.0,85
250215,2014,6.0,0.0,6.0,0.0,0.0,21.0,2.0,5.0,2.0,11.0,60.0,107
250215,2015,1.0,0.0,0.0,8.0,2.0,21.0,0.0,4.0,0.0,3.0,40.0,90
250215,2016,5.0,0.0,4.0,7.0,3.0,17.0,1.0,5.0,0.0,14.0,56.0,89
250215,2017,3.0,0.0,0.0,10.0,0.0,10.0,0.0,7.0,1.0,14.0,48.0,100
250215,2018,6.0,0.0,4.0,13.0,8.0,16.0,0.0,9.0,1.0,7.0,66.0,112
250215,2019,9.0,1.0,6.0,10.0,4.0,10.0,0.0,12.0,1.0,11.0,66.0,101
250220,2012,2.0,0.0,0.0,2.0,0.0,2.0,1.0,2.0,0.0,7.0,21.0,33
250220,2013,0.0,0.0,0.0,0.0,0.0,0.0,0.0,0.0,0.0,0.0,23.0,38
250220,2014,1.0,0.0,0.0,0.0,1.0,8.0,0.0,4.0,0.0,6.0,20.0,35
250220,2015,0.0,0.0,4.0,1.0,1.0,7.0,0.0,0.0,1.0,4.0,19.0,37
250220,2016,1.0,0.0,0.0,0.0,0.0,10.0,0.0,4.0,2.0,11.0,28.0,41
250220,2017,3.0,0.0,2.0,0.0,0.0,10.0,2.0,3.0,2.0,10.0,32.0,40
250220,2018,4.0,0.0,0.0,1.0,0.0,7.0,0.0,3.0,2.0,5.0,23.0,35
250220,2019,0.0,0.0,2.0,0.0,0.0,16.0,2.0,8.0,2.0,9.0,39.0,48
250230,2012,5.0,0.0,2.0,0.0,0.0,11.0,1.0,7.0,1.0,18.0,45.0,51
250230,2013,0.0,0.0,0.0,0.0,0.0,0.0,0.0,0.0,0.0,0.0,43.0,45
250230,2014,3.0,0.0,0.0,0.0,1.0,17.0,0.0,3.0,2.0,23.0,51.0,55
250230,2015,2.0,0.0,0.0,0.0,0.0,13.0,1.0,2.0,0.0,19.0,38.0,45
250230,2016,3.0,0.0,0.0,0.0,0.0,18.0,0.0,9.0,0.0,14.0,45.0,49
250230,2017,2.0,0.0,0.0,0.0,0.0,13.0,0.0,8.0,0.0,17.0,42.0,46
250230,2018,1.0,0.0,0.0,0.0,0.0,23.0,0.0,4.0,0.0,18.0,48.0,51
250230,2019,0.0,0.0,2.0,0.0,0.0,16.0,0.0,7.0,0.0,7.0,33.0,38
250240,2012,10.0,0.0,1.0,1.0,2.0,14.0,1.0,3.0,1.0,29.0,81.0,165
250240,2013,0.0,0.0,0.0,0.0,0.0,0.0,0.0,0.0,0.0,0.0,70.0,155
250240,2014,7.0,0.0,2.0,2.0,1.0,22.0,2.0,20.0,7.0,24.0,91.0,173
250240,2015,4.0,0.0,0.0,4.0,2.0,35.0,1.0,11.0,6.0,16.0,80.0,152
250240,2016,4.0,1.0,0.0,0.0,2.0,18.0,3.0,13.0,9.0,27.0,77.0,134
250240,2017,5.0,0.0,0.0,1.0,1.0,26.0,1.0,14.0,6.0,22.0,77.0,130
250240,2018,9.0,0.0,1.0,1.0,1.0,32.0,0.0,14.0,5.0,27.0,91.0,132
250240,2019,10.0,0.0,2.0,4.0,1.0,44.0,2.0,15.0,3.0,28.0,112.0,164
250250,2012,14.0,0.0,2.0,0.0,5.0,44.0,6.0,11.0,9.0,17.0,127.0,267
250250,2013,0.0,0.0,0.0,0.0,0.0,0.0,0.0,0.0,0.0,0.0,118.0,254
250250,2014,12.0,2.0,2.0,6.0,1.0,53.0,6.0,17.0,4.0,33.0,146.0,296
250250,2015,10.0,0.0,8.0,8.0,2.0,64.0,3.0,11.0,3.0,26.0,137.0,291
250250,2016,8.0,0.0,4.0,36.0,3.0,20.0,2.0,19.0,3.0,24.0,120.0,245
250250,2017,8.0,0.0,2.0,33.0,3.0,38.0,0.0,24.0,1.0,23.0,134.0,247
250250,2018,9.0,0.0,2.0,31.0,13.0,35.0,1.0,15.0,4.0,22.0,136.0,257
250250,2019,17.0,1.0,9.0,51.0,20.0,27.0,4.0,26.0,5.0,22.0,184.0,275
250260,2012,0.0,0.0,2.0,1.0,1.0,8.0,0.0,2.0,0.0,10.0,26.0,58
250260,2013,0.0,0.0,0.0,0.0,0.0,0.0,0.0,0.0,0.0,0.0,40.0,68
250260,2014,1.0,1.0,0.0,0.0,1.0,19.0,0.0,17.0,3.0,15.0,59.0,93
250260,2015,2.0,0.0,2.0,1.0,0.0,17.0,0.0,9.0,0.0,18.0,52.0,83
250260,2016,0.0,1.0,3.0,2.0,3.0,15.0,0.0,4.0,3.0,12.0,44.0,67
250260,2017,2.0,1.0,0.0,1.0,0.0,16.0,0.0,3.0,0.0,9.0,32.0,53
250260,2018,5.0,2.0,0.0,2.0,0.0,19.0,0.0,10.0,1.0,10.0,51.0,74
250260,2019,1.0,1.0,0.0,3.0,1.0,17.0,0.0,10.0,1.0,19.0,55.0,75
250270,2012,6.0,0.0,2.0,0.0,1.0,12.0,2.0,7.0,1.0,18.0,50.0,77
250270,2013,0.0,0.0,0.0,0.0,0.0,0.0,0.0,0.0,0.0,0.0,35.0,71
250270,2014,3.0,0.0,0.0,0.0,0.0,8.0,1.0,10.0,2.0,12.0,39.0,68
250270,2015,2.0,0.0,0.0,0.0,2.0,9.0,0.0,6.0,1.0,18.0,40.0,85
250270,2016,2.0,0.0,0.0,1.0,1.0,8.0,0.0,7.0,0.0,6.0,25.0,58
250270,2017,1.0,0.0,2.0,0.0,0.0,12.0,1.0,5.0,1.0,5.0,28.0,72
250270,2018,8.0,1.0,0.0,0.0,0.0,18.0,1.0,9.0,1.0,6.0,44.0,77
250270,2019,1.0,0.0,2.0,1.0,1.0,9.0,3.0,4.0,3.0,14.0,38.0,73
250280,2012,8.0,0.0,3.0,0.0,1.0,34.0,2.0,16.0,8.0,23.0,111.0,163
250280,2013,0.0,0.0,0.0,0.0,0.0,0.0,0.0,0.0,0.0,0.0,114.0,155
250280,2014,11.0,0.0,3.0,3.0,3.0,47.0,13.0,16.0,17.0,27.0,142.0,169
250280,2015,6.0,0.0,2.0,0.0,1.0,52.0,7.0,27.0,9.0,60.0,164.0,207
250280,2016,6.0,0.0,0.0,2.0,0.0,55.0,0.0,20.0,1.0,44.0,136.0,174
250280,2017,5.0,0.0,2.0,0.0,1.0,42.0,0.0,22.0,0.0,49.0,127.0,152
250280,2018,10.0,0.0,0.0,3.0,2.0,51.0,0.0,16.0,0.0,45.0,136.0,163
250280,2019,13.0,0.0,4.0,5.0,1.0,55.0,0.0,11.0,0.0,63.0,158.0,191
250290,2012,9.0,0.0,3.0,0.0,1.0,26.0,3.0,5.0,11.0,34.0,94.0,99
250290,2013,0.0,0.0,0.0,0.0,0.0,0.0,0.0,0.0,0.0,0.0,70.0,76
250290,2014,9.0,0.0,2.0,0.0,0.0,22.0,1.0,12.0,2.0,16.0,66.0,72
250290,2015,4.0,0.0,2.0,1.0,0.0,32.0,0.0,5.0,4.0,29.0,79.0,83
250290,2016,6.0,0.0,2.0,0.0,0.0,39.0,0.0,10.0,1.0,32.0,90.0,99
250290,2017,5.0,1.0,0.0,0.0,1.0,25.0,0.0,11.0,0.0,26.0,71.0,77
250290,2018,1.0,0.0,0.0,1.0,0.0,36.0,0.0,14.0,1.0,23.0,77.0,79
250290,2019,6.0,0.0,0.0,0.0,1.0,34.0,1.0,5.0,0.0,22.0,74.0,81
250300,2012,18.0,1.0,4.0,5.0,2.0,53.0,7.0,8.0,23.0,52.0,176.0,387
250300,2013,0.0,0.0,0.0,0.0,0.0,0.0,0.0,0.0,0.0,0.0,185.0,443
250300,2014,8.0,0.0,12.0,12.0,2.0,59.0,13.0,13.0,13.0,33.0,165.0,398
250300,2015,12.0,0.0,3.0,2.0,3.0,76.0,13.0,17.0,8.0,32.0,168.0,450
250300,2016,13.0,0.0,6.0,8.0,4.0,79.0,7.0,18.0,17.0,23.0,176.0,439
250300,2017,10.0,5.0,5.0,6.0,1.0,72.0,9.0,16.0,20.0,42.0,186.0,398
250300,2018,9.0,1.0,10.0,7.0,2.0,56.0,10.0,18.0,21.0,28.0,163.0,362
250300,2019,13.0,1.0,8.0,6.0,1.0,75.0,12.0,14.0,14.0,25.0,169.0,367
250310,2012,3.0,0.0,0.0,0.0,0.0,11.0,1.0,2.0,2.0,3.0,27.0,61
250310,2013,0.0,0.0,0.0,0.0,0.0,0.0,0.0,0.0,0.0,0.0,33.0,70
250310,2014,2.0,0.0,0.0,1.0,0.0,13.0,0.0,2.0,0.0,6.0,28.0,65
250310,2015,1.0,0.0,0.0,1.0,0.0,15.0,1.0,6.0,0.0,3.0,27.0,52
250310,2016,1.0,0.0,0.0,4.0,0.0,6.0,0.0,2.0,1.0,5.0,19.0,48
250310,2017,2.0,0.0,0.0,5.0,1.0,7.0,0.0,7.0,0.0,8.0,31.0,59
250310,2018,4.0,0.0,0.0,4.0,3.0,10.0,0.0,12.0,2.0,2.0,40.0,68
250310,2019,3.0,0.0,4.0,5.0,4.0,11.0,0.0,10.0,0.0,10.0,49.0,68
250320,2012,54.0,4.0,21.0,7.0,9.0,193.0,19.0,27.0,82.0,113.0,545.0,906
250320,2013,0.0,0.0,0.0,0.0,0.0,0.0,0.0,0.0,0.0,0.0,569.0,965
250320,2014,43.0,1.0,11.0,24.0,14.0,191.0,28.0,44.0,74.0,135.0,574.0,934
250320,2015,46.0,2.0,17.0,14.0,7.0,194.0,28.0,37.0,77.0,109.0,540.0,937
250320,2016,57.0,1.0,14.0,16.0,12.0,216.0,31.0,31.0,94.0,103.0,577.0,948
250320,2017,34.0,1.0,19.0,19.0,11.0,201.0,34.0,34.0,91.0,83.0,531.0,925
250320,2018,48.0,1.0,23.0,17.0,15.0,214.0,29.0,41.0,79.0,88.0,560.0,936
250320,2019,39.0,2.0,25.0,12.0,7.0,243.0,28.0,45.0,79.0,66.0,551.0,949
250330,2012,6.0,0.0,0.0,1.0,3.0,13.0,1.0,7.0,3.0,22.0,74.0,119
250330,2013,0.0,0.0,0.0,0.0,0.0,0.0,0.0,0.0,0.0,0.0,76.0,135
250330,2014,3.0,1.0,0.0,5.0,1.0,21.0,4.0,10.0,7.0,30.0,84.0,127
250330,2015,4.0,1.0,3.0,2.0,2.0,34.0,0.0,17.0,2.0,26.0,94.0,151
250330,2016,9.0,0.0,2.0,4.0,1.0,23.0,2.0,13.0,2.0,31.0,89.0,129
250330,2017,5.0,0.0,8.0,2.0,0.0,33.0,1.0,16.0,2.0,24.0,93.0,153
250330,2018,7.0,0.0,0.0,4.0,1.0,29.0,2.0,9.0,4.0,34.0,91.0,136
250330,2019,12.0,0.0,0.0,0.0,2.0,26.0,3.0,10.0,4.0,28.0,86.0,115
250340,2012,3.0,0.0,0.0,0.0,0.0,7.0,0.0,5.0,0.0,5.0,20.0,31
250340,2013,0.0,0.0,0.0,0.0,0.0,0.0,0.0,0.0,0.0,0.0,28.0,41
250340,2014,2.0,0.0,0.0,1.0,0.0,15.0,0.0,7.0,1.0,9.0,35.0,55
250340,2015,3.0,0.0,0.0,5.0,0.0,29.0,0.0,1.0,0.0,9.0,47.0,67
250340,2016,1.0,0.0,0.0,21.0,0.0,10.0,0.0,0.0,0.0,3.0,35.0,52
250340,2017,3.0,0.0,0.0,6.0,3.0,6.0,0.0,3.0,1.0,9.0,31.0,43
250340,2018,2.0,0.0,2.0,15.0,2.0,9.0,0.0,3.0,1.0,11.0,45.0,69
250340,2019,3.0,0.0,0.0,8.0,1.0,11.0,0.0,5.0,1.0,9.0,38.0,47
250350,2012,9.0,3.0,1.0,1.0,3.0,25.0,8.0,11.0,5.0,22.0,94.0,231
250350,2013,0.0,0.0,0.0,0.0,0.0,0.0,0.0,0.0,0.0,0.0,103.0,208
250350,2014,4.0,0.0,2.0,5.0,1.0,27.0,1.0,17.0,2.0,26.0,87.0,218
250350,2015,9.0,0.0,2.0,4.0,0.0,28.0,2.0,10.0,4.0,19.0,80.0,224
250350,2016,11.0,1.0,4.0,5.0,2.0,19.0,1.0,17.0,3.0,20.0,85.0,208
250350,2017,4.0,0.0,0.0,8.0,5.0,22.0,1.0,18.0,1.0,26.0,86.0,223
250350,2018,5.0,0.0,5.0,1.0,6.0,28.0,0.0,12.0,3.0,32.0,92.0,221
250350,2019,8.0,1.0,2.0,2.0,5.0,22.0,1.0,23.0,3.0,18.0,85.0,191
250355,2012,5.0,0.0,2.0,2.0,2.0,15.0,0.0,8.0,1.0,7.0,52.0,134
250355,2013,0.0,0.0,0.0,0.0,0.0,0.0,0.0,0.0,0.0,0.0,51.0,133
250355,2014,3.0,0.0,2.0,0.0,0.0,21.0,2.0,7.0,2.0,19.0,56.0,140
250355,2015,5.0,0.0,0.0,1.0,1.0,20.0,0.0,11.0,1.0,11.0,50.0,131
250355,2016,2.0,0.0,0.0,6.0,0.0,18.0,0.0,6.0,0.0,13.0,46.0,129
250355,2017,8.0,0.0,6.0,5.0,1.0,12.0,0.0,14.0,1.0,21.0,68.0,164
250355,2018,3.0,0.0,0.0,8.0,2.0,22.0,0.0,11.0,0.0,17.0,64.0,162
250355,2019,8.0,0.0,2.0,14.0,6.0,17.0,1.0,11.0,1.0,25.0,86.0,157
250360,2012,8.0,0.0,0.0,0.0,0.0,13.0,2.0,9.0,2.0,19.0,57.0,103
250360,2013,0.0,0.0,0.0,0.0,0.0,0.0,0.0,0.0,0.0,0.0,63.0,105
250360,2014,9.0,0.0,0.0,0.0,2.0,15.0,2.0,17.0,1.0,24.0,74.0,117
250360,2015,2.0,0.0,0.0,0.0,1.0,13.0,0.0,9.0,4.0,19.0,49.0,94
250360,2016,5.0,0.0,0.0,1.0,0.0,30.0,0.0,8.0,0.0,18.0,63.0,96
250360,2017,3.0,0.0,0.0,0.0,1.0,26.0,0.0,7.0,2.0,11.0,50.0,77
250360,2018,6.0,2.0,1.0,2.0,0.0,20.0,2.0,10.0,1.0,14.0,58.0,96
250360,2019,9.0,0.0,2.0,0.0,2.0,26.0,0.0,7.0,3.0,21.0,71.0,94
250370,2012,72.0,0.0,19.0,8.0,4.0,128.0,4.0,35.0,15.0,190.0,597.0,912
250370,2013,0.0,0.0,0.0,0.0,0.0,0.0,0.0,0.0,0.0,0.0,616.0,892
250370,2014,45.0,2.0,15.0,10.0,9.0,164.0,14.0,81.0,34.0,184.0,572.0,841
250370,2015,42.0,3.0,9.0,14.0,10.0,214.0,10.0,86.0,42.0,251.0,707.0,975
250370,2016,54.0,2.0,13.0,15.0,7.0,200.0,22.0,78.0,35.0,176.0,612.0,849
250370,2017,50.0,3.0,12.0,15.0,9.0,204.0,16.0,97.0,41.0,185.0,642.0,851
250370,2018,63.0,1.0,10.0,14.0,6.0,261.0,15.0,100.0,38.0,223.0,738.0,934
250370,2019,63.0,0.0,10.0,20.0,14.0,266.0,17.0,81.0,29.0,194.0,700.0,898
250375,2012,1.0,0.0,0.0,1.0,0.0,12.0,3.0,0.0,7.0,3.0,38.0,54
250375,2013,0.0,0.0,0.0,0.0,0.0,0.0,0.0,0.0,0.0,0.0,45.0,58
250375,2014,2.0,0.0,0.0,1.0,0.0,14.0,1.0,3.0,1.0,16.0,38.0,54
250375,2015,4.0,0.0,0.0,0.0,0.0,10.0,0.0,3.0,0.0,19.0,36.0,49
250375,2016,6.0,0.0,2.0,0.0,0.0,13.0,0.0,1.0,0.0,11.0,33.0,42
250375,2017,1.0,0.0,0.0,2.0,1.0,13.0,0.0,4.0,0.0,17.0,38.0,51
250375,2018,0.0,0.0,0.0,0.0,1.0,16.0,0.0,2.0,1.0,8.0,28.0,34
250375,2019,2.0,0.0,0.0,0.0,0.0,18.0,0.0,2.0,1.0,15.0,38.0,48
250380,2012,1.0,0.0,0.0,0.0,2.0,6.0,1.0,2.0,7.0,12.0,33.0,69
250380,2013,0.0,0.0,0.0,0.0,0.0,0.0,0.0,0.0,0.0,0.0,48.0,87
250380,2014,3.0,0.0,0.0,2.0,1.0,21.0,3.0,6.0,1.0,21.0,61.0,109
250380,2015,3.0,1.0,2.0,2.0,2.0,18.0,3.0,4.0,5.0,11.0,56.0,110
250380,2016,3.0,0.0,2.0,2.0,0.0,17.0,4.0,6.0,0.0,18.0,55.0,83
250380,2017,0.0,0.0,6.0,0.0,0.0,16.0,2.0,1.0,3.0,18.0,51.0,78
250380,2018,2.0,0.0,0.0,1.0,1.0,23.0,2.0,7.0,7.0,21.0,66.0,106
250380,2019,5.0,0.0,0.0,3.0,1.0,31.0,2.0,3.0,3.0,17.0,65.0,105
250390,2012,2.0,0.0,0.0,0.0,0.0,12.0,4.0,1.0,3.0,7.0,37.0,64
250390,2013,0.0,0.0,0.0,0.0,0.0,0.0,0.0,0.0,0.0,0.0,54.0,85
250390,2014,6.0,0.0,0.0,1.0,2.0,11.0,4.0,5.0,4.0,15.0,49.0,88
250390,2015,4.0,0.0,0.0,5.0,3.0,21.0,1.0,8.0,5.0,10.0,57.0,97
250390,2016,4.0,0.0,0.0,3.0,1.0,7.0,5.0,7.0,1.0,10.0,38.0,73
250390,2017,2.0,0.0,2.0,1.0,0.0,18.0,2.0,5.0,1.0,14.0,45.0,86
250390,2018,2.0,0.0,4.0,3.0,2.0,24.0,1.0,8.0,3.0,16.0,64.0,103
250390,2019,5.0,0.0,1.0,1.0,1.0,21.0,7.0,11.0,7.0,10.0,65.0,88
250400,2012,510.0,2.0,100.0,57.0,47.0,1103.0,45.0,203.0,155.0,345.0,3376.0,6199
250400,2013,0.0,0.0,0.0,0.0,0.0,0.0,0.0,0.0,0.0,0.0,3377.0,6098
250400,2014,321.0,19.0,120.0,56.0,48.0,1879.0,89.0,297.0,273.0,615.0,3981.0,6610
250400,2015,301.0,6.0,87.0,424.0,39.0,1683.0,64.0,285.0,242.0,710.0,3900.0,6610
250400,2016,276.0,3.0,91.0,988.0,47.0,1006.0,41.0,312.0,183.0,640.0,3624.0,6070
250400,2017,249.0,4.0,114.0,1076.0,102.0,954.0,43.0,356.0,145.0,680.0,3832.0,6272
250400,2018,356.0,2.0,84.0,903.0,306.0,1038.0,63.0,377.0,228.0,723.0,4135.0,6587
250400,2019,365.0,6.0,106.0,1024.0,144.0,949.0,55.0,373.0,196.0,657.0,3910.0,6104
250403,2012,5.0,0.0,0.0,0.0,3.0,10.0,0.0,1.0,5.0,9.0,34.0,99
250403,2013,0.0,0.0,0.0,0.0,0.0,0.0,0.0,0.0,0.0,0.0,42.0,105
250403,2014,3.0,0.0,0.0,0.0,2.0,14.0,3.0,3.0,5.0,9.0,39.0,98
250403,2015,2.0,0.0,0.0,1.0,1.0,10.0,2.0,3.0,5.0,5.0,31.0,96
250403,2016,6.0,0.0,0.0,5.0,0.0,12.0,1.0,4.0,1.0,12.0,43.0,108
250403,2017,5.0,0.0,3.0,0.0,0.0,14.0,0.0,4.0,1.0,10.0,40.0,111
250403,2018,5.0,0.0,0.0,3.0,1.0,28.0,0.0,6.0,0.0,14.0,58.0,134
250403,2019,1.0,0.0,2.0,2.0,1.0,17.0,1.0,4.0,4.0,7.0,39.0,111
250407,2012,1.0,0.0,2.0,0.0,0.0,11.0,2.0,1.0,1.0,3.0,27.0,59
250407,2013,0.0,0.0,0.0,0.0,0.0,0.0,0.0,0.0,0.0,0.0,32.0,59
250407,2014,1.0,0.0,0.0,1.0,0.0,12.0,1.0,3.0,3.0,4.0,26.0,44
250407,2015,3.0,0.0,0.0,1.0,0.0,7.0,0.0,7.0,0.0,8.0,26.0,58
250407,2016,2.0,0.0,0.0,4.0,1.0,9.0,3.0,6.0,3.0,9.0,37.0,57
250407,2017,2.0,0.0,0.0,3.0,2.0,7.0,0.0,6.0,0.0,11.0,34.0,51
250407,2018,0.0,0.0,2.0,2.0,2.0,8.0,1.0,5.0,4.0,8.0,34.0,61
250407,2019,3.0,0.0,0.0,0.0,1.0,10.0,5.0,2.0,6.0,16.0,45.0,64
250410,2012,2.0,0.0,0.0,0.0,2.0,8.0,0.0,0.0,1.0,5.0,22.0,27
250410,2013,0.0,0.0,0.0,0.0,0.0,0.0,0.0,0.0,0.0,0.0,20.0,22
250410,2014,3.0,0.0,0.0,0.0,0.0,10.0,1.0,2.0,5.0,8.0,30.0,38
250410,2015,1.0,0.0,2.0,1.0,1.0,5.0,0.0,0.0,0.0,4.0,14.0,23
250410,2016,3.0,0.0,0.0,0.0,0.0,4.0,0.0,1.0,3.0,5.0,16.0,18
250410,2017,3.0,0.0,0.0,0.0,0.0,11.0,0.0,3.0,3.0,6.0,27.0,32
250410,2018,1.0,0.0,0.0,1.0,0.0,10.0,1.0,4.0,3.0,15.0,35.0,37
250410,2019,2.0,0.0,0.0,0.0,0.0,10.0,0.0,6.0,2.0,7.0,27.0,30
250415,2012,1.0,0.0,0.0,0.0,0.0,6.0,1.0,10.0,2.0,4.0,27.0,86
250415,2013,0.0,0.0,0.0,0.0,0.0,0.0,0.0,0.0,0.0,0.0,37.0,81
250415,2014,3.0,1.0,0.0,1.0,1.0,13.0,1.0,5.0,2.0,6.0,33.0,91
250415,2015,1.0,0.0,2.0,1.0,1.0,5.0,0.0,5.0,0.0,6.0,21.0,79
250415,2016,7.0,0.0,0.0,6.0,0.0,10.0,0.0,7.0,1.0,8.0,39.0,97
250415,2017,3.0,0.0,0.0,6.0,3.0,6.0,0.0,6.0,1.0,10.0,36.0,103
250415,2018,2.0,0.0,2.0,1.0,2.0,12.0,0.0,7.0,0.0,19.0,46.0,96
250415,2019,1.0,0.0,0.0,2.0,0.0,9.0,0.0,5.0,0.0,8.0,25.0,75
250420,2012,1.0,0.0,0.0,0.0,0.0,12.0,1.0,2.0,0.0,17.0,35.0,74
250420,2013,0.0,0.0,0.0,0.0,0.0,0.0,0.0,0.0,0.0,0.0,30.0,61
250420,2014,0.0,0.0,2.0,0.0,1.0,11.0,0.0,8.0,0.0,10.0,32.0,57
250420,2015,3.0,0.0,0.0,0.0,2.0,11.0,0.0,2.0,0.0,13.0,33.0,77
250420,2016,3.0,0.0,0.0,0.0,0.0,10.0,0.0,7.0,0.0,14.0,35.0,68
250420,2017,1.0,0.0,0.0,0.0,0.0,11.0,0.0,5.0,0.0,10.0,27.0,57
250420,2018,4.0,0.0,4.0,0.0,0.0,18.0,0.0,5.0,0.0,10.0,42.0,71
250420,2019,2.0,0.0,0.0,0.0,0.0,13.0,0.0,6.0,0.0,12.0,33.0,56
250430,2012,44.0,1.0,13.0,4.0,8.0,83.0,14.0,33.0,49.0,90.0,343.0,401
250430,2013,0.0,0.0,0.0,0.0,0.0,0.0,0.0,0.0,0.0,0.0,336.0,394
250430,2014,34.0,1.0,9.0,5.0,7.0,119.0,7.0,52.0,17.0,125.0,385.0,432
250430,2015,11.0,0.0,8.0,3.0,3.0,119.0,12.0,38.0,15.0,125.0,336.0,405
250430,2016,27.0,0.0,8.0,2.0,3.0,130.0,0.0,48.0,5.0,117.0,345.0,399
250430,2017,21.0,0.0,6.0,4.0,4.0,108.0,1.0,41.0,4.0,125.0,328.0,387
250430,2018,21.0,0.0,4.0,4.0,3.0,155.0,0.0,34.0,2.0,139.0,375.0,421
250430,2019,27.0,1.0,8.0,6.0,7.0,130.0,0.0,32.0,3.0,138.0,364.0,421
250435,2012,5.0,0.0,0.0,1.0,0.0,15.0,1.0,2.0,4.0,7.0,40.0,83
250435,2013,0.0,0.0,0.0,0.0,0.0,0.0,0.0,0.0,0.0,0.0,40.0,78
250435,2014,1.0,0.0,4.0,0.0,0.0,24.0,0.0,2.0,0.0,10.0,42.0,67
250435,2015,3.0,0.0,0.0,5.0,0.0,17.0,0.0,4.0,0.0,7.0,37.0,77
250435,2016,3.0,1.0,4.0,10.0,3.0,15.0,0.0,4.0,1.0,8.0,49.0,77
250435,2017,3.0,0.0,0.0,11.0,0.0,8.0,0.0,4.0,1.0,6.0,34.0,67
250435,2018,3.0,0.0,0.0,21.0,4.0,9.0,0.0,10.0,0.0,9.0,56.0,83
250435,2019,4.0,0.0,0.0,9.0,7.0,8.0,0.0,8.0,3.0,8.0,47.0,85
250440,2012,9.0,0.0,1.0,3.0,3.0,39.0,1.0,7.0,3.0,33.0,104.0,220
250440,2013,0.0,0.0,0.0,0.0,0.0,0.0,0.0,0.0,0.0,0.0,122.0,254
250440,2014,6.0,7.0,6.0,7.0,5.0,46.0,10.0,19.0,12.0,47.0,168.0,273
250440,2015,15.0,0.0,2.0,3.0,2.0,46.0,5.0,17.0,8.0,41.0,145.0,246
250440,2016,13.0,0.0,5.0,1.0,0.0,42.0,5.0,17.0,15.0,41.0,145.0,242
250440,2017,8.0,7.0,2.0,1.0,1.0,39.0,1.0,19.0,9.0,35.0,123.0,222
250440,2018,15.0,2.0,0.0,3.0,1.0,42.0,7.0,23.0,13.0,41.0,153.0,263
250440,2019,13.0,0.0,0.0,3.0,0.0,44.0,1.0,19.0,5.0,45.0,132.0,235
250450,2012,8.0,0.0,0.0,1.0,0.0,17.0,2.0,6.0,6.0,17.0,62.0,105
250450,2013,0.0,0.0,0.0,0.0,0.0,0.0,0.0,0.0,0.0,0.0,49.0,80
250450,2014,5.0,0.0,0.0,1.0,0.0,15.0,0.0,11.0,0.0,19.0,52.0,88
250450,2015,1.0,0.0,2.0,1.0,4.0,9.0,0.0,5.0,0.0,16.0,40.0,78
250450,2016,4.0,0.0,0.0,1.0,1.0,21.0,1.0,2.0,6.0,12.0,48.0,81
250450,2017,2.0,0.0,2.0,0.0,1.0,21.0,0.0,10.0,0.0,14.0,50.0,85
250450,2018,4.0,0.0,2.0,3.0,0.0,19.0,1.0,9.0,2.0,21.0,63.0,94
250450,2019,5.0,0.0,1.0,0.0,0.0,25.0,1.0,7.0,4.0,30.0,73.0,93
250460,2012,21.0,0.0,8.0,2.0,6.0,54.0,8.0,14.0,20.0,43.0,178.0,458
250460,2013,0.0,0.0,0.0,0.0,0.0,0.0,0.0,0.0,0.0,0.0,212.0,489
250460,2014,20.0,0.0,9.0,5.0,1.0,68.0,7.0,14.0,22.0,29.0,176.0,455
250460,2015,10.0,0.0,10.0,8.0,11.0,64.0,11.0,18.0,26.0,48.0,207.0,490
250460,2016,17.0,0.0,0.0,5.0,8.0,108.0,13.0,23.0,24.0,36.0,235.0,502
250460,2017,8.0,2.0,4.0,8.0,6.0,55.0,9.0,20.0,22.0,45.0,179.0,447
250460,2018,11.0,0.0,6.0,8.0,4.0,88.0,11.0,21.0,21.0,35.0,205.0,510
250460,2019,13.0,1.0,7.0,7.0,6.0,107.0,9.0,20.0,12.0,45.0,227.0,548
250470,2012,5.0,0.0,0.0,1.0,0.0,13.0,8.0,2.0,11.0,9.0,83.0,104
250470,2013,0.0,0.0,0.0,0.0,0.0,0.0,0.0,0.0,0.0,0.0,55.0,88
250470,2014,6.0,0.0,0.0,1.0,1.0,22.0,7.0,10.0,11.0,20.0,78.0,104
250470,2015,3.0,0.0,0.0,1.0,2.0,12.0,4.0,6.0,6.0,21.0,57.0,76
250470,2016,3.0,0.0,4.0,4.0,1.0,19.0,3.0,7.0,14.0,17.0,72.0,104
250470,2017,2.0,0.0,0.0,0.0,2.0,19.0,2.0,8.0,5.0,13.0,51.0,83
250470,2018,1.0,0.0,2.0,1.0,0.0,19.0,4.0,7.0,5.0,16.0,56.0,88
250470,2019,3.0,0.0,2.0,5.0,5.0,27.0,7.0,4.0,12.0,7.0,75.0,105
250480,2012,12.0,0.0,2.0,7.0,6.0,43.0,1.0,7.0,3.0,52.0,150.0,222
250480,2013,0.0,0.0,0.0,0.0,0.0,0.0,0.0,0.0,0.0,0.0,119.0,190
250480,2014,9.0,0.0,2.0,1.0,1.0,40.0,0.0,19.0,6.0,52.0,130.0,197
250480,2015,13.0,0.0,5.0,1.0,2.0,41.0,0.0,17.0,3.0,68.0,157.0,223
250480,2016,9.0,0.0,1.0,3.0,4.0,49.0,0.0,37.0,6.0,57.0,166.0,209
250480,2017,9.0,1.0,4.0,11.0,12.0,49.0,0.0,28.0,5.0,40.0,159.0,210
250480,2018,8.0,2.0,0.0,5.0,4.0,63.0,1.0,25.0,2.0,44.0,155.0,217
250480,2019,10.0,0.0,3.0,4.0,2.0,56.0,0.0,17.0,3.0,41.0,136.0,196
250485,2012,1.0,0.0,0.0,0.0,0.0,3.0,2.0,0.0,3.0,2.0,14.0,22
250485,2013,0.0,0.0,0.0,0.0,0.0,0.0,0.0,0.0,0.0,0.0,7.0,14
250485,2014,0.0,0.0,0.0,0.0,1.0,4.0,1.0,0.0,0.0,2.0,8.0,21
250485,2015,1.0,0.0,0.0,1.0,1.0,3.0,0.0,1.0,1.0,1.0,9.0,22
250485,2016,0.0,1.0,0.0,1.0,1.0,3.0,1.0,3.0,1.0,0.0,11.0,21
250485,2017,3.0,0.0,0.0,1.0,0.0,0.0,0.0,3.0,1.0,3.0,12.0,23
250485,2018,1.0,0.0,0.0,0.0,1.0,1.0,0.0,3.0,0.0,5.0,12.0,20
250485,2019,2.0,0.0,4.0,1.0,0.0,2.0,0.0,0.0,0.0,3.0,13.0,25
250490,2012,13.0,0.0,2.0,1.0,4.0,33.0,9.0,33.0,8.0,36.0,140.0,262
250490,2013,0.0,0.0,0.0,0.0,0.0,0.0,0.0,0.0,0.0,0.0,149.0,284
250490,2014,14.0,0.0,4.0,1.0,1.0,30.0,3.0,22.0,7.0,29.0,111.0,207
250490,2015,9.0,1.0,1.0,3.0,3.0,39.0,2.0,22.0,5.0,36.0,122.0,256
250490,2016,4.0,2.0,5.0,0.0,1.0,39.0,2.0,26.0,7.0,36.0,127.0,287
250490,2017,3.0,0.0,4.0,3.0,4.0,45.0,4.0,18.0,4.0,32.0,120.0,323
250490,2018,10.0,0.0,2.0,2.0,4.0,68.0,4.0,18.0,9.0,35.0,158.0,350
250490,2019,6.0,0.0,1.0,4.0,5.0,49.0,8.0,16.0,12.0,18.0,120.0,270
250500,2012,3.0,0.0,0.0,0.0,0.0,9.0,0.0,3.0,3.0,8.0,33.0,90
250500,2013,0.0,0.0,0.0,0.0,0.0,0.0,0.0,0.0,0.0,0.0,39.0,102
250500,2014,3.0,0.0,0.0,1.0,2.0,21.0,2.0,3.0,0.0,13.0,49.0,107
250500,2015,6.0,0.0,0.0,4.0,1.0,17.0,1.0,6.0,0.0,12.0,47.0,110
250500,2016,5.0,0.0,6.0,3.0,1.0,6.0,0.0,7.0,0.0,14.0,42.0,93
250500,2017,7.0,0.0,0.0,4.0,1.0,14.0,0.0,7.0,0.0,12.0,47.0,92
250500,2018,7.0,0.0,2.0,1.0,5.0,16.0,2.0,13.0,3.0,19.0,69.0,123
250500,2019,2.0,0.0,0.0,5.0,1.0,14.0,3.0,10.0,0.0,18.0,53.0,104
250510,2012,13.0,0.0,1.0,2.0,3.0,34.0,6.0,13.0,10.0,31.0,127.0,250
250510,2013,0.0,0.0,0.0,0.0,0.0,0.0,0.0,0.0,0.0,0.0,119.0,255
250510,2014,12.0,0.0,5.0,5.0,4.0,57.0,9.0,23.0,8.0,27.0,162.0,257
250510,2015,13.0,2.0,6.0,5.0,5.0,47.0,19.0,22.0,24.0,46.0,195.0,301
250510,2016,7.0,0.0,4.0,4.0,3.0,50.0,1.0,13.0,8.0,29.0,120.0,243
250510,2017,8.0,0.0,0.0,7.0,1.0,49.0,1.0,17.0,2.0,39.0,124.0,263
250510,2018,6.0,1.0,2.0,2.0,4.0,58.0,4.0,23.0,6.0,26.0,132.0,254
250510,2019,9.0,0.0,4.0,6.0,4.0,72.0,2.0,23.0,3.0,41.0,166.0,261
250520,2012,1.0,0.0,0.0,1.0,0.0,13.0,1.0,2.0,4.0,19.0,47.0,101
250520,2013,0.0,0.0,0.0,0.0,0.0,0.0,0.0,0.0,0.0,0.0,64.0,109
250520,2014,2.0,0.0,0.0,1.0,0.0,23.0,0.0,14.0,3.0,24.0,68.0,127
250520,2015,3.0,1.0,0.0,1.0,1.0,17.0,0.0,8.0,1.0,25.0,57.0,103
250520,2016,5.0,0.0,4.0,4.0,1.0,19.0,1.0,16.0,2.0,24.0,77.0,131
250520,2017,6.0,0.0,0.0,1.0,2.0,16.0,2.0,19.0,4.0,20.0,71.0,112
250520,2018,2.0,0.0,2.0,1.0,0.0,28.0,0.0,8.0,3.0,20.0,64.0,119
250520,2019,4.0,0.0,2.0,1.0,1.0,31.0,2.0,11.0,2.0,14.0,68.0,111
250523,2012,0.0,0.0,2.0,2.0,1.0,7.0,1.0,1.0,2.0,9.0,25.0,79
250523,2013,0.0,0.0,0.0,0.0,0.0,0.0,0.0,0.0,0.0,0.0,27.0,84
250523,2014,2.0,0.0,0.0,0.0,0.0,10.0,3.0,1.0,7.0,7.0,31.0,81
250523,2015,3.0,0.0,0.0,0.0,1.0,10.0,2.0,2.0,2.0,6.0,28.0,79
250523,2016,2.0,1.0,0.0,0.0,4.0,15.0,0.0,0.0,1.0,12.0,35.0,92
250523,2017,2.0,0.0,4.0,0.0,0.0,12.0,1.0,3.0,4.0,12.0,39.0,103
250523,2018,4.0,0.0,0.0,1.0,2.0,14.0,3.0,2.0,7.0,6.0,41.0,100
250523,2019,2.0,0.0,0.0,1.0,1.0,10.0,3.0,3.0,1.0,8.0,29.0,103
250527,2012,2.0,0.0,0.0,1.0,0.0,14.0,4.0,4.0,4.0,9.0,38.0,89
250527,2013,0.0,0.0,0.0,0.0,0.0,0.0,0.0,0.0,0.0,0.0,24.0,76
250527,2014,1.0,0.0,0.0,1.0,0.0,9.0,0.0,2.0,2.0,5.0,20.0,50
250527,2015,2.0,0.0,0.0,1.0,0.0,8.0,2.0,4.0,1.0,6.0,28.0,68
250527,2016,1.0,0.0,0.0,1.0,0.0,13.0,0.0,4.0,1.0,7.0,27.0,71
250527,2017,1.0,1.0,0.0,2.0,0.0,12.0,1.0,2.0,3.0,5.0,27.0,71
250527,2018,0.0,0.0,2.0,2.0,2.0,8.0,2.0,3.0,4.0,3.0,26.0,81
250527,2019,2.0,0.0,0.0,1.0,2.0,7.0,0.0,4.0,3.0,1.0,21.0,67
250530,2012,2.0,0.0,0.0,1.0,0.0,4.0,0.0,0.0,0.0,6.0,15.0,23
250530,2013,0.0,0.0,0.0,0.0,0.0,0.0,0.0,0.0,0.0,0.0,22.0,32
250530,2014,2.0,0.0,0.0,0.0,0.0,2.0,1.0,3.0,0.0,6.0,15.0,25
250530,2015,0.0,0.0,0.0,0.0,0.0,4.0,0.0,4.0,0.0,6.0,14.0,26
250530,2016,0.0,1.0,0.0,0.0,0.0,5.0,0.0,5.0,0.0,6.0,17.0,24
250530,2017,2.0,0.0,3.0,1.0,0.0,2.0,1.0,4.0,0.0,7.0,21.0,30
250530,2018,1.0,0.0,0.0,0.0,0.0,9.0,0.0,4.0,0.0,3.0,18.0,23
250530,2019,0.0,1.0,0.0,0.0,2.0,2.0,0.0,2.0,0.0,7.0,18.0,21
250535,2012,2.0,0.0,0.0,1.0,1.0,7.0,1.0,0.0,1.0,6.0,21.0,65
250535,2013,0.0,0.0,0.0,0.0,0.0,0.0,0.0,0.0,0.0,0.0,24.0,66
250535,2014,1.0,0.0,0.0,0.0,1.0,5.0,1.0,6.0,1.0,6.0,21.0,59
250535,2015,0.0,0.0,0.0,1.0,1.0,13.0,0.0,2.0,1.0,7.0,25.0,73
250535,2016,3.0,0.0,0.0,2.0,1.0,4.0,0.0,1.0,0.0,2.0,14.0,52
250535,2017,1.0,0.0,2.0,0.0,0.0,10.0,0.0,8.0,0.0,9.0,30.0,72
250535,2018,1.0,0.0,0.0,3.0,0.0,3.0,0.0,7.0,0.0,5.0,21.0,55
250535,2019,1.0,0.0,0.0,0.0,0.0,7.0,0.0,5.0,0.0,5.0,18.0,54
250540,2012,5.0,0.0,1.0,1.0,2.0,23.0,1.0,2.0,7.0,17.0,65.0,120
250540,2013,0.0,0.0,0.0,0.0,0.0,0.0,0.0,0.0,0.0,0.0,67.0,115
250540,2014,5.0,0.0,2.0,0.0,0.0,33.0,2.0,10.0,5.0,24.0,83.0,114
250540,2015,3.0,0.0,0.0,1.0,0.0,27.0,1.0,20.0,2.0,23.0,78.0,126
250540,2016,6.0,0.0,2.0,4.0,0.0,26.0,1.0,15.0,1.0,29.0,85.0,130
250540,2017,5.0,0.0,2.0,4.0,0.0,18.0,2.0,9.0,0.0,23.0,64.0,110
250540,2018,2.0,0.0,2.0,8.0,2.0,23.0,0.0,12.0,0.0,26.0,76.0,123
250540,2019,5.0,0.0,0.0,10.0,3.0,20.0,0.0,9.0,0.0,28.0,76.0,116
250550,2012,1.0,0.0,0.0,0.0,0.0,11.0,0.0,8.0,0.0,10.0,33.0,51
250550,2013,0.0,0.0,0.0,0.0,0.0,0.0,0.0,0.0,0.0,0.0,35.0,43
250550,2014,1.0,0.0,0.0,0.0,0.0,9.0,2.0,3.0,2.0,13.0,31.0,48
250550,2015,2.0,0.0,0.0,0.0,0.0,10.0,1.0,3.0,2.0,7.0,26.0,38
250550,2016,2.0,1.0,2.0,3.0,0.0,11.0,0.0,1.0,2.0,13.0,35.0,52
250550,2017,3.0,0.0,0.0,0.0,0.0,9.0,2.0,7.0,3.0,10.0,34.0,37
250550,2018,3.0,0.0,2.0,0.0,0.0,14.0,0.0,2.0,0.0,13.0,37.0,48
250550,2019,5.0,0.0,2.0,1.0,0.0,9.0,0.0,5.0,0.0,11.0,33.0,41
250560,2012,3.0,0.0,2.0,4.0,0.0,14.0,0.0,3.0,0.0,21.0,51.0,72
250560,2013,0.0,0.0,0.0,0.0,0.0,0.0,0.0,0.0,0.0,0.0,51.0,72
250560,2014,1.0,0.0,0.0,1.0,1.0,16.0,0.0,9.0,0.0,21.0,55.0,86
250560,2015,1.0,1.0,2.0,0.0,1.0,17.0,0.0,8.0,0.0,16.0,48.0,95
250560,2016,2.0,1.0,0.0,2.0,1.0,16.0,1.0,6.0,0.0,20.0,49.0,74
250560,2017,3.0,3.0,0.0,1.0,0.0,17.0,0.0,8.0,3.0,28.0,65.0,96
250560,2018,3.0,0.0,4.0,0.0,2.0,18.0,0.0,9.0,0.0,20.0,59.0,94
250560,2019,3.0,1.0,1.0,3.0,2.0,23.0,0.0,9.0,2.0,31.0,80.0,97
250570,2012,8.0,2.0,2.0,2.0,3.0,13.0,1.0,10.0,2.0,14.0,61.0,151
250570,2013,0.0,0.0,0.0,0.0,0.0,0.0,0.0,0.0,0.0,0.0,62.0,133
250570,2014,4.0,0.0,5.0,5.0,0.0,27.0,0.0,12.0,1.0,30.0,85.0,163
250570,2015,1.0,0.0,0.0,0.0,2.0,16.0,1.0,15.0,3.0,24.0,63.0,150
250570,2016,4.0,0.0,0.0,2.0,2.0,24.0,1.0,8.0,4.0,30.0,75.0,147
250570,2017,5.0,0.0,4.0,1.0,0.0,19.0,1.0,9.0,2.0,16.0,58.0,146
250570,2018,4.0,0.0,2.0,1.0,0.0,20.0,2.0,7.0,3.0,23.0,62.0,149
250570,2019,8.0,0.0,4.0,1.0,2.0,30.0,2.0,6.0,3.0,20.0,76.0,135
250580,2012,6.0,0.0,0.0,0.0,0.0,7.0,1.0,4.0,0.0,9.0,28.0,63
250580,2013,0.0,0.0,0.0,0.0,0.0,0.0,0.0,0.0,0.0,0.0,25.0,52
250580,2014,2.0,0.0,0.0,0.0,1.0,14.0,0.0,6.0,2.0,17.0,44.0,75
250580,2015,4.0,0.0,0.0,0.0,0.0,7.0,1.0,5.0,0.0,11.0,30.0,57
250580,2016,3.0,0.0,0.0,2.0,0.0,11.0,3.0,3.0,2.0,6.0,31.0,51
250580,2017,3.0,0.0,0.0,0.0,0.0,10.0,0.0,2.0,1.0,5.0,21.0,47
250580,2018,3.0,0.0,0.0,1.0,0.0,10.0,0.0,3.0,3.0,7.0,27.0,42
250580,2019,2.0,0.0,0.0,1.0,1.0,8.0,2.0,3.0,3.0,17.0,37.0,57
250590,2012,0.0,0.0,0.0,0.0,1.0,7.0,0.0,2.0,2.0,5.0,18.0,33
250590,2013,0.0,0.0,0.0,0.0,0.0,0.0,0.0,0.0,0.0,0.0,18.0,36
250590,2014,3.0,0.0,2.0,0.0,0.0,7.0,0.0,4.0,1.0,5.0,22.0,43
250590,2015,1.0,0.0,0.0,0.0,0.0,10.0,0.0,2.0,0.0,9.0,23.0,42
250590,2016,1.0,0.0,0.0,0.0,0.0,5.0,0.0,2.0,0.0,10.0,18.0,40
250590,2017,0.0,0.0,0.0,0.0,1.0,6.0,0.0,2.0,0.0,4.0,13.0,35
250590,2018,1.0,0.0,0.0,0.0,1.0,8.0,0.0,5.0,0.0,10.0,25.0,52
250590,2019,3.0,0.0,0.0,0.0,0.0,6.0,0.0,2.0,0.0,11.0,22.0,42
250600,2012,17.0,0.0,6.0,7.0,7.0,78.0,1.0,16.0,11.0,42.0,248.0,521
250600,2013,0.0,0.0,0.0,0.0,0.0,0.0,0.0,0.0,0.0,0.0,250.0,514
250600,2014,14.0,6.0,8.0,3.0,2.0,129.0,9.0,48.0,6.0,55.0,296.0,558
250600,2015,21.0,1.0,12.0,14.0,3.0,96.0,23.0,38.0,20.0,53.0,285.0,525
250600,2016,15.0,0.0,0.0,40.0,1.0,84.0,3.0,40.0,4.0,56.0,245.0,489
250600,2017,18.0,1.0,7.0,39.0,8.0,74.0,0.0,37.0,4.0,53.0,257.0,478
250600,2018,15.0,1.0,2.0,42.0,23.0,85.0,4.0,27.0,6.0,58.0,267.0,478
250600,2019,27.0,0.0,6.0,48.0,23.0,87.0,3.0,36.0,3.0,51.0,288.0,518
250610,2012,8.0,0.0,0.0,1.0,1.0,29.0,3.0,5.0,3.0,4.0,59.0,186
250610,2013,0.0,0.0,0.0,0.0,0.0,0.0,0.0,0.0,0.0,0.0,72.0,190
250610,2014,8.0,0.0,2.0,1.0,1.0,48.0,0.0,8.0,0.0,12.0,84.0,192
250610,2015,5.0,1.0,2.0,6.0,1.0,31.0,0.0,7.0,3.0,8.0,64.0,157
250610,2016,7.0,0.0,4.0,25.0,0.0,20.0,0.0,5.0,1.0,7.0,69.0,163
250610,2017,7.0,0.0,2.0,30.0,4.0,10.0,0.0,5.0,0.0,16.0,75.0,181
250610,2018,6.0,0.0,10.0,28.0,13.0,18.0,0.0,6.0,1.0,10.0,93.0,194
250610,2019,9.0,0.0,4.0,28.0,3.0,18.0,0.0,12.0,1.0,16.0,93.0,177
250620,2012,3.0,0.0,1.0,0.0,1.0,6.0,0.0,1.0,1.0,2.0,16.0,30
250620,2013,0.0,0.0,0.0,0.0,0.0,0.0,0.0,0.0,0.0,0.0,19.0,32
250620,2014,1.0,0.0,0.0,1.0,0.0,4.0,1.0,6.0,1.0,6.0,20.0,30
250620,2015,2.0,0.0,0.0,0.0,0.0,5.0,0.0,1.0,0.0,6.0,14.0,28
250620,2016,0.0,0.0,0.0,0.0,0.0,4.0,0.0,2.0,0.0,3.0,9.0,21
250620,2017,0.0,0.0,0.0,2.0,1.0,4.0,1.0,1.0,0.0,6.0,15.0,23
250620,2018,1.0,0.0,0.0,3.0,1.0,4.0,0.0,2.0,0.0,3.0,14.0,22
250620,2019,1.0,0.0,3.0,1.0,2.0,4.0,1.0,4.0,1.0,7.0,24.0,33
250625,2012,2.0,0.0,2.0,0.0,0.0,11.0,0.0,7.0,1.0,7.0,37.0,100
250625,2013,0.0,0.0,0.0,0.0,0.0,0.0,0.0,0.0,0.0,0.0,59.0,126
250625,2014,5.0,0.0,0.0,2.0,3.0,32.0,0.0,6.0,1.0,9.0,61.0,129
250625,2015,6.0,0.0,2.0,7.0,4.0,28.0,0.0,17.0,1.0,19.0,85.0,149
250625,2016,5.0,0.0,0.0,13.0,1.0,15.0,0.0,3.0,0.0,10.0,48.0,123
250625,2017,2.0,0.0,2.0,11.0,2.0,10.0,0.0,2.0,0.0,7.0,37.0,107
250625,2018,6.0,0.0,3.0,14.0,5.0,13.0,0.0,10.0,0.0,13.0,64.0,123
250625,2019,4.0,0.0,2.0,14.0,3.0,13.0,1.0,9.0,1.0,23.0,70.0,125
250630,2012,65.0,2.0,11.0,9.0,14.0,146.0,3.0,46.0,29.0,181.0,540.0,862
250630,2013,0.0,0.0,0.0,0.0,0.0,0.0,0.0,0.0,0.0,0.0,610.0,915
250630,2014,36.0,3.0,17.0,9.0,9.0,175.0,7.0,118.0,20.0,186.0,598.0,862
250630,2015,28.0,1.0,15.0,14.0,8.0,219.0,14.0,67.0,41.0,196.0,610.0,903
250630,2016,27.0,3.0,17.0,16.0,8.0,211.0,13.0,67.0,37.0,159.0,562.0,834
250630,2017,31.0,2.0,14.0,8.0,11.0,209.0,11.0,76.0,34.0,146.0,544.0,849
250630,2018,46.0,2.0,10.0,9.0,6.0,264.0,12.0,75.0,28.0,154.0,608.0,916
250630,2019,43.0,2.0,16.0,9.0,3.0,244.0,13.0,51.0,38.0,181.0,603.0,866
250640,2012,11.0,0.0,5.0,1.0,1.0,17.0,8.0,7.0,11.0,18.0,80.0,173
250640,2013,0.0,0.0,0.0,0.0,0.0,0.0,0.0,0.0,0.0,0.0,112.0,214
250640,2014,9.0,1.0,5.0,0.0,2.0,34.0,1.0,22.0,8.0,32.0,118.0,220
250640,2015,15.0,1.0,6.0,2.0,4.0,35.0,2.0,8.0,9.0,23.0,117.0,226
250640,2016,5.0,0.0,2.0,3.0,2.0,34.0,3.0,14.0,4.0,32.0,103.0,200
250640,2017,3.0,0.0,1.0,3.0,1.0,33.0,1.0,12.0,7.0,37.0,99.0,181
250640,2018,5.0,1.0,2.0,3.0,3.0,34.0,3.0,9.0,8.0,35.0,106.0,193
250640,2019,5.0,0.0,4.0,5.0,3.0,31.0,2.0,10.0,7.0,33.0,104.0,190
250650,2012,0.0,0.0,2.0,0.0,0.0,7.0,0.0,2.0,1.0,3.0,20.0,46
250650,2013,0.0,0.0,0.0,0.0,0.0,0.0,0.0,0.0,0.0,0.0,11.0,33
250650,2014,2.0,0.0,1.0,1.0,0.0,5.0,0.0,3.0,1.0,2.0,16.0,40
250650,2015,2.0,0.0,0.0,0.0,0.0,10.0,0.0,2.0,0.0,9.0,25.0,54
250650,2016,3.0,0.0,0.0,0.0,0.0,8.0,0.0,7.0,0.0,7.0,25.0,45
250650,2017,1.0,0.0,0.0,4.0,0.0,4.0,0.0,5.0,0.0,9.0,25.0,43
250650,2018,1.0,0.0,0.0,2.0,2.0,6.0,0.0,4.0,0.0,6.0,22.0,51
250650,2019,1.0,0.0,0.0,3.0,0.0,7.0,0.0,3.0,0.0,9.0,23.0,43
250660,2012,2.0,1.0,0.0,3.0,1.0,15.0,0.0,2.0,3.0,18.0,57.0,89
250660,2013,0.0,0.0,0.0,0.0,0.0,0.0,0.0,0.0,0.0,0.0,51.0,67
250660,2014,1.0,0.0,0.0,1.0,0.0,14.0,0.0,5.0,0.0,17.0,38.0,65
250660,2015,2.0,0.0,4.0,1.0,0.0,12.0,0.0,3.0,0.0,7.0,30.0,67
250660,2016,5.0,0.0,2.0,3.0,2.0,12.0,1.0,3.0,3.0,15.0,46.0,70
250660,2017,4.0,2.0,2.0,2.0,0.0,20.0,1.0,7.0,3.0,4.0,45.0,67
250660,2018,4.0,0.0,2.0,1.0,0.0,18.0,0.0,5.0,4.0,20.0,56.0,75
250660,2019,2.0,0.0,3.0,1.0,1.0,19.0,0.0,8.0,1.0,12.0,49.0,60
250670,2012,8.0,0.0,5.0,1.0,2.0,22.0,9.0,7.0,4.0,18.0,77.0,168
250670,2013,0.0,0.0,0.0,0.0,0.0,0.0,0.0,0.0,0.0,0.0,60.0,140
250670,2014,5.0,0.0,2.0,1.0,0.0,22.0,4.0,19.0,5.0,25.0,87.0,151
250670,2015,2.0,0.0,2.0,5.0,1.0,16.0,0.0,9.0,0.0,13.0,48.0,140
250670,2016,2.0,0.0,2.0,1.0,0.0,22.0,3.0,20.0,1.0,26.0,78.0,175
250670,2017,5.0,0.0,4.0,1.0,1.0,19.0,1.0,16.0,0.0,19.0,69.0,133
250670,2018,4.0,0.0,0.0,0.0,1.0,29.0,2.0,16.0,5.0,28.0,88.0,168
250670,2019,5.0,0.0,1.0,2.0,0.0,41.0,1.0,17.0,3.0,33.0,103.0,162
250680,2012,14.0,0.0,0.0,2.0,2.0,33.0,2.0,12.0,1.0,16.0,91.0,219
250680,2013,0.0,0.0,0.0,0.0,0.0,0.0,0.0,0.0,0.0,0.0,116.0,283
250680,2014,10.0,0.0,0.0,3.0,1.0,73.0,0.0,5.0,3.0,14.0,115.0,231
250680,2015,9.0,0.0,2.0,11.0,3.0,59.0,0.0,12.0,0.0,19.0,119.0,249
250680,2016,4.0,0.0,4.0,37.0,1.0,33.0,0.0,18.0,2.0,17.0,116.0,251
250680,2017,8.0,0.0,4.0,40.0,9.0,35.0,1.0,17.0,0.0,26.0,141.0,276
250680,2018,14.0,0.0,6.0,39.0,9.0,20.0,3.0,12.0,3.0,24.0,131.0,265
250680,2019,15.0,0.0,8.0,40.0,11.0,26.0,1.0,9.0,2.0,28.0,141.0,255
250690,2012,29.0,0.0,0.0,4.0,5.0,55.0,3.0,19.0,20.0,50.0,194.0,338
250690,2013,0.0,0.0,0.0,0.0,0.0,0.0,0.0,0.0,0.0,0.0,178.0,333
250690,2014,12.0,0.0,5.0,4.0,3.0,55.0,7.0,32.0,10.0,61.0,207.0,349
250690,2015,14.0,1.0,9.0,2.0,5.0,55.0,3.0,18.0,14.0,82.0,227.0,381
250690,2016,11.0,0.0,2.0,2.0,2.0,76.0,2.0,23.0,11.0,95.0,235.0,348
250690,2017,17.0,0.0,8.0,8.0,2.0,73.0,3.0,20.0,18.0,71.0,224.0,368
250690,2018,11.0,1.0,0.0,7.0,3.0,81.0,6.0,28.0,15.0,80.0,239.0,355
250690,2019,15.0,0.0,6.0,3.0,5.0,81.0,6.0,22.0,11.0,64.0,219.0,361
250700,2012,16.0,2.0,10.0,8.0,14.0,58.0,0.0,5.0,5.0,71.0,216.0,296
250700,2013,0.0,0.0,0.0,0.0,0.0,0.0,0.0,0.0,0.0,0.0,230.0,339
250700,2014,15.0,2.0,6.0,4.0,1.0,72.0,2.0,32.0,14.0,100.0,278.0,377
250700,2015,14.0,1.0,4.0,2.0,3.0,89.0,6.0,26.0,11.0,91.0,251.0,358
250700,2016,18.0,11.0,7.0,8.0,4.0,74.0,1.0,30.0,2.0,74.0,236.0,311
250700,2017,16.0,15.0,5.0,9.0,4.0,77.0,1.0,39.0,1.0,90.0,264.0,353
250700,2018,16.0,21.0,6.0,4.0,4.0,85.0,1.0,27.0,1.0,72.0,275.0,354
250700,2019,10.0,26.0,5.0,9.0,6.0,94.0,2.0,39.0,2.0,93.0,301.0,365
250710,2012,17.0,0.0,0.0,8.0,2.0,39.0,8.0,12.0,15.0,24.0,136.0,259
250710,2013,0.0,0.0,0.0,0.0,0.0,0.0,0.0,0.0,0.0,0.0,116.0,244
250710,2014,8.0,2.0,0.0,4.0,3.0,31.0,4.0,13.0,14.0,24.0,107.0,244
250710,2015,7.0,1.0,8.0,3.0,2.0,24.0,3.0,5.0,5.0,14.0,89.0,221
250710,2016,7.0,0.0,6.0,5.0,2.0,34.0,2.0,5.0,11.0,25.0,100.0,267
250710,2017,4.0,0.0,1.0,2.0,3.0,44.0,4.0,9.0,9.0,31.0,113.0,262
250710,2018,6.0,2.0,8.0,2.0,1.0,38.0,6.0,19.0,8.0,28.0,119.0,286
250710,2019,9.0,0.0,3.0,2.0,1.0,40.0,5.0,5.0,8.0,28.0,102.0,275
250720,2012,6.0,0.0,2.0,2.0,1.0,25.0,2.0,7.0,3.0,10.0,67.0,170
250720,2013,0.0,0.0,0.0,0.0,0.0,0.0,0.0,0.0,0.0,0.0,57.0,166
250720,2014,10.0,1.0,4.0,0.0,1.0,46.0,1.0,7.0,0.0,7.0,80.0,159
250720,2015,9.0,0.0,0.0,11.0,0.0,39.0,0.0,7.0,0.0,17.0,84.0,175
250720,2016,3.0,0.0,2.0,31.0,1.0,9.0,0.0,7.0,1.0,15.0,71.0,141
250720,2017,5.0,0.0,2.0,27.0,1.0,8.0,2.0,2.0,0.0,10.0,58.0,140
250720,2018,8.0,0.0,0.0,30.0,6.0,13.0,0.0,10.0,0.0,13.0,82.0,150
250720,2019,7.0,0.0,2.0,34.0,4.0,12.0,1.0,5.0,0.0,18.0,83.0,134
250730,2012,3.0,0.0,2.0,4.0,4.0,29.0,4.0,12.0,12.0,26.0,98.0,211
250730,2013,0.0,0.0,0.0,0.0,0.0,0.0,0.0,0.0,0.0,0.0,88.0,213
250730,2014,2.0,0.0,7.0,5.0,0.0,19.0,4.0,12.0,9.0,16.0,75.0,189
250730,2015,8.0,1.0,0.0,2.0,1.0,32.0,4.0,9.0,2.0,19.0,86.0,215
250730,2016,8.0,0.0,4.0,6.0,2.0,38.0,3.0,7.0,3.0,15.0,88.0,205
250730,2017,4.0,0.0,6.0,2.0,2.0,36.0,3.0,10.0,5.0,22.0,96.0,257
250730,2018,9.0,0.0,2.0,5.0,3.0,40.0,2.0,7.0,10.0,12.0,92.0,205
250730,2019,2.0,0.0,10.0,0.0,2.0,29.0,2.0,6.0,7.0,13.0,73.0,221
250740,2012,6.0,2.0,4.0,1.0,0.0,22.0,1.0,9.0,8.0,24.0,80.0,104
250740,2013,0.0,0.0,0.0,0.0,0.0,0.0,0.0,0.0,0.0,0.0,81.0,97
250740,2014,4.0,0.0,0.0,2.0,0.0,20.0,5.0,9.0,7.0,25.0,74.0,83
250740,2015,9.0,0.0,0.0,1.0,0.0,25.0,1.0,8.0,6.0,29.0,81.0,87
250740,2016,6.0,0.0,0.0,1.0,0.0,28.0,0.0,9.0,2.0,23.0,75.0,88
250740,2017,6.0,0.0,0.0,0.0,1.0,27.0,0.0,16.0,0.0,31.0,86.0,104
250740,2018,3.0,1.0,6.0,0.0,3.0,33.0,0.0,5.0,1.0,31.0,90.0,103
250740,2019,7.0,0.0,0.0,2.0,0.0,29.0,0.0,5.0,1.0,18.0,63.0,77
250750,2012,747.0,22.0,198.0,145.0,175.0,2311.0,233.0,362.0,1232.0,1539.0,7025.0,11302
250750,2013,0.0,0.0,0.0,0.0,0.0,0.0,0.0,0.0,0.0,0.0,7156.0,11549
250750,2014,658.0,22.0,211.0,174.0,158.0,2385.0,355.0,499.0,1260.0,1315.0,7120.0,11779
250750,2015,577.0,37.0,226.0,218.0,177.0,2536.0,357.0,508.0,1136.0,1434.0,7335.0,12299
250750,2016,613.0,37.0,219.0,196.0,147.0,2464.0,410.0,462.0,1257.0,1216.0,7080.0,11706
250750,2017,582.0,39.0,185.0,203.0,168.0,2597.0,412.0,454.0,1327.0,1110.0,7166.0,12149
250750,2018,583.0,39.0,217.0,192.0,147.0,2840.0,427.0,502.0,1331.0,1164.0,7484.0,12404
250750,2019,592.0,34.0,212.0,191.0,150.0,2815.0,427.0,511.0,1200.0,1160.0,7352.0,12091
250760,2012,9.0,0.0,2.0,1.0,0.0,13.0,2.0,4.0,0.0,10.0,47.0,124
250760,2013,0.0,0.0,0.0,0.0,0.0,0.0,0.0,0.0,0.0,0.0,52.0,114
250760,2014,3.0,0.0,0.0,1.0,1.0,21.0,1.0,3.0,1.0,5.0,41.0,112
250760,2015,3.0,0.0,2.0,8.0,0.0,18.0,0.0,7.0,2.0,18.0,58.0,120
250760,2016,4.0,0.0,0.0,15.0,1.0,4.0,0.0,6.0,1.0,8.0,40.0,88
250760,2017,4.0,0.0,2.0,12.0,1.0,12.0,0.0,2.0,1.0,18.0,52.0,108
250760,2018,2.0,0.0,2.0,11.0,7.0,13.0,0.0,5.0,0.0,16.0,57.0,117
250760,2019,3.0,0.0,2.0,17.0,6.0,14.0,0.0,8.0,0.0,15.0,65.0,117
250770,2012,16.0,1.0,1.0,5.0,4.0,38.0,7.0,12.0,4.0,19.0,122.0,296
250770,2013,0.0,0.0,0.0,0.0,0.0,0.0,0.0,0.0,0.0,0.0,135.0,300
250770,2014,8.0,0.0,4.0,1.0,2.0,58.0,9.0,19.0,3.0,28.0,136.0,338
250770,2015,8.0,0.0,7.0,3.0,2.0,52.0,0.0,12.0,4.0,26.0,116.0,315
250770,2016,7.0,0.0,4.0,12.0,3.0,30.0,0.0,19.0,1.0,27.0,103.0,243
250770,2017,10.0,0.0,4.0,27.0,10.0,38.0,0.0,20.0,0.0,32.0,143.0,308
250770,2018,22.0,0.0,5.0,19.0,4.0,48.0,1.0,31.0,0.0,38.0,169.0,328
250770,2019,15.0,0.0,6.0,29.0,14.0,42.0,1.0,22.0,0.0,27.0,157.0,290
250780,2012,3.0,0.0,0.0,1.0,1.0,9.0,4.0,4.0,10.0,6.0,60.0,102
250780,2013,0.0,0.0,0.0,0.0,0.0,0.0,0.0,0.0,0.0,0.0,64.0,112
250780,2014,5.0,0.0,0.0,1.0,0.0,32.0,5.0,3.0,6.0,7.0,60.0,93
250780,2015,2.0,0.0,0.0,3.0,0.0,16.0,2.0,3.0,6.0,9.0,41.0,86
250780,2016,2.0,0.0,0.0,2.0,0.0,18.0,1.0,7.0,0.0,13.0,46.0,92
250780,2017,4.0,0.0,0.0,7.0,2.0,15.0,2.0,6.0,3.0,10.0,51.0,95
250780,2018,5.0,0.0,2.0,1.0,1.0,17.0,2.0,12.0,0.0,15.0,55.0,98
250780,2019,5.0,0.0,2.0,1.0,1.0,20.0,2.0,14.0,2.0,17.0,64.0,87
250790,2012,12.0,0.0,0.0,3.0,3.0,25.0,2.0,9.0,5.0,28.0,88.0,175
250790,2013,0.0,0.0,0.0,0.0,0.0,0.0,0.0,0.0,0.0,0.0,101.0,188
250790,2014,4.0,0.0,6.0,6.0,2.0,26.0,4.0,17.0,9.0,25.0,101.0,181
250790,2015,6.0,1.0,2.0,2.0,1.0,28.0,3.0,11.0,6.0,26.0,93.0,205
250790,2016,5.0,1.0,3.0,1.0,0.0,37.0,5.0,11.0,6.0,37.0,113.0,191
250790,2017,2.0,0.0,5.0,3.0,1.0,39.0,1.0,10.0,6.0,40.0,117.0,215
250790,2018,7.0,0.0,4.0,1.0,1.0,33.0,2.0,17.0,5.0,37.0,113.0,191
250790,2019,8.0,0.0,6.0,1.0,0.0,34.0,3.0,18.0,7.0,34.0,114.0,186
250800,2012,10.0,0.0,1.0,0.0,2.0,21.0,9.0,3.0,18.0,15.0,81.0,115
250800,2013,0.0,0.0,0.0,0.0,0.0,0.0,0.0,0.0,0.0,0.0,72.0,118
250800,2014,3.0,0.0,2.0,0.0,2.0,17.0,6.0,7.0,12.0,14.0,66.0,116
250800,2015,6.0,1.0,2.0,2.0,3.0,24.0,4.0,4.0,0.0,18.0,77.0,143
250800,2016,4.0,0.0,2.0,2.0,0.0,25.0,6.0,8.0,5.0,12.0,67.0,117
250800,2017,4.0,0.0,5.0,1.0,0.0,18.0,2.0,3.0,1.0,21.0,64.0,110
250800,2018,4.0,0.0,0.0,1.0,0.0,22.0,1.0,6.0,1.0,20.0,57.0,113
250800,2019,5.0,0.0,0.0,1.0,2.0,30.0,2.0,5.0,3.0,18.0,67.0,125
250810,2012,4.0,0.0,0.0,1.0,1.0,13.0,0.0,8.0,2.0,13.0,47.0,62
250810,2013,0.0,0.0,0.0,0.0,0.0,0.0,0.0,0.0,0.0,0.0,51.0,61
250810,2014,4.0,0.0,0.0,0.0,0.0,15.0,0.0,9.0,0.0,16.0,44.0,54
250810,2015,1.0,0.0,0.0,1.0,0.0,24.0,0.0,6.0,1.0,12.0,47.0,58
250810,2016,4.0,0.0,0.0,1.0,1.0,15.0,0.0,4.0,1.0,8.0,34.0,44
250810,2017,5.0,0.0,0.0,2.0,1.0,16.0,0.0,3.0,0.0,16.0,43.0,48
250810,2018,5.0,0.0,0.0,1.0,0.0,17.0,0.0,9.0,1.0,18.0,52.0,67
250810,2019,2.0,0.0,0.0,1.0,1.0,19.0,0.0,6.0,1.0,13.0,43.0,52
250820,2012,10.0,0.0,0.0,1.0,1.0,18.0,1.0,10.0,7.0,13.0,68.0,137
250820,2013,0.0,0.0,0.0,0.0,0.0,0.0,0.0,0.0,0.0,0.0,58.0,110
250820,2014,3.0,1.0,0.0,1.0,2.0,24.0,3.0,16.0,4.0,17.0,73.0,128
250820,2015,6.0,0.0,0.0,2.0,0.0,24.0,2.0,10.0,4.0,22.0,70.0,127
250820,2016,2.0,0.0,0.0,1.0,1.0,18.0,2.0,5.0,2.0,15.0,46.0,96
250820,2017,5.0,0.0,0.0,1.0,2.0,29.0,2.0,10.0,8.0,14.0,71.0,132
250820,2018,3.0,2.0,2.0,1.0,4.0,28.0,3.0,19.0,8.0,18.0,93.0,145
250820,2019,3.0,1.0,0.0,4.0,0.0,20.0,3.0,8.0,1.0,12.0,52.0,102
250830,2012,22.0,0.0,6.0,3.0,0.0,78.0,5.0,10.0,6.0,16.0,192.0,434
250830,2013,0.0,0.0,0.0,0.0,0.0,0.0,0.0,0.0,0.0,0.0,191.0,432
250830,2014,14.0,1.0,6.0,0.0,1.0,100.0,1.0,13.0,4.0,32.0,192.0,394
250830,2015,13.0,0.0,11.0,32.0,3.0,84.0,4.0,13.0,5.0,37.0,205.0,426
250830,2016,19.0,0.0,10.0,63.0,1.0,42.0,0.0,21.0,5.0,40.0,203.0,390
250830,2017,11.0,0.0,8.0,63.0,9.0,43.0,1.0,21.0,5.0,34.0,197.0,407
250830,2018,16.0,0.0,8.0,55.0,16.0,60.0,4.0,21.0,2.0,43.0,229.0,405
250830,2019,29.0,2.0,9.0,51.0,16.0,53.0,4.0,36.0,0.0,51.0,255.0,417
250840,2012,1.0,0.0,0.0,0.0,0.0,14.0,0.0,7.0,2.0,11.0,37.0,43
250840,2013,0.0,0.0,0.0,0.0,0.0,0.0,0.0,0.0,0.0,0.0,40.0,45
250840,2014,3.0,0.0,0.0,0.0,0.0,13.0,1.0,6.0,0.0,11.0,36.0,44
250840,2015,1.0,0.0,0.0,1.0,0.0,10.0,2.0,8.0,0.0,14.0,36.0,48
250840,2016,1.0,0.0,2.0,1.0,0.0,13.0,0.0,6.0,0.0,18.0,41.0,48
250840,2017,3.0,1.0,0.0,0.0,0.0,28.0,1.0,3.0,1.0,15.0,52.0,55
250840,2018,3.0,0.0,0.0,0.0,0.0,21.0,1.0,0.0,1.0,16.0,42.0,47
250840,2019,2.0,0.0,0.0,0.0,0.0,15.0,1.0,4.0,1.0,14.0,37.0,38
250850,2012,2.0,0.0,2.0,1.0,1.0,5.0,2.0,2.0,1.0,3.0,31.0,84
250850,2013,0.0,0.0,0.0,0.0,0.0,0.0,0.0,0.0,0.0,0.0,32.0,86
250850,2014,3.0,0.0,0.0,0.0,1.0,12.0,3.0,7.0,1.0,10.0,40.0,115
250850,2015,1.0,0.0,0.0,3.0,0.0,18.0,1.0,4.0,0.0,7.0,34.0,92
250850,2016,2.0,0.0,0.0,3.0,0.0,16.0,3.0,3.0,0.0,9.0,36.0,97
250850,2017,4.0,0.0,0.0,5.0,2.0,16.0,4.0,3.0,1.0,9.0,45.0,104
250850,2018,1.0,0.0,0.0,5.0,2.0,13.0,4.0,13.0,1.0,12.0,51.0,101
250850,2019,8.0,0.0,0.0,6.0,2.0,14.0,7.0,6.0,1.0,14.0,59.0,115
250855,2012,2.0,1.0,0.0,1.0,2.0,9.0,1.0,4.0,1.0,13.0,37.0,53
250855,2013,0.0,0.0,0.0,0.0,0.0,0.0,0.0,0.0,0.0,0.0,24.0,46
250855,2014,3.0,0.0,2.0,0.0,0.0,8.0,0.0,5.0,1.0,13.0,34.0,55
250855,2015,4.0,0.0,0.0,0.0,1.0,17.0,0.0,6.0,4.0,17.0,50.0,68
250855,2016,0.0,0.0,0.0,1.0,1.0,11.0,1.0,5.0,0.0,7.0,26.0,45
250855,2017,0.0,0.0,2.0,1.0,0.0,15.0,1.0,4.0,2.0,14.0,40.0,59
250855,2018,1.0,1.0,0.0,1.0,0.0,10.0,0.0,6.0,1.0,9.0,30.0,46
250855,2019,2.0,0.0,2.0,2.0,0.0,13.0,1.0,7.0,1.0,18.0,46.0,59
250860,2012,11.0,0.0,3.0,2.0,0.0,29.0,9.0,5.0,8.0,16.0,83.0,184
250860,2013,0.0,0.0,0.0,0.0,0.0,0.0,0.0,0.0,0.0,0.0,99.0,214
250860,2014,5.0,0.0,0.0,1.0,2.0,20.0,2.0,13.0,8.0,21.0,72.0,157
250860,2015,6.0,0.0,2.0,1.0,0.0,26.0,4.0,13.0,6.0,24.0,83.0,203
250860,2016,12.0,1.0,6.0,0.0,1.0,39.0,2.0,19.0,4.0,19.0,104.0,219
250860,2017,6.0,0.0,3.0,2.0,2.0,39.0,2.0,18.0,7.0,26.0,107.0,229
250860,2018,8.0,1.0,7.0,5.0,1.0,42.0,0.0,10.0,7.0,21.0,102.0,232
250860,2019,9.0,0.0,1.0,2.0,0.0,37.0,5.0,14.0,9.0,17.0,95.0,222
250870,2012,3.0,0.0,0.0,0.0,0.0,10.0,0.0,3.0,1.0,10.0,27.0,50
250870,2013,0.0,0.0,0.0,0.0,0.0,0.0,0.0,0.0,0.0,0.0,22.0,43
250870,2014,2.0,0.0,0.0,1.0,0.0,4.0,1.0,3.0,0.0,11.0,22.0,43
250870,2015,2.0,0.0,0.0,1.0,0.0,5.0,0.0,3.0,1.0,8.0,20.0,52
250870,2016,1.0,0.0,0.0,1.0,0.0,8.0,0.0,4.0,0.0,10.0,25.0,52
250870,2017,2.0,0.0,0.0,0.0,0.0,7.0,0.0,6.0,0.0,11.0,26.0,43
250870,2018,1.0,0.0,0.0,0.0,0.0,5.0,0.0,4.0,0.0,10.0,21.0,44
250870,2019,2.0,0.0,1.0,0.0,1.0,8.0,0.0,4.0,0.0,16.0,33.0,47
250880,2012,4.0,0.0,2.0,0.0,0.0,9.0,0.0,3.0,1.0,14.0,38.0,77
250880,2013,0.0,0.0,0.0,0.0,0.0,0.0,0.0,0.0,0.0,0.0,45.0,86
250880,2014,0.0,0.0,4.0,0.0,0.0,18.0,0.0,11.0,2.0,19.0,55.0,87
250880,2015,2.0,0.0,0.0,2.0,0.0,16.0,0.0,3.0,1.0,13.0,39.0,77
250880,2016,0.0,0.0,0.0,1.0,0.0,11.0,0.0,3.0,2.0,16.0,33.0,69
250880,2017,1.0,0.0,2.0,2.0,0.0,9.0,0.0,9.0,2.0,12.0,37.0,69
250880,2018,3.0,0.0,2.0,0.0,0.0,14.0,1.0,15.0,0.0,25.0,60.0,105
250880,2019,4.0,0.0,6.0,0.0,0.0,15.0,0.0,10.0,1.0,11.0,48.0,81
250890,2012,37.0,1.0,9.0,11.0,4.0,90.0,23.0,38.0,53.0,67.0,340.0,732
250890,2013,0.0,0.0,0.0,0.0,0.0,0.0,0.0,0.0,0.0,0.0,305.0,711
250890,2014,18.0,2.0,6.0,13.0,8.0,88.0,14.0,27.0,36.0,61.0,280.0,644
250890,2015,18.0,1.0,6.0,8.0,5.0,109.0,19.0,33.0,21.0,56.0,307.0,794
250890,2016,17.0,1.0,10.0,5.0,14.0,105.0,16.0,45.0,25.0,68.0,321.0,706
250890,2017,17.0,6.0,7.0,13.0,4.0,112.0,8.0,38.0,20.0,80.0,319.0,795
250890,2018,13.0,1.0,7.0,11.0,12.0,127.0,18.0,38.0,29.0,66.0,326.0,850
250890,2019,18.0,2.0,20.0,13.0,6.0,136.0,22.0,27.0,30.0,54.0,329.0,818
250900,2012,8.0,0.0,2.0,0.0,0.0,19.0,5.0,16.0,10.0,27.0,100.0,166
250900,2013,0.0,0.0,0.0,0.0,0.0,0.0,0.0,0.0,0.0,0.0,107.0,169
250900,2014,5.0,1.0,4.0,2.0,4.0,21.0,11.0,5.0,11.0,13.0,93.0,157
250900,2015,2.0,1.0,0.0,4.0,1.0,18.0,4.0,12.0,5.0,22.0,85.0,161
250900,2016,4.0,2.0,6.0,4.0,1.0,21.0,5.0,7.0,8.0,18.0,83.0,147
250900,2017,3.0,1.0,0.0,2.0,0.0,23.0,4.0,3.0,2.0,11.0,61.0,121
250900,2018,9.0,0.0,0.0,2.0,1.0,25.0,1.0,12.0,4.0,21.0,81.0,127
250900,2019,4.0,0.0,0.0,5.0,1.0,22.0,2.0,11.0,3.0,18.0,68.0,107
250905,2012,9.0,1.0,2.0,4.0,0.0,12.0,2.0,5.0,3.0,17.0,57.0,152
250905,2013,0.0,0.0,0.0,0.0,0.0,0.0,0.0,0.0,0.0,0.0,62.0,160
250905,2014,4.0,0.0,0.0,0.0,2.0,20.0,3.0,5.0,4.0,6.0,45.0,139
250905,2015,2.0,0.0,0.0,4.0,1.0,24.0,1.0,12.0,1.0,7.0,58.0,162
250905,2016,2.0,0.0,0.0,2.0,1.0,19.0,4.0,4.0,1.0,14.0,50.0,161
250905,2017,4.0,0.0,0.0,1.0,1.0,22.0,1.0,7.0,4.0,13.0,54.0,172
250905,2018,2.0,0.0,0.0,2.0,1.0,30.0,5.0,5.0,3.0,11.0,59.0,200
250905,2019,5.0,1.0,0.0,2.0,0.0,24.0,2.0,8.0,1.0,11.0,54.0,181
250910,2012,18.0,1.0,6.0,3.0,3.0,35.0,8.0,8.0,13.0,26.0,133.0,279
250910,2013,0.0,0.0,0.0,0.0,0.0,0.0,0.0,0.0,0.0,0.0,126.0,277
250910,2014,5.0,0.0,4.0,3.0,3.0,52.0,7.0,21.0,4.0,33.0,134.0,262
250910,2015,11.0,1.0,2.0,5.0,3.0,45.0,3.0,21.0,6.0,31.0,128.0,247
250910,2016,7.0,0.0,5.0,3.0,4.0,47.0,5.0,20.0,7.0,34.0,134.0,268
250910,2017,4.0,0.0,3.0,3.0,1.0,39.0,2.0,24.0,7.0,39.0,125.0,281
250910,2018,6.0,1.0,2.0,2.0,3.0,53.0,4.0,23.0,3.0,33.0,131.0,295
250910,2019,11.0,0.0,4.0,5.0,4.0,59.0,3.0,16.0,9.0,39.0,150.0,310
250915,2012,11.0,0.0,0.0,0.0,2.0,24.0,0.0,3.0,3.0,19.0,72.0,88
250915,2013,0.0,0.0,0.0,0.0,0.0,0.0,0.0,0.0,0.0,0.0,72.0,98
250915,2014,0.0,0.0,0.0,2.0,0.0,29.0,2.0,8.0,8.0,27.0,79.0,94
250915,2015,6.0,0.0,5.0,0.0,1.0,28.0,2.0,10.0,4.0,16.0,73.0,94
250915,2016,1.0,0.0,0.0,1.0,0.0,27.0,1.0,8.0,1.0,18.0,58.0,74
250915,2017,5.0,0.0,0.0,1.0,0.0,33.0,2.0,8.0,5.0,22.0,76.0,89
250915,2018,4.0,0.0,0.0,0.0,0.0,22.0,0.0,6.0,3.0,15.0,50.0,58
250915,2019,7.0,0.0,0.0,0.0,1.0,32.0,0.0,6.0,1.0,24.0,71.0,79
250920,2012,5.0,0.0,2.0,1.0,1.0,33.0,1.0,5.0,3.0,13.0,78.0,185
250920,2013,0.0,0.0,0.0,0.0,0.0,0.0,0.0,0.0,0.0,0.0,93.0,202
250920,2014,2.0,0.0,2.0,1.0,0.0,58.0,0.0,6.0,1.0,14.0,88.0,204
250920,2015,7.0,0.0,2.0,12.0,0.0,45.0,0.0,6.0,1.0,14.0,88.0,180
250920,2016,4.0,0.0,8.0,19.0,2.0,18.0,0.0,6.0,2.0,22.0,82.0,171
250920,2017,4.0,0.0,2.0,25.0,4.0,9.0,0.0,5.0,0.0,22.0,72.0,170
250920,2018,5.0,0.0,4.0,32.0,12.0,25.0,0.0,5.0,0.0,25.0,108.0,204
250920,2019,8.0,1.0,2.0,42.0,13.0,13.0,0.0,5.0,0.0,9.0,93.0,180
250930,2012,1.0,0.0,4.0,3.0,2.0,14.0,1.0,1.0,7.0,14.0,47.0,140
250930,2013,0.0,0.0,0.0,0.0,0.0,0.0,0.0,0.0,0.0,0.0,55.0,139
250930,2014,2.0,0.0,7.0,0.0,0.0,21.0,2.0,7.0,8.0,9.0,57.0,152
250930,2015,3.0,0.0,3.0,1.0,2.0,20.0,2.0,2.0,4.0,14.0,57.0,161
250930,2016,6.0,1.0,5.0,1.0,0.0,24.0,2.0,0.0,6.0,17.0,67.0,163
250930,2017,7.0,0.0,10.0,6.0,1.0,20.0,2.0,4.0,7.0,12.0,70.0,168
250930,2018,8.0,0.0,2.0,1.0,0.0,21.0,4.0,3.0,7.0,5.0,51.0,165
250930,2019,4.0,0.0,4.0,2.0,1.0,28.0,1.0,7.0,3.0,6.0,56.0,167
250933,2012,2.0,0.0,0.0,0.0,0.0,9.0,0.0,2.0,1.0,3.0,24.0,67
250933,2013,0.0,0.0,0.0,0.0,0.0,0.0,0.0,0.0,0.0,0.0,22.0,54
250933,2014,5.0,0.0,2.0,1.0,0.0,18.0,0.0,6.0,1.0,7.0,41.0,82
250933,2015,7.0,0.0,2.0,4.0,0.0,15.0,0.0,3.0,0.0,4.0,36.0,83
250933,2016,3.0,0.0,0.0,7.0,0.0,6.0,0.0,3.0,0.0,9.0,28.0,70
250933,2017,1.0,0.0,2.0,8.0,1.0,8.0,0.0,9.0,0.0,7.0,38.0,86
250933,2018,2.0,1.0,1.0,10.0,3.0,5.0,1.0,7.0,0.0,3.0,33.0,75
250933,2019,4.0,0.0,0.0,4.0,5.0,16.0,0.0,5.0,0.0,9.0,44.0,67
250937,2012,3.0,0.0,2.0,0.0,1.0,8.0,2.0,2.0,3.0,14.0,36.0,42
250937,2013,0.0,0.0,0.0,0.0,0.0,0.0,0.0,0.0,0.0,0.0,21.0,23
250937,2014,2.0,0.0,2.0,1.0,1.0,9.0,0.0,7.0,2.0,18.0,42.0,45
250937,2015,2.0,0.0,0.0,1.0,1.0,9.0,0.0,1.0,1.0,11.0,26.0,32
250937,2016,1.0,0.0,0.0,0.0,0.0,10.0,0.0,5.0,2.0,9.0,27.0,30
250937,2017,1.0,0.0,0.0,0.0,1.0,8.0,0.0,3.0,1.0,5.0,20.0,24
250937,2018,0.0,0.0,3.0,0.0,0.0,9.0,0.0,0.0,1.0,10.0,24.0,25
250937,2019,4.0,1.0,4.0,0.0,1.0,7.0,0.0,1.0,0.0,13.0,32.0,36
250939,2012,3.0,0.0,1.0,0.0,2.0,5.0,1.0,8.0,2.0,11.0,34.0,67
250939,2013,0.0,0.0,0.0,0.0,0.0,0.0,0.0,0.0,0.0,0.0,42.0,83
250939,2014,5.0,0.0,0.0,0.0,1.0,15.0,0.0,6.0,0.0,20.0,47.0,105
250939,2015,2.0,0.0,4.0,0.0,0.0,8.0,0.0,4.0,1.0,28.0,49.0,109
250939,2016,1.0,0.0,3.0,0.0,1.0,8.0,0.0,11.0,0.0,12.0,36.0,93
250939,2017,3.0,0.0,2.0,0.0,0.0,10.0,0.0,7.0,1.0,16.0,39.0,104
250939,2018,3.0,0.0,2.0,1.0,1.0,15.0,0.0,8.0,0.0,16.0,46.0,115
250939,2019,2.0,0.0,4.0,0.0,0.0,19.0,0.0,9.0,0.0,28.0,62.0,112
250940,2012,14.0,0.0,0.0,3.0,3.0,24.0,0.0,13.0,4.0,18.0,89.0,201
250940,2013,0.0,0.0,0.0,0.0,0.0,0.0,0.0,0.0,0.0,0.0,74.0,179
250940,2014,8.0,0.0,4.0,1.0,0.0,56.0,0.0,13.0,4.0,39.0,130.0,220
250940,2015,9.0,1.0,4.0,14.0,0.0,43.0,0.0,19.0,1.0,30.0,125.0,224
250940,2016,6.0,0.0,0.0,28.0,2.0,20.0,1.0,12.0,0.0,31.0,104.0,194
250940,2017,7.0,0.0,0.0,29.0,1.0,30.0,1.0,15.0,0.0,22.0,108.0,185
250940,2018,7.0,0.0,2.0,17.0,8.0,38.0,3.0,12.0,1.0,38.0,130.0,209
250940,2019,3.0,0.0,6.0,24.0,8.0,34.0,0.0,13.0,2.0,35.0,127.0,235
250950,2012,2.0,0.0,4.0,1.0,0.0,22.0,0.0,2.0,1.0,3.0,46.0,107
250950,2013,0.0,0.0,0.0,0.0,0.0,0.0,0.0,0.0,0.0,0.0,50.0,94
250950,2014,0.0,0.0,2.0,2.0,1.0,15.0,1.0,1.0,2.0,10.0,38.0,91
250950,2015,0.0,0.0,0.0,6.0,1.0,20.0,0.0,3.0,1.0,5.0,36.0,76
250950,2016,1.0,0.0,0.0,6.0,0.0,10.0,0.0,4.0,0.0,10.0,31.0,68
250950,2017,3.0,0.0,4.0,8.0,2.0,11.0,1.0,6.0,0.0,10.0,46.0,98
250950,2018,3.0,0.0,0.0,7.0,2.0,10.0,1.0,8.0,0.0,10.0,41.0,83
250950,2019,6.0,0.0,0.0,8.0,2.0,8.0,0.0,6.0,1.0,13.0,44.0,82
250960,2012,1.0,0.0,3.0,0.0,1.0,2.0,0.0,0.0,4.0,13.0,35.0,62
250960,2013,0.0,0.0,0.0,0.0,0.0,0.0,0.0,0.0,0.0,0.0,41.0,67
250960,2014,2.0,0.0,2.0,1.0,1.0,14.0,0.0,5.0,5.0,11.0,41.0,69
250960,2015,6.0,0.0,0.0,0.0,0.0,12.0,3.0,7.0,3.0,10.0,43.0,65
250960,2016,5.0,0.0,0.0,1.0,1.0,11.0,0.0,4.0,4.0,10.0,36.0,62
250960,2017,1.0,0.0,0.0,1.0,0.0,8.0,1.0,6.0,1.0,14.0,34.0,49
250960,2018,6.0,0.0,1.0,0.0,0.0,17.0,0.0,11.0,6.0,11.0,52.0,67
250960,2019,6.0,0.0,3.0,3.0,0.0,11.0,3.0,15.0,2.0,14.0,58.0,77
250970,2012,20.0,1.0,6.0,13.0,8.0,178.0,2.0,19.0,6.0,39.0,310.0,453
250970,2013,0.0,0.0,0.0,0.0,0.0,0.0,0.0,0.0,0.0,0.0,334.0,491
250970,2014,19.0,3.0,7.0,8.0,1.0,107.0,7.0,50.0,16.0,116.0,340.0,494
250970,2015,22.0,0.0,8.0,16.0,12.0,113.0,10.0,52.0,16.0,97.0,347.0,497
250970,2016,21.0,0.0,6.0,7.0,6.0,102.0,14.0,36.0,32.0,66.0,291.0,457
250970,2017,20.0,0.0,11.0,14.0,3.0,101.0,3.0,46.0,8.0,125.0,338.0,492
250970,2018,18.0,0.0,13.0,7.0,8.0,149.0,12.0,45.0,25.0,88.0,376.0,528
250970,2019,19.0,1.0,2.0,9.0,8.0,131.0,9.0,39.0,38.0,81.0,338.0,504
250980,2012,4.0,1.0,2.0,1.0,3.0,23.0,0.0,4.0,4.0,16.0,59.0,137
250980,2013,0.0,0.0,0.0,0.0,0.0,0.0,0.0,0.0,0.0,0.0,61.0,137
250980,2014,3.0,0.0,0.0,2.0,1.0,22.0,2.0,10.0,4.0,26.0,71.0,143
250980,2015,3.0,0.0,0.0,1.0,1.0,25.0,1.0,14.0,3.0,20.0,68.0,119
250980,2016,5.0,1.0,3.0,2.0,0.0,32.0,0.0,17.0,4.0,29.0,93.0,155
250980,2017,4.0,0.0,4.0,1.0,2.0,16.0,2.0,9.0,2.0,21.0,62.0,126
250980,2018,7.0,0.0,3.0,0.0,2.0,32.0,1.0,9.0,3.0,30.0,88.0,144
250980,2019,1.0,0.0,0.0,2.0,3.0,30.0,2.0,10.0,2.0,26.0,76.0,121
250990,2012,2.0,0.0,3.0,0.0,1.0,8.0,2.0,4.0,2.0,14.0,40.0,100
250990,2013,0.0,0.0,0.0,0.0,0.0,0.0,0.0,0.0,0.0,0.0,37.0,93
250990,2014,2.0,1.0,2.0,1.0,2.0,13.0,3.0,7.0,2.0,11.0,45.0,109
250990,2015,2.0,2.0,1.0,2.0,1.0,13.0,2.0,10.0,2.0,11.0,46.0,98
250990,2016,1.0,0.0,0.0,6.0,0.0,17.0,1.0,5.0,0.0,12.0,43.0,98
250990,2017,3.0,0.0,0.0,0.0,0.0,8.0,0.0,10.0,0.0,17.0,39.0,89
250990,2018,2.0,0.0,2.0,1.0,3.0,21.0,0.0,13.0,0.0,12.0,54.0,102
250990,2019,4.0,0.0,0.0,2.0,2.0,16.0,4.0,8.0,5.0,13.0,55.0,122
251000,2012,10.0,1.0,0.0,0.0,1.0,15.0,0.0,5.0,10.0,35.0,89.0,109
251000,2013,0.0,0.0,0.0,0.0,0.0,0.0,0.0,0.0,0.0,0.0,75.0,106
251000,2014,6.0,1.0,0.0,0.0,1.0,28.0,3.0,12.0,3.0,29.0,85.0,107
251000,2015,6.0,1.0,2.0,0.0,1.0,28.0,2.0,4.0,6.0,28.0,78.0,100
251000,2016,8.0,0.0,0.0,0.0,0.0,25.0,1.0,12.0,5.0,23.0,74.0,87
251000,2017,5.0,0.0,1.0,0.0,0.0,19.0,3.0,5.0,3.0,14.0,51.0,66
251000,2018,6.0,0.0,1.0,3.0,0.0,42.0,1.0,12.0,4.0,26.0,95.0,107
251000,2019,4.0,0.0,2.0,1.0,0.0,28.0,0.0,11.0,1.0,26.0,73.0,81
251010,2012,10.0,0.0,0.0,1.0,5.0,19.0,1.0,8.0,2.0,9.0,64.0,159
251010,2013,0.0,0.0,0.0,0.0,0.0,0.0,0.0,0.0,0.0,0.0,68.0,147
251010,2014,9.0,0.0,0.0,2.0,1.0,14.0,4.0,10.0,5.0,14.0,61.0,147
251010,2015,5.0,1.0,3.0,2.0,2.0,19.0,6.0,11.0,2.0,18.0,69.0,146
251010,2016,5.0,0.0,0.0,2.0,4.0,22.0,4.0,8.0,3.0,14.0,62.0,147
251010,2017,7.0,0.0,4.0,4.0,1.0,17.0,1.0,5.0,2.0,13.0,56.0,170
251010,2018,6.0,0.0,0.0,3.0,1.0,27.0,1.0,6.0,1.0,11.0,56.0,119
251010,2019,13.0,0.0,0.0,4.0,0.0,18.0,1.0,14.0,1.0,20.0,71.0,119
251020,2012,8.0,1.0,0.0,4.0,2.0,7.0,0.0,14.0,1.0,10.0,48.0,90
251020,2013,0.0,0.0,0.0,0.0,0.0,0.0,0.0,0.0,0.0,0.0,36.0,76
251020,2014,1.0,0.0,0.0,0.0,0.0,11.0,0.0,7.0,0.0,9.0,29.0,52
251020,2015,2.0,0.0,0.0,0.0,0.0,16.0,0.0,6.0,0.0,14.0,38.0,96
251020,2016,2.0,0.0,1.0,1.0,0.0,23.0,1.0,4.0,2.0,12.0,47.0,85
251020,2017,2.0,0.0,2.0,1.0,2.0,14.0,2.0,5.0,1.0,16.0,45.0,75
251020,2018,3.0,1.0,2.0,1.0,0.0,15.0,0.0,8.0,0.0,16.0,47.0,72
251020,2019,5.0,3.0,2.0,0.0,1.0,11.0,0.0,3.0,1.0,14.0,41.0,76
251030,2012,2.0,0.0,0.0,0.0,1.0,4.0,0.0,0.0,2.0,4.0,14.0,42
251030,2013,0.0,0.0,0.0,0.0,0.0,0.0,0.0,0.0,0.0,0.0,20.0,43
251030,2014,2.0,0.0,0.0,1.0,1.0,7.0,2.0,5.0,2.0,8.0,30.0,43
251030,2015,2.0,0.0,2.0,0.0,0.0,6.0,0.0,3.0,1.0,6.0,20.0,41
251030,2016,1.0,0.0,0.0,1.0,1.0,6.0,0.0,2.0,1.0,3.0,16.0,45
251030,2017,1.0,0.0,0.0,2.0,0.0,8.0,0.0,6.0,0.0,7.0,25.0,42
251030,2018,2.0,1.0,0.0,0.0,0.0,9.0,1.0,5.0,1.0,3.0,22.0,38
251030,2019,0.0,0.0,0.0,1.0,0.0,8.0,1.0,6.0,0.0,12.0,28.0,38
251040,2012,7.0,0.0,2.0,2.0,0.0,16.0,0.0,17.0,2.0,17.0,64.0,114
251040,2013,0.0,0.0,0.0,0.0,0.0,0.0,0.0,0.0,0.0,0.0,55.0,98
251040,2014,4.0,0.0,2.0,1.0,0.0,12.0,3.0,4.0,3.0,19.0,48.0,95
251040,2015,6.0,0.0,3.0,0.0,2.0,15.0,0.0,8.0,0.0,18.0,52.0,89
251040,2016,3.0,0.0,2.0,2.0,0.0,16.0,1.0,6.0,0.0,8.0,40.0,75
251040,2017,4.0,0.0,2.0,0.0,1.0,35.0,2.0,11.0,2.0,20.0,77.0,123
251040,2018,2.0,0.0,2.0,0.0,0.0,15.0,1.0,9.0,0.0,17.0,47.0,94
251040,2019,1.0,0.0,0.0,3.0,0.0,25.0,0.0,5.0,0.0,17.0,53.0,86
251050,2012,1.0,0.0,0.0,2.0,0.0,14.0,0.0,2.0,2.0,7.0,31.0,62
251050,2013,0.0,0.0,0.0,0.0,0.0,0.0,0.0,0.0,0.0,0.0,26.0,50
251050,2014,1.0,0.0,0.0,0.0,0.0,11.0,0.0,2.0,1.0,2.0,21.0,51
251050,2015,2.0,0.0,2.0,2.0,1.0,16.0,0.0,3.0,0.0,2.0,29.0,48
251050,2016,0.0,0.0,0.0,10.0,1.0,8.0,0.0,2.0,1.0,4.0,26.0,48
251050,2017,1.0,0.0,0.0,9.0,2.0,7.0,0.0,0.0,0.0,4.0,23.0,41
251050,2018,2.0,0.0,0.0,6.0,4.0,4.0,0.0,3.0,0.0,3.0,23.0,48
251050,2019,1.0,1.0,0.0,3.0,1.0,3.0,0.0,3.0,0.0,7.0,19.0,38
251060,2012,4.0,0.0,0.0,0.0,0.0,14.0,2.0,1.0,7.0,4.0,32.0,41
251060,2013,0.0,0.0,0.0,0.0,0.0,0.0,0.0,0.0,0.0,0.0,32.0,39
251060,2014,2.0,0.0,0.0,0.0,1.0,10.0,3.0,3.0,4.0,5.0,28.0,37
251060,2015,2.0,0.0,0.0,1.0,0.0,11.0,2.0,0.0,7.0,3.0,27.0,39
251060,2016,1.0,0.0,0.0,0.0,0.0,4.0,5.0,1.0,8.0,4.0,23.0,28
251060,2017,1.0,1.0,2.0,1.0,0.0,11.0,9.0,2.0,8.0,0.0,35.0,42
251060,2018,2.0,0.0,0.0,2.0,0.0,13.0,5.0,2.0,10.0,8.0,42.0,48
251060,2019,1.0,0.0,0.0,1.0,1.0,18.0,2.0,1.0,8.0,5.0,37.0,41
251065,2012,1.0,0.0,0.0,0.0,0.0,6.0,1.0,1.0,0.0,1.0,12.0,26
251065,2013,0.0,0.0,0.0,0.0,0.0,0.0,0.0,0.0,0.0,0.0,22.0,30
251065,2014,0.0,0.0,0.0,0.0,0.0,9.0,1.0,1.0,0.0,1.0,13.0,21
251065,2015,0.0,0.0,0.0,2.0,0.0,4.0,0.0,0.0,0.0,3.0,9.0,18
251065,2016,1.0,0.0,0.0,2.0,0.0,1.0,0.0,2.0,0.0,0.0,6.0,15
251065,2017,2.0,0.0,0.0,1.0,0.0,2.0,0.0,2.0,0.0,3.0,10.0,22
251065,2018,0.0,0.0,0.0,1.0,0.0,4.0,1.0,4.0,1.0,3.0,15.0,20
251065,2019,1.0,0.0,0.0,1.0,1.0,3.0,0.0,2.0,1.0,2.0,11.0,18
251070,2012,1.0,0.0,0.0,0.0,0.0,2.0,0.0,0.0,0.0,4.0,8.0,21
251070,2013,0.0,0.0,0.0,0.0,0.0,0.0,0.0,0.0,0.0,0.0,19.0,41
251070,2014,1.0,0.0,2.0,0.0,0.0,8.0,0.0,2.0,0.0,5.0,18.0,34
251070,2015,0.0,0.0,2.0,1.0,0.0,2.0,0.0,2.0,0.0,5.0,12.0,32
251070,2016,0.0,0.0,0.0,1.0,0.0,5.0,0.0,0.0,0.0,7.0,13.0,29
251070,2017,4.0,0.0,0.0,1.0,0.0,6.0,0.0,8.0,0.0,4.0,23.0,40
251070,2018,2.0,0.0,2.0,1.0,0.0,6.0,0.0,10.0,0.0,8.0,30.0,54
251070,2019,3.0,0.0,4.0,3.0,0.0,5.0,0.0,5.0,0.0,2.0,22.0,38
251080,2012,74.0,1.0,30.0,28.0,15.0,251.0,14.0,103.0,24.0,346.0,927.0,1535
251080,2013,0.0,0.0,0.0,0.0,0.0,0.0,0.0,0.0,0.0,0.0,911.0,1506
251080,2014,58.0,0.0,18.0,8.0,2.0,341.0,14.0,132.0,27.0,328.0,936.0,1547
251080,2015,62.0,0.0,31.0,9.0,11.0,320.0,7.0,126.0,39.0,297.0,916.0,1590
251080,2016,50.0,0.0,32.0,9.0,11.0,300.0,6.0,103.0,20.0,290.0,828.0,1383
251080,2017,79.0,0.0,35.0,11.0,10.0,344.0,11.0,113.0,42.0,314.0,960.0,1504
251080,2018,63.0,2.0,31.0,10.0,9.0,369.0,17.0,118.0,25.0,342.0,1000.0,1635
251080,2019,81.0,1.0,53.0,12.0,2.0,368.0,3.0,124.0,25.0,298.0,968.0,1497
251090,2012,5.0,0.0,2.0,3.0,2.0,38.0,0.0,2.0,21.0,17.0,105.0,139
251090,2013,0.0,0.0,0.0,0.0,0.0,0.0,0.0,0.0,0.0,0.0,98.0,134
251090,2014,9.0,0.0,2.0,1.0,2.0,53.0,1.0,10.0,2.0,41.0,123.0,159
251090,2015,10.0,0.0,0.0,4.0,0.0,31.0,0.0,11.0,1.0,44.0,104.0,136
251090,2016,9.0,0.0,0.0,2.0,2.0,39.0,1.0,8.0,1.0,44.0,108.0,156
251090,2017,6.0,0.0,0.0,3.0,3.0,50.0,0.0,8.0,1.0,39.0,111.0,155
251090,2018,9.0,0.0,2.0,0.0,1.0,44.0,1.0,14.0,2.0,36.0,109.0,138
251090,2019,6.0,0.0,2.0,1.0,1.0,54.0,0.0,6.0,1.0,47.0,118.0,144
251100,2012,2.0,0.0,0.0,3.0,0.0,5.0,0.0,3.0,2.0,12.0,30.0,46
251100,2013,0.0,0.0,0.0,0.0,0.0,0.0,0.0,0.0,0.0,0.0,20.0,37
251100,2014,0.0,1.0,2.0,0.0,1.0,16.0,0.0,7.0,1.0,10.0,41.0,63
251100,2015,3.0,0.0,2.0,1.0,0.0,15.0,0.0,5.0,2.0,17.0,48.0,58
251100,2016,3.0,0.0,0.0,0.0,0.0,10.0,0.0,6.0,2.0,8.0,31.0,60
251100,2017,2.0,2.0,0.0,1.0,1.0,10.0,1.0,5.0,0.0,13.0,37.0,57
251100,2018,0.0,1.0,0.0,0.0,0.0,13.0,1.0,5.0,0.0,11.0,33.0,52
251100,2019,2.0,2.0,0.0,2.0,0.0,16.0,0.0,6.0,0.0,14.0,45.0,56
251110,2012,2.0,0.0,4.0,2.0,2.0,10.0,3.0,3.0,7.0,7.0,44.0,95
251110,2013,0.0,0.0,0.0,0.0,0.0,0.0,0.0,0.0,0.0,0.0,44.0,105
251110,2014,3.0,0.0,0.0,3.0,1.0,8.0,5.0,5.0,4.0,8.0,39.0,92
251110,2015,1.0,0.0,2.0,4.0,2.0,7.0,5.0,5.0,1.0,12.0,40.0,85
251110,2016,0.0,0.0,4.0,2.0,1.0,10.0,0.0,9.0,3.0,6.0,36.0,78
251110,2017,4.0,1.0,0.0,4.0,1.0,10.0,0.0,5.0,0.0,6.0,32.0,80
251110,2018,3.0,0.0,2.0,1.0,2.0,6.0,2.0,11.0,2.0,7.0,36.0,76
251110,2019,0.0,0.0,4.0,5.0,0.0,8.0,1.0,11.0,3.0,6.0,38.0,75
251120,2012,24.0,2.0,6.0,5.0,5.0,55.0,13.0,22.0,29.0,58.0,226.0,456
251120,2013,0.0,0.0,0.0,0.0,0.0,0.0,0.0,0.0,0.0,0.0,224.0,457
251120,2014,11.0,0.0,3.0,3.0,6.0,54.0,9.0,37.0,26.0,65.0,217.0,436
251120,2015,13.0,1.0,8.0,3.0,5.0,55.0,5.0,33.0,8.0,61.0,199.0,482
251120,2016,19.0,0.0,4.0,6.0,2.0,87.0,6.0,28.0,25.0,68.0,249.0,509
251120,2017,14.0,0.0,5.0,5.0,5.0,79.0,10.0,38.0,20.0,74.0,254.0,542
251120,2018,17.0,1.0,4.0,11.0,3.0,110.0,11.0,49.0,28.0,72.0,308.0,591
251120,2019,12.0,2.0,2.0,8.0,5.0,105.0,8.0,32.0,30.0,63.0,270.0,496
251130,2012,14.0,1.0,2.0,1.0,2.0,38.0,5.0,17.0,6.0,32.0,119.0,182
251130,2013,0.0,0.0,0.0,0.0,0.0,0.0,0.0,0.0,0.0,0.0,120.0,201
251130,2014,7.0,0.0,4.0,0.0,4.0,24.0,7.0,24.0,12.0,30.0,115.0,173
251130,2015,7.0,1.0,0.0,0.0,0.0,63.0,2.0,17.0,9.0,32.0,133.0,208
251130,2016,8.0,0.0,2.0,0.0,1.0,51.0,2.0,5.0,7.0,30.0,106.0,149
251130,2017,13.0,0.0,0.0,0.0,2.0,36.0,0.0,18.0,3.0,55.0,127.0,177
251130,2018,5.0,1.0,4.0,1.0,3.0,52.0,1.0,19.0,4.0,55.0,148.0,198
251130,2019,7.0,2.0,4.0,2.0,1.0,37.0,2.0,17.0,1.0,36.0,112.0,152
251140,2012,13.0,4.0,3.0,7.0,2.0,42.0,4.0,9.0,12.0,35.0,142.0,269
251140,2013,0.0,0.0,0.0,0.0,0.0,0.0,0.0,0.0,0.0,0.0,152.0,263
251140,2014,14.0,1.0,5.0,3.0,4.0,53.0,4.0,20.0,10.0,48.0,164.0,263
251140,2015,8.0,2.0,4.0,4.0,4.0,53.0,5.0,20.0,8.0,56.0,165.0,272
251140,2016,7.0,0.0,8.0,5.0,4.0,53.0,3.0,15.0,7.0,41.0,143.0,262
251140,2017,14.0,0.0,2.0,3.0,2.0,51.0,1.0,21.0,5.0,46.0,147.0,254
251140,2018,7.0,0.0,6.0,9.0,0.0,52.0,2.0,23.0,8.0,60.0,167.0,267
251140,2019,9.0,0.0,0.0,2.0,2.0,52.0,8.0,25.0,15.0,43.0,158.0,255
251150,2012,10.0,1.0,2.0,2.0,3.0,29.0,2.0,12.0,10.0,29.0,100.0,203
251150,2013,0.0,0.0,0.0,0.0,0.0,0.0,0.0,0.0,0.0,0.0,77.0,182
251150,2014,6.0,2.0,4.0,1.0,1.0,18.0,5.0,7.0,2.0,21.0,71.0,159
251150,2015,7.0,0.0,2.0,3.0,0.0,25.0,3.0,6.0,6.0,15.0,69.0,171
251150,2016,8.0,0.0,0.0,0.0,0.0,14.0,4.0,12.0,4.0,23.0,69.0,157
251150,2017,7.0,0.0,2.0,3.0,1.0,20.0,4.0,10.0,9.0,23.0,82.0,192
251150,2018,2.0,0.0,2.0,1.0,0.0,31.0,3.0,10.0,8.0,25.0,85.0,185
251150,2019,1.0,0.0,6.0,6.0,3.0,37.0,0.0,7.0,6.0,28.0,97.0,213
251160,2012,13.0,0.0,0.0,0.0,2.0,12.0,1.0,10.0,0.0,26.0,69.0,138
251160,2013,0.0,0.0,0.0,0.0,0.0,0.0,0.0,0.0,0.0,0.0,65.0,140
251160,2014,6.0,1.0,4.0,2.0,0.0,18.0,2.0,18.0,1.0,23.0,78.0,136
251160,2015,2.0,1.0,0.0,2.0,1.0,31.0,0.0,11.0,0.0,19.0,67.0,153
251160,2016,4.0,1.0,2.0,1.0,1.0,28.0,0.0,9.0,5.0,17.0,68.0,139
251160,2017,5.0,0.0,0.0,2.0,1.0,24.0,7.0,8.0,2.0,21.0,72.0,125
251160,2018,5.0,0.0,3.0,2.0,0.0,34.0,4.0,13.0,5.0,23.0,89.0,149
251160,2019,6.0,0.0,3.0,0.0,3.0,27.0,3.0,12.0,3.0,21.0,78.0,129
251170,2012,4.0,0.0,2.0,0.0,0.0,6.0,0.0,3.0,1.0,16.0,34.0,80
251170,2013,0.0,0.0,0.0,0.0,0.0,0.0,0.0,0.0,0.0,0.0,41.0,77
251170,2014,5.0,0.0,1.0,0.0,1.0,15.0,2.0,6.0,0.0,13.0,44.0,88
251170,2015,7.0,0.0,0.0,0.0,0.0,10.0,1.0,5.0,1.0,15.0,40.0,76
251170,2016,4.0,0.0,2.0,0.0,2.0,14.0,3.0,4.0,1.0,13.0,43.0,76
251170,2017,4.0,0.0,2.0,3.0,0.0,23.0,2.0,11.0,1.0,9.0,57.0,95
251170,2018,3.0,0.0,1.0,0.0,0.0,28.0,1.0,9.0,2.0,14.0,58.0,111
251170,2019,3.0,0.0,0.0,1.0,2.0,19.0,2.0,13.0,0.0,21.0,61.0,99
251180,2012,10.0,0.0,0.0,1.0,0.0,28.0,3.0,10.0,7.0,25.0,87.0,162
251180,2013,0.0,0.0,0.0,0.0,0.0,0.0,0.0,0.0,0.0,0.0,76.0,128
251180,2014,11.0,0.0,0.0,0.0,2.0,25.0,1.0,20.0,2.0,36.0,98.0,154
251180,2015,5.0,0.0,2.0,2.0,2.0,18.0,2.0,7.0,3.0,24.0,68.0,138
251180,2016,11.0,0.0,3.0,1.0,0.0,16.0,1.0,7.0,5.0,20.0,64.0,117
251180,2017,10.0,0.0,0.0,2.0,3.0,22.0,1.0,11.0,5.0,18.0,72.0,130
251180,2018,9.0,1.0,7.0,2.0,1.0,27.0,3.0,11.0,4.0,39.0,104.0,157
251180,2019,5.0,0.0,0.0,3.0,0.0,33.0,0.0,6.0,3.0,17.0,67.0,123
251190,2012,9.0,0.0,0.0,2.0,3.0,41.0,5.0,7.0,7.0,17.0,92.0,232
251190,2013,0.0,0.0,0.0,0.0,0.0,0.0,0.0,0.0,0.0,0.0,104.0,292
251190,2014,7.0,0.0,4.0,0.0,0.0,33.0,2.0,10.0,5.0,25.0,86.0,257
251190,2015,7.0,0.0,2.0,3.0,0.0,40.0,8.0,15.0,11.0,21.0,109.0,293
251190,2016,5.0,1.0,6.0,2.0,3.0,41.0,12.0,16.0,16.0,31.0,134.0,306
251190,2017,6.0,0.0,7.0,7.0,1.0,47.0,6.0,12.0,10.0,19.0,115.0,282
251190,2018,6.0,1.0,6.0,3.0,3.0,45.0,3.0,8.0,16.0,20.0,111.0,278
251190,2019,12.0,1.0,4.0,4.0,2.0,43.0,10.0,13.0,14.0,20.0,123.0,293
251200,2012,10.0,0.0,6.0,5.0,2.0,28.0,0.0,3.0,2.0,20.0,87.0,247
251200,2013,0.0,0.0,0.0,0.0,0.0,0.0,0.0,0.0,0.0,0.0,132.0,281
251200,2014,15.0,0.0,2.0,5.0,1.0,52.0,3.0,13.0,3.0,23.0,123.0,299
251200,2015,6.0,0.0,2.0,9.0,2.0,57.0,2.0,26.0,0.0,25.0,134.0,308
251200,2016,10.0,1.0,5.0,30.0,1.0,27.0,0.0,18.0,0.0,27.0,122.0,277
251200,2017,7.0,0.0,4.0,19.0,7.0,34.0,3.0,13.0,3.0,23.0,120.0,251
251200,2018,11.0,0.0,2.0,19.0,11.0,33.0,4.0,25.0,4.0,33.0,143.0,273
251200,2019,19.0,0.0,7.0,28.0,7.0,30.0,4.0,19.0,2.0,23.0,139.0,274
251203,2012,3.0,0.0,0.0,0.0,0.0,6.0,0.0,4.0,0.0,5.0,24.0,49
251203,2013,0.0,0.0,0.0,0.0,0.0,0.0,0.0,0.0,0.0,0.0,40.0,63
251203,2014,3.0,0.0,0.0,2.0,2.0,10.0,0.0,1.0,0.0,8.0,26.0,57
251203,2015,5.0,0.0,0.0,1.0,1.0,13.0,1.0,3.0,2.0,22.0,48.0,78
251203,2016,3.0,0.0,1.0,1.0,0.0,14.0,1.0,1.0,1.0,18.0,41.0,71
251203,2017,0.0,0.0,0.0,0.0,0.0,18.0,2.0,5.0,2.0,8.0,36.0,57
251203,2018,6.0,0.0,2.0,0.0,0.0,13.0,1.0,9.0,1.0,13.0,46.0,56
251203,2019,0.0,0.0,0.0,0.0,1.0,9.0,1.0,6.0,0.0,12.0,29.0,41
251207,2012,4.0,1.0,0.0,1.0,0.0,3.0,0.0,3.0,0.0,7.0,27.0,44
251207,2013,0.0,0.0,0.0,0.0,0.0,0.0,0.0,0.0,0.0,0.0,27.0,45
251207,2014,4.0,0.0,0.0,0.0,0.0,8.0,1.0,2.0,0.0,13.0,28.0,45
251207,2015,2.0,0.0,0.0,1.0,1.0,11.0,0.0,3.0,1.0,10.0,29.0,42
251207,2016,1.0,0.0,0.0,1.0,0.0,10.0,0.0,4.0,3.0,10.0,30.0,41
251207,2017,3.0,0.0,4.0,0.0,2.0,9.0,1.0,3.0,2.0,9.0,33.0,49
251207,2018,1.0,0.0,0.0,0.0,1.0,12.0,0.0,6.0,0.0,5.0,26.0,43
251207,2019,3.0,0.0,0.0,0.0,0.0,9.0,0.0,4.0,1.0,3.0,20.0,34
251210,2012,39.0,1.0,2.0,2.0,2.0,117.0,15.0,4.0,61.0,24.0,334.0,433
251210,2013,0.0,0.0,0.0,0.0,0.0,0.0,0.0,0.0,0.0,0.0,369.0,449
251210,2014,35.0,0.0,6.0,12.0,8.0,130.0,3.0,42.0,5.0,126.0,367.0,428
251210,2015,25.0,0.0,7.0,6.0,2.0,155.0,2.0,34.0,5.0,157.0,394.0,460
251210,2016,37.0,0.0,4.0,7.0,5.0,125.0,0.0,22.0,7.0,122.0,332.0,399
251210,2017,33.0,0.0,5.0,10.0,6.0,144.0,2.0,25.0,10.0,142.0,379.0,438
251210,2018,25.0,0.0,9.0,6.0,3.0,168.0,3.0,30.0,13.0,152.0,409.0,475
251210,2019,31.0,0.0,7.0,5.0,2.0,167.0,3.0,25.0,6.0,105.0,351.0,403
251220,2012,0.0,0.0,0.0,0.0,0.0,18.0,0.0,4.0,3.0,2.0,30.0,46
251220,2013,0.0,0.0,0.0,0.0,0.0,0.0,0.0,0.0,0.0,0.0,33.0,54
251220,2014,2.0,0.0,2.0,1.0,2.0,9.0,1.0,4.0,2.0,8.0,32.0,50
251220,2015,1.0,0.0,0.0,2.0,0.0,16.0,1.0,9.0,4.0,7.0,40.0,58
251220,2016,2.0,1.0,1.0,1.0,1.0,8.0,3.0,6.0,3.0,7.0,33.0,54
251220,2017,1.0,0.0,0.0,1.0,2.0,10.0,1.0,3.0,3.0,16.0,37.0,53
251220,2018,2.0,0.0,0.0,4.0,0.0,14.0,2.0,3.0,1.0,3.0,29.0,44
251220,2019,2.0,0.0,0.0,0.0,1.0,14.0,3.0,2.0,2.0,7.0,31.0,47
251230,2012,18.0,4.0,4.0,3.0,2.0,58.0,13.0,17.0,36.0,66.0,240.0,337
251230,2013,0.0,0.0,0.0,0.0,0.0,0.0,0.0,0.0,0.0,0.0,210.0,293
251230,2014,13.0,1.0,2.0,5.0,4.0,59.0,17.0,15.0,28.0,41.0,221.0,312
251230,2015,9.0,4.0,6.0,2.0,4.0,47.0,5.0,15.0,8.0,24.0,164.0,259
251230,2016,9.0,2.0,0.0,1.0,6.0,57.0,13.0,13.0,26.0,46.0,203.0,270
251230,2017,5.0,0.0,0.0,2.0,1.0,52.0,6.0,10.0,21.0,42.0,173.0,252
251230,2018,20.0,1.0,2.0,3.0,2.0,78.0,9.0,22.0,11.0,44.0,193.0,297
251230,2019,10.0,0.0,0.0,4.0,3.0,81.0,9.0,20.0,11.0,52.0,199.0,284
251240,2012,5.0,0.0,4.0,2.0,2.0,36.0,1.0,8.0,1.0,10.0,82.0,211
251240,2013,0.0,0.0,0.0,0.0,0.0,0.0,0.0,0.0,0.0,0.0,83.0,205
251240,2014,8.0,0.0,2.0,1.0,2.0,53.0,1.0,9.0,8.0,24.0,113.0,222
251240,2015,6.0,0.0,0.0,8.0,0.0,33.0,0.0,2.0,1.0,17.0,68.0,162
251240,2016,11.0,0.0,4.0,28.0,0.0,24.0,2.0,12.0,2.0,24.0,107.0,201
251240,2017,5.0,0.0,3.0,25.0,6.0,25.0,1.0,13.0,1.0,24.0,105.0,210
251240,2018,6.0,0.0,1.0,29.0,8.0,19.0,1.0,10.0,1.0,28.0,104.0,195
251240,2019,10.0,0.0,8.0,31.0,7.0,25.0,0.0,12.0,0.0,16.0,109.0,214
251250,2012,48.0,1.0,7.0,6.0,7.0,129.0,15.0,18.0,17.0,42.0,342.0,672
251250,2013,0.0,0.0,0.0,0.0,0.0,0.0,0.0,0.0,0.0,0.0,334.0,631
251250,2014,37.0,1.0,6.0,7.0,4.0,192.0,16.0,31.0,15.0,46.0,374.0,696
251250,2015,21.0,1.0,2.0,56.0,1.0,189.0,9.0,38.0,14.0,55.0,390.0,733
251250,2016,22.0,0.0,20.0,161.0,6.0,92.0,4.0,31.0,11.0,64.0,418.0,741
251250,2017,27.0,0.0,12.0,133.0,17.0,70.0,2.0,32.0,8.0,53.0,363.0,672
251250,2018,33.0,0.0,12.0,108.0,49.0,95.0,7.0,32.0,9.0,59.0,406.0,719
251250,2019,42.0,1.0,4.0,106.0,40.0,95.0,9.0,70.0,9.0,70.0,452.0,721
251260,2012,0.0,0.0,0.0,0.0,0.0,3.0,0.0,1.0,0.0,4.0,9.0,24
251260,2013,0.0,0.0,0.0,0.0,0.0,0.0,0.0,0.0,0.0,0.0,8.0,22
251260,2014,0.0,0.0,0.0,0.0,0.0,4.0,0.0,2.0,0.0,5.0,11.0,23
251260,2015,1.0,0.0,0.0,0.0,1.0,2.0,0.0,0.0,0.0,9.0,13.0,36
251260,2016,1.0,0.0,0.0,1.0,0.0,3.0,0.0,2.0,0.0,7.0,14.0,26
251260,2017,1.0,0.0,0.0,0.0,0.0,4.0,1.0,2.0,0.0,5.0,13.0,27
251260,2018,0.0,0.0,0.0,0.0,1.0,5.0,1.0,1.0,0.0,4.0,12.0,24
251260,2019,1.0,0.0,0.0,1.0,0.0,5.0,0.0,2.0,0.0,6.0,15.0,25
251270,2012,15.0,1.0,6.0,5.0,2.0,44.0,3.0,16.0,1.0,18.0,144.0,285
251270,2013,0.0,0.0,0.0,0.0,0.0,0.0,0.0,0.0,0.0,0.0,118.0,284
251270,2014,14.0,0.0,4.0,1.0,0.0,56.0,6.0,19.0,2.0,24.0,136.0,289
251270,2015,7.0,0.0,0.0,3.0,3.0,38.0,3.0,19.0,1.0,27.0,102.0,268
251270,2016,6.0,1.0,4.0,11.0,2.0,31.0,2.0,17.0,1.0,34.0,109.0,277
251270,2017,11.0,0.0,6.0,12.0,2.0,31.0,1.0,18.0,2.0,23.0,110.0,281
251270,2018,9.0,0.0,8.0,15.0,11.0,42.0,0.0,19.0,2.0,36.0,148.0,282
251270,2019,9.0,0.0,3.0,10.0,7.0,38.0,1.0,39.0,1.0,40.0,148.0,281
251272,2012,3.0,0.0,0.0,1.0,1.0,9.0,1.0,2.0,4.0,5.0,26.0,69
251272,2013,0.0,0.0,0.0,0.0,0.0,0.0,0.0,0.0,0.0,0.0,24.0,69
251272,2014,2.0,0.0,0.0,1.0,1.0,8.0,0.0,4.0,5.0,5.0,26.0,64
251272,2015,1.0,0.0,0.0,0.0,0.0,3.0,2.0,1.0,3.0,7.0,18.0,61
251272,2016,4.0,0.0,0.0,0.0,1.0,5.0,0.0,2.0,2.0,5.0,20.0,64
251272,2017,6.0,0.0,0.0,2.0,2.0,6.0,1.0,2.0,1.0,2.0,22.0,48
251272,2018,3.0,0.0,2.0,0.0,0.0,6.0,5.0,1.0,0.0,6.0,23.0,68
251272,2019,2.0,0.0,2.0,0.0,1.0,8.0,0.0,4.0,0.0,5.0,22.0,79
251274,2012,2.0,0.0,2.0,1.0,0.0,10.0,0.0,3.0,0.0,6.0,26.0,45
251274,2013,0.0,0.0,0.0,0.0,0.0,0.0,0.0,0.0,0.0,0.0,28.0,54
251274,2014,1.0,0.0,2.0,0.0,1.0,7.0,1.0,3.0,1.0,10.0,27.0,55
251274,2015,0.0,0.0,0.0,2.0,0.0,12.0,3.0,3.0,4.0,13.0,38.0,61
251274,2016,2.0,0.0,4.0,0.0,0.0,12.0,0.0,2.0,1.0,10.0,31.0,43
251274,2017,3.0,0.0,2.0,1.0,0.0,9.0,1.0,1.0,2.0,3.0,23.0,47
251274,2018,3.0,0.0,0.0,1.0,0.0,13.0,0.0,4.0,1.0,7.0,29.0,48
251274,2019,0.0,0.0,0.0,0.0,0.0,11.0,2.0,7.0,1.0,13.0,34.0,52
251275,2012,2.0,0.0,0.0,0.0,0.0,9.0,1.0,5.0,1.0,5.0,27.0,63
251275,2013,0.0,0.0,0.0,0.0,0.0,0.0,0.0,0.0,0.0,0.0,27.0,64
251275,2014,3.0,0.0,0.0,0.0,2.0,14.0,1.0,2.0,0.0,6.0,29.0,64
251275,2015,1.0,0.0,2.0,3.0,1.0,17.0,0.0,6.0,1.0,12.0,43.0,77
251275,2016,3.0,0.0,0.0,6.0,3.0,11.0,0.0,7.0,1.0,10.0,41.0,76
251275,2017,3.0,0.0,0.0,7.0,0.0,11.0,0.0,7.0,0.0,8.0,37.0,68
251275,2018,3.0,0.0,0.0,5.0,5.0,11.0,0.0,6.0,0.0,8.0,38.0,64
251275,2019,9.0,0.0,2.0,6.0,3.0,7.0,0.0,6.0,0.0,6.0,39.0,73
251276,2012,3.0,0.0,0.0,0.0,2.0,6.0,2.0,3.0,2.0,5.0,23.0,56
251276,2013,0.0,0.0,0.0,0.0,0.0,0.0,0.0,0.0,0.0,0.0,23.0,62
251276,2014,2.0,0.0,2.0,0.0,0.0,6.0,3.0,4.0,4.0,4.0,25.0,50
251276,2015,3.0,0.0,2.0,0.0,0.0,9.0,0.0,0.0,5.0,6.0,25.0,69
251276,2016,2.0,0.0,2.0,0.0,0.0,7.0,0.0,3.0,2.0,4.0,20.0,52
251276,2017,0.0,0.0,2.0,0.0,1.0,9.0,2.0,3.0,4.0,5.0,28.0,68
251276,2018,0.0,0.0,2.0,1.0,1.0,10.0,0.0,3.0,7.0,12.0,36.0,80
251276,2019,1.0,0.0,2.0,0.0,1.0,17.0,1.0,9.0,2.0,11.0,44.0,85
251278,2012,5.0,0.0,0.0,0.0,0.0,3.0,2.0,1.0,2.0,2.0,17.0,32
251278,2013,0.0,0.0,0.0,0.0,0.0,0.0,0.0,0.0,0.0,0.0,29.0,43
251278,2014,1.0,0.0,2.0,1.0,0.0,6.0,1.0,1.0,1.0,5.0,20.0,43
251278,2015,2.0,0.0,2.0,2.0,0.0,4.0,0.0,5.0,1.0,4.0,21.0,41
251278,2016,0.0,0.0,2.0,3.0,0.0,5.0,0.0,1.0,0.0,4.0,15.0,26
251278,2017,1.0,0.0,2.0,5.0,0.0,1.0,1.0,2.0,0.0,6.0,18.0,41
251278,2018,1.0,0.0,0.0,3.0,0.0,6.0,0.0,3.0,0.0,7.0,21.0,34
251278,2019,3.0,0.0,0.0,3.0,1.0,6.0,1.0,4.0,3.0,6.0,27.0,41
251280,2012,12.0,2.0,3.0,2.0,4.0,23.0,1.0,18.0,4.0,32.0,101.0,115
251280,2013,0.0,0.0,0.0,0.0,0.0,0.0,0.0,0.0,0.0,0.0,86.0,99
251280,2014,7.0,1.0,0.0,3.0,0.0,30.0,2.0,13.0,1.0,40.0,99.0,123
251280,2015,10.0,0.0,3.0,1.0,0.0,41.0,0.0,6.0,8.0,41.0,113.0,130
251280,2016,0.0,0.0,4.0,1.0,1.0,44.0,0.0,15.0,1.0,40.0,107.0,127
251280,2017,6.0,0.0,1.0,1.0,0.0,37.0,1.0,11.0,1.0,35.0,96.0,110
251280,2018,9.0,0.0,2.0,1.0,0.0,50.0,0.0,17.0,1.0,27.0,116.0,132
251280,2019,3.0,0.0,0.0,1.0,0.0,40.0,0.0,10.0,1.0,26.0,84.0,103
251290,2012,13.0,1.0,8.0,1.0,0.0,47.0,5.0,17.0,23.0,26.0,143.0,316
251290,2013,0.0,0.0,0.0,0.0,0.0,0.0,0.0,0.0,0.0,0.0,147.0,328
251290,2014,10.0,0.0,6.0,3.0,2.0,41.0,5.0,15.0,18.0,37.0,138.0,281
251290,2015,10.0,0.0,8.0,6.0,4.0,43.0,4.0,13.0,19.0,25.0,142.0,323
251290,2016,9.0,0.0,2.0,6.0,3.0,44.0,6.0,19.0,10.0,33.0,139.0,358
251290,2017,9.0,0.0,2.0,3.0,6.0,51.0,6.0,5.0,9.0,32.0,134.0,351
251290,2018,13.0,1.0,3.0,5.0,2.0,57.0,11.0,5.0,13.0,38.0,151.0,374
251290,2019,9.0,1.0,2.0,3.0,3.0,52.0,10.0,9.0,19.0,21.0,130.0,364
251300,2012,3.0,0.0,4.0,1.0,0.0,8.0,1.0,0.0,1.0,3.0,23.0,47
251300,2013,0.0,0.0,0.0,0.0,0.0,0.0,0.0,0.0,0.0,0.0,17.0,42
251300,2014,1.0,0.0,0.0,0.0,0.0,11.0,1.0,1.0,0.0,6.0,23.0,45
251300,2015,2.0,0.0,4.0,2.0,0.0,4.0,0.0,2.0,1.0,8.0,23.0,45
251300,2016,3.0,0.0,0.0,2.0,0.0,7.0,0.0,3.0,0.0,5.0,20.0,39
251300,2017,1.0,0.0,0.0,4.0,0.0,4.0,0.0,2.0,0.0,7.0,19.0,37
251300,2018,4.0,0.0,0.0,2.0,1.0,5.0,0.0,5.0,0.0,8.0,26.0,51
251300,2019,0.0,0.0,0.0,3.0,1.0,2.0,0.0,3.0,0.0,6.0,15.0,30
251310,2012,7.0,0.0,0.0,0.0,2.0,13.0,2.0,11.0,5.0,12.0,55.0,134
251310,2013,0.0,0.0,0.0,0.0,0.0,0.0,0.0,0.0,0.0,0.0,55.0,109
251310,2014,1.0,0.0,2.0,3.0,1.0,15.0,1.0,12.0,4.0,18.0,60.0,132
251310,2015,2.0,0.0,2.0,4.0,1.0,16.0,4.0,5.0,2.0,27.0,67.0,116
251310,2016,3.0,0.0,0.0,4.0,1.0,16.0,0.0,10.0,4.0,25.0,68.0,141
251310,2017,2.0,0.0,10.0,1.0,0.0,25.0,0.0,6.0,4.0,25.0,75.0,130
251310,2018,4.0,1.0,4.0,2.0,1.0,22.0,0.0,12.0,4.0,23.0,78.0,149
251310,2019,5.0,0.0,2.0,9.0,1.0,30.0,0.0,7.0,1.0,21.0,83.0,159
251315,2012,0.0,0.0,0.0,1.0,0.0,14.0,5.0,3.0,11.0,13.0,51.0,106
251315,2013,0.0,0.0,0.0,0.0,0.0,0.0,0.0,0.0,0.0,0.0,44.0,87
251315,2014,3.0,0.0,0.0,0.0,1.0,21.0,5.0,1.0,10.0,1.0,43.0,100
251315,2015,3.0,0.0,0.0,3.0,0.0,11.0,5.0,3.0,3.0,12.0,40.0,85
251315,2016,1.0,0.0,0.0,3.0,1.0,11.0,0.0,7.0,0.0,8.0,31.0,80
251315,2017,1.0,0.0,4.0,2.0,3.0,18.0,3.0,8.0,1.0,8.0,48.0,96
251315,2018,4.0,0.0,0.0,7.0,3.0,13.0,2.0,1.0,4.0,12.0,47.0,100
251315,2019,11.0,0.0,0.0,8.0,4.0,9.0,3.0,7.0,3.0,11.0,56.0,90
251320,2012,5.0,0.0,0.0,0.0,0.0,16.0,0.0,7.0,1.0,27.0,65.0,74
251320,2013,0.0,0.0,0.0,0.0,0.0,0.0,0.0,0.0,0.0,0.0,58.0,67
251320,2014,6.0,0.0,2.0,0.0,0.0,21.0,2.0,11.0,0.0,24.0,68.0,78
251320,2015,5.0,0.0,2.0,0.0,0.0,16.0,1.0,8.0,4.0,25.0,62.0,72
251320,2016,12.0,0.0,2.0,1.0,0.0,21.0,1.0,11.0,2.0,11.0,62.0,78
251320,2017,6.0,0.0,0.0,1.0,0.0,22.0,0.0,4.0,3.0,19.0,55.0,63
251320,2018,9.0,0.0,0.0,3.0,0.0,31.0,0.0,4.0,4.0,21.0,72.0,82
251320,2019,3.0,0.0,0.0,2.0,2.0,31.0,0.0,7.0,0.0,18.0,63.0,67
251330,2012,2.0,0.0,2.0,2.0,1.0,8.0,0.0,4.0,4.0,16.0,51.0,65
251330,2013,0.0,0.0,0.0,0.0,0.0,0.0,0.0,0.0,0.0,0.0,31.0,63
251330,2014,3.0,0.0,0.0,0.0,0.0,12.0,1.0,4.0,3.0,14.0,37.0,67
251330,2015,3.0,0.0,0.0,1.0,3.0,13.0,3.0,9.0,1.0,11.0,44.0,70
251330,2016,3.0,0.0,2.0,1.0,2.0,16.0,2.0,14.0,2.0,11.0,53.0,71
251330,2017,1.0,0.0,2.0,0.0,0.0,15.0,2.0,7.0,4.0,15.0,47.0,71
251330,2018,3.0,0.0,0.0,1.0,1.0,18.0,1.0,10.0,0.0,15.0,50.0,67
251330,2019,2.0,0.0,0.0,2.0,0.0,16.0,1.0,5.0,0.0,15.0,41.0,61
251335,2012,3.0,1.0,0.0,3.0,0.0,6.0,1.0,1.0,1.0,6.0,26.0,43
251335,2013,0.0,0.0,0.0,0.0,0.0,0.0,0.0,0.0,0.0,0.0,37.0,55
251335,2014,0.0,0.0,0.0,0.0,3.0,9.0,0.0,2.0,3.0,10.0,32.0,49
251335,2015,0.0,0.0,0.0,3.0,0.0,16.0,0.0,5.0,3.0,6.0,33.0,44
251335,2016,3.0,0.0,2.0,0.0,0.0,15.0,0.0,3.0,1.0,5.0,30.0,49
251335,2017,2.0,0.0,0.0,1.0,1.0,9.0,2.0,6.0,4.0,11.0,36.0,43
251335,2018,2.0,3.0,0.0,0.0,0.0,14.0,0.0,4.0,0.0,8.0,33.0,49
251335,2019,1.0,1.0,0.0,0.0,1.0,11.0,0.0,1.0,0.0,5.0,21.0,32
251340,2012,4.0,1.0,3.0,3.0,0.0,19.0,3.0,6.0,1.0,22.0,92.0,168
251340,2013,0.0,0.0,0.0,0.0,0.0,0.0,0.0,0.0,0.0,0.0,117.0,206
251340,2014,12.0,1.0,0.0,3.0,1.0,61.0,10.0,4.0,16.0,24.0,132.0,218
251340,2015,8.0,2.0,1.0,6.0,3.0,48.0,12.0,8.0,12.0,18.0,121.0,233
251340,2016,11.0,0.0,4.0,3.0,1.0,44.0,2.0,16.0,1.0,17.0,100.0,177
251340,2017,10.0,0.0,1.0,2.0,2.0,41.0,7.0,17.0,10.0,34.0,125.0,195
251340,2018,5.0,0.0,0.0,3.0,0.0,35.0,5.0,16.0,3.0,36.0,106.0,199
251340,2019,12.0,0.0,3.0,3.0,2.0,35.0,1.0,16.0,3.0,38.0,116.0,179
251350,2012,4.0,2.0,0.0,1.0,2.0,14.0,0.0,1.0,3.0,9.0,38.0,71
251350,2013,0.0,0.0,0.0,0.0,0.0,0.0,0.0,0.0,0.0,0.0,36.0,60
251350,2014,1.0,0.0,2.0,0.0,1.0,8.0,0.0,8.0,2.0,9.0,32.0,60
251350,2015,0.0,0.0,2.0,0.0,0.0,13.0,0.0,3.0,1.0,10.0,31.0,61
251350,2016,4.0,2.0,2.0,1.0,0.0,9.0,0.0,2.0,0.0,9.0,33.0,64
251350,2017,0.0,1.0,0.0,0.0,0.0,17.0,0.0,3.0,2.0,16.0,39.0,61
251350,2018,1.0,0.0,0.0,0.0,2.0,13.0,0.0,7.0,0.0,13.0,41.0,60
251350,2019,2.0,3.0,2.0,0.0,1.0,12.0,0.0,10.0,0.0,14.0,47.0,63
251360,2012,2.0,1.0,2.0,2.0,2.0,26.0,3.0,10.0,1.0,18.0,70.0,103
251360,2013,0.0,0.0,0.0,0.0,0.0,0.0,0.0,0.0,0.0,0.0,54.0,73
251360,2014,3.0,0.0,0.0,0.0,0.0,19.0,6.0,8.0,1.0,17.0,55.0,78
251360,2015,4.0,0.0,2.0,0.0,1.0,25.0,0.0,7.0,1.0,11.0,51.0,82
251360,2016,2.0,1.0,4.0,0.0,0.0,28.0,1.0,4.0,6.0,17.0,64.0,84
251360,2017,3.0,1.0,1.0,3.0,1.0,18.0,0.0,8.0,2.0,16.0,53.0,78
251360,2018,5.0,0.0,0.0,0.0,0.0,24.0,1.0,17.0,1.0,25.0,74.0,99
251360,2019,4.0,3.0,0.0,1.0,1.0,17.0,0.0,11.0,0.0,14.0,55.0,74
251365,2012,1.0,1.0,2.0,0.0,0.0,4.0,0.0,0.0,2.0,2.0,18.0,25
251365,2013,0.0,0.0,0.0,0.0,0.0,0.0,0.0,0.0,0.0,0.0,24.0,32
251365,2014,2.0,0.0,0.0,1.0,0.0,2.0,0.0,3.0,2.0,6.0,16.0,21
251365,2015,0.0,0.0,0.0,1.0,0.0,4.0,0.0,2.0,0.0,8.0,17.0,20
251365,2016,4.0,0.0,0.0,0.0,0.0,8.0,1.0,4.0,0.0,8.0,25.0,32
251365,2017,3.0,0.0,0.0,0.0,0.0,5.0,0.0,5.0,1.0,5.0,19.0,26
251365,2018,0.0,0.0,2.0,1.0,1.0,8.0,0.0,6.0,0.0,9.0,27.0,32
251365,2019,1.0,0.0,0.0,0.0,0.0,5.0,0.0,3.0,2.0,4.0,15.0,22
251370,2012,130.0,7.0,29.0,19.0,13.0,371.0,55.0,160.0,107.0,294.0,1190.0,2257
251370,2013,0.0,0.0,0.0,0.0,0.0,0.0,0.0,0.0,0.0,0.0,1199.0,2231
251370,2014,88.0,5.0,33.0,11.0,14.0,298.0,34.0,160.0,88.0,256.0,992.0,1776
251370,2015,86.0,7.0,32.0,40.0,27.0,412.0,22.0,206.0,76.0,286.0,1205.0,2141
251370,2016,90.0,6.0,33.0,16.0,18.0,481.0,32.0,300.0,98.0,341.0,1433.0,2561
251370,2017,83.0,5.0,28.0,30.0,19.0,474.0,31.0,200.0,103.0,238.0,1244.0,2515
251370,2018,89.0,3.0,33.0,23.0,16.0,516.0,38.0,191.0,95.0,257.0,1278.0,2502
251370,2019,65.0,8.0,18.0,27.0,16.0,486.0,46.0,149.0,97.0,237.0,1162.0,2305
251380,2012,2.0,1.0,0.0,0.0,0.0,11.0,1.0,3.0,0.0,14.0,35.0,54
251380,2013,0.0,0.0,0.0,0.0,0.0,0.0,0.0,0.0,0.0,0.0,25.0,44
251380,2014,3.0,0.0,2.0,0.0,0.0,18.0,0.0,11.0,0.0,16.0,50.0,80
251380,2015,3.0,0.0,2.0,1.0,0.0,9.0,0.0,9.0,0.0,16.0,40.0,59
251380,2016,4.0,0.0,0.0,0.0,0.0,16.0,0.0,6.0,0.0,21.0,47.0,70
251380,2017,3.0,0.0,0.0,0.0,0.0,11.0,0.0,5.0,0.0,14.0,33.0,55
251380,2018,3.0,0.0,2.0,0.0,0.0,12.0,0.0,10.0,0.0,23.0,50.0,74
251380,2019,7.0,0.0,0.0,0.0,0.0,14.0,0.0,4.0,0.0,16.0,41.0,73
251385,2012,1.0,0.0,2.0,1.0,0.0,7.0,1.0,5.0,4.0,3.0,27.0,38
251385,2013,0.0,0.0,0.0,0.0,0.0,0.0,0.0,0.0,0.0,0.0,16.0,27
251385,2014,0.0,0.0,0.0,0.0,0.0,4.0,0.0,1.0,0.0,1.0,7.0,26
251385,2015,0.0,0.0,0.0,0.0,1.0,5.0,0.0,1.0,1.0,5.0,14.0,28
251385,2016,0.0,0.0,0.0,1.0,0.0,8.0,0.0,0.0,0.0,5.0,14.0,23
251385,2017,1.0,0.0,0.0,2.0,0.0,8.0,0.0,2.0,0.0,9.0,22.0,31
251385,2018,0.0,0.0,0.0,1.0,1.0,6.0,0.0,4.0,0.0,9.0,21.0,28
251385,2019,2.0,0.0,0.0,0.0,1.0,4.0,0.0,4.0,1.0,2.0,14.0,23
251390,2012,29.0,1.0,8.0,5.0,8.0,93.0,12.0,42.0,29.0,124.0,355.0,460
251390,2013,0.0,0.0,0.0,0.0,0.0,0.0,0.0,0.0,0.0,0.0,351.0,436
251390,2014,21.0,4.0,7.0,2.0,1.0,94.0,7.0,67.0,18.0,131.0,363.0,450
251390,2015,20.0,0.0,6.0,6.0,9.0,101.0,8.0,51.0,16.0,137.0,370.0,463
251390,2016,26.0,0.0,3.0,2.0,3.0,110.0,1.0,49.0,5.0,102.0,311.0,381
251390,2017,14.0,1.0,6.0,4.0,6.0,122.0,5.0,34.0,12.0,119.0,331.0,414
251390,2018,18.0,1.0,5.0,8.0,2.0,117.0,12.0,42.0,19.0,118.0,348.0,422
251390,2019,23.0,0.0,6.0,7.0,6.0,142.0,3.0,47.0,10.0,133.0,383.0,469
251392,2012,2.0,0.0,0.0,0.0,0.0,15.0,0.0,1.0,9.0,3.0,43.0,65
251392,2013,0.0,0.0,0.0,0.0,0.0,0.0,0.0,0.0,0.0,0.0,37.0,53
251392,2014,1.0,0.0,0.0,0.0,0.0,10.0,1.0,6.0,1.0,20.0,39.0,50
251392,2015,4.0,0.0,1.0,1.0,0.0,14.0,0.0,7.0,2.0,25.0,54.0,67
251392,2016,5.0,0.0,0.0,0.0,0.0,7.0,0.0,3.0,2.0,15.0,32.0,42
251392,2017,3.0,0.0,0.0,1.0,1.0,19.0,0.0,2.0,1.0,19.0,46.0,49
251392,2018,0.0,0.0,2.0,0.0,1.0,19.0,0.0,5.0,0.0,19.0,46.0,61
251392,2019,2.0,0.0,0.0,1.0,0.0,20.0,0.0,3.0,1.0,12.0,39.0,55
251394,2012,0.0,0.0,0.0,0.0,0.0,4.0,0.0,2.0,3.0,3.0,13.0,35
251394,2013,0.0,0.0,0.0,0.0,0.0,0.0,0.0,0.0,0.0,0.0,23.0,37
251394,2014,1.0,0.0,0.0,1.0,0.0,9.0,0.0,2.0,1.0,3.0,20.0,34
251394,2015,1.0,0.0,0.0,5.0,0.0,5.0,0.0,1.0,1.0,4.0,17.0,35
251394,2016,3.0,0.0,0.0,9.0,0.0,5.0,0.0,1.0,0.0,3.0,21.0,34
251394,2017,1.0,0.0,0.0,8.0,1.0,4.0,0.0,1.0,0.0,4.0,19.0,29
251394,2018,3.0,0.0,0.0,7.0,1.0,4.0,0.0,2.0,0.0,2.0,19.0,33
251394,2019,1.0,0.0,2.0,10.0,2.0,1.0,1.0,2.0,1.0,4.0,24.0,36
251396,2012,2.0,0.0,0.0,1.0,0.0,5.0,0.0,1.0,4.0,4.0,21.0,36
251396,2013,0.0,0.0,0.0,0.0,0.0,0.0,0.0,0.0,0.0,0.0,27.0,37
251396,2014,2.0,0.0,0.0,0.0,0.0,7.0,0.0,1.0,2.0,20.0,33.0,38
251396,2015,2.0,0.0,0.0,0.0,0.0,13.0,0.0,4.0,1.0,11.0,31.0,35
251396,2016,1.0,0.0,0.0,0.0,0.0,6.0,0.0,3.0,1.0,15.0,26.0,38
251396,2017,2.0,0.0,0.0,0.0,0.0,7.0,0.0,4.0,0.0,6.0,19.0,26
251396,2018,1.0,0.0,0.0,0.0,1.0,12.0,0.0,1.0,1.0,17.0,33.0,42
251396,2019,0.0,0.0,0.0,0.0,1.0,8.0,0.0,2.0,1.0,10.0,22.0,29
251398,2012,4.0,0.0,1.0,0.0,2.0,9.0,0.0,3.0,2.0,16.0,42.0,47
251398,2013,0.0,0.0,0.0,0.0,0.0,0.0,0.0,0.0,0.0,0.0,41.0,51
251398,2014,3.0,1.0,1.0,0.0,0.0,9.0,1.0,1.0,2.0,12.0,31.0,41
251398,2015,2.0,0.0,0.0,0.0,1.0,18.0,2.0,3.0,3.0,11.0,41.0,47
251398,2016,1.0,0.0,0.0,0.0,0.0,15.0,0.0,7.0,0.0,13.0,39.0,46
251398,2017,1.0,0.0,0.0,0.0,1.0,12.0,2.0,2.0,5.0,7.0,30.0,42
251398,2018,1.0,0.0,2.0,0.0,0.0,10.0,0.0,3.0,1.0,6.0,23.0,26
251398,2019,1.0,0.0,2.0,2.0,1.0,16.0,0.0,6.0,0.0,16.0,44.0,45
251400,2012,1.0,0.0,0.0,0.0,0.0,8.0,3.0,1.0,0.0,5.0,21.0,54
251400,2013,0.0,0.0,0.0,0.0,0.0,0.0,0.0,0.0,0.0,0.0,30.0,51
251400,2014,5.0,0.0,2.0,1.0,1.0,7.0,1.0,5.0,0.0,8.0,32.0,59
251400,2015,3.0,0.0,0.0,2.0,1.0,9.0,0.0,1.0,2.0,11.0,29.0,52
251400,2016,2.0,0.0,4.0,5.0,0.0,10.0,1.0,5.0,0.0,7.0,34.0,58
251400,2017,1.0,0.0,0.0,4.0,1.0,4.0,0.0,2.0,0.0,12.0,25.0,53
251400,2018,1.0,0.0,0.0,5.0,3.0,8.0,2.0,4.0,0.0,17.0,44.0,68
251400,2019,4.0,0.0,0.0,7.0,3.0,3.0,0.0,2.0,1.0,8.0,33.0,50
251410,2012,2.0,0.0,0.0,0.0,0.0,15.0,1.0,4.0,0.0,5.0,28.0,69
251410,2013,0.0,0.0,0.0,0.0,0.0,0.0,0.0,0.0,0.0,0.0,20.0,52
251410,2014,1.0,0.0,0.0,1.0,1.0,5.0,2.0,4.0,4.0,9.0,28.0,50
251410,2015,0.0,1.0,0.0,0.0,0.0,12.0,1.0,5.0,2.0,9.0,31.0,51
251410,2016,2.0,0.0,0.0,0.0,1.0,14.0,4.0,5.0,1.0,12.0,39.0,57
251410,2017,2.0,0.0,0.0,0.0,0.0,9.0,1.0,1.0,0.0,7.0,20.0,46
251410,2018,0.0,0.0,0.0,2.0,0.0,5.0,2.0,4.0,3.0,14.0,30.0,60
251410,2019,3.0,0.0,0.0,1.0,1.0,15.0,3.0,5.0,3.0,11.0,42.0,71
251420,2012,6.0,1.0,0.0,0.0,2.0,24.0,1.0,1.0,3.0,44.0,88.0,117
251420,2013,0.0,0.0,0.0,0.0,0.0,0.0,0.0,0.0,0.0,0.0,64.0,87
251420,2014,6.0,0.0,4.0,0.0,1.0,24.0,2.0,6.0,2.0,25.0,73.0,89
251420,2015,11.0,0.0,0.0,2.0,0.0,28.0,3.0,9.0,6.0,34.0,93.0,114
251420,2016,6.0,0.0,1.0,0.0,0.0,33.0,1.0,6.0,2.0,22.0,72.0,89
251420,2017,10.0,1.0,0.0,2.0,0.0,29.0,0.0,8.0,2.0,23.0,75.0,91
251420,2018,8.0,0.0,0.0,1.0,1.0,31.0,0.0,6.0,5.0,27.0,79.0,100
251420,2019,1.0,0.0,2.0,0.0,0.0,34.0,0.0,7.0,1.0,19.0,65.0,72
251430,2012,1.0,1.0,0.0,0.0,7.0,16.0,0.0,1.0,0.0,20.0,53.0,94
251430,2013,0.0,0.0,0.0,0.0,0.0,0.0,0.0,0.0,0.0,0.0,58.0,105
251430,2014,3.0,0.0,0.0,1.0,0.0,13.0,0.0,14.0,0.0,18.0,52.0,79
251430,2015,1.0,0.0,4.0,1.0,0.0,20.0,0.0,9.0,1.0,16.0,52.0,89
251430,2016,4.0,1.0,0.0,0.0,1.0,25.0,0.0,7.0,0.0,16.0,54.0,88
251430,2017,2.0,6.0,2.0,0.0,2.0,11.0,1.0,6.0,0.0,18.0,50.0,82
251430,2018,1.0,1.0,0.0,1.0,0.0,15.0,0.0,6.0,0.0,9.0,39.0,59
251430,2019,0.0,3.0,1.0,1.0,2.0,18.0,1.0,9.0,0.0,19.0,54.0,81
251440,2012,0.0,0.0,3.0,0.0,0.0,7.0,0.0,3.0,0.0,9.0,22.0,48
251440,2013,0.0,0.0,0.0,0.0,0.0,0.0,0.0,0.0,0.0,0.0,26.0,52
251440,2014,0.0,0.0,3.0,1.0,0.0,6.0,0.0,4.0,0.0,17.0,31.0,46
251440,2015,3.0,0.0,4.0,1.0,0.0,10.0,0.0,6.0,0.0,3.0,27.0,50
251440,2016,2.0,0.0,0.0,0.0,0.0,8.0,0.0,4.0,0.0,9.0,23.0,50
251440,2017,0.0,0.0,0.0,0.0,1.0,7.0,0.0,5.0,0.0,7.0,20.0,50
251440,2018,0.0,0.0,0.0,0.0,0.0,7.0,0.0,7.0,0.0,10.0,24.0,49
251440,2019,1.0,0.0,2.0,1.0,0.0,9.0,0.0,3.0,0.0,6.0,22.0,44
251445,2012,8.0,0.0,2.0,0.0,1.0,16.0,1.0,3.0,2.0,8.0,41.0,75
251445,2013,0.0,0.0,0.0,0.0,0.0,0.0,0.0,0.0,0.0,0.0,33.0,68
251445,2014,1.0,0.0,0.0,1.0,1.0,6.0,1.0,6.0,2.0,11.0,32.0,72
251445,2015,1.0,0.0,0.0,1.0,1.0,13.0,1.0,8.0,3.0,11.0,44.0,78
251445,2016,3.0,0.0,0.0,2.0,1.0,12.0,1.0,7.0,6.0,28.0,62.0,92
251445,2017,2.0,0.0,2.0,0.0,2.0,13.0,1.0,7.0,3.0,12.0,42.0,78
251445,2018,3.0,0.0,0.0,0.0,0.0,15.0,2.0,8.0,0.0,17.0,47.0,85
251445,2019,8.0,0.0,4.0,1.0,0.0,21.0,0.0,4.0,2.0,15.0,56.0,95
251450,2012,17.0,0.0,4.0,0.0,3.0,39.0,2.0,12.0,7.0,49.0,167.0,248
251450,2013,0.0,0.0,0.0,0.0,0.0,0.0,0.0,0.0,0.0,0.0,176.0,252
251450,2014,15.0,0.0,3.0,2.0,0.0,50.0,5.0,26.0,9.0,76.0,190.0,260
251450,2015,13.0,2.0,4.0,2.0,5.0,62.0,4.0,32.0,17.0,74.0,221.0,307
251450,2016,16.0,0.0,2.0,1.0,1.0,64.0,4.0,27.0,7.0,81.0,206.0,268
251450,2017,12.0,0.0,1.0,2.0,5.0,74.0,7.0,28.0,6.0,53.0,188.0,262
251450,2018,15.0,1.0,5.0,1.0,3.0,85.0,2.0,35.0,12.0,66.0,227.0,280
251450,2019,16.0,2.0,2.0,3.0,2.0,80.0,2.0,23.0,4.0,69.0,206.0,266
251455,2012,2.0,0.0,0.0,0.0,1.0,4.0,0.0,3.0,1.0,5.0,16.0,32
251455,2013,0.0,0.0,0.0,0.0,0.0,0.0,0.0,0.0,0.0,0.0,24.0,35
251455,2014,0.0,0.0,0.0,0.0,0.0,8.0,5.0,5.0,4.0,5.0,30.0,43
251455,2015,2.0,0.0,0.0,0.0,0.0,8.0,2.0,2.0,2.0,6.0,22.0,30
251455,2016,1.0,2.0,0.0,2.0,0.0,7.0,0.0,4.0,0.0,8.0,24.0,27
251455,2017,0.0,0.0,0.0,0.0,0.0,9.0,1.0,0.0,4.0,7.0,22.0,28
251455,2018,1.0,1.0,0.0,0.0,0.0,5.0,0.0,3.0,0.0,5.0,17.0,28
251455,2019,5.0,0.0,0.0,1.0,0.0,12.0,2.0,1.0,0.0,0.0,23.0,28
251460,2012,2.0,0.0,2.0,0.0,0.0,8.0,0.0,2.0,0.0,9.0,25.0,43
251460,2013,0.0,0.0,0.0,0.0,0.0,0.0,0.0,0.0,0.0,0.0,31.0,59
251460,2014,2.0,0.0,0.0,0.0,0.0,10.0,0.0,4.0,0.0,10.0,26.0,54
251460,2015,0.0,0.0,4.0,1.0,0.0,6.0,0.0,2.0,0.0,6.0,19.0,46
251460,2016,2.0,0.0,0.0,1.0,0.0,7.0,0.0,6.0,1.0,5.0,22.0,48
251460,2017,1.0,0.0,0.0,0.0,0.0,12.0,0.0,3.0,0.0,12.0,28.0,52
251460,2018,3.0,0.0,4.0,0.0,0.0,11.0,0.0,2.0,0.0,7.0,29.0,53
251460,2019,0.0,0.0,0.0,0.0,0.0,7.0,0.0,6.0,0.0,9.0,22.0,51
251465,2012,1.0,0.0,0.0,0.0,0.0,6.0,0.0,1.0,5.0,3.0,16.0,21
251465,2013,0.0,0.0,0.0,0.0,0.0,0.0,0.0,0.0,0.0,0.0,17.0,23
251465,2014,0.0,0.0,0.0,2.0,0.0,8.0,1.0,5.0,0.0,3.0,19.0,20
251465,2015,4.0,0.0,0.0,0.0,0.0,4.0,0.0,3.0,1.0,9.0,21.0,27
251465,2016,0.0,0.0,0.0,1.0,0.0,5.0,0.0,1.0,0.0,4.0,14.0,20
251465,2017,0.0,0.0,0.0,0.0,0.0,8.0,0.0,3.0,0.0,10.0,21.0,24
251465,2018,1.0,0.0,0.0,0.0,0.0,3.0,0.0,2.0,0.0,6.0,13.0,18
251465,2019,0.0,0.0,0.0,0.0,0.0,5.0,0.0,2.0,1.0,11.0,19.0,22
251470,2012,0.0,0.0,1.0,1.0,0.0,3.0,5.0,2.0,4.0,8.0,28.0,55
251470,2013,0.0,0.0,0.0,0.0,0.0,0.0,0.0,0.0,0.0,0.0,20.0,39
251470,2014,1.0,0.0,0.0,0.0,0.0,11.0,1.0,2.0,10.0,7.0,33.0,62
251470,2015,2.0,0.0,0.0,1.0,1.0,5.0,2.0,1.0,6.0,3.0,22.0,43
251470,2016,1.0,0.0,0.0,0.0,0.0,9.0,1.0,2.0,1.0,2.0,16.0,35
251470,2017,1.0,0.0,0.0,0.0,0.0,4.0,1.0,3.0,4.0,6.0,19.0,46
251470,2018,1.0,1.0,0.0,0.0,2.0,7.0,3.0,3.0,2.0,6.0,25.0,45
251470,2019,1.0,0.0,0.0,2.0,0.0,10.0,3.0,2.0,7.0,8.0,33.0,45
251480,2012,2.0,0.0,2.0,1.0,0.0,12.0,1.0,4.0,0.0,1.0,24.0,45
251480,2013,0.0,0.0,0.0,0.0,0.0,0.0,0.0,0.0,0.0,0.0,29.0,48
251480,2014,4.0,0.0,2.0,2.0,0.0,8.0,5.0,5.0,1.0,6.0,33.0,52
251480,2015,1.0,0.0,1.0,2.0,2.0,9.0,0.0,2.0,0.0,4.0,23.0,45
251480,2016,2.0,0.0,2.0,6.0,0.0,1.0,2.0,1.0,0.0,1.0,15.0,39
251480,2017,1.0,0.0,0.0,6.0,1.0,3.0,1.0,2.0,0.0,4.0,21.0,43
251480,2018,0.0,1.0,2.0,1.0,1.0,3.0,0.0,2.0,1.0,4.0,20.0,35
251480,2019,2.0,0.0,0.0,1.0,0.0,3.0,0.0,1.0,0.0,3.0,21.0,39
251490,2012,4.0,0.0,0.0,4.0,2.0,8.0,0.0,5.0,3.0,13.0,55.0,97
251490,2013,0.0,0.0,0.0,0.0,0.0,0.0,0.0,0.0,0.0,0.0,45.0,93
251490,2014,4.0,0.0,2.0,1.0,1.0,20.0,1.0,14.0,2.0,13.0,58.0,100
251490,2015,2.0,0.0,0.0,4.0,1.0,25.0,2.0,7.0,0.0,12.0,54.0,104
251490,2016,2.0,0.0,2.0,1.0,0.0,17.0,1.0,6.0,2.0,16.0,47.0,79
251490,2017,9.0,0.0,2.0,1.0,0.0,26.0,1.0,7.0,0.0,13.0,59.0,94
251490,2018,3.0,0.0,0.0,3.0,0.0,25.0,1.0,8.0,2.0,17.0,62.0,99
251490,2019,0.0,0.0,2.0,2.0,0.0,27.0,2.0,7.0,1.0,26.0,68.0,99
251500,2012,2.0,1.0,6.0,2.0,1.0,19.0,3.0,7.0,3.0,11.0,57.0,126
251500,2013,0.0,0.0,0.0,0.0,0.0,0.0,0.0,0.0,0.0,0.0,29.0,90
251500,2014,3.0,0.0,2.0,1.0,0.0,13.0,1.0,7.0,1.0,7.0,35.0,84
251500,2015,1.0,0.0,0.0,3.0,0.0,4.0,2.0,9.0,1.0,5.0,25.0,84
251500,2016,4.0,2.0,0.0,2.0,1.0,10.0,0.0,2.0,5.0,11.0,37.0,92
251500,2017,2.0,0.0,2.0,4.0,0.0,22.0,1.0,5.0,0.0,7.0,44.0,98
251500,2018,5.0,0.0,2.0,1.0,1.0,19.0,2.0,10.0,3.0,12.0,57.0,94
251500,2019,4.0,0.0,0.0,0.0,1.0,18.0,2.0,6.0,2.0,12.0,47.0,112
251510,2012,3.0,0.0,2.0,1.0,2.0,28.0,1.0,5.0,2.0,9.0,68.0,143
251510,2013,0.0,0.0,0.0,0.0,0.0,0.0,0.0,0.0,0.0,0.0,74.0,167
251510,2014,7.0,1.0,2.0,3.0,0.0,36.0,0.0,14.0,3.0,8.0,82.0,169
251510,2015,2.0,0.0,1.0,8.0,1.0,40.0,0.0,13.0,1.0,20.0,86.0,169
251510,2016,4.0,1.0,0.0,21.0,1.0,21.0,0.0,18.0,0.0,18.0,84.0,164
251510,2017,3.0,0.0,2.0,9.0,2.0,19.0,0.0,11.0,0.0,17.0,65.0,123
251510,2018,5.0,1.0,2.0,12.0,6.0,21.0,1.0,12.0,1.0,18.0,81.0,168
251510,2019,11.0,0.0,4.0,13.0,6.0,24.0,1.0,15.0,1.0,21.0,96.0,164
251520,2012,1.0,0.0,0.0,1.0,1.0,13.0,0.0,2.0,0.0,4.0,23.0,37
251520,2013,0.0,0.0,0.0,0.0,0.0,0.0,0.0,0.0,0.0,0.0,21.0,44
251520,2014,10.0,0.0,0.0,2.0,0.0,6.0,1.0,4.0,2.0,9.0,35.0,51
251520,2015,1.0,1.0,0.0,1.0,1.0,7.0,1.0,5.0,3.0,10.0,30.0,43
251520,2016,1.0,0.0,2.0,3.0,2.0,7.0,3.0,3.0,2.0,11.0,36.0,50
251520,2017,0.0,0.0,0.0,0.0,1.0,9.0,1.0,6.0,0.0,16.0,34.0,54
251520,2018,1.0,0.0,0.0,1.0,4.0,17.0,2.0,1.0,3.0,9.0,38.0,54
251520,2019,3.0,0.0,2.0,0.0,0.0,16.0,5.0,3.0,1.0,5.0,35.0,44
251530,2012,38.0,0.0,5.0,4.0,6.0,114.0,20.0,21.0,41.0,63.0,346.0,718
251530,2013,0.0,0.0,0.0,0.0,0.0,0.0,0.0,0.0,0.0,0.0,353.0,731
251530,2014,17.0,0.0,11.0,13.0,9.0,133.0,12.0,35.0,41.0,72.0,345.0,695
251530,2015,19.0,3.0,15.0,6.0,7.0,90.0,9.0,32.0,33.0,49.0,267.0,603
251530,2016,15.0,1.0,2.0,9.0,3.0,91.0,7.0,27.0,29.0,53.0,239.0,529
251530,2017,25.0,1.0,11.0,11.0,6.0,100.0,17.0,23.0,24.0,60.0,280.0,570
251530,2018,16.0,5.0,6.0,7.0,3.0,123.0,12.0,30.0,33.0,53.0,288.0,587
251530,2019,18.0,1.0,3.0,14.0,10.0,110.0,14.0,32.0,18.0,56.0,279.0,625
251540,2012,3.0,0.0,4.0,1.0,0.0,8.0,0.0,4.0,2.0,4.0,32.0,161
251540,2013,0.0,0.0,0.0,0.0,0.0,0.0,0.0,0.0,0.0,0.0,45.0,167
251540,2014,3.0,0.0,0.0,0.0,2.0,13.0,0.0,10.0,1.0,20.0,56.0,189
251540,2015,1.0,0.0,0.0,6.0,0.0,18.0,2.0,6.0,1.0,17.0,52.0,173
251540,2016,1.0,0.0,2.0,10.0,0.0,10.0,3.0,6.0,0.0,19.0,51.0,145
251540,2017,3.0,0.0,0.0,11.0,2.0,13.0,0.0,7.0,1.0,4.0,42.0,144
251540,2018,7.0,0.0,2.0,19.0,7.0,13.0,0.0,10.0,1.0,11.0,71.0,193
251540,2019,7.0,1.0,2.0,17.0,3.0,7.0,0.0,9.0,0.0,22.0,68.0,171
251550,2012,4.0,0.0,0.0,4.0,3.0,18.0,4.0,5.0,8.0,9.0,70.0,139
251550,2013,0.0,0.0,0.0,0.0,0.0,0.0,0.0,0.0,0.0,0.0,74.0,143
251550,2014,4.0,0.0,4.0,3.0,2.0,28.0,12.0,12.0,10.0,15.0,93.0,164
251550,2015,5.0,0.0,4.0,2.0,2.0,32.0,4.0,9.0,12.0,19.0,89.0,158
251550,2016,3.0,0.0,2.0,7.0,2.0,21.0,1.0,9.0,6.0,24.0,96.0,168
251550,2017,7.0,0.0,0.0,7.0,3.0,15.0,2.0,3.0,2.0,26.0,90.0,158
251550,2018,5.0,0.0,0.0,4.0,2.0,10.0,2.0,10.0,6.0,14.0,94.0,166
251550,2019,2.0,1.0,2.0,6.0,0.0,13.0,0.0,8.0,6.0,8.0,105.0,164
251560,2012,4.0,1.0,2.0,2.0,0.0,3.0,1.0,2.0,0.0,4.0,19.0,39
251560,2013,0.0,0.0,0.0,0.0,0.0,0.0,0.0,0.0,0.0,0.0,19.0,35
251560,2014,2.0,0.0,0.0,0.0,1.0,7.0,2.0,5.0,0.0,7.0,25.0,37
251560,2015,0.0,1.0,0.0,3.0,0.0,9.0,3.0,5.0,0.0,6.0,27.0,48
251560,2016,0.0,1.0,2.0,1.0,1.0,11.0,1.0,3.0,0.0,4.0,24.0,30
251560,2017,0.0,0.0,0.0,0.0,0.0,12.0,1.0,1.0,4.0,4.0,22.0,35
251560,2018,1.0,0.0,0.0,1.0,0.0,5.0,0.0,5.0,0.0,8.0,20.0,38
251560,2019,3.0,0.0,3.0,1.0,1.0,5.0,0.0,3.0,0.0,2.0,18.0,33
251570,2012,1.0,0.0,0.0,0.0,3.0,11.0,0.0,1.0,1.0,12.0,29.0,40
251570,2013,0.0,0.0,0.0,0.0,0.0,0.0,0.0,0.0,0.0,0.0,23.0,30
251570,2014,1.0,0.0,0.0,1.0,0.0,6.0,0.0,3.0,0.0,10.0,24.0,41
251570,2015,0.0,0.0,0.0,1.0,0.0,8.0,0.0,1.0,0.0,10.0,21.0,46
251570,2016,0.0,1.0,0.0,1.0,0.0,10.0,0.0,8.0,0.0,6.0,26.0,40
251570,2017,2.0,1.0,0.0,0.0,0.0,12.0,0.0,4.0,1.0,10.0,30.0,47
251570,2018,3.0,1.0,2.0,1.0,0.0,7.0,0.0,4.0,0.0,7.0,30.0,43
251570,2019,4.0,2.0,2.0,1.0,1.0,10.0,0.0,6.0,0.0,16.0,42.0,52
251580,2012,9.0,0.0,0.0,0.0,2.0,19.0,1.0,5.0,2.0,8.0,53.0,100
251580,2013,0.0,0.0,0.0,0.0,0.0,0.0,0.0,0.0,0.0,0.0,40.0,107
251580,2014,0.0,0.0,2.0,1.0,2.0,23.0,0.0,0.0,1.0,6.0,39.0,104
251580,2015,2.0,0.0,0.0,2.0,0.0,20.0,1.0,7.0,0.0,6.0,38.0,105
251580,2016,4.0,0.0,0.0,15.0,1.0,4.0,0.0,3.0,0.0,7.0,34.0,79
251580,2017,2.0,0.0,0.0,19.0,1.0,8.0,0.0,5.0,0.0,3.0,39.0,75
251580,2018,3.0,0.0,2.0,28.0,4.0,6.0,1.0,3.0,0.0,4.0,51.0,97
251580,2019,4.0,0.0,2.0,24.0,8.0,3.0,0.0,6.0,1.0,9.0,57.0,98
251590,2012,7.0,0.0,0.0,0.0,0.0,10.0,3.0,10.0,1.0,11.0,43.0,81
251590,2013,0.0,0.0,0.0,0.0,0.0,0.0,0.0,0.0,0.0,0.0,31.0,59
251590,2014,7.0,0.0,0.0,2.0,0.0,11.0,0.0,7.0,2.0,8.0,38.0,75
251590,2015,3.0,0.0,0.0,1.0,2.0,9.0,1.0,6.0,4.0,12.0,39.0,72
251590,2016,0.0,0.0,0.0,1.0,0.0,10.0,0.0,6.0,1.0,11.0,29.0,70
251590,2017,4.0,0.0,2.0,1.0,0.0,13.0,0.0,8.0,2.0,6.0,37.0,68
251590,2018,1.0,0.0,0.0,1.0,0.0,11.0,1.0,5.0,2.0,11.0,32.0,69
251590,2019,0.0,1.0,0.0,0.0,0.0,9.0,0.0,9.0,1.0,11.0,31.0,52
251593,2012,7.0,0.0,0.0,1.0,0.0,12.0,1.0,5.0,1.0,15.0,42.0,78
251593,2013,0.0,0.0,0.0,0.0,0.0,0.0,0.0,0.0,0.0,0.0,43.0,72
251593,2014,2.0,0.0,2.0,1.0,1.0,19.0,2.0,5.0,2.0,21.0,59.0,81
251593,2015,2.0,0.0,4.0,0.0,0.0,21.0,3.0,6.0,1.0,8.0,47.0,76
251593,2016,1.0,0.0,2.0,1.0,0.0,14.0,2.0,6.0,2.0,9.0,37.0,72
251593,2017,2.0,1.0,1.0,0.0,2.0,12.0,2.0,3.0,2.0,15.0,40.0,69
251593,2018,6.0,1.0,0.0,0.0,1.0,11.0,0.0,3.0,6.0,13.0,41.0,72
251593,2019,1.0,0.0,0.0,0.0,0.0,20.0,1.0,4.0,0.0,11.0,37.0,57
251597,2012,4.0,1.0,2.0,0.0,0.0,14.0,2.0,7.0,8.0,16.0,56.0,111
251597,2013,0.0,0.0,0.0,0.0,0.0,0.0,0.0,0.0,0.0,0.0,33.0,97
251597,2014,2.0,1.0,0.0,0.0,0.0,19.0,0.0,2.0,10.0,8.0,43.0,96
251597,2015,4.0,0.0,2.0,0.0,1.0,9.0,1.0,11.0,6.0,14.0,48.0,101
251597,2016,5.0,0.0,2.0,3.0,1.0,9.0,3.0,9.0,5.0,16.0,54.0,104
251597,2017,3.0,1.0,2.0,3.0,2.0,32.0,2.0,15.0,6.0,24.0,92.0,144
251597,2018,2.0,1.0,3.0,0.0,2.0,26.0,1.0,15.0,4.0,23.0,77.0,118
251597,2019,5.0,0.0,4.0,2.0,0.0,25.0,0.0,13.0,4.0,23.0,76.0,139
251600,2012,28.0,5.0,3.0,6.0,1.0,37.0,4.0,28.0,5.0,41.0,167.0,380
251600,2013,0.0,0.0,0.0,0.0,0.0,0.0,0.0,0.0,0.0,0.0,185.0,392
251600,2014,19.0,4.0,3.0,8.0,6.0,50.0,4.0,40.0,7.0,66.0,208.0,380
251600,2015,11.0,8.0,2.0,4.0,5.0,47.0,9.0,24.0,6.0,63.0,182.0,376
251600,2016,12.0,3.0,2.0,8.0,3.0,65.0,1.0,29.0,8.0,54.0,190.0,390
251600,2017,17.0,3.0,6.0,14.0,6.0,48.0,2.0,25.0,13.0,43.0,179.0,390
251600,2018,17.0,5.0,0.0,13.0,9.0,62.0,3.0,31.0,5.0,70.0,215.0,430
251600,2019,21.0,2.0,14.0,11.0,6.0,67.0,6.0,25.0,5.0,73.0,230.0,403
251610,2012,13.0,0.0,7.0,2.0,0.0,43.0,0.0,9.0,2.0,8.0,96.0,209
251610,2013,0.0,0.0,0.0,0.0,0.0,0.0,0.0,0.0,0.0,0.0,96.0,223
251610,2014,6.0,0.0,0.0,1.0,1.0,51.0,1.0,12.0,3.0,19.0,105.0,234
251610,2015,9.0,0.0,2.0,6.0,1.0,40.0,1.0,7.0,0.0,24.0,93.0,238
251610,2016,2.0,0.0,0.0,20.0,1.0,20.0,0.0,7.0,0.0,21.0,76.0,169
251610,2017,5.0,0.0,0.0,19.0,2.0,28.0,1.0,13.0,3.0,22.0,95.0,189
251610,2018,5.0,0.0,2.0,28.0,10.0,23.0,2.0,11.0,1.0,22.0,105.0,196
251610,2019,10.0,0.0,2.0,31.0,6.0,21.0,0.0,20.0,1.0,17.0,108.0,189
251615,2012,4.0,1.0,0.0,0.0,0.0,6.0,1.0,3.0,2.0,2.0,24.0,65
251615,2013,0.0,0.0,0.0,0.0,0.0,0.0,0.0,0.0,0.0,0.0,27.0,56
251615,2014,2.0,1.0,0.0,1.0,1.0,10.0,0.0,4.0,1.0,8.0,29.0,61
251615,2015,0.0,0.0,0.0,1.0,0.0,6.0,0.0,1.0,1.0,12.0,21.0,46
251615,2016,3.0,0.0,0.0,1.0,0.0,5.0,0.0,1.0,0.0,5.0,15.0,51
251615,2017,2.0,0.0,0.0,2.0,0.0,1.0,0.0,3.0,1.0,2.0,12.0,47
251615,2018,2.0,0.0,0.0,3.0,0.0,13.0,0.0,4.0,0.0,7.0,30.0,58
251615,2019,1.0,0.0,0.0,2.0,0.0,6.0,1.0,3.0,1.0,10.0,24.0,44
251620,2012,89.0,2.0,13.0,9.0,11.0,225.0,2.0,21.0,42.0,334.0,845.0,1006
251620,2013,0.0,0.0,0.0,0.0,0.0,0.0,0.0,0.0,0.0,0.0,782.0,940
251620,2014,61.0,0.0,23.0,4.0,9.0,295.0,10.0,78.0,47.0,244.0,810.0,978
251620,2015,59.0,1.0,17.0,6.0,5.0,323.0,16.0,93.0,63.0,219.0,815.0,974
251620,2016,59.0,0.0,14.0,10.0,2.0,296.0,9.0,83.0,52.0,203.0,742.0,883
251620,2017,66.0,1.0,16.0,13.0,19.0,312.0,19.0,63.0,31.0,255.0,804.0,924
251620,2018,75.0,2.0,15.0,10.0,14.0,355.0,11.0,93.0,35.0,299.0,909.0,1010
251620,2019,78.0,1.0,14.0,13.0,4.0,385.0,2.0,95.0,15.0,296.0,905.0,982
251630,2012,11.0,0.0,2.0,4.0,1.0,41.0,11.0,7.0,23.0,12.0,173.0,244
251630,2013,0.0,0.0,0.0,0.0,0.0,0.0,0.0,0.0,0.0,0.0,163.0,226
251630,2014,16.0,1.0,4.0,2.0,1.0,58.0,14.0,10.0,27.0,19.0,154.0,225
251630,2015,9.0,0.0,9.0,7.0,3.0,49.0,7.0,17.0,23.0,44.0,168.0,238
251630,2016,12.0,1.0,4.0,7.0,3.0,47.0,6.0,11.0,22.0,34.0,150.0,246
251630,2017,8.0,0.0,3.0,6.0,1.0,52.0,23.0,13.0,27.0,30.0,163.0,226
251630,2018,10.0,2.0,4.0,6.0,5.0,52.0,17.0,6.0,25.0,33.0,163.0,241
251630,2019,18.0,0.0,4.0,4.0,4.0,79.0,21.0,15.0,25.0,40.0,217.0,291
251640,2012,4.0,0.0,0.0,0.0,1.0,19.0,0.0,4.0,5.0,8.0,43.0,79
251640,2013,0.0,0.0,0.0,0.0,0.0,0.0,0.0,0.0,0.0,0.0,51.0,104
251640,2014,3.0,0.0,0.0,1.0,0.0,14.0,3.0,13.0,1.0,16.0,53.0,91
251640,2015,4.0,0.0,0.0,0.0,1.0,17.0,2.0,8.0,2.0,17.0,54.0,91
251640,2016,4.0,1.0,0.0,2.0,1.0,12.0,0.0,8.0,3.0,12.0,43.0,89
251640,2017,3.0,1.0,1.0,0.0,0.0,15.0,1.0,7.0,3.0,19.0,50.0,93
251640,2018,5.0,0.0,0.0,1.0,0.0,13.0,0.0,9.0,1.0,17.0,46.0,82
251640,2019,5.0,0.0,0.0,0.0,0.0,18.0,4.0,9.0,3.0,14.0,53.0,93
251650,2012,15.0,1.0,0.0,1.0,0.0,32.0,2.0,17.0,1.0,11.0,91.0,223
251650,2013,0.0,0.0,0.0,0.0,0.0,0.0,0.0,0.0,0.0,0.0,94.0,214
251650,2014,9.0,0.0,4.0,0.0,1.0,46.0,1.0,15.0,0.0,18.0,97.0,203
251650,2015,9.0,0.0,13.0,8.0,1.0,42.0,1.0,12.0,4.0,22.0,112.0,236
251650,2016,7.0,0.0,0.0,24.0,1.0,29.0,0.0,9.0,1.0,24.0,96.0,189
251650,2017,6.0,0.0,1.0,28.0,2.0,26.0,0.0,8.0,1.0,15.0,88.0,215
251650,2018,10.0,0.0,0.0,18.0,6.0,36.0,2.0,15.0,0.0,24.0,111.0,224
251650,2019,6.0,0.0,4.0,24.0,9.0,26.0,0.0,18.0,2.0,21.0,111.0,202
251660,2012,10.0,1.0,7.0,2.0,3.0,32.0,2.0,14.0,9.0,27.0,114.0,168
251660,2013,0.0,0.0,0.0,0.0,0.0,0.0,0.0,0.0,0.0,0.0,118.0,192
251660,2014,3.0,0.0,2.0,1.0,2.0,35.0,7.0,15.0,20.0,18.0,123.0,180
251660,2015,3.0,1.0,2.0,3.0,0.0,32.0,10.0,8.0,3.0,27.0,108.0,206
251660,2016,5.0,1.0,4.0,3.0,3.0,30.0,1.0,12.0,9.0,32.0,117.0,188
251660,2017,6.0,0.0,0.0,1.0,2.0,51.0,1.0,12.0,4.0,33.0,124.0,188
251660,2018,2.0,0.0,6.0,3.0,1.0,51.0,4.0,12.0,2.0,35.0,126.0,205
251660,2019,3.0,1.0,2.0,2.0,0.0,41.0,2.0,13.0,5.0,32.0,103.0,161
251670,2012,10.0,0.0,6.0,2.0,2.0,35.0,14.0,5.0,23.0,34.0,140.0,244
251670,2013,0.0,0.0,0.0,0.0,0.0,0.0,0.0,0.0,0.0,0.0,111.0,198
251670,2014,3.0,0.0,8.0,0.0,1.0,47.0,3.0,17.0,2.0,33.0,115.0,214
251670,2015,3.0,0.0,2.0,3.0,0.0,48.0,3.0,12.0,5.0,36.0,112.0,251
251670,2016,7.0,0.0,0.0,2.0,0.0,42.0,1.0,16.0,0.0,33.0,101.0,208
251670,2017,2.0,0.0,2.0,4.0,2.0,41.0,0.0,22.0,2.0,41.0,117.0,229
251670,2018,6.0,0.0,4.0,0.0,2.0,49.0,1.0,15.0,0.0,29.0,108.0,229
251670,2019,9.0,0.0,4.0,3.0,1.0,59.0,5.0,19.0,7.0,30.0,137.0,240
251675,2012,4.0,0.0,0.0,3.0,0.0,5.0,1.0,1.0,1.0,5.0,23.0,59
251675,2013,0.0,0.0,0.0,0.0,0.0,0.0,0.0,0.0,0.0,0.0,19.0,42
251675,2014,0.0,0.0,0.0,0.0,0.0,4.0,1.0,1.0,0.0,6.0,12.0,49
251675,2015,0.0,0.0,0.0,0.0,0.0,3.0,1.0,4.0,0.0,3.0,11.0,41
251675,2016,1.0,0.0,0.0,0.0,0.0,6.0,0.0,3.0,0.0,3.0,14.0,42
251675,2017,1.0,0.0,0.0,0.0,0.0,4.0,1.0,6.0,1.0,4.0,17.0,37
251675,2018,0.0,0.0,2.0,1.0,1.0,3.0,1.0,1.0,0.0,5.0,15.0,39
251675,2019,0.0,0.0,0.0,2.0,1.0,4.0,0.0,3.0,0.0,5.0,15.0,38
251680,2012,3.0,0.0,0.0,0.0,1.0,16.0,0.0,7.0,2.0,22.0,68.0,116
251680,2013,0.0,0.0,0.0,0.0,0.0,0.0,0.0,0.0,0.0,0.0,61.0,108
251680,2014,4.0,1.0,2.0,2.0,0.0,19.0,1.0,7.0,6.0,25.0,68.0,116
251680,2015,8.0,0.0,2.0,1.0,1.0,20.0,2.0,11.0,2.0,25.0,73.0,102
251680,2016,1.0,0.0,1.0,3.0,1.0,16.0,1.0,5.0,7.0,22.0,58.0,85
251680,2017,7.0,0.0,0.0,1.0,0.0,26.0,5.0,14.0,2.0,19.0,76.0,116
251680,2018,6.0,0.0,0.0,0.0,1.0,27.0,1.0,6.0,1.0,19.0,61.0,88
251680,2019,9.0,0.0,0.0,1.0,5.0,31.0,2.0,5.0,6.0,19.0,80.0,117
251690,2012,17.0,0.0,0.0,0.0,3.0,24.0,1.0,7.0,8.0,32.0,140.0,182
251690,2013,0.0,0.0,0.0,0.0,0.0,0.0,0.0,0.0,0.0,0.0,136.0,186
251690,2014,8.0,1.0,4.0,0.0,4.0,40.0,4.0,24.0,13.0,37.0,150.0,181
251690,2015,3.0,0.0,3.0,1.0,4.0,44.0,5.0,13.0,7.0,52.0,136.0,177
251690,2016,6.0,0.0,4.0,3.0,1.0,40.0,3.0,14.0,11.0,48.0,130.0,170
251690,2017,11.0,0.0,0.0,2.0,0.0,49.0,2.0,18.0,16.0,33.0,132.0,172
251690,2018,7.0,0.0,0.0,3.0,1.0,67.0,6.0,15.0,10.0,35.0,146.0,187
251690,2019,10.0,0.0,1.0,4.0,0.0,52.0,2.0,16.0,1.0,45.0,132.0,161
251700,2012,7.0,0.0,2.0,0.0,0.0,18.0,2.0,3.0,8.0,5.0,51.0,120
251700,2013,0.0,0.0,0.0,0.0,0.0,0.0,0.0,0.0,0.0,0.0,44.0,120
251700,2014,7.0,0.0,4.0,2.0,3.0,20.0,2.0,5.0,8.0,20.0,73.0,146
251700,2015,5.0,0.0,2.0,1.0,1.0,18.0,2.0,6.0,3.0,15.0,53.0,118
251700,2016,3.0,0.0,2.0,1.0,1.0,17.0,1.0,8.0,1.0,8.0,43.0,117
251700,2017,4.0,0.0,2.0,5.0,2.0,18.0,1.0,4.0,1.0,9.0,49.0,97
251700,2018,4.0,0.0,2.0,4.0,2.0,17.0,7.0,7.0,2.0,16.0,62.0,138
251700,2019,3.0,1.0,0.0,8.0,0.0,18.0,6.0,8.0,4.0,17.0,66.0,111
251710,2012,1.0,0.0,0.0,0.0,0.0,4.0,0.0,2.0,0.0,8.0,21.0,36
251710,2013,0.0,0.0,0.0,0.0,0.0,0.0,0.0,0.0,0.0,0.0,21.0,35
251710,2014,0.0,0.0,0.0,1.0,0.0,4.0,1.0,5.0,3.0,4.0,18.0,35
251710,2015,3.0,0.0,0.0,2.0,1.0,5.0,1.0,2.0,2.0,2.0,19.0,34
251710,2016,1.0,0.0,0.0,0.0,0.0,5.0,0.0,1.0,1.0,8.0,16.0,29
251710,2017,1.0,0.0,0.0,0.0,2.0,4.0,0.0,2.0,1.0,4.0,14.0,25
251710,2018,1.0,0.0,3.0,3.0,1.0,6.0,0.0,1.0,1.0,5.0,21.0,37
251710,2019,0.0,0.0,0.0,0.0,1.0,4.0,0.0,1.0,0.0,1.0,7.0,18
251720,2012,4.0,0.0,0.0,0.0,0.0,10.0,0.0,5.0,0.0,17.0,39.0,46
251720,2013,0.0,0.0,0.0,0.0,0.0,0.0,0.0,0.0,0.0,0.0,36.0,45
251720,2014,2.0,0.0,0.0,0.0,0.0,11.0,0.0,5.0,2.0,16.0,36.0,49
251720,2015,3.0,0.0,0.0,0.0,0.0,17.0,2.0,9.0,1.0,13.0,45.0,58
251720,2016,1.0,1.0,0.0,1.0,0.0,24.0,0.0,8.0,2.0,13.0,51.0,59
251720,2017,3.0,0.0,0.0,1.0,4.0,18.0,1.0,5.0,0.0,16.0,48.0,52
251720,2018,3.0,0.0,0.0,0.0,0.0,14.0,1.0,7.0,2.0,9.0,36.0,42
251720,2019,1.0,0.0,2.0,1.0,2.0,18.0,1.0,5.0,0.0,16.0,46.0,51
251740,2012,2.0,0.0,2.0,2.0,1.0,17.0,0.0,0.0,0.0,4.0,31.0,45
251740,2013,0.0,0.0,0.0,0.0,0.0,0.0,0.0,0.0,0.0,0.0,26.0,40
251740,2014,0.0,0.0,0.0,1.0,0.0,10.0,0.0,2.0,2.0,10.0,25.0,43
251740,2015,3.0,0.0,0.0,0.0,0.0,12.0,0.0,5.0,0.0,6.0,26.0,37
251740,2016,1.0,0.0,0.0,1.0,0.0,13.0,1.0,0.0,2.0,5.0,23.0,32
251740,2017,1.0,0.0,0.0,0.0,0.0,9.0,0.0,4.0,0.0,8.0,22.0,34
251740,2018,2.0,0.0,0.0,1.0,0.0,8.0,1.0,5.0,3.0,6.0,26.0,34
251740,2019,5.0,0.0,2.0,1.0,0.0,7.0,2.0,4.0,0.0,4.0,25.0,34
260000,2012,0.0,0.0,0.0,0.0,0.0,0.0,0.0,0.0,0.0,1.0,1.0,1
260000,2013,0.0,0.0,0.0,0.0,0.0,0.0,0.0,0.0,0.0,0.0,0.0,2
260000,2014,0.0,0.0,0.0,0.0,0.0,0.0,0.0,0.0,0.0,0.0,0.0,1
260000,2015,0.0,0.0,0.0,0.0,0.0,0.0,0.0,0.0,0.0,1.0,1.0,2
260000,2016,0.0,0.0,1.0,0.0,0.0,1.0,0.0,0.0,1.0,0.0,3.0,6
260000,2017,3.0,0.0,0.0,0.0,1.0,5.0,0.0,2.0,1.0,3.0,15.0,26
260000,2018,1.0,0.0,0.0,0.0,0.0,8.0,1.0,1.0,3.0,1.0,17.0,32
260000,2019,0.0,0.0,0.0,1.0,0.0,1.0,0.0,1.0,1.0,3.0,7.0,13
260005,2012,102.0,3.0,14.0,17.0,16.0,192.0,83.0,38.0,162.0,141.0,783.0,1393
260005,2013,0.0,0.0,0.0,0.0,0.0,0.0,0.0,0.0,0.0,0.0,843.0,1532
260005,2014,82.0,3.0,19.0,20.0,12.0,226.0,64.0,66.0,152.0,153.0,815.0,1526
260005,2015,79.0,4.0,18.0,27.0,18.0,215.0,63.0,62.0,131.0,150.0,776.0,1628
260005,2016,62.0,2.0,25.0,18.0,17.0,215.0,73.0,62.0,122.0,115.0,725.0,1487
260005,2017,63.0,4.0,12.0,23.0,17.0,234.0,59.0,50.0,106.0,102.0,678.0,1519
260005,2018,66.0,0.0,26.0,21.0,21.0,232.0,49.0,53.0,122.0,99.0,698.0,1490
260005,2019,47.0,1.0,15.0,22.0,12.0,228.0,51.0,45.0,89.0,89.0,616.0,1352
260010,2012,55.0,1.0,15.0,7.0,5.0,151.0,15.0,78.0,33.0,149.0,518.0,669
260010,2013,0.0,0.0,0.0,0.0,0.0,0.0,0.0,0.0,0.0,0.0,489.0,638
260010,2014,34.0,0.0,8.0,10.0,5.0,150.0,0.0,105.0,13.0,161.0,498.0,653
260010,2015,35.0,1.0,8.0,11.0,2.0,157.0,2.0,106.0,10.0,132.0,484.0,666
260010,2016,34.0,1.0,12.0,9.0,9.0,139.0,4.0,69.0,4.0,132.0,417.0,580
260010,2017,19.0,2.0,9.0,14.0,2.0,133.0,2.0,72.0,6.0,130.0,390.0,522
260010,2018,30.0,0.0,11.0,5.0,1.0,180.0,1.0,77.0,2.0,134.0,443.0,623
260010,2019,12.0,2.0,9.0,6.0,5.0,174.0,2.0,57.0,10.0,112.0,390.0,586
260020,2012,11.0,3.0,4.0,12.0,5.0,19.0,3.0,14.0,12.0,13.0,107.0,295
260020,2013,0.0,0.0,0.0,0.0,0.0,0.0,0.0,0.0,0.0,0.0,122.0,297
260020,2014,12.0,1.0,6.0,10.0,4.0,30.0,10.0,17.0,17.0,24.0,132.0,305
260020,2015,9.0,0.0,0.0,8.0,6.0,33.0,8.0,14.0,15.0,16.0,112.0,269
260020,2016,7.0,0.0,3.0,16.0,11.0,44.0,6.0,10.0,14.0,12.0,124.0,284
260020,2017,3.0,0.0,2.0,5.0,7.0,30.0,6.0,4.0,17.0,13.0,127.0,260
260020,2018,5.0,0.0,0.0,5.0,5.0,36.0,11.0,15.0,23.0,11.0,113.0,268
260020,2019,5.0,0.0,3.0,3.0,2.0,36.0,11.0,25.0,14.0,16.0,116.0,254
260030,2012,19.0,1.0,5.0,5.0,4.0,34.0,13.0,10.0,29.0,20.0,180.0,337
260030,2013,0.0,0.0,0.0,0.0,0.0,0.0,0.0,0.0,0.0,0.0,203.0,362
260030,2014,21.0,0.0,0.0,5.0,8.0,58.0,23.0,27.0,39.0,32.0,220.0,356
260030,2015,10.0,1.0,2.0,10.0,9.0,52.0,19.0,20.0,33.0,51.0,215.0,357
260030,2016,9.0,1.0,4.0,4.0,3.0,51.0,14.0,15.0,16.0,30.0,159.0,323
260030,2017,10.0,0.0,10.0,7.0,4.0,36.0,21.0,11.0,19.0,27.0,173.0,338
260030,2018,11.0,1.0,8.0,5.0,4.0,51.0,15.0,11.0,23.0,26.0,161.0,351
260030,2019,9.0,1.0,10.0,5.0,1.0,52.0,18.0,11.0,24.0,22.0,161.0,325
260040,2012,86.0,0.0,13.0,4.0,3.0,71.0,2.0,65.0,12.0,69.0,352.0,611
260040,2013,0.0,0.0,0.0,0.0,0.0,0.0,0.0,0.0,0.0,0.0,255.0,491
260040,2014,35.0,0.0,4.0,4.0,2.0,97.0,4.0,65.0,7.0,80.0,325.0,551
260040,2015,30.0,6.0,8.0,13.0,4.0,75.0,10.0,53.0,12.0,60.0,287.0,546
260040,2016,12.0,1.0,6.0,9.0,4.0,67.0,11.0,35.0,18.0,40.0,207.0,491
260040,2017,12.0,0.0,3.0,2.0,3.0,70.0,3.0,37.0,8.0,47.0,191.0,486
260040,2018,26.0,0.0,0.0,3.0,6.0,69.0,3.0,31.0,5.0,49.0,198.0,451
260040,2019,17.0,0.0,4.0,4.0,3.0,68.0,8.0,37.0,11.0,31.0,195.0,425
260050,2012,28.0,1.0,11.0,2.0,14.0,65.0,12.0,35.0,16.0,48.0,232.0,831
260050,2013,0.0,0.0,0.0,0.0,0.0,0.0,0.0,0.0,0.0,0.0,205.0,794
260050,2014,21.0,0.0,10.0,5.0,4.0,59.0,6.0,35.0,18.0,60.0,222.0,765
260050,2015,22.0,1.0,4.0,9.0,5.0,56.0,15.0,29.0,25.0,53.0,221.0,774
260050,2016,17.0,0.0,9.0,6.0,1.0,50.0,9.0,30.0,13.0,47.0,185.0,672
260050,2017,13.0,1.0,6.0,7.0,6.0,64.0,11.0,34.0,22.0,63.0,239.0,719
260050,2018,15.0,4.0,12.0,6.0,5.0,80.0,13.0,30.0,23.0,57.0,248.0,780
260050,2019,17.0,1.0,12.0,8.0,8.0,72.0,16.0,40.0,33.0,66.0,280.0,768
260060,2012,10.0,0.0,0.0,2.0,3.0,22.0,2.0,10.0,2.0,17.0,71.0,177
260060,2013,0.0,0.0,0.0,0.0,0.0,0.0,0.0,0.0,0.0,0.0,72.0,180
260060,2014,6.0,2.0,5.0,1.0,0.0,20.0,2.0,17.0,7.0,19.0,81.0,174
260060,2015,6.0,2.0,0.0,1.0,2.0,22.0,1.0,18.0,1.0,20.0,73.0,179
260060,2016,1.0,0.0,0.0,3.0,1.0,21.0,3.0,12.0,2.0,23.0,67.0,191
260060,2017,6.0,0.0,2.0,2.0,2.0,22.0,1.0,15.0,5.0,22.0,80.0,185
260060,2018,4.0,0.0,0.0,1.0,2.0,19.0,2.0,11.0,4.0,25.0,72.0,199
260060,2019,4.0,0.0,0.0,1.0,0.0,21.0,4.0,15.0,5.0,22.0,74.0,190
260070,2012,36.0,2.0,9.0,6.0,7.0,70.0,16.0,17.0,24.0,71.0,261.0,555
260070,2013,0.0,0.0,0.0,0.0,0.0,0.0,0.0,0.0,0.0,0.0,282.0,538
260070,2014,33.0,1.0,7.0,11.0,8.0,74.0,9.0,81.0,32.0,66.0,324.0,611
260070,2015,12.0,2.0,17.0,5.0,8.0,68.0,9.0,47.0,20.0,49.0,247.0,570
260070,2016,21.0,0.0,5.0,5.0,5.0,51.0,10.0,21.0,29.0,37.0,189.0,457
260070,2017,16.0,0.0,15.0,7.0,3.0,70.0,23.0,18.0,30.0,38.0,227.0,525
260070,2018,18.0,0.0,7.0,8.0,4.0,65.0,14.0,20.0,36.0,41.0,223.0,532
260070,2019,22.0,0.0,4.0,6.0,9.0,81.0,30.0,18.0,41.0,35.0,250.0,520
260080,2012,10.0,1.0,2.0,1.0,3.0,16.0,5.0,12.0,19.0,20.0,101.0,230
260080,2013,0.0,0.0,0.0,0.0,0.0,0.0,0.0,0.0,0.0,0.0,148.0,269
260080,2014,9.0,2.0,0.0,1.0,6.0,31.0,20.0,12.0,25.0,31.0,139.0,239
260080,2015,11.0,0.0,6.0,5.0,4.0,30.0,14.0,14.0,17.0,22.0,123.0,254
260080,2016,8.0,2.0,1.0,3.0,1.0,37.0,6.0,7.0,11.0,29.0,108.0,235
260080,2017,10.0,0.0,4.0,5.0,2.0,37.0,7.0,13.0,18.0,33.0,131.0,278
260080,2018,3.0,0.0,2.0,4.0,3.0,40.0,3.0,6.0,18.0,25.0,106.0,245
260080,2019,7.0,2.0,2.0,2.0,1.0,45.0,5.0,14.0,13.0,32.0,126.0,247
260090,2012,48.0,0.0,8.0,4.0,4.0,42.0,8.0,25.0,16.0,32.0,192.0,356
260090,2013,0.0,0.0,0.0,0.0,0.0,0.0,0.0,0.0,0.0,0.0,191.0,340
260090,2014,7.0,0.0,2.0,9.0,2.0,54.0,4.0,42.0,5.0,42.0,187.0,337
260090,2015,12.0,0.0,4.0,3.0,1.0,44.0,4.0,50.0,7.0,51.0,182.0,339
260090,2016,10.0,0.0,2.0,4.0,2.0,37.0,6.0,37.0,10.0,34.0,153.0,312
260090,2017,6.0,0.0,6.0,2.0,2.0,43.0,6.0,12.0,11.0,27.0,117.0,304
260090,2018,5.0,1.0,5.0,1.0,2.0,27.0,4.0,12.0,17.0,28.0,104.0,294
260090,2019,7.0,1.0,4.0,4.0,2.0,31.0,2.0,12.0,11.0,26.0,103.0,261
260100,2012,6.0,0.0,2.0,2.0,2.0,10.0,4.0,17.0,4.0,17.0,65.0,160
260100,2013,0.0,0.0,0.0,0.0,0.0,0.0,0.0,0.0,0.0,0.0,57.0,163
260100,2014,2.0,0.0,2.0,0.0,2.0,26.0,2.0,6.0,5.0,16.0,64.0,157
260100,2015,5.0,0.0,0.0,4.0,0.0,14.0,3.0,4.0,9.0,12.0,52.0,164
260100,2016,5.0,0.0,4.0,1.0,2.0,15.0,4.0,13.0,1.0,13.0,58.0,144
260100,2017,4.0,0.0,2.0,3.0,1.0,22.0,2.0,10.0,7.0,7.0,58.0,129
260100,2018,3.0,1.0,1.0,3.0,0.0,12.0,6.0,6.0,6.0,14.0,52.0,150
260100,2019,6.0,0.0,0.0,4.0,1.0,19.0,2.0,8.0,5.0,11.0,56.0,143
260105,2012,56.0,0.0,8.0,3.0,5.0,32.0,20.0,7.0,22.0,23.0,178.0,329
260105,2013,0.0,0.0,0.0,0.0,0.0,0.0,0.0,0.0,0.0,0.0,180.0,356
260105,2014,17.0,2.0,8.0,4.0,2.0,22.0,7.0,10.0,21.0,26.0,122.0,314
260105,2015,6.0,2.0,7.0,6.0,2.0,42.0,5.0,15.0,16.0,21.0,124.0,342
260105,2016,11.0,1.0,2.0,2.0,1.0,37.0,9.0,11.0,20.0,22.0,117.0,289
260105,2017,11.0,0.0,1.0,3.0,4.0,38.0,10.0,7.0,18.0,23.0,116.0,303
260105,2018,4.0,0.0,8.0,5.0,1.0,45.0,11.0,10.0,19.0,11.0,118.0,299
260105,2019,12.0,1.0,5.0,5.0,4.0,47.0,30.0,9.0,15.0,15.0,143.0,318
260110,2012,72.0,4.0,19.0,16.0,9.0,181.0,26.0,85.0,48.0,201.0,668.0,1695
260110,2013,0.0,0.0,0.0,0.0,0.0,0.0,0.0,0.0,0.0,0.0,681.0,1516
260110,2014,35.0,5.0,22.0,19.0,14.0,210.0,51.0,78.0,92.0,167.0,711.0,1592
260110,2015,47.0,1.0,21.0,26.0,18.0,219.0,51.0,57.0,101.0,136.0,687.0,1625
260110,2016,35.0,1.0,18.0,21.0,18.0,207.0,63.0,53.0,107.0,126.0,650.0,1497
260110,2017,39.0,0.0,12.0,15.0,18.0,229.0,67.0,50.0,91.0,104.0,632.0,1501
260110,2018,44.0,2.0,20.0,16.0,10.0,239.0,28.0,53.0,62.0,104.0,585.0,1639
260110,2019,44.0,1.0,10.0,19.0,14.0,283.0,24.0,86.0,56.0,127.0,668.0,1632
260120,2012,70.0,0.0,18.0,2.0,4.0,123.0,0.0,54.0,21.0,212.0,508.0,1051
260120,2013,0.0,0.0,0.0,0.0,0.0,0.0,0.0,0.0,0.0,0.0,624.0,1153
260120,2014,53.0,3.0,12.0,11.0,5.0,176.0,17.0,91.0,25.0,193.0,613.0,1159
260120,2015,57.0,0.0,12.0,6.0,9.0,172.0,15.0,80.0,23.0,170.0,581.0,1110
260120,2016,45.0,0.0,18.0,6.0,6.0,160.0,12.0,78.0,24.0,159.0,526.0,1017
260120,2017,48.0,2.0,16.0,10.0,8.0,197.0,9.0,74.0,13.0,193.0,617.0,1158
260120,2018,36.0,0.0,14.0,12.0,10.0,186.0,26.0,47.0,23.0,174.0,583.0,1161
260120,2019,46.0,1.0,22.0,5.0,4.0,206.0,19.0,64.0,32.0,157.0,584.0,1177
260130,2012,18.0,0.0,2.0,2.0,1.0,16.0,3.0,10.0,8.0,9.0,77.0,181
260130,2013,0.0,0.0,0.0,0.0,0.0,0.0,0.0,0.0,0.0,0.0,84.0,180
260130,2014,6.0,0.0,1.0,1.0,2.0,14.0,6.0,14.0,4.0,15.0,70.0,167
260130,2015,6.0,0.0,6.0,1.0,0.0,26.0,6.0,9.0,8.0,17.0,83.0,186
260130,2016,10.0,0.0,4.0,2.0,3.0,12.0,3.0,8.0,9.0,13.0,66.0,148
260130,2017,2.0,0.0,5.0,6.0,2.0,24.0,2.0,8.0,8.0,11.0,70.0,174
260130,2018,4.0,1.0,2.0,2.0,1.0,22.0,2.0,6.0,4.0,18.0,63.0,182
260130,2019,5.0,0.0,4.0,3.0,1.0,16.0,11.0,7.0,10.0,12.0,71.0,198
260140,2012,49.0,3.0,8.0,10.0,10.0,71.0,8.0,26.0,21.0,74.0,297.0,765
260140,2013,0.0,0.0,0.0,0.0,0.0,0.0,0.0,0.0,0.0,0.0,340.0,867
260140,2014,31.0,5.0,17.0,3.0,9.0,85.0,15.0,101.0,17.0,99.0,413.0,852
260140,2015,33.0,0.0,3.0,6.0,2.0,96.0,21.0,112.0,35.0,47.0,376.0,779
260140,2016,17.0,2.0,8.0,10.0,10.0,83.0,12.0,58.0,21.0,66.0,290.0,721
260140,2017,31.0,0.0,4.0,9.0,6.0,75.0,13.0,35.0,25.0,46.0,247.0,702
260140,2018,19.0,1.0,14.0,5.0,6.0,83.0,13.0,41.0,20.0,41.0,247.0,710
260140,2019,25.0,2.0,3.0,6.0,7.0,88.0,24.0,19.0,42.0,24.0,265.0,661
260150,2012,16.0,0.0,6.0,0.0,0.0,20.0,0.0,17.0,5.0,21.0,88.0,150
260150,2013,0.0,0.0,0.0,0.0,0.0,0.0,0.0,0.0,0.0,0.0,65.0,140
260150,2014,8.0,0.0,0.0,2.0,1.0,22.0,1.0,19.0,3.0,21.0,78.0,152
260150,2015,9.0,0.0,0.0,1.0,1.0,24.0,2.0,28.0,8.0,17.0,92.0,169
260150,2016,4.0,0.0,0.0,1.0,1.0,23.0,0.0,11.0,9.0,16.0,67.0,148
260150,2017,2.0,0.0,0.0,1.0,0.0,18.0,4.0,16.0,6.0,10.0,59.0,124
260150,2018,7.0,0.0,2.0,2.0,4.0,26.0,1.0,16.0,2.0,21.0,86.0,158
260150,2019,4.0,0.0,4.0,1.0,1.0,21.0,2.0,14.0,1.0,16.0,68.0,151
260160,2012,21.0,7.0,0.0,6.0,1.0,35.0,12.0,19.0,23.0,26.0,157.0,383
260160,2013,0.0,0.0,0.0,0.0,0.0,0.0,0.0,0.0,0.0,0.0,124.0,330
260160,2014,9.0,0.0,4.0,7.0,6.0,36.0,7.0,17.0,11.0,30.0,135.0,355
260160,2015,4.0,2.0,7.0,2.0,5.0,46.0,7.0,23.0,11.0,36.0,148.0,314
260160,2016,13.0,1.0,6.0,4.0,2.0,50.0,10.0,16.0,15.0,22.0,145.0,338
260160,2017,14.0,0.0,2.0,2.0,0.0,38.0,6.0,9.0,18.0,43.0,138.0,310
260160,2018,13.0,1.0,4.0,2.0,1.0,53.0,14.0,21.0,21.0,32.0,165.0,316
260160,2019,14.0,2.0,4.0,2.0,4.0,49.0,10.0,26.0,19.0,27.0,160.0,304
260170,2012,96.0,2.0,15.0,12.0,7.0,147.0,52.0,22.0,138.0,104.0,600.0,1234
260170,2013,0.0,0.0,0.0,0.0,0.0,0.0,0.0,0.0,0.0,0.0,593.0,1181
260170,2014,61.0,0.0,16.0,10.0,13.0,197.0,49.0,49.0,104.0,132.0,645.0,1192
260170,2015,56.0,1.0,18.0,15.0,15.0,149.0,31.0,38.0,95.0,114.0,536.0,1063
260170,2016,41.0,3.0,13.0,23.0,15.0,148.0,25.0,42.0,101.0,82.0,497.0,1045
260170,2017,40.0,2.0,11.0,17.0,17.0,207.0,45.0,52.0,110.0,102.0,607.0,1158
260170,2018,33.0,1.0,18.0,12.0,9.0,245.0,73.0,38.0,194.0,75.0,715.0,1254
260170,2019,37.0,3.0,15.0,9.0,11.0,250.0,68.0,62.0,124.0,88.0,671.0,1229
260180,2012,14.0,3.0,11.0,3.0,4.0,24.0,4.0,10.0,2.0,21.0,109.0,233
260180,2013,0.0,0.0,0.0,0.0,0.0,0.0,0.0,0.0,0.0,0.0,97.0,188
260180,2014,10.0,0.0,5.0,2.0,1.0,20.0,5.0,25.0,10.0,24.0,106.0,189
260180,2015,4.0,1.0,0.0,2.0,2.0,36.0,5.0,18.0,6.0,22.0,100.0,177
260180,2016,7.0,0.0,0.0,1.0,0.0,19.0,3.0,16.0,7.0,21.0,75.0,151
260180,2017,5.0,0.0,0.0,2.0,1.0,29.0,8.0,10.0,13.0,17.0,89.0,185
260180,2018,10.0,0.0,8.0,1.0,2.0,24.0,7.0,21.0,13.0,24.0,114.0,196
260180,2019,6.0,0.0,2.0,0.0,1.0,27.0,8.0,13.0,12.0,21.0,94.0,152
260190,2012,85.0,6.0,12.0,7.0,11.0,95.0,35.0,35.0,73.0,70.0,455.0,733
260190,2013,0.0,0.0,0.0,0.0,0.0,0.0,0.0,0.0,0.0,0.0,462.0,762
260190,2014,26.0,3.0,9.0,8.0,14.0,98.0,41.0,27.0,101.0,77.0,482.0,762
260190,2015,21.0,2.0,11.0,15.0,11.0,139.0,45.0,25.0,102.0,71.0,446.0,787
260190,2016,22.0,0.0,5.0,11.0,7.0,126.0,17.0,35.0,49.0,85.0,358.0,677
260190,2017,18.0,2.0,15.0,23.0,19.0,133.0,29.0,34.0,51.0,79.0,417.0,765
260190,2018,22.0,0.0,10.0,20.0,7.0,147.0,40.0,26.0,87.0,66.0,445.0,783
260190,2019,22.0,1.0,12.0,12.0,11.0,174.0,45.0,25.0,89.0,59.0,463.0,771
260200,2012,31.0,7.0,16.0,3.0,10.0,50.0,8.0,18.0,26.0,84.0,258.0,586
260200,2013,0.0,0.0,0.0,0.0,0.0,0.0,0.0,0.0,0.0,0.0,233.0,531
260200,2014,14.0,0.0,2.0,11.0,4.0,62.0,13.0,37.0,18.0,56.0,220.0,501
260200,2015,22.0,0.0,4.0,11.0,1.0,70.0,12.0,42.0,18.0,58.0,248.0,545
260200,2016,27.0,0.0,4.0,31.0,3.0,80.0,25.0,24.0,24.0,76.0,296.0,551
260200,2017,18.0,2.0,12.0,13.0,7.0,67.0,7.0,33.0,5.0,79.0,243.0,486
260200,2018,19.0,2.0,8.0,15.0,9.0,85.0,3.0,37.0,5.0,83.0,272.0,578
260200,2019,22.0,0.0,2.0,5.0,7.0,88.0,9.0,54.0,12.0,82.0,283.0,520
260210,2012,28.0,0.0,14.0,7.0,2.0,56.0,7.0,40.0,23.0,81.0,265.0,648
260210,2013,0.0,0.0,0.0,0.0,0.0,0.0,0.0,0.0,0.0,0.0,268.0,683
260210,2014,27.0,1.0,15.0,6.0,7.0,79.0,27.0,17.0,34.0,57.0,279.0,667
260210,2015,22.0,3.0,4.0,4.0,6.0,88.0,26.0,30.0,38.0,51.0,279.0,652
260210,2016,22.0,0.0,4.0,9.0,6.0,57.0,29.0,20.0,41.0,43.0,241.0,564
260210,2017,12.0,1.0,12.0,4.0,8.0,69.0,23.0,17.0,28.0,48.0,225.0,563
260210,2018,8.0,1.0,7.0,5.0,4.0,79.0,26.0,15.0,36.0,38.0,223.0,505
260210,2019,13.0,1.0,4.0,5.0,1.0,67.0,21.0,21.0,20.0,37.0,192.0,412
260220,2012,41.0,2.0,9.0,6.0,4.0,78.0,29.0,14.0,68.0,53.0,312.0,487
260220,2013,0.0,0.0,0.0,0.0,0.0,0.0,0.0,0.0,0.0,0.0,296.0,474
260220,2014,17.0,1.0,2.0,9.0,4.0,86.0,51.0,17.0,86.0,35.0,311.0,479
260220,2015,23.0,0.0,6.0,12.0,5.0,86.0,45.0,12.0,75.0,19.0,285.0,496
260220,2016,21.0,0.0,5.0,5.0,5.0,68.0,25.0,14.0,49.0,31.0,225.0,392
260220,2017,10.0,1.0,2.0,3.0,6.0,104.0,31.0,13.0,68.0,39.0,279.0,482
260220,2018,15.0,2.0,7.0,6.0,9.0,88.0,27.0,15.0,53.0,38.0,264.0,452
260220,2019,19.0,1.0,7.0,1.0,2.0,101.0,26.0,7.0,79.0,23.0,269.0,455
260230,2012,43.0,1.0,1.0,2.0,6.0,46.0,36.0,8.0,43.0,28.0,225.0,580
260230,2013,0.0,0.0,0.0,0.0,0.0,0.0,0.0,0.0,0.0,0.0,245.0,607
260230,2014,27.0,2.0,8.0,13.0,3.0,49.0,30.0,38.0,28.0,56.0,270.0,611
260230,2015,18.0,0.0,9.0,3.0,5.0,66.0,13.0,39.0,23.0,47.0,230.0,602
260230,2016,21.0,0.0,5.0,9.0,2.0,77.0,13.0,34.0,20.0,52.0,237.0,601
260230,2017,22.0,1.0,7.0,8.0,7.0,87.0,29.0,18.0,27.0,40.0,258.0,627
260230,2018,14.0,0.0,7.0,8.0,8.0,59.0,13.0,34.0,23.0,51.0,256.0,618
260230,2019,19.0,1.0,8.0,5.0,8.0,86.0,15.0,34.0,25.0,46.0,255.0,595
260240,2012,9.0,3.0,1.0,1.0,1.0,19.0,3.0,7.0,6.0,18.0,68.0,190
260240,2013,0.0,0.0,0.0,0.0,0.0,0.0,0.0,0.0,0.0,0.0,68.0,178
260240,2014,6.0,0.0,0.0,1.0,3.0,15.0,3.0,10.0,6.0,18.0,63.0,179
260240,2015,5.0,0.0,2.0,8.0,1.0,23.0,4.0,7.0,8.0,17.0,75.0,203
260240,2016,3.0,0.0,4.0,0.0,0.0,12.0,5.0,17.0,5.0,21.0,67.0,161
260240,2017,7.0,0.0,4.0,5.0,0.0,22.0,1.0,9.0,6.0,20.0,74.0,176
260240,2018,2.0,0.0,0.0,3.0,0.0,21.0,2.0,10.0,5.0,19.0,62.0,160
260240,2019,6.0,0.0,2.0,4.0,2.0,29.0,1.0,14.0,7.0,24.0,89.0,171
260250,2012,1.0,0.0,0.0,2.0,1.0,30.0,12.0,2.0,21.0,14.0,87.0,120
260250,2013,0.0,0.0,0.0,0.0,0.0,0.0,0.0,0.0,0.0,0.0,68.0,125
260250,2014,2.0,0.0,4.0,1.0,0.0,25.0,9.0,3.0,16.0,20.0,80.0,112
260250,2015,1.0,0.0,0.0,1.0,1.0,21.0,8.0,4.0,6.0,7.0,49.0,90
260250,2016,2.0,0.0,0.0,3.0,0.0,19.0,6.0,3.0,2.0,15.0,50.0,82
260250,2017,1.0,0.0,0.0,0.0,0.0,11.0,1.0,8.0,2.0,13.0,36.0,83
260250,2018,8.0,0.0,3.0,1.0,0.0,22.0,1.0,3.0,2.0,14.0,54.0,112
260250,2019,5.0,0.0,2.0,2.0,1.0,19.0,5.0,3.0,3.0,17.0,57.0,112
260260,2012,44.0,1.0,9.0,7.0,9.0,106.0,43.0,16.0,76.0,53.0,371.0,789
260260,2013,0.0,0.0,0.0,0.0,0.0,0.0,0.0,0.0,0.0,0.0,334.0,744
260260,2014,35.0,0.0,5.0,8.0,6.0,98.0,36.0,39.0,47.0,74.0,356.0,702
260260,2015,24.0,2.0,13.0,14.0,6.0,107.0,19.0,32.0,34.0,64.0,318.0,672
260260,2016,17.0,0.0,11.0,12.0,8.0,82.0,15.0,42.0,35.0,56.0,284.0,607
260260,2017,24.0,2.0,11.0,12.0,9.0,83.0,8.0,28.0,32.0,70.0,283.0,676
260260,2018,20.0,2.0,6.0,11.0,8.0,100.0,37.0,27.0,69.0,60.0,344.0,735
260260,2019,27.0,2.0,8.0,22.0,8.0,118.0,38.0,34.0,61.0,43.0,364.0,755
260270,2012,23.0,1.0,4.0,0.0,1.0,23.0,10.0,8.0,12.0,11.0,99.0,182
260270,2013,0.0,0.0,0.0,0.0,0.0,0.0,0.0,0.0,0.0,0.0,97.0,189
260270,2014,7.0,0.0,0.0,3.0,3.0,18.0,8.0,7.0,11.0,19.0,85.0,185
260270,2015,6.0,1.0,2.0,4.0,5.0,17.0,15.0,10.0,15.0,17.0,95.0,215
260270,2016,5.0,2.0,3.0,4.0,4.0,21.0,9.0,3.0,21.0,15.0,91.0,175
260270,2017,6.0,1.0,1.0,1.0,2.0,24.0,17.0,5.0,15.0,11.0,87.0,174
260270,2018,4.0,0.0,2.0,4.0,4.0,25.0,12.0,2.0,11.0,19.0,84.0,198
260270,2019,4.0,0.0,2.0,1.0,2.0,27.0,11.0,3.0,17.0,11.0,79.0,187
260280,2012,62.0,1.0,9.0,3.0,2.0,67.0,0.0,62.0,3.0,94.0,311.0,964
260280,2013,0.0,0.0,0.0,0.0,0.0,0.0,0.0,0.0,0.0,0.0,292.0,852
260280,2014,30.0,2.0,5.0,8.0,5.0,81.0,9.0,53.0,11.0,76.0,292.0,879
260280,2015,27.0,1.0,12.0,3.0,4.0,63.0,14.0,52.0,22.0,86.0,298.0,903
260280,2016,14.0,1.0,10.0,6.0,3.0,74.0,15.0,44.0,10.0,75.0,261.0,834
260280,2017,25.0,0.0,10.0,4.0,7.0,76.0,11.0,38.0,8.0,74.0,280.0,858
260280,2018,27.0,1.0,5.0,12.0,3.0,71.0,20.0,42.0,18.0,80.0,300.0,890
260280,2019,26.0,1.0,13.0,8.0,3.0,88.0,14.0,37.0,13.0,72.0,284.0,850
260290,2012,258.0,8.0,42.0,36.0,50.0,505.0,132.0,198.0,363.0,413.0,2067.0,3651
260290,2013,0.0,0.0,0.0,0.0,0.0,0.0,0.0,0.0,0.0,0.0,1962.0,3419
260290,2014,175.0,5.0,44.0,42.0,33.0,481.0,164.0,157.0,347.0,344.0,1821.0,3158
260290,2015,151.0,5.0,35.0,38.0,42.0,541.0,198.0,171.0,295.0,295.0,1809.0,3313
260290,2016,136.0,10.0,46.0,42.0,33.0,484.0,137.0,157.0,269.0,244.0,1599.0,3024
260290,2017,118.0,5.0,42.0,49.0,29.0,482.0,123.0,89.0,239.0,241.0,1450.0,3091
260290,2018,145.0,4.0,40.0,44.0,27.0,507.0,148.0,116.0,282.0,178.0,1528.0,3128
260290,2019,121.0,4.0,30.0,44.0,36.0,481.0,146.0,84.0,273.0,170.0,1420.0,2952
260300,2012,24.0,1.0,7.0,8.0,10.0,75.0,10.0,54.0,21.0,77.0,288.0,550
260300,2013,0.0,0.0,0.0,0.0,0.0,0.0,0.0,0.0,0.0,0.0,244.0,522
260300,2014,18.0,0.0,8.0,15.0,7.0,74.0,23.0,38.0,38.0,52.0,283.0,569
260300,2015,25.0,2.0,8.0,14.0,7.0,83.0,13.0,22.0,40.0,54.0,275.0,584
260300,2016,15.0,1.0,8.0,7.0,4.0,67.0,22.0,16.0,28.0,47.0,223.0,512
260300,2017,20.0,0.0,3.0,5.0,4.0,93.0,33.0,26.0,49.0,44.0,279.0,531
260300,2018,14.0,11.0,8.0,11.0,7.0,102.0,29.0,25.0,32.0,35.0,279.0,546
260300,2019,22.0,7.0,7.0,8.0,8.0,81.0,36.0,25.0,36.0,22.0,261.0,509
260310,2012,26.0,3.0,3.0,3.0,2.0,26.0,6.0,9.0,17.0,24.0,125.0,242
260310,2013,0.0,0.0,0.0,0.0,0.0,0.0,0.0,0.0,0.0,0.0,121.0,272
260310,2014,5.0,0.0,4.0,4.0,2.0,34.0,12.0,21.0,16.0,30.0,130.0,233
260310,2015,8.0,0.0,4.0,5.0,1.0,48.0,9.0,15.0,24.0,34.0,151.0,293
260310,2016,11.0,0.0,3.0,5.0,4.0,26.0,6.0,7.0,13.0,38.0,115.0,229
260310,2017,7.0,1.0,6.0,2.0,5.0,35.0,3.0,12.0,16.0,39.0,128.0,270
260310,2018,3.0,1.0,5.0,8.0,2.0,50.0,7.0,18.0,18.0,31.0,147.0,294
260310,2019,6.0,1.0,2.0,7.0,3.0,43.0,10.0,15.0,25.0,26.0,140.0,312
260320,2012,15.0,1.0,9.0,2.0,7.0,33.0,3.0,18.0,14.0,44.0,147.0,460
260320,2013,0.0,0.0,0.0,0.0,0.0,0.0,0.0,0.0,0.0,0.0,154.0,396
260320,2014,3.0,0.0,4.0,8.0,1.0,36.0,7.0,24.0,8.0,41.0,135.0,411
260320,2015,8.0,0.0,4.0,4.0,6.0,39.0,3.0,28.0,18.0,35.0,145.0,445
260320,2016,9.0,1.0,3.0,8.0,6.0,32.0,3.0,21.0,9.0,48.0,141.0,381
260320,2017,7.0,1.0,5.0,10.0,5.0,53.0,3.0,20.0,11.0,45.0,161.0,446
260320,2018,8.0,1.0,2.0,0.0,1.0,56.0,11.0,23.0,13.0,42.0,159.0,414
260320,2019,15.0,0.0,4.0,1.0,4.0,53.0,7.0,26.0,11.0,37.0,158.0,437
260330,2012,6.0,1.0,0.0,1.0,1.0,14.0,0.0,10.0,4.0,20.0,57.0,153
260330,2013,0.0,0.0,0.0,0.0,0.0,0.0,0.0,0.0,0.0,0.0,56.0,139
260330,2014,3.0,0.0,0.0,1.0,0.0,17.0,4.0,4.0,5.0,14.0,48.0,142
260330,2015,9.0,1.0,3.0,1.0,0.0,15.0,7.0,8.0,6.0,14.0,64.0,127
260330,2016,8.0,0.0,2.0,3.0,1.0,24.0,4.0,20.0,5.0,18.0,85.0,147
260330,2017,1.0,0.0,0.0,3.0,0.0,18.0,1.0,8.0,6.0,14.0,54.0,136
260330,2018,4.0,0.0,4.0,0.0,2.0,17.0,5.0,11.0,4.0,22.0,69.0,130
260330,2019,2.0,0.0,2.0,3.0,2.0,22.0,2.0,15.0,4.0,11.0,63.0,129
260340,2012,19.0,0.0,0.0,0.0,3.0,6.0,3.0,8.0,5.0,14.0,65.0,122
260340,2013,0.0,0.0,0.0,0.0,0.0,0.0,0.0,0.0,0.0,0.0,62.0,104
260340,2014,5.0,0.0,2.0,1.0,0.0,12.0,3.0,9.0,1.0,12.0,45.0,83
260340,2015,6.0,1.0,0.0,0.0,0.0,12.0,3.0,14.0,2.0,23.0,61.0,97
260340,2016,4.0,0.0,0.0,2.0,1.0,14.0,3.0,10.0,2.0,16.0,53.0,89
260340,2017,5.0,0.0,0.0,1.0,1.0,15.0,2.0,11.0,5.0,19.0,59.0,107
260340,2018,5.0,0.0,0.0,0.0,1.0,10.0,2.0,7.0,2.0,10.0,42.0,71
260340,2019,4.0,0.0,2.0,1.0,2.0,9.0,1.0,9.0,3.0,16.0,48.0,77
260345,2012,139.0,6.0,33.0,30.0,31.0,332.0,86.0,68.0,304.0,210.0,1258.0,2335
260345,2013,0.0,0.0,0.0,0.0,0.0,0.0,0.0,0.0,0.0,0.0,1322.0,2358
260345,2014,129.0,6.0,37.0,34.0,30.0,405.0,112.0,91.0,252.0,198.0,1313.0,2482
260345,2015,123.0,7.0,41.0,41.0,30.0,373.0,101.0,100.0,237.0,183.0,1254.0,2484
260345,2016,96.0,6.0,30.0,39.0,29.0,359.0,102.0,66.0,216.0,151.0,1103.0,2279
260345,2017,103.0,5.0,42.0,31.0,23.0,343.0,81.0,70.0,183.0,134.0,1028.0,2237
260345,2018,94.0,4.0,42.0,28.0,30.0,354.0,97.0,64.0,197.0,136.0,1068.0,2191
260345,2019,89.0,6.0,42.0,44.0,25.0,359.0,116.0,73.0,202.0,89.0,1060.0,2146
260350,2012,18.0,1.0,5.0,2.0,2.0,22.0,5.0,11.0,16.0,23.0,123.0,210
260350,2013,0.0,0.0,0.0,0.0,0.0,0.0,0.0,0.0,0.0,0.0,132.0,240
260350,2014,12.0,1.0,2.0,1.0,1.0,29.0,3.0,13.0,17.0,23.0,108.0,201
260350,2015,4.0,0.0,2.0,4.0,4.0,33.0,4.0,11.0,12.0,26.0,101.0,196
260350,2016,12.0,1.0,1.0,4.0,3.0,39.0,5.0,9.0,10.0,29.0,117.0,224
260350,2017,9.0,0.0,8.0,10.0,4.0,26.0,6.0,10.0,9.0,31.0,114.0,226
260350,2018,9.0,1.0,2.0,2.0,4.0,28.0,4.0,4.0,12.0,21.0,91.0,189
260350,2019,12.0,0.0,6.0,2.0,6.0,42.0,3.0,12.0,16.0,15.0,119.0,248
260360,2012,9.0,0.0,0.0,1.0,0.0,19.0,1.0,8.0,8.0,26.0,72.0,122
260360,2013,0.0,0.0,0.0,0.0,0.0,0.0,0.0,0.0,0.0,0.0,49.0,102
260360,2014,2.0,0.0,2.0,3.0,1.0,18.0,0.0,14.0,4.0,14.0,60.0,131
260360,2015,3.0,0.0,2.0,1.0,1.0,14.0,1.0,6.0,3.0,12.0,43.0,108
260360,2016,3.0,0.0,0.0,1.0,1.0,13.0,1.0,3.0,5.0,13.0,41.0,106
260360,2017,3.0,0.0,0.0,1.0,0.0,13.0,1.0,8.0,2.0,11.0,39.0,113
260360,2018,2.0,0.0,0.0,1.0,1.0,18.0,6.0,4.0,4.0,15.0,56.0,133
260360,2019,3.0,0.0,0.0,3.0,1.0,17.0,4.0,3.0,3.0,12.0,47.0,121
260370,2012,26.0,1.0,4.0,3.0,4.0,20.0,2.0,7.0,14.0,33.0,116.0,359
260370,2013,0.0,0.0,0.0,0.0,0.0,0.0,0.0,0.0,0.0,0.0,133.0,400
260370,2014,10.0,1.0,8.0,7.0,5.0,27.0,7.0,15.0,21.0,32.0,135.0,370
260370,2015,9.0,2.0,3.0,3.0,2.0,52.0,10.0,14.0,18.0,21.0,136.0,386
260370,2016,8.0,0.0,2.0,2.0,0.0,43.0,7.0,11.0,11.0,20.0,105.0,346
260370,2017,10.0,1.0,2.0,3.0,2.0,44.0,6.0,18.0,14.0,21.0,125.0,360
260370,2018,9.0,0.0,3.0,1.0,4.0,37.0,13.0,17.0,8.0,23.0,118.0,351
260370,2019,12.0,2.0,6.0,4.0,4.0,36.0,17.0,14.0,8.0,21.0,126.0,331
260380,2012,13.0,0.0,5.0,2.0,2.0,31.0,3.0,16.0,18.0,30.0,121.0,300
260380,2013,0.0,0.0,0.0,0.0,0.0,0.0,0.0,0.0,0.0,0.0,140.0,302
260380,2014,17.0,0.0,2.0,0.0,3.0,31.0,5.0,24.0,6.0,33.0,126.0,289
260380,2015,9.0,0.0,2.0,4.0,5.0,39.0,2.0,21.0,6.0,21.0,109.0,278
260380,2016,8.0,0.0,5.0,6.0,5.0,37.0,3.0,8.0,7.0,27.0,106.0,287
260380,2017,7.0,0.0,2.0,3.0,5.0,28.0,9.0,18.0,4.0,22.0,102.0,234
260380,2018,6.0,1.0,2.0,2.0,0.0,32.0,2.0,9.0,7.0,33.0,94.0,244
260380,2019,11.0,0.0,2.0,1.0,5.0,45.0,7.0,17.0,8.0,29.0,125.0,275
260390,2012,20.0,0.0,6.0,2.0,1.0,41.0,13.0,24.0,24.0,48.0,182.0,274
260390,2013,0.0,0.0,0.0,0.0,0.0,0.0,0.0,0.0,0.0,0.0,188.0,267
260390,2014,14.0,0.0,2.0,5.0,12.0,54.0,5.0,29.0,10.0,63.0,200.0,284
260390,2015,9.0,0.0,2.0,1.0,3.0,55.0,2.0,33.0,4.0,73.0,184.0,294
260390,2016,16.0,0.0,7.0,6.0,1.0,57.0,3.0,35.0,2.0,66.0,193.0,257
260390,2017,17.0,0.0,6.0,4.0,4.0,59.0,0.0,32.0,2.0,65.0,189.0,269
260390,2018,9.0,0.0,2.0,4.0,1.0,73.0,7.0,29.0,7.0,43.0,177.0,260
260390,2019,8.0,0.0,1.0,2.0,0.0,79.0,4.0,28.0,6.0,49.0,179.0,286
260392,2012,12.0,1.0,0.0,4.0,1.0,24.0,2.0,23.0,2.0,36.0,106.0,301
260392,2013,0.0,0.0,0.0,0.0,0.0,0.0,0.0,0.0,0.0,0.0,88.0,292
260392,2014,11.0,1.0,4.0,5.0,2.0,31.0,1.0,10.0,6.0,31.0,107.0,305
260392,2015,4.0,1.0,9.0,6.0,2.0,32.0,2.0,7.0,1.0,27.0,100.0,291
260392,2016,6.0,1.0,2.0,3.0,3.0,22.0,5.0,14.0,6.0,18.0,84.0,279
260392,2017,7.0,1.0,2.0,3.0,3.0,34.0,4.0,15.0,6.0,22.0,101.0,267
260392,2018,7.0,0.0,4.0,0.0,1.0,38.0,4.0,18.0,6.0,21.0,104.0,278
260392,2019,5.0,0.0,1.0,3.0,0.0,33.0,3.0,12.0,10.0,13.0,94.0,249
260400,2012,173.0,2.0,6.0,12.0,9.0,104.0,23.0,24.0,128.0,88.0,632.0,1098
260400,2013,0.0,0.0,0.0,0.0,0.0,0.0,0.0,0.0,0.0,0.0,673.0,1103
260400,2014,52.0,2.0,22.0,14.0,8.0,184.0,74.0,47.0,116.0,96.0,646.0,1103
260400,2015,57.0,4.0,19.0,17.0,12.0,218.0,67.0,28.0,131.0,74.0,653.0,1174
260400,2016,50.0,2.0,4.0,11.0,10.0,155.0,57.0,24.0,123.0,62.0,527.0,949
260400,2017,49.0,3.0,9.0,8.0,8.0,188.0,54.0,22.0,153.0,66.0,585.0,1081
260400,2018,36.0,0.0,16.0,11.0,10.0,196.0,87.0,20.0,106.0,67.0,567.0,1007
260400,2019,33.0,0.0,12.0,19.0,12.0,185.0,59.0,23.0,132.0,35.0,524.0,1018
260410,2012,370.0,7.0,78.0,60.0,62.0,957.0,166.0,277.0,630.0,807.0,3434.0,5575
260410,2013,0.0,0.0,0.0,0.0,0.0,0.0,0.0,0.0,0.0,0.0,3591.0,5711
260410,2014,328.0,9.0,82.0,68.0,69.0,1168.0,236.0,366.0,636.0,739.0,3713.0,5738
260410,2015,289.0,5.0,91.0,97.0,76.0,1122.0,201.0,341.0,565.0,728.0,3534.0,5871
260410,2016,217.0,11.0,69.0,120.0,105.0,961.0,131.0,288.0,368.0,673.0,2962.0,5085
260410,2017,224.0,9.0,89.0,82.0,88.0,1178.0,167.0,295.0,483.0,700.0,3332.0,5678
260410,2018,210.0,7.0,96.0,89.0,70.0,1328.0,177.0,356.0,510.0,742.0,3605.0,5962
260410,2019,236.0,10.0,91.0,89.0,66.0,1306.0,166.0,431.0,475.0,853.0,3738.0,6031
260415,2012,8.0,0.0,0.0,0.0,1.0,19.0,16.0,6.0,22.0,14.0,88.0,178
260415,2013,0.0,0.0,0.0,0.0,0.0,0.0,0.0,0.0,0.0,0.0,95.0,197
260415,2014,3.0,0.0,2.0,0.0,4.0,26.0,16.0,8.0,28.0,8.0,95.0,166
260415,2015,4.0,0.0,1.0,1.0,2.0,33.0,16.0,9.0,30.0,14.0,111.0,186
260415,2016,8.0,0.0,4.0,2.0,2.0,18.0,10.0,7.0,22.0,15.0,88.0,141
260415,2017,6.0,0.0,0.0,3.0,0.0,22.0,10.0,11.0,19.0,22.0,93.0,167
260415,2018,4.0,0.0,2.0,4.0,4.0,40.0,9.0,10.0,22.0,16.0,113.0,213
260415,2019,7.0,0.0,2.0,0.0,3.0,35.0,18.0,3.0,30.0,10.0,109.0,177
260420,2012,63.0,2.0,3.0,3.0,3.0,67.0,3.0,51.0,11.0,53.0,285.0,576
260420,2013,0.0,0.0,0.0,0.0,0.0,0.0,0.0,0.0,0.0,0.0,295.0,588
260420,2014,25.0,1.0,6.0,6.0,2.0,93.0,3.0,88.0,8.0,84.0,344.0,593
260420,2015,26.0,0.0,6.0,3.0,1.0,82.0,9.0,77.0,18.0,76.0,317.0,559
260420,2016,28.0,0.0,7.0,3.0,3.0,79.0,20.0,63.0,12.0,67.0,295.0,549
260420,2017,23.0,1.0,3.0,7.0,3.0,88.0,6.0,61.0,8.0,50.0,258.0,566
260420,2018,21.0,0.0,10.0,3.0,3.0,71.0,4.0,63.0,7.0,57.0,249.0,526
260420,2019,12.0,2.0,10.0,6.0,3.0,66.0,2.0,49.0,12.0,51.0,220.0,462
260430,2012,13.0,0.0,3.0,3.0,1.0,19.0,4.0,7.0,10.0,17.0,81.0,186
260430,2013,0.0,0.0,0.0,0.0,0.0,0.0,0.0,0.0,0.0,0.0,91.0,176
260430,2014,8.0,0.0,0.0,2.0,0.0,19.0,9.0,12.0,12.0,17.0,86.0,155
260430,2015,5.0,0.0,0.0,0.0,4.0,19.0,7.0,17.0,14.0,28.0,99.0,189
260430,2016,10.0,4.0,4.0,2.0,1.0,20.0,2.0,6.0,12.0,27.0,91.0,166
260430,2017,9.0,0.0,0.0,1.0,4.0,27.0,8.0,7.0,13.0,14.0,92.0,141
260430,2018,6.0,0.0,2.0,1.0,3.0,26.0,6.0,18.0,13.0,22.0,106.0,169
260430,2019,13.0,0.0,0.0,2.0,2.0,28.0,7.0,15.0,10.0,22.0,102.0,165
260440,2012,41.0,1.0,0.0,1.0,3.0,14.0,3.0,3.0,10.0,15.0,93.0,207
260440,2013,0.0,0.0,0.0,0.0,0.0,0.0,0.0,0.0,0.0,0.0,97.0,223
260440,2014,7.0,0.0,2.0,1.0,2.0,31.0,8.0,16.0,18.0,18.0,103.0,216
260440,2015,10.0,0.0,7.0,2.0,5.0,46.0,5.0,12.0,4.0,26.0,118.0,233
260440,2016,6.0,0.0,2.0,4.0,1.0,32.0,5.0,14.0,10.0,25.0,101.0,212
260440,2017,6.0,1.0,7.0,3.0,2.0,35.0,6.0,17.0,11.0,19.0,107.0,225
260440,2018,10.0,0.0,2.0,1.0,1.0,36.0,3.0,2.0,11.0,21.0,88.0,196
260440,2019,6.0,0.0,4.0,8.0,0.0,37.0,17.0,4.0,14.0,16.0,108.0,243
260450,2012,63.0,1.0,2.0,3.0,2.0,32.0,4.0,3.0,13.0,27.0,151.0,316
260450,2013,0.0,0.0,0.0,0.0,0.0,0.0,0.0,0.0,0.0,0.0,148.0,292
260450,2014,21.0,1.0,4.0,6.0,0.0,56.0,6.0,20.0,19.0,38.0,172.0,326
260450,2015,5.0,0.0,4.0,2.0,0.0,43.0,6.0,17.0,17.0,56.0,153.0,337
260450,2016,11.0,0.0,2.0,0.0,2.0,45.0,6.0,13.0,11.0,38.0,131.0,285
260450,2017,6.0,0.0,10.0,3.0,4.0,51.0,6.0,14.0,11.0,38.0,146.0,300
260450,2018,11.0,1.0,5.0,3.0,2.0,83.0,12.0,12.0,8.0,32.0,177.0,341
260450,2019,10.0,0.0,6.0,6.0,1.0,63.0,20.0,9.0,24.0,23.0,166.0,307
260460,2012,21.0,0.0,8.0,7.0,4.0,44.0,11.0,18.0,25.0,35.0,178.0,422
260460,2013,0.0,0.0,0.0,0.0,0.0,0.0,0.0,0.0,0.0,0.0,161.0,376
260460,2014,13.0,3.0,5.0,5.0,3.0,40.0,6.0,13.0,22.0,22.0,137.0,374
260460,2015,17.0,0.0,5.0,4.0,5.0,66.0,7.0,14.0,26.0,40.0,186.0,438
260460,2016,16.0,0.0,2.0,3.0,2.0,50.0,8.0,14.0,11.0,51.0,163.0,385
260460,2017,8.0,0.0,2.0,2.0,2.0,45.0,13.0,16.0,10.0,23.0,125.0,340
260460,2018,11.0,0.0,8.0,11.0,2.0,54.0,8.0,21.0,19.0,17.0,162.0,373
260460,2019,22.0,1.0,4.0,10.0,5.0,53.0,22.0,10.0,20.0,20.0,169.0,370
260470,2012,6.0,0.0,2.0,1.0,2.0,19.0,5.0,11.0,10.0,28.0,85.0,230
260470,2013,0.0,0.0,0.0,0.0,0.0,0.0,0.0,0.0,0.0,0.0,91.0,224
260470,2014,4.0,0.0,2.0,1.0,3.0,30.0,2.0,16.0,7.0,28.0,95.0,216
260470,2015,5.0,1.0,3.0,4.0,3.0,27.0,1.0,14.0,14.0,24.0,96.0,270
260470,2016,5.0,0.0,0.0,1.0,2.0,34.0,2.0,15.0,2.0,25.0,87.0,220
260470,2017,5.0,1.0,1.0,5.0,2.0,34.0,7.0,9.0,11.0,34.0,109.0,245
260470,2018,4.0,0.0,0.0,2.0,3.0,19.0,7.0,14.0,8.0,30.0,87.0,240
260470,2019,6.0,2.0,3.0,1.0,1.0,39.0,3.0,11.0,5.0,24.0,95.0,221
260480,2012,21.0,0.0,2.0,3.0,3.0,28.0,3.0,23.0,6.0,28.0,121.0,232
260480,2013,0.0,0.0,0.0,0.0,0.0,0.0,0.0,0.0,0.0,0.0,106.0,220
260480,2014,7.0,0.0,0.0,1.0,2.0,34.0,1.0,12.0,3.0,19.0,92.0,217
260480,2015,6.0,0.0,0.0,4.0,3.0,20.0,6.0,18.0,6.0,17.0,81.0,239
260480,2016,8.0,1.0,2.0,5.0,0.0,25.0,4.0,5.0,7.0,7.0,68.0,196
260480,2017,7.0,1.0,0.0,2.0,0.0,31.0,3.0,9.0,6.0,11.0,70.0,193
260480,2018,3.0,0.0,0.0,5.0,3.0,29.0,3.0,10.0,7.0,14.0,77.0,196
260480,2019,6.0,0.0,0.0,1.0,4.0,14.0,10.0,3.0,10.0,12.0,60.0,160
260490,2012,28.0,2.0,2.0,2.0,6.0,30.0,6.0,16.0,12.0,22.0,131.0,229
260490,2013,0.0,0.0,0.0,0.0,0.0,0.0,0.0,0.0,0.0,0.0,123.0,209
260490,2014,7.0,1.0,6.0,2.0,0.0,29.0,12.0,14.0,21.0,26.0,121.0,197
260490,2015,6.0,0.0,0.0,3.0,5.0,32.0,9.0,5.0,11.0,22.0,93.0,184
260490,2016,5.0,1.0,2.0,3.0,3.0,30.0,11.0,7.0,12.0,7.0,81.0,143
260490,2017,5.0,2.0,1.0,1.0,0.0,23.0,13.0,10.0,9.0,24.0,88.0,153
260490,2018,5.0,1.0,0.0,3.0,3.0,39.0,8.0,6.0,17.0,21.0,105.0,167
260490,2019,4.0,0.0,0.0,5.0,1.0,37.0,11.0,9.0,13.0,19.0,99.0,183
260500,2012,22.0,0.0,10.0,5.0,4.0,52.0,13.0,25.0,14.0,38.0,193.0,415
260500,2013,0.0,0.0,0.0,0.0,0.0,0.0,0.0,0.0,0.0,0.0,204.0,344
260500,2014,14.0,1.0,0.0,2.0,4.0,74.0,21.0,23.0,26.0,50.0,217.0,395
260500,2015,14.0,0.0,7.0,5.0,5.0,49.0,13.0,26.0,34.0,44.0,199.0,393
260500,2016,7.0,1.0,0.0,7.0,8.0,58.0,15.0,16.0,22.0,27.0,165.0,354
260500,2017,8.0,0.0,4.0,4.0,6.0,68.0,7.0,15.0,19.0,43.0,175.0,383
260500,2018,9.0,0.0,3.0,2.0,5.0,44.0,11.0,20.0,26.0,29.0,153.0,339
260500,2019,9.0,1.0,4.0,6.0,4.0,51.0,7.0,20.0,17.0,36.0,156.0,320
260510,2012,27.0,6.0,8.0,6.0,8.0,92.0,0.0,13.0,42.0,74.0,332.0,594
260510,2013,0.0,0.0,0.0,0.0,0.0,0.0,0.0,0.0,0.0,0.0,394.0,616
260510,2014,32.0,1.0,2.0,2.0,2.0,88.0,26.0,61.0,45.0,89.0,355.0,533
260510,2015,31.0,0.0,11.0,2.0,0.0,103.0,18.0,60.0,59.0,68.0,353.0,575
260510,2016,15.0,1.0,5.0,4.0,3.0,80.0,24.0,35.0,74.0,60.0,301.0,468
260510,2017,21.0,1.0,4.0,4.0,7.0,90.0,55.0,15.0,97.0,29.0,343.0,517
260510,2018,19.0,0.0,4.0,9.0,1.0,102.0,54.0,12.0,100.0,33.0,340.0,529
260510,2019,20.0,3.0,9.0,5.0,1.0,104.0,41.0,16.0,47.0,30.0,281.0,461
260515,2012,18.0,2.0,4.0,11.0,3.0,22.0,5.0,6.0,18.0,15.0,114.0,261
260515,2013,0.0,0.0,0.0,0.0,0.0,0.0,0.0,0.0,0.0,0.0,127.0,285
260515,2014,5.0,0.0,4.0,25.0,17.0,23.0,14.0,16.0,19.0,14.0,138.0,243
260515,2015,10.0,0.0,0.0,24.0,32.0,28.0,10.0,8.0,15.0,14.0,141.0,250
260515,2016,8.0,0.0,0.0,10.0,12.0,31.0,11.0,16.0,13.0,19.0,121.0,223
260515,2017,11.0,0.0,5.0,6.0,2.0,41.0,16.0,7.0,21.0,14.0,127.0,247
260515,2018,8.0,0.0,0.0,16.0,8.0,37.0,11.0,16.0,17.0,20.0,136.0,252
260515,2019,9.0,0.0,9.0,7.0,2.0,50.0,7.0,31.0,12.0,27.0,155.0,250
260520,2012,156.0,0.0,10.0,8.0,17.0,136.0,20.0,93.0,57.0,158.0,700.0,1204
260520,2013,0.0,0.0,0.0,0.0,0.0,0.0,0.0,0.0,0.0,0.0,1040.0,1548
260520,2014,87.0,1.0,15.0,7.0,10.0,266.0,22.0,286.0,42.0,191.0,1065.0,1578
260520,2015,55.0,1.0,12.0,18.0,13.0,174.0,26.0,122.0,46.0,119.0,629.0,1147
260520,2016,29.0,1.0,10.0,13.0,5.0,143.0,19.0,56.0,42.0,96.0,482.0,1015
260520,2017,36.0,3.0,6.0,7.0,8.0,183.0,18.0,68.0,36.0,87.0,476.0,981
260520,2018,20.0,3.0,9.0,8.0,10.0,184.0,21.0,57.0,40.0,69.0,443.0,910
260520,2019,31.0,2.0,6.0,6.0,7.0,169.0,34.0,32.0,50.0,64.0,414.0,870
260530,2012,32.0,3.0,8.0,14.0,3.0,67.0,6.0,32.0,19.0,75.0,267.0,550
260530,2013,0.0,0.0,0.0,0.0,0.0,0.0,0.0,0.0,0.0,0.0,268.0,521
260530,2014,26.0,2.0,0.0,8.0,7.0,71.0,10.0,51.0,22.0,63.0,266.0,506
260530,2015,23.0,0.0,5.0,2.0,1.0,65.0,13.0,31.0,10.0,82.0,248.0,504
260530,2016,25.0,1.0,13.0,4.0,3.0,79.0,5.0,26.0,6.0,80.0,244.0,434
260530,2017,23.0,1.0,7.0,5.0,5.0,77.0,11.0,26.0,13.0,79.0,251.0,467
260530,2018,18.0,1.0,8.0,5.0,3.0,96.0,12.0,42.0,6.0,102.0,296.0,532
260530,2019,20.0,2.0,9.0,9.0,9.0,90.0,14.0,33.0,19.0,99.0,307.0,511
260540,2012,28.0,0.0,2.0,6.0,7.0,47.0,7.0,17.0,18.0,35.0,170.0,295
260540,2013,0.0,0.0,0.0,0.0,0.0,0.0,0.0,0.0,0.0,0.0,173.0,288
260540,2014,18.0,3.0,4.0,2.0,4.0,59.0,17.0,14.0,23.0,25.0,175.0,297
260540,2015,15.0,2.0,7.0,9.0,4.0,75.0,16.0,11.0,36.0,17.0,193.0,341
260540,2016,8.0,0.0,5.0,3.0,2.0,78.0,15.0,6.0,42.0,25.0,185.0,304
260540,2017,12.0,1.0,4.0,2.0,2.0,70.0,15.0,7.0,32.0,28.0,179.0,335
260540,2018,10.0,0.0,2.0,5.0,7.0,77.0,17.0,6.0,47.0,17.0,192.0,319
260540,2019,12.0,0.0,1.0,3.0,1.0,69.0,18.0,8.0,29.0,20.0,167.0,316
260545,2012,7.0,0.0,0.0,0.0,0.0,3.0,0.0,0.0,1.0,1.0,12.0,20
260545,2013,0.0,0.0,0.0,0.0,0.0,0.0,0.0,0.0,0.0,0.0,15.0,16
260545,2014,3.0,0.0,0.0,0.0,0.0,3.0,4.0,1.0,3.0,1.0,15.0,22
260545,2015,0.0,0.0,0.0,0.0,3.0,3.0,0.0,0.0,1.0,3.0,11.0,19
260545,2016,2.0,0.0,0.0,1.0,0.0,2.0,4.0,1.0,6.0,1.0,18.0,26
260545,2017,1.0,0.0,0.0,0.0,0.0,4.0,1.0,1.0,4.0,2.0,13.0,23
260545,2018,0.0,0.0,0.0,1.0,0.0,7.0,0.0,1.0,3.0,2.0,14.0,24
260545,2019,2.0,0.0,1.0,1.0,1.0,8.0,2.0,1.0,2.0,1.0,19.0,32
260550,2012,9.0,1.0,0.0,2.0,1.0,31.0,6.0,17.0,7.0,26.0,100.0,191
260550,2013,0.0,0.0,0.0,0.0,0.0,0.0,0.0,0.0,0.0,0.0,72.0,151
260550,2014,2.0,0.0,2.0,2.0,0.0,16.0,4.0,9.0,3.0,24.0,63.0,118
260550,2015,3.0,0.0,5.0,3.0,3.0,21.0,1.0,8.0,2.0,17.0,66.0,147
260550,2016,3.0,0.0,0.0,3.0,0.0,28.0,2.0,8.0,4.0,19.0,67.0,163
260550,2017,4.0,0.0,0.0,1.0,2.0,25.0,6.0,6.0,13.0,12.0,70.0,147
260550,2018,1.0,0.0,3.0,1.0,0.0,20.0,8.0,8.0,8.0,8.0,57.0,124
260550,2019,1.0,0.0,0.0,1.0,2.0,24.0,10.0,7.0,11.0,8.0,65.0,149
260560,2012,23.0,0.0,4.0,4.0,2.0,35.0,4.0,26.0,9.0,49.0,163.0,308
260560,2013,0.0,0.0,0.0,0.0,0.0,0.0,0.0,0.0,0.0,0.0,172.0,264
260560,2014,13.0,2.0,1.0,5.0,2.0,40.0,2.0,39.0,8.0,62.0,175.0,262
260560,2015,11.0,1.0,2.0,2.0,0.0,41.0,6.0,32.0,9.0,43.0,151.0,275
260560,2016,16.0,0.0,5.0,5.0,3.0,32.0,12.0,23.0,7.0,29.0,134.0,227
260560,2017,16.0,0.0,2.0,2.0,5.0,45.0,12.0,12.0,17.0,37.0,154.0,262
260560,2018,16.0,0.0,6.0,6.0,3.0,41.0,7.0,17.0,14.0,29.0,140.0,234
260560,2019,6.0,0.0,4.0,5.0,4.0,61.0,6.0,34.0,10.0,52.0,185.0,269
260570,2012,32.0,1.0,4.0,4.0,5.0,49.0,2.0,42.0,11.0,87.0,243.0,506
260570,2013,0.0,0.0,0.0,0.0,0.0,0.0,0.0,0.0,0.0,0.0,206.0,480
260570,2014,16.0,0.0,10.0,4.0,4.0,55.0,10.0,33.0,17.0,54.0,220.0,461
260570,2015,11.0,3.0,4.0,4.0,2.0,50.0,7.0,24.0,21.0,43.0,196.0,471
260570,2016,8.0,1.0,8.0,2.0,2.0,45.0,7.0,26.0,13.0,43.0,171.0,430
260570,2017,11.0,0.0,1.0,6.0,2.0,61.0,14.0,23.0,14.0,43.0,187.0,456
260570,2018,16.0,1.0,3.0,5.0,4.0,71.0,10.0,43.0,11.0,71.0,258.0,515
260570,2019,13.0,3.0,10.0,4.0,5.0,72.0,19.0,21.0,12.0,50.0,240.0,485
260580,2012,12.0,0.0,4.0,1.0,1.0,22.0,12.0,12.0,21.0,29.0,116.0,177
260580,2013,0.0,0.0,0.0,0.0,0.0,0.0,0.0,0.0,0.0,0.0,92.0,143
260580,2014,5.0,0.0,2.0,1.0,0.0,25.0,14.0,7.0,26.0,9.0,91.0,142
260580,2015,3.0,0.0,4.0,1.0,0.0,35.0,13.0,10.0,22.0,16.0,104.0,143
260580,2016,7.0,2.0,3.0,0.0,3.0,23.0,4.0,11.0,14.0,16.0,83.0,133
260580,2017,7.0,0.0,0.0,2.0,4.0,21.0,6.0,7.0,16.0,16.0,79.0,140
260580,2018,6.0,0.0,2.0,1.0,0.0,34.0,14.0,11.0,29.0,18.0,117.0,166
260580,2019,7.0,0.0,4.0,1.0,0.0,31.0,24.0,4.0,35.0,10.0,117.0,157
260590,2012,45.0,0.0,5.0,1.0,6.0,38.0,0.0,27.0,5.0,36.0,182.0,384
260590,2013,0.0,0.0,0.0,0.0,0.0,0.0,0.0,0.0,0.0,0.0,213.0,420
260590,2014,15.0,0.0,7.0,4.0,0.0,48.0,4.0,44.0,14.0,50.0,203.0,373
260590,2015,9.0,1.0,1.0,5.0,1.0,45.0,13.0,27.0,9.0,34.0,157.0,401
260590,2016,14.0,2.0,2.0,9.0,3.0,46.0,14.0,40.0,11.0,41.0,188.0,362
260590,2017,11.0,1.0,7.0,2.0,3.0,44.0,6.0,30.0,7.0,38.0,156.0,357
260590,2018,11.0,0.0,4.0,3.0,0.0,45.0,10.0,18.0,11.0,25.0,128.0,312
260590,2019,8.0,0.0,3.0,0.0,1.0,36.0,3.0,22.0,8.0,20.0,107.0,267
260600,2012,115.0,4.0,27.0,27.0,39.0,352.0,37.0,144.0,141.0,417.0,1314.0,2344
260600,2013,0.0,0.0,0.0,0.0,0.0,0.0,0.0,0.0,0.0,0.0,1440.0,2355
260600,2014,100.0,5.0,28.0,25.0,17.0,431.0,40.0,196.0,101.0,398.0,1365.0,2360
260600,2015,111.0,5.0,29.0,26.0,31.0,428.0,46.0,173.0,133.0,370.0,1353.0,2489
260600,2016,84.0,4.0,36.0,18.0,24.0,412.0,50.0,154.0,105.0,359.0,1254.0,2179
260600,2017,76.0,4.0,19.0,25.0,21.0,444.0,54.0,152.0,115.0,329.0,1268.0,2248
260600,2018,85.0,6.0,31.0,28.0,19.0,508.0,46.0,167.0,120.0,355.0,1369.0,2313
260600,2019,87.0,4.0,55.0,27.0,26.0,486.0,68.0,162.0,134.0,347.0,1400.0,2268
260610,2012,88.0,1.0,9.0,3.0,7.0,54.0,2.0,11.0,16.0,31.0,223.0,432
260610,2013,0.0,0.0,0.0,0.0,0.0,0.0,0.0,0.0,0.0,0.0,189.0,394
260610,2014,8.0,0.0,11.0,1.0,2.0,64.0,12.0,19.0,26.0,47.0,192.0,381
260610,2015,19.0,0.0,4.0,6.0,4.0,62.0,10.0,28.0,29.0,67.0,229.0,424
260610,2016,22.0,0.0,6.0,3.0,4.0,53.0,14.0,21.0,13.0,47.0,186.0,356
260610,2017,14.0,0.0,10.0,4.0,4.0,88.0,12.0,25.0,36.0,52.0,254.0,444
260610,2018,16.0,0.0,2.0,2.0,1.0,77.0,21.0,24.0,28.0,40.0,217.0,415
260610,2019,11.0,0.0,4.0,4.0,3.0,85.0,22.0,21.0,37.0,23.0,214.0,364
260620,2012,59.0,5.0,12.0,11.0,12.0,163.0,34.0,37.0,116.0,133.0,607.0,1238
260620,2013,0.0,0.0,0.0,0.0,0.0,0.0,0.0,0.0,0.0,0.0,562.0,1237
260620,2014,53.0,6.0,14.0,21.0,15.0,148.0,40.0,73.0,89.0,147.0,614.0,1308
260620,2015,43.0,5.0,11.0,15.0,12.0,199.0,42.0,71.0,58.0,116.0,590.0,1263
260620,2016,53.0,1.0,5.0,16.0,9.0,165.0,30.0,66.0,70.0,89.0,516.0,1151
260620,2017,51.0,1.0,23.0,18.0,8.0,189.0,56.0,39.0,91.0,101.0,593.0,1183
260620,2018,50.0,1.0,10.0,36.0,12.0,206.0,72.0,58.0,107.0,72.0,661.0,1216
260620,2019,51.0,0.0,16.0,16.0,7.0,193.0,70.0,53.0,95.0,79.0,598.0,1146
260630,2012,4.0,0.0,3.0,0.0,1.0,13.0,3.0,7.0,6.0,14.0,53.0,114
260630,2013,0.0,0.0,0.0,0.0,0.0,0.0,0.0,0.0,0.0,0.0,48.0,92
260630,2014,6.0,0.0,2.0,1.0,1.0,14.0,1.0,10.0,4.0,16.0,56.0,116
260630,2015,2.0,1.0,3.0,1.0,0.0,13.0,2.0,11.0,5.0,21.0,61.0,103
260630,2016,1.0,0.0,2.0,2.0,1.0,15.0,6.0,6.0,5.0,22.0,60.0,109
260630,2017,5.0,0.0,0.0,0.0,0.0,18.0,3.0,8.0,5.0,14.0,53.0,95
260630,2018,4.0,0.0,0.0,3.0,2.0,18.0,0.0,11.0,0.0,20.0,60.0,126
260630,2019,1.0,0.0,2.0,2.0,0.0,20.0,2.0,13.0,5.0,18.0,66.0,108
260640,2012,233.0,1.0,15.0,17.0,12.0,130.0,17.0,36.0,72.0,101.0,645.0,1180
260640,2013,0.0,0.0,0.0,0.0,0.0,0.0,0.0,0.0,0.0,0.0,667.0,1133
260640,2014,56.0,1.0,20.0,8.0,13.0,228.0,45.0,92.0,103.0,194.0,768.0,1266
260640,2015,39.0,1.0,15.0,11.0,9.0,197.0,31.0,111.0,66.0,182.0,666.0,1159
260640,2016,39.0,0.0,13.0,17.0,7.0,192.0,21.0,70.0,63.0,144.0,573.0,1060
260640,2017,30.0,0.0,11.0,8.0,18.0,190.0,30.0,47.0,66.0,117.0,529.0,1046
260640,2018,44.0,1.0,16.0,11.0,8.0,224.0,53.0,52.0,93.0,111.0,624.0,1140
260640,2019,42.0,5.0,12.0,11.0,8.0,249.0,48.0,57.0,91.0,99.0,634.0,1137
260650,2012,8.0,1.0,3.0,2.0,0.0,18.0,10.0,12.0,6.0,28.0,88.0,296
260650,2013,0.0,0.0,0.0,0.0,0.0,0.0,0.0,0.0,0.0,0.0,95.0,303
260650,2014,10.0,0.0,0.0,3.0,4.0,23.0,3.0,13.0,8.0,34.0,101.0,302
260650,2015,7.0,1.0,1.0,4.0,4.0,35.0,1.0,22.0,7.0,13.0,97.0,313
260650,2016,2.0,0.0,0.0,0.0,1.0,25.0,2.0,11.0,6.0,25.0,73.0,249
260650,2017,5.0,0.0,2.0,2.0,0.0,34.0,4.0,14.0,7.0,35.0,106.0,278
260650,2018,9.0,0.0,2.0,3.0,6.0,44.0,2.0,21.0,10.0,44.0,141.0,324
260650,2019,11.0,5.0,4.0,13.0,4.0,35.0,6.0,33.0,7.0,31.0,150.0,270
260660,2012,28.0,1.0,6.0,2.0,3.0,32.0,0.0,29.0,6.0,53.0,161.0,519
260660,2013,0.0,0.0,0.0,0.0,0.0,0.0,0.0,0.0,0.0,0.0,152.0,432
260660,2014,17.0,0.0,6.0,4.0,5.0,50.0,2.0,31.0,6.0,48.0,178.0,473
260660,2015,7.0,0.0,1.0,3.0,4.0,33.0,9.0,25.0,12.0,51.0,150.0,468
260660,2016,13.0,1.0,0.0,1.0,1.0,48.0,8.0,19.0,4.0,43.0,142.0,423
260660,2017,18.0,1.0,1.0,4.0,5.0,57.0,10.0,26.0,14.0,46.0,193.0,484
260660,2018,17.0,0.0,3.0,3.0,5.0,58.0,24.0,21.0,13.0,45.0,196.0,456
260660,2019,6.0,0.0,0.0,3.0,3.0,52.0,28.0,14.0,22.0,40.0,181.0,441
260670,2012,7.0,0.0,2.0,2.0,1.0,5.0,3.0,1.0,3.0,12.0,38.0,91
260670,2013,0.0,0.0,0.0,0.0,0.0,0.0,0.0,0.0,0.0,0.0,45.0,102
260670,2014,1.0,0.0,4.0,1.0,1.0,10.0,3.0,4.0,6.0,8.0,39.0,95
260670,2015,5.0,0.0,0.0,0.0,0.0,9.0,2.0,6.0,6.0,14.0,44.0,89
260670,2016,2.0,0.0,0.0,0.0,0.0,10.0,3.0,3.0,2.0,5.0,28.0,82
260670,2017,1.0,0.0,4.0,2.0,2.0,11.0,3.0,5.0,5.0,9.0,45.0,96
260670,2018,8.0,0.0,8.0,1.0,0.0,10.0,2.0,4.0,5.0,8.0,47.0,99
260670,2019,4.0,0.0,0.0,2.0,1.0,13.0,5.0,8.0,1.0,6.0,40.0,102
260680,2012,113.0,1.0,17.0,18.0,25.0,189.0,86.0,40.0,161.0,159.0,826.0,1514
260680,2013,0.0,0.0,0.0,0.0,0.0,0.0,0.0,0.0,0.0,0.0,866.0,1635
260680,2014,67.0,3.0,14.0,20.0,14.0,261.0,73.0,82.0,171.0,157.0,881.0,1684
260680,2015,71.0,2.0,27.0,33.0,18.0,247.0,80.0,52.0,113.0,144.0,795.0,1734
260680,2016,59.0,2.0,12.0,20.0,15.0,212.0,49.0,59.0,115.0,146.0,710.0,1563
260680,2017,60.0,0.0,18.0,25.0,17.0,192.0,62.0,57.0,120.0,117.0,681.0,1544
260680,2018,48.0,3.0,30.0,28.0,16.0,256.0,69.0,53.0,138.0,131.0,781.0,1631
260680,2019,61.0,2.0,28.0,20.0,14.0,243.0,67.0,50.0,132.0,101.0,730.0,1569
260690,2012,15.0,1.0,2.0,1.0,1.0,33.0,4.0,13.0,7.0,20.0,99.0,155
260690,2013,0.0,0.0,0.0,0.0,0.0,0.0,0.0,0.0,0.0,0.0,94.0,145
260690,2014,8.0,0.0,1.0,5.0,2.0,23.0,1.0,23.0,3.0,37.0,104.0,165
260690,2015,5.0,0.0,2.0,0.0,1.0,42.0,0.0,20.0,2.0,35.0,109.0,171
260690,2016,2.0,0.0,0.0,2.0,1.0,25.0,2.0,21.0,1.0,28.0,82.0,132
260690,2017,4.0,0.0,2.0,2.0,0.0,31.0,1.0,19.0,2.0,35.0,96.0,150
260690,2018,6.0,0.0,4.0,0.0,0.0,34.0,2.0,13.0,0.0,19.0,78.0,130
260690,2019,6.0,0.0,2.0,1.0,1.0,38.0,1.0,14.0,1.0,15.0,79.0,129
260700,2012,20.0,0.0,2.0,11.0,11.0,15.0,0.0,20.0,3.0,25.0,110.0,342
260700,2013,0.0,0.0,0.0,0.0,0.0,0.0,0.0,0.0,0.0,0.0,104.0,352
260700,2014,12.0,1.0,8.0,3.0,3.0,21.0,2.0,34.0,5.0,25.0,121.0,334
260700,2015,2.0,1.0,4.0,3.0,4.0,17.0,1.0,14.0,3.0,14.0,68.0,282
260700,2016,7.0,1.0,2.0,2.0,2.0,16.0,3.0,18.0,4.0,36.0,98.0,336
260700,2017,4.0,1.0,3.0,1.0,1.0,28.0,3.0,17.0,0.0,32.0,91.0,331
260700,2018,11.0,0.0,6.0,4.0,4.0,50.0,4.0,22.0,9.0,24.0,144.0,380
260700,2019,5.0,0.0,2.0,0.0,3.0,30.0,12.0,8.0,8.0,15.0,106.0,330
260710,2012,2.0,0.0,0.0,0.0,2.0,16.0,6.0,9.0,9.0,4.0,48.0,69
260710,2013,0.0,0.0,0.0,0.0,0.0,0.0,0.0,0.0,0.0,0.0,42.0,50
260710,2014,4.0,0.0,2.0,2.0,0.0,11.0,1.0,10.0,2.0,9.0,42.0,58
260710,2015,1.0,0.0,0.0,0.0,0.0,17.0,1.0,4.0,3.0,11.0,38.0,56
260710,2016,2.0,0.0,0.0,0.0,0.0,14.0,0.0,7.0,2.0,13.0,38.0,65
260710,2017,2.0,0.0,0.0,0.0,1.0,18.0,0.0,6.0,0.0,15.0,42.0,54
260710,2018,0.0,0.0,0.0,0.0,0.0,16.0,0.0,10.0,0.0,16.0,42.0,65
260710,2019,1.0,0.0,2.0,0.0,0.0,23.0,0.0,6.0,3.0,15.0,50.0,74
260720,2012,133.0,7.0,22.0,12.0,11.0,202.0,35.0,102.0,116.0,203.0,880.0,1632
260720,2013,0.0,0.0,0.0,0.0,0.0,0.0,0.0,0.0,0.0,0.0,763.0,1599
260720,2014,66.0,3.0,16.0,16.0,25.0,201.0,56.0,94.0,131.0,148.0,784.0,1576
260720,2015,57.0,3.0,26.0,21.0,15.0,220.0,73.0,93.0,112.0,138.0,778.0,1697
260720,2016,60.0,3.0,25.0,11.0,18.0,225.0,61.0,75.0,89.0,109.0,690.0,1562
260720,2017,60.0,3.0,17.0,22.0,18.0,236.0,78.0,51.0,116.0,133.0,748.0,1743
260720,2018,79.0,3.0,21.0,17.0,7.0,278.0,58.0,75.0,142.0,151.0,835.0,1800
260720,2019,53.0,2.0,15.0,20.0,14.0,258.0,79.0,67.0,133.0,133.0,793.0,1731
260730,2012,23.0,0.0,11.0,2.0,8.0,60.0,10.0,32.0,15.0,69.0,235.0,647
260730,2013,0.0,0.0,0.0,0.0,0.0,0.0,0.0,0.0,0.0,0.0,196.0,514
260730,2014,13.0,0.0,8.0,4.0,1.0,60.0,9.0,30.0,9.0,60.0,199.0,509
260730,2015,8.0,1.0,8.0,10.0,2.0,57.0,10.0,27.0,10.0,62.0,202.0,533
260730,2016,10.0,1.0,8.0,6.0,4.0,72.0,6.0,48.0,11.0,79.0,248.0,563
260730,2017,12.0,1.0,1.0,13.0,7.0,64.0,11.0,40.0,17.0,37.0,204.0,490
260730,2018,13.0,1.0,4.0,6.0,4.0,77.0,14.0,20.0,9.0,49.0,198.0,503
260730,2019,10.0,1.0,2.0,6.0,1.0,85.0,5.0,33.0,10.0,46.0,200.0,542
260740,2012,3.0,0.0,0.0,1.0,2.0,8.0,0.0,3.0,0.0,15.0,32.0,72
260740,2013,0.0,0.0,0.0,0.0,0.0,0.0,0.0,0.0,0.0,0.0,38.0,89
260740,2014,3.0,0.0,0.0,2.0,1.0,11.0,2.0,5.0,3.0,12.0,41.0,81
260740,2015,3.0,1.0,1.0,2.0,0.0,10.0,1.0,6.0,0.0,8.0,38.0,77
260740,2016,1.0,1.0,1.0,0.0,0.0,9.0,3.0,5.0,2.0,9.0,34.0,80
260740,2017,2.0,0.0,2.0,2.0,0.0,10.0,2.0,4.0,2.0,9.0,39.0,77
260740,2018,3.0,0.0,0.0,1.0,3.0,7.0,1.0,7.0,2.0,12.0,40.0,72
260740,2019,5.0,0.0,0.0,0.0,0.0,7.0,1.0,6.0,2.0,5.0,31.0,68
260750,2012,19.0,1.0,6.0,1.0,2.0,28.0,2.0,22.0,5.0,45.0,140.0,409
260750,2013,0.0,0.0,0.0,0.0,0.0,0.0,0.0,0.0,0.0,0.0,123.0,357
260750,2014,19.0,0.0,4.0,1.0,2.0,24.0,2.0,30.0,10.0,33.0,129.0,352
260750,2015,6.0,0.0,2.0,0.0,1.0,34.0,14.0,23.0,9.0,44.0,138.0,373
260750,2016,12.0,1.0,10.0,2.0,2.0,23.0,10.0,24.0,11.0,33.0,130.0,325
260750,2017,8.0,1.0,2.0,4.0,2.0,38.0,11.0,22.0,13.0,32.0,141.0,340
260750,2018,13.0,1.0,2.0,4.0,2.0,43.0,17.0,26.0,22.0,29.0,162.0,401
260750,2019,11.0,1.0,2.0,4.0,1.0,36.0,15.0,17.0,22.0,26.0,141.0,359
260760,2012,22.0,0.0,4.0,1.0,6.0,39.0,9.0,16.0,19.0,17.0,142.0,314
260760,2013,0.0,0.0,0.0,0.0,0.0,0.0,0.0,0.0,0.0,0.0,152.0,326
260760,2014,9.0,1.0,6.0,6.0,3.0,38.0,13.0,10.0,22.0,31.0,139.0,297
260760,2015,11.0,0.0,4.0,7.0,0.0,41.0,12.0,15.0,24.0,25.0,140.0,339
260760,2016,9.0,0.0,2.0,5.0,2.0,45.0,10.0,9.0,20.0,17.0,124.0,317
260760,2017,10.0,0.0,4.0,4.0,6.0,37.0,8.0,14.0,9.0,22.0,120.0,331
260760,2018,12.0,2.0,3.0,1.0,4.0,44.0,3.0,11.0,14.0,20.0,115.0,328
260760,2019,12.0,1.0,4.0,6.0,4.0,46.0,29.0,9.0,17.0,15.0,144.0,331
260765,2012,9.0,1.0,4.0,6.0,6.0,64.0,11.0,24.0,11.0,64.0,206.0,538
260765,2013,0.0,0.0,0.0,0.0,0.0,0.0,0.0,0.0,0.0,0.0,161.0,435
260765,2014,19.0,2.0,4.0,5.0,2.0,62.0,9.0,35.0,14.0,44.0,199.0,472
260765,2015,19.0,0.0,4.0,4.0,7.0,71.0,6.0,27.0,18.0,54.0,213.0,501
260765,2016,10.0,1.0,4.0,6.0,2.0,44.0,12.0,13.0,12.0,50.0,159.0,437
260765,2017,13.0,1.0,9.0,8.0,4.0,53.0,5.0,23.0,15.0,30.0,162.0,409
260765,2018,12.0,1.0,6.0,5.0,1.0,58.0,15.0,15.0,21.0,36.0,174.0,437
260765,2019,12.0,0.0,12.0,2.0,4.0,53.0,9.0,17.0,15.0,34.0,159.0,378
260770,2012,14.0,0.0,4.0,3.0,5.0,40.0,3.0,7.0,42.0,23.0,166.0,220
260770,2013,0.0,0.0,0.0,0.0,0.0,0.0,0.0,0.0,0.0,0.0,162.0,194
260770,2014,17.0,0.0,2.0,1.0,1.0,45.0,30.0,1.0,67.0,6.0,172.0,201
260770,2015,5.0,0.0,2.0,1.0,0.0,55.0,21.0,4.0,56.0,10.0,155.0,193
260770,2016,11.0,0.0,4.0,1.0,1.0,53.0,21.0,6.0,55.0,3.0,156.0,187
260770,2017,8.0,0.0,0.0,0.0,0.0,47.0,18.0,4.0,36.0,15.0,128.0,167
260770,2018,7.0,0.0,1.0,1.0,0.0,67.0,20.0,8.0,41.0,12.0,158.0,202
260770,2019,6.0,0.0,2.0,2.0,1.0,58.0,17.0,3.0,28.0,12.0,129.0,177
260775,2012,8.0,0.0,4.0,2.0,3.0,34.0,18.0,12.0,29.0,35.0,150.0,357
260775,2013,0.0,0.0,0.0,0.0,0.0,0.0,0.0,0.0,0.0,0.0,161.0,360
260775,2014,19.0,1.0,4.0,4.0,3.0,44.0,18.0,16.0,28.0,32.0,170.0,363
260775,2015,21.0,0.0,2.0,8.0,5.0,52.0,11.0,16.0,25.0,38.0,180.0,441
260775,2016,14.0,0.0,4.0,3.0,5.0,46.0,13.0,13.0,24.0,23.0,150.0,366
260775,2017,14.0,0.0,2.0,2.0,3.0,48.0,9.0,7.0,24.0,24.0,134.0,324
260775,2018,17.0,1.0,1.0,8.0,7.0,40.0,14.0,10.0,30.0,29.0,158.0,375
260775,2019,10.0,0.0,4.0,3.0,3.0,43.0,20.0,6.0,21.0,22.0,136.0,364
260780,2012,27.0,1.0,3.0,0.0,2.0,25.0,10.0,7.0,25.0,27.0,130.0,269
260780,2013,0.0,0.0,0.0,0.0,0.0,0.0,0.0,0.0,0.0,0.0,114.0,249
260780,2014,5.0,2.0,4.0,10.0,3.0,23.0,17.0,11.0,20.0,20.0,121.0,258
260780,2015,14.0,1.0,2.0,5.0,3.0,34.0,6.0,8.0,20.0,14.0,108.0,289
260780,2016,8.0,0.0,4.0,5.0,2.0,22.0,5.0,11.0,5.0,16.0,79.0,209
260780,2017,14.0,0.0,0.0,1.0,2.0,31.0,7.0,3.0,15.0,21.0,96.0,242
260780,2018,11.0,0.0,4.0,5.0,1.0,34.0,10.0,8.0,19.0,13.0,113.0,242
260780,2019,9.0,1.0,4.0,3.0,3.0,28.0,12.0,10.0,18.0,18.0,111.0,231
260790,2012,668.0,16.0,133.0,104.0,104.0,1372.0,349.0,305.0,1170.0,864.0,5139.0,9380
260790,2013,0.0,0.0,0.0,0.0,0.0,0.0,0.0,0.0,0.0,0.0,5432.0,9711
260790,2014,521.0,18.0,144.0,132.0,122.0,1493.0,551.0,483.0,1137.0,911.0,5585.0,9819
260790,2015,471.0,10.0,165.0,154.0,145.0,1571.0,500.0,403.0,1008.0,917.0,5424.0,10051
260790,2016,438.0,21.0,125.0,137.0,118.0,1323.0,384.0,343.0,855.0,702.0,4507.0,8880
260790,2017,399.0,11.0,149.0,160.0,122.0,1502.0,387.0,331.0,862.0,665.0,4673.0,9591
260790,2018,410.0,17.0,154.0,159.0,131.0,1580.0,445.0,276.0,916.0,598.0,4816.0,9688
260790,2019,389.0,14.0,152.0,185.0,116.0,1550.0,461.0,249.0,844.0,491.0,4568.0,9235
260795,2012,19.0,0.0,4.0,1.0,4.0,17.0,1.0,13.0,4.0,21.0,87.0,184
260795,2013,0.0,0.0,0.0,0.0,0.0,0.0,0.0,0.0,0.0,0.0,87.0,169
260795,2014,9.0,0.0,1.0,1.0,3.0,25.0,0.0,25.0,3.0,27.0,103.0,210
260795,2015,10.0,0.0,0.0,0.0,2.0,26.0,1.0,32.0,10.0,18.0,105.0,188
260795,2016,8.0,0.0,2.0,1.0,1.0,40.0,3.0,40.0,5.0,25.0,136.0,238
260795,2017,6.0,0.0,4.0,1.0,2.0,20.0,0.0,14.0,1.0,16.0,66.0,193
260795,2018,6.0,0.0,2.0,3.0,0.0,23.0,2.0,16.0,5.0,18.0,77.0,180
260795,2019,5.0,0.0,2.0,3.0,1.0,23.0,1.0,17.0,4.0,14.0,72.0,161
260800,2012,13.0,1.0,8.0,4.0,1.0,20.0,10.0,5.0,9.0,28.0,100.0,292
260800,2013,0.0,0.0,0.0,0.0,0.0,0.0,0.0,0.0,0.0,0.0,102.0,279
260800,2014,15.0,1.0,6.0,3.0,2.0,27.0,5.0,19.0,6.0,31.0,117.0,287
260800,2015,5.0,0.0,1.0,2.0,1.0,31.0,6.0,14.0,12.0,34.0,106.0,294
260800,2016,7.0,0.0,2.0,5.0,1.0,18.0,5.0,10.0,8.0,22.0,80.0,217
260800,2017,8.0,1.0,2.0,3.0,4.0,22.0,14.0,9.0,6.0,25.0,96.0,242
260800,2018,10.0,1.0,0.0,4.0,3.0,20.0,14.0,17.0,11.0,17.0,98.0,235
260800,2019,6.0,2.0,9.0,2.0,0.0,33.0,6.0,11.0,11.0,21.0,102.0,250
260805,2012,10.0,1.0,4.0,3.0,2.0,19.0,3.0,3.0,6.0,12.0,79.0,259
260805,2013,0.0,0.0,0.0,0.0,0.0,0.0,0.0,0.0,0.0,0.0,72.0,234
260805,2014,7.0,1.0,5.0,8.0,2.0,22.0,2.0,8.0,9.0,20.0,94.0,242
260805,2015,6.0,0.0,0.0,4.0,0.0,23.0,1.0,9.0,5.0,19.0,74.0,219
260805,2016,6.0,0.0,0.0,5.0,2.0,17.0,1.0,13.0,4.0,26.0,82.0,213
260805,2017,11.0,0.0,8.0,1.0,1.0,16.0,4.0,10.0,6.0,16.0,83.0,223
260805,2018,10.0,1.0,2.0,5.0,0.0,19.0,2.0,11.0,6.0,8.0,82.0,198
260805,2019,4.0,0.0,4.0,2.0,4.0,19.0,4.0,1.0,2.0,9.0,61.0,212
260810,2012,40.0,0.0,0.0,9.0,4.0,55.0,20.0,21.0,35.0,45.0,235.0,374
260810,2013,0.0,0.0,0.0,0.0,0.0,0.0,0.0,0.0,0.0,0.0,224.0,375
260810,2014,12.0,1.0,1.0,7.0,2.0,57.0,26.0,11.0,78.0,28.0,225.0,359
260810,2015,16.0,1.0,1.0,9.0,4.0,64.0,27.0,4.0,70.0,16.0,215.0,378
260810,2016,12.0,2.0,3.0,3.0,4.0,55.0,26.0,15.0,44.0,11.0,177.0,306
260810,2017,17.0,0.0,4.0,2.0,1.0,69.0,24.0,7.0,56.0,30.0,211.0,353
260810,2018,13.0,1.0,2.0,3.0,7.0,82.0,36.0,7.0,68.0,15.0,239.0,373
260810,2019,12.0,1.0,0.0,5.0,4.0,61.0,26.0,5.0,65.0,13.0,193.0,321
260820,2012,36.0,4.0,5.0,2.0,4.0,29.0,2.0,25.0,4.0,33.0,154.0,282
260820,2013,0.0,0.0,0.0,0.0,0.0,0.0,0.0,0.0,0.0,0.0,134.0,265
260820,2014,20.0,0.0,2.0,0.0,1.0,33.0,1.0,39.0,2.0,27.0,143.0,247
260820,2015,14.0,0.0,4.0,0.0,2.0,56.0,3.0,50.0,10.0,46.0,192.0,331
260820,2016,10.0,1.0,4.0,5.0,4.0,38.0,9.0,38.0,6.0,31.0,156.0,266
260820,2017,12.0,0.0,5.0,2.0,0.0,43.0,3.0,33.0,0.0,37.0,137.0,281
260820,2018,8.0,1.0,8.0,1.0,2.0,40.0,1.0,19.0,4.0,18.0,103.0,208
260820,2019,7.0,0.0,3.0,1.0,4.0,41.0,3.0,19.0,3.0,20.0,103.0,202
260825,2012,6.0,0.0,0.0,3.0,1.0,19.0,5.0,16.0,4.0,19.0,73.0,164
260825,2013,0.0,0.0,0.0,0.0,0.0,0.0,0.0,0.0,0.0,0.0,93.0,170
260825,2014,11.0,0.0,1.0,2.0,1.0,29.0,3.0,12.0,4.0,29.0,96.0,192
260825,2015,6.0,0.0,6.0,3.0,1.0,36.0,3.0,10.0,6.0,29.0,100.0,211
260825,2016,4.0,0.0,6.0,0.0,1.0,30.0,3.0,21.0,2.0,26.0,95.0,182
260825,2017,5.0,1.0,0.0,2.0,0.0,37.0,3.0,19.0,5.0,27.0,99.0,174
260825,2018,11.0,0.0,1.0,0.0,1.0,34.0,1.0,22.0,3.0,27.0,100.0,175
260825,2019,5.0,0.0,8.0,1.0,3.0,37.0,6.0,15.0,11.0,27.0,113.0,199
260830,2012,14.0,0.0,0.0,2.0,2.0,25.0,8.0,23.0,10.0,30.0,114.0,268
260830,2013,0.0,0.0,0.0,0.0,0.0,0.0,0.0,0.0,0.0,0.0,115.0,274
260830,2014,8.0,1.0,7.0,5.0,2.0,37.0,2.0,19.0,5.0,32.0,124.0,299
260830,2015,8.0,0.0,0.0,4.0,2.0,37.0,3.0,28.0,17.0,34.0,133.0,320
260830,2016,9.0,1.0,1.0,3.0,2.0,34.0,5.0,12.0,8.0,27.0,103.0,246
260830,2017,8.0,4.0,3.0,3.0,3.0,40.0,9.0,20.0,7.0,22.0,121.0,279
260830,2018,11.0,0.0,6.0,3.0,1.0,49.0,7.0,25.0,11.0,37.0,150.0,302
260830,2019,7.0,0.0,4.0,6.0,3.0,50.0,7.0,28.0,10.0,21.0,136.0,277
260840,2012,5.0,0.0,2.0,3.0,1.0,19.0,4.0,17.0,11.0,21.0,84.0,233
260840,2013,0.0,0.0,0.0,0.0,0.0,0.0,0.0,0.0,0.0,0.0,87.0,222
260840,2014,6.0,0.0,2.0,3.0,1.0,18.0,2.0,11.0,3.0,23.0,69.0,194
260840,2015,7.0,0.0,2.0,3.0,0.0,18.0,2.0,13.0,7.0,28.0,80.0,203
260840,2016,12.0,1.0,0.0,4.0,1.0,18.0,1.0,13.0,5.0,29.0,85.0,215
260840,2017,6.0,0.0,6.0,1.0,4.0,18.0,4.0,10.0,6.0,29.0,85.0,217
260840,2018,6.0,1.0,6.0,7.0,2.0,37.0,2.0,15.0,6.0,25.0,107.0,243
260840,2019,4.0,0.0,2.0,6.0,2.0,25.0,4.0,13.0,6.0,20.0,82.0,209
260845,2012,34.0,1.0,9.0,4.0,4.0,34.0,11.0,15.0,17.0,20.0,153.0,244
260845,2013,0.0,0.0,0.0,0.0,0.0,0.0,0.0,0.0,0.0,0.0,136.0,240
260845,2014,9.0,2.0,4.0,3.0,2.0,33.0,11.0,17.0,25.0,21.0,131.0,237
260845,2015,8.0,1.0,6.0,1.0,1.0,44.0,20.0,17.0,25.0,20.0,144.0,254
260845,2016,4.0,0.0,0.0,1.0,3.0,41.0,9.0,7.0,40.0,12.0,118.0,216
260845,2017,7.0,0.0,3.0,6.0,0.0,40.0,16.0,11.0,25.0,17.0,129.0,233
260845,2018,10.0,0.0,3.0,8.0,1.0,46.0,18.0,3.0,17.0,13.0,120.0,251
260845,2019,8.0,0.0,6.0,1.0,0.0,49.0,12.0,6.0,23.0,12.0,117.0,232
260850,2012,70.0,0.0,2.0,4.0,2.0,47.0,16.0,5.0,30.0,16.0,201.0,388
260850,2013,0.0,0.0,0.0,0.0,0.0,0.0,0.0,0.0,0.0,0.0,190.0,372
260850,2014,16.0,1.0,4.0,5.0,4.0,53.0,19.0,24.0,30.0,36.0,202.0,395
260850,2015,14.0,0.0,10.0,7.0,3.0,61.0,18.0,10.0,26.0,20.0,173.0,374
260850,2016,18.0,0.0,8.0,2.0,1.0,50.0,17.0,7.0,21.0,11.0,144.0,334
260850,2017,13.0,0.0,6.0,4.0,4.0,51.0,13.0,10.0,29.0,16.0,150.0,347
260850,2018,8.0,0.0,6.0,6.0,6.0,69.0,22.0,9.0,22.0,16.0,168.0,316
260850,2019,12.0,0.0,8.0,4.0,3.0,47.0,16.0,3.0,29.0,14.0,140.0,308
260860,2012,7.0,0.0,5.0,0.0,2.0,19.0,2.0,11.0,1.0,22.0,69.0,186
260860,2013,0.0,0.0,0.0,0.0,0.0,0.0,0.0,0.0,0.0,0.0,80.0,172
260860,2014,5.0,1.0,0.0,3.0,2.0,13.0,7.0,9.0,9.0,10.0,61.0,159
260860,2015,7.0,3.0,2.0,3.0,2.0,29.0,11.0,9.0,13.0,20.0,99.0,209
260860,2016,7.0,3.0,5.0,2.0,1.0,14.0,7.0,5.0,10.0,12.0,66.0,160
260860,2017,4.0,0.0,5.0,2.0,0.0,26.0,20.0,6.0,14.0,14.0,93.0,193
260860,2018,4.0,1.0,2.0,4.0,2.0,37.0,15.0,9.0,10.0,19.0,103.0,186
260860,2019,3.0,0.0,4.0,2.0,2.0,19.0,8.0,8.0,16.0,18.0,80.0,172
260870,2012,16.0,0.0,0.0,1.0,3.0,16.0,2.0,17.0,6.0,19.0,82.0,181
260870,2013,0.0,0.0,0.0,0.0,0.0,0.0,0.0,0.0,0.0,0.0,123.0,216
260870,2014,11.0,0.0,2.0,0.0,1.0,25.0,2.0,23.0,2.0,30.0,102.0,192
260870,2015,10.0,1.0,2.0,1.0,2.0,34.0,5.0,34.0,7.0,30.0,131.0,220
260870,2016,6.0,0.0,0.0,1.0,4.0,23.0,4.0,20.0,4.0,31.0,95.0,176
260870,2017,12.0,0.0,2.0,0.0,3.0,26.0,0.0,23.0,2.0,16.0,85.0,191
260870,2018,1.0,2.0,2.0,1.0,0.0,37.0,1.0,20.0,6.0,29.0,100.0,216
260870,2019,4.0,0.0,5.0,0.0,2.0,24.0,3.0,16.0,7.0,24.0,87.0,200
260875,2012,8.0,1.0,0.0,4.0,7.0,26.0,13.0,11.0,19.0,10.0,103.0,410
260875,2013,0.0,0.0,0.0,0.0,0.0,0.0,0.0,0.0,0.0,0.0,124.0,381
260875,2014,16.0,1.0,5.0,3.0,3.0,28.0,22.0,18.0,17.0,23.0,138.0,379
260875,2015,16.0,1.0,2.0,5.0,0.0,40.0,7.0,10.0,30.0,20.0,137.0,387
260875,2016,22.0,0.0,7.0,2.0,1.0,34.0,20.0,13.0,16.0,14.0,131.0,357
260875,2017,10.0,0.0,1.0,0.0,4.0,45.0,18.0,13.0,21.0,8.0,120.0,370
260875,2018,13.0,0.0,2.0,7.0,1.0,35.0,17.0,6.0,23.0,14.0,122.0,397
260875,2019,11.0,1.0,7.0,4.0,0.0,46.0,15.0,10.0,22.0,9.0,128.0,387
260880,2012,30.0,0.0,6.0,6.0,6.0,56.0,12.0,34.0,31.0,80.0,263.0,639
260880,2013,0.0,0.0,0.0,0.0,0.0,0.0,0.0,0.0,0.0,0.0,282.0,669
260880,2014,20.0,0.0,16.0,6.0,8.0,103.0,24.0,31.0,46.0,60.0,314.0,706
260880,2015,21.0,2.0,12.0,7.0,2.0,107.0,22.0,32.0,46.0,57.0,310.0,710
260880,2016,20.0,1.0,5.0,10.0,3.0,93.0,12.0,35.0,30.0,59.0,274.0,642
260880,2017,19.0,1.0,10.0,6.0,7.0,92.0,17.0,29.0,20.0,62.0,265.0,638
260880,2018,16.0,0.0,10.0,14.0,9.0,104.0,12.0,37.0,19.0,64.0,291.0,685
260880,2019,19.0,0.0,13.0,10.0,6.0,93.0,19.0,30.0,23.0,68.0,286.0,652
260890,2012,56.0,5.0,19.0,9.0,14.0,162.0,26.0,40.0,115.0,99.0,564.0,847
260890,2013,0.0,0.0,0.0,0.0,0.0,0.0,0.0,0.0,0.0,0.0,519.0,795
260890,2014,36.0,3.0,12.0,9.0,14.0,162.0,43.0,41.0,115.0,82.0,522.0,810
260890,2015,29.0,4.0,4.0,12.0,14.0,186.0,59.0,23.0,137.0,59.0,532.0,830
260890,2016,28.0,1.0,9.0,8.0,3.0,162.0,52.0,19.0,118.0,37.0,442.0,741
260890,2017,34.0,5.0,18.0,13.0,7.0,133.0,52.0,16.0,114.0,63.0,457.0,781
260890,2018,39.0,1.0,5.0,5.0,6.0,156.0,35.0,10.0,124.0,45.0,429.0,769
260890,2019,27.0,2.0,6.0,11.0,8.0,180.0,34.0,17.0,109.0,36.0,434.0,743
260900,2012,8.0,1.0,3.0,6.0,7.0,40.0,2.0,12.0,15.0,51.0,149.0,374
260900,2013,0.0,0.0,0.0,0.0,0.0,0.0,0.0,0.0,0.0,0.0,192.0,393
260900,2014,11.0,1.0,3.0,12.0,5.0,39.0,4.0,36.0,12.0,58.0,182.0,387
260900,2015,9.0,0.0,7.0,8.0,4.0,51.0,5.0,37.0,5.0,71.0,199.0,407
260900,2016,9.0,1.0,4.0,3.0,8.0,59.0,1.0,23.0,14.0,63.0,188.0,364
260900,2017,17.0,0.0,0.0,4.0,4.0,36.0,8.0,19.0,13.0,28.0,129.0,382
260900,2018,7.0,1.0,1.0,4.0,2.0,47.0,6.0,13.0,21.0,34.0,138.0,393
260900,2019,18.0,1.0,0.0,3.0,4.0,44.0,11.0,17.0,19.0,31.0,149.0,360
260910,2012,14.0,0.0,2.0,3.0,1.0,14.0,11.0,5.0,12.0,15.0,79.0,185
260910,2013,0.0,0.0,0.0,0.0,0.0,0.0,0.0,0.0,0.0,0.0,80.0,173
260910,2014,12.0,0.0,0.0,2.0,0.0,21.0,12.0,11.0,24.0,12.0,94.0,189
260910,2015,8.0,1.0,2.0,1.0,4.0,31.0,16.0,2.0,11.0,12.0,88.0,204
260910,2016,3.0,0.0,0.0,3.0,2.0,19.0,14.0,4.0,14.0,8.0,68.0,177
260910,2017,6.0,2.0,5.0,2.0,0.0,32.0,8.0,8.0,28.0,12.0,104.0,212
260910,2018,6.0,0.0,0.0,3.0,0.0,28.0,17.0,4.0,29.0,9.0,98.0,196
260910,2019,4.0,1.0,7.0,2.0,0.0,26.0,16.0,4.0,29.0,9.0,101.0,205
260915,2012,15.0,0.0,0.0,2.0,1.0,16.0,1.0,29.0,3.0,35.0,108.0,321
260915,2013,0.0,0.0,0.0,0.0,0.0,0.0,0.0,0.0,0.0,0.0,78.0,275
260915,2014,4.0,1.0,0.0,1.0,1.0,13.0,0.0,25.0,3.0,22.0,71.0,238
260915,2015,6.0,0.0,0.0,3.0,4.0,23.0,5.0,21.0,7.0,34.0,106.0,278
260915,2016,7.0,2.0,0.0,0.0,2.0,25.0,6.0,16.0,6.0,24.0,90.0,253
260915,2017,5.0,1.0,2.0,2.0,4.0,16.0,5.0,18.0,3.0,22.0,82.0,248
260915,2018,6.0,1.0,9.0,3.0,2.0,23.0,6.0,11.0,10.0,29.0,107.0,284
260915,2019,3.0,0.0,1.0,1.0,1.0,27.0,7.0,8.0,12.0,17.0,80.0,270
260920,2012,28.0,0.0,4.0,3.0,0.0,33.0,2.0,24.0,2.0,32.0,138.0,258
260920,2013,0.0,0.0,0.0,0.0,0.0,0.0,0.0,0.0,0.0,0.0,106.0,220
260920,2014,11.0,0.0,5.0,0.0,1.0,29.0,0.0,19.0,6.0,35.0,112.0,231
260920,2015,10.0,0.0,2.0,1.0,1.0,43.0,1.0,27.0,1.0,27.0,117.0,209
260920,2016,11.0,0.0,0.0,0.0,2.0,20.0,3.0,19.0,3.0,16.0,76.0,175
260920,2017,9.0,1.0,2.0,3.0,1.0,47.0,0.0,23.0,3.0,35.0,128.0,240
260920,2018,13.0,0.0,4.0,1.0,2.0,49.0,2.0,30.0,6.0,28.0,140.0,247
260920,2019,11.0,0.0,2.0,0.0,2.0,50.0,2.0,35.0,4.0,17.0,129.0,223
260930,2012,20.0,3.0,3.0,7.0,6.0,35.0,9.0,22.0,6.0,52.0,163.0,295
260930,2013,0.0,0.0,0.0,0.0,0.0,0.0,0.0,0.0,0.0,0.0,138.0,290
260930,2014,11.0,0.0,0.0,6.0,2.0,37.0,3.0,23.0,3.0,38.0,126.0,238
260930,2015,12.0,1.0,5.0,2.0,2.0,54.0,1.0,24.0,6.0,31.0,143.0,261
260930,2016,16.0,2.0,2.0,2.0,0.0,38.0,3.0,21.0,12.0,24.0,129.0,252
260930,2017,19.0,0.0,0.0,3.0,5.0,40.0,5.0,16.0,9.0,27.0,137.0,246
260930,2018,16.0,0.0,8.0,2.0,3.0,44.0,14.0,16.0,25.0,18.0,156.0,256
260930,2019,15.0,0.0,5.0,6.0,3.0,65.0,9.0,24.0,17.0,18.0,169.0,260
260940,2012,192.0,2.0,0.0,7.0,7.0,49.0,12.0,11.0,57.0,47.0,390.0,829
260940,2013,0.0,0.0,0.0,0.0,0.0,0.0,0.0,0.0,0.0,0.0,438.0,815
260940,2014,32.0,1.0,6.0,5.0,9.0,114.0,29.0,56.0,78.0,79.0,417.0,833
260940,2015,37.0,2.0,13.0,12.0,5.0,125.0,25.0,55.0,51.0,99.0,426.0,818
260940,2016,37.0,0.0,8.0,9.0,5.0,99.0,25.0,53.0,45.0,94.0,378.0,733
260940,2017,30.0,1.0,12.0,18.0,6.0,97.0,25.0,36.0,54.0,79.0,365.0,758
260940,2018,39.0,1.0,12.0,5.0,8.0,130.0,35.0,37.0,46.0,62.0,379.0,788
260940,2019,24.0,1.0,12.0,10.0,6.0,130.0,33.0,33.0,57.0,64.0,377.0,764
260950,2012,65.0,0.0,6.0,4.0,3.0,53.0,22.0,10.0,38.0,34.0,247.0,454
260950,2013,0.0,0.0,0.0,0.0,0.0,0.0,0.0,0.0,0.0,0.0,234.0,456
260950,2014,21.0,1.0,3.0,10.0,5.0,66.0,18.0,26.0,40.0,45.0,246.0,482
260950,2015,19.0,0.0,4.0,6.0,7.0,66.0,12.0,24.0,35.0,46.0,229.0,469
260950,2016,18.0,0.0,0.0,3.0,3.0,58.0,20.0,12.0,38.0,34.0,202.0,433
260950,2017,14.0,1.0,9.0,4.0,3.0,57.0,23.0,19.0,27.0,28.0,194.0,434
260950,2018,17.0,0.0,8.0,4.0,1.0,69.0,21.0,20.0,33.0,29.0,212.0,425
260950,2019,10.0,1.0,10.0,4.0,7.0,67.0,17.0,13.0,40.0,26.0,201.0,403
260960,2012,361.0,13.0,97.0,89.0,93.0,921.0,196.0,191.0,710.0,534.0,3237.0,6005
260960,2013,0.0,0.0,0.0,0.0,0.0,0.0,0.0,0.0,0.0,0.0,3185.0,6019
260960,2014,270.0,14.0,99.0,93.0,67.0,927.0,248.0,214.0,688.0,467.0,3138.0,6048
260960,2015,281.0,11.0,98.0,102.0,81.0,966.0,237.0,233.0,547.0,490.0,3114.0,6157
260960,2016,251.0,13.0,76.0,84.0,68.0,879.0,197.0,204.0,500.0,401.0,2738.0,5612
260960,2017,222.0,10.0,72.0,100.0,69.0,816.0,200.0,148.0,458.0,355.0,2536.0,5671
260960,2018,202.0,11.0,89.0,66.0,63.0,789.0,222.0,148.0,424.0,332.0,2402.0,5493
260960,2019,197.0,6.0,77.0,86.0,58.0,806.0,225.0,124.0,460.0,260.0,2347.0,5258
260970,2012,27.0,0.0,4.0,1.0,3.0,48.0,10.0,7.0,25.0,20.0,152.0,284
260970,2013,0.0,0.0,0.0,0.0,0.0,0.0,0.0,0.0,0.0,0.0,135.0,289
260970,2014,13.0,0.0,6.0,4.0,0.0,40.0,17.0,23.0,33.0,29.0,168.0,300
260970,2015,5.0,0.0,3.0,1.0,2.0,45.0,11.0,12.0,26.0,23.0,129.0,256
260970,2016,9.0,0.0,0.0,5.0,3.0,36.0,26.0,8.0,18.0,23.0,130.0,253
260970,2017,12.0,0.0,1.0,1.0,0.0,42.0,23.0,11.0,26.0,20.0,139.0,263
260970,2018,9.0,0.0,4.0,4.0,2.0,47.0,27.0,5.0,43.0,26.0,169.0,293
260970,2019,6.0,1.0,2.0,3.0,3.0,57.0,23.0,5.0,46.0,16.0,164.0,265
260980,2012,9.0,1.0,6.0,3.0,3.0,16.0,3.0,18.0,7.0,19.0,87.0,255
260980,2013,0.0,0.0,0.0,0.0,0.0,0.0,0.0,0.0,0.0,0.0,123.0,276
260980,2014,6.0,0.0,2.0,6.0,4.0,25.0,6.0,28.0,15.0,27.0,122.0,304
260980,2015,5.0,0.0,2.0,3.0,1.0,36.0,0.0,22.0,12.0,28.0,112.0,290
260980,2016,12.0,0.0,7.0,4.0,4.0,26.0,8.0,18.0,14.0,16.0,110.0,279
260980,2017,8.0,1.0,2.0,5.0,1.0,40.0,4.0,22.0,9.0,32.0,128.0,282
260980,2018,4.0,1.0,0.0,2.0,2.0,36.0,10.0,21.0,12.0,21.0,118.0,240
260980,2019,12.0,1.0,3.0,3.0,5.0,34.0,14.0,29.0,15.0,14.0,141.0,288
260990,2012,47.0,2.0,9.0,10.0,14.0,131.0,27.0,60.0,31.0,206.0,554.0,1134
260990,2013,0.0,0.0,0.0,0.0,0.0,0.0,0.0,0.0,0.0,0.0,599.0,1127
260990,2014,54.0,2.0,13.0,25.0,23.0,208.0,35.0,73.0,51.0,166.0,663.0,1227
260990,2015,52.0,1.0,16.0,20.0,10.0,206.0,25.0,78.0,40.0,148.0,616.0,1186
260990,2016,46.0,5.0,10.0,16.0,10.0,178.0,12.0,91.0,23.0,169.0,560.0,1059
260990,2017,27.0,3.0,8.0,17.0,14.0,217.0,11.0,100.0,13.0,183.0,594.0,1086
260990,2018,31.0,2.0,10.0,10.0,4.0,229.0,7.0,89.0,18.0,201.0,605.0,1123
260990,2019,45.0,3.0,16.0,18.0,11.0,236.0,18.0,106.0,34.0,187.0,677.0,1108
261000,2012,207.0,0.0,9.0,6.0,11.0,160.0,2.0,95.0,29.0,154.0,741.0,1172
261000,2013,0.0,0.0,0.0,0.0,0.0,0.0,0.0,0.0,0.0,0.0,734.0,1165
261000,2014,112.0,4.0,15.0,9.0,5.0,336.0,6.0,388.0,29.0,263.0,1340.0,1757
261000,2015,107.0,0.0,16.0,14.0,10.0,403.0,13.0,385.0,29.0,258.0,1381.0,1842
261000,2016,82.0,2.0,13.0,10.0,16.0,254.0,14.0,212.0,34.0,181.0,887.0,1339
261000,2017,64.0,1.0,7.0,8.0,7.0,241.0,7.0,122.0,15.0,138.0,635.0,1130
261000,2018,51.0,0.0,22.0,8.0,10.0,189.0,7.0,78.0,25.0,126.0,537.0,1033
261000,2019,58.0,0.0,7.0,8.0,12.0,220.0,7.0,117.0,22.0,129.0,621.0,1074
261010,2012,7.0,0.0,0.0,0.0,2.0,10.0,3.0,6.0,10.0,16.0,54.0,145
261010,2013,0.0,0.0,0.0,0.0,0.0,0.0,0.0,0.0,0.0,0.0,43.0,123
261010,2014,4.0,0.0,0.0,3.0,3.0,10.0,2.0,3.0,3.0,15.0,44.0,110
261010,2015,1.0,1.0,1.0,0.0,0.0,11.0,0.0,9.0,5.0,4.0,32.0,110
261010,2016,2.0,0.0,2.0,1.0,0.0,14.0,1.0,8.0,4.0,10.0,42.0,110
261010,2017,4.0,0.0,2.0,1.0,0.0,11.0,3.0,7.0,6.0,10.0,44.0,119
261010,2018,2.0,1.0,2.0,1.0,2.0,8.0,3.0,11.0,2.0,11.0,43.0,104
261010,2019,3.0,0.0,2.0,1.0,1.0,18.0,3.0,7.0,4.0,11.0,50.0,101
261020,2012,20.0,0.0,6.0,3.0,7.0,32.0,5.0,5.0,15.0,28.0,131.0,386
261020,2013,0.0,0.0,0.0,0.0,0.0,0.0,0.0,0.0,0.0,0.0,139.0,370
261020,2014,14.0,2.0,8.0,5.0,1.0,32.0,6.0,8.0,12.0,38.0,127.0,339
261020,2015,11.0,0.0,2.0,1.0,5.0,38.0,13.0,22.0,13.0,34.0,143.0,404
261020,2016,8.0,1.0,4.0,2.0,2.0,36.0,5.0,11.0,11.0,28.0,113.0,379
261020,2017,9.0,2.0,7.0,4.0,10.0,42.0,8.0,23.0,9.0,26.0,145.0,360
261020,2018,6.0,0.0,0.0,7.0,6.0,42.0,14.0,18.0,18.0,35.0,151.0,369
261020,2019,11.0,0.0,1.0,8.0,5.0,35.0,7.0,16.0,14.0,31.0,130.0,324
261030,2012,6.0,2.0,0.0,0.0,2.0,19.0,15.0,34.0,9.0,45.0,132.0,229
261030,2013,0.0,0.0,0.0,0.0,0.0,0.0,0.0,0.0,0.0,0.0,117.0,203
261030,2014,10.0,0.0,2.0,1.0,1.0,35.0,0.0,24.0,4.0,39.0,119.0,200
261030,2015,9.0,1.0,4.0,0.0,2.0,24.0,3.0,13.0,5.0,25.0,86.0,211
261030,2016,6.0,0.0,7.0,2.0,2.0,36.0,4.0,13.0,8.0,33.0,111.0,234
261030,2017,5.0,0.0,1.0,3.0,1.0,35.0,9.0,16.0,7.0,19.0,128.0,215
261030,2018,6.0,0.0,5.0,2.0,1.0,45.0,7.0,21.0,10.0,35.0,136.0,240
261030,2019,5.0,0.0,4.0,5.0,1.0,41.0,4.0,15.0,8.0,36.0,120.0,201
261040,2012,19.0,1.0,0.0,4.0,3.0,40.0,7.0,22.0,12.0,57.0,170.0,384
261040,2013,0.0,0.0,0.0,0.0,0.0,0.0,0.0,0.0,0.0,0.0,138.0,305
261040,2014,7.0,0.0,4.0,4.0,3.0,23.0,8.0,15.0,18.0,39.0,126.0,296
261040,2015,9.0,1.0,2.0,5.0,3.0,32.0,8.0,19.0,19.0,26.0,141.0,314
261040,2016,11.0,1.0,3.0,7.0,3.0,48.0,1.0,23.0,13.0,51.0,171.0,335
261040,2017,18.0,0.0,3.0,6.0,2.0,41.0,8.0,23.0,4.0,49.0,156.0,266
261040,2018,8.0,0.0,0.0,2.0,4.0,66.0,21.0,21.0,17.0,35.0,176.0,308
261040,2019,17.0,1.0,8.0,5.0,2.0,62.0,7.0,16.0,9.0,53.0,181.0,304
261050,2012,56.0,0.0,6.0,7.0,6.0,83.0,21.0,10.0,51.0,36.0,300.0,452
261050,2013,0.0,0.0,0.0,0.0,0.0,0.0,0.0,0.0,0.0,0.0,308.0,441
261050,2014,15.0,1.0,2.0,10.0,9.0,83.0,48.0,7.0,92.0,24.0,295.0,411
261050,2015,16.0,3.0,5.0,5.0,7.0,92.0,18.0,10.0,51.0,26.0,236.0,392
261050,2016,18.0,1.0,8.0,5.0,3.0,71.0,32.0,8.0,76.0,25.0,250.0,358
261050,2017,23.0,0.0,3.0,7.0,2.0,70.0,24.0,11.0,61.0,31.0,239.0,386
261050,2018,16.0,0.0,11.0,3.0,4.0,94.0,32.0,9.0,74.0,24.0,268.0,394
261050,2019,14.0,1.0,6.0,1.0,4.0,96.0,24.0,6.0,62.0,21.0,236.0,376
261060,2012,103.0,1.0,10.0,7.0,8.0,97.0,34.0,24.0,60.0,61.0,411.0,877
261060,2013,0.0,0.0,0.0,0.0,0.0,0.0,0.0,0.0,0.0,0.0,410.0,859
261060,2014,29.0,2.0,8.0,11.0,10.0,113.0,41.0,43.0,53.0,67.0,395.0,914
261060,2015,23.0,2.0,6.0,14.0,8.0,101.0,35.0,30.0,66.0,54.0,347.0,865
261060,2016,23.0,3.0,8.0,10.0,10.0,120.0,48.0,26.0,55.0,42.0,353.0,797
261060,2017,31.0,2.0,16.0,11.0,10.0,103.0,42.0,16.0,50.0,42.0,333.0,812
261060,2018,31.0,4.0,17.0,9.0,5.0,113.0,37.0,21.0,59.0,48.0,355.0,862
261060,2019,40.0,3.0,15.0,7.0,5.0,103.0,41.0,22.0,64.0,40.0,356.0,825
261070,2012,299.0,10.0,64.0,55.0,67.0,628.0,232.0,102.0,604.0,338.0,2455.0,4021
261070,2013,0.0,0.0,0.0,0.0,0.0,0.0,0.0,0.0,0.0,0.0,2501.0,4134
261070,2014,204.0,10.0,79.0,76.0,82.0,740.0,224.0,154.0,572.0,376.0,2545.0,4303
261070,2015,203.0,9.0,54.0,70.0,52.0,745.0,213.0,171.0,473.0,418.0,2457.0,4310
261070,2016,215.0,5.0,55.0,74.0,43.0,644.0,209.0,143.0,444.0,325.0,2203.0,3976
261070,2017,190.0,12.0,52.0,65.0,43.0,712.0,173.0,123.0,395.0,288.0,2100.0,4123
261070,2018,174.0,8.0,76.0,77.0,50.0,723.0,193.0,131.0,393.0,305.0,2174.0,4139
261070,2019,149.0,3.0,75.0,64.0,51.0,709.0,185.0,106.0,411.0,199.0,1993.0,3930
261080,2012,10.0,1.0,2.0,2.0,3.0,32.0,1.0,19.0,6.0,47.0,126.0,338
261080,2013,0.0,0.0,0.0,0.0,0.0,0.0,0.0,0.0,0.0,0.0,124.0,326
261080,2014,12.0,0.0,3.0,4.0,1.0,30.0,1.0,21.0,8.0,42.0,124.0,290
261080,2015,10.0,0.0,2.0,1.0,1.0,33.0,10.0,7.0,12.0,40.0,120.0,327
261080,2016,7.0,1.0,4.0,1.0,1.0,31.0,12.0,14.0,7.0,20.0,100.0,236
261080,2017,16.0,1.0,3.0,2.0,3.0,42.0,4.0,8.0,10.0,45.0,145.0,350
261080,2018,9.0,0.0,2.0,2.0,1.0,39.0,6.0,18.0,9.0,35.0,128.0,304
261080,2019,12.0,1.0,2.0,4.0,0.0,37.0,1.0,13.0,8.0,40.0,120.0,329
261090,2012,89.0,7.0,8.0,1.0,4.0,117.0,22.0,83.0,45.0,141.0,520.0,1033
261090,2013,0.0,0.0,0.0,0.0,0.0,0.0,0.0,0.0,0.0,0.0,493.0,981
261090,2014,25.0,22.0,12.0,7.0,6.0,128.0,8.0,77.0,15.0,141.0,457.0,1007
261090,2015,39.0,27.0,14.0,4.0,5.0,136.0,9.0,110.0,20.0,141.0,506.0,1044
261090,2016,31.0,9.0,12.0,7.0,8.0,115.0,15.0,91.0,17.0,135.0,445.0,904
261090,2017,39.0,5.0,21.0,6.0,9.0,151.0,11.0,91.0,14.0,147.0,496.0,977
261090,2018,31.0,1.0,5.0,6.0,10.0,162.0,14.0,96.0,13.0,138.0,486.0,939
261090,2019,40.0,1.0,13.0,5.0,5.0,166.0,3.0,113.0,9.0,128.0,492.0,931
261100,2012,55.0,1.0,7.0,17.0,21.0,37.0,30.0,33.0,37.0,32.0,288.0,705
261100,2013,0.0,0.0,0.0,0.0,0.0,0.0,0.0,0.0,0.0,0.0,320.0,719
261100,2014,23.0,5.0,13.0,14.0,8.0,63.0,25.0,27.0,31.0,66.0,320.0,693
261100,2015,17.0,0.0,11.0,4.0,3.0,71.0,16.0,19.0,40.0,30.0,249.0,704
261100,2016,21.0,2.0,0.0,5.0,8.0,74.0,39.0,42.0,25.0,45.0,305.0,669
261100,2017,22.0,3.0,4.0,11.0,6.0,61.0,17.0,37.0,25.0,45.0,303.0,642
261100,2018,33.0,4.0,9.0,17.0,12.0,89.0,37.0,30.0,31.0,65.0,396.0,714
261100,2019,28.0,4.0,10.0,7.0,5.0,68.0,28.0,25.0,30.0,32.0,339.0,702
261110,2012,323.0,2.0,88.0,99.0,82.0,603.0,194.0,118.0,545.0,370.0,2466.0,5758
261110,2013,0.0,0.0,0.0,0.0,0.0,0.0,0.0,0.0,0.0,0.0,2778.0,6025
261110,2014,321.0,5.0,92.0,90.0,92.0,831.0,378.0,180.0,562.0,315.0,2888.0,6416
261110,2015,319.0,3.0,85.0,91.0,64.0,951.0,387.0,194.0,696.0,307.0,3132.0,6592
261110,2016,287.0,6.0,92.0,63.0,74.0,914.0,377.0,158.0,639.0,246.0,2864.0,6242
261110,2017,286.0,5.0,99.0,105.0,48.0,973.0,393.0,140.0,676.0,209.0,2957.0,6210
261110,2018,286.0,4.0,87.0,105.0,63.0,1122.0,457.0,133.0,694.0,240.0,3211.0,6578
261110,2019,289.0,7.0,106.0,148.0,78.0,1117.0,398.0,152.0,615.0,219.0,3141.0,6420
261120,2012,17.0,0.0,2.0,1.0,1.0,13.0,8.0,13.0,2.0,23.0,80.0,183
261120,2013,0.0,0.0,0.0,0.0,0.0,0.0,0.0,0.0,0.0,0.0,72.0,168
261120,2014,2.0,2.0,0.0,2.0,3.0,16.0,1.0,14.0,4.0,19.0,67.0,163
261120,2015,3.0,3.0,5.0,3.0,3.0,17.0,3.0,12.0,4.0,23.0,77.0,184
261120,2016,4.0,1.0,0.0,2.0,0.0,15.0,1.0,10.0,2.0,13.0,50.0,143
261120,2017,3.0,2.0,0.0,1.0,0.0,19.0,0.0,10.0,2.0,20.0,58.0,137
261120,2018,8.0,0.0,2.0,2.0,0.0,20.0,1.0,16.0,4.0,20.0,75.0,158
261120,2019,7.0,0.0,3.0,1.0,2.0,19.0,1.0,10.0,3.0,16.0,63.0,139
261130,2012,96.0,0.0,9.0,1.0,2.0,47.0,5.0,12.0,17.0,42.0,234.0,375
261130,2013,0.0,0.0,0.0,0.0,0.0,0.0,0.0,0.0,0.0,0.0,231.0,417
261130,2014,18.0,0.0,6.0,3.0,5.0,76.0,6.0,21.0,25.0,67.0,230.0,390
261130,2015,10.0,2.0,5.0,4.0,3.0,78.0,5.0,20.0,11.0,68.0,207.0,379
261130,2016,20.0,0.0,0.0,3.0,0.0,62.0,9.0,25.0,14.0,72.0,208.0,357
261130,2017,20.0,0.0,3.0,5.0,3.0,88.0,5.0,20.0,21.0,50.0,218.0,392
261130,2018,18.0,1.0,2.0,3.0,9.0,88.0,15.0,25.0,20.0,52.0,245.0,401
261130,2019,9.0,0.0,3.0,9.0,7.0,107.0,18.0,32.0,16.0,40.0,251.0,411
261140,2012,14.0,0.0,2.0,1.0,1.0,20.0,5.0,18.0,9.0,23.0,100.0,195
261140,2013,0.0,0.0,0.0,0.0,0.0,0.0,0.0,0.0,0.0,0.0,98.0,191
261140,2014,11.0,0.0,2.0,3.0,1.0,24.0,5.0,20.0,8.0,24.0,105.0,201
261140,2015,12.0,0.0,2.0,0.0,2.0,27.0,3.0,17.0,9.0,23.0,100.0,189
261140,2016,7.0,1.0,2.0,0.0,1.0,26.0,5.0,12.0,6.0,18.0,80.0,173
261140,2017,6.0,0.0,2.0,2.0,0.0,18.0,4.0,6.0,6.0,12.0,58.0,147
261140,2018,8.0,0.0,0.0,1.0,1.0,17.0,2.0,11.0,10.0,11.0,65.0,150
261140,2019,5.0,0.0,2.0,2.0,1.0,30.0,7.0,11.0,9.0,9.0,79.0,174
261150,2012,23.0,0.0,2.0,6.0,5.0,38.0,1.0,19.0,3.0,37.0,134.0,296
261150,2013,0.0,0.0,0.0,0.0,0.0,0.0,0.0,0.0,0.0,0.0,165.0,342
261150,2014,17.0,0.0,0.0,2.0,2.0,41.0,4.0,38.0,8.0,47.0,177.0,346
261150,2015,14.0,0.0,4.0,1.0,5.0,46.0,1.0,47.0,11.0,33.0,178.0,338
261150,2016,18.0,0.0,4.0,3.0,1.0,45.0,5.0,42.0,7.0,43.0,174.0,335
261150,2017,8.0,0.0,6.0,0.0,4.0,33.0,2.0,31.0,7.0,32.0,125.0,284
261150,2018,12.0,1.0,1.0,5.0,3.0,50.0,3.0,30.0,11.0,26.0,150.0,294
261150,2019,14.0,1.0,2.0,3.0,3.0,47.0,10.0,26.0,11.0,27.0,149.0,280
261153,2012,8.0,0.0,0.0,0.0,0.0,24.0,1.0,14.0,5.0,14.0,69.0,99
261153,2013,0.0,0.0,0.0,0.0,0.0,0.0,0.0,0.0,0.0,0.0,64.0,95
261153,2014,6.0,0.0,0.0,3.0,3.0,22.0,2.0,9.0,0.0,23.0,71.0,99
261153,2015,2.0,0.0,0.0,1.0,1.0,17.0,0.0,11.0,1.0,13.0,47.0,86
261153,2016,3.0,0.0,4.0,0.0,1.0,23.0,1.0,12.0,0.0,20.0,64.0,91
261153,2017,1.0,0.0,0.0,2.0,1.0,23.0,0.0,16.0,0.0,23.0,67.0,87
261153,2018,7.0,0.0,0.0,1.0,1.0,35.0,0.0,12.0,0.0,21.0,77.0,106
261153,2019,5.0,0.0,0.0,2.0,2.0,30.0,0.0,11.0,1.0,18.0,69.0,105
261160,2012,1433.0,36.0,387.0,307.0,403.0,3595.0,731.0,533.0,3522.0,2086.0,13137.0,22633
261160,2013,0.0,0.0,0.0,0.0,0.0,0.0,0.0,0.0,0.0,0.0,13589.0,23176
261160,2014,1180.0,46.0,437.0,402.0,333.0,3968.0,1156.0,793.0,3202.0,1897.0,13546.0,23506
261160,2015,1115.0,54.0,457.0,402.0,342.0,3993.0,964.0,748.0,2694.0,1932.0,12898.0,23664
261160,2016,1003.0,38.0,353.0,383.0,305.0,3621.0,897.0,604.0,2280.0,1517.0,11166.0,21413
261160,2017,931.0,45.0,430.0,399.0,311.0,3735.0,853.0,565.0,2238.0,1615.0,11321.0,22817
261160,2018,979.0,35.0,435.0,410.0,315.0,3907.0,948.0,557.0,2328.0,1386.0,11508.0,22212
261160,2019,924.0,39.0,373.0,453.0,291.0,3715.0,888.0,546.0,2287.0,1111.0,10875.0,21132
261170,2012,15.0,1.0,4.0,4.0,0.0,40.0,6.0,14.0,27.0,38.0,172.0,262
261170,2013,0.0,0.0,0.0,0.0,0.0,0.0,0.0,0.0,0.0,0.0,181.0,277
261170,2014,17.0,0.0,2.0,4.0,4.0,85.0,46.0,18.0,49.0,48.0,274.0,346
261170,2015,14.0,2.0,9.0,3.0,6.0,43.0,18.0,33.0,38.0,53.0,225.0,293
261170,2016,23.0,1.0,4.0,6.0,1.0,39.0,14.0,26.0,30.0,54.0,202.0,250
261170,2017,15.0,0.0,6.0,1.0,4.0,74.0,6.0,35.0,14.0,71.0,240.0,314
261170,2018,20.0,0.0,5.0,5.0,4.0,91.0,8.0,47.0,22.0,83.0,291.0,374
261170,2019,16.0,0.0,0.0,6.0,5.0,78.0,9.0,41.0,14.0,77.0,246.0,310
261180,2012,67.0,0.0,2.0,4.0,6.0,77.0,5.0,39.0,21.0,88.0,349.0,630
261180,2013,0.0,0.0,0.0,0.0,0.0,0.0,0.0,0.0,0.0,0.0,516.0,786
261180,2014,40.0,0.0,12.0,6.0,5.0,152.0,14.0,159.0,34.0,114.0,612.0,884
261180,2015,22.0,2.0,10.0,10.0,5.0,113.0,43.0,37.0,54.0,52.0,366.0,619
261180,2016,14.0,1.0,12.0,6.0,7.0,73.0,36.0,27.0,24.0,57.0,267.0,514
261180,2017,25.0,1.0,4.0,2.0,3.0,58.0,7.0,17.0,14.0,44.0,179.0,443
261180,2018,25.0,0.0,5.0,3.0,4.0,75.0,7.0,25.0,13.0,40.0,209.0,471
261180,2019,15.0,1.0,10.0,5.0,6.0,63.0,9.0,15.0,21.0,31.0,185.0,474
261190,2012,22.0,0.0,2.0,5.0,7.0,44.0,4.0,9.0,18.0,33.0,149.0,378
261190,2013,0.0,0.0,0.0,0.0,0.0,0.0,0.0,0.0,0.0,0.0,171.0,415
261190,2014,9.0,0.0,2.0,8.0,3.0,60.0,16.0,16.0,14.0,22.0,158.0,395
261190,2015,12.0,0.0,6.0,4.0,2.0,38.0,5.0,20.0,6.0,31.0,129.0,354
261190,2016,8.0,1.0,6.0,5.0,3.0,32.0,8.0,16.0,8.0,18.0,108.0,345
261190,2017,10.0,0.0,8.0,4.0,4.0,42.0,3.0,13.0,7.0,19.0,110.0,336
261190,2018,13.0,0.0,2.0,1.0,3.0,37.0,12.0,14.0,9.0,17.0,111.0,373
261190,2019,11.0,1.0,0.0,4.0,6.0,20.0,11.0,7.0,22.0,12.0,96.0,327
261200,2012,10.0,0.0,4.0,0.0,1.0,16.0,7.0,5.0,5.0,11.0,62.0,118
261200,2013,0.0,0.0,0.0,0.0,0.0,0.0,0.0,0.0,0.0,0.0,71.0,135
261200,2014,5.0,1.0,0.0,3.0,2.0,12.0,4.0,8.0,7.0,18.0,64.0,115
261200,2015,3.0,0.0,0.0,1.0,2.0,24.0,2.0,8.0,11.0,27.0,79.0,142
261200,2016,5.0,0.0,0.0,3.0,1.0,28.0,0.0,4.0,9.0,18.0,69.0,124
261200,2017,3.0,0.0,0.0,0.0,2.0,10.0,5.0,8.0,10.0,15.0,54.0,115
261200,2018,1.0,0.0,2.0,2.0,0.0,18.0,5.0,4.0,10.0,16.0,60.0,110
261200,2019,5.0,0.0,1.0,1.0,3.0,19.0,8.0,6.0,5.0,11.0,61.0,127
261210,2012,4.0,0.0,6.0,0.0,2.0,20.0,6.0,3.0,11.0,12.0,64.0,97
261210,2013,0.0,0.0,0.0,0.0,0.0,0.0,0.0,0.0,0.0,0.0,63.0,91
261210,2014,5.0,0.0,2.0,0.0,0.0,12.0,7.0,2.0,18.0,4.0,51.0,68
261210,2015,3.0,0.0,0.0,2.0,1.0,12.0,2.0,2.0,14.0,2.0,38.0,72
261210,2016,2.0,0.0,0.0,1.0,1.0,20.0,7.0,1.0,12.0,6.0,50.0,78
261210,2017,1.0,0.0,0.0,0.0,0.0,22.0,5.0,0.0,11.0,1.0,40.0,67
261210,2018,1.0,0.0,0.0,0.0,1.0,15.0,7.0,0.0,9.0,4.0,37.0,64
261210,2019,4.0,0.0,1.0,0.0,0.0,16.0,3.0,3.0,8.0,0.0,37.0,67
261220,2012,79.0,1.0,20.0,16.0,18.0,143.0,9.0,61.0,26.0,200.0,588.0,1110
261220,2013,0.0,0.0,0.0,0.0,0.0,0.0,0.0,0.0,0.0,0.0,625.0,1035
261220,2014,74.0,4.0,18.0,15.0,12.0,167.0,21.0,106.0,51.0,176.0,655.0,1055
261220,2015,73.0,2.0,25.0,18.0,12.0,191.0,19.0,101.0,67.0,180.0,694.0,1125
261220,2016,71.0,1.0,9.0,13.0,17.0,195.0,25.0,61.0,75.0,138.0,635.0,991
261220,2017,68.0,0.0,6.0,12.0,7.0,218.0,33.0,80.0,58.0,155.0,671.0,987
261220,2018,63.0,1.0,22.0,17.0,6.0,250.0,39.0,67.0,88.0,125.0,701.0,1009
261220,2019,75.0,3.0,19.0,14.0,12.0,256.0,42.0,62.0,98.0,103.0,695.0,1042
261230,2012,13.0,1.0,2.0,6.0,2.0,23.0,7.0,14.0,18.0,33.0,121.0,251
261230,2013,0.0,0.0,0.0,0.0,0.0,0.0,0.0,0.0,0.0,0.0,74.0,213
261230,2014,3.0,1.0,5.0,3.0,6.0,28.0,13.0,8.0,10.0,16.0,94.0,250
261230,2015,9.0,0.0,2.0,5.0,1.0,30.0,3.0,15.0,6.0,24.0,96.0,233
261230,2016,9.0,1.0,9.0,5.0,3.0,27.0,3.0,8.0,5.0,22.0,93.0,236
261230,2017,8.0,0.0,5.0,6.0,2.0,35.0,4.0,9.0,9.0,20.0,99.0,220
261230,2018,10.0,0.0,3.0,3.0,2.0,34.0,4.0,16.0,9.0,25.0,108.0,231
261230,2019,6.0,1.0,0.0,5.0,6.0,24.0,3.0,9.0,10.0,15.0,79.0,189
261240,2012,19.0,0.0,1.0,0.0,4.0,24.0,7.0,25.0,6.0,31.0,117.0,294
261240,2013,0.0,0.0,0.0,0.0,0.0,0.0,0.0,0.0,0.0,0.0,119.0,314
261240,2014,9.0,3.0,2.0,2.0,8.0,30.0,3.0,18.0,9.0,39.0,125.0,307
261240,2015,15.0,4.0,6.0,4.0,3.0,32.0,1.0,33.0,4.0,34.0,137.0,334
261240,2016,4.0,1.0,4.0,1.0,2.0,36.0,0.0,17.0,6.0,22.0,93.0,271
261240,2017,9.0,1.0,4.0,3.0,1.0,40.0,5.0,22.0,8.0,31.0,126.0,285
261240,2018,11.0,1.0,4.0,4.0,2.0,40.0,5.0,18.0,9.0,27.0,124.0,269
261240,2019,9.0,0.0,6.0,4.0,1.0,30.0,5.0,22.0,5.0,23.0,108.0,285
261245,2012,15.0,1.0,0.0,3.0,2.0,28.0,4.0,7.0,6.0,27.0,94.0,270
261245,2013,0.0,0.0,0.0,0.0,0.0,0.0,0.0,0.0,0.0,0.0,106.0,231
261245,2014,9.0,0.0,2.0,4.0,2.0,34.0,9.0,11.0,9.0,35.0,120.0,264
261245,2015,8.0,1.0,3.0,3.0,2.0,38.0,17.0,12.0,20.0,38.0,142.0,303
261245,2016,13.0,1.0,2.0,2.0,3.0,25.0,1.0,12.0,7.0,25.0,91.0,224
261245,2017,10.0,0.0,8.0,4.0,3.0,36.0,4.0,16.0,5.0,40.0,128.0,240
261245,2018,7.0,1.0,2.0,0.0,1.0,35.0,1.0,18.0,7.0,33.0,106.0,228
261245,2019,10.0,0.0,8.0,5.0,3.0,40.0,5.0,17.0,7.0,35.0,130.0,250
261247,2012,19.0,0.0,4.0,0.0,1.0,32.0,2.0,11.0,6.0,25.0,105.0,192
261247,2013,0.0,0.0,0.0,0.0,0.0,0.0,0.0,0.0,0.0,0.0,114.0,176
261247,2014,14.0,0.0,4.0,2.0,3.0,24.0,5.0,25.0,7.0,40.0,128.0,182
261247,2015,8.0,0.0,5.0,1.0,2.0,20.0,3.0,30.0,1.0,33.0,104.0,171
261247,2016,4.0,0.0,1.0,3.0,3.0,38.0,5.0,29.0,11.0,26.0,122.0,181
261247,2017,8.0,0.0,5.0,3.0,2.0,33.0,3.0,19.0,5.0,39.0,119.0,189
261247,2018,9.0,0.0,2.0,4.0,0.0,44.0,5.0,23.0,5.0,23.0,119.0,186
261247,2019,11.0,0.0,0.0,5.0,1.0,40.0,2.0,27.0,3.0,42.0,135.0,204
261250,2012,111.0,1.0,22.0,8.0,13.0,233.0,63.0,41.0,152.0,136.0,799.0,1350
261250,2013,0.0,0.0,0.0,0.0,0.0,0.0,0.0,0.0,0.0,0.0,880.0,1405
261250,2014,82.0,1.0,21.0,18.0,8.0,265.0,73.0,73.0,140.0,170.0,864.0,1399
261250,2015,67.0,6.0,23.0,16.0,22.0,307.0,76.0,67.0,116.0,141.0,845.0,1453
261250,2016,60.0,6.0,16.0,43.0,28.0,196.0,36.0,50.0,78.0,125.0,651.0,1225
261250,2017,61.0,5.0,38.0,30.0,21.0,295.0,61.0,55.0,122.0,115.0,815.0,1364
261250,2018,49.0,20.0,18.0,43.0,22.0,336.0,82.0,43.0,160.0,114.0,905.0,1512
261250,2019,65.0,5.0,27.0,41.0,20.0,276.0,61.0,32.0,134.0,107.0,783.0,1355
261255,2012,12.0,1.0,3.0,2.0,1.0,16.0,7.0,17.0,6.0,29.0,94.0,217
261255,2013,0.0,0.0,0.0,0.0,0.0,0.0,0.0,0.0,0.0,0.0,64.0,175
261255,2014,1.0,3.0,1.0,1.0,3.0,16.0,1.0,11.0,11.0,22.0,71.0,185
261255,2015,7.0,0.0,0.0,1.0,3.0,21.0,1.0,15.0,8.0,30.0,89.0,191
261255,2016,8.0,2.0,0.0,2.0,5.0,25.0,3.0,15.0,3.0,34.0,97.0,192
261255,2017,6.0,0.0,0.0,2.0,5.0,21.0,3.0,18.0,3.0,23.0,82.0,167
261255,2018,2.0,0.0,4.0,5.0,7.0,31.0,1.0,22.0,3.0,47.0,122.0,203
261255,2019,7.0,0.0,4.0,6.0,3.0,30.0,3.0,28.0,9.0,34.0,124.0,197
261260,2012,27.0,2.0,6.0,4.0,8.0,59.0,28.0,13.0,39.0,44.0,238.0,737
261260,2013,0.0,0.0,0.0,0.0,0.0,0.0,0.0,0.0,0.0,0.0,262.0,696
261260,2014,37.0,3.0,11.0,20.0,11.0,56.0,34.0,35.0,38.0,40.0,288.0,809
261260,2015,18.0,2.0,16.0,11.0,6.0,70.0,22.0,23.0,40.0,35.0,246.0,731
261260,2016,35.0,0.0,8.0,11.0,6.0,64.0,47.0,18.0,53.0,20.0,265.0,747
261260,2017,17.0,0.0,4.0,8.0,3.0,53.0,35.0,22.0,42.0,39.0,228.0,685
261260,2018,22.0,3.0,14.0,10.0,4.0,73.0,31.0,21.0,43.0,24.0,249.0,723
261260,2019,30.0,0.0,6.0,16.0,8.0,76.0,30.0,17.0,42.0,25.0,258.0,710
261270,2012,8.0,0.0,0.0,0.0,2.0,24.0,16.0,14.0,15.0,17.0,100.0,186
261270,2013,0.0,0.0,0.0,0.0,0.0,0.0,0.0,0.0,0.0,0.0,108.0,209
261270,2014,8.0,0.0,2.0,2.0,2.0,13.0,14.0,8.0,26.0,8.0,83.0,168
261270,2015,3.0,0.0,0.0,0.0,2.0,34.0,12.0,12.0,27.0,19.0,109.0,187
261270,2016,7.0,1.0,1.0,4.0,2.0,29.0,12.0,15.0,15.0,21.0,108.0,205
261270,2017,5.0,0.0,3.0,9.0,2.0,27.0,8.0,12.0,17.0,25.0,109.0,204
261270,2018,6.0,0.0,7.0,4.0,4.0,29.0,15.0,12.0,17.0,20.0,115.0,204
261270,2019,8.0,0.0,8.0,1.0,1.0,44.0,24.0,4.0,32.0,10.0,132.0,215
261280,2012,7.0,0.0,0.0,3.0,1.0,28.0,5.0,16.0,11.0,22.0,96.0,159
261280,2013,0.0,0.0,0.0,0.0,0.0,0.0,0.0,0.0,0.0,0.0,100.0,152
261280,2014,11.0,0.0,2.0,3.0,0.0,27.0,16.0,12.0,14.0,31.0,120.0,159
261280,2015,10.0,0.0,4.0,4.0,0.0,29.0,1.0,34.0,4.0,27.0,114.0,174
261280,2016,6.0,0.0,0.0,4.0,2.0,31.0,2.0,14.0,0.0,32.0,91.0,140
261280,2017,7.0,0.0,2.0,3.0,1.0,33.0,1.0,20.0,0.0,35.0,103.0,164
261280,2018,6.0,0.0,0.0,2.0,1.0,36.0,2.0,21.0,4.0,30.0,103.0,154
261280,2019,2.0,1.0,0.0,0.0,1.0,33.0,0.0,9.0,5.0,24.0,77.0,140
261290,2012,24.0,0.0,1.0,2.0,2.0,15.0,0.0,20.0,5.0,21.0,95.0,162
261290,2013,0.0,0.0,0.0,0.0,0.0,0.0,0.0,0.0,0.0,0.0,133.0,190
261290,2014,6.0,0.0,0.0,1.0,2.0,16.0,0.0,16.0,4.0,21.0,75.0,151
261290,2015,6.0,0.0,0.0,1.0,0.0,27.0,1.0,18.0,3.0,19.0,78.0,161
261290,2016,7.0,0.0,2.0,2.0,3.0,24.0,5.0,20.0,2.0,16.0,87.0,159
261290,2017,8.0,0.0,2.0,2.0,0.0,33.0,1.0,22.0,5.0,24.0,101.0,174
261290,2018,7.0,0.0,3.0,1.0,2.0,22.0,0.0,21.0,1.0,17.0,75.0,138
261290,2019,4.0,0.0,0.0,2.0,1.0,27.0,1.0,12.0,1.0,10.0,63.0,144
261300,2012,38.0,1.0,16.0,8.0,4.0,79.0,27.0,35.0,32.0,68.0,315.0,798
261300,2013,0.0,0.0,0.0,0.0,0.0,0.0,0.0,0.0,0.0,0.0,376.0,762
261300,2014,33.0,1.0,15.0,7.0,12.0,92.0,30.0,64.0,42.0,75.0,375.0,803
261300,2015,30.0,2.0,10.0,8.0,7.0,78.0,16.0,32.0,22.0,63.0,270.0,741
261300,2016,17.0,0.0,9.0,8.0,8.0,51.0,9.0,46.0,25.0,71.0,250.0,627
261300,2017,21.0,2.0,9.0,10.0,6.0,110.0,10.0,42.0,32.0,66.0,311.0,710
261300,2018,19.0,0.0,10.0,10.0,6.0,98.0,24.0,50.0,32.0,62.0,314.0,760
261300,2019,30.0,2.0,17.0,12.0,12.0,112.0,15.0,28.0,31.0,61.0,322.0,746
261310,2012,31.0,2.0,9.0,4.0,4.0,43.0,9.0,17.0,32.0,56.0,217.0,554
261310,2013,0.0,0.0,0.0,0.0,0.0,0.0,0.0,0.0,0.0,0.0,245.0,544
261310,2014,22.0,0.0,3.0,5.0,6.0,56.0,16.0,24.0,21.0,69.0,223.0,483
261310,2015,19.0,3.0,8.0,11.0,9.0,75.0,18.0,44.0,29.0,55.0,273.0,568
261310,2016,15.0,0.0,8.0,7.0,10.0,75.0,14.0,29.0,22.0,59.0,240.0,513
261310,2017,10.0,1.0,13.0,8.0,8.0,70.0,12.0,29.0,25.0,54.0,230.0,548
261310,2018,15.0,0.0,10.0,6.0,6.0,61.0,14.0,34.0,21.0,57.0,228.0,527
261310,2019,13.0,0.0,14.0,8.0,4.0,85.0,16.0,27.0,26.0,55.0,252.0,594
261320,2012,12.0,3.0,8.0,2.0,4.0,39.0,5.0,21.0,21.0,44.0,159.0,342
261320,2013,0.0,0.0,0.0,0.0,0.0,0.0,0.0,0.0,0.0,0.0,157.0,355
261320,2014,9.0,2.0,7.0,3.0,4.0,36.0,3.0,23.0,12.0,30.0,133.0,333
261320,2015,10.0,1.0,2.0,5.0,4.0,45.0,7.0,19.0,15.0,32.0,142.0,322
261320,2016,8.0,1.0,5.0,4.0,6.0,50.0,6.0,30.0,7.0,37.0,155.0,350
261320,2017,11.0,0.0,2.0,5.0,5.0,38.0,10.0,18.0,14.0,24.0,129.0,308
261320,2018,10.0,0.0,5.0,6.0,7.0,59.0,6.0,25.0,9.0,36.0,163.0,358
261320,2019,6.0,2.0,5.0,6.0,3.0,60.0,13.0,18.0,23.0,38.0,174.0,354
261330,2012,18.0,0.0,5.0,5.0,4.0,33.0,5.0,8.0,14.0,22.0,155.0,335
261330,2013,0.0,0.0,0.0,0.0,0.0,0.0,0.0,0.0,0.0,0.0,194.0,343
261330,2014,22.0,0.0,0.0,6.0,6.0,73.0,2.0,59.0,7.0,66.0,248.0,356
261330,2015,20.0,1.0,3.0,3.0,4.0,66.0,17.0,35.0,19.0,63.0,234.0,359
261330,2016,11.0,0.0,4.0,2.0,4.0,62.0,9.0,25.0,7.0,35.0,161.0,327
261330,2017,6.0,1.0,4.0,6.0,7.0,48.0,2.0,20.0,13.0,41.0,153.0,307
261330,2018,10.0,0.0,6.0,7.0,1.0,57.0,6.0,12.0,11.0,43.0,161.0,350
261330,2019,10.0,0.0,2.0,4.0,2.0,49.0,11.0,15.0,17.0,20.0,134.0,275
261340,2012,27.0,1.0,1.0,6.0,0.0,23.0,4.0,14.0,7.0,26.0,117.0,340
261340,2013,0.0,0.0,0.0,0.0,0.0,0.0,0.0,0.0,0.0,0.0,134.0,342
261340,2014,7.0,0.0,0.0,3.0,2.0,42.0,13.0,36.0,6.0,29.0,145.0,381
261340,2015,18.0,1.0,0.0,3.0,7.0,31.0,10.0,29.0,10.0,19.0,133.0,328
261340,2016,7.0,1.0,5.0,0.0,2.0,40.0,8.0,22.0,13.0,26.0,133.0,356
261340,2017,6.0,0.0,4.0,2.0,0.0,30.0,3.0,29.0,4.0,18.0,101.0,336
261340,2018,10.0,0.0,7.0,2.0,1.0,43.0,8.0,14.0,10.0,18.0,117.0,330
261340,2019,9.0,0.0,8.0,6.0,1.0,34.0,18.0,16.0,20.0,18.0,132.0,302
261350,2012,22.0,0.0,4.0,3.0,6.0,79.0,20.0,47.0,27.0,79.0,297.0,534
261350,2013,0.0,0.0,0.0,0.0,0.0,0.0,0.0,0.0,0.0,0.0,336.0,556
261350,2014,38.0,4.0,10.0,12.0,6.0,101.0,25.0,75.0,35.0,97.0,410.0,578
261350,2015,36.0,8.0,7.0,9.0,6.0,107.0,44.0,41.0,73.0,65.0,405.0,560
261350,2016,30.0,1.0,6.0,7.0,2.0,95.0,27.0,34.0,32.0,83.0,319.0,468
261350,2017,18.0,1.0,4.0,4.0,4.0,85.0,5.0,30.0,22.0,75.0,254.0,443
261350,2018,32.0,0.0,3.0,4.0,4.0,131.0,7.0,81.0,18.0,112.0,410.0,554
261350,2019,34.0,2.0,5.0,5.0,7.0,127.0,27.0,34.0,49.0,77.0,371.0,513
261360,2012,21.0,5.0,10.0,5.0,5.0,70.0,23.0,28.0,49.0,47.0,266.0,443
261360,2013,0.0,0.0,0.0,0.0,0.0,0.0,0.0,0.0,0.0,0.0,246.0,404
261360,2014,17.0,0.0,1.0,4.0,10.0,91.0,17.0,24.0,33.0,86.0,287.0,458
261360,2015,5.0,1.0,6.0,8.0,3.0,78.0,19.0,22.0,42.0,55.0,239.0,421
261360,2016,11.0,0.0,4.0,9.0,6.0,83.0,26.0,28.0,47.0,55.0,270.0,434
261360,2017,12.0,0.0,3.0,7.0,12.0,96.0,14.0,32.0,37.0,69.0,282.0,459
261360,2018,12.0,1.0,4.0,9.0,11.0,97.0,13.0,31.0,38.0,54.0,270.0,454
261360,2019,15.0,1.0,2.0,8.0,3.0,103.0,14.0,32.0,20.0,54.0,252.0,416
261370,2012,82.0,1.0,11.0,22.0,25.0,205.0,42.0,63.0,147.0,130.0,738.0,1579
261370,2013,0.0,0.0,0.0,0.0,0.0,0.0,0.0,0.0,0.0,0.0,777.0,1699
261370,2014,64.0,5.0,23.0,28.0,21.0,238.0,89.0,63.0,170.0,132.0,849.0,1755
261370,2015,71.0,0.0,22.0,31.0,18.0,252.0,68.0,71.0,136.0,135.0,816.0,1803
261370,2016,68.0,1.0,38.0,32.0,16.0,222.0,79.0,65.0,134.0,98.0,763.0,1695
261370,2017,56.0,2.0,26.0,39.0,16.0,236.0,45.0,59.0,124.0,103.0,714.0,1600
261370,2018,51.0,3.0,23.0,23.0,18.0,260.0,81.0,46.0,108.0,80.0,708.0,1563
261370,2019,61.0,5.0,33.0,25.0,15.0,285.0,107.0,65.0,151.0,88.0,849.0,1571
261380,2012,14.0,0.0,1.0,3.0,2.0,26.0,6.0,12.0,11.0,17.0,97.0,243
261380,2013,0.0,0.0,0.0,0.0,0.0,0.0,0.0,0.0,0.0,0.0,92.0,235
261380,2014,8.0,0.0,0.0,3.0,4.0,20.0,6.0,6.0,9.0,28.0,87.0,242
261380,2015,11.0,0.0,0.0,2.0,3.0,25.0,6.0,8.0,7.0,16.0,80.0,260
261380,2016,6.0,0.0,4.0,0.0,2.0,30.0,6.0,13.0,17.0,22.0,101.0,282
261380,2017,7.0,2.0,3.0,2.0,3.0,23.0,9.0,11.0,6.0,22.0,89.0,266
261380,2018,16.0,0.0,2.0,2.0,3.0,31.0,11.0,9.0,22.0,26.0,122.0,303
261380,2019,6.0,0.0,2.0,2.0,3.0,24.0,11.0,10.0,18.0,21.0,103.0,261
261390,2012,147.0,0.0,17.0,9.0,16.0,205.0,13.0,54.0,40.0,177.0,792.0,1450
261390,2013,0.0,0.0,0.0,0.0,0.0,0.0,0.0,0.0,0.0,0.0,896.0,1405
261390,2014,106.0,0.0,36.0,12.0,12.0,263.0,15.0,202.0,43.0,332.0,1034.0,1460
261390,2015,52.0,0.0,20.0,13.0,13.0,284.0,26.0,201.0,26.0,319.0,964.0,1499
261390,2016,53.0,1.0,16.0,16.0,13.0,273.0,27.0,185.0,36.0,288.0,916.0,1312
261390,2017,84.0,1.0,17.0,15.0,12.0,339.0,26.0,181.0,53.0,287.0,1024.0,1415
261390,2018,92.0,1.0,30.0,27.0,19.0,389.0,18.0,233.0,34.0,323.0,1229.0,1612
261390,2019,113.0,2.0,20.0,15.0,10.0,373.0,9.0,223.0,32.0,346.0,1208.0,1525
261400,2012,14.0,0.0,8.0,2.0,7.0,44.0,3.0,17.0,9.0,42.0,148.0,319
261400,2013,0.0,0.0,0.0,0.0,0.0,0.0,0.0,0.0,0.0,0.0,131.0,280
261400,2014,13.0,1.0,2.0,4.0,3.0,31.0,10.0,26.0,9.0,35.0,136.0,253
261400,2015,15.0,1.0,4.0,8.0,4.0,33.0,12.0,23.0,21.0,35.0,158.0,303
261400,2016,9.0,0.0,6.0,2.0,3.0,33.0,7.0,11.0,20.0,25.0,127.0,258
261400,2017,20.0,0.0,0.0,2.0,6.0,40.0,6.0,12.0,9.0,42.0,147.0,279
261400,2018,20.0,0.0,1.0,4.0,1.0,60.0,14.0,19.0,22.0,32.0,181.0,295
261400,2019,12.0,0.0,0.0,8.0,3.0,37.0,11.0,20.0,25.0,30.0,149.0,246
261410,2012,19.0,0.0,9.0,9.0,8.0,56.0,17.0,18.0,27.0,48.0,221.0,466
261410,2013,0.0,0.0,0.0,0.0,0.0,0.0,0.0,0.0,0.0,0.0,264.0,456
261410,2014,19.0,1.0,10.0,5.0,5.0,57.0,20.0,25.0,14.0,42.0,201.0,407
261410,2015,18.0,1.0,10.0,8.0,2.0,72.0,20.0,26.0,34.0,52.0,248.0,461
261410,2016,14.0,0.0,9.0,4.0,1.0,65.0,9.0,24.0,36.0,40.0,204.0,387
261410,2017,9.0,0.0,8.0,3.0,4.0,62.0,12.0,33.0,18.0,33.0,192.0,399
261410,2018,14.0,0.0,6.0,4.0,3.0,87.0,13.0,20.0,15.0,43.0,211.0,427
261410,2019,16.0,0.0,6.0,2.0,3.0,80.0,14.0,23.0,20.0,42.0,208.0,422
261420,2012,46.0,2.0,6.0,6.0,7.0,52.0,29.0,26.0,32.0,55.0,267.0,690
261420,2013,0.0,0.0,0.0,0.0,0.0,0.0,0.0,0.0,0.0,0.0,404.0,823
261420,2014,22.0,1.0,4.0,5.0,4.0,110.0,18.0,59.0,30.0,66.0,344.0,744
261420,2015,16.0,1.0,11.0,7.0,8.0,93.0,19.0,28.0,20.0,51.0,269.0,684
261420,2016,15.0,2.0,8.0,11.0,11.0,59.0,18.0,24.0,27.0,39.0,227.0,604
261420,2017,12.0,0.0,2.0,9.0,5.0,77.0,12.0,24.0,13.0,35.0,193.0,573
261420,2018,13.0,0.0,2.0,10.0,7.0,65.0,18.0,22.0,28.0,29.0,200.0,587
261420,2019,9.0,0.0,10.0,9.0,5.0,67.0,21.0,12.0,27.0,37.0,199.0,575
261430,2012,12.0,0.0,3.0,1.0,1.0,21.0,2.0,9.0,8.0,18.0,76.0,145
261430,2013,0.0,0.0,0.0,0.0,0.0,0.0,0.0,0.0,0.0,0.0,95.0,162
261430,2014,6.0,1.0,0.0,1.0,0.0,27.0,11.0,9.0,8.0,18.0,83.0,173
261430,2015,11.0,0.0,2.0,2.0,2.0,29.0,6.0,9.0,8.0,20.0,96.0,168
261430,2016,9.0,0.0,5.0,0.0,0.0,27.0,2.0,9.0,9.0,16.0,78.0,138
261430,2017,7.0,1.0,0.0,0.0,1.0,23.0,0.0,13.0,3.0,31.0,79.0,147
261430,2018,5.0,0.0,3.0,1.0,1.0,26.0,1.0,9.0,5.0,21.0,76.0,143
261430,2019,6.0,0.0,0.0,2.0,1.0,29.0,2.0,12.0,8.0,31.0,93.0,159
261440,2012,6.0,0.0,4.0,2.0,1.0,18.0,3.0,12.0,4.0,31.0,82.0,111
261440,2013,0.0,0.0,0.0,0.0,0.0,0.0,0.0,0.0,0.0,0.0,71.0,96
261440,2014,6.0,0.0,0.0,4.0,1.0,16.0,1.0,19.0,2.0,26.0,80.0,114
261440,2015,5.0,0.0,0.0,3.0,0.0,28.0,0.0,12.0,2.0,17.0,68.0,93
261440,2016,1.0,0.0,0.0,3.0,1.0,21.0,0.0,9.0,0.0,15.0,50.0,77
261440,2017,6.0,0.0,0.0,3.0,1.0,26.0,0.0,8.0,1.0,22.0,67.0,88
261440,2018,2.0,0.0,2.0,0.0,0.0,18.0,0.0,12.0,1.0,21.0,56.0,82
261440,2019,4.0,0.0,4.0,1.0,1.0,25.0,2.0,5.0,4.0,15.0,61.0,82
261450,2012,64.0,2.0,18.0,11.0,11.0,156.0,48.0,43.0,167.0,76.0,613.0,926
261450,2013,0.0,0.0,0.0,0.0,0.0,0.0,0.0,0.0,0.0,0.0,620.0,906
261450,2014,26.0,2.0,11.0,13.0,9.0,150.0,105.0,21.0,192.0,64.0,605.0,884
261450,2015,40.0,1.0,5.0,8.0,7.0,183.0,75.0,39.0,125.0,78.0,565.0,863
261450,2016,31.0,0.0,9.0,15.0,10.0,183.0,58.0,47.0,124.0,82.0,567.0,847
261450,2017,37.0,0.0,11.0,5.0,7.0,182.0,47.0,60.0,81.0,122.0,557.0,844
261450,2018,42.0,2.0,18.0,17.0,10.0,208.0,76.0,42.0,121.0,82.0,626.0,925
261450,2019,33.0,4.0,4.0,21.0,7.0,202.0,88.0,10.0,148.0,44.0,565.0,879
261460,2012,32.0,2.0,6.0,6.0,5.0,98.0,24.0,48.0,40.0,75.0,337.0,469
261460,2013,0.0,0.0,0.0,0.0,0.0,0.0,0.0,0.0,0.0,0.0,369.0,479
261460,2014,14.0,0.0,2.0,14.0,4.0,98.0,4.0,51.0,5.0,104.0,301.0,420
261460,2015,14.0,0.0,4.0,6.0,3.0,107.0,4.0,51.0,4.0,102.0,303.0,438
261460,2016,9.0,0.0,3.0,3.0,1.0,105.0,1.0,50.0,9.0,88.0,272.0,390
261460,2017,14.0,1.0,4.0,17.0,9.0,106.0,1.0,50.0,0.0,86.0,290.0,398
261460,2018,24.0,0.0,9.0,6.0,3.0,129.0,3.0,57.0,7.0,102.0,343.0,468
261460,2019,25.0,0.0,4.0,7.0,1.0,138.0,9.0,35.0,8.0,79.0,307.0,464
261470,2012,12.0,0.0,0.0,1.0,0.0,21.0,13.0,10.0,16.0,23.0,97.0,182
261470,2013,0.0,0.0,0.0,0.0,0.0,0.0,0.0,0.0,0.0,0.0,78.0,178
261470,2014,7.0,0.0,3.0,3.0,0.0,27.0,12.0,13.0,6.0,20.0,92.0,154
261470,2015,8.0,0.0,4.0,5.0,4.0,19.0,5.0,15.0,13.0,20.0,95.0,182
261470,2016,8.0,0.0,0.0,6.0,2.0,21.0,6.0,8.0,4.0,21.0,76.0,145
261470,2017,3.0,0.0,4.0,4.0,5.0,20.0,2.0,6.0,6.0,20.0,72.0,149
261470,2018,9.0,1.0,1.0,3.0,3.0,35.0,3.0,10.0,12.0,13.0,90.0,168
261470,2019,8.0,1.0,7.0,0.0,5.0,25.0,9.0,9.0,10.0,16.0,91.0,176
261480,2012,10.0,1.0,0.0,14.0,8.0,14.0,3.0,4.0,10.0,9.0,85.0,334
261480,2013,0.0,0.0,0.0,0.0,0.0,0.0,0.0,0.0,0.0,0.0,99.0,329
261480,2014,11.0,0.0,3.0,5.0,4.0,29.0,3.0,6.0,8.0,16.0,89.0,336
261480,2015,3.0,0.0,0.0,3.0,2.0,21.0,8.0,9.0,6.0,11.0,69.0,342
261480,2016,9.0,0.0,1.0,6.0,1.0,21.0,3.0,5.0,2.0,18.0,69.0,292
261480,2017,4.0,0.0,1.0,3.0,1.0,25.0,6.0,16.0,8.0,25.0,101.0,312
261480,2018,7.0,4.0,7.0,5.0,2.0,28.0,6.0,23.0,10.0,19.0,122.0,368
261480,2019,6.0,1.0,10.0,2.0,3.0,20.0,3.0,3.0,3.0,10.0,78.0,317
261485,2012,19.0,0.0,4.0,6.0,4.0,37.0,6.0,8.0,15.0,36.0,144.0,426
261485,2013,0.0,0.0,0.0,0.0,0.0,0.0,0.0,0.0,0.0,0.0,148.0,364
261485,2014,9.0,0.0,2.0,5.0,8.0,46.0,11.0,17.0,9.0,30.0,145.0,390
261485,2015,8.0,1.0,2.0,10.0,1.0,39.0,5.0,15.0,10.0,32.0,126.0,368
261485,2016,9.0,0.0,4.0,5.0,4.0,57.0,8.0,15.0,14.0,19.0,140.0,396
261485,2017,18.0,0.0,4.0,3.0,2.0,41.0,3.0,13.0,12.0,30.0,129.0,399
261485,2018,11.0,0.0,6.0,4.0,4.0,53.0,8.0,12.0,12.0,22.0,135.0,368
261485,2019,13.0,0.0,1.0,6.0,4.0,50.0,6.0,21.0,17.0,20.0,144.0,426
261500,2012,28.0,2.0,4.0,5.0,6.0,59.0,18.0,14.0,41.0,44.0,235.0,386
261500,2013,0.0,0.0,0.0,0.0,0.0,0.0,0.0,0.0,0.0,0.0,187.0,345
261500,2014,12.0,0.0,3.0,4.0,1.0,58.0,6.0,35.0,18.0,72.0,214.0,346
261500,2015,13.0,0.0,9.0,5.0,2.0,58.0,13.0,17.0,22.0,57.0,198.0,320
261500,2016,16.0,1.0,4.0,9.0,5.0,49.0,14.0,19.0,33.0,34.0,192.0,292
261500,2017,21.0,3.0,5.0,6.0,4.0,67.0,29.0,20.0,46.0,29.0,231.0,365
261500,2018,16.0,14.0,9.0,7.0,0.0,93.0,41.0,14.0,43.0,32.0,274.0,420
261500,2019,14.0,0.0,8.0,4.0,6.0,89.0,24.0,13.0,44.0,31.0,234.0,360
261510,2012,4.0,1.0,0.0,0.0,1.0,11.0,2.0,11.0,6.0,11.0,48.0,121
261510,2013,0.0,0.0,0.0,0.0,0.0,0.0,0.0,0.0,0.0,0.0,46.0,119
261510,2014,5.0,0.0,4.0,0.0,3.0,14.0,2.0,7.0,4.0,18.0,58.0,110
261510,2015,3.0,0.0,0.0,1.0,0.0,16.0,1.0,3.0,1.0,8.0,33.0,105
261510,2016,6.0,0.0,0.0,2.0,0.0,14.0,1.0,11.0,10.0,8.0,53.0,106
261510,2017,3.0,0.0,4.0,3.0,0.0,10.0,1.0,5.0,1.0,9.0,36.0,103
261510,2018,4.0,1.0,4.0,2.0,0.0,9.0,1.0,7.0,2.0,5.0,35.0,101
261510,2019,5.0,0.0,0.0,4.0,1.0,19.0,2.0,4.0,5.0,8.0,49.0,134
261520,2012,3.0,0.0,0.0,0.0,3.0,22.0,0.0,11.0,1.0,19.0,59.0,128
261520,2013,0.0,0.0,0.0,0.0,0.0,0.0,0.0,0.0,0.0,0.0,86.0,149
261520,2014,6.0,0.0,6.0,2.0,1.0,18.0,1.0,11.0,3.0,36.0,86.0,144
261520,2015,8.0,1.0,0.0,5.0,3.0,22.0,9.0,9.0,6.0,26.0,92.0,142
261520,2016,8.0,0.0,2.0,1.0,2.0,19.0,1.0,10.0,5.0,24.0,75.0,124
261520,2017,4.0,2.0,3.0,2.0,1.0,20.0,4.0,7.0,6.0,23.0,75.0,109
261520,2018,9.0,0.0,2.0,1.0,0.0,26.0,7.0,10.0,14.0,17.0,88.0,135
261520,2019,9.0,1.0,0.0,1.0,1.0,41.0,8.0,10.0,10.0,18.0,104.0,146
261530,2012,26.0,1.0,12.0,10.0,11.0,121.0,12.0,76.0,53.0,106.0,435.0,826
261530,2013,0.0,0.0,0.0,0.0,0.0,0.0,0.0,0.0,0.0,0.0,384.0,789
261530,2014,29.0,1.0,10.0,3.0,10.0,103.0,16.0,49.0,42.0,110.0,374.0,810
261530,2015,28.0,0.0,6.0,9.0,12.0,104.0,15.0,46.0,27.0,76.0,329.0,788
261530,2016,22.0,0.0,2.0,8.0,4.0,80.0,16.0,28.0,35.0,73.0,273.0,709
261530,2017,20.0,4.0,12.0,5.0,7.0,113.0,18.0,41.0,34.0,77.0,340.0,760
261530,2018,29.0,0.0,9.0,7.0,8.0,94.0,17.0,28.0,40.0,59.0,295.0,698
261530,2019,22.0,0.0,12.0,10.0,4.0,104.0,23.0,34.0,33.0,47.0,307.0,670
261540,2012,65.0,1.0,17.0,3.0,7.0,97.0,17.0,29.0,52.0,87.0,385.0,587
261540,2013,0.0,0.0,0.0,0.0,0.0,0.0,0.0,0.0,0.0,0.0,396.0,647
261540,2014,28.0,0.0,5.0,8.0,4.0,126.0,32.0,37.0,65.0,94.0,402.0,584
261540,2015,29.0,1.0,5.0,10.0,17.0,114.0,19.0,48.0,72.0,88.0,407.0,611
261540,2016,30.0,0.0,3.0,14.0,18.0,96.0,21.0,22.0,50.0,54.0,316.0,500
261540,2017,14.0,2.0,7.0,14.0,8.0,134.0,30.0,28.0,72.0,68.0,383.0,606
261540,2018,23.0,1.0,15.0,4.0,6.0,147.0,39.0,28.0,89.0,55.0,412.0,674
261540,2019,25.0,0.0,10.0,5.0,11.0,163.0,45.0,30.0,83.0,61.0,434.0,704
261550,2012,29.0,0.0,2.0,1.0,2.0,19.0,12.0,5.0,18.0,21.0,118.0,216
261550,2013,0.0,0.0,0.0,0.0,0.0,0.0,0.0,0.0,0.0,0.0,124.0,231
261550,2014,4.0,1.0,5.0,5.0,5.0,22.0,8.0,10.0,13.0,16.0,97.0,209
261550,2015,10.0,0.0,1.0,7.0,2.0,38.0,5.0,8.0,13.0,14.0,99.0,220
261550,2016,6.0,0.0,0.0,7.0,1.0,29.0,9.0,7.0,8.0,10.0,80.0,187
261550,2017,5.0,2.0,0.0,1.0,2.0,26.0,6.0,4.0,12.0,11.0,73.0,178
261550,2018,11.0,0.0,0.0,0.0,1.0,31.0,14.0,5.0,15.0,10.0,91.0,193
261550,2019,4.0,0.0,2.0,2.0,1.0,26.0,8.0,5.0,13.0,13.0,78.0,187
261560,2012,27.0,3.0,7.0,5.0,13.0,71.0,9.0,33.0,18.0,106.0,302.0,590
261560,2013,0.0,0.0,0.0,0.0,0.0,0.0,0.0,0.0,0.0,0.0,301.0,612
261560,2014,29.0,1.0,7.0,8.0,8.0,90.0,9.0,45.0,20.0,93.0,316.0,598
261560,2015,33.0,0.0,4.0,9.0,3.0,91.0,6.0,47.0,14.0,82.0,297.0,592
261560,2016,20.0,1.0,8.0,6.0,1.0,88.0,3.0,67.0,11.0,77.0,284.0,527
261560,2017,26.0,2.0,7.0,4.0,3.0,111.0,9.0,49.0,13.0,99.0,324.0,592
261560,2018,18.0,0.0,9.0,4.0,3.0,126.0,8.0,41.0,21.0,58.0,293.0,562
261560,2019,12.0,2.0,16.0,18.0,5.0,118.0,5.0,52.0,14.0,65.0,308.0,570
261570,2012,19.0,0.0,4.0,5.0,3.0,28.0,1.0,22.0,3.0,37.0,134.0,224
261570,2013,0.0,0.0,0.0,0.0,0.0,0.0,0.0,0.0,0.0,0.0,120.0,185
261570,2014,6.0,1.0,6.0,3.0,3.0,24.0,4.0,27.0,3.0,41.0,125.0,190
261570,2015,12.0,0.0,3.0,3.0,6.0,36.0,1.0,28.0,2.0,36.0,130.0,209
261570,2016,3.0,0.0,2.0,4.0,0.0,22.0,5.0,14.0,13.0,33.0,99.0,172
261570,2017,7.0,0.0,4.0,3.0,2.0,32.0,3.0,18.0,15.0,36.0,122.0,203
261570,2018,9.0,0.0,4.0,2.0,3.0,30.0,3.0,20.0,6.0,34.0,113.0,179
261570,2019,9.0,2.0,2.0,3.0,3.0,46.0,4.0,21.0,4.0,29.0,127.0,191
261580,2012,20.0,1.0,5.0,1.0,1.0,30.0,1.0,28.0,4.0,54.0,145.0,353
261580,2013,0.0,0.0,0.0,0.0,0.0,0.0,0.0,0.0,0.0,0.0,126.0,322
261580,2014,4.0,0.0,7.0,0.0,2.0,35.0,4.0,22.0,4.0,38.0,118.0,308
261580,2015,11.0,1.0,2.0,1.0,1.0,34.0,7.0,25.0,10.0,29.0,126.0,320
261580,2016,15.0,0.0,2.0,0.0,1.0,31.0,5.0,14.0,14.0,33.0,119.0,293
261580,2017,7.0,0.0,2.0,4.0,5.0,30.0,15.0,18.0,8.0,41.0,142.0,330
261580,2018,9.0,0.0,4.0,5.0,3.0,50.0,10.0,28.0,9.0,35.0,158.0,377
261580,2019,13.0,1.0,6.0,2.0,2.0,40.0,9.0,15.0,14.0,23.0,133.0,347
261590,2012,8.0,0.0,4.0,2.0,0.0,29.0,25.0,2.0,31.0,8.0,109.0,142
261590,2013,0.0,0.0,0.0,0.0,0.0,0.0,0.0,0.0,0.0,0.0,97.0,121
261590,2014,6.0,0.0,0.0,2.0,1.0,32.0,10.0,1.0,23.0,10.0,87.0,119
261590,2015,6.0,0.0,7.0,2.0,2.0,40.0,14.0,3.0,19.0,10.0,103.0,130
261590,2016,10.0,0.0,0.0,1.0,0.0,30.0,1.0,7.0,0.0,12.0,61.0,104
261590,2017,4.0,0.0,4.0,1.0,0.0,32.0,2.0,7.0,8.0,17.0,75.0,119
261590,2018,4.0,0.0,0.0,0.0,1.0,26.0,7.0,6.0,17.0,9.0,70.0,102
261590,2019,1.0,1.0,0.0,2.0,2.0,41.0,9.0,2.0,16.0,13.0,87.0,123
261600,2012,12.0,1.0,1.0,2.0,2.0,32.0,1.0,12.0,6.0,41.0,110.0,248
261600,2013,0.0,0.0,0.0,0.0,0.0,0.0,0.0,0.0,0.0,0.0,130.0,275
261600,2014,14.0,3.0,5.0,2.0,0.0,41.0,3.0,24.0,7.0,35.0,137.0,265
261600,2015,6.0,0.0,1.0,5.0,2.0,36.0,3.0,12.0,7.0,32.0,109.0,263
261600,2016,7.0,0.0,0.0,3.0,1.0,21.0,0.0,9.0,12.0,25.0,83.0,200
261600,2017,11.0,0.0,4.0,1.0,2.0,29.0,7.0,15.0,8.0,22.0,104.0,229
261600,2018,12.0,0.0,0.0,1.0,2.0,44.0,3.0,18.0,7.0,22.0,118.0,285
261600,2019,16.0,1.0,3.0,3.0,1.0,38.0,1.0,29.0,10.0,30.0,134.0,286
261610,2012,7.0,0.0,0.0,1.0,3.0,23.0,2.0,8.0,1.0,37.0,82.0,176
261610,2013,0.0,0.0,0.0,0.0,0.0,0.0,0.0,0.0,0.0,0.0,86.0,150
261610,2014,10.0,0.0,2.0,1.0,0.0,23.0,2.0,13.0,3.0,19.0,77.0,147
261610,2015,11.0,0.0,3.0,1.0,5.0,26.0,1.0,9.0,2.0,24.0,85.0,155
261610,2016,11.0,1.0,0.0,1.0,3.0,21.0,3.0,11.0,4.0,21.0,80.0,134
261610,2017,6.0,0.0,0.0,0.0,1.0,20.0,1.0,10.0,8.0,12.0,62.0,103
261610,2018,8.0,0.0,2.0,3.0,1.0,31.0,4.0,10.0,10.0,7.0,78.0,143
261610,2019,15.0,1.0,0.0,2.0,1.0,27.0,2.0,6.0,6.0,25.0,87.0,136
261618,2012,12.0,0.0,2.0,1.0,3.0,30.0,7.0,2.0,20.0,7.0,87.0,138
261618,2013,0.0,0.0,0.0,0.0,0.0,0.0,0.0,0.0,0.0,0.0,72.0,114
261618,2014,4.0,2.0,0.0,1.0,0.0,16.0,14.0,6.0,20.0,5.0,68.0,107
261618,2015,5.0,0.0,2.0,0.0,0.0,20.0,7.0,4.0,10.0,15.0,65.0,93
261618,2016,3.0,0.0,3.0,0.0,1.0,17.0,5.0,10.0,21.0,19.0,79.0,115
261618,2017,8.0,0.0,5.0,1.0,0.0,18.0,7.0,5.0,4.0,22.0,71.0,109
261618,2018,5.0,0.0,2.0,0.0,2.0,28.0,5.0,5.0,10.0,12.0,70.0,112
261618,2019,1.0,0.0,4.0,4.0,2.0,28.0,10.0,2.0,13.0,4.0,68.0,103
261620,2012,29.0,0.0,6.0,3.0,2.0,63.0,6.0,38.0,19.0,70.0,236.0,396
261620,2013,0.0,0.0,0.0,0.0,0.0,0.0,0.0,0.0,0.0,0.0,205.0,337
261620,2014,32.0,1.0,2.0,3.0,3.0,67.0,17.0,47.0,25.0,54.0,254.0,389
261620,2015,21.0,0.0,2.0,3.0,3.0,69.0,9.0,38.0,16.0,57.0,220.0,366
261620,2016,12.0,0.0,6.0,4.0,4.0,56.0,8.0,42.0,12.0,41.0,186.0,311
261620,2017,20.0,3.0,9.0,6.0,7.0,74.0,13.0,28.0,27.0,36.0,225.0,348
261620,2018,20.0,0.0,6.0,5.0,2.0,79.0,18.0,27.0,26.0,48.0,235.0,361
261620,2019,13.0,1.0,8.0,2.0,3.0,68.0,11.0,16.0,22.0,31.0,178.0,290
261630,2012,29.0,0.0,3.0,7.0,6.0,29.0,10.0,10.0,33.0,34.0,172.0,404
261630,2013,0.0,0.0,0.0,0.0,0.0,0.0,0.0,0.0,0.0,0.0,198.0,411
261630,2014,17.0,1.0,3.0,6.0,4.0,44.0,13.0,17.0,33.0,33.0,182.0,401
261630,2015,15.0,0.0,3.0,7.0,4.0,56.0,9.0,11.0,29.0,32.0,175.0,447
261630,2016,11.0,0.0,0.0,1.0,5.0,35.0,14.0,8.0,23.0,25.0,131.0,360
261630,2017,13.0,0.0,2.0,3.0,3.0,48.0,9.0,9.0,25.0,29.0,152.0,383
261630,2018,12.0,0.0,8.0,3.0,7.0,53.0,25.0,20.0,31.0,38.0,204.0,437
261630,2019,14.0,0.0,2.0,4.0,5.0,44.0,21.0,12.0,32.0,19.0,161.0,387
261640,2012,663.0,1.0,30.0,33.0,21.0,168.0,30.0,43.0,114.0,173.0,1289.0,2124
261640,2013,0.0,0.0,0.0,0.0,0.0,0.0,0.0,0.0,0.0,0.0,1221.0,1999
261640,2014,103.0,2.0,29.0,19.0,9.0,426.0,44.0,133.0,129.0,396.0,1292.0,2094
261640,2015,109.0,3.0,37.0,16.0,21.0,381.0,30.0,159.0,105.0,334.0,1204.0,2090
261640,2016,119.0,3.0,30.0,29.0,26.0,395.0,25.0,138.0,92.0,333.0,1202.0,1967
261640,2017,87.0,6.0,37.0,19.0,13.0,415.0,67.0,135.0,127.0,309.0,1239.0,2075
261640,2018,91.0,2.0,30.0,26.0,18.0,435.0,59.0,118.0,109.0,258.0,1159.0,2059
261640,2019,85.0,1.0,17.0,19.0,16.0,421.0,92.0,57.0,169.0,180.0,1069.0,1901
261650,2012,52.0,1.0,2.0,2.0,1.0,49.0,1.0,31.0,7.0,34.0,185.0,318
261650,2013,0.0,0.0,0.0,0.0,0.0,0.0,0.0,0.0,0.0,0.0,148.0,289
261650,2014,15.0,0.0,0.0,0.0,2.0,45.0,2.0,39.0,4.0,43.0,165.0,298
261650,2015,7.0,0.0,4.0,2.0,0.0,37.0,1.0,39.0,5.0,26.0,139.0,284
261650,2016,5.0,0.0,0.0,2.0,3.0,25.0,2.0,20.0,5.0,20.0,87.0,221
261650,2017,8.0,0.0,0.0,2.0,1.0,29.0,3.0,19.0,1.0,26.0,93.0,241
261650,2018,8.0,0.0,0.0,1.0,3.0,31.0,2.0,17.0,6.0,25.0,94.0,232
261650,2019,5.0,0.0,3.0,2.0,2.0,20.0,2.0,21.0,2.0,17.0,82.0,214
270000,2016,0.0,0.0,0.0,0.0,0.0,0.0,0.0,0.0,0.0,0.0,0.0,1
270010,2012,18.0,5.0,6.0,3.0,1.0,25.0,19.0,9.0,9.0,12.0,120.0,334
270010,2013,0.0,0.0,0.0,0.0,0.0,0.0,0.0,0.0,0.0,0.0,126.0,336
270010,2014,11.0,0.0,0.0,4.0,2.0,21.0,17.0,17.0,19.0,23.0,118.0,277
270010,2015,7.0,0.0,4.0,3.0,2.0,30.0,20.0,21.0,12.0,29.0,136.0,335
270010,2016,3.0,0.0,0.0,1.0,3.0,19.0,10.0,18.0,1.0,27.0,88.0,278
270010,2017,19.0,0.0,1.0,0.0,0.0,24.0,11.0,17.0,4.0,46.0,132.0,338
270010,2018,5.0,0.0,3.0,3.0,4.0,38.0,7.0,24.0,3.0,28.0,122.0,330
270010,2019,9.0,1.0,0.0,1.0,1.0,43.0,6.0,14.0,4.0,26.0,108.0,323
270020,2012,17.0,0.0,2.0,4.0,2.0,26.0,3.0,36.0,6.0,24.0,122.0,278
270020,2013,0.0,0.0,0.0,0.0,0.0,0.0,0.0,0.0,0.0,0.0,113.0,243
270020,2014,11.0,0.0,3.0,1.0,2.0,34.0,2.0,20.0,8.0,34.0,126.0,263
270020,2015,10.0,0.0,2.0,3.0,1.0,21.0,1.0,18.0,3.0,24.0,87.0,227
270020,2016,4.0,0.0,1.0,2.0,1.0,23.0,4.0,23.0,5.0,31.0,96.0,210
270020,2017,10.0,1.0,2.0,2.0,2.0,23.0,5.0,24.0,1.0,16.0,92.0,205
270020,2018,6.0,0.0,2.0,2.0,2.0,41.0,10.0,16.0,9.0,29.0,118.0,254
270020,2019,6.0,0.0,0.0,3.0,1.0,37.0,2.0,16.0,7.0,14.0,93.0,206
270030,2012,705.0,2.0,54.0,49.0,46.0,423.0,9.0,24.0,61.0,553.0,2342.0,3810
270030,2013,0.0,0.0,0.0,0.0,0.0,0.0,0.0,0.0,0.0,0.0,2267.0,3784
270030,2014,186.0,5.0,69.0,93.0,62.0,558.0,17.0,348.0,19.0,612.0,2611.0,4065
270030,2015,198.0,3.0,65.0,123.0,123.0,513.0,56.0,291.0,150.0,520.0,2716.0,4204
270030,2016,215.0,1.0,44.0,259.0,206.0,459.0,29.0,342.0,87.0,590.0,2618.0,3779
270030,2017,131.0,2.0,50.0,175.0,86.0,292.0,53.0,144.0,109.0,243.0,2734.0,3950
270030,2018,175.0,5.0,62.0,34.0,22.0,645.0,133.0,217.0,206.0,427.0,2949.0,4156
270030,2019,44.0,0.0,50.0,6.0,5.0,117.0,38.0,21.0,42.0,55.0,2281.0,3494
270040,2012,43.0,2.0,12.0,4.0,5.0,92.0,9.0,102.0,21.0,117.0,414.0,768
270040,2013,0.0,0.0,0.0,0.0,0.0,0.0,0.0,0.0,0.0,0.0,421.0,828
270040,2014,35.0,0.0,7.0,8.0,3.0,88.0,11.0,54.0,11.0,86.0,325.0,726
270040,2015,29.0,1.0,11.0,1.0,3.0,75.0,10.0,53.0,6.0,77.0,299.0,729
270040,2016,24.0,2.0,12.0,4.0,2.0,74.0,4.0,51.0,4.0,49.0,230.0,627
270040,2017,21.0,0.0,4.0,1.0,4.0,90.0,13.0,65.0,15.0,79.0,306.0,705
270040,2018,27.0,0.0,10.0,5.0,5.0,105.0,11.0,45.0,10.0,66.0,292.0,688
270040,2019,27.0,0.0,6.0,4.0,3.0,76.0,5.0,54.0,6.0,55.0,245.0,620
270050,2012,19.0,0.0,5.0,0.0,6.0,45.0,4.0,34.0,13.0,49.0,177.0,292
270050,2013,0.0,0.0,0.0,0.0,0.0,0.0,0.0,0.0,0.0,0.0,174.0,300
270050,2014,11.0,0.0,0.0,2.0,0.0,53.0,3.0,24.0,13.0,39.0,152.0,287
270050,2015,9.0,2.0,4.0,4.0,1.0,56.0,4.0,16.0,16.0,37.0,155.0,297
270050,2016,10.0,0.0,1.0,3.0,1.0,55.0,5.0,21.0,3.0,37.0,140.0,297
270050,2017,17.0,0.0,8.0,2.0,0.0,54.0,3.0,21.0,3.0,45.0,154.0,309
270050,2018,7.0,0.0,4.0,3.0,3.0,68.0,5.0,22.0,8.0,54.0,176.0,337
270050,2019,7.0,0.0,7.0,2.0,0.0,61.0,5.0,27.0,7.0,32.0,149.0,283
270060,2012,15.0,0.0,2.0,2.0,1.0,15.0,2.0,16.0,5.0,22.0,81.0,124
270060,2013,0.0,0.0,0.0,0.0,0.0,0.0,0.0,0.0,0.0,0.0,90.0,140
270060,2014,4.0,0.0,0.0,5.0,1.0,25.0,0.0,10.0,7.0,23.0,78.0,150
270060,2015,7.0,0.0,2.0,1.0,3.0,29.0,2.0,11.0,4.0,29.0,91.0,166
270060,2016,10.0,0.0,4.0,2.0,1.0,31.0,2.0,13.0,5.0,20.0,90.0,160
270060,2017,8.0,0.0,0.0,2.0,0.0,39.0,4.0,7.0,2.0,8.0,70.0,141
270060,2018,7.0,0.0,2.0,1.0,1.0,34.0,1.0,9.0,3.0,20.0,78.0,158
270060,2019,4.0,0.0,0.0,0.0,0.0,36.0,4.0,14.0,4.0,22.0,84.0,164
270070,2012,17.0,0.0,3.0,4.0,1.0,20.0,6.0,9.0,16.0,24.0,106.0,298
270070,2013,0.0,0.0,0.0,0.0,0.0,0.0,0.0,0.0,0.0,0.0,97.0,296
270070,2014,2.0,0.0,0.0,3.0,1.0,35.0,10.0,5.0,22.0,13.0,103.0,298
270070,2015,7.0,0.0,2.0,5.0,1.0,24.0,8.0,6.0,17.0,7.0,92.0,271
270070,2016,4.0,2.0,1.0,2.0,11.0,30.0,5.0,10.0,18.0,16.0,109.0,261
270070,2017,9.0,0.0,3.0,3.0,2.0,30.0,8.0,6.0,22.0,15.0,131.0,282
270070,2018,11.0,0.0,4.0,2.0,4.0,42.0,7.0,9.0,21.0,22.0,148.0,308
270070,2019,5.0,1.0,2.0,4.0,6.0,36.0,7.0,6.0,22.0,4.0,131.0,282
270080,2012,12.0,0.0,0.0,0.0,0.0,11.0,1.0,10.0,5.0,14.0,56.0,86
270080,2013,0.0,0.0,0.0,0.0,0.0,0.0,0.0,0.0,0.0,0.0,51.0,76
270080,2014,5.0,0.0,0.0,0.0,0.0,13.0,0.0,6.0,5.0,20.0,52.0,79
270080,2015,1.0,0.0,0.0,2.0,0.0,12.0,2.0,5.0,0.0,14.0,41.0,71
270080,2016,6.0,0.0,0.0,1.0,0.0,24.0,2.0,6.0,4.0,7.0,54.0,83
270080,2017,3.0,0.0,2.0,0.0,0.0,15.0,3.0,9.0,4.0,16.0,54.0,77
270080,2018,2.0,0.0,1.0,1.0,1.0,21.0,3.0,7.0,0.0,10.0,50.0,82
270080,2019,7.0,0.0,0.0,0.0,0.0,16.0,1.0,6.0,6.0,13.0,52.0,79
270090,2012,5.0,0.0,0.0,0.0,1.0,9.0,1.0,0.0,4.0,6.0,33.0,100
270090,2013,0.0,0.0,0.0,0.0,0.0,0.0,0.0,0.0,0.0,0.0,22.0,88
270090,2014,1.0,1.0,2.0,0.0,1.0,7.0,2.0,5.0,1.0,3.0,29.0,96
270090,2015,4.0,0.0,6.0,1.0,4.0,7.0,0.0,2.0,7.0,10.0,47.0,112
270090,2016,3.0,0.0,2.0,5.0,3.0,6.0,8.0,3.0,2.0,11.0,50.0,95
270090,2017,1.0,0.0,2.0,2.0,2.0,3.0,1.0,4.0,2.0,6.0,41.0,96
270090,2018,0.0,0.0,0.0,2.0,0.0,12.0,2.0,4.0,1.0,7.0,37.0,101
270090,2019,1.0,0.0,2.0,1.0,0.0,4.0,3.0,2.0,2.0,2.0,42.0,95
270100,2012,20.0,0.0,8.0,4.0,4.0,29.0,13.0,59.0,18.0,65.0,224.0,421
270100,2013,0.0,0.0,0.0,0.0,0.0,0.0,0.0,0.0,0.0,0.0,252.0,491
270100,2014,14.0,0.0,2.0,5.0,7.0,58.0,4.0,39.0,7.0,46.0,188.0,432
270100,2015,10.0,0.0,4.0,2.0,1.0,42.0,2.0,24.0,5.0,52.0,149.0,409
270100,2016,8.0,0.0,0.0,6.0,2.0,56.0,6.0,22.0,5.0,40.0,147.0,356
270100,2017,6.0,0.0,3.0,3.0,4.0,57.0,4.0,20.0,11.0,26.0,135.0,320
270100,2018,16.0,1.0,2.0,3.0,2.0,53.0,7.0,21.0,12.0,29.0,146.0,340
270100,2019,12.0,2.0,10.0,3.0,5.0,31.0,9.0,19.0,8.0,29.0,129.0,330
270110,2012,53.0,0.0,2.0,2.0,2.0,4.0,1.0,3.0,4.0,6.0,78.0,229
270110,2013,0.0,0.0,0.0,0.0,0.0,0.0,0.0,0.0,0.0,0.0,81.0,224
270110,2014,6.0,1.0,4.0,1.0,0.0,29.0,1.0,47.0,0.0,2.0,92.0,231
270110,2015,11.0,0.0,4.0,0.0,0.0,19.0,0.0,31.0,1.0,2.0,71.0,205
270110,2016,12.0,0.0,4.0,1.0,0.0,17.0,2.0,28.0,2.0,3.0,71.0,186
270110,2017,7.0,1.0,0.0,0.0,1.0,25.0,1.0,19.0,0.0,11.0,67.0,185
270110,2018,2.0,0.0,0.0,0.0,0.0,26.0,0.0,15.0,2.0,24.0,69.0,183
270110,2019,7.0,0.0,2.0,0.0,0.0,26.0,10.0,12.0,12.0,16.0,87.0,185
270120,2012,15.0,1.0,0.0,1.0,0.0,17.0,10.0,11.0,5.0,29.0,92.0,175
270120,2013,0.0,0.0,0.0,0.0,0.0,0.0,0.0,0.0,0.0,0.0,84.0,166
270120,2014,10.0,0.0,2.0,2.0,1.0,35.0,3.0,15.0,3.0,24.0,101.0,179
270120,2015,4.0,0.0,0.0,1.0,0.0,27.0,2.0,18.0,6.0,19.0,83.0,157
270120,2016,4.0,0.0,0.0,0.0,0.0,30.0,1.0,11.0,2.0,12.0,63.0,136
270120,2017,10.0,0.0,0.0,0.0,0.0,29.0,4.0,13.0,2.0,23.0,89.0,171
270120,2018,9.0,0.0,0.0,1.0,0.0,33.0,2.0,8.0,5.0,20.0,83.0,160
270120,2019,8.0,0.0,0.0,2.0,1.0,24.0,0.0,18.0,3.0,17.0,79.0,170
270130,2012,26.0,1.0,6.0,3.0,1.0,32.0,7.0,45.0,8.0,47.0,177.0,396
270130,2013,0.0,0.0,0.0,0.0,0.0,0.0,0.0,0.0,0.0,0.0,180.0,374
270130,2014,11.0,1.0,4.0,1.0,3.0,38.0,4.0,27.0,10.0,39.0,148.0,372
270130,2015,4.0,0.0,1.0,3.0,0.0,31.0,3.0,12.0,9.0,33.0,106.0,317
270130,2016,12.0,0.0,3.0,3.0,4.0,31.0,3.0,25.0,7.0,36.0,128.0,348
270130,2017,11.0,1.0,5.0,0.0,4.0,40.0,3.0,15.0,4.0,31.0,116.0,307
270130,2018,12.0,0.0,2.0,4.0,1.0,45.0,1.0,21.0,3.0,39.0,129.0,312
270130,2019,5.0,0.0,2.0,1.0,1.0,47.0,4.0,22.0,4.0,37.0,123.0,313
270135,2012,7.0,0.0,0.0,1.0,0.0,7.0,0.0,5.0,2.0,5.0,27.0,70
270135,2013,0.0,0.0,0.0,0.0,0.0,0.0,0.0,0.0,0.0,0.0,31.0,83
270135,2014,0.0,0.0,2.0,1.0,0.0,2.0,1.0,2.0,3.0,7.0,18.0,72
270135,2015,0.0,0.0,0.0,1.0,0.0,5.0,0.0,6.0,1.0,9.0,22.0,70
270135,2016,1.0,0.0,0.0,0.0,2.0,3.0,1.0,6.0,2.0,5.0,21.0,70
270135,2017,2.0,0.0,2.0,2.0,2.0,7.0,2.0,4.0,3.0,8.0,32.0,94
270135,2018,6.0,0.0,0.0,0.0,1.0,18.0,4.0,7.0,1.0,11.0,48.0,96
270135,2019,2.0,0.0,2.0,0.0,0.0,6.0,1.0,6.0,4.0,18.0,39.0,93
270140,2012,35.0,0.0,10.0,3.0,3.0,67.0,5.0,58.0,12.0,64.0,274.0,499
270140,2013,0.0,0.0,0.0,0.0,0.0,0.0,0.0,0.0,0.0,0.0,289.0,548
270140,2014,17.0,1.0,7.0,4.0,1.0,77.0,11.0,44.0,16.0,49.0,244.0,505
270140,2015,20.0,0.0,4.0,4.0,5.0,61.0,3.0,30.0,16.0,40.0,192.0,484
270140,2016,17.0,0.0,2.0,8.0,4.0,63.0,12.0,37.0,6.0,44.0,200.0,495
270140,2017,19.0,0.0,5.0,5.0,0.0,69.0,7.0,28.0,18.0,53.0,218.0,526
270140,2018,11.0,0.0,9.0,7.0,5.0,76.0,12.0,22.0,12.0,41.0,204.0,536
270140,2019,18.0,2.0,7.0,3.0,3.0,84.0,13.0,25.0,13.0,41.0,225.0,521
270150,2012,20.0,0.0,4.0,1.0,4.0,14.0,0.0,4.0,2.0,24.0,92.0,164
270150,2013,0.0,0.0,0.0,0.0,0.0,0.0,0.0,0.0,0.0,0.0,53.0,119
270150,2014,6.0,0.0,1.0,2.0,4.0,22.0,0.0,14.0,3.0,39.0,110.0,179
270150,2015,4.0,0.0,0.0,6.0,3.0,18.0,0.0,8.0,11.0,14.0,90.0,152
270150,2016,4.0,0.0,0.0,12.0,11.0,17.0,2.0,12.0,4.0,16.0,96.0,147
270150,2017,4.0,0.0,0.0,3.0,2.0,13.0,4.0,6.0,4.0,5.0,79.0,135
270150,2018,5.0,0.0,4.0,1.0,0.0,18.0,3.0,10.0,9.0,18.0,94.0,136
270150,2019,2.0,0.0,3.0,0.0,0.0,11.0,6.0,1.0,1.0,5.0,90.0,142
270160,2012,11.0,0.0,2.0,1.0,0.0,26.0,4.0,17.0,13.0,33.0,115.0,298
270160,2013,0.0,0.0,0.0,0.0,0.0,0.0,0.0,0.0,0.0,0.0,123.0,325
270160,2014,14.0,0.0,2.0,1.0,4.0,22.0,8.0,27.0,6.0,25.0,111.0,259
270160,2015,16.0,0.0,2.0,2.0,2.0,26.0,7.0,17.0,5.0,47.0,130.0,305
270160,2016,10.0,0.0,0.0,3.0,2.0,34.0,5.0,24.0,3.0,28.0,110.0,231
270160,2017,15.0,0.0,0.0,1.0,1.0,32.0,8.0,22.0,2.0,39.0,125.0,271
270160,2018,8.0,1.0,5.0,3.0,4.0,49.0,14.0,24.0,4.0,41.0,156.0,318
270160,2019,5.0,0.0,0.0,3.0,3.0,52.0,5.0,16.0,2.0,27.0,115.0,289
270170,2012,21.0,0.0,6.0,7.0,2.0,39.0,1.0,30.0,12.0,31.0,151.0,308
270170,2013,0.0,0.0,0.0,0.0,0.0,0.0,0.0,0.0,0.0,0.0,127.0,274
270170,2014,8.0,0.0,1.0,2.0,1.0,23.0,4.0,15.0,9.0,26.0,90.0,234
270170,2015,9.0,0.0,4.0,2.0,3.0,30.0,2.0,12.0,2.0,25.0,95.0,268
270170,2016,12.0,0.0,3.0,3.0,2.0,26.0,2.0,19.0,7.0,29.0,107.0,240
270170,2017,6.0,0.0,4.0,1.0,0.0,27.0,0.0,11.0,8.0,28.0,89.0,212
270170,2018,12.0,2.0,1.0,0.0,2.0,34.0,3.0,6.0,3.0,13.0,78.0,199
270170,2019,9.0,1.0,4.0,1.0,1.0,48.0,5.0,19.0,3.0,15.0,110.0,251
270180,2012,8.0,0.0,0.0,2.0,0.0,19.0,6.0,10.0,8.0,19.0,79.0,178
270180,2013,0.0,0.0,0.0,0.0,0.0,0.0,0.0,0.0,0.0,0.0,69.0,155
270180,2014,7.0,0.0,3.0,1.0,5.0,24.0,2.0,15.0,0.0,33.0,96.0,179
270180,2015,7.0,0.0,1.0,1.0,4.0,17.0,1.0,18.0,5.0,25.0,80.0,183
270180,2016,4.0,0.0,2.0,4.0,3.0,17.0,1.0,5.0,0.0,18.0,56.0,135
270180,2017,7.0,0.0,2.0,1.0,1.0,24.0,0.0,10.0,1.0,23.0,74.0,155
270180,2018,8.0,0.0,2.0,2.0,1.0,29.0,0.0,10.0,0.0,25.0,77.0,167
270180,2019,7.0,0.0,0.0,3.0,1.0,36.0,1.0,7.0,0.0,24.0,79.0,159
270190,2012,9.0,0.0,4.0,2.0,2.0,22.0,1.0,15.0,3.0,10.0,72.0,120
270190,2013,0.0,0.0,0.0,0.0,0.0,0.0,0.0,0.0,0.0,0.0,43.0,107
270190,2014,4.0,0.0,0.0,1.0,0.0,17.0,2.0,4.0,2.0,7.0,39.0,117
270190,2015,5.0,0.0,3.0,0.0,0.0,18.0,1.0,12.0,4.0,11.0,54.0,112
270190,2016,2.0,0.0,0.0,0.0,0.0,9.0,1.0,10.0,2.0,12.0,36.0,84
270190,2017,8.0,0.0,0.0,0.0,1.0,16.0,4.0,7.0,0.0,7.0,45.0,110
270190,2018,2.0,0.0,0.0,1.0,0.0,9.0,1.0,8.0,2.0,10.0,34.0,95
270190,2019,1.0,0.0,0.0,2.0,0.0,11.0,0.0,10.0,2.0,11.0,39.0,89
270200,2012,31.0,2.0,2.0,1.0,1.0,17.0,0.0,2.0,2.0,21.0,98.0,162
270200,2013,0.0,0.0,0.0,0.0,0.0,0.0,0.0,0.0,0.0,0.0,94.0,184
270200,2014,9.0,2.0,1.0,5.0,3.0,20.0,1.0,9.0,0.0,26.0,99.0,183
270200,2015,5.0,0.0,0.0,6.0,5.0,12.0,3.0,8.0,6.0,15.0,82.0,153
270200,2016,6.0,1.0,4.0,13.0,8.0,9.0,1.0,10.0,3.0,20.0,92.0,147
270200,2017,7.0,0.0,0.0,5.0,2.0,10.0,1.0,4.0,2.0,13.0,91.0,141
270200,2018,3.0,0.0,0.0,0.0,1.0,19.0,4.0,18.0,5.0,17.0,97.0,162
270200,2019,2.0,0.0,0.0,1.0,0.0,6.0,2.0,4.0,2.0,4.0,98.0,162
270210,2012,17.0,1.0,8.0,1.0,0.0,19.0,2.0,16.0,12.0,21.0,102.0,313
270210,2013,0.0,0.0,0.0,0.0,0.0,0.0,0.0,0.0,0.0,0.0,122.0,286
270210,2014,9.0,0.0,4.0,2.0,0.0,19.0,0.0,19.0,3.0,15.0,79.0,261
270210,2015,2.0,0.0,0.0,0.0,1.0,22.0,5.0,9.0,7.0,10.0,63.0,253
270210,2016,8.0,0.0,3.0,1.0,1.0,30.0,4.0,26.0,2.0,25.0,105.0,283
270210,2017,5.0,0.0,0.0,0.0,1.0,20.0,5.0,10.0,4.0,20.0,67.0,243
270210,2018,9.0,0.0,6.0,3.0,2.0,25.0,4.0,20.0,5.0,18.0,93.0,274
270210,2019,9.0,0.0,0.0,2.0,0.0,25.0,2.0,13.0,4.0,29.0,84.0,267
270220,2012,9.0,0.0,0.0,0.0,1.0,15.0,3.0,11.0,4.0,17.0,60.0,100
270220,2013,0.0,0.0,0.0,0.0,0.0,0.0,0.0,0.0,0.0,0.0,59.0,95
270220,2014,5.0,0.0,0.0,0.0,0.0,12.0,1.0,7.0,2.0,12.0,39.0,79
270220,2015,4.0,0.0,0.0,1.0,1.0,20.0,2.0,6.0,3.0,8.0,45.0,77
270220,2016,6.0,0.0,3.0,0.0,0.0,12.0,2.0,7.0,2.0,15.0,47.0,84
270220,2017,3.0,0.0,0.0,1.0,0.0,14.0,1.0,7.0,0.0,15.0,41.0,87
270220,2018,5.0,0.0,0.0,0.0,0.0,15.0,0.0,2.0,1.0,13.0,36.0,78
270220,2019,3.0,0.0,0.0,0.0,1.0,21.0,1.0,4.0,0.0,9.0,39.0,76
270230,2012,70.0,1.0,11.0,1.0,4.0,91.0,12.0,50.0,34.0,104.0,424.0,956
270230,2013,0.0,0.0,0.0,0.0,0.0,0.0,0.0,0.0,0.0,0.0,410.0,876
270230,2014,47.0,0.0,13.0,1.0,3.0,123.0,11.0,90.0,13.0,135.0,461.0,912
270230,2015,48.0,9.0,10.0,6.0,3.0,129.0,12.0,76.0,22.0,116.0,458.0,872
270230,2016,37.0,3.0,5.0,5.0,6.0,112.0,6.0,71.0,9.0,117.0,404.0,851
270230,2017,29.0,4.0,18.0,3.0,0.0,112.0,6.0,60.0,11.0,105.0,379.0,856
270230,2018,50.0,2.0,9.0,8.0,4.0,142.0,8.0,54.0,12.0,107.0,402.0,909
270230,2019,40.0,0.0,21.0,1.0,4.0,130.0,6.0,62.0,13.0,95.0,408.0,933
270235,2012,59.0,2.0,7.0,3.0,2.0,29.0,0.0,0.0,3.0,41.0,179.0,401
270235,2013,0.0,0.0,0.0,0.0,0.0,0.0,0.0,0.0,0.0,0.0,177.0,412
270235,2014,12.0,0.0,11.0,9.0,6.0,34.0,1.0,39.0,2.0,49.0,213.0,409
270235,2015,12.0,0.0,7.0,17.0,16.0,45.0,5.0,16.0,19.0,33.0,222.0,434
270235,2016,19.0,0.0,6.0,29.0,21.0,34.0,1.0,26.0,3.0,46.0,213.0,395
270235,2017,10.0,0.0,2.0,10.0,8.0,29.0,6.0,20.0,7.0,17.0,243.0,377
270235,2018,12.0,0.0,11.0,1.0,2.0,54.0,14.0,27.0,26.0,47.0,268.0,438
270235,2019,5.0,0.0,7.0,2.0,0.0,14.0,5.0,7.0,3.0,7.0,227.0,436
270240,2012,57.0,3.0,13.0,8.0,9.0,93.0,102.0,12.0,74.0,37.0,449.0,936
270240,2013,0.0,0.0,0.0,0.0,0.0,0.0,0.0,0.0,0.0,0.0,393.0,873
270240,2014,42.0,1.0,10.0,10.0,4.0,95.0,91.0,31.0,57.0,60.0,431.0,864
270240,2015,28.0,0.0,13.0,10.0,6.0,101.0,94.0,37.0,61.0,72.0,469.0,936
270240,2016,29.0,0.0,9.0,8.0,10.0,78.0,29.0,40.0,31.0,73.0,324.0,794
270240,2017,27.0,2.0,13.0,5.0,6.0,121.0,52.0,33.0,28.0,59.0,377.0,822
270240,2018,35.0,2.0,8.0,7.0,3.0,109.0,60.0,31.0,33.0,39.0,346.0,818
270240,2019,22.0,0.0,8.0,2.0,3.0,119.0,60.0,33.0,43.0,60.0,367.0,799
270250,2012,14.0,0.0,0.0,0.0,1.0,15.0,3.0,8.0,16.0,12.0,72.0,151
270250,2013,0.0,0.0,0.0,0.0,0.0,0.0,0.0,0.0,0.0,0.0,63.0,141
270250,2014,2.0,0.0,2.0,2.0,4.0,20.0,4.0,9.0,3.0,21.0,72.0,140
270250,2015,5.0,1.0,7.0,1.0,1.0,18.0,1.0,10.0,1.0,16.0,69.0,127
270250,2016,8.0,2.0,0.0,1.0,3.0,12.0,2.0,2.0,3.0,23.0,57.0,114
270250,2017,7.0,0.0,2.0,3.0,1.0,19.0,0.0,8.0,1.0,22.0,66.0,136
270250,2018,2.0,1.0,4.0,2.0,1.0,27.0,1.0,17.0,1.0,27.0,85.0,162
270250,2019,5.0,0.0,2.0,1.0,2.0,30.0,1.0,7.0,3.0,21.0,76.0,136
270255,2012,31.0,0.0,5.0,0.0,2.0,40.0,1.0,6.0,12.0,35.0,144.0,226
270255,2013,0.0,0.0,0.0,0.0,0.0,0.0,0.0,0.0,0.0,0.0,137.0,214
270255,2014,11.0,0.0,2.0,0.0,0.0,30.0,4.0,15.0,8.0,28.0,113.0,187
270255,2015,15.0,0.0,0.0,1.0,1.0,44.0,3.0,17.0,8.0,27.0,129.0,222
270255,2016,10.0,2.0,8.0,0.0,0.0,38.0,3.0,23.0,8.0,30.0,140.0,224
270255,2017,8.0,0.0,3.0,0.0,0.0,51.0,7.0,19.0,4.0,25.0,125.0,209
270255,2018,10.0,0.0,1.0,0.0,0.0,46.0,6.0,16.0,12.0,29.0,136.0,244
270255,2019,8.0,0.0,4.0,1.0,1.0,44.0,4.0,12.0,3.0,25.0,121.0,216
270260,2012,46.0,0.0,3.0,3.0,1.0,37.0,0.0,1.0,5.0,40.0,181.0,340
270260,2013,0.0,0.0,0.0,0.0,0.0,0.0,0.0,0.0,0.0,0.0,160.0,340
270260,2014,11.0,0.0,9.0,9.0,8.0,35.0,2.0,40.0,4.0,56.0,200.0,337
270260,2015,16.0,0.0,2.0,15.0,14.0,27.0,11.0,31.0,18.0,55.0,223.0,380
270260,2016,14.0,0.0,2.0,22.0,11.0,22.0,6.0,26.0,4.0,38.0,169.0,280
270260,2017,15.0,0.0,0.0,10.0,7.0,25.0,5.0,20.0,5.0,21.0,219.0,331
270260,2018,20.0,0.0,6.0,3.0,1.0,45.0,11.0,34.0,17.0,46.0,257.0,364
270260,2019,5.0,0.0,4.0,1.0,0.0,17.0,5.0,7.0,3.0,6.0,223.0,341
270270,2012,9.0,0.0,0.0,0.0,1.0,9.0,1.0,14.0,5.0,9.0,54.0,100
270270,2013,0.0,0.0,0.0,0.0,0.0,0.0,0.0,0.0,0.0,0.0,36.0,66
270270,2014,2.0,0.0,0.0,0.0,0.0,8.0,1.0,3.0,0.0,17.0,35.0,69
270270,2015,3.0,0.0,2.0,0.0,2.0,8.0,0.0,7.0,1.0,10.0,36.0,69
270270,2016,2.0,0.0,0.0,0.0,0.0,14.0,1.0,6.0,1.0,12.0,39.0,75
270270,2017,3.0,0.0,2.0,0.0,0.0,10.0,0.0,4.0,0.0,7.0,26.0,75
270270,2018,3.0,3.0,0.0,0.0,0.0,7.0,1.0,5.0,0.0,9.0,28.0,79
270270,2019,3.0,0.0,0.0,0.0,1.0,13.0,0.0,1.0,2.0,9.0,30.0,76
270280,2012,9.0,0.0,4.0,2.0,1.0,26.0,2.0,25.0,9.0,32.0,111.0,212
270280,2013,0.0,0.0,0.0,0.0,0.0,0.0,0.0,0.0,0.0,0.0,115.0,201
270280,2014,8.0,0.0,0.0,3.0,1.0,12.0,3.0,13.0,5.0,25.0,73.0,188
270280,2015,6.0,0.0,2.0,4.0,0.0,25.0,5.0,14.0,5.0,28.0,95.0,202
270280,2016,8.0,1.0,2.0,1.0,3.0,38.0,1.0,12.0,5.0,26.0,99.0,210
270280,2017,12.0,0.0,0.0,0.0,4.0,32.0,3.0,10.0,3.0,18.0,82.0,193
270280,2018,11.0,0.0,5.0,2.0,1.0,38.0,1.0,11.0,2.0,33.0,105.0,212
270280,2019,6.0,0.0,6.0,0.0,0.0,30.0,1.0,12.0,2.0,18.0,76.0,174
270290,2012,95.0,0.0,0.0,4.0,4.0,47.0,1.0,3.0,6.0,52.0,272.0,553
270290,2013,0.0,0.0,0.0,0.0,0.0,0.0,0.0,0.0,0.0,0.0,280.0,585
270290,2014,22.0,0.0,12.0,10.0,8.0,66.0,1.0,53.0,2.0,79.0,320.0,577
270290,2015,28.0,0.0,5.0,15.0,20.0,58.0,9.0,21.0,21.0,44.0,301.0,579
270290,2016,27.0,0.0,8.0,49.0,33.0,31.0,9.0,40.0,5.0,63.0,309.0,508
270290,2017,12.0,0.0,4.0,21.0,16.0,28.0,6.0,15.0,11.0,28.0,326.0,538
270290,2018,24.0,0.0,13.0,4.0,2.0,77.0,20.0,51.0,24.0,58.0,389.0,593
270290,2019,2.0,0.0,10.0,1.0,1.0,25.0,5.0,4.0,6.0,13.0,310.0,535
270300,2012,43.0,0.0,3.0,1.0,1.0,23.0,0.0,32.0,10.0,20.0,134.0,278
270300,2013,0.0,0.0,0.0,0.0,0.0,0.0,0.0,0.0,0.0,0.0,91.0,278
270300,2014,8.0,1.0,0.0,2.0,0.0,36.0,1.0,33.0,1.0,15.0,101.0,259
270300,2015,13.0,0.0,0.0,1.0,1.0,33.0,0.0,34.0,1.0,8.0,94.0,262
270300,2016,4.0,0.0,2.0,1.0,1.0,43.0,2.0,41.0,2.0,14.0,112.0,252
270300,2017,10.0,0.0,6.0,0.0,1.0,35.0,1.0,14.0,5.0,16.0,89.0,249
270300,2018,7.0,0.0,0.0,0.0,1.0,50.0,3.0,27.0,1.0,38.0,127.0,273
270300,2019,13.0,0.0,7.0,1.0,1.0,39.0,6.0,20.0,5.0,26.0,118.0,269
270310,2012,40.0,0.0,10.0,3.0,1.0,54.0,2.0,6.0,12.0,39.0,183.0,335
270310,2013,0.0,0.0,0.0,0.0,0.0,0.0,0.0,0.0,0.0,0.0,166.0,320
270310,2014,15.0,1.0,5.0,4.0,2.0,51.0,3.0,33.0,8.0,56.0,214.0,372
270310,2015,23.0,0.0,4.0,3.0,4.0,57.0,4.0,25.0,8.0,45.0,193.0,345
270310,2016,13.0,0.0,8.0,6.0,7.0,56.0,5.0,28.0,10.0,51.0,203.0,328
270310,2017,17.0,0.0,0.0,3.0,4.0,46.0,8.0,25.0,11.0,44.0,191.0,336
270310,2018,20.0,0.0,6.0,0.0,1.0,77.0,7.0,38.0,17.0,42.0,248.0,418
270310,2019,15.0,0.0,10.0,1.0,0.0,57.0,4.0,37.0,3.0,35.0,229.0,382
270320,2012,33.0,0.0,8.0,6.0,2.0,46.0,6.0,16.0,11.0,18.0,214.0,394
270320,2013,0.0,0.0,0.0,0.0,0.0,0.0,0.0,0.0,0.0,0.0,211.0,438
270320,2014,20.0,0.0,5.0,3.0,1.0,57.0,3.0,28.0,7.0,56.0,223.0,404
270320,2015,28.0,0.0,2.0,4.0,0.0,57.0,4.0,36.0,2.0,64.0,213.0,396
270320,2016,24.0,0.0,2.0,5.0,2.0,42.0,3.0,46.0,4.0,58.0,204.0,334
270320,2017,20.0,0.0,9.0,4.0,2.0,51.0,2.0,46.0,4.0,62.0,231.0,385
270320,2018,15.0,0.0,4.0,0.0,1.0,70.0,3.0,30.0,8.0,72.0,213.0,350
270320,2019,11.0,0.0,7.0,1.0,0.0,58.0,4.0,30.0,2.0,46.0,174.0,320
270330,2012,15.0,0.0,2.0,1.0,0.0,18.0,16.0,6.0,6.0,22.0,88.0,307
270330,2013,0.0,0.0,0.0,0.0,0.0,0.0,0.0,0.0,0.0,0.0,104.0,316
270330,2014,14.0,0.0,3.0,1.0,2.0,21.0,15.0,22.0,12.0,43.0,137.0,315
270330,2015,8.0,0.0,6.0,1.0,2.0,28.0,10.0,18.0,8.0,37.0,122.0,302
270330,2016,9.0,0.0,3.0,5.0,3.0,23.0,5.0,24.0,5.0,35.0,114.0,311
270330,2017,17.0,1.0,0.0,2.0,0.0,33.0,8.0,19.0,0.0,36.0,122.0,290
270330,2018,7.0,0.0,4.0,2.0,1.0,40.0,7.0,24.0,0.0,38.0,124.0,292
270330,2019,8.0,0.0,2.0,4.0,0.0,44.0,9.0,19.0,2.0,37.0,126.0,309
270340,2012,7.0,0.0,0.0,2.0,1.0,9.0,0.0,2.0,2.0,8.0,38.0,99
270340,2013,0.0,0.0,0.0,0.0,0.0,0.0,0.0,0.0,0.0,0.0,40.0,110
270340,2014,4.0,0.0,0.0,1.0,0.0,8.0,2.0,7.0,2.0,9.0,42.0,101
270340,2015,4.0,0.0,2.0,1.0,2.0,5.0,7.0,4.0,3.0,10.0,44.0,108
270340,2016,2.0,0.0,2.0,2.0,3.0,5.0,3.0,2.0,3.0,14.0,40.0,89
270340,2017,3.0,0.0,2.0,3.0,3.0,7.0,2.0,1.0,7.0,5.0,46.0,105
270340,2018,0.0,0.0,1.0,0.0,0.0,16.0,2.0,8.0,6.0,8.0,55.0,106
270340,2019,2.0,0.0,2.0,1.0,0.0,7.0,2.0,0.0,2.0,3.0,43.0,85
270350,2012,4.0,0.0,2.0,0.0,2.0,7.0,0.0,2.0,0.0,9.0,27.0,73
270350,2013,0.0,0.0,0.0,0.0,0.0,0.0,0.0,0.0,0.0,0.0,30.0,76
270350,2014,2.0,0.0,0.0,0.0,0.0,1.0,1.0,2.0,0.0,1.0,8.0,47
270350,2015,0.0,0.0,0.0,0.0,0.0,4.0,1.0,1.0,0.0,4.0,10.0,51
270350,2016,3.0,0.0,3.0,0.0,0.0,5.0,0.0,4.0,2.0,4.0,21.0,59
270350,2017,3.0,0.0,0.0,1.0,0.0,2.0,1.0,1.0,0.0,9.0,17.0,49
270350,2018,2.0,0.0,2.0,1.0,2.0,7.0,0.0,4.0,2.0,6.0,26.0,69
270350,2019,1.0,0.0,0.0,0.0,0.0,6.0,1.0,2.0,0.0,3.0,13.0,58
270360,2012,15.0,0.0,2.0,0.0,1.0,13.0,1.0,19.0,7.0,21.0,79.0,158
270360,2013,0.0,0.0,0.0,0.0,0.0,0.0,0.0,0.0,0.0,0.0,69.0,150
270360,2014,2.0,0.0,2.0,1.0,0.0,12.0,1.0,3.0,5.0,13.0,42.0,116
270360,2015,6.0,1.0,0.0,0.0,0.0,15.0,1.0,7.0,4.0,11.0,47.0,125
270360,2016,4.0,0.0,9.0,3.0,1.0,18.0,0.0,12.0,1.0,10.0,60.0,142
270360,2017,4.0,0.0,6.0,0.0,0.0,15.0,2.0,8.0,4.0,18.0,59.0,147
270360,2018,3.0,0.0,4.0,0.0,0.0,23.0,2.0,7.0,3.0,21.0,63.0,161
270360,2019,3.0,0.0,2.0,0.0,2.0,16.0,5.0,8.0,3.0,14.0,53.0,155
270370,2012,8.0,0.0,2.0,0.0,1.0,16.0,0.0,0.0,4.0,11.0,50.0,113
270370,2013,0.0,0.0,0.0,0.0,0.0,0.0,0.0,0.0,0.0,0.0,26.0,85
270370,2014,3.0,0.0,3.0,2.0,0.0,11.0,1.0,7.0,7.0,5.0,41.0,122
270370,2015,1.0,0.0,2.0,1.0,1.0,15.0,2.0,6.0,3.0,4.0,42.0,94
270370,2016,3.0,0.0,0.0,8.0,6.0,10.0,0.0,5.0,4.0,10.0,51.0,81
270370,2017,3.0,0.0,0.0,2.0,1.0,10.0,0.0,4.0,2.0,3.0,44.0,92
270370,2018,4.0,1.0,0.0,0.0,0.0,13.0,0.0,4.0,5.0,10.0,52.0,95
270370,2019,3.0,0.0,0.0,0.0,1.0,6.0,5.0,3.0,0.0,2.0,49.0,109
270375,2012,11.0,0.0,2.0,2.0,0.0,13.0,2.0,17.0,8.0,26.0,84.0,171
270375,2013,0.0,0.0,0.0,0.0,0.0,0.0,0.0,0.0,0.0,0.0,80.0,155
270375,2014,5.0,1.0,3.0,0.0,1.0,18.0,2.0,24.0,6.0,27.0,88.0,171
270375,2015,8.0,0.0,2.0,0.0,1.0,18.0,2.0,9.0,3.0,23.0,68.0,155
270375,2016,3.0,0.0,2.0,0.0,2.0,9.0,2.0,11.0,1.0,19.0,53.0,127
270375,2017,4.0,0.0,2.0,0.0,2.0,22.0,0.0,8.0,2.0,18.0,58.0,134
270375,2018,4.0,0.0,2.0,4.0,0.0,20.0,4.0,7.0,3.0,23.0,67.0,151
270375,2019,10.0,0.0,2.0,2.0,0.0,22.0,5.0,5.0,2.0,14.0,64.0,143
270380,2012,20.0,2.0,4.0,1.0,3.0,41.0,3.0,42.0,4.0,52.0,175.0,436
270380,2013,0.0,0.0,0.0,0.0,0.0,0.0,0.0,0.0,0.0,0.0,198.0,444
270380,2014,7.0,0.0,0.0,3.0,3.0,52.0,3.0,25.0,6.0,22.0,135.0,416
270380,2015,5.0,0.0,8.0,2.0,5.0,44.0,3.0,28.0,5.0,14.0,118.0,392
270380,2016,9.0,1.0,0.0,0.0,2.0,39.0,3.0,17.0,1.0,14.0,87.0,320
270380,2017,15.0,0.0,4.0,3.0,3.0,50.0,2.0,13.0,5.0,28.0,123.0,373
270380,2018,12.0,0.0,2.0,3.0,1.0,37.0,2.0,14.0,6.0,32.0,110.0,323
270380,2019,14.0,1.0,0.0,1.0,3.0,36.0,7.0,19.0,6.0,33.0,122.0,347
270390,2012,2.0,0.0,4.0,2.0,1.0,4.0,0.0,3.0,2.0,10.0,28.0,61
270390,2013,0.0,0.0,0.0,0.0,0.0,0.0,0.0,0.0,0.0,0.0,22.0,38
270390,2014,2.0,0.0,2.0,0.0,1.0,4.0,0.0,2.0,1.0,3.0,17.0,39
270390,2015,1.0,0.0,2.0,0.0,0.0,5.0,1.0,2.0,0.0,6.0,17.0,47
270390,2016,3.0,0.0,0.0,0.0,1.0,7.0,0.0,1.0,0.0,5.0,17.0,59
270390,2017,1.0,0.0,0.0,0.0,0.0,10.0,0.0,3.0,0.0,6.0,20.0,50
270390,2018,1.0,0.0,2.0,0.0,0.0,17.0,0.0,7.0,1.0,7.0,36.0,73
270390,2019,3.0,0.0,0.0,1.0,0.0,10.0,2.0,2.0,1.0,4.0,23.0,48
270400,2012,58.0,0.0,2.0,1.0,2.0,34.0,4.0,13.0,7.0,51.0,221.0,378
270400,2013,0.0,0.0,0.0,0.0,0.0,0.0,0.0,0.0,0.0,0.0,227.0,394
270400,2014,18.0,0.0,7.0,4.0,8.0,42.0,7.0,37.0,2.0,46.0,222.0,385
270400,2015,11.0,0.0,4.0,11.0,7.0,31.0,5.0,24.0,10.0,48.0,181.0,371
270400,2016,17.0,0.0,4.0,22.0,21.0,48.0,2.0,27.0,7.0,47.0,216.0,370
270400,2017,13.0,0.0,6.0,13.0,5.0,23.0,2.0,15.0,11.0,24.0,178.0,321
270400,2018,18.0,0.0,10.0,1.0,3.0,55.0,12.0,13.0,9.0,26.0,188.0,333
270400,2019,10.0,0.0,3.0,6.0,0.0,36.0,6.0,9.0,10.0,23.0,204.0,354
270410,2012,49.0,0.0,1.0,3.0,4.0,27.0,0.0,6.0,3.0,54.0,191.0,299
270410,2013,0.0,0.0,0.0,0.0,0.0,0.0,0.0,0.0,0.0,0.0,150.0,313
270410,2014,10.0,0.0,2.0,3.0,1.0,47.0,1.0,17.0,0.0,44.0,172.0,301
270410,2015,11.0,0.0,5.0,9.0,12.0,41.0,8.0,18.0,14.0,33.0,192.0,354
270410,2016,14.0,0.0,2.0,31.0,27.0,26.0,0.0,20.0,3.0,21.0,163.0,285
270410,2017,10.0,0.0,9.0,12.0,11.0,19.0,5.0,7.0,12.0,18.0,191.0,298
270410,2018,11.0,0.0,8.0,2.0,0.0,54.0,20.0,19.0,20.0,25.0,222.0,339
270410,2019,3.0,0.0,2.0,1.0,0.0,4.0,3.0,1.0,2.0,2.0,171.0,291
270420,2012,48.0,0.0,1.0,2.0,4.0,38.0,4.0,6.0,2.0,31.0,169.0,328
270420,2013,0.0,0.0,0.0,0.0,0.0,0.0,0.0,0.0,0.0,0.0,148.0,338
270420,2014,22.0,1.0,3.0,5.0,9.0,33.0,2.0,32.0,2.0,47.0,193.0,374
270420,2015,9.0,0.0,7.0,8.0,9.0,34.0,6.0,22.0,12.0,35.0,191.0,361
270420,2016,22.0,0.0,1.0,17.0,17.0,23.0,5.0,29.0,5.0,39.0,181.0,298
270420,2017,14.0,1.0,4.0,12.0,5.0,37.0,7.0,25.0,14.0,22.0,248.0,356
270420,2018,12.0,0.0,2.0,4.0,4.0,42.0,11.0,33.0,17.0,34.0,231.0,395
270420,2019,3.0,0.0,9.0,3.0,1.0,13.0,2.0,9.0,5.0,5.0,196.0,351
270430,2012,1292.0,12.0,183.0,116.0,142.0,2736.0,309.0,1520.0,1605.0,2364.0,10682.0,14873
270430,2013,0.0,0.0,0.0,0.0,0.0,0.0,0.0,0.0,0.0,0.0,10822.0,15172
270430,2014,822.0,7.0,206.0,143.0,141.0,2935.0,428.0,1040.0,1200.0,2173.0,9578.0,14886
270430,2015,786.0,14.0,212.0,135.0,170.0,3188.0,359.0,933.0,1235.0,2039.0,9487.0,15558
270430,2016,821.0,4.0,236.0,125.0,100.0,2990.0,307.0,894.0,929.0,1983.0,8612.0,14107
270430,2017,884.0,5.0,229.0,114.0,81.0,3262.0,287.0,973.0,829.0,2178.0,8955.0,14533
270430,2018,810.0,6.0,228.0,133.0,113.0,3583.0,262.0,949.0,755.0,2078.0,9008.0,15029
270430,2019,748.0,11.0,223.0,124.0,77.0,3417.0,250.0,902.0,732.0,1971.0,8565.0,14556
270440,2012,25.0,0.0,1.0,1.0,1.0,24.0,0.0,6.0,11.0,27.0,104.0,263
270440,2013,0.0,0.0,0.0,0.0,0.0,0.0,0.0,0.0,0.0,0.0,124.0,279
270440,2014,7.0,0.0,0.0,2.0,4.0,31.0,2.0,14.0,4.0,33.0,119.0,284
270440,2015,7.0,0.0,3.0,8.0,3.0,24.0,4.0,16.0,10.0,24.0,121.0,272
270440,2016,12.0,0.0,1.0,8.0,8.0,23.0,4.0,14.0,14.0,23.0,118.0,240
270440,2017,3.0,0.0,2.0,3.0,0.0,23.0,7.0,7.0,6.0,21.0,123.0,260
270440,2018,7.0,0.0,9.0,3.0,0.0,26.0,6.0,20.0,4.0,24.0,131.0,253
270440,2019,4.0,0.0,4.0,0.0,0.0,15.0,2.0,7.0,3.0,8.0,119.0,256
270450,2012,23.0,2.0,7.0,2.0,3.0,37.0,7.0,33.0,18.0,40.0,175.0,525
270450,2013,0.0,0.0,0.0,0.0,0.0,0.0,0.0,0.0,0.0,0.0,174.0,490
270450,2014,9.0,1.0,6.0,0.0,3.0,50.0,8.0,35.0,9.0,42.0,176.0,478
270450,2015,14.0,0.0,0.0,3.0,1.0,42.0,9.0,22.0,10.0,42.0,156.0,508
270450,2016,15.0,0.0,4.0,2.0,5.0,55.0,9.0,20.0,19.0,40.0,172.0,488
270450,2017,17.0,0.0,5.0,11.0,0.0,71.0,5.0,33.0,13.0,55.0,211.0,556
270450,2018,6.0,0.0,10.0,3.0,4.0,74.0,9.0,34.0,22.0,68.0,231.0,610
270450,2019,14.0,0.0,5.0,10.0,5.0,74.0,11.0,32.0,23.0,68.0,246.0,596
270460,2012,11.0,0.0,2.0,1.0,1.0,23.0,3.0,13.0,8.0,24.0,88.0,158
270460,2013,0.0,0.0,0.0,0.0,0.0,0.0,0.0,0.0,0.0,0.0,78.0,140
270460,2014,6.0,0.0,0.0,1.0,0.0,20.0,1.0,16.0,5.0,20.0,73.0,137
270460,2015,7.0,0.0,0.0,2.0,0.0,32.0,3.0,17.0,3.0,22.0,87.0,163
270460,2016,6.0,0.0,2.0,3.0,1.0,11.0,2.0,15.0,2.0,17.0,59.0,117
270460,2017,7.0,0.0,1.0,1.0,0.0,28.0,0.0,12.0,0.0,30.0,80.0,164
270460,2018,1.0,0.0,0.0,4.0,2.0,25.0,0.0,14.0,0.0,39.0,86.0,156
270460,2019,2.0,0.0,2.0,6.0,1.0,31.0,2.0,12.0,1.0,20.0,80.0,173
270470,2012,56.0,0.0,9.0,4.0,9.0,141.0,11.0,117.0,48.0,140.0,546.0,847
270470,2013,0.0,0.0,0.0,0.0,0.0,0.0,0.0,0.0,0.0,0.0,518.0,838
270470,2014,50.0,0.0,4.0,4.0,9.0,124.0,10.0,60.0,39.0,120.0,444.0,806
270470,2015,42.0,2.0,14.0,7.0,7.0,149.0,13.0,57.0,44.0,128.0,473.0,854
270470,2016,50.0,0.0,15.0,10.0,3.0,139.0,16.0,64.0,30.0,149.0,481.0,847
270470,2017,51.0,0.0,18.0,12.0,8.0,173.0,13.0,68.0,28.0,129.0,504.0,906
270470,2018,41.0,0.0,16.0,7.0,3.0,191.0,19.0,43.0,30.0,107.0,459.0,922
270470,2019,34.0,0.0,13.0,12.0,4.0,170.0,10.0,54.0,35.0,123.0,462.0,909
270480,2012,28.0,0.0,3.0,5.0,2.0,19.0,2.0,4.0,8.0,25.0,107.0,184
270480,2013,0.0,0.0,0.0,0.0,0.0,0.0,0.0,0.0,0.0,0.0,121.0,229
270480,2014,5.0,1.0,0.0,0.0,3.0,22.0,2.0,9.0,3.0,24.0,92.0,177
270480,2015,8.0,0.0,7.0,3.0,3.0,22.0,1.0,16.0,17.0,23.0,126.0,212
270480,2016,9.0,0.0,0.0,5.0,6.0,28.0,0.0,14.0,3.0,18.0,103.0,169
270480,2017,3.0,0.0,2.0,1.0,5.0,18.0,2.0,7.0,11.0,18.0,103.0,184
270480,2018,5.0,0.0,2.0,0.0,0.0,23.0,3.0,12.0,2.0,18.0,91.0,184
270480,2019,4.0,0.0,2.0,0.0,1.0,24.0,2.0,11.0,6.0,10.0,90.0,182
270490,2012,2.0,0.0,0.0,0.0,0.0,9.0,0.0,6.0,0.0,10.0,28.0,40
270490,2013,0.0,0.0,0.0,0.0,0.0,0.0,0.0,0.0,0.0,0.0,16.0,33
270490,2014,0.0,0.0,0.0,1.0,0.0,8.0,0.0,1.0,1.0,3.0,16.0,31
270490,2015,3.0,0.0,0.0,0.0,0.0,6.0,0.0,1.0,0.0,6.0,16.0,32
270490,2016,0.0,0.0,0.0,0.0,1.0,10.0,0.0,0.0,2.0,7.0,20.0,34
270490,2017,0.0,0.0,0.0,0.0,1.0,10.0,0.0,0.0,1.0,8.0,20.0,36
270490,2018,1.0,0.0,0.0,0.0,0.0,10.0,0.0,2.0,0.0,0.0,14.0,31
270490,2019,0.0,0.0,0.0,0.0,0.0,4.0,0.0,1.0,1.0,3.0,9.0,22
270500,2012,25.0,0.0,5.0,1.0,3.0,29.0,48.0,31.0,19.0,39.0,205.0,408
270500,2013,0.0,0.0,0.0,0.0,0.0,0.0,0.0,0.0,0.0,0.0,189.0,364
270500,2014,20.0,0.0,3.0,2.0,1.0,33.0,26.0,38.0,21.0,64.0,216.0,368
270500,2015,15.0,0.0,4.0,1.0,3.0,42.0,8.0,56.0,7.0,55.0,197.0,341
270500,2016,10.0,0.0,2.0,3.0,0.0,42.0,8.0,30.0,7.0,49.0,152.0,297
270500,2017,13.0,1.0,7.0,3.0,2.0,42.0,7.0,33.0,6.0,57.0,182.0,349
270500,2018,16.0,1.0,13.0,3.0,5.0,55.0,3.0,32.0,3.0,53.0,189.0,350
270500,2019,12.0,0.0,2.0,2.0,2.0,59.0,3.0,33.0,6.0,52.0,180.0,335
270510,2012,37.0,0.0,2.0,2.0,2.0,63.0,6.0,51.0,27.0,63.0,260.0,493
270510,2013,0.0,0.0,0.0,0.0,0.0,0.0,0.0,0.0,0.0,0.0,239.0,443
270510,2014,10.0,0.0,8.0,5.0,2.0,59.0,3.0,47.0,9.0,48.0,208.0,464
270510,2015,11.0,1.0,6.0,5.0,3.0,64.0,3.0,28.0,11.0,45.0,181.0,473
270510,2016,5.0,0.0,0.0,0.0,1.0,57.0,4.0,18.0,9.0,34.0,136.0,399
270510,2017,12.0,0.0,2.0,6.0,2.0,40.0,9.0,20.0,4.0,32.0,129.0,393
270510,2018,13.0,0.0,6.0,4.0,10.0,54.0,6.0,30.0,15.0,51.0,189.0,444
270510,2019,9.0,1.0,6.0,4.0,2.0,61.0,6.0,27.0,14.0,26.0,157.0,387
270520,2012,22.0,0.0,2.0,2.0,2.0,39.0,3.0,51.0,8.0,43.0,176.0,317
270520,2013,0.0,0.0,0.0,0.0,0.0,0.0,0.0,0.0,0.0,0.0,204.0,336
270520,2014,11.0,1.0,0.0,2.0,2.0,50.0,5.0,19.0,8.0,31.0,137.0,252
270520,2015,13.0,0.0,7.0,0.0,1.0,43.0,2.0,26.0,6.0,50.0,156.0,285
270520,2016,11.0,0.0,2.0,3.0,1.0,55.0,3.0,24.0,5.0,51.0,156.0,264
270520,2017,16.0,0.0,3.0,4.0,3.0,44.0,1.0,18.0,3.0,53.0,147.0,280
270520,2018,12.0,0.0,11.0,4.0,3.0,58.0,4.0,26.0,4.0,41.0,163.0,298
270520,2019,11.0,0.0,0.0,2.0,1.0,58.0,2.0,12.0,3.0,31.0,121.0,269
270530,2012,6.0,0.0,2.0,0.0,0.0,13.0,2.0,2.0,4.0,13.0,44.0,84
270530,2013,0.0,0.0,0.0,0.0,0.0,0.0,0.0,0.0,0.0,0.0,52.0,95
270530,2014,5.0,0.0,2.0,0.0,0.0,12.0,1.0,3.0,4.0,10.0,43.0,81
270530,2015,3.0,0.0,0.0,0.0,0.0,5.0,1.0,3.0,1.0,11.0,27.0,78
270530,2016,5.0,0.0,0.0,1.0,0.0,17.0,0.0,4.0,1.0,10.0,48.0,85
270530,2017,6.0,0.0,2.0,0.0,0.0,10.0,1.0,4.0,2.0,8.0,36.0,72
270530,2018,5.0,0.0,2.0,0.0,0.0,21.0,0.0,5.0,5.0,9.0,54.0,89
270530,2019,6.0,0.0,2.0,1.0,0.0,16.0,0.0,2.0,1.0,8.0,42.0,75
270540,2012,5.0,0.0,1.0,1.0,0.0,8.0,2.0,3.0,4.0,17.0,42.0,119
270540,2013,0.0,0.0,0.0,0.0,0.0,0.0,0.0,0.0,0.0,0.0,37.0,120
270540,2014,1.0,0.0,2.0,3.0,0.0,15.0,2.0,5.0,5.0,21.0,58.0,136
270540,2015,4.0,0.0,2.0,3.0,2.0,10.0,2.0,9.0,4.0,16.0,58.0,130
270540,2016,6.0,0.0,0.0,1.0,3.0,6.0,1.0,4.0,2.0,13.0,36.0,103
270540,2017,4.0,0.0,2.0,0.0,1.0,12.0,0.0,11.0,1.0,14.0,46.0,112
270540,2018,6.0,0.0,0.0,1.0,0.0,15.0,1.0,7.0,1.0,20.0,51.0,123
270540,2019,6.0,0.0,2.0,1.0,2.0,18.0,0.0,5.0,0.0,8.0,43.0,109
270550,2012,48.0,0.0,1.0,3.0,0.0,35.0,6.0,24.0,17.0,41.0,178.0,523
270550,2013,0.0,0.0,0.0,0.0,0.0,0.0,0.0,0.0,0.0,0.0,209.0,553
270550,2014,10.0,0.0,5.0,2.0,1.0,61.0,5.0,63.0,10.0,19.0,185.0,545
270550,2015,23.0,0.0,8.0,1.0,0.0,51.0,0.0,58.0,8.0,17.0,175.0,523
270550,2016,16.0,0.0,2.0,2.0,2.0,53.0,3.0,38.0,4.0,22.0,147.0,448
270550,2017,17.0,0.0,4.0,1.0,2.0,59.0,4.0,39.0,9.0,42.0,178.0,496
270550,2018,16.0,1.0,2.0,0.0,1.0,76.0,9.0,39.0,6.0,45.0,197.0,545
270550,2019,17.0,1.0,5.0,1.0,1.0,54.0,22.0,34.0,7.0,37.0,179.0,453
270560,2012,22.0,0.0,2.0,1.0,2.0,27.0,4.0,23.0,10.0,21.0,115.0,201
270560,2013,0.0,0.0,0.0,0.0,0.0,0.0,0.0,0.0,0.0,0.0,58.0,158
270560,2014,5.0,0.0,2.0,0.0,1.0,12.0,3.0,10.0,4.0,21.0,65.0,168
270560,2015,5.0,0.0,0.0,0.0,2.0,20.0,2.0,8.0,0.0,11.0,52.0,134
270560,2016,7.0,0.0,4.0,2.0,0.0,26.0,0.0,14.0,1.0,19.0,75.0,146
270560,2017,9.0,0.0,0.0,4.0,3.0,25.0,1.0,16.0,2.0,19.0,79.0,167
270560,2018,7.0,0.0,0.0,2.0,0.0,21.0,5.0,7.0,2.0,24.0,68.0,144
270560,2019,6.0,0.0,0.0,1.0,3.0,19.0,0.0,7.0,3.0,19.0,58.0,137
270570,2012,25.0,0.0,2.0,0.0,2.0,37.0,9.0,15.0,25.0,57.0,180.0,425
270570,2013,0.0,0.0,0.0,0.0,0.0,0.0,0.0,0.0,0.0,0.0,180.0,381
270570,2014,20.0,0.0,1.0,12.0,1.0,36.0,6.0,37.0,14.0,50.0,182.0,369
270570,2015,14.0,0.0,0.0,3.0,2.0,37.0,7.0,25.0,13.0,43.0,149.0,297
270570,2016,22.0,0.0,0.0,3.0,3.0,43.0,6.0,40.0,11.0,53.0,191.0,344
270570,2017,16.0,0.0,2.0,8.0,5.0,50.0,2.0,37.0,2.0,72.0,204.0,363
270570,2018,13.0,0.0,2.0,1.0,1.0,46.0,1.0,42.0,4.0,52.0,166.0,348
270570,2019,14.0,0.0,0.0,3.0,4.0,63.0,0.0,30.0,1.0,51.0,179.0,369
270580,2012,6.0,0.0,0.0,2.0,1.0,8.0,12.0,3.0,3.0,1.0,39.0,128
270580,2013,0.0,0.0,0.0,0.0,0.0,0.0,0.0,0.0,0.0,0.0,58.0,154
270580,2014,4.0,0.0,2.0,1.0,0.0,7.0,8.0,8.0,2.0,15.0,50.0,141
270580,2015,8.0,1.0,3.0,2.0,1.0,13.0,8.0,10.0,0.0,15.0,62.0,143
270580,2016,2.0,0.0,2.0,2.0,0.0,5.0,1.0,12.0,4.0,16.0,45.0,112
270580,2017,7.0,0.0,3.0,2.0,2.0,15.0,1.0,21.0,0.0,14.0,65.0,137
270580,2018,8.0,0.0,2.0,0.0,2.0,20.0,4.0,9.0,0.0,29.0,75.0,165
270580,2019,5.0,0.0,0.0,2.0,0.0,12.0,8.0,3.0,0.0,16.0,48.0,131
270590,2012,16.0,0.0,4.0,2.0,1.0,5.0,0.0,0.0,4.0,4.0,41.0,80
270590,2013,0.0,0.0,0.0,0.0,0.0,0.0,0.0,0.0,0.0,0.0,39.0,81
270590,2014,4.0,0.0,0.0,0.0,0.0,10.0,1.0,5.0,1.0,18.0,46.0,91
270590,2015,3.0,0.0,0.0,3.0,5.0,9.0,2.0,7.0,6.0,7.0,55.0,100
270590,2016,4.0,0.0,0.0,4.0,5.0,9.0,3.0,10.0,1.0,9.0,51.0,100
270590,2017,4.0,0.0,0.0,4.0,3.0,3.0,0.0,4.0,3.0,3.0,41.0,74
270590,2018,4.0,0.0,6.0,1.0,0.0,15.0,4.0,5.0,4.0,10.0,61.0,109
270590,2019,1.0,0.0,2.0,0.0,0.0,4.0,1.0,0.0,1.0,1.0,40.0,89
270600,2012,8.0,0.0,0.0,0.0,1.0,21.0,7.0,8.0,18.0,14.0,79.0,184
270600,2013,0.0,0.0,0.0,0.0,0.0,0.0,0.0,0.0,0.0,0.0,100.0,178
270600,2014,11.0,1.0,7.0,3.0,1.0,23.0,4.0,22.0,3.0,32.0,111.0,186
270600,2015,5.0,0.0,4.0,2.0,2.0,24.0,5.0,26.0,2.0,43.0,117.0,201
270600,2016,7.0,0.0,0.0,2.0,2.0,36.0,5.0,25.0,4.0,26.0,112.0,182
270600,2017,8.0,0.0,1.0,1.0,0.0,35.0,0.0,23.0,1.0,38.0,112.0,180
270600,2018,9.0,0.0,3.0,2.0,1.0,30.0,2.0,34.0,3.0,39.0,124.0,214
270600,2019,4.0,0.0,4.0,2.0,1.0,39.0,2.0,13.0,1.0,19.0,88.0,174
270610,2012,8.0,0.0,2.0,1.0,0.0,14.0,8.0,19.0,15.0,25.0,92.0,180
270610,2013,0.0,0.0,0.0,0.0,0.0,0.0,0.0,0.0,0.0,0.0,68.0,180
270610,2014,7.0,1.0,2.0,1.0,2.0,8.0,6.0,12.0,9.0,34.0,84.0,154
270610,2015,7.0,0.0,0.0,3.0,3.0,22.0,2.0,14.0,3.0,29.0,86.0,155
270610,2016,9.0,2.0,2.0,2.0,1.0,22.0,2.0,14.0,0.0,36.0,90.0,169
270610,2017,9.0,0.0,4.0,3.0,2.0,32.0,0.0,28.0,0.0,24.0,104.0,186
270610,2018,7.0,0.0,0.0,1.0,3.0,38.0,0.0,23.0,1.0,25.0,99.0,202
270610,2019,8.0,0.0,7.0,4.0,0.0,30.0,1.0,20.0,3.0,30.0,103.0,206
270620,2012,3.0,0.0,4.0,1.0,0.0,10.0,7.0,7.0,3.0,13.0,49.0,105
270620,2013,0.0,0.0,0.0,0.0,0.0,0.0,0.0,0.0,0.0,0.0,41.0,95
270620,2014,2.0,1.0,2.0,0.0,1.0,6.0,1.0,7.0,2.0,11.0,34.0,83
270620,2015,2.0,0.0,2.0,2.0,0.0,8.0,0.0,3.0,1.0,11.0,34.0,75
270620,2016,4.0,0.0,0.0,1.0,0.0,9.0,1.0,4.0,1.0,10.0,30.0,79
270620,2017,2.0,0.0,0.0,1.0,1.0,10.0,0.0,8.0,0.0,18.0,41.0,83
270620,2018,5.0,0.0,2.0,0.0,3.0,10.0,0.0,7.0,0.0,18.0,46.0,97
270620,2019,2.0,0.0,0.0,4.0,2.0,14.0,1.0,1.0,1.0,7.0,32.0,77
270630,2012,177.0,3.0,13.0,6.0,3.0,261.0,26.0,52.0,93.0,200.0,864.0,1311
270630,2013,0.0,0.0,0.0,0.0,0.0,0.0,0.0,0.0,0.0,0.0,815.0,1282
270630,2014,84.0,1.0,10.0,5.0,3.0,258.0,20.0,94.0,53.0,262.0,869.0,1291
270630,2015,65.0,0.0,8.0,3.0,0.0,281.0,18.0,86.0,46.0,222.0,788.0,1270
270630,2016,55.0,0.0,9.0,4.0,1.0,283.0,29.0,106.0,45.0,175.0,766.0,1142
270630,2017,63.0,1.0,18.0,7.0,1.0,295.0,27.0,105.0,64.0,214.0,865.0,1335
270630,2018,63.0,0.0,15.0,8.0,5.0,310.0,33.0,112.0,36.0,213.0,889.0,1354
270630,2019,62.0,4.0,25.0,3.0,4.0,285.0,13.0,90.0,45.0,177.0,772.0,1283
270640,2012,12.0,0.0,6.0,3.0,4.0,48.0,14.0,17.0,21.0,36.0,164.0,436
270640,2013,0.0,0.0,0.0,0.0,0.0,0.0,0.0,0.0,0.0,0.0,191.0,433
270640,2014,14.0,2.0,5.0,4.0,3.0,56.0,3.0,29.0,11.0,50.0,185.0,448
270640,2015,12.0,0.0,7.0,2.0,0.0,45.0,5.0,27.0,4.0,54.0,165.0,401
270640,2016,16.0,0.0,4.0,1.0,10.0,54.0,4.0,25.0,3.0,43.0,163.0,417
270640,2017,6.0,0.0,5.0,3.0,3.0,59.0,1.0,33.0,5.0,45.0,163.0,383
270640,2018,11.0,2.0,0.0,3.0,0.0,54.0,2.0,25.0,1.0,38.0,139.0,396
270640,2019,6.0,1.0,3.0,5.0,7.0,57.0,2.0,19.0,4.0,31.0,143.0,378
270642,2012,12.0,0.0,2.0,2.0,0.0,14.0,15.0,3.0,3.0,4.0,62.0,165
270642,2013,0.0,0.0,0.0,0.0,0.0,0.0,0.0,0.0,0.0,0.0,64.0,175
270642,2014,5.0,0.0,3.0,6.0,2.0,15.0,14.0,12.0,1.0,19.0,84.0,184
270642,2015,6.0,0.0,2.0,0.0,3.0,21.0,12.0,8.0,6.0,22.0,83.0,190
270642,2016,11.0,0.0,2.0,2.0,1.0,17.0,4.0,10.0,3.0,21.0,75.0,165
270642,2017,3.0,0.0,1.0,0.0,0.0,25.0,10.0,6.0,4.0,17.0,71.0,154
270642,2018,1.0,0.0,2.0,3.0,1.0,16.0,4.0,11.0,4.0,21.0,67.0,189
270642,2019,1.0,0.0,2.0,5.0,1.0,25.0,8.0,12.0,4.0,17.0,77.0,179
270644,2012,15.0,0.0,2.0,3.0,1.0,35.0,2.0,25.0,13.0,28.0,124.0,209
270644,2013,0.0,0.0,0.0,0.0,0.0,0.0,0.0,0.0,0.0,0.0,127.0,207
270644,2014,5.0,2.0,3.0,0.0,2.0,29.0,8.0,14.0,7.0,39.0,112.0,209
270644,2015,7.0,0.0,3.0,3.0,4.0,33.0,5.0,8.0,9.0,23.0,96.0,201
270644,2016,7.0,0.0,4.0,2.0,1.0,48.0,3.0,12.0,5.0,33.0,115.0,238
270644,2017,12.0,0.0,2.0,4.0,3.0,44.0,1.0,20.0,9.0,28.0,125.0,233
270644,2018,12.0,0.0,2.0,1.0,1.0,40.0,1.0,19.0,6.0,21.0,103.0,234
270644,2019,6.0,0.0,1.0,0.0,1.0,44.0,5.0,13.0,6.0,29.0,107.0,217
270650,2012,24.0,2.0,3.0,3.0,0.0,35.0,2.0,40.0,14.0,46.0,170.0,264
270650,2013,0.0,0.0,0.0,0.0,0.0,0.0,0.0,0.0,0.0,0.0,147.0,250
270650,2014,6.0,0.0,6.0,3.0,1.0,36.0,1.0,19.0,13.0,26.0,117.0,226
270650,2015,6.0,0.0,3.0,1.0,0.0,36.0,4.0,22.0,13.0,17.0,104.0,230
270650,2016,7.0,0.0,0.0,2.0,0.0,45.0,1.0,15.0,7.0,29.0,107.0,214
270650,2017,11.0,0.0,6.0,2.0,0.0,28.0,0.0,15.0,6.0,28.0,97.0,229
270650,2018,10.0,0.0,6.0,1.0,1.0,42.0,3.0,20.0,4.0,33.0,120.0,237
270650,2019,3.0,0.0,3.0,0.0,1.0,43.0,4.0,14.0,3.0,27.0,98.0,196
270660,2012,2.0,0.0,0.0,3.0,0.0,12.0,4.0,8.0,3.0,18.0,52.0,98
270660,2013,0.0,0.0,0.0,0.0,0.0,0.0,0.0,0.0,0.0,0.0,74.0,127
270660,2014,3.0,0.0,4.0,1.0,1.0,11.0,2.0,11.0,1.0,16.0,55.0,105
270660,2015,5.0,0.0,0.0,0.0,0.0,15.0,1.0,8.0,3.0,21.0,56.0,110
270660,2016,1.0,0.0,2.0,1.0,1.0,20.0,4.0,5.0,1.0,15.0,56.0,92
270660,2017,6.0,0.0,0.0,0.0,0.0,13.0,0.0,6.0,3.0,7.0,36.0,96
270660,2018,2.0,0.0,6.0,0.0,0.0,11.0,1.0,6.0,0.0,13.0,44.0,90
270660,2019,4.0,1.0,1.0,0.0,2.0,13.0,0.0,3.0,1.0,8.0,36.0,78
270670,2012,104.0,0.0,6.0,8.0,7.0,123.0,15.0,21.0,42.0,39.0,606.0,1108
270670,2013,0.0,0.0,0.0,0.0,0.0,0.0,0.0,0.0,0.0,0.0,595.0,1085
270670,2014,50.0,2.0,12.0,5.0,6.0,118.0,7.0,89.0,10.0,160.0,632.0,1065
270670,2015,71.0,1.0,8.0,6.0,2.0,149.0,5.0,111.0,4.0,171.0,573.0,979
270670,2016,66.0,0.0,19.0,4.0,5.0,147.0,6.0,106.0,2.0,181.0,594.0,961
270670,2017,63.0,1.0,7.0,7.0,2.0,171.0,2.0,101.0,8.0,167.0,599.0,983
270670,2018,53.0,1.0,12.0,5.0,1.0,179.0,11.0,75.0,4.0,155.0,505.0,973
270670,2019,55.0,0.0,20.0,8.0,4.0,172.0,5.0,71.0,12.0,149.0,509.0,938
270680,2012,37.0,0.0,6.0,1.0,1.0,25.0,3.0,9.0,17.0,7.0,150.0,297
270680,2013,0.0,0.0,0.0,0.0,0.0,0.0,0.0,0.0,0.0,0.0,148.0,301
270680,2014,10.0,0.0,2.0,0.0,1.0,23.0,0.0,20.0,1.0,44.0,137.0,284
270680,2015,13.0,0.0,1.0,2.0,0.0,50.0,0.0,35.0,1.0,41.0,160.0,305
270680,2016,12.0,0.0,5.0,1.0,0.0,37.0,3.0,29.0,1.0,51.0,161.0,298
270680,2017,13.0,0.0,6.0,2.0,0.0,45.0,0.0,30.0,3.0,40.0,156.0,304
270680,2018,9.0,0.0,1.0,1.0,0.0,47.0,3.0,26.0,1.0,42.0,136.0,329
270680,2019,11.0,0.0,4.0,2.0,1.0,64.0,1.0,22.0,7.0,37.0,150.0,301
270690,2012,36.0,0.0,6.0,3.0,7.0,80.0,6.0,47.0,35.0,101.0,342.0,601
270690,2013,0.0,0.0,0.0,0.0,0.0,0.0,0.0,0.0,0.0,0.0,377.0,594
270690,2014,27.0,1.0,7.0,2.0,5.0,110.0,16.0,38.0,22.0,70.0,327.0,586
270690,2015,23.0,0.0,15.0,11.0,5.0,88.0,9.0,58.0,25.0,68.0,316.0,606
270690,2016,26.0,0.0,4.0,7.0,6.0,109.0,7.0,41.0,15.0,91.0,315.0,571
270690,2017,32.0,0.0,5.0,3.0,5.0,119.0,4.0,31.0,12.0,51.0,269.0,563
270690,2018,16.0,3.0,6.0,5.0,5.0,146.0,6.0,55.0,12.0,76.0,335.0,658
270690,2019,27.0,0.0,8.0,7.0,3.0,120.0,2.0,43.0,7.0,64.0,282.0,537
270700,2012,0.0,0.0,0.0,1.0,0.0,9.0,0.0,3.0,1.0,9.0,23.0,48
270700,2013,0.0,0.0,0.0,0.0,0.0,0.0,0.0,0.0,0.0,0.0,18.0,30
270700,2014,0.0,0.0,0.0,1.0,1.0,9.0,1.0,7.0,1.0,5.0,27.0,46
270700,2015,0.0,0.0,0.0,0.0,0.0,8.0,1.0,3.0,1.0,1.0,15.0,31
270700,2016,0.0,0.0,0.0,0.0,0.0,6.0,0.0,2.0,0.0,5.0,13.0,35
270700,2017,2.0,0.0,0.0,0.0,0.0,4.0,1.0,1.0,2.0,3.0,15.0,30
270700,2018,2.0,0.0,0.0,0.0,0.0,6.0,1.0,2.0,3.0,4.0,18.0,33
270700,2019,2.0,0.0,0.0,0.0,1.0,2.0,0.0,1.0,1.0,3.0,10.0,25
270710,2012,26.0,2.0,6.0,3.0,5.0,47.0,11.0,8.0,26.0,42.0,192.0,467
270710,2013,0.0,0.0,0.0,0.0,0.0,0.0,0.0,0.0,0.0,0.0,164.0,416
270710,2014,18.0,0.0,6.0,4.0,5.0,48.0,20.0,33.0,12.0,54.0,209.0,445
270710,2015,12.0,1.0,2.0,3.0,1.0,40.0,15.0,26.0,19.0,61.0,187.0,430
270710,2016,18.0,0.0,5.0,3.0,3.0,47.0,4.0,36.0,3.0,46.0,170.0,425
270710,2017,17.0,0.0,11.0,3.0,1.0,56.0,10.0,37.0,7.0,69.0,221.0,461
270710,2018,12.0,0.0,8.0,7.0,4.0,67.0,5.0,41.0,7.0,72.0,229.0,453
270710,2019,10.0,0.0,7.0,4.0,2.0,56.0,4.0,35.0,3.0,50.0,175.0,427
270720,2012,14.0,0.0,2.0,0.0,0.0,29.0,12.0,19.0,12.0,28.0,118.0,219
270720,2013,0.0,0.0,0.0,0.0,0.0,0.0,0.0,0.0,0.0,0.0,117.0,236
270720,2014,8.0,0.0,2.0,1.0,1.0,32.0,2.0,18.0,9.0,26.0,103.0,203
270720,2015,10.0,1.0,4.0,1.0,3.0,38.0,5.0,26.0,6.0,42.0,142.0,249
270720,2016,20.0,0.0,6.0,0.0,1.0,25.0,4.0,22.0,6.0,37.0,125.0,218
270720,2017,10.0,0.0,2.0,2.0,1.0,32.0,3.0,19.0,2.0,43.0,115.0,207
270720,2018,9.0,0.0,0.0,3.0,2.0,42.0,0.0,24.0,2.0,23.0,106.0,203
270720,2019,10.0,0.0,2.0,0.0,5.0,30.0,2.0,18.0,0.0,22.0,90.0,196
270730,2012,18.0,0.0,4.0,5.0,1.0,45.0,8.0,31.0,16.0,66.0,196.0,466
270730,2013,0.0,0.0,0.0,0.0,0.0,0.0,0.0,0.0,0.0,0.0,221.0,471
270730,2014,6.0,0.0,3.0,7.0,2.0,34.0,7.0,30.0,15.0,69.0,176.0,436
270730,2015,9.0,0.0,6.0,4.0,3.0,62.0,6.0,26.0,11.0,34.0,165.0,424
270730,2016,6.0,0.0,5.0,3.0,2.0,61.0,7.0,24.0,11.0,45.0,166.0,452
270730,2017,15.0,0.0,10.0,2.0,2.0,50.0,3.0,25.0,7.0,36.0,150.0,446
270730,2018,11.0,1.0,4.0,1.0,3.0,58.0,6.0,15.0,12.0,39.0,152.0,411
270730,2019,10.0,0.0,0.0,3.0,3.0,44.0,7.0,23.0,18.0,39.0,149.0,387
270740,2012,6.0,1.0,2.0,1.0,1.0,16.0,1.0,24.0,6.0,13.0,72.0,120
270740,2013,0.0,0.0,0.0,0.0,0.0,0.0,0.0,0.0,0.0,0.0,74.0,128
270740,2014,1.0,0.0,2.0,0.0,2.0,20.0,0.0,12.0,4.0,15.0,57.0,108
270740,2015,3.0,0.0,1.0,0.0,1.0,17.0,1.0,5.0,3.0,16.0,49.0,115
270740,2016,4.0,0.0,0.0,0.0,0.0,19.0,1.0,9.0,2.0,14.0,50.0,123
270740,2017,7.0,0.0,0.0,0.0,0.0,26.0,1.0,5.0,2.0,16.0,57.0,127
270740,2018,5.0,0.0,1.0,0.0,2.0,24.0,2.0,8.0,3.0,19.0,65.0,159
270740,2019,4.0,0.0,0.0,1.0,2.0,28.0,3.0,10.0,3.0,11.0,62.0,151
270750,2012,21.0,0.0,0.0,2.0,4.0,23.0,9.0,10.0,19.0,25.0,157.0,336
270750,2013,0.0,0.0,0.0,0.0,0.0,0.0,0.0,0.0,0.0,0.0,139.0,310
270750,2014,9.0,0.0,9.0,3.0,2.0,44.0,18.0,20.0,13.0,38.0,182.0,340
270750,2015,8.0,0.0,6.0,3.0,7.0,33.0,2.0,31.0,5.0,29.0,141.0,328
270750,2016,11.0,1.0,4.0,13.0,9.0,31.0,4.0,31.0,6.0,43.0,162.0,308
270750,2017,9.0,0.0,0.0,6.0,1.0,32.0,1.0,18.0,4.0,32.0,137.0,266
270750,2018,11.0,0.0,4.0,1.0,0.0,37.0,6.0,17.0,9.0,34.0,143.0,295
270750,2019,6.0,0.0,2.0,3.0,0.0,48.0,7.0,13.0,4.0,23.0,147.0,285
270760,2012,14.0,0.0,0.0,0.0,1.0,27.0,1.0,9.0,8.0,25.0,88.0,190
270760,2013,0.0,0.0,0.0,0.0,0.0,0.0,0.0,0.0,0.0,0.0,79.0,166
270760,2014,10.0,1.0,0.0,2.0,0.0,28.0,2.0,14.0,10.0,35.0,109.0,234
270760,2015,9.0,0.0,3.0,1.0,0.0,31.0,2.0,19.0,6.0,27.0,99.0,204
270760,2016,7.0,1.0,1.0,2.0,1.0,29.0,3.0,22.0,3.0,32.0,110.0,196
270760,2017,12.0,1.0,3.0,0.0,0.0,41.0,2.0,15.0,7.0,21.0,109.0,186
270760,2018,6.0,1.0,2.0,0.0,0.0,25.0,5.0,15.0,7.0,19.0,84.0,178
270760,2019,2.0,0.0,2.0,0.0,0.0,38.0,2.0,14.0,6.0,24.0,96.0,182
270770,2012,83.0,1.0,7.0,8.0,11.0,174.0,16.0,133.0,50.0,192.0,699.0,1150
270770,2013,0.0,0.0,0.0,0.0,0.0,0.0,0.0,0.0,0.0,0.0,719.0,1203
270770,2014,37.0,2.0,20.0,11.0,8.0,185.0,24.0,91.0,48.0,163.0,633.0,1176
270770,2015,52.0,0.0,16.0,10.0,7.0,162.0,19.0,53.0,36.0,121.0,539.0,1021
270770,2016,63.0,4.0,14.0,8.0,7.0,234.0,19.0,102.0,27.0,130.0,625.0,1202
270770,2017,66.0,0.0,20.0,9.0,7.0,345.0,21.0,83.0,35.0,127.0,732.0,1423
270770,2018,67.0,0.0,18.0,7.0,6.0,306.0,6.0,85.0,28.0,144.0,677.0,1348
270770,2019,68.0,3.0,12.0,6.0,9.0,283.0,20.0,92.0,38.0,168.0,706.0,1409
270780,2012,9.0,0.0,2.0,2.0,0.0,7.0,1.0,13.0,3.0,17.0,55.0,108
270780,2013,0.0,0.0,0.0,0.0,0.0,0.0,0.0,0.0,0.0,0.0,58.0,127
270780,2014,2.0,0.0,0.0,1.0,1.0,18.0,4.0,11.0,5.0,15.0,58.0,134
270780,2015,4.0,0.0,0.0,2.0,1.0,10.0,0.0,11.0,3.0,15.0,47.0,144
270780,2016,0.0,1.0,4.0,1.0,2.0,22.0,2.0,2.0,2.0,6.0,42.0,113
270780,2017,7.0,0.0,2.0,4.0,1.0,16.0,0.0,8.0,0.0,14.0,53.0,135
270780,2018,3.0,0.0,4.0,1.0,0.0,23.0,1.0,4.0,6.0,20.0,62.0,152
270780,2019,5.0,0.0,0.0,2.0,0.0,18.0,1.0,7.0,0.0,6.0,39.0,99
270790,2012,10.0,0.0,0.0,0.0,1.0,17.0,1.0,20.0,9.0,15.0,73.0,117
270790,2013,0.0,0.0,0.0,0.0,0.0,0.0,0.0,0.0,0.0,0.0,55.0,103
270790,2014,3.0,0.0,0.0,0.0,1.0,21.0,3.0,7.0,4.0,16.0,58.0,117
270790,2015,3.0,0.0,4.0,1.0,1.0,20.0,2.0,10.0,3.0,14.0,65.0,127
270790,2016,11.0,0.0,2.0,0.0,1.0,19.0,1.0,3.0,2.0,9.0,51.0,103
270790,2017,10.0,0.0,2.0,2.0,0.0,25.0,1.0,10.0,2.0,12.0,66.0,121
270790,2018,6.0,0.0,0.0,1.0,2.0,16.0,0.0,7.0,8.0,16.0,56.0,114
270790,2019,6.0,1.0,1.0,0.0,1.0,18.0,3.0,10.0,0.0,15.0,55.0,109
270800,2012,56.0,1.0,6.0,2.0,2.0,112.0,39.0,53.0,58.0,149.0,500.0,841
270800,2013,0.0,0.0,0.0,0.0,0.0,0.0,0.0,0.0,0.0,0.0,441.0,794
270800,2014,50.0,3.0,18.0,11.0,4.0,125.0,16.0,96.0,32.0,167.0,528.0,852
270800,2015,29.0,0.0,12.0,4.0,9.0,125.0,6.0,96.0,19.0,169.0,474.0,840
270800,2016,44.0,0.0,7.0,9.0,10.0,117.0,10.0,85.0,16.0,146.0,453.0,749
270800,2017,44.0,1.0,8.0,8.0,6.0,151.0,3.0,93.0,5.0,151.0,481.0,796
270800,2018,30.0,1.0,10.0,10.0,6.0,166.0,2.0,103.0,1.0,160.0,494.0,864
270800,2019,42.0,0.0,12.0,8.0,12.0,183.0,2.0,97.0,8.0,138.0,509.0,866
270810,2012,39.0,0.0,2.0,1.0,2.0,1.0,0.0,0.0,2.0,2.0,51.0,130
270810,2013,0.0,0.0,0.0,0.0,0.0,0.0,0.0,0.0,0.0,0.0,57.0,165
270810,2014,10.0,0.0,0.0,0.0,0.0,17.0,0.0,36.0,0.0,1.0,65.0,167
270810,2015,4.0,0.0,0.0,0.0,1.0,25.0,0.0,40.0,0.0,4.0,77.0,193
270810,2016,3.0,0.0,0.0,1.0,2.0,28.0,1.0,41.0,1.0,7.0,85.0,189
270810,2017,8.0,0.0,2.0,0.0,0.0,21.0,0.0,30.0,1.0,22.0,84.0,180
270810,2018,3.0,0.0,0.0,2.0,0.0,34.0,3.0,25.0,4.0,32.0,103.0,185
270810,2019,6.0,0.0,6.0,2.0,0.0,34.0,13.0,21.0,8.0,14.0,104.0,201
270820,2012,10.0,0.0,0.0,2.0,2.0,8.0,1.0,2.0,4.0,3.0,39.0,106
270820,2013,0.0,0.0,0.0,0.0,0.0,0.0,0.0,0.0,0.0,0.0,48.0,105
270820,2014,3.0,0.0,3.0,2.0,0.0,13.0,10.0,7.0,5.0,16.0,70.0,133
270820,2015,4.0,0.0,2.0,2.0,2.0,7.0,2.0,9.0,1.0,10.0,40.0,104
270820,2016,1.0,0.0,0.0,0.0,0.0,10.0,4.0,4.0,1.0,13.0,39.0,94
270820,2017,5.0,0.0,4.0,0.0,1.0,6.0,5.0,9.0,3.0,10.0,50.0,104
270820,2018,2.0,0.0,0.0,0.0,0.0,12.0,2.0,5.0,2.0,13.0,37.0,83
270820,2019,3.0,0.0,0.0,0.0,1.0,9.0,2.0,6.0,4.0,9.0,39.0,87
270830,2012,69.0,0.0,7.0,1.0,1.0,20.0,1.0,38.0,7.0,19.0,164.0,412
270830,2013,0.0,0.0,0.0,0.0,0.0,0.0,0.0,0.0,0.0,0.0,137.0,393
270830,2014,8.0,0.0,4.0,1.0,3.0,45.0,3.0,67.0,5.0,6.0,146.0,399
270830,2015,13.0,0.0,3.0,2.0,1.0,46.0,1.0,49.0,2.0,9.0,133.0,370
270830,2016,18.0,0.0,2.0,0.0,1.0,46.0,2.0,40.0,1.0,9.0,122.0,339
270830,2017,19.0,1.0,2.0,2.0,0.0,50.0,3.0,41.0,7.0,27.0,152.0,396
270830,2018,18.0,0.0,2.0,3.0,1.0,48.0,4.0,36.0,4.0,54.0,171.0,418
270830,2019,16.0,0.0,4.0,8.0,0.0,49.0,18.0,24.0,19.0,26.0,164.0,388
270840,2012,37.0,0.0,4.0,4.0,4.0,37.0,3.0,13.0,18.0,51.0,191.0,591
270840,2013,0.0,0.0,0.0,0.0,0.0,0.0,0.0,0.0,0.0,0.0,212.0,594
270840,2014,17.0,3.0,5.0,7.0,1.0,52.0,10.0,34.0,15.0,66.0,231.0,548
270840,2015,13.0,0.0,2.0,5.0,8.0,47.0,4.0,30.0,9.0,78.0,223.0,599
270840,2016,19.0,0.0,5.0,13.0,10.0,43.0,3.0,19.0,8.0,60.0,190.0,502
270840,2017,21.0,0.0,8.0,5.0,5.0,63.0,0.0,31.0,6.0,69.0,224.0,545
270840,2018,21.0,0.0,6.0,11.0,5.0,72.0,4.0,38.0,4.0,75.0,248.0,575
270840,2019,17.0,1.0,6.0,8.0,3.0,78.0,2.0,26.0,0.0,62.0,220.0,580
270850,2012,48.0,1.0,2.0,5.0,3.0,64.0,5.0,74.0,34.0,102.0,346.0,656
270850,2013,0.0,0.0,0.0,0.0,0.0,0.0,0.0,0.0,0.0,0.0,332.0,624
270850,2014,14.0,0.0,5.0,6.0,3.0,65.0,8.0,42.0,13.0,73.0,243.0,595
270850,2015,15.0,1.0,0.0,6.0,2.0,86.0,6.0,37.0,23.0,59.0,239.0,595
270850,2016,13.0,0.0,4.0,3.0,5.0,75.0,8.0,36.0,6.0,63.0,217.0,558
270850,2017,16.0,0.0,5.0,5.0,6.0,94.0,4.0,37.0,15.0,61.0,248.0,585
270850,2018,10.0,0.0,2.0,5.0,1.0,71.0,10.0,39.0,10.0,64.0,213.0,538
270850,2019,9.0,0.0,4.0,1.0,3.0,67.0,5.0,25.0,10.0,35.0,159.0,521
270860,2012,52.0,0.0,15.0,9.0,12.0,134.0,32.0,147.0,34.0,161.0,598.0,993
270860,2013,0.0,0.0,0.0,0.0,0.0,0.0,0.0,0.0,0.0,0.0,590.0,1012
270860,2014,39.0,0.0,12.0,6.0,7.0,155.0,13.0,81.0,41.0,163.0,527.0,982
270860,2015,21.0,1.0,9.0,7.0,5.0,174.0,5.0,59.0,18.0,136.0,439.0,937
270860,2016,36.0,0.0,14.0,11.0,5.0,134.0,4.0,63.0,11.0,113.0,392.0,815
270860,2017,35.0,0.0,16.0,12.0,10.0,124.0,10.0,46.0,20.0,96.0,370.0,873
270860,2018,27.0,0.0,18.0,12.0,10.0,164.0,16.0,49.0,36.0,116.0,448.0,933
270860,2019,27.0,0.0,11.0,11.0,13.0,151.0,20.0,38.0,40.0,98.0,411.0,885
270870,2012,1.0,0.0,3.0,1.0,1.0,11.0,1.0,15.0,6.0,9.0,51.0,98
270870,2013,0.0,0.0,0.0,0.0,0.0,0.0,0.0,0.0,0.0,0.0,47.0,90
270870,2014,5.0,0.0,0.0,0.0,0.0,9.0,1.0,7.0,2.0,5.0,30.0,77
270870,2015,5.0,0.0,2.0,1.0,1.0,18.0,2.0,6.0,4.0,21.0,62.0,122
270870,2016,3.0,0.0,0.0,0.0,0.0,14.0,2.0,11.0,6.0,19.0,55.0,115
270870,2017,5.0,0.0,2.0,0.0,2.0,10.0,1.0,9.0,3.0,17.0,50.0,132
270870,2018,4.0,0.0,0.0,4.0,0.0,22.0,0.0,4.0,2.0,19.0,55.0,125
270870,2019,1.0,0.0,0.0,1.0,0.0,25.0,1.0,14.0,5.0,20.0,67.0,136
270880,2012,68.0,0.0,3.0,7.0,2.0,53.0,5.0,7.0,9.0,56.0,275.0,552
270880,2013,0.0,0.0,0.0,0.0,0.0,0.0,0.0,0.0,0.0,0.0,273.0,596
270880,2014,25.0,1.0,5.0,13.0,2.0,62.0,4.0,56.0,2.0,77.0,323.0,599
270880,2015,23.0,0.0,12.0,11.0,19.0,66.0,4.0,39.0,9.0,43.0,277.0,543
270880,2016,30.0,0.0,9.0,20.0,23.0,50.0,3.0,50.0,9.0,53.0,284.0,464
270880,2017,21.0,0.0,6.0,4.0,8.0,34.0,4.0,28.0,11.0,40.0,267.0,474
270880,2018,27.0,0.0,6.0,3.0,2.0,62.0,14.0,43.0,27.0,49.0,331.0,574
270880,2019,2.0,0.0,4.0,1.0,2.0,18.0,2.0,11.0,6.0,6.0,292.0,500
270890,2012,13.0,0.0,0.0,0.0,2.0,29.0,7.0,19.0,16.0,20.0,107.0,165
270890,2013,0.0,0.0,0.0,0.0,0.0,0.0,0.0,0.0,0.0,0.0,101.0,163
270890,2014,11.0,0.0,2.0,2.0,0.0,26.0,5.0,11.0,15.0,25.0,103.0,179
270890,2015,7.0,1.0,4.0,2.0,2.0,45.0,3.0,9.0,7.0,22.0,110.0,195
270890,2016,14.0,0.0,2.0,4.0,3.0,36.0,5.0,17.0,8.0,40.0,130.0,229
270890,2017,10.0,1.0,8.0,4.0,3.0,70.0,7.0,24.0,18.0,46.0,195.0,319
270890,2018,8.0,0.0,2.0,2.0,2.0,75.0,4.0,31.0,11.0,58.0,195.0,319
270890,2019,18.0,1.0,4.0,0.0,0.0,61.0,6.0,28.0,9.0,52.0,183.0,313
270895,2012,11.0,0.0,0.0,0.0,2.0,9.0,7.0,9.0,8.0,16.0,64.0,230
270895,2013,0.0,0.0,0.0,0.0,0.0,0.0,0.0,0.0,0.0,0.0,87.0,223
270895,2014,6.0,0.0,0.0,4.0,2.0,19.0,4.0,17.0,7.0,24.0,86.0,225
270895,2015,6.0,0.0,6.0,1.0,1.0,29.0,6.0,18.0,2.0,37.0,110.0,233
270895,2016,11.0,1.0,1.0,3.0,3.0,21.0,1.0,12.0,4.0,30.0,89.0,209
270895,2017,9.0,1.0,10.0,3.0,1.0,24.0,0.0,13.0,3.0,40.0,107.0,200
270895,2018,8.0,0.0,6.0,0.0,2.0,27.0,0.0,12.0,2.0,28.0,87.0,203
270895,2019,6.0,0.0,0.0,2.0,1.0,29.0,0.0,10.0,1.0,30.0,80.0,205
270900,2012,14.0,0.0,0.0,1.0,1.0,11.0,1.0,1.0,3.0,5.0,46.0,97
270900,2013,0.0,0.0,0.0,0.0,0.0,0.0,0.0,0.0,0.0,0.0,41.0,84
270900,2014,3.0,0.0,2.0,4.0,1.0,6.0,0.0,9.0,3.0,12.0,49.0,91
270900,2015,3.0,0.0,2.0,0.0,3.0,4.0,1.0,4.0,3.0,7.0,36.0,75
270900,2016,7.0,0.0,0.0,1.0,4.0,10.0,0.0,1.0,1.0,12.0,39.0,69
270900,2017,4.0,0.0,4.0,1.0,1.0,1.0,2.0,4.0,1.0,7.0,35.0,77
270900,2018,5.0,0.0,2.0,0.0,0.0,11.0,2.0,4.0,1.0,9.0,45.0,77
270900,2019,3.0,0.0,2.0,0.0,1.0,7.0,2.0,2.0,1.0,5.0,35.0,63
270910,2012,37.0,0.0,5.0,3.0,4.0,21.0,0.0,3.0,5.0,25.0,138.0,274
270910,2013,0.0,0.0,0.0,0.0,0.0,0.0,0.0,0.0,0.0,0.0,155.0,311
270910,2014,14.0,0.0,3.0,9.0,1.0,36.0,3.0,34.0,2.0,43.0,187.0,300
270910,2015,14.0,0.0,3.0,17.0,8.0,25.0,8.0,28.0,6.0,26.0,190.0,315
270910,2016,9.0,0.0,0.0,32.0,19.0,32.0,3.0,25.0,2.0,28.0,178.0,273
270910,2017,10.0,0.0,2.0,9.0,4.0,19.0,2.0,15.0,9.0,17.0,188.0,287
270910,2018,9.0,0.0,4.0,3.0,1.0,40.0,10.0,24.0,12.0,23.0,177.0,278
270910,2019,0.0,0.0,2.0,0.0,0.0,14.0,2.0,3.0,1.0,7.0,143.0,262
270915,2012,78.0,0.0,8.0,3.0,6.0,52.0,5.0,24.0,49.0,71.0,415.0,747
270915,2013,0.0,0.0,0.0,0.0,0.0,0.0,0.0,0.0,0.0,0.0,409.0,756
270915,2014,27.0,0.0,8.0,10.0,7.0,68.0,11.0,55.0,21.0,81.0,309.0,694
270915,2015,16.0,0.0,6.0,7.0,3.0,76.0,4.0,31.0,6.0,71.0,242.0,659
270915,2016,24.0,0.0,9.0,6.0,12.0,75.0,9.0,35.0,11.0,68.0,258.0,582
270915,2017,15.0,0.0,14.0,10.0,7.0,84.0,3.0,27.0,15.0,46.0,236.0,610
270915,2018,21.0,1.0,4.0,9.0,3.0,96.0,22.0,37.0,19.0,55.0,281.0,658
270915,2019,30.0,1.0,10.0,6.0,6.0,92.0,8.0,35.0,16.0,50.0,284.0,636
270920,2012,36.0,0.0,0.0,5.0,1.0,29.0,1.0,1.0,3.0,38.0,157.0,351
270920,2013,0.0,0.0,0.0,0.0,0.0,0.0,0.0,0.0,0.0,0.0,150.0,367
270920,2014,11.0,0.0,5.0,3.0,2.0,31.0,1.0,19.0,3.0,28.0,137.0,340
270920,2015,13.0,0.0,1.0,4.0,3.0,33.0,7.0,16.0,11.0,16.0,145.0,326
270920,2016,12.0,0.0,5.0,21.0,16.0,33.0,6.0,25.0,13.0,42.0,186.0,358
270920,2017,7.0,0.0,4.0,5.0,8.0,12.0,2.0,10.0,8.0,10.0,138.0,313
270920,2018,13.0,0.0,0.0,2.0,3.0,37.0,8.0,18.0,23.0,26.0,166.0,343
270920,2019,1.0,0.0,4.0,0.0,2.0,14.0,1.0,1.0,3.0,4.0,141.0,349
270930,2012,305.0,2.0,7.0,2.0,3.0,39.0,4.0,10.0,27.0,33.0,446.0,1170
270930,2013,0.0,0.0,0.0,0.0,0.0,0.0,0.0,0.0,0.0,0.0,407.0,1116
270930,2014,32.0,0.0,16.0,1.0,3.0,172.0,6.0,231.0,9.0,24.0,504.0,1159
270930,2015,48.0,0.0,10.0,1.0,2.0,179.0,2.0,191.0,10.0,28.0,486.0,1122
270930,2016,38.0,1.0,7.0,3.0,1.0,147.0,3.0,151.0,8.0,26.0,389.0,974
270930,2017,45.0,0.0,12.0,0.0,3.0,158.0,7.0,147.0,10.0,99.0,483.0,1064
270930,2018,45.0,0.0,8.0,3.0,3.0,202.0,15.0,95.0,18.0,154.0,548.0,1136
270930,2019,47.0,3.0,8.0,8.0,10.0,200.0,73.0,81.0,74.0,111.0,616.0,1115
270940,2012,33.0,0.0,6.0,4.0,3.0,50.0,2.0,23.0,14.0,60.0,211.0,422
270940,2013,0.0,0.0,0.0,0.0,0.0,0.0,0.0,0.0,0.0,0.0,219.0,447
270940,2014,20.0,1.0,4.0,4.0,4.0,44.0,6.0,33.0,5.0,33.0,170.0,417
270940,2015,10.0,0.0,3.0,0.0,6.0,59.0,1.0,35.0,10.0,44.0,177.0,389
270940,2016,17.0,1.0,6.0,3.0,7.0,47.0,6.0,27.0,3.0,44.0,169.0,403
270940,2017,15.0,0.0,3.0,1.0,2.0,43.0,2.0,19.0,12.0,46.0,147.0,418
270940,2018,11.0,0.0,4.0,3.0,1.0,52.0,7.0,25.0,6.0,36.0,147.0,401
270940,2019,13.0,0.0,5.0,3.0,2.0,55.0,3.0,26.0,4.0,37.0,150.0,354
280000,2013,0.0,0.0,0.0,0.0,0.0,0.0,0.0,0.0,0.0,0.0,1.0,2
280010,2012,2.0,0.0,2.0,1.0,0.0,3.0,1.0,0.0,1.0,0.0,10.0,38
280010,2013,0.0,0.0,0.0,0.0,0.0,0.0,0.0,0.0,0.0,0.0,14.0,36
280010,2014,1.0,0.0,2.0,1.0,0.0,0.0,6.0,5.0,4.0,2.0,24.0,56
280010,2015,1.0,0.0,2.0,0.0,1.0,1.0,0.0,1.0,2.0,3.0,12.0,29
280010,2016,1.0,0.0,0.0,0.0,1.0,4.0,5.0,0.0,0.0,2.0,13.0,39
280010,2017,0.0,0.0,0.0,3.0,0.0,7.0,3.0,2.0,3.0,4.0,23.0,39
280010,2018,1.0,0.0,0.0,0.0,3.0,5.0,1.0,1.0,3.0,1.0,15.0,29
280010,2019,4.0,0.0,0.0,2.0,0.0,9.0,2.0,2.0,0.0,2.0,22.0,38
280020,2012,11.0,0.0,2.0,4.0,1.0,29.0,6.0,5.0,16.0,11.0,90.0,284
280020,2013,0.0,0.0,0.0,0.0,0.0,0.0,0.0,0.0,0.0,0.0,106.0,287
280020,2014,5.0,2.0,6.0,3.0,0.0,25.0,17.0,18.0,19.0,22.0,125.0,292
280020,2015,10.0,0.0,2.0,5.0,4.0,22.0,9.0,11.0,18.0,7.0,89.0,285
280020,2016,8.0,0.0,8.0,3.0,0.0,20.0,14.0,13.0,16.0,25.0,108.0,253
280020,2017,5.0,0.0,4.0,1.0,0.0,27.0,17.0,12.0,20.0,17.0,108.0,286
280020,2018,7.0,0.0,9.0,3.0,2.0,40.0,9.0,8.0,16.0,14.0,110.0,263
280020,2019,11.0,0.0,6.0,2.0,3.0,22.0,13.0,13.0,17.0,6.0,95.0,242
280030,2012,444.0,7.0,162.0,77.0,101.0,1228.0,578.0,186.0,1615.0,416.0,4838.0,9375
280030,2013,0.0,0.0,0.0,0.0,0.0,0.0,0.0,0.0,0.0,0.0,4973.0,9374
280030,2014,436.0,10.0,175.0,121.0,107.0,1397.0,557.0,337.0,1504.0,540.0,5192.0,9586
280030,2015,363.0,6.0,188.0,153.0,139.0,1473.0,525.0,226.0,1438.0,401.0,4918.0,9662
280030,2016,397.0,9.0,146.0,110.0,115.0,1361.0,487.0,153.0,1295.0,369.0,4448.0,8867
280030,2017,410.0,12.0,154.0,97.0,89.0,1554.0,473.0,245.0,1264.0,546.0,4853.0,9068
280030,2018,432.0,5.0,156.0,116.0,116.0,1550.0,480.0,242.0,1223.0,557.0,4880.0,9358
280030,2019,381.0,6.0,151.0,153.0,142.0,1539.0,494.0,195.0,1172.0,345.0,4584.0,8617
280040,2012,5.0,1.0,0.0,1.0,2.0,12.0,1.0,8.0,2.0,26.0,58.0,180
280040,2013,0.0,0.0,0.0,0.0,0.0,0.0,0.0,0.0,0.0,0.0,40.0,131
280040,2014,3.0,0.0,2.0,1.0,1.0,14.0,2.0,17.0,1.0,15.0,58.0,160
280040,2015,2.0,0.0,2.0,0.0,2.0,13.0,4.0,4.0,5.0,19.0,53.0,156
280040,2016,2.0,0.0,2.0,3.0,0.0,10.0,5.0,6.0,5.0,14.0,47.0,138
280040,2017,2.0,0.0,0.0,3.0,3.0,9.0,3.0,7.0,6.0,19.0,52.0,154
280040,2018,1.0,0.0,0.0,2.0,2.0,12.0,3.0,10.0,3.0,12.0,45.0,138
280040,2019,1.0,0.0,0.0,2.0,1.0,10.0,3.0,7.0,7.0,9.0,40.0,133
280050,2012,4.0,0.0,2.0,2.0,2.0,36.0,4.0,5.0,7.0,20.0,102.0,287
280050,2013,0.0,0.0,0.0,0.0,0.0,0.0,0.0,0.0,0.0,0.0,95.0,260
280050,2014,5.0,0.0,4.0,1.0,3.0,30.0,10.0,17.0,20.0,15.0,105.0,282
280050,2015,9.0,0.0,0.0,1.0,1.0,26.0,12.0,6.0,17.0,17.0,92.0,302
280050,2016,4.0,0.0,2.0,5.0,3.0,28.0,6.0,6.0,22.0,16.0,92.0,244
280050,2017,10.0,0.0,4.0,1.0,3.0,24.0,13.0,5.0,15.0,12.0,87.0,268
280050,2018,8.0,2.0,0.0,4.0,2.0,32.0,6.0,10.0,15.0,20.0,100.0,277
280050,2019,10.0,0.0,8.0,5.0,3.0,30.0,8.0,5.0,18.0,12.0,99.0,294
280060,2012,23.0,0.0,8.0,3.0,6.0,42.0,29.0,15.0,47.0,15.0,188.0,457
280060,2013,0.0,0.0,0.0,0.0,0.0,0.0,0.0,0.0,0.0,0.0,204.0,485
280060,2014,28.0,0.0,4.0,5.0,4.0,67.0,20.0,14.0,53.0,25.0,220.0,465
280060,2015,19.0,0.0,14.0,7.0,11.0,74.0,28.0,11.0,57.0,23.0,244.0,564
280060,2016,24.0,0.0,4.0,7.0,4.0,61.0,20.0,15.0,45.0,24.0,204.0,495
280060,2017,25.0,0.0,2.0,5.0,2.0,63.0,32.0,11.0,61.0,24.0,225.0,510
280060,2018,25.0,0.0,8.0,6.0,6.0,67.0,21.0,23.0,48.0,24.0,228.0,538
280060,2019,25.0,2.0,11.0,9.0,7.0,90.0,28.0,11.0,53.0,25.0,261.0,556
280067,2012,13.0,0.0,4.0,7.0,1.0,30.0,4.0,13.0,25.0,49.0,152.0,398
280067,2013,0.0,0.0,0.0,0.0,0.0,0.0,0.0,0.0,0.0,0.0,152.0,364
280067,2014,6.0,0.0,0.0,8.0,1.0,29.0,10.0,28.0,20.0,45.0,154.0,362
280067,2015,11.0,1.0,1.0,1.0,4.0,36.0,8.0,21.0,20.0,24.0,127.0,306
280067,2016,9.0,0.0,0.0,5.0,1.0,27.0,6.0,12.0,16.0,32.0,109.0,283
280067,2017,11.0,1.0,2.0,5.0,1.0,39.0,13.0,13.0,14.0,27.0,127.0,300
280067,2018,15.0,0.0,4.0,2.0,1.0,51.0,8.0,9.0,21.0,42.0,154.0,333
280067,2019,9.0,0.0,4.0,2.0,2.0,47.0,7.0,11.0,19.0,27.0,132.0,309
280070,2012,3.0,1.0,0.0,1.0,3.0,7.0,2.0,3.0,3.0,5.0,30.0,137
280070,2013,0.0,0.0,0.0,0.0,0.0,0.0,0.0,0.0,0.0,0.0,30.0,122
280070,2014,6.0,0.0,2.0,0.0,2.0,7.0,5.0,5.0,6.0,7.0,45.0,130
280070,2015,6.0,0.0,3.0,1.0,1.0,10.0,1.0,3.0,5.0,8.0,41.0,125
280070,2016,3.0,0.0,2.0,3.0,1.0,9.0,4.0,5.0,4.0,4.0,37.0,134
280070,2017,5.0,1.0,2.0,2.0,1.0,16.0,3.0,6.0,4.0,6.0,51.0,132
280070,2018,3.0,0.0,0.0,2.0,0.0,9.0,5.0,7.0,5.0,5.0,38.0,126
280070,2019,4.0,0.0,2.0,1.0,0.0,14.0,7.0,3.0,4.0,4.0,43.0,120
280100,2012,12.0,0.0,3.0,4.0,1.0,31.0,0.0,2.0,11.0,31.0,131.0,293
280100,2013,0.0,0.0,0.0,0.0,0.0,0.0,0.0,0.0,0.0,0.0,115.0,267
280100,2014,4.0,0.0,0.0,1.0,2.0,28.0,14.0,11.0,18.0,21.0,99.0,224
280100,2015,4.0,0.0,4.0,1.0,1.0,34.0,19.0,11.0,19.0,14.0,108.0,266
280100,2016,14.0,0.0,2.0,0.0,3.0,26.0,7.0,10.0,15.0,13.0,90.0,220
280100,2017,6.0,0.0,4.0,1.0,0.0,31.0,17.0,11.0,17.0,15.0,102.0,253
280100,2018,8.0,1.0,0.0,3.0,0.0,38.0,10.0,11.0,16.0,15.0,102.0,266
280100,2019,8.0,1.0,0.0,2.0,3.0,42.0,8.0,10.0,23.0,17.0,115.0,262
280110,2012,2.0,1.0,0.0,2.0,0.0,4.0,2.0,1.0,4.0,4.0,20.0,71
280110,2013,0.0,0.0,0.0,0.0,0.0,0.0,0.0,0.0,0.0,0.0,21.0,68
280110,2014,1.0,0.0,0.0,0.0,1.0,5.0,3.0,4.0,5.0,5.0,25.0,68
280110,2015,1.0,0.0,0.0,1.0,2.0,6.0,1.0,2.0,5.0,4.0,24.0,63
280110,2016,1.0,0.0,4.0,0.0,0.0,6.0,3.0,3.0,3.0,4.0,25.0,71
280110,2017,0.0,0.0,0.0,1.0,0.0,6.0,2.0,6.0,3.0,6.0,25.0,65
280110,2018,0.0,0.0,0.0,2.0,1.0,7.0,3.0,2.0,4.0,5.0,26.0,77
280110,2019,1.0,0.0,0.0,1.0,0.0,4.0,3.0,5.0,5.0,2.0,22.0,66
280120,2012,20.0,1.0,2.0,8.0,9.0,50.0,5.0,8.0,29.0,35.0,189.0,586
280120,2013,0.0,0.0,0.0,0.0,0.0,0.0,0.0,0.0,0.0,0.0,170.0,570
280120,2014,7.0,1.0,6.0,8.0,6.0,64.0,9.0,22.0,16.0,60.0,201.0,602
280120,2015,11.0,0.0,4.0,5.0,7.0,61.0,11.0,37.0,19.0,38.0,193.0,613
280120,2016,9.0,0.0,2.0,3.0,8.0,53.0,13.0,22.0,22.0,26.0,162.0,570
280120,2017,10.0,1.0,7.0,5.0,2.0,65.0,12.0,19.0,22.0,30.0,178.0,593
280120,2018,29.0,0.0,4.0,8.0,3.0,63.0,7.0,20.0,13.0,28.0,180.0,572
280120,2019,15.0,0.0,12.0,3.0,5.0,61.0,9.0,15.0,18.0,39.0,180.0,554
280130,2012,19.0,1.0,2.0,6.0,5.0,56.0,27.0,13.0,42.0,23.0,198.0,619
280130,2013,0.0,0.0,0.0,0.0,0.0,0.0,0.0,0.0,0.0,0.0,195.0,582
280130,2014,16.0,0.0,5.0,3.0,5.0,53.0,23.0,29.0,41.0,35.0,216.0,579
280130,2015,15.0,0.0,6.0,3.0,1.0,56.0,19.0,13.0,47.0,27.0,188.0,565
280130,2016,9.0,0.0,10.0,6.0,3.0,57.0,19.0,16.0,27.0,21.0,168.0,517
280130,2017,18.0,0.0,12.0,8.0,3.0,56.0,23.0,20.0,24.0,32.0,200.0,547
280130,2018,17.0,0.0,4.0,7.0,5.0,65.0,22.0,21.0,24.0,28.0,195.0,533
280130,2019,14.0,0.0,2.0,8.0,1.0,62.0,33.0,39.0,39.0,19.0,221.0,538
280140,2012,7.0,0.0,0.0,1.0,4.0,28.0,2.0,1.0,13.0,22.0,112.0,310
280140,2013,0.0,0.0,0.0,0.0,0.0,0.0,0.0,0.0,0.0,0.0,110.0,292
280140,2014,4.0,0.0,4.0,4.0,1.0,28.0,14.0,27.0,18.0,25.0,125.0,320
280140,2015,6.0,0.0,2.0,3.0,2.0,42.0,17.0,16.0,13.0,18.0,120.0,339
280140,2016,1.0,0.0,0.0,4.0,3.0,22.0,11.0,12.0,10.0,8.0,71.0,251
280140,2017,6.0,1.0,2.0,3.0,3.0,31.0,9.0,9.0,22.0,30.0,116.0,301
280140,2018,8.0,0.0,2.0,3.0,4.0,42.0,13.0,8.0,16.0,20.0,116.0,307
280140,2019,10.0,0.0,0.0,7.0,2.0,25.0,11.0,15.0,26.0,20.0,116.0,292
280150,2012,7.0,0.0,6.0,3.0,3.0,44.0,24.0,5.0,39.0,12.0,143.0,300
280150,2013,0.0,0.0,0.0,0.0,0.0,0.0,0.0,0.0,0.0,0.0,145.0,281
280150,2014,13.0,0.0,0.0,4.0,1.0,56.0,24.0,8.0,34.0,17.0,159.0,316
280150,2015,6.0,0.0,0.0,7.0,3.0,50.0,12.0,7.0,27.0,11.0,123.0,297
280150,2016,11.0,0.0,6.0,8.0,3.0,30.0,14.0,8.0,22.0,8.0,110.0,262
280150,2017,8.0,0.0,6.0,3.0,1.0,46.0,16.0,11.0,31.0,20.0,142.0,299
280150,2018,17.0,0.0,0.0,6.0,1.0,38.0,8.0,7.0,10.0,15.0,103.0,247
280150,2019,7.0,0.0,4.0,4.0,2.0,38.0,7.0,6.0,31.0,11.0,112.0,250
280160,2012,0.0,0.0,0.0,1.0,2.0,10.0,2.0,1.0,12.0,9.0,39.0,74
280160,2013,0.0,0.0,0.0,0.0,0.0,0.0,0.0,0.0,0.0,0.0,39.0,71
280160,2014,7.0,0.0,0.0,0.0,0.0,12.0,8.0,6.0,3.0,9.0,48.0,79
280160,2015,10.0,0.0,2.0,6.0,2.0,10.0,3.0,7.0,4.0,8.0,55.0,90
280160,2016,6.0,0.0,2.0,0.0,1.0,12.0,4.0,12.0,10.0,7.0,55.0,75
280160,2017,3.0,0.0,0.0,2.0,1.0,15.0,3.0,9.0,5.0,7.0,51.0,78
280160,2018,3.0,0.0,0.0,1.0,1.0,12.0,6.0,2.0,8.0,3.0,38.0,68
280160,2019,6.0,0.0,0.0,0.0,0.0,11.0,7.0,3.0,4.0,6.0,37.0,69
280170,2012,15.0,0.0,10.0,4.0,3.0,13.0,4.0,12.0,6.0,38.0,106.0,308
280170,2013,0.0,0.0,0.0,0.0,0.0,0.0,0.0,0.0,0.0,0.0,118.0,304
280170,2014,4.0,0.0,2.0,5.0,2.0,37.0,1.0,25.0,1.0,48.0,127.0,317
280170,2015,3.0,0.0,0.0,0.0,2.0,37.0,2.0,11.0,9.0,31.0,98.0,304
280170,2016,11.0,0.0,2.0,3.0,1.0,34.0,9.0,15.0,16.0,28.0,119.0,301
280170,2017,6.0,0.0,0.0,4.0,3.0,26.0,8.0,19.0,13.0,28.0,109.0,303
280170,2018,8.0,0.0,4.0,1.0,6.0,38.0,8.0,11.0,10.0,23.0,110.0,298
280170,2019,8.0,0.0,0.0,4.0,2.0,35.0,8.0,4.0,14.0,31.0,107.0,300
280190,2012,1.0,1.0,0.0,0.0,0.0,5.0,0.0,1.0,2.0,0.0,11.0,56
280190,2013,0.0,0.0,0.0,0.0,0.0,0.0,0.0,0.0,0.0,0.0,25.0,56
280190,2014,1.0,0.0,4.0,0.0,1.0,2.0,6.0,2.0,3.0,12.0,31.0,59
280190,2015,0.0,0.0,0.0,1.0,0.0,2.0,0.0,1.0,2.0,8.0,14.0,57
280190,2016,3.0,0.0,0.0,0.0,3.0,2.0,2.0,1.0,3.0,2.0,16.0,51
280190,2017,0.0,0.0,0.0,0.0,0.0,3.0,0.0,2.0,6.0,3.0,14.0,57
280190,2018,2.0,0.0,0.0,1.0,0.0,1.0,2.0,3.0,1.0,5.0,15.0,41
280190,2019,4.0,0.0,0.0,0.0,2.0,7.0,1.0,1.0,3.0,3.0,21.0,48
280200,2012,1.0,0.0,0.0,1.0,0.0,4.0,3.0,4.0,6.0,6.0,25.0,81
280200,2013,0.0,0.0,0.0,0.0,0.0,0.0,0.0,0.0,0.0,0.0,24.0,72
280200,2014,1.0,0.0,0.0,0.0,1.0,8.0,4.0,1.0,5.0,10.0,30.0,81
280200,2015,3.0,1.0,0.0,2.0,2.0,8.0,2.0,1.0,2.0,5.0,26.0,73
280200,2016,6.0,0.0,0.0,1.0,0.0,4.0,3.0,3.0,5.0,2.0,24.0,62
280200,2017,1.0,0.0,0.0,0.0,0.0,7.0,2.0,2.0,3.0,2.0,17.0,72
280200,2018,1.0,0.0,0.0,0.0,1.0,10.0,4.0,1.0,6.0,1.0,24.0,66
280200,2019,2.0,0.0,0.0,0.0,0.0,5.0,5.0,1.0,0.0,3.0,16.0,61
280210,2012,38.0,0.0,13.0,11.0,5.0,94.0,12.0,55.0,24.0,179.0,438.0,1049
280210,2013,0.0,0.0,0.0,0.0,0.0,0.0,0.0,0.0,0.0,0.0,473.0,1071
280210,2014,28.0,0.0,6.0,16.0,11.0,97.0,12.0,108.0,25.0,175.0,489.0,1034
280210,2015,35.0,0.0,20.0,9.0,6.0,146.0,13.0,57.0,43.0,141.0,474.0,1088
280210,2016,31.0,0.0,15.0,7.0,7.0,132.0,28.0,47.0,38.0,125.0,435.0,1027
280210,2017,37.0,1.0,12.0,16.0,7.0,136.0,31.0,69.0,49.0,137.0,496.0,1105
280210,2018,47.0,0.0,12.0,15.0,19.0,130.0,33.0,65.0,47.0,134.0,502.0,1143
280210,2019,28.0,0.0,13.0,9.0,13.0,139.0,28.0,44.0,54.0,87.0,418.0,987
280220,2012,1.0,0.0,0.0,1.0,2.0,9.0,0.0,2.0,5.0,4.0,27.0,78
280220,2013,0.0,0.0,0.0,0.0,0.0,0.0,0.0,0.0,0.0,0.0,24.0,78
280220,2014,3.0,0.0,0.0,2.0,2.0,12.0,3.0,4.0,5.0,8.0,39.0,104
280220,2015,1.0,0.0,6.0,2.0,1.0,12.0,1.0,6.0,2.0,6.0,37.0,110
280220,2016,4.0,0.0,2.0,0.0,3.0,9.0,3.0,2.0,7.0,7.0,37.0,84
280220,2017,4.0,1.0,2.0,0.0,6.0,8.0,2.0,2.0,2.0,5.0,32.0,94
280220,2018,4.0,0.0,2.0,1.0,1.0,13.0,2.0,3.0,5.0,6.0,37.0,103
280220,2019,1.0,0.0,2.0,0.0,1.0,18.0,6.0,3.0,7.0,7.0,45.0,110
280230,2012,11.0,0.0,2.0,0.0,5.0,25.0,0.0,2.0,15.0,13.0,98.0,242
280230,2013,0.0,0.0,0.0,0.0,0.0,0.0,0.0,0.0,0.0,0.0,93.0,236
280230,2014,6.0,1.0,9.0,2.0,3.0,22.0,10.0,12.0,19.0,16.0,101.0,242
280230,2015,3.0,0.0,2.0,3.0,2.0,22.0,8.0,8.0,13.0,27.0,90.0,211
280230,2016,3.0,0.0,4.0,1.0,1.0,24.0,4.0,11.0,10.0,20.0,80.0,208
280230,2017,8.0,0.0,3.0,0.0,2.0,28.0,10.0,12.0,11.0,23.0,98.0,240
280230,2018,5.0,0.0,0.0,1.0,5.0,24.0,4.0,3.0,19.0,19.0,80.0,220
280230,2019,5.0,0.0,4.0,2.0,3.0,34.0,14.0,8.0,16.0,13.0,102.0,277
280240,2012,4.0,0.0,2.0,0.0,2.0,16.0,4.0,3.0,5.0,4.0,44.0,146
280240,2013,0.0,0.0,0.0,0.0,0.0,0.0,0.0,0.0,0.0,0.0,47.0,142
280240,2014,2.0,0.0,2.0,1.0,1.0,14.0,4.0,14.0,7.0,19.0,64.0,158
280240,2015,4.0,0.0,1.0,3.0,1.0,9.0,1.0,4.0,3.0,10.0,37.0,148
280240,2016,3.0,0.0,3.0,2.0,3.0,12.0,4.0,5.0,5.0,8.0,46.0,139
280240,2017,2.0,1.0,4.0,3.0,0.0,16.0,3.0,4.0,7.0,8.0,50.0,152
280240,2018,6.0,0.0,2.0,1.0,0.0,19.0,1.0,5.0,7.0,13.0,55.0,162
280240,2019,4.0,0.0,6.0,2.0,2.0,20.0,4.0,4.0,4.0,5.0,52.0,130
280250,2012,1.0,0.0,0.0,0.0,2.0,8.0,1.0,1.0,5.0,1.0,19.0,46
280250,2013,0.0,0.0,0.0,0.0,0.0,0.0,0.0,0.0,0.0,0.0,19.0,40
280250,2014,1.0,0.0,0.0,1.0,1.0,6.0,1.0,0.0,2.0,1.0,13.0,33
280250,2015,2.0,0.0,0.0,0.0,0.0,3.0,0.0,2.0,8.0,2.0,17.0,36
280250,2016,1.0,0.0,0.0,1.0,1.0,4.0,1.0,0.0,6.0,2.0,16.0,41
280250,2017,3.0,0.0,0.0,0.0,0.0,6.0,1.0,2.0,1.0,5.0,18.0,50
280250,2018,0.0,0.0,0.0,1.0,0.0,5.0,2.0,0.0,3.0,3.0,14.0,40
280250,2019,1.0,0.0,0.0,0.0,0.0,10.0,1.0,0.0,3.0,2.0,17.0,51
280260,2012,2.0,1.0,1.0,2.0,0.0,8.0,1.0,2.0,5.0,8.0,31.0,90
280260,2013,0.0,0.0,0.0,0.0,0.0,0.0,0.0,0.0,0.0,0.0,26.0,83
280260,2014,4.0,0.0,0.0,0.0,0.0,6.0,0.0,5.0,2.0,4.0,21.0,68
280260,2015,1.0,0.0,0.0,1.0,1.0,10.0,1.0,8.0,4.0,3.0,29.0,83
280260,2016,3.0,0.0,0.0,1.0,1.0,9.0,2.0,3.0,2.0,4.0,26.0,88
280260,2017,6.0,1.0,2.0,3.0,0.0,4.0,2.0,4.0,5.0,4.0,32.0,80
280260,2018,1.0,0.0,0.0,1.0,1.0,6.0,2.0,3.0,3.0,6.0,23.0,70
280260,2019,0.0,0.0,6.0,2.0,0.0,10.0,0.0,3.0,5.0,2.0,28.0,74
280270,2012,2.0,0.0,2.0,2.0,0.0,9.0,7.0,2.0,9.0,2.0,37.0,142
280270,2013,0.0,0.0,0.0,0.0,0.0,0.0,0.0,0.0,0.0,0.0,50.0,153
280270,2014,2.0,0.0,2.0,3.0,1.0,7.0,5.0,4.0,7.0,7.0,42.0,126
280270,2015,2.0,0.0,0.0,2.0,1.0,17.0,7.0,5.0,5.0,11.0,51.0,156
280270,2016,4.0,1.0,3.0,0.0,1.0,13.0,4.0,5.0,1.0,11.0,47.0,131
280270,2017,1.0,0.0,0.0,3.0,0.0,12.0,5.0,7.0,5.0,7.0,41.0,140
280270,2018,4.0,1.0,3.0,1.0,2.0,21.0,10.0,4.0,11.0,6.0,63.0,147
280270,2019,6.0,0.0,8.0,1.0,4.0,13.0,5.0,5.0,5.0,4.0,52.0,129
280280,2012,7.0,1.0,5.0,3.0,1.0,17.0,1.0,14.0,5.0,40.0,96.0,293
280280,2013,0.0,0.0,0.0,0.0,0.0,0.0,0.0,0.0,0.0,0.0,84.0,285
280280,2014,6.0,0.0,0.0,5.0,1.0,27.0,4.0,15.0,5.0,29.0,97.0,292
280280,2015,7.0,0.0,6.0,3.0,2.0,22.0,6.0,15.0,7.0,27.0,95.0,271
280280,2016,8.0,0.0,0.0,3.0,4.0,28.0,4.0,10.0,6.0,23.0,86.0,272
280280,2017,10.0,0.0,3.0,2.0,3.0,28.0,4.0,11.0,11.0,31.0,103.0,282
280280,2018,11.0,0.0,8.0,3.0,5.0,31.0,8.0,4.0,7.0,21.0,98.0,292
280280,2019,8.0,0.0,7.0,3.0,2.0,30.0,8.0,12.0,13.0,23.0,107.0,288
280290,2012,66.0,0.0,14.0,9.0,7.0,188.0,5.0,7.0,73.0,139.0,669.0,1412
280290,2013,0.0,0.0,0.0,0.0,0.0,0.0,0.0,0.0,0.0,0.0,721.0,1444
280290,2014,27.0,2.0,9.0,15.0,12.0,204.0,81.0,72.0,146.0,150.0,726.0,1465
280290,2015,27.0,1.0,13.0,14.0,17.0,204.0,88.0,64.0,135.0,110.0,674.0,1390
280290,2016,35.0,0.0,22.0,11.0,11.0,175.0,48.0,62.0,98.0,105.0,568.0,1271
280290,2017,40.0,0.0,12.0,14.0,19.0,193.0,62.0,76.0,115.0,101.0,632.0,1364
280290,2018,37.0,1.0,12.0,17.0,20.0,227.0,53.0,86.0,129.0,129.0,712.0,1494
280290,2019,37.0,0.0,27.0,17.0,17.0,236.0,100.0,67.0,140.0,107.0,753.0,1457
280300,2012,13.0,0.0,7.0,7.0,6.0,43.0,5.0,24.0,19.0,70.0,212.0,646
280300,2013,0.0,0.0,0.0,0.0,0.0,0.0,0.0,0.0,0.0,0.0,240.0,637
280300,2014,14.0,1.0,11.0,11.0,13.0,59.0,9.0,40.0,13.0,69.0,250.0,663
280300,2015,18.0,1.0,12.0,6.0,6.0,51.0,19.0,39.0,35.0,51.0,240.0,638
280300,2016,18.0,1.0,5.0,5.0,3.0,63.0,17.0,24.0,27.0,62.0,225.0,608
280300,2017,16.0,1.0,4.0,9.0,5.0,70.0,11.0,34.0,33.0,62.0,246.0,612
280300,2018,20.0,0.0,8.0,12.0,6.0,68.0,19.0,25.0,27.0,49.0,235.0,623
280300,2019,11.0,1.0,4.0,13.0,4.0,61.0,16.0,17.0,21.0,44.0,193.0,572
280310,2012,1.0,0.0,0.0,1.0,2.0,9.0,1.0,1.0,9.0,2.0,26.0,60
280310,2013,0.0,0.0,0.0,0.0,0.0,0.0,0.0,0.0,0.0,0.0,25.0,64
280310,2014,1.0,0.0,0.0,1.0,0.0,5.0,1.0,0.0,6.0,4.0,18.0,55
280310,2015,2.0,0.0,0.0,1.0,0.0,7.0,4.0,0.0,6.0,3.0,23.0,62
280310,2016,2.0,0.0,0.0,0.0,1.0,2.0,2.0,4.0,2.0,4.0,17.0,59
280310,2017,1.0,0.0,4.0,2.0,0.0,8.0,3.0,2.0,2.0,1.0,24.0,61
280310,2018,2.0,0.0,2.0,0.0,0.0,7.0,2.0,2.0,7.0,3.0,25.0,57
280310,2019,1.0,0.0,0.0,0.0,0.0,15.0,3.0,3.0,1.0,3.0,26.0,54
280320,2012,15.0,0.0,6.0,7.0,1.0,32.0,12.0,16.0,26.0,22.0,138.0,559
280320,2013,0.0,0.0,0.0,0.0,0.0,0.0,0.0,0.0,0.0,0.0,150.0,508
280320,2014,16.0,0.0,6.0,3.0,3.0,37.0,16.0,13.0,37.0,29.0,161.0,562
280320,2015,14.0,0.0,3.0,2.0,5.0,41.0,18.0,8.0,30.0,16.0,137.0,530
280320,2016,20.0,1.0,8.0,3.0,1.0,50.0,23.0,7.0,30.0,16.0,159.0,542
280320,2017,16.0,0.0,8.0,5.0,6.0,52.0,16.0,19.0,38.0,28.0,188.0,577
280320,2018,30.0,0.0,6.0,4.0,3.0,56.0,20.0,12.0,36.0,26.0,193.0,614
280320,2019,14.0,0.0,3.0,7.0,4.0,57.0,21.0,15.0,29.0,15.0,165.0,497
280330,2012,13.0,0.0,2.0,4.0,6.0,20.0,14.0,8.0,25.0,8.0,100.0,252
280330,2013,0.0,0.0,0.0,0.0,0.0,0.0,0.0,0.0,0.0,0.0,100.0,259
280330,2014,10.0,0.0,10.0,3.0,2.0,26.0,10.0,7.0,32.0,14.0,115.0,289
280330,2015,9.0,0.0,6.0,1.0,3.0,34.0,16.0,8.0,21.0,15.0,113.0,284
280330,2016,1.0,0.0,7.0,3.0,3.0,26.0,5.0,4.0,18.0,12.0,79.0,219
280330,2017,12.0,0.0,6.0,1.0,4.0,19.0,8.0,9.0,23.0,14.0,98.0,258
280330,2018,7.0,0.0,0.0,5.0,3.0,26.0,8.0,6.0,12.0,11.0,79.0,226
280330,2019,5.0,0.0,2.0,2.0,2.0,25.0,16.0,7.0,17.0,12.0,89.0,221
280340,2012,4.0,0.0,0.0,1.0,1.0,19.0,6.0,4.0,13.0,13.0,61.0,225
280340,2013,0.0,0.0,0.0,0.0,0.0,0.0,0.0,0.0,0.0,0.0,78.0,216
280340,2014,5.0,0.0,0.0,2.0,2.0,22.0,8.0,9.0,24.0,18.0,96.0,211
280340,2015,8.0,2.0,6.0,2.0,6.0,22.0,7.0,9.0,13.0,17.0,96.0,234
280340,2016,9.0,0.0,0.0,1.0,1.0,21.0,3.0,11.0,12.0,13.0,75.0,198
280340,2017,7.0,1.0,6.0,1.0,1.0,23.0,7.0,7.0,13.0,14.0,83.0,203
280340,2018,3.0,0.0,0.0,2.0,3.0,20.0,7.0,10.0,12.0,11.0,71.0,190
280340,2019,10.0,1.0,2.0,4.0,2.0,24.0,8.0,4.0,9.0,14.0,83.0,207
280350,2012,42.0,1.0,12.0,11.0,16.0,132.0,19.0,5.0,149.0,74.0,539.0,1362
280350,2013,0.0,0.0,0.0,0.0,0.0,0.0,0.0,0.0,0.0,0.0,594.0,1400
280350,2014,35.0,3.0,16.0,9.0,19.0,180.0,81.0,53.0,180.0,150.0,728.0,1463
280350,2015,40.0,2.0,17.0,22.0,16.0,163.0,72.0,40.0,162.0,91.0,627.0,1487
280350,2016,39.0,1.0,22.0,19.0,15.0,166.0,63.0,57.0,138.0,122.0,645.0,1374
280350,2017,62.0,1.0,15.0,18.0,25.0,179.0,49.0,71.0,151.0,128.0,717.0,1531
280350,2018,55.0,1.0,22.0,21.0,23.0,223.0,53.0,84.0,98.0,187.0,768.0,1533
280350,2019,64.0,0.0,16.0,19.0,16.0,229.0,76.0,75.0,130.0,139.0,767.0,1559
280360,2012,13.0,2.0,6.0,4.0,2.0,33.0,23.0,13.0,43.0,26.0,165.0,469
280360,2013,0.0,0.0,0.0,0.0,0.0,0.0,0.0,0.0,0.0,0.0,184.0,476
280360,2014,14.0,0.0,7.0,5.0,1.0,30.0,22.0,9.0,46.0,20.0,154.0,446
280360,2015,9.0,1.0,9.0,4.0,6.0,47.0,17.0,6.0,49.0,6.0,154.0,465
280360,2016,18.0,1.0,6.0,2.0,5.0,35.0,14.0,12.0,56.0,11.0,161.0,428
280360,2017,11.0,1.0,1.0,10.0,6.0,49.0,19.0,11.0,35.0,12.0,157.0,453
280360,2018,8.0,1.0,2.0,6.0,3.0,54.0,20.0,13.0,36.0,18.0,161.0,418
280360,2019,12.0,0.0,4.0,9.0,4.0,46.0,10.0,7.0,26.0,15.0,133.0,375
280370,2012,5.0,1.0,1.0,0.0,2.0,14.0,0.0,1.0,7.0,11.0,56.0,116
280370,2013,0.0,0.0,0.0,0.0,0.0,0.0,0.0,0.0,0.0,0.0,45.0,97
280370,2014,5.0,0.0,4.0,1.0,0.0,13.0,1.0,8.0,11.0,11.0,54.0,119
280370,2015,3.0,0.0,2.0,0.0,0.0,18.0,10.0,3.0,11.0,10.0,57.0,125
280370,2016,5.0,0.0,0.0,1.0,1.0,13.0,4.0,2.0,7.0,6.0,39.0,96
280370,2017,1.0,0.0,0.0,0.0,1.0,16.0,3.0,4.0,3.0,6.0,35.0,72
280370,2018,1.0,0.0,2.0,1.0,3.0,14.0,1.0,4.0,8.0,3.0,37.0,104
280370,2019,2.0,0.0,0.0,1.0,0.0,15.0,1.0,4.0,11.0,8.0,42.0,94
280380,2012,2.0,0.0,0.0,1.0,0.0,3.0,0.0,1.0,5.0,3.0,15.0,54
280380,2013,0.0,0.0,0.0,0.0,0.0,0.0,0.0,0.0,0.0,0.0,30.0,71
280380,2014,3.0,0.0,2.0,1.0,0.0,5.0,4.0,6.0,7.0,3.0,33.0,71
280380,2015,1.0,1.0,4.0,1.0,1.0,8.0,5.0,7.0,3.0,8.0,39.0,85
280380,2016,3.0,0.0,0.0,1.0,0.0,6.0,4.0,2.0,8.0,6.0,30.0,70
280380,2017,1.0,0.0,0.0,1.0,1.0,13.0,2.0,2.0,3.0,5.0,28.0,57
280380,2018,3.0,0.0,2.0,2.0,0.0,10.0,3.0,2.0,5.0,4.0,31.0,62
280380,2019,2.0,0.0,0.0,0.0,0.0,12.0,4.0,1.0,9.0,6.0,34.0,63
280390,2012,7.0,0.0,4.0,1.0,0.0,17.0,6.0,2.0,10.0,13.0,80.0,174
280390,2013,0.0,0.0,0.0,0.0,0.0,0.0,0.0,0.0,0.0,0.0,85.0,166
280390,2014,3.0,0.0,0.0,2.0,0.0,27.0,6.0,10.0,8.0,11.0,68.0,180
280390,2015,5.0,0.0,2.0,1.0,0.0,24.0,19.0,10.0,10.0,10.0,81.0,199
280390,2016,4.0,0.0,4.0,2.0,0.0,21.0,8.0,8.0,7.0,11.0,65.0,181
280390,2017,3.0,0.0,3.0,3.0,0.0,21.0,14.0,11.0,13.0,10.0,78.0,176
280390,2018,2.0,0.0,4.0,4.0,2.0,15.0,10.0,14.0,8.0,11.0,70.0,188
280390,2019,4.0,0.0,0.0,6.0,1.0,23.0,5.0,9.0,13.0,7.0,68.0,171
280400,2012,6.0,0.0,2.0,3.0,2.0,38.0,16.0,6.0,28.0,11.0,112.0,323
280400,2013,0.0,0.0,0.0,0.0,0.0,0.0,0.0,0.0,0.0,0.0,105.0,286
280400,2014,5.0,0.0,2.0,3.0,3.0,31.0,11.0,6.0,26.0,14.0,101.0,291
280400,2015,6.0,1.0,2.0,6.0,3.0,39.0,13.0,4.0,30.0,16.0,120.0,295
280400,2016,5.0,0.0,2.0,2.0,0.0,29.0,11.0,5.0,18.0,10.0,83.0,260
280400,2017,12.0,0.0,2.0,1.0,3.0,35.0,5.0,12.0,14.0,14.0,99.0,279
280400,2018,5.0,1.0,2.0,2.0,2.0,36.0,7.0,7.0,22.0,15.0,99.0,273
280400,2019,4.0,0.0,4.0,2.0,4.0,37.0,9.0,5.0,9.0,4.0,78.0,230
280410,2012,8.0,1.0,4.0,2.0,0.0,18.0,1.0,1.0,4.0,13.0,70.0,157
280410,2013,0.0,0.0,0.0,0.0,0.0,0.0,0.0,0.0,0.0,0.0,64.0,146
280410,2014,1.0,0.0,1.0,1.0,1.0,18.0,7.0,8.0,8.0,13.0,58.0,140
280410,2015,2.0,0.0,2.0,2.0,2.0,11.0,9.0,6.0,14.0,14.0,62.0,132
280410,2016,0.0,0.0,2.0,2.0,2.0,9.0,7.0,9.0,5.0,8.0,44.0,116
280410,2017,0.0,0.0,0.0,2.0,0.0,12.0,8.0,4.0,7.0,7.0,40.0,105
280410,2018,2.0,0.0,0.0,1.0,2.0,13.0,6.0,3.0,5.0,10.0,43.0,121
280410,2019,5.0,0.0,0.0,0.0,1.0,13.0,7.0,6.0,13.0,11.0,57.0,131
280420,2012,3.0,0.0,2.0,2.0,1.0,25.0,2.0,1.0,9.0,13.0,71.0,227
280420,2013,0.0,0.0,0.0,0.0,0.0,0.0,0.0,0.0,0.0,0.0,111.0,248
280420,2014,2.0,0.0,3.0,0.0,3.0,31.0,12.0,12.0,8.0,23.0,94.0,247
280420,2015,4.0,0.0,3.0,5.0,2.0,29.0,4.0,7.0,11.0,23.0,89.0,233
280420,2016,2.0,0.0,1.0,3.0,2.0,25.0,2.0,12.0,10.0,13.0,70.0,224
280420,2017,3.0,0.0,2.0,2.0,4.0,25.0,6.0,10.0,10.0,22.0,84.0,236
280420,2018,9.0,0.0,4.0,2.0,0.0,29.0,4.0,9.0,12.0,21.0,90.0,268
280420,2019,5.0,0.0,0.0,2.0,3.0,31.0,6.0,11.0,16.0,15.0,89.0,241
280430,2012,1.0,0.0,2.0,1.0,1.0,7.0,5.0,4.0,9.0,15.0,46.0,124
280430,2013,0.0,0.0,0.0,0.0,0.0,0.0,0.0,0.0,0.0,0.0,57.0,150
280430,2014,3.0,0.0,3.0,1.0,2.0,14.0,5.0,6.0,17.0,8.0,62.0,115
280430,2015,3.0,0.0,0.0,0.0,2.0,8.0,5.0,2.0,5.0,11.0,36.0,106
280430,2016,4.0,0.0,0.0,0.0,2.0,10.0,2.0,4.0,7.0,8.0,39.0,89
280430,2017,1.0,0.0,2.0,0.0,1.0,17.0,3.0,3.0,9.0,3.0,41.0,105
280430,2018,4.0,0.0,2.0,2.0,0.0,7.0,3.0,5.0,17.0,7.0,49.0,116
280430,2019,5.0,1.0,1.0,2.0,1.0,13.0,2.0,0.0,11.0,3.0,42.0,112
280440,2012,10.0,1.0,4.0,5.0,2.0,13.0,9.0,5.0,21.0,18.0,95.0,268
280440,2013,0.0,0.0,0.0,0.0,0.0,0.0,0.0,0.0,0.0,0.0,126.0,295
280440,2014,11.0,0.0,2.0,2.0,4.0,20.0,10.0,18.0,18.0,29.0,129.0,279
280440,2015,13.0,0.0,6.0,7.0,2.0,29.0,5.0,17.0,9.0,24.0,119.0,308
280440,2016,13.0,0.0,2.0,5.0,2.0,29.0,8.0,13.0,15.0,33.0,128.0,278
280440,2017,11.0,0.0,4.0,4.0,0.0,39.0,7.0,15.0,9.0,15.0,112.0,241
280440,2018,14.0,2.0,0.0,5.0,1.0,33.0,12.0,10.0,16.0,24.0,118.0,269
280440,2019,7.0,0.0,4.0,2.0,1.0,40.0,5.0,7.0,13.0,23.0,103.0,238
280445,2012,9.0,0.0,0.0,0.0,2.0,10.0,0.0,0.0,7.0,10.0,51.0,108
280445,2013,0.0,0.0,0.0,0.0,0.0,0.0,0.0,0.0,0.0,0.0,84.0,150
280445,2014,3.0,0.0,4.0,3.0,0.0,13.0,7.0,7.0,6.0,11.0,55.0,111
280445,2015,3.0,0.0,2.0,2.0,1.0,9.0,2.0,3.0,7.0,8.0,37.0,97
280445,2016,3.0,0.0,0.0,2.0,0.0,9.0,4.0,5.0,11.0,6.0,40.0,104
280445,2017,3.0,0.0,0.0,3.0,0.0,13.0,1.0,1.0,7.0,11.0,39.0,104
280445,2018,5.0,0.0,0.0,3.0,3.0,9.0,5.0,6.0,7.0,6.0,45.0,105
280445,2019,3.0,0.0,3.0,1.0,3.0,15.0,7.0,3.0,6.0,4.0,45.0,101
280450,2012,15.0,0.0,6.0,10.0,5.0,56.0,6.0,7.0,52.0,60.0,256.0,580
280450,2013,0.0,0.0,0.0,0.0,0.0,0.0,0.0,0.0,0.0,0.0,288.0,613
280450,2014,21.0,0.0,10.0,4.0,7.0,70.0,20.0,33.0,31.0,96.0,294.0,561
280450,2015,15.0,1.0,4.0,12.0,6.0,73.0,18.0,21.0,36.0,66.0,252.0,577
280450,2016,18.0,0.0,4.0,7.0,11.0,66.0,10.0,31.0,28.0,63.0,238.0,539
280450,2017,20.0,2.0,4.0,7.0,5.0,80.0,11.0,37.0,40.0,62.0,270.0,597
280450,2018,18.0,0.0,10.0,7.0,5.0,92.0,16.0,21.0,39.0,50.0,260.0,583
280450,2019,19.0,0.0,17.0,6.0,12.0,105.0,20.0,20.0,41.0,54.0,297.0,621
280460,2012,10.0,0.0,2.0,3.0,4.0,20.0,11.0,4.0,42.0,20.0,121.0,360
280460,2013,0.0,0.0,0.0,0.0,0.0,0.0,0.0,0.0,0.0,0.0,147.0,386
280460,2014,10.0,1.0,0.0,3.0,1.0,43.0,15.0,12.0,23.0,28.0,136.0,359
280460,2015,14.0,0.0,10.0,8.0,2.0,35.0,15.0,8.0,41.0,34.0,168.0,396
280460,2016,7.0,0.0,4.0,3.0,4.0,36.0,13.0,11.0,30.0,11.0,119.0,319
280460,2017,8.0,0.0,4.0,7.0,2.0,38.0,12.0,12.0,26.0,19.0,129.0,344
280460,2018,16.0,2.0,5.0,12.0,8.0,44.0,16.0,11.0,28.0,16.0,159.0,367
280460,2019,10.0,2.0,5.0,2.0,4.0,45.0,18.0,13.0,25.0,20.0,146.0,336
280470,2012,2.0,0.0,0.0,0.0,1.0,5.0,2.0,1.0,6.0,7.0,24.0,64
280470,2013,0.0,0.0,0.0,0.0,0.0,0.0,0.0,0.0,0.0,0.0,44.0,109
280470,2014,7.0,0.0,0.0,1.0,0.0,5.0,9.0,3.0,5.0,10.0,44.0,92
280470,2015,4.0,0.0,2.0,4.0,2.0,11.0,2.0,4.0,2.0,4.0,36.0,81
280470,2016,2.0,0.0,2.0,3.0,2.0,7.0,7.0,3.0,2.0,14.0,43.0,97
280470,2017,1.0,0.0,2.0,1.0,1.0,9.0,3.0,10.0,3.0,5.0,35.0,99
280470,2018,1.0,0.0,0.0,2.0,2.0,8.0,7.0,2.0,8.0,3.0,33.0,72
280470,2019,2.0,0.0,0.0,1.0,1.0,16.0,0.0,3.0,6.0,5.0,36.0,73
280480,2012,120.0,3.0,37.0,36.0,31.0,298.0,114.0,57.0,227.0,168.0,1128.0,2840
280480,2013,0.0,0.0,0.0,0.0,0.0,0.0,0.0,0.0,0.0,0.0,1252.0,2992
280480,2014,93.0,2.0,20.0,37.0,26.0,324.0,105.0,95.0,243.0,149.0,1107.0,2927
280480,2015,97.0,2.0,53.0,53.0,38.0,354.0,141.0,56.0,287.0,126.0,1221.0,3217
280480,2016,97.0,5.0,44.0,51.0,36.0,354.0,125.0,55.0,284.0,104.0,1175.0,3068
280480,2017,122.0,5.0,30.0,43.0,17.0,416.0,129.0,87.0,296.0,144.0,1311.0,3235
280480,2018,139.0,0.0,65.0,59.0,34.0,439.0,166.0,112.0,249.0,170.0,1436.0,3257
280480,2019,122.0,1.0,43.0,58.0,28.0,373.0,176.0,90.0,273.0,113.0,1295.0,3032
280490,2012,5.0,1.0,3.0,3.0,0.0,15.0,6.0,3.0,6.0,8.0,55.0,203
280490,2013,0.0,0.0,0.0,0.0,0.0,0.0,0.0,0.0,0.0,0.0,82.0,249
280490,2014,8.0,0.0,2.0,1.0,3.0,19.0,6.0,10.0,13.0,12.0,79.0,225
280490,2015,8.0,0.0,5.0,5.0,3.0,13.0,4.0,6.0,10.0,21.0,77.0,234
280490,2016,7.0,0.0,2.0,2.0,2.0,30.0,10.0,10.0,15.0,17.0,99.0,238
280490,2017,9.0,1.0,3.0,1.0,0.0,29.0,9.0,13.0,14.0,8.0,88.0,235
280490,2018,5.0,0.0,0.0,1.0,2.0,24.0,10.0,4.0,7.0,12.0,65.0,235
280490,2019,6.0,0.0,4.0,4.0,0.0,23.0,12.0,6.0,14.0,10.0,85.0,234
280500,2012,3.0,0.0,0.0,0.0,0.0,4.0,0.0,0.0,3.0,3.0,15.0,54
280500,2013,0.0,0.0,0.0,0.0,0.0,0.0,0.0,0.0,0.0,0.0,16.0,46
280500,2014,0.0,0.0,2.0,0.0,1.0,4.0,1.0,4.0,2.0,1.0,15.0,40
280500,2015,0.0,0.0,0.0,0.0,1.0,6.0,4.0,2.0,6.0,3.0,22.0,51
280500,2016,1.0,0.0,2.0,0.0,0.0,5.0,3.0,0.0,4.0,1.0,16.0,39
280500,2017,1.0,0.0,0.0,0.0,0.0,6.0,2.0,1.0,4.0,0.0,14.0,44
280500,2018,0.0,0.0,0.0,1.0,0.0,6.0,1.0,1.0,3.0,4.0,16.0,43
280500,2019,1.0,0.0,0.0,2.0,0.0,4.0,0.0,1.0,1.0,0.0,9.0,29
280510,2012,2.0,0.0,0.0,1.0,1.0,7.0,2.0,10.0,5.0,20.0,51.0,130
280510,2013,0.0,0.0,0.0,0.0,0.0,0.0,0.0,0.0,0.0,0.0,47.0,115
280510,2014,4.0,0.0,2.0,2.0,0.0,10.0,5.0,3.0,1.0,6.0,35.0,106
280510,2015,7.0,0.0,0.0,0.0,1.0,8.0,2.0,3.0,11.0,14.0,46.0,125
280510,2016,4.0,0.0,2.0,1.0,2.0,5.0,6.0,3.0,10.0,6.0,40.0,117
280510,2017,3.0,0.0,1.0,3.0,3.0,11.0,4.0,3.0,6.0,17.0,51.0,124
280510,2018,8.0,0.0,0.0,0.0,0.0,11.0,2.0,6.0,2.0,8.0,38.0,100
280510,2019,7.0,0.0,2.0,1.0,1.0,11.0,5.0,5.0,10.0,11.0,53.0,123
280520,2012,6.0,0.0,2.0,0.0,2.0,5.0,0.0,0.0,6.0,9.0,33.0,102
280520,2013,0.0,0.0,0.0,0.0,0.0,0.0,0.0,0.0,0.0,0.0,35.0,94
280520,2014,4.0,0.0,1.0,0.0,0.0,10.0,7.0,8.0,4.0,9.0,44.0,109
280520,2015,1.0,0.0,2.0,3.0,0.0,10.0,3.0,1.0,8.0,6.0,35.0,89
280520,2016,2.0,0.0,0.0,1.0,2.0,5.0,4.0,0.0,5.0,3.0,23.0,72
280520,2017,2.0,0.0,4.0,0.0,2.0,9.0,3.0,4.0,4.0,5.0,33.0,76
280520,2018,0.0,0.0,0.0,0.0,2.0,9.0,1.0,8.0,6.0,7.0,33.0,85
280520,2019,0.0,0.0,0.0,0.0,1.0,17.0,4.0,1.0,5.0,9.0,37.0,79
280530,2012,1.0,0.0,4.0,3.0,0.0,19.0,7.0,6.0,13.0,4.0,57.0,150
280530,2013,0.0,0.0,0.0,0.0,0.0,0.0,0.0,0.0,0.0,0.0,39.0,140
280530,2014,5.0,0.0,0.0,0.0,0.0,20.0,7.0,2.0,8.0,13.0,55.0,162
280530,2015,4.0,0.0,0.0,2.0,5.0,13.0,7.0,4.0,8.0,5.0,48.0,150
280530,2016,9.0,0.0,0.0,5.0,1.0,15.0,7.0,4.0,4.0,6.0,51.0,151
280530,2017,3.0,1.0,4.0,1.0,0.0,23.0,6.0,4.0,13.0,6.0,61.0,166
280530,2018,6.0,0.0,0.0,0.0,2.0,20.0,6.0,3.0,11.0,12.0,60.0,152
280530,2019,8.0,0.0,2.0,3.0,0.0,10.0,7.0,7.0,5.0,9.0,51.0,128
280540,2012,15.0,0.0,0.0,9.0,5.0,41.0,6.0,2.0,15.0,30.0,146.0,530
280540,2013,0.0,0.0,0.0,0.0,0.0,0.0,0.0,0.0,0.0,0.0,165.0,506
280540,2014,9.0,0.0,9.0,7.0,9.0,43.0,12.0,21.0,15.0,46.0,173.0,485
280540,2015,13.0,0.0,4.0,3.0,7.0,54.0,8.0,17.0,15.0,28.0,150.0,518
280540,2016,8.0,0.0,6.0,5.0,8.0,43.0,10.0,10.0,12.0,33.0,136.0,480
280540,2017,13.0,0.0,9.0,2.0,2.0,52.0,13.0,14.0,25.0,33.0,163.0,546
280540,2018,7.0,1.0,4.0,9.0,4.0,64.0,12.0,12.0,31.0,25.0,169.0,572
280540,2019,12.0,1.0,0.0,5.0,4.0,73.0,16.0,13.0,14.0,18.0,158.0,500
280550,2012,7.0,0.0,2.0,3.0,1.0,28.0,1.0,2.0,24.0,8.0,84.0,304
280550,2013,0.0,0.0,0.0,0.0,0.0,0.0,0.0,0.0,0.0,0.0,102.0,282
280550,2014,6.0,0.0,0.0,4.0,4.0,28.0,15.0,12.0,29.0,18.0,117.0,283
280550,2015,7.0,0.0,2.0,3.0,0.0,19.0,16.0,11.0,29.0,20.0,107.0,273
280550,2016,3.0,0.0,0.0,3.0,2.0,24.0,12.0,7.0,23.0,20.0,94.0,270
280550,2017,7.0,0.0,5.0,5.0,7.0,32.0,10.0,7.0,21.0,23.0,119.0,289
280550,2018,11.0,1.0,1.0,6.0,3.0,25.0,11.0,17.0,14.0,33.0,122.0,291
280550,2019,8.0,0.0,6.0,3.0,4.0,38.0,14.0,15.0,23.0,24.0,135.0,318
280560,2012,10.0,0.0,8.0,4.0,1.0,50.0,9.0,6.0,22.0,33.0,154.0,453
280560,2013,0.0,0.0,0.0,0.0,0.0,0.0,0.0,0.0,0.0,0.0,148.0,420
280560,2014,15.0,1.0,2.0,6.0,6.0,44.0,13.0,21.0,20.0,39.0,169.0,412
280560,2015,6.0,0.0,2.0,5.0,2.0,48.0,12.0,23.0,14.0,39.0,152.0,416
280560,2016,13.0,1.0,4.0,5.0,3.0,33.0,6.0,16.0,12.0,27.0,120.0,350
280560,2017,14.0,0.0,6.0,4.0,3.0,53.0,8.0,15.0,23.0,29.0,156.0,387
280560,2018,14.0,1.0,0.0,3.0,4.0,49.0,8.0,17.0,19.0,17.0,136.0,394
280560,2019,10.0,1.0,0.0,6.0,4.0,54.0,10.0,13.0,25.0,15.0,139.0,402
280570,2012,12.0,2.0,4.0,6.0,5.0,37.0,17.0,18.0,36.0,27.0,169.0,439
280570,2013,0.0,0.0,0.0,0.0,0.0,0.0,0.0,0.0,0.0,0.0,207.0,476
280570,2014,17.0,2.0,5.0,3.0,1.0,54.0,51.0,29.0,49.0,39.0,272.0,463
280570,2015,8.0,1.0,2.0,10.0,11.0,69.0,10.0,21.0,28.0,32.0,200.0,438
280570,2016,15.0,1.0,5.0,10.0,2.0,65.0,24.0,41.0,38.0,32.0,239.0,473
280570,2017,23.0,0.0,13.0,3.0,5.0,57.0,27.0,33.0,41.0,42.0,259.0,504
280570,2018,16.0,1.0,4.0,7.0,1.0,80.0,31.0,24.0,43.0,35.0,250.0,481
280570,2019,20.0,0.0,8.0,5.0,3.0,82.0,18.0,26.0,34.0,26.0,233.0,472
280580,2012,5.0,0.0,0.0,1.0,2.0,14.0,0.0,0.0,23.0,10.0,82.0,305
280580,2013,0.0,0.0,0.0,0.0,0.0,0.0,0.0,0.0,0.0,0.0,117.0,325
280580,2014,4.0,0.0,1.0,1.0,1.0,21.0,8.0,12.0,19.0,15.0,82.0,276
280580,2015,5.0,0.0,0.0,3.0,3.0,18.0,13.0,9.0,22.0,13.0,86.0,266
280580,2016,3.0,0.0,2.0,2.0,1.0,21.0,7.0,4.0,19.0,13.0,73.0,250
280580,2017,8.0,0.0,2.0,0.0,0.0,20.0,13.0,5.0,19.0,16.0,85.0,248
280580,2018,8.0,1.0,2.0,4.0,1.0,15.0,8.0,17.0,16.0,27.0,99.0,241
280580,2019,6.0,0.0,6.0,6.0,3.0,24.0,12.0,11.0,16.0,17.0,104.0,276
280590,2012,2.0,0.0,0.0,1.0,0.0,16.0,10.0,3.0,7.0,7.0,46.0,143
280590,2013,0.0,0.0,0.0,0.0,0.0,0.0,0.0,0.0,0.0,0.0,50.0,158
280590,2014,8.0,0.0,0.0,1.0,1.0,13.0,6.0,5.0,9.0,7.0,50.0,187
280590,2015,8.0,0.0,0.0,2.0,2.0,21.0,8.0,3.0,8.0,6.0,58.0,207
280590,2016,1.0,0.0,0.0,3.0,0.0,6.0,7.0,8.0,9.0,6.0,40.0,149
280590,2017,2.0,0.0,4.0,2.0,0.0,18.0,8.0,4.0,13.0,5.0,56.0,165
280590,2018,1.0,0.0,0.0,4.0,1.0,13.0,4.0,5.0,4.0,9.0,41.0,141
280590,2019,1.0,0.0,2.0,2.0,0.0,19.0,8.0,4.0,6.0,5.0,47.0,168
280600,2012,14.0,0.0,2.0,3.0,3.0,28.0,2.0,0.0,18.0,25.0,121.0,236
280600,2013,0.0,0.0,0.0,0.0,0.0,0.0,0.0,0.0,0.0,0.0,111.0,210
280600,2014,1.0,0.0,2.0,3.0,1.0,32.0,19.0,16.0,17.0,24.0,116.0,212
280600,2015,5.0,0.0,2.0,2.0,3.0,38.0,12.0,9.0,17.0,18.0,106.0,212
280600,2016,2.0,0.0,2.0,4.0,2.0,24.0,7.0,16.0,12.0,12.0,81.0,166
280600,2017,7.0,0.0,2.0,1.0,5.0,28.0,4.0,12.0,16.0,14.0,89.0,191
280600,2018,5.0,0.0,4.0,3.0,2.0,20.0,8.0,7.0,22.0,14.0,85.0,192
280600,2019,4.0,0.0,2.0,6.0,2.0,35.0,11.0,10.0,18.0,14.0,102.0,191
280610,2012,5.0,0.0,2.0,2.0,0.0,23.0,10.0,5.0,26.0,8.0,81.0,171
280610,2013,0.0,0.0,0.0,0.0,0.0,0.0,0.0,0.0,0.0,0.0,67.0,180
280610,2014,5.0,1.0,3.0,3.0,1.0,19.0,8.0,2.0,18.0,9.0,69.0,175
280610,2015,6.0,0.0,0.0,3.0,1.0,17.0,8.0,2.0,17.0,3.0,58.0,158
280610,2016,4.0,0.0,4.0,3.0,4.0,24.0,8.0,5.0,11.0,10.0,74.0,195
280610,2017,8.0,0.0,2.0,1.0,2.0,29.0,6.0,5.0,18.0,7.0,79.0,183
280610,2018,1.0,0.0,0.0,2.0,1.0,17.0,13.0,4.0,18.0,10.0,66.0,153
280610,2019,6.0,0.0,5.0,4.0,2.0,24.0,7.0,5.0,11.0,5.0,69.0,157
280620,2012,6.0,1.0,7.0,4.0,3.0,20.0,5.0,2.0,19.0,24.0,102.0,256
280620,2013,0.0,0.0,0.0,0.0,0.0,0.0,0.0,0.0,0.0,0.0,112.0,296
280620,2014,5.0,1.0,1.0,1.0,4.0,23.0,11.0,12.0,21.0,22.0,101.0,264
280620,2015,10.0,0.0,5.0,3.0,2.0,27.0,8.0,8.0,16.0,22.0,102.0,278
280620,2016,7.0,0.0,0.0,2.0,4.0,31.0,5.0,4.0,27.0,18.0,98.0,276
280620,2017,9.0,0.0,2.0,7.0,3.0,25.0,10.0,9.0,24.0,19.0,111.0,288
280620,2018,7.0,1.0,4.0,3.0,2.0,25.0,5.0,11.0,17.0,31.0,106.0,278
280620,2019,6.0,0.0,7.0,3.0,2.0,27.0,12.0,6.0,19.0,12.0,94.0,246
280630,2012,5.0,1.0,3.0,2.0,4.0,8.0,1.0,7.0,3.0,38.0,73.0,243
280630,2013,0.0,0.0,0.0,0.0,0.0,0.0,0.0,0.0,0.0,0.0,77.0,234
280630,2014,3.0,0.0,0.0,4.0,4.0,14.0,0.0,9.0,0.0,32.0,72.0,224
280630,2015,2.0,0.0,1.0,2.0,2.0,17.0,4.0,8.0,2.0,24.0,62.0,205
280630,2016,7.0,0.0,6.0,1.0,3.0,18.0,1.0,7.0,6.0,19.0,68.0,199
280630,2017,7.0,1.0,0.0,4.0,2.0,19.0,4.0,9.0,3.0,32.0,81.0,235
280630,2018,1.0,0.0,2.0,5.0,1.0,25.0,2.0,9.0,10.0,23.0,78.0,226
280630,2019,5.0,0.0,2.0,2.0,1.0,25.0,1.0,9.0,4.0,14.0,64.0,223
280640,2012,5.0,0.0,1.0,1.0,0.0,6.0,0.0,2.0,9.0,10.0,36.0,105
280640,2013,0.0,0.0,0.0,0.0,0.0,0.0,0.0,0.0,0.0,0.0,55.0,125
280640,2014,6.0,0.0,2.0,0.0,1.0,6.0,4.0,6.0,3.0,11.0,46.0,110
280640,2015,4.0,1.0,2.0,0.0,1.0,15.0,0.0,10.0,4.0,15.0,56.0,121
280640,2016,3.0,0.0,0.0,1.0,0.0,13.0,1.0,12.0,4.0,8.0,49.0,106
280640,2017,5.0,0.0,0.0,0.0,0.0,17.0,4.0,12.0,4.0,18.0,70.0,121
280640,2018,3.0,0.0,2.0,1.0,0.0,16.0,4.0,3.0,8.0,6.0,44.0,110
280640,2019,4.0,0.0,0.0,0.0,3.0,14.0,5.0,7.0,1.0,4.0,38.0,99
280650,2012,4.0,1.0,0.0,1.0,2.0,3.0,3.0,2.0,2.0,4.0,22.0,62
280650,2013,0.0,0.0,0.0,0.0,0.0,0.0,0.0,0.0,0.0,0.0,20.0,66
280650,2014,1.0,0.0,0.0,1.0,1.0,11.0,3.0,5.0,3.0,4.0,29.0,88
280650,2015,2.0,0.0,2.0,1.0,0.0,3.0,2.0,0.0,7.0,2.0,19.0,61
280650,2016,1.0,0.0,2.0,0.0,0.0,6.0,1.0,1.0,7.0,1.0,19.0,72
280650,2017,1.0,0.0,0.0,1.0,0.0,11.0,4.0,4.0,5.0,3.0,29.0,72
280650,2018,1.0,0.0,0.0,0.0,0.0,5.0,2.0,1.0,2.0,4.0,15.0,54
280650,2019,3.0,0.0,0.0,0.0,2.0,9.0,1.0,2.0,3.0,0.0,20.0,60
280660,2012,11.0,0.0,2.0,1.0,0.0,20.0,14.0,2.0,27.0,10.0,87.0,213
280660,2013,0.0,0.0,0.0,0.0,0.0,0.0,0.0,0.0,0.0,0.0,78.0,201
280660,2014,6.0,1.0,0.0,2.0,2.0,17.0,5.0,9.0,25.0,10.0,77.0,191
280660,2015,5.0,0.0,2.0,2.0,1.0,21.0,9.0,11.0,15.0,8.0,74.0,182
280660,2016,5.0,1.0,0.0,2.0,0.0,16.0,7.0,3.0,8.0,9.0,52.0,175
280660,2017,4.0,0.0,2.0,1.0,2.0,21.0,2.0,5.0,12.0,6.0,55.0,168
280660,2018,6.0,0.0,2.0,5.0,1.0,26.0,11.0,3.0,12.0,8.0,74.0,165
280660,2019,8.0,0.0,0.0,1.0,2.0,24.0,5.0,5.0,10.0,5.0,60.0,172
280670,2012,48.0,0.0,12.0,11.0,12.0,132.0,56.0,33.0,136.0,70.0,510.0,1343
280670,2013,0.0,0.0,0.0,0.0,0.0,0.0,0.0,0.0,0.0,0.0,549.0,1326
280670,2014,59.0,1.0,16.0,11.0,18.0,165.0,55.0,49.0,136.0,73.0,583.0,1371
280670,2015,51.0,2.0,15.0,15.0,20.0,158.0,60.0,25.0,130.0,77.0,553.0,1514
280670,2016,44.0,1.0,15.0,16.0,13.0,163.0,51.0,28.0,120.0,58.0,511.0,1330
280670,2017,35.0,2.0,12.0,22.0,8.0,186.0,53.0,32.0,105.0,83.0,540.0,1323
280670,2018,46.0,2.0,31.0,14.0,17.0,192.0,54.0,45.0,113.0,79.0,593.0,1380
280670,2019,49.0,1.0,16.0,25.0,19.0,175.0,56.0,34.0,111.0,50.0,537.0,1288
280680,2012,4.0,0.0,2.0,1.0,3.0,16.0,1.0,2.0,7.0,13.0,68.0,159
280680,2013,0.0,0.0,0.0,0.0,0.0,0.0,0.0,0.0,0.0,0.0,52.0,138
280680,2014,3.0,0.0,2.0,0.0,1.0,17.0,7.0,8.0,11.0,15.0,64.0,130
280680,2015,6.0,0.0,8.0,1.0,1.0,21.0,5.0,2.0,11.0,15.0,70.0,160
280680,2016,0.0,0.0,0.0,2.0,0.0,13.0,6.0,0.0,5.0,6.0,32.0,128
280680,2017,6.0,0.0,0.0,0.0,3.0,12.0,7.0,5.0,9.0,15.0,57.0,154
280680,2018,5.0,1.0,2.0,4.0,1.0,25.0,3.0,5.0,7.0,10.0,63.0,154
280680,2019,1.0,0.0,3.0,2.0,0.0,13.0,9.0,7.0,12.0,10.0,57.0,129
280690,2012,0.0,0.0,0.0,0.0,0.0,0.0,1.0,2.0,5.0,1.0,9.0,49
280690,2013,0.0,0.0,0.0,0.0,0.0,0.0,0.0,0.0,0.0,0.0,18.0,44
280690,2014,3.0,0.0,0.0,1.0,0.0,8.0,2.0,5.0,5.0,5.0,30.0,63
280690,2015,3.0,0.0,0.0,5.0,1.0,5.0,1.0,3.0,1.0,5.0,24.0,53
280690,2016,0.0,0.0,0.0,1.0,0.0,6.0,1.0,5.0,2.0,4.0,21.0,44
280690,2017,0.0,0.0,0.0,2.0,0.0,7.0,3.0,6.0,2.0,6.0,26.0,56
280690,2018,1.0,0.0,0.0,1.0,0.0,6.0,1.0,1.0,1.0,5.0,16.0,31
280690,2019,2.0,0.0,0.0,0.0,0.0,6.0,4.0,5.0,3.0,2.0,23.0,45
280700,2012,8.0,0.0,0.0,1.0,1.0,4.0,0.0,0.0,2.0,5.0,25.0,52
280700,2013,0.0,0.0,0.0,0.0,0.0,0.0,0.0,0.0,0.0,0.0,27.0,65
280700,2014,2.0,0.0,0.0,1.0,1.0,7.0,2.0,2.0,2.0,2.0,19.0,54
280700,2015,0.0,0.0,2.0,0.0,1.0,6.0,2.0,2.0,7.0,5.0,25.0,52
280700,2016,1.0,0.0,0.0,0.0,0.0,5.0,4.0,3.0,1.0,2.0,16.0,43
280700,2017,0.0,0.0,0.0,0.0,0.0,6.0,0.0,3.0,4.0,7.0,20.0,51
280700,2018,2.0,0.0,2.0,0.0,0.0,7.0,0.0,1.0,3.0,5.0,20.0,49
280700,2019,0.0,0.0,0.0,0.0,0.0,9.0,1.0,1.0,4.0,4.0,19.0,44
280710,2012,12.0,0.0,4.0,4.0,7.0,35.0,10.0,4.0,64.0,29.0,208.0,590
280710,2013,0.0,0.0,0.0,0.0,0.0,0.0,0.0,0.0,0.0,0.0,218.0,617
280710,2014,11.0,2.0,8.0,5.0,3.0,52.0,31.0,20.0,58.0,44.0,238.0,569
280710,2015,10.0,2.0,13.0,10.0,5.0,38.0,28.0,20.0,63.0,44.0,236.0,625
280710,2016,30.0,0.0,11.0,7.0,9.0,56.0,23.0,23.0,40.0,50.0,255.0,601
280710,2017,20.0,1.0,18.0,3.0,10.0,48.0,24.0,24.0,47.0,59.0,258.0,596
280710,2018,26.0,0.0,2.0,4.0,10.0,76.0,24.0,18.0,28.0,75.0,263.0,652
280710,2019,19.0,0.0,20.0,12.0,16.0,79.0,21.0,30.0,45.0,65.0,308.0,691
280720,2012,4.0,1.0,3.0,0.0,1.0,7.0,2.0,2.0,8.0,8.0,37.0,108
280720,2013,0.0,0.0,0.0,0.0,0.0,0.0,0.0,0.0,0.0,0.0,42.0,129
280720,2014,2.0,0.0,0.0,0.0,2.0,17.0,7.0,7.0,10.0,6.0,52.0,116
280720,2015,7.0,0.0,2.0,0.0,0.0,19.0,10.0,0.0,5.0,6.0,49.0,128
280720,2016,4.0,0.0,0.0,1.0,0.0,9.0,1.0,2.0,2.0,5.0,24.0,89
280720,2017,0.0,0.0,2.0,1.0,2.0,13.0,7.0,3.0,7.0,8.0,44.0,114
280720,2018,2.0,0.0,2.0,2.0,1.0,12.0,4.0,2.0,2.0,4.0,31.0,99
280720,2019,3.0,0.0,5.0,2.0,1.0,14.0,4.0,5.0,6.0,8.0,48.0,132
280730,2012,0.0,0.0,2.0,1.0,0.0,4.0,0.0,4.0,3.0,4.0,18.0,57
280730,2013,0.0,0.0,0.0,0.0,0.0,0.0,0.0,0.0,0.0,0.0,21.0,52
280730,2014,2.0,0.0,2.0,1.0,0.0,8.0,2.0,4.0,4.0,3.0,27.0,51
280730,2015,0.0,0.0,0.0,1.0,3.0,3.0,1.0,5.0,2.0,2.0,17.0,46
280730,2016,1.0,0.0,0.0,0.0,0.0,3.0,2.0,1.0,5.0,2.0,14.0,35
280730,2017,0.0,0.0,4.0,0.0,0.0,6.0,0.0,1.0,4.0,5.0,22.0,54
280730,2018,2.0,0.0,0.0,0.0,0.0,9.0,2.0,0.0,5.0,4.0,22.0,56
280730,2019,2.0,0.0,4.0,0.0,1.0,13.0,4.0,1.0,5.0,1.0,31.0,56
280740,2012,13.0,1.0,11.0,5.0,14.0,43.0,1.0,9.0,70.0,32.0,221.0,721
280740,2013,0.0,0.0,0.0,0.0,0.0,0.0,0.0,0.0,0.0,0.0,248.0,697
280740,2014,13.0,1.0,15.0,3.0,11.0,53.0,39.0,35.0,59.0,44.0,274.0,732
280740,2015,14.0,0.0,8.0,5.0,6.0,53.0,26.0,14.0,65.0,42.0,233.0,659
280740,2016,11.0,2.0,8.0,7.0,9.0,43.0,30.0,17.0,55.0,38.0,221.0,623
280740,2017,28.0,2.0,10.0,5.0,7.0,63.0,19.0,25.0,71.0,45.0,280.0,698
280740,2018,19.0,0.0,10.0,8.0,12.0,61.0,31.0,36.0,49.0,60.0,286.0,677
280740,2019,15.0,0.0,8.0,7.0,8.0,84.0,28.0,30.0,43.0,62.0,287.0,721
280750,2012,2.0,0.0,2.0,4.0,0.0,20.0,1.0,7.0,4.0,29.0,69.0,205
280750,2013,0.0,0.0,0.0,0.0,0.0,0.0,0.0,0.0,0.0,0.0,65.0,194
280750,2014,2.0,0.0,0.0,6.0,2.0,14.0,2.0,16.0,4.0,17.0,65.0,181
280750,2015,5.0,0.0,2.0,3.0,1.0,14.0,3.0,6.0,11.0,21.0,66.0,192
280750,2016,6.0,0.0,8.0,3.0,1.0,27.0,4.0,7.0,11.0,15.0,83.0,175
280750,2017,5.0,0.0,4.0,0.0,2.0,22.0,8.0,10.0,9.0,15.0,76.0,192
280750,2018,2.0,0.0,2.0,1.0,3.0,16.0,7.0,6.0,6.0,14.0,57.0,177
280750,2019,5.0,0.0,0.0,4.0,1.0,22.0,3.0,2.0,10.0,9.0,56.0,189
280760,2012,11.0,0.0,6.0,3.0,4.0,30.0,2.0,20.0,9.0,44.0,133.0,405
280760,2013,0.0,0.0,0.0,0.0,0.0,0.0,0.0,0.0,0.0,0.0,130.0,418
280760,2014,4.0,0.0,4.0,3.0,3.0,47.0,5.0,28.0,6.0,44.0,147.0,409
280760,2015,15.0,0.0,4.0,6.0,1.0,29.0,7.0,11.0,13.0,53.0,140.0,364
280760,2016,10.0,1.0,5.0,6.0,5.0,39.0,7.0,15.0,15.0,45.0,150.0,409
280760,2017,14.0,0.0,6.0,3.0,2.0,47.0,8.0,18.0,12.0,41.0,151.0,410
280760,2018,9.0,0.0,3.0,2.0,0.0,46.0,11.0,19.0,28.0,40.0,159.0,414
280760,2019,12.0,0.0,0.0,7.0,3.0,44.0,14.0,15.0,20.0,26.0,141.0,345
290000,2012,0.0,0.0,0.0,1.0,0.0,1.0,0.0,0.0,2.0,0.0,5.0,9
290000,2013,0.0,0.0,0.0,0.0,0.0,0.0,0.0,0.0,0.0,0.0,12.0,21
290000,2014,1.0,0.0,0.0,0.0,2.0,2.0,0.0,2.0,0.0,5.0,17.0,29
290000,2015,1.0,0.0,0.0,1.0,0.0,3.0,0.0,0.0,0.0,0.0,5.0,12
290000,2016,0.0,0.0,0.0,0.0,0.0,2.0,0.0,0.0,2.0,0.0,4.0,14
290000,2017,0.0,0.0,0.0,1.0,0.0,2.0,0.0,0.0,1.0,1.0,5.0,10
290000,2018,0.0,0.0,0.0,0.0,0.0,0.0,0.0,0.0,0.0,2.0,2.0,3
290010,2012,4.0,0.0,2.0,0.0,1.0,7.0,2.0,0.0,6.0,9.0,34.0,53
290010,2013,0.0,0.0,0.0,0.0,0.0,0.0,0.0,0.0,0.0,0.0,33.0,54
290010,2014,1.0,0.0,0.0,0.0,2.0,6.0,5.0,0.0,7.0,3.0,24.0,49
290010,2015,4.0,1.0,4.0,2.0,2.0,11.0,3.0,6.0,7.0,6.0,46.0,64
290010,2016,3.0,0.0,0.0,1.0,3.0,5.0,0.0,2.0,4.0,11.0,29.0,49
290010,2017,2.0,0.0,0.0,0.0,2.0,8.0,4.0,2.0,6.0,5.0,29.0,44
290010,2018,2.0,0.0,0.0,2.0,0.0,6.0,4.0,0.0,5.0,8.0,40.0,50
290010,2019,3.0,0.0,2.0,0.0,2.0,8.0,2.0,4.0,4.0,6.0,37.0,49
290020,2012,14.0,0.0,3.0,5.0,1.0,21.0,4.0,16.0,12.0,22.0,103.0,318
290020,2013,0.0,0.0,0.0,0.0,0.0,0.0,0.0,0.0,0.0,0.0,102.0,290
290020,2014,10.0,1.0,7.0,8.0,1.0,15.0,6.0,16.0,16.0,27.0,109.0,318
290020,2015,12.0,1.0,2.0,5.0,4.0,25.0,14.0,13.0,15.0,17.0,112.0,282
290020,2016,6.0,0.0,4.0,4.0,0.0,25.0,8.0,10.0,14.0,18.0,91.0,258
290020,2017,5.0,0.0,3.0,3.0,4.0,25.0,9.0,13.0,17.0,23.0,106.0,264
290020,2018,10.0,0.0,6.0,5.0,0.0,32.0,10.0,14.0,22.0,14.0,118.0,296
290020,2019,8.0,2.0,2.0,7.0,2.0,25.0,13.0,13.0,9.0,23.0,106.0,284
290030,2012,10.0,0.0,2.0,0.0,0.0,8.0,4.0,1.0,5.0,6.0,39.0,217
290030,2013,0.0,0.0,0.0,0.0,0.0,0.0,0.0,0.0,0.0,0.0,36.0,201
290030,2014,0.0,0.0,2.0,2.0,1.0,6.0,4.0,4.0,7.0,1.0,28.0,178
290030,2015,5.0,0.0,4.0,1.0,4.0,8.0,1.0,3.0,2.0,7.0,36.0,182
290030,2016,1.0,0.0,0.0,2.0,2.0,5.0,1.0,2.0,4.0,5.0,24.0,172
290030,2017,1.0,0.0,0.0,0.0,4.0,9.0,4.0,4.0,6.0,3.0,32.0,188
290030,2018,1.0,1.0,2.0,1.0,2.0,10.0,3.0,3.0,6.0,6.0,35.0,186
290030,2019,9.0,1.0,2.0,0.0,0.0,10.0,2.0,2.0,4.0,8.0,41.0,176
290035,2012,7.0,0.0,4.0,4.0,3.0,10.0,6.0,3.0,8.0,11.0,57.0,173
290035,2013,0.0,0.0,0.0,0.0,0.0,0.0,0.0,0.0,0.0,0.0,47.0,168
290035,2014,3.0,0.0,0.0,2.0,0.0,12.0,3.0,6.0,13.0,9.0,50.0,174
290035,2015,1.0,1.0,0.0,0.0,2.0,6.0,3.0,5.0,10.0,9.0,39.0,149
290035,2016,1.0,0.0,2.0,0.0,3.0,8.0,6.0,9.0,9.0,6.0,47.0,140
290035,2017,8.0,0.0,2.0,2.0,4.0,16.0,3.0,8.0,6.0,13.0,65.0,175
290035,2018,2.0,0.0,3.0,0.0,0.0,12.0,2.0,5.0,4.0,22.0,50.0,163
290035,2019,6.0,0.0,2.0,2.0,2.0,11.0,4.0,6.0,5.0,14.0,54.0,161
290040,2012,33.0,0.0,3.0,0.0,0.0,6.0,0.0,0.0,4.0,9.0,68.0,150
290040,2013,0.0,0.0,0.0,0.0,0.0,0.0,0.0,0.0,0.0,0.0,59.0,184
290040,2014,4.0,0.0,0.0,2.0,1.0,5.0,3.0,3.0,11.0,15.0,56.0,179
290040,2015,3.0,0.0,3.0,2.0,1.0,14.0,5.0,6.0,8.0,12.0,64.0,190
290040,2016,2.0,1.0,2.0,1.0,1.0,6.0,5.0,6.0,8.0,11.0,44.0,174
290040,2017,4.0,0.0,4.0,0.0,0.0,10.0,4.0,1.0,4.0,12.0,41.0,170
290040,2018,0.0,0.0,2.0,1.0,0.0,13.0,6.0,7.0,12.0,6.0,50.0,155
290040,2019,2.0,0.0,6.0,3.0,1.0,7.0,7.0,2.0,6.0,7.0,42.0,137
290050,2012,5.0,0.0,2.0,0.0,0.0,17.0,0.0,0.0,14.0,2.0,84.0,138
290050,2013,0.0,0.0,0.0,0.0,0.0,0.0,0.0,0.0,0.0,0.0,59.0,94
290050,2014,3.0,0.0,2.0,2.0,0.0,16.0,4.0,6.0,13.0,19.0,71.0,110
290050,2015,1.0,0.0,0.0,1.0,0.0,17.0,2.0,8.0,5.0,6.0,43.0,95
290050,2016,7.0,1.0,2.0,0.0,0.0,14.0,4.0,9.0,11.0,5.0,54.0,118
290050,2017,3.0,0.0,0.0,1.0,1.0,12.0,6.0,1.0,7.0,10.0,42.0,108
290050,2018,3.0,0.0,1.0,0.0,0.0,21.0,2.0,1.0,9.0,1.0,42.0,113
290050,2019,3.0,0.0,0.0,1.0,0.0,19.0,7.0,0.0,7.0,6.0,51.0,98
290060,2012,6.0,0.0,0.0,2.0,1.0,3.0,1.0,3.0,2.0,8.0,30.0,59
290060,2013,0.0,0.0,0.0,0.0,0.0,0.0,0.0,0.0,0.0,0.0,32.0,50
290060,2014,1.0,0.0,0.0,0.0,0.0,6.0,1.0,4.0,5.0,5.0,22.0,48
290060,2015,1.0,0.0,4.0,0.0,1.0,7.0,3.0,2.0,3.0,2.0,26.0,50
290060,2016,2.0,0.0,2.0,1.0,2.0,11.0,1.0,2.0,2.0,4.0,27.0,59
290060,2017,6.0,0.0,2.0,1.0,0.0,12.0,1.0,2.0,2.0,6.0,33.0,68
290060,2018,2.0,0.0,0.0,0.0,0.0,6.0,2.0,3.0,0.0,4.0,18.0,48
290060,2019,3.0,0.0,2.0,0.0,0.0,8.0,0.0,4.0,3.0,6.0,26.0,59
290070,2012,192.0,3.0,27.0,13.0,26.0,191.0,64.0,20.0,241.0,103.0,914.0,2217
290070,2013,0.0,0.0,0.0,0.0,0.0,0.0,0.0,0.0,0.0,0.0,910.0,2243
290070,2014,74.0,3.0,27.0,30.0,27.0,185.0,67.0,65.0,160.0,143.0,920.0,2357
290070,2015,71.0,4.0,24.0,29.0,17.0,191.0,41.0,49.0,151.0,127.0,887.0,2440
290070,2016,77.0,1.0,41.0,29.0,25.0,207.0,66.0,68.0,145.0,148.0,881.0,2428
290070,2017,63.0,3.0,26.0,26.0,26.0,228.0,48.0,85.0,169.0,164.0,859.0,2391
290070,2018,69.0,3.0,28.0,18.0,15.0,250.0,64.0,61.0,139.0,173.0,840.0,2369
290070,2019,72.0,3.0,34.0,29.0,20.0,230.0,105.0,82.0,158.0,113.0,877.0,2138
290080,2012,13.0,0.0,2.0,3.0,1.0,18.0,7.0,4.0,16.0,14.0,90.0,290
290080,2013,0.0,0.0,0.0,0.0,0.0,0.0,0.0,0.0,0.0,0.0,70.0,295
290080,2014,8.0,3.0,2.0,0.0,2.0,20.0,13.0,5.0,15.0,10.0,90.0,305
290080,2015,9.0,0.0,0.0,1.0,2.0,29.0,10.0,1.0,28.0,8.0,91.0,283
290080,2016,6.0,0.0,2.0,6.0,0.0,28.0,14.0,4.0,17.0,6.0,85.0,299
290080,2017,10.0,0.0,3.0,0.0,1.0,30.0,5.0,8.0,13.0,10.0,86.0,293
290080,2018,6.0,0.0,2.0,1.0,4.0,35.0,18.0,4.0,20.0,9.0,102.0,318
290080,2019,6.0,0.0,4.0,3.0,1.0,38.0,12.0,7.0,16.0,5.0,92.0,294
290090,2012,5.0,0.0,0.0,2.0,0.0,4.0,4.0,1.0,4.0,5.0,25.0,68
290090,2013,0.0,0.0,0.0,0.0,0.0,0.0,0.0,0.0,0.0,0.0,25.0,77
290090,2014,0.0,0.0,2.0,0.0,0.0,10.0,8.0,2.0,8.0,2.0,32.0,68
290090,2015,1.0,0.0,0.0,0.0,1.0,6.0,9.0,0.0,7.0,1.0,25.0,74
290090,2016,3.0,0.0,0.0,1.0,0.0,11.0,6.0,2.0,2.0,5.0,30.0,73
290090,2017,5.0,0.0,0.0,0.0,1.0,8.0,3.0,1.0,6.0,2.0,26.0,76
290090,2018,1.0,0.0,0.0,0.0,1.0,7.0,2.0,0.0,2.0,4.0,17.0,51
290090,2019,3.0,0.0,0.0,1.0,0.0,3.0,1.0,3.0,6.0,4.0,21.0,55
290100,2012,32.0,0.0,8.0,5.0,4.0,47.0,15.0,11.0,31.0,51.0,232.0,519
290100,2013,0.0,0.0,0.0,0.0,0.0,0.0,0.0,0.0,0.0,0.0,212.0,457
290100,2014,7.0,0.0,6.0,2.0,5.0,58.0,11.0,21.0,24.0,48.0,191.0,454
290100,2015,15.0,0.0,0.0,2.0,5.0,43.0,12.0,19.0,23.0,39.0,168.0,426
290100,2016,10.0,1.0,10.0,3.0,2.0,48.0,9.0,23.0,25.0,49.0,184.0,462
290100,2017,13.0,0.0,3.0,13.0,11.0,42.0,10.0,25.0,16.0,44.0,180.0,462
290100,2018,17.0,1.0,6.0,3.0,4.0,73.0,21.0,31.0,34.0,52.0,247.0,477
290100,2019,17.0,0.0,4.0,5.0,3.0,59.0,11.0,34.0,24.0,57.0,217.0,445
290110,2012,81.0,0.0,7.0,1.0,4.0,8.0,1.0,1.0,5.0,10.0,132.0,278
290110,2013,0.0,0.0,0.0,0.0,0.0,0.0,0.0,0.0,0.0,0.0,122.0,287
290110,2014,9.0,0.0,4.0,2.0,1.0,15.0,8.0,6.0,15.0,22.0,114.0,285
290110,2015,3.0,0.0,0.0,4.0,3.0,24.0,7.0,3.0,22.0,21.0,103.0,270
290110,2016,8.0,0.0,0.0,3.0,5.0,33.0,3.0,4.0,16.0,17.0,91.0,228
290110,2017,13.0,0.0,6.0,2.0,3.0,27.0,2.0,3.0,18.0,19.0,96.0,222
290110,2018,6.0,0.0,2.0,1.0,0.0,38.0,6.0,6.0,13.0,14.0,88.0,186
290110,2019,10.0,0.0,6.0,0.0,3.0,17.0,8.0,9.0,24.0,15.0,94.0,197
290115,2012,2.0,0.0,3.0,2.0,3.0,13.0,3.0,4.0,7.0,10.0,48.0,215
290115,2013,0.0,0.0,0.0,0.0,0.0,0.0,0.0,0.0,0.0,0.0,39.0,202
290115,2014,4.0,0.0,6.0,1.0,3.0,20.0,4.0,4.0,3.0,11.0,57.0,262
290115,2015,2.0,1.0,3.0,6.0,2.0,14.0,4.0,5.0,5.0,8.0,50.0,217
290115,2016,7.0,0.0,0.0,0.0,1.0,16.0,3.0,5.0,1.0,9.0,43.0,252
290115,2017,8.0,0.0,4.0,3.0,0.0,18.0,6.0,11.0,8.0,3.0,62.0,233
290115,2018,5.0,0.0,4.0,5.0,1.0,17.0,3.0,3.0,9.0,9.0,56.0,219
290115,2019,7.0,0.0,6.0,2.0,0.0,21.0,1.0,8.0,16.0,6.0,67.0,203
290120,2012,3.0,0.0,4.0,6.0,4.0,29.0,8.0,8.0,14.0,5.0,88.0,239
290120,2013,0.0,0.0,0.0,0.0,0.0,0.0,0.0,0.0,0.0,0.0,63.0,233
290120,2014,12.0,1.0,12.0,3.0,4.0,20.0,8.0,21.0,15.0,17.0,114.0,280
290120,2015,7.0,0.0,4.0,2.0,3.0,16.0,17.0,8.0,11.0,9.0,83.0,250
290120,2016,11.0,0.0,3.0,3.0,1.0,25.0,11.0,13.0,13.0,11.0,96.0,228
290120,2017,7.0,0.0,8.0,1.0,0.0,20.0,7.0,13.0,12.0,15.0,83.0,213
290120,2018,7.0,1.0,4.0,3.0,1.0,23.0,11.0,15.0,12.0,17.0,96.0,214
290120,2019,7.0,0.0,4.0,6.0,4.0,25.0,10.0,9.0,9.0,13.0,93.0,226
290130,2012,12.0,0.0,6.0,2.0,0.0,3.0,5.0,13.0,6.0,7.0,63.0,196
290130,2013,0.0,0.0,0.0,0.0,0.0,0.0,0.0,0.0,0.0,0.0,66.0,174
290130,2014,3.0,0.0,6.0,2.0,2.0,11.0,1.0,8.0,4.0,7.0,52.0,162
290130,2015,4.0,0.0,6.0,7.0,3.0,13.0,4.0,6.0,8.0,8.0,64.0,184
290130,2016,2.0,0.0,2.0,1.0,1.0,12.0,1.0,7.0,4.0,9.0,39.0,145
290130,2017,3.0,1.0,2.0,5.0,1.0,12.0,7.0,3.0,10.0,10.0,54.0,176
290130,2018,7.0,1.0,7.0,5.0,2.0,12.0,7.0,1.0,5.0,6.0,53.0,193
290130,2019,8.0,0.0,0.0,7.0,7.0,12.0,7.0,1.0,16.0,6.0,65.0,201
290135,2012,14.0,0.0,2.0,1.0,2.0,14.0,0.0,0.0,19.0,10.0,77.0,197
290135,2013,0.0,0.0,0.0,0.0,0.0,0.0,0.0,0.0,0.0,0.0,60.0,158
290135,2014,2.0,1.0,0.0,1.0,3.0,14.0,2.0,6.0,15.0,14.0,67.0,168
290135,2015,6.0,1.0,1.0,0.0,3.0,10.0,7.0,13.0,8.0,12.0,75.0,160
290135,2016,4.0,0.0,0.0,1.0,2.0,12.0,3.0,11.0,6.0,20.0,69.0,177
290135,2017,11.0,0.0,2.0,3.0,1.0,17.0,2.0,17.0,9.0,20.0,83.0,192
290135,2018,11.0,0.0,4.0,2.0,5.0,30.0,3.0,13.0,5.0,28.0,103.0,228
290135,2019,9.0,0.0,2.0,3.0,2.0,14.0,5.0,24.0,5.0,21.0,85.0,177
290140,2012,5.0,0.0,0.0,1.0,3.0,16.0,10.0,4.0,22.0,11.0,72.0,192
290140,2013,0.0,0.0,0.0,0.0,0.0,0.0,0.0,0.0,0.0,0.0,95.0,233
290140,2014,4.0,1.0,2.0,4.0,2.0,23.0,9.0,7.0,11.0,9.0,78.0,189
290140,2015,10.0,3.0,3.0,3.0,0.0,19.0,11.0,7.0,19.0,10.0,85.0,189
290140,2016,8.0,2.0,4.0,3.0,1.0,19.0,15.0,6.0,23.0,9.0,92.0,193
290140,2017,5.0,0.0,2.0,3.0,2.0,26.0,9.0,7.0,9.0,13.0,77.0,172
290140,2018,6.0,0.0,2.0,7.0,5.0,25.0,4.0,8.0,9.0,15.0,82.0,184
290140,2019,9.0,1.0,4.0,1.0,3.0,24.0,10.0,4.0,17.0,15.0,89.0,190
290150,2012,33.0,0.0,0.0,0.0,2.0,3.0,0.0,1.0,6.0,3.0,52.0,101
290150,2013,0.0,0.0,0.0,0.0,0.0,0.0,0.0,0.0,0.0,0.0,43.0,89
290150,2014,1.0,0.0,0.0,0.0,0.0,5.0,2.0,5.0,8.0,10.0,42.0,92
290150,2015,2.0,0.0,0.0,0.0,0.0,8.0,0.0,3.0,4.0,11.0,32.0,95
290150,2016,1.0,0.0,0.0,0.0,0.0,14.0,3.0,1.0,3.0,9.0,34.0,80
290150,2017,3.0,0.0,0.0,1.0,0.0,13.0,1.0,3.0,7.0,4.0,32.0,82
290150,2018,0.0,0.0,6.0,1.0,1.0,13.0,1.0,2.0,5.0,5.0,34.0,79
290150,2019,1.0,0.0,0.0,1.0,0.0,5.0,0.0,3.0,3.0,3.0,16.0,44
290160,2012,10.0,1.0,1.0,2.0,1.0,8.0,0.0,3.0,3.0,22.0,56.0,153
290160,2013,0.0,0.0,0.0,0.0,0.0,0.0,0.0,0.0,0.0,0.0,61.0,137
290160,2014,2.0,1.0,0.0,1.0,2.0,11.0,2.0,7.0,7.0,15.0,58.0,160
290160,2015,3.0,0.0,2.0,1.0,1.0,6.0,3.0,5.0,7.0,12.0,48.0,126
290160,2016,6.0,0.0,2.0,0.0,2.0,9.0,2.0,11.0,2.0,8.0,57.0,142
290160,2017,1.0,0.0,0.0,2.0,1.0,7.0,3.0,1.0,4.0,12.0,41.0,140
290160,2018,4.0,0.0,0.0,0.0,1.0,14.0,2.0,7.0,9.0,13.0,59.0,146
290160,2019,4.0,0.0,1.0,1.0,2.0,16.0,6.0,4.0,4.0,17.0,60.0,133
290170,2012,46.0,1.0,2.0,1.0,0.0,2.0,0.0,0.0,3.0,1.0,62.0,175
290170,2013,0.0,0.0,0.0,0.0,0.0,0.0,0.0,0.0,0.0,0.0,58.0,162
290170,2014,7.0,0.0,6.0,1.0,1.0,9.0,6.0,3.0,6.0,8.0,74.0,188
290170,2015,1.0,0.0,0.0,0.0,2.0,4.0,4.0,5.0,10.0,14.0,47.0,140
290170,2016,1.0,0.0,0.0,2.0,4.0,17.0,6.0,0.0,5.0,14.0,51.0,136
290170,2017,5.0,0.0,2.0,2.0,2.0,15.0,4.0,5.0,8.0,12.0,56.0,137
290170,2018,1.0,0.0,2.0,0.0,0.0,12.0,3.0,5.0,8.0,12.0,44.0,122
290170,2019,3.0,0.0,4.0,1.0,0.0,8.0,3.0,1.0,7.0,7.0,34.0,99
290180,2012,6.0,0.0,0.0,0.0,0.0,4.0,0.0,0.0,5.0,2.0,34.0,119
290180,2013,0.0,0.0,0.0,0.0,0.0,0.0,0.0,0.0,0.0,0.0,52.0,151
290180,2014,3.0,0.0,2.0,0.0,1.0,4.0,1.0,2.0,2.0,2.0,34.0,110
290180,2015,1.0,0.0,0.0,1.0,1.0,1.0,0.0,1.0,1.0,1.0,37.0,97
290180,2016,3.0,0.0,1.0,1.0,0.0,5.0,1.0,4.0,2.0,3.0,36.0,116
290180,2017,8.0,0.0,0.0,0.0,0.0,16.0,0.0,15.0,2.0,18.0,59.0,165
290180,2018,2.0,0.0,0.0,1.0,1.0,14.0,0.0,16.0,4.0,24.0,62.0,166
290180,2019,6.0,0.0,2.0,0.0,1.0,16.0,1.0,17.0,1.0,18.0,62.0,165
290190,2012,11.0,0.0,2.0,0.0,2.0,10.0,5.0,2.0,8.0,4.0,45.0,213
290190,2013,0.0,0.0,0.0,0.0,0.0,0.0,0.0,0.0,0.0,0.0,38.0,204
290190,2014,7.0,0.0,0.0,3.0,2.0,12.0,4.0,4.0,2.0,6.0,46.0,193
290190,2015,2.0,1.0,3.0,0.0,4.0,10.0,0.0,4.0,4.0,4.0,37.0,230
290190,2016,0.0,1.0,1.0,0.0,2.0,13.0,1.0,4.0,5.0,5.0,33.0,210
290190,2017,1.0,0.0,0.0,1.0,0.0,13.0,6.0,4.0,4.0,4.0,34.0,190
290190,2018,0.0,0.0,0.0,2.0,1.0,10.0,7.0,1.0,2.0,10.0,35.0,163
290190,2019,5.0,1.0,2.0,2.0,1.0,15.0,6.0,3.0,11.0,5.0,54.0,177
290195,2012,8.0,0.0,0.0,1.0,0.0,13.0,2.0,5.0,2.0,10.0,46.0,99
290195,2013,0.0,0.0,0.0,0.0,0.0,0.0,0.0,0.0,0.0,0.0,31.0,68
290195,2014,4.0,0.0,0.0,0.0,0.0,11.0,1.0,3.0,4.0,4.0,33.0,63
290195,2015,2.0,0.0,2.0,0.0,1.0,11.0,2.0,11.0,5.0,4.0,42.0,92
290195,2016,5.0,0.0,2.0,0.0,0.0,13.0,1.0,0.0,4.0,6.0,37.0,81
290195,2017,2.0,0.0,0.0,1.0,1.0,10.0,2.0,5.0,3.0,8.0,35.0,84
290195,2018,1.0,0.0,0.0,0.0,0.0,13.0,2.0,4.0,3.0,8.0,32.0,93
290195,2019,3.0,0.0,0.0,1.0,3.0,13.0,1.0,4.0,6.0,14.0,45.0,104
290200,2012,7.0,0.0,0.0,4.0,1.0,20.0,1.0,5.0,6.0,14.0,75.0,163
290200,2013,0.0,0.0,0.0,0.0,0.0,0.0,0.0,0.0,0.0,0.0,87.0,163
290200,2014,9.0,0.0,0.0,2.0,1.0,23.0,11.0,7.0,14.0,21.0,93.0,154
290200,2015,4.0,0.0,4.0,1.0,0.0,20.0,9.0,16.0,10.0,8.0,73.0,158
290200,2016,5.0,0.0,2.0,6.0,2.0,21.0,9.0,11.0,11.0,16.0,87.0,159
290200,2017,5.0,0.0,0.0,3.0,0.0,18.0,8.0,7.0,13.0,24.0,79.0,162
290200,2018,9.0,0.0,4.0,0.0,1.0,22.0,14.0,5.0,19.0,13.0,94.0,172
290200,2019,5.0,0.0,0.0,3.0,1.0,31.0,8.0,5.0,10.0,8.0,79.0,163
290205,2012,9.0,0.0,1.0,1.0,1.0,10.0,7.0,3.0,12.0,5.0,53.0,172
290205,2013,0.0,0.0,0.0,0.0,0.0,0.0,0.0,0.0,0.0,0.0,51.0,163
290205,2014,5.0,0.0,4.0,0.0,1.0,12.0,2.0,8.0,12.0,6.0,58.0,192
290205,2015,4.0,1.0,2.0,6.0,3.0,9.0,3.0,3.0,7.0,7.0,48.0,176
290205,2016,5.0,1.0,2.0,2.0,2.0,9.0,8.0,5.0,11.0,14.0,63.0,185
290205,2017,3.0,0.0,0.0,2.0,0.0,13.0,4.0,1.0,12.0,5.0,40.0,152
290205,2018,3.0,0.0,2.0,1.0,1.0,15.0,1.0,7.0,4.0,10.0,44.0,154
290205,2019,6.0,0.0,2.0,1.0,2.0,12.0,6.0,6.0,8.0,5.0,50.0,164
290210,2012,80.0,0.0,15.0,7.0,6.0,35.0,4.0,7.0,13.0,21.0,213.0,752
290210,2013,0.0,0.0,0.0,0.0,0.0,0.0,0.0,0.0,0.0,0.0,212.0,794
290210,2014,10.0,1.0,6.0,8.0,9.0,28.0,23.0,15.0,34.0,27.0,190.0,659
290210,2015,21.0,1.0,7.0,8.0,7.0,24.0,16.0,21.0,25.0,30.0,173.0,665
290210,2016,7.0,1.0,2.0,11.0,3.0,40.0,30.0,17.0,27.0,33.0,176.0,708
290210,2017,8.0,0.0,4.0,7.0,6.0,41.0,31.0,21.0,39.0,39.0,206.0,750
290210,2018,13.0,3.0,2.0,12.0,8.0,59.0,19.0,20.0,30.0,30.0,207.0,732
290210,2019,17.0,0.0,10.0,14.0,4.0,57.0,31.0,20.0,45.0,26.0,227.0,629
290220,2012,6.0,1.0,0.0,0.0,5.0,9.0,2.0,3.0,13.0,3.0,43.0,113
290220,2013,0.0,0.0,0.0,0.0,0.0,0.0,0.0,0.0,0.0,0.0,32.0,110
290220,2014,3.0,0.0,8.0,0.0,1.0,5.0,2.0,3.0,5.0,4.0,37.0,109
290220,2015,4.0,0.0,4.0,2.0,2.0,16.0,4.0,1.0,2.0,6.0,44.0,132
290220,2016,1.0,0.0,3.0,5.0,2.0,13.0,2.0,2.0,7.0,6.0,44.0,142
290220,2017,3.0,0.0,0.0,2.0,2.0,9.0,3.0,1.0,7.0,7.0,37.0,119
290220,2018,2.0,0.0,0.0,2.0,1.0,7.0,0.0,6.0,0.0,7.0,25.0,114
290220,2019,3.0,0.0,6.0,2.0,2.0,14.0,0.0,2.0,6.0,10.0,45.0,110
290225,2012,5.0,0.0,2.0,0.0,2.0,5.0,7.0,1.0,4.0,7.0,33.0,146
290225,2013,0.0,0.0,0.0,0.0,0.0,0.0,0.0,0.0,0.0,0.0,31.0,138
290225,2014,3.0,0.0,0.0,0.0,0.0,11.0,1.0,0.0,6.0,0.0,21.0,130
290225,2015,5.0,0.0,0.0,1.0,2.0,8.0,3.0,3.0,4.0,4.0,30.0,124
290225,2016,2.0,0.0,2.0,0.0,1.0,6.0,4.0,2.0,4.0,4.0,25.0,131
290225,2017,2.0,0.0,2.0,1.0,2.0,7.0,1.0,3.0,9.0,2.0,29.0,118
290225,2018,1.0,0.0,0.0,1.0,0.0,6.0,3.0,2.0,4.0,6.0,23.0,118
290225,2019,2.0,0.0,4.0,1.0,0.0,9.0,3.0,1.0,8.0,2.0,30.0,108
290230,2012,8.0,1.0,0.0,2.0,2.0,7.0,6.0,0.0,6.0,7.0,49.0,119
290230,2013,0.0,0.0,0.0,0.0,0.0,0.0,0.0,0.0,0.0,0.0,55.0,132
290230,2014,1.0,3.0,2.0,1.0,3.0,10.0,4.0,9.0,5.0,21.0,63.0,129
290230,2015,1.0,1.0,4.0,5.0,0.0,11.0,6.0,5.0,7.0,7.0,51.0,121
290230,2016,1.0,4.0,6.0,1.0,1.0,16.0,3.0,5.0,7.0,5.0,51.0,127
290230,2017,2.0,0.0,0.0,1.0,1.0,12.0,1.0,7.0,5.0,15.0,44.0,135
290230,2018,4.0,0.0,2.0,1.0,0.0,19.0,2.0,7.0,3.0,14.0,53.0,135
290230,2019,3.0,0.0,2.0,0.0,1.0,10.0,4.0,9.0,3.0,12.0,44.0,124
290240,2012,13.0,1.0,3.0,1.0,4.0,19.0,4.0,9.0,16.0,9.0,87.0,244
290240,2013,0.0,0.0,0.0,0.0,0.0,0.0,0.0,0.0,0.0,0.0,96.0,204
290240,2014,7.0,0.0,2.0,2.0,0.0,20.0,8.0,36.0,6.0,10.0,93.0,226
290240,2015,3.0,0.0,2.0,0.0,1.0,21.0,17.0,8.0,7.0,16.0,75.0,194
290240,2016,3.0,0.0,4.0,3.0,0.0,25.0,6.0,11.0,7.0,8.0,68.0,208
290240,2017,3.0,0.0,2.0,0.0,1.0,16.0,0.0,3.0,5.0,9.0,47.0,207
290240,2018,5.0,0.0,1.0,2.0,0.0,15.0,7.0,7.0,11.0,9.0,57.0,182
290240,2019,4.0,0.0,3.0,0.0,1.0,18.0,5.0,9.0,7.0,13.0,60.0,178
290250,2012,5.0,0.0,4.0,2.0,3.0,27.0,14.0,3.0,23.0,16.0,98.0,221
290250,2013,0.0,0.0,0.0,0.0,0.0,0.0,0.0,0.0,0.0,0.0,82.0,178
290250,2014,4.0,1.0,4.0,3.0,3.0,30.0,17.0,9.0,17.0,17.0,108.0,214
290250,2015,2.0,0.0,4.0,4.0,2.0,34.0,13.0,5.0,25.0,10.0,103.0,188
290250,2016,10.0,0.0,5.0,0.0,1.0,22.0,7.0,12.0,18.0,8.0,85.0,172
290250,2017,8.0,0.0,4.0,2.0,2.0,30.0,5.0,10.0,16.0,19.0,98.0,166
290250,2018,3.0,0.0,0.0,3.0,2.0,14.0,7.0,4.0,7.0,11.0,54.0,134
290250,2019,7.0,1.0,1.0,3.0,5.0,31.0,9.0,3.0,9.0,11.0,92.0,168
290260,2012,13.0,3.0,0.0,2.0,1.0,11.0,6.0,2.0,10.0,8.0,70.0,230
290260,2013,0.0,0.0,0.0,0.0,0.0,0.0,0.0,0.0,0.0,0.0,76.0,239
290260,2014,7.0,0.0,2.0,1.0,1.0,11.0,14.0,10.0,10.0,9.0,73.0,225
290260,2015,3.0,0.0,0.0,1.0,5.0,13.0,2.0,5.0,6.0,9.0,57.0,207
290260,2016,3.0,2.0,2.0,1.0,2.0,18.0,6.0,18.0,5.0,13.0,74.0,221
290260,2017,4.0,0.0,10.0,1.0,0.0,22.0,7.0,13.0,6.0,18.0,87.0,223
290260,2018,7.0,0.0,2.0,0.0,1.0,20.0,6.0,10.0,9.0,17.0,79.0,223
290260,2019,9.0,0.0,4.0,1.0,1.0,14.0,10.0,7.0,11.0,9.0,76.0,206
290265,2012,14.0,0.0,0.0,0.0,2.0,0.0,0.0,0.0,12.0,30.0,61.0,200
290265,2013,0.0,0.0,0.0,0.0,0.0,0.0,0.0,0.0,0.0,0.0,46.0,164
290265,2014,2.0,0.0,0.0,1.0,5.0,10.0,7.0,4.0,4.0,10.0,48.0,177
290265,2015,5.0,0.0,0.0,3.0,1.0,17.0,2.0,5.0,4.0,11.0,52.0,178
290265,2016,3.0,1.0,1.0,1.0,2.0,16.0,3.0,5.0,6.0,7.0,49.0,174
290265,2017,7.0,0.0,5.0,0.0,3.0,19.0,2.0,4.0,4.0,12.0,61.0,197
290265,2018,6.0,0.0,0.0,2.0,4.0,14.0,4.0,12.0,11.0,15.0,69.0,179
290265,2019,11.0,1.0,3.0,4.0,2.0,21.0,3.0,9.0,8.0,13.0,75.0,184
290270,2012,35.0,1.0,8.0,1.0,5.0,76.0,12.0,42.0,23.0,111.0,314.0,863
290270,2013,0.0,0.0,0.0,0.0,0.0,0.0,0.0,0.0,0.0,0.0,304.0,879
290270,2014,24.0,2.0,8.0,7.0,3.0,80.0,11.0,46.0,17.0,114.0,321.0,883
290270,2015,34.0,3.0,15.0,3.0,4.0,111.0,15.0,28.0,22.0,75.0,311.0,981
290270,2016,21.0,0.0,6.0,8.0,9.0,77.0,21.0,17.0,51.0,34.0,245.0,868
290270,2017,25.0,2.0,11.0,11.0,6.0,107.0,18.0,17.0,28.0,28.0,254.0,963
290270,2018,22.0,0.0,7.0,8.0,10.0,95.0,26.0,27.0,44.0,35.0,274.0,943
290270,2019,34.0,1.0,17.0,16.0,12.0,95.0,44.0,30.0,61.0,43.0,354.0,936
290280,2012,17.0,1.0,5.0,2.0,3.0,24.0,6.0,16.0,27.0,48.0,168.0,357
290280,2013,0.0,0.0,0.0,0.0,0.0,0.0,0.0,0.0,0.0,0.0,128.0,374
290280,2014,7.0,2.0,2.0,5.0,2.0,30.0,22.0,4.0,35.0,5.0,115.0,351
290280,2015,7.0,0.0,10.0,1.0,3.0,35.0,26.0,5.0,41.0,19.0,149.0,398
290280,2016,18.0,0.0,5.0,1.0,4.0,49.0,35.0,7.0,32.0,3.0,156.0,417
290280,2017,14.0,1.0,6.0,8.0,5.0,52.0,34.0,17.0,42.0,14.0,194.0,414
290280,2018,11.0,0.0,5.0,1.0,1.0,40.0,23.0,6.0,24.0,11.0,178.0,420
290280,2019,14.0,2.0,6.0,4.0,6.0,51.0,30.0,14.0,28.0,16.0,173.0,391
290290,2012,14.0,0.0,10.0,3.0,7.0,20.0,15.0,13.0,18.0,13.0,127.0,610
290290,2013,0.0,0.0,0.0,0.0,0.0,0.0,0.0,0.0,0.0,0.0,111.0,533
290290,2014,13.0,0.0,4.0,6.0,8.0,32.0,14.0,15.0,20.0,25.0,139.0,563
290290,2015,21.0,1.0,10.0,8.0,1.0,33.0,32.0,20.0,17.0,15.0,166.0,620
290290,2016,15.0,1.0,0.0,4.0,1.0,33.0,27.0,27.0,18.0,22.0,158.0,560
290290,2017,10.0,1.0,2.0,3.0,2.0,25.0,8.0,27.0,20.0,27.0,125.0,541
290290,2018,16.0,0.0,9.0,6.0,9.0,31.0,13.0,22.0,14.0,29.0,149.0,490
290290,2019,7.0,0.0,8.0,4.0,5.0,27.0,18.0,14.0,17.0,26.0,136.0,484
290300,2012,5.0,0.0,2.0,0.0,0.0,13.0,1.0,5.0,12.0,8.0,50.0,175
290300,2013,0.0,0.0,0.0,0.0,0.0,0.0,0.0,0.0,0.0,0.0,40.0,167
290300,2014,3.0,1.0,2.0,1.0,1.0,19.0,3.0,6.0,9.0,11.0,56.0,170
290300,2015,5.0,1.0,2.0,2.0,4.0,16.0,3.0,8.0,13.0,10.0,64.0,196
290300,2016,5.0,0.0,4.0,1.0,3.0,10.0,3.0,9.0,6.0,9.0,50.0,185
290300,2017,4.0,1.0,4.0,0.0,2.0,17.0,2.0,9.0,8.0,16.0,64.0,205
290300,2018,4.0,0.0,0.0,0.0,2.0,19.0,7.0,7.0,2.0,5.0,46.0,164
290300,2019,7.0,0.0,2.0,5.0,3.0,20.0,6.0,12.0,10.0,7.0,74.0,182
290310,2012,16.0,0.0,0.0,0.0,0.0,12.0,0.0,5.0,2.0,10.0,47.0,79
290310,2013,0.0,0.0,0.0,0.0,0.0,0.0,0.0,0.0,0.0,0.0,54.0,82
290310,2014,2.0,1.0,2.0,0.0,2.0,14.0,2.0,12.0,3.0,12.0,53.0,70
290310,2015,6.0,1.0,2.0,1.0,1.0,13.0,3.0,6.0,3.0,14.0,52.0,75
290310,2016,3.0,1.0,0.0,0.0,0.0,16.0,3.0,3.0,1.0,8.0,36.0,65
290310,2017,0.0,0.0,1.0,0.0,2.0,17.0,2.0,6.0,2.0,5.0,36.0,60
290310,2018,8.0,0.0,2.0,0.0,0.0,10.0,0.0,9.0,2.0,12.0,43.0,63
290310,2019,3.0,0.0,0.0,0.0,0.0,22.0,2.0,10.0,5.0,9.0,51.0,77
290320,2012,121.0,6.0,54.0,28.0,34.0,312.0,172.0,60.0,432.0,175.0,1397.0,2498
290320,2013,0.0,0.0,0.0,0.0,0.0,0.0,0.0,0.0,0.0,0.0,1469.0,2606
290320,2014,150.0,9.0,27.0,38.0,42.0,412.0,171.0,120.0,374.0,185.0,1572.0,2743
290320,2015,140.0,10.0,30.0,39.0,37.0,436.0,159.0,94.0,318.0,191.0,1488.0,2649
290320,2016,123.0,5.0,50.0,34.0,36.0,416.0,157.0,102.0,317.0,188.0,1450.0,2570
290320,2017,126.0,5.0,61.0,45.0,37.0,519.0,110.0,99.0,259.0,249.0,1516.0,2804
290320,2018,116.0,9.0,26.0,52.0,31.0,527.0,101.0,93.0,254.0,171.0,1400.0,2716
290320,2019,146.0,5.0,51.0,48.0,33.0,523.0,127.0,90.0,285.0,197.0,1527.0,2713
290323,2012,2.0,0.0,0.0,1.0,5.0,6.0,3.0,3.0,5.0,13.0,39.0,178
290323,2013,0.0,0.0,0.0,0.0,0.0,0.0,0.0,0.0,0.0,0.0,42.0,153
290323,2014,0.0,0.0,4.0,4.0,2.0,20.0,4.0,6.0,5.0,5.0,52.0,148
290323,2015,3.0,0.0,4.0,0.0,0.0,18.0,4.0,9.0,4.0,13.0,55.0,155
290323,2016,4.0,1.0,0.0,2.0,2.0,6.0,1.0,6.0,2.0,4.0,30.0,163
290323,2017,10.0,0.0,0.0,0.0,1.0,16.0,4.0,12.0,6.0,10.0,59.0,175
290323,2018,4.0,0.0,4.0,2.0,7.0,11.0,2.0,4.0,9.0,7.0,51.0,193
290323,2019,4.0,1.0,6.0,3.0,3.0,17.0,2.0,7.0,8.0,7.0,58.0,157
290327,2012,21.0,1.0,0.0,14.0,9.0,13.0,0.0,0.0,11.0,11.0,106.0,199
290327,2013,0.0,0.0,0.0,0.0,0.0,0.0,0.0,0.0,0.0,0.0,112.0,215
290327,2014,11.0,1.0,2.0,12.0,8.0,20.0,13.0,10.0,17.0,27.0,133.0,230
290327,2015,9.0,0.0,0.0,9.0,2.0,31.0,9.0,20.0,11.0,22.0,127.0,243
290327,2016,3.0,0.0,4.0,5.0,3.0,27.0,12.0,11.0,17.0,19.0,111.0,193
290327,2017,7.0,1.0,3.0,7.0,2.0,30.0,10.0,15.0,15.0,22.0,113.0,217
290327,2018,7.0,1.0,0.0,5.0,4.0,32.0,11.0,11.0,21.0,21.0,119.0,205
290327,2019,8.0,0.0,4.0,7.0,3.0,46.0,16.0,11.0,25.0,18.0,142.0,206
290330,2012,3.0,1.0,0.0,0.0,2.0,9.0,14.0,0.0,5.0,1.0,35.0,90
290330,2013,0.0,0.0,0.0,0.0,0.0,0.0,0.0,0.0,0.0,0.0,33.0,84
290330,2014,2.0,0.0,2.0,1.0,0.0,8.0,9.0,0.0,9.0,2.0,33.0,78
290330,2015,4.0,0.0,2.0,0.0,0.0,7.0,5.0,0.0,11.0,3.0,32.0,80
290330,2016,3.0,0.0,2.0,0.0,2.0,10.0,5.0,1.0,8.0,4.0,35.0,95
290330,2017,5.0,0.0,4.0,2.0,2.0,12.0,5.0,5.0,3.0,2.0,40.0,101
290330,2018,5.0,0.0,2.0,0.0,1.0,9.0,6.0,3.0,10.0,1.0,37.0,97
290330,2019,1.0,0.0,0.0,2.0,0.0,8.0,6.0,3.0,5.0,1.0,26.0,73
290340,2012,14.0,3.0,2.0,4.0,6.0,24.0,7.0,8.0,17.0,37.0,130.0,393
290340,2013,0.0,0.0,0.0,0.0,0.0,0.0,0.0,0.0,0.0,0.0,66.0,326
290340,2014,6.0,1.0,3.0,3.0,1.0,16.0,5.0,3.0,12.0,5.0,66.0,319
290340,2015,2.0,0.0,2.0,0.0,1.0,19.0,6.0,4.0,11.0,6.0,58.0,319
290340,2016,5.0,0.0,8.0,0.0,2.0,20.0,2.0,1.0,8.0,8.0,58.0,284
290340,2017,8.0,1.0,5.0,7.0,0.0,27.0,7.0,6.0,16.0,8.0,86.0,343
290340,2018,11.0,0.0,4.0,4.0,2.0,30.0,12.0,13.0,12.0,15.0,104.0,320
290340,2019,5.0,0.0,2.0,2.0,2.0,33.0,4.0,9.0,7.0,11.0,82.0,307
290350,2012,6.0,1.0,2.0,3.0,1.0,9.0,6.0,3.0,12.0,11.0,57.0,222
290350,2013,0.0,0.0,0.0,0.0,0.0,0.0,0.0,0.0,0.0,0.0,49.0,216
290350,2014,6.0,0.0,2.0,3.0,2.0,17.0,11.0,11.0,8.0,12.0,73.0,215
290350,2015,9.0,0.0,8.0,3.0,1.0,13.0,20.0,7.0,24.0,9.0,99.0,218
290350,2016,8.0,0.0,4.0,1.0,1.0,21.0,13.0,13.0,5.0,10.0,78.0,216
290350,2017,6.0,0.0,2.0,1.0,2.0,20.0,9.0,14.0,11.0,18.0,83.0,227
290350,2018,8.0,0.0,4.0,4.0,1.0,31.0,6.0,13.0,12.0,12.0,91.0,243
290350,2019,11.0,0.0,2.0,2.0,3.0,22.0,5.0,6.0,15.0,16.0,86.0,222
290360,2012,22.0,1.0,2.0,5.0,1.0,10.0,0.0,2.0,2.0,6.0,59.0,230
290360,2013,0.0,0.0,0.0,0.0,0.0,0.0,0.0,0.0,0.0,0.0,93.0,248
290360,2014,7.0,1.0,0.0,7.0,11.0,3.0,3.0,4.0,15.0,14.0,71.0,240
290360,2015,2.0,0.0,6.0,7.0,4.0,19.0,6.0,2.0,6.0,6.0,75.0,206
290360,2016,4.0,1.0,2.0,8.0,3.0,11.0,12.0,3.0,9.0,8.0,74.0,196
290360,2017,3.0,0.0,4.0,8.0,4.0,12.0,11.0,5.0,14.0,11.0,79.0,185
290360,2018,6.0,0.0,4.0,2.0,4.0,19.0,17.0,8.0,27.0,14.0,105.0,212
290360,2019,11.0,0.0,7.0,2.0,3.0,21.0,10.0,11.0,10.0,11.0,88.0,210
290370,2012,10.0,0.0,4.0,1.0,1.0,13.0,3.0,0.0,5.0,17.0,56.0,150
290370,2013,0.0,0.0,0.0,0.0,0.0,0.0,0.0,0.0,0.0,0.0,57.0,162
290370,2014,6.0,1.0,2.0,0.0,1.0,18.0,4.0,4.0,8.0,16.0,65.0,154
290370,2015,10.0,0.0,2.0,0.0,1.0,14.0,7.0,6.0,8.0,17.0,70.0,170
290370,2016,10.0,0.0,4.0,0.0,1.0,17.0,3.0,6.0,5.0,9.0,58.0,164
290370,2017,9.0,0.0,0.0,1.0,1.0,21.0,3.0,6.0,8.0,20.0,69.0,193
290370,2018,6.0,0.0,5.0,3.0,5.0,26.0,5.0,9.0,7.0,24.0,91.0,225
290370,2019,7.0,0.0,0.0,1.0,2.0,21.0,1.0,11.0,7.0,19.0,70.0,181
290380,2012,10.0,0.0,4.0,2.0,1.0,14.0,5.0,2.0,14.0,7.0,66.0,270
290380,2013,0.0,0.0,0.0,0.0,0.0,0.0,0.0,0.0,0.0,0.0,65.0,244
290380,2014,7.0,1.0,6.0,9.0,4.0,22.0,4.0,11.0,9.0,10.0,91.0,241
290380,2015,3.0,1.0,6.0,5.0,5.0,17.0,9.0,12.0,7.0,18.0,88.0,240
290380,2016,14.0,1.0,0.0,3.0,4.0,18.0,3.0,12.0,14.0,7.0,79.0,247
290380,2017,5.0,0.0,0.0,2.0,6.0,16.0,8.0,7.0,9.0,4.0,58.0,238
290380,2018,7.0,1.0,5.0,5.0,8.0,21.0,10.0,4.0,8.0,9.0,78.0,226
290380,2019,6.0,0.0,6.0,5.0,5.0,15.0,13.0,5.0,15.0,7.0,77.0,195
290390,2012,55.0,2.0,7.0,8.0,5.0,48.0,6.0,3.0,34.0,44.0,267.0,1025
290390,2013,0.0,0.0,0.0,0.0,0.0,0.0,0.0,0.0,0.0,0.0,303.0,1088
290390,2014,36.0,5.0,3.0,7.0,10.0,80.0,27.0,30.0,45.0,67.0,328.0,1136
290390,2015,26.0,4.0,13.0,12.0,11.0,89.0,24.0,32.0,37.0,51.0,316.0,1110
290390,2016,38.0,3.0,12.0,14.0,12.0,108.0,24.0,38.0,49.0,65.0,372.0,1142
290390,2017,31.0,1.0,18.0,15.0,14.0,93.0,25.0,47.0,43.0,82.0,387.0,1157
290390,2018,31.0,3.0,16.0,10.0,13.0,114.0,29.0,52.0,59.0,82.0,416.0,1197
290390,2019,42.0,3.0,12.0,13.0,9.0,118.0,35.0,51.0,58.0,81.0,433.0,1097
290395,2012,2.0,0.0,2.0,0.0,0.0,5.0,5.0,2.0,5.0,1.0,23.0,156
290395,2013,0.0,0.0,0.0,0.0,0.0,0.0,0.0,0.0,0.0,0.0,21.0,120
290395,2014,2.0,0.0,2.0,1.0,1.0,13.0,3.0,4.0,2.0,8.0,36.0,123
290395,2015,1.0,0.0,0.0,0.0,0.0,2.0,5.0,2.0,6.0,3.0,19.0,113
290395,2016,2.0,0.0,2.0,1.0,1.0,8.0,3.0,6.0,4.0,6.0,35.0,127
290395,2017,1.0,0.0,2.0,1.0,0.0,3.0,3.0,4.0,3.0,4.0,21.0,133
290395,2018,0.0,0.0,2.0,0.0,1.0,13.0,1.0,3.0,4.0,8.0,32.0,120
290395,2019,1.0,0.0,2.0,3.0,0.0,10.0,2.0,3.0,2.0,5.0,29.0,111
290400,2012,5.0,1.0,2.0,0.0,5.0,16.0,2.0,4.0,9.0,26.0,74.0,170
290400,2013,0.0,0.0,0.0,0.0,0.0,0.0,0.0,0.0,0.0,0.0,82.0,156
290400,2014,5.0,0.0,0.0,1.0,1.0,14.0,3.0,12.0,7.0,16.0,65.0,146
290400,2015,9.0,0.0,3.0,1.0,1.0,12.0,0.0,12.0,3.0,29.0,77.0,162
290400,2016,5.0,0.0,0.0,1.0,6.0,14.0,2.0,7.0,11.0,29.0,77.0,152
290400,2017,4.0,0.0,2.0,0.0,1.0,34.0,6.0,9.0,9.0,21.0,92.0,178
290400,2018,3.0,1.0,4.0,3.0,3.0,32.0,18.0,8.0,12.0,13.0,107.0,196
290400,2019,5.0,1.0,0.0,1.0,4.0,27.0,16.0,13.0,12.0,16.0,100.0,181
290405,2012,7.0,0.0,4.0,0.0,4.0,13.0,2.0,2.0,9.0,6.0,50.0,255
290405,2013,0.0,0.0,0.0,0.0,0.0,0.0,0.0,0.0,0.0,0.0,66.0,305
290405,2014,5.0,0.0,4.0,0.0,2.0,15.0,7.0,2.0,8.0,8.0,53.0,207
290405,2015,2.0,3.0,7.0,4.0,3.0,9.0,4.0,10.0,16.0,8.0,69.0,256
290405,2016,0.0,0.0,2.0,0.0,1.0,8.0,6.0,5.0,12.0,9.0,45.0,233
290405,2017,4.0,0.0,2.0,12.0,6.0,8.0,13.0,5.0,9.0,10.0,69.0,262
290405,2018,4.0,1.0,1.0,4.0,5.0,16.0,17.0,10.0,15.0,17.0,92.0,264
290405,2019,5.0,0.0,2.0,1.0,1.0,18.0,17.0,6.0,14.0,8.0,74.0,254
290410,2012,13.0,0.0,6.0,3.0,1.0,43.0,0.0,12.0,12.0,24.0,119.0,254
290410,2013,0.0,0.0,0.0,0.0,0.0,0.0,0.0,0.0,0.0,0.0,131.0,263
290410,2014,8.0,0.0,0.0,16.0,22.0,25.0,3.0,7.0,13.0,14.0,110.0,252
290410,2015,4.0,0.0,4.0,0.0,4.0,22.0,5.0,8.0,11.0,23.0,83.0,278
290410,2016,6.0,0.0,1.0,2.0,4.0,28.0,4.0,5.0,9.0,19.0,79.0,266
290410,2017,12.0,0.0,4.0,5.0,0.0,36.0,6.0,9.0,10.0,22.0,106.0,254
290410,2018,4.0,1.0,5.0,2.0,3.0,41.0,10.0,11.0,17.0,23.0,121.0,282
290410,2019,7.0,0.0,0.0,4.0,1.0,41.0,16.0,9.0,17.0,25.0,123.0,288
290420,2012,1.0,0.0,6.0,2.0,1.0,7.0,0.0,0.0,11.0,5.0,72.0,137
290420,2013,0.0,0.0,0.0,0.0,0.0,0.0,0.0,0.0,0.0,0.0,72.0,160
290420,2014,7.0,1.0,0.0,1.0,1.0,13.0,2.0,7.0,3.0,10.0,48.0,119
290420,2015,1.0,0.0,0.0,0.0,1.0,7.0,2.0,4.0,4.0,7.0,26.0,125
290420,2016,3.0,0.0,0.0,1.0,0.0,15.0,4.0,3.0,5.0,9.0,44.0,136
290420,2017,2.0,0.0,0.0,1.0,2.0,19.0,5.0,2.0,4.0,8.0,43.0,122
290420,2018,2.0,1.0,2.0,1.0,1.0,13.0,6.0,3.0,12.0,7.0,52.0,140
290420,2019,7.0,0.0,3.0,1.0,2.0,10.0,6.0,1.0,10.0,4.0,49.0,137
290430,2012,7.0,0.0,0.0,2.0,2.0,10.0,2.0,1.0,6.0,18.0,54.0,198
290430,2013,0.0,0.0,0.0,0.0,0.0,0.0,0.0,0.0,0.0,0.0,55.0,169
290430,2014,6.0,1.0,0.0,1.0,3.0,11.0,5.0,9.0,6.0,10.0,56.0,181
290430,2015,4.0,1.0,4.0,2.0,0.0,13.0,2.0,5.0,5.0,13.0,51.0,177
290430,2016,5.0,0.0,0.0,3.0,1.0,12.0,2.0,6.0,4.0,12.0,48.0,150
290430,2017,5.0,0.0,4.0,2.0,4.0,18.0,3.0,6.0,8.0,6.0,58.0,171
290430,2018,5.0,0.0,0.0,0.0,0.0,12.0,2.0,6.0,5.0,8.0,41.0,169
290430,2019,2.0,0.0,0.0,1.0,0.0,15.0,4.0,7.0,7.0,10.0,46.0,148
290440,2012,2.0,0.0,1.0,2.0,0.0,12.0,6.0,1.0,11.0,5.0,40.0,114
290440,2013,0.0,0.0,0.0,0.0,0.0,0.0,0.0,0.0,0.0,0.0,30.0,90
290440,2014,3.0,0.0,0.0,2.0,2.0,9.0,5.0,2.0,3.0,5.0,31.0,69
290440,2015,4.0,0.0,2.0,0.0,1.0,5.0,4.0,1.0,5.0,0.0,23.0,49
290440,2016,4.0,0.0,2.0,0.0,3.0,15.0,3.0,1.0,7.0,8.0,45.0,78
290440,2017,3.0,0.0,2.0,1.0,1.0,12.0,1.0,1.0,4.0,5.0,30.0,84
290440,2018,2.0,0.0,0.0,1.0,0.0,16.0,6.0,1.0,4.0,5.0,37.0,99
290440,2019,2.0,0.0,0.0,0.0,1.0,21.0,3.0,7.0,4.0,8.0,49.0,102
290450,2012,2.0,2.0,5.0,0.0,0.0,6.0,0.0,0.0,4.0,14.0,35.0,130
290450,2013,0.0,0.0,0.0,0.0,0.0,0.0,0.0,0.0,0.0,0.0,29.0,131
290450,2014,0.0,0.0,0.0,2.0,0.0,7.0,3.0,0.0,0.0,5.0,22.0,114
290450,2015,3.0,0.0,0.0,4.0,1.0,4.0,0.0,1.0,0.0,6.0,19.0,135
290450,2016,0.0,1.0,0.0,1.0,1.0,8.0,1.0,2.0,0.0,3.0,17.0,126
290450,2017,1.0,0.0,2.0,1.0,0.0,7.0,1.0,5.0,2.0,11.0,31.0,136
290450,2018,2.0,0.0,0.0,3.0,0.0,8.0,4.0,4.0,2.0,7.0,31.0,136
290450,2019,6.0,0.0,2.0,0.0,2.0,6.0,7.0,1.0,2.0,5.0,31.0,114
290460,2012,67.0,5.0,15.0,16.0,21.0,138.0,11.0,20.0,89.0,108.0,607.0,939
290460,2013,0.0,0.0,0.0,0.0,0.0,0.0,0.0,0.0,0.0,0.0,657.0,925
290460,2014,45.0,2.0,17.0,17.0,10.0,159.0,67.0,46.0,126.0,128.0,682.0,924
290460,2015,61.0,0.0,25.0,11.0,13.0,175.0,57.0,67.0,113.0,146.0,722.0,982
290460,2016,49.0,3.0,21.0,21.0,13.0,168.0,44.0,55.0,91.0,110.0,606.0,849
290460,2017,62.0,0.0,14.0,6.0,14.0,184.0,37.0,44.0,99.0,112.0,593.0,868
290460,2018,70.0,0.0,9.0,12.0,12.0,190.0,36.0,36.0,84.0,101.0,592.0,920
290460,2019,54.0,0.0,18.0,3.0,14.0,180.0,41.0,18.0,84.0,52.0,490.0,850
290470,2012,13.0,0.0,2.0,1.0,1.0,29.0,9.0,7.0,16.0,12.0,91.0,264
290470,2013,0.0,0.0,0.0,0.0,0.0,0.0,0.0,0.0,0.0,0.0,89.0,259
290470,2014,10.0,0.0,0.0,1.0,4.0,29.0,8.0,4.0,18.0,7.0,81.0,243
290470,2015,7.0,0.0,0.0,4.0,2.0,23.0,7.0,7.0,7.0,8.0,66.0,225
290470,2016,7.0,0.0,1.0,3.0,5.0,35.0,5.0,8.0,4.0,17.0,85.0,245
290470,2017,4.0,1.0,0.0,1.0,3.0,27.0,4.0,6.0,9.0,15.0,70.0,229
290470,2018,4.0,0.0,6.0,4.0,2.0,28.0,7.0,6.0,8.0,15.0,80.0,239
290470,2019,4.0,0.0,0.0,3.0,2.0,24.0,5.0,8.0,4.0,13.0,64.0,215
290475,2012,10.0,1.0,0.0,2.0,2.0,35.0,4.0,17.0,11.0,32.0,114.0,293
290475,2013,0.0,0.0,0.0,0.0,0.0,0.0,0.0,0.0,0.0,0.0,101.0,263
290475,2014,5.0,1.0,4.0,3.0,0.0,29.0,4.0,24.0,5.0,26.0,103.0,324
290475,2015,6.0,0.0,0.0,4.0,1.0,39.0,9.0,4.0,10.0,30.0,103.0,290
290475,2016,11.0,0.0,2.0,2.0,2.0,35.0,10.0,3.0,18.0,9.0,93.0,286
290475,2017,4.0,0.0,7.0,4.0,2.0,33.0,11.0,6.0,23.0,16.0,107.0,319
290475,2018,7.0,0.0,7.0,4.0,3.0,38.0,11.0,6.0,23.0,11.0,110.0,325
290475,2019,9.0,0.0,4.0,7.0,6.0,42.0,16.0,7.0,26.0,12.0,129.0,349
290480,2012,5.0,0.0,2.0,0.0,0.0,7.0,3.0,5.0,2.0,19.0,44.0,88
290480,2013,0.0,0.0,0.0,0.0,0.0,0.0,0.0,0.0,0.0,0.0,51.0,103
290480,2014,3.0,0.0,2.0,0.0,2.0,9.0,5.0,10.0,1.0,10.0,42.0,106
290480,2015,3.0,0.0,0.0,2.0,0.0,14.0,7.0,6.0,5.0,6.0,44.0,97
290480,2016,8.0,0.0,2.0,1.0,0.0,11.0,3.0,3.0,2.0,7.0,39.0,84
290480,2017,3.0,0.0,0.0,1.0,1.0,6.0,3.0,6.0,4.0,4.0,28.0,72
290480,2018,0.0,0.0,0.0,1.0,0.0,3.0,2.0,8.0,3.0,4.0,21.0,70
290480,2019,3.0,0.0,2.0,1.0,1.0,12.0,1.0,3.0,1.0,9.0,35.0,84
290485,2012,16.0,0.0,2.0,1.0,1.0,11.0,3.0,10.0,11.0,15.0,87.0,226
290485,2013,0.0,0.0,0.0,0.0,0.0,0.0,0.0,0.0,0.0,0.0,97.0,250
290485,2014,7.0,1.0,2.0,4.0,2.0,24.0,2.0,16.0,3.0,22.0,87.0,216
290485,2015,7.0,1.0,0.0,3.0,2.0,37.0,3.0,14.0,4.0,33.0,106.0,241
290485,2016,7.0,1.0,6.0,1.0,2.0,25.0,8.0,21.0,7.0,31.0,116.0,236
290485,2017,5.0,0.0,0.0,3.0,1.0,29.0,3.0,16.0,5.0,34.0,98.0,250
290485,2018,4.0,0.0,0.0,0.0,2.0,28.0,2.0,17.0,3.0,28.0,88.0,221
290485,2019,3.0,1.0,4.0,1.0,1.0,38.0,5.0,25.0,6.0,41.0,126.0,238
290490,2012,28.0,2.0,5.0,0.0,1.0,28.0,0.0,4.0,8.0,7.0,125.0,419
290490,2013,0.0,0.0,0.0,0.0,0.0,0.0,0.0,0.0,0.0,0.0,125.0,410
290490,2014,9.0,0.0,5.0,2.0,3.0,23.0,2.0,22.0,8.0,33.0,131.0,442
290490,2015,8.0,3.0,4.0,0.0,2.0,26.0,5.0,20.0,10.0,41.0,127.0,392
290490,2016,8.0,2.0,4.0,4.0,2.0,25.0,1.0,29.0,12.0,23.0,125.0,424
290490,2017,9.0,3.0,9.0,4.0,3.0,40.0,1.0,19.0,12.0,45.0,151.0,396
290490,2018,12.0,0.0,3.0,2.0,1.0,36.0,2.0,39.0,7.0,38.0,142.0,404
290490,2019,13.0,0.0,3.0,1.0,1.0,26.0,5.0,26.0,4.0,43.0,128.0,358
290500,2012,7.0,1.0,9.0,1.0,1.0,39.0,5.0,1.0,24.0,23.0,113.0,277
290500,2013,0.0,0.0,0.0,0.0,0.0,0.0,0.0,0.0,0.0,0.0,132.0,284
290500,2014,9.0,0.0,0.0,2.0,1.0,41.0,19.0,9.0,27.0,24.0,138.0,304
290500,2015,6.0,0.0,4.0,0.0,0.0,45.0,14.0,10.0,32.0,27.0,144.0,342
290500,2016,10.0,1.0,4.0,3.0,1.0,39.0,7.0,15.0,18.0,30.0,132.0,303
290500,2017,9.0,0.0,4.0,3.0,2.0,43.0,9.0,11.0,22.0,15.0,122.0,268
290500,2018,9.0,0.0,2.0,0.0,3.0,39.0,23.0,19.0,27.0,28.0,153.0,295
290500,2019,8.0,0.0,4.0,1.0,8.0,42.0,15.0,15.0,25.0,26.0,145.0,291
290510,2012,8.0,0.0,2.0,1.0,0.0,7.0,0.0,0.0,8.0,27.0,59.0,165
290510,2013,0.0,0.0,0.0,0.0,0.0,0.0,0.0,0.0,0.0,0.0,64.0,171
290510,2014,4.0,0.0,0.0,1.0,0.0,5.0,1.0,21.0,3.0,21.0,59.0,128
290510,2015,3.0,0.0,2.0,0.0,0.0,18.0,1.0,12.0,0.0,10.0,48.0,130
290510,2016,2.0,1.0,0.0,1.0,0.0,3.0,2.0,8.0,1.0,6.0,25.0,119
290510,2017,4.0,0.0,2.0,0.0,0.0,16.0,0.0,15.0,2.0,27.0,75.0,161
290510,2018,9.0,0.0,0.0,0.0,1.0,12.0,1.0,17.0,2.0,16.0,71.0,140
290510,2019,3.0,0.0,0.0,0.0,2.0,15.0,1.0,24.0,2.0,18.0,67.0,126
290515,2012,4.0,2.0,2.0,1.0,0.0,7.0,9.0,5.0,6.0,9.0,53.0,145
290515,2013,0.0,0.0,0.0,0.0,0.0,0.0,0.0,0.0,0.0,0.0,53.0,140
290515,2014,7.0,0.0,4.0,0.0,3.0,11.0,6.0,12.0,4.0,15.0,63.0,143
290515,2015,4.0,1.0,2.0,2.0,0.0,13.0,8.0,4.0,15.0,4.0,55.0,153
290515,2016,7.0,0.0,2.0,0.0,1.0,12.0,2.0,8.0,8.0,4.0,49.0,132
290515,2017,4.0,0.0,2.0,0.0,1.0,12.0,0.0,4.0,6.0,8.0,37.0,113
290515,2018,4.0,0.0,2.0,0.0,1.0,9.0,5.0,6.0,9.0,8.0,45.0,117
290515,2019,2.0,0.0,4.0,2.0,1.0,12.0,3.0,3.0,8.0,15.0,52.0,129
290520,2012,46.0,3.0,11.0,4.0,7.0,80.0,21.0,3.0,78.0,65.0,329.0,782
290520,2013,0.0,0.0,0.0,0.0,0.0,0.0,0.0,0.0,0.0,0.0,334.0,744
290520,2014,18.0,1.0,3.0,7.0,6.0,65.0,21.0,20.0,57.0,61.0,331.0,693
290520,2015,26.0,5.0,8.0,7.0,5.0,96.0,29.0,34.0,77.0,62.0,370.0,769
290520,2016,30.0,0.0,12.0,7.0,8.0,69.0,24.0,15.0,55.0,60.0,292.0,697
290520,2017,30.0,1.0,9.0,8.0,2.0,90.0,15.0,19.0,49.0,57.0,294.0,692
290520,2018,24.0,0.0,14.0,3.0,4.0,116.0,44.0,33.0,71.0,68.0,393.0,724
290520,2019,27.0,0.0,2.0,7.0,9.0,117.0,46.0,37.0,93.0,73.0,413.0,673
290530,2012,5.0,0.0,8.0,4.0,7.0,25.0,8.0,5.0,15.0,12.0,94.0,336
290530,2013,0.0,0.0,0.0,0.0,0.0,0.0,0.0,0.0,0.0,0.0,57.0,257
290530,2014,5.0,0.0,3.0,5.0,3.0,24.0,5.0,7.0,14.0,12.0,79.0,301
290530,2015,6.0,0.0,6.0,4.0,2.0,18.0,7.0,3.0,12.0,14.0,73.0,288
290530,2016,7.0,0.0,2.0,0.0,5.0,32.0,7.0,8.0,11.0,10.0,84.0,274
290530,2017,8.0,1.0,7.0,2.0,5.0,11.0,11.0,5.0,10.0,13.0,93.0,282
290530,2018,1.0,0.0,2.0,1.0,1.0,12.0,6.0,2.0,5.0,4.0,108.0,334
290530,2019,6.0,0.0,6.0,1.0,2.0,19.0,13.0,9.0,9.0,10.0,113.0,310
290540,2012,6.0,1.0,1.0,6.0,8.0,14.0,1.0,1.0,4.0,1.0,90.0,229
290540,2013,0.0,0.0,0.0,0.0,0.0,0.0,0.0,0.0,0.0,0.0,111.0,242
290540,2014,6.0,6.0,0.0,6.0,7.0,26.0,6.0,12.0,9.0,33.0,118.0,245
290540,2015,2.0,17.0,3.0,8.0,10.0,30.0,8.0,14.0,7.0,27.0,127.0,281
290540,2016,3.0,22.0,2.0,8.0,7.0,20.0,4.0,11.0,14.0,29.0,124.0,301
290540,2017,6.0,5.0,4.0,7.0,4.0,30.0,2.0,12.0,7.0,24.0,111.0,288
290540,2018,6.0,0.0,6.0,4.0,4.0,45.0,4.0,18.0,8.0,47.0,157.0,336
290540,2019,5.0,0.0,2.0,3.0,3.0,39.0,5.0,26.0,10.0,28.0,138.0,315
290550,2012,4.0,1.0,4.0,2.0,3.0,7.0,1.0,1.0,2.0,4.0,43.0,186
290550,2013,0.0,0.0,0.0,0.0,0.0,0.0,0.0,0.0,0.0,0.0,30.0,156
290550,2014,4.0,1.0,0.0,1.0,3.0,6.0,4.0,2.0,5.0,5.0,36.0,163
290550,2015,3.0,0.0,3.0,3.0,1.0,8.0,3.0,4.0,9.0,2.0,40.0,179
290550,2016,9.0,0.0,2.0,0.0,1.0,5.0,7.0,4.0,5.0,9.0,43.0,195
290550,2017,3.0,2.0,2.0,0.0,1.0,17.0,16.0,7.0,10.0,11.0,76.0,206
290550,2018,3.0,1.0,3.0,1.0,1.0,7.0,11.0,9.0,6.0,18.0,66.0,220
290550,2019,5.0,2.0,0.0,4.0,0.0,18.0,16.0,7.0,17.0,10.0,82.0,220
290560,2012,17.0,1.0,6.0,3.0,1.0,21.0,14.0,4.0,18.0,15.0,103.0,509
290560,2013,0.0,0.0,0.0,0.0,0.0,0.0,0.0,0.0,0.0,0.0,89.0,431
290560,2014,9.0,0.0,8.0,3.0,0.0,24.0,17.0,6.0,23.0,11.0,103.0,406
290560,2015,3.0,0.0,10.0,1.0,0.0,24.0,13.0,12.0,17.0,16.0,97.0,407
290560,2016,8.0,0.0,0.0,4.0,1.0,22.0,5.0,6.0,12.0,11.0,71.0,380
290560,2017,7.0,0.0,0.0,0.0,3.0,29.0,11.0,12.0,10.0,16.0,89.0,372
290560,2018,5.0,0.0,6.0,3.0,3.0,32.0,8.0,13.0,15.0,17.0,103.0,400
290560,2019,1.0,0.0,4.0,5.0,4.0,24.0,12.0,3.0,7.0,21.0,81.0,337
290570,2012,212.0,11.0,91.0,45.0,56.0,502.0,86.0,122.0,361.0,349.0,1909.0,4160
290570,2013,0.0,0.0,0.0,0.0,0.0,0.0,0.0,0.0,0.0,0.0,1964.0,4257
290570,2014,116.0,7.0,65.0,42.0,48.0,549.0,212.0,155.0,424.0,319.0,2036.0,4322
290570,2015,141.0,3.0,71.0,60.0,42.0,553.0,203.0,177.0,376.0,306.0,1986.0,4579
290570,2016,119.0,3.0,70.0,39.0,43.0,566.0,188.0,129.0,351.0,273.0,1843.0,4228
290570,2017,131.0,1.0,56.0,38.0,37.0,591.0,190.0,128.0,389.0,252.0,1861.0,4379
290570,2018,136.0,0.0,68.0,48.0,49.0,570.0,184.0,133.0,371.0,260.0,1873.0,4383
290570,2019,125.0,5.0,92.0,80.0,57.0,655.0,178.0,130.0,306.0,250.0,1927.0,4255
290580,2012,17.0,3.0,5.0,5.0,1.0,25.0,18.0,7.0,21.0,8.0,135.0,628
290580,2013,0.0,0.0,0.0,0.0,0.0,0.0,0.0,0.0,0.0,0.0,149.0,548
290580,2014,10.0,1.0,3.0,3.0,3.0,30.0,30.0,9.0,31.0,11.0,132.0,434
290580,2015,12.0,2.0,0.0,4.0,4.0,43.0,27.0,9.0,23.0,18.0,142.0,611
290580,2016,10.0,7.0,10.0,3.0,5.0,34.0,30.0,14.0,10.0,21.0,144.0,553
290580,2017,10.0,1.0,10.0,6.0,4.0,39.0,29.0,16.0,15.0,13.0,143.0,706
290580,2018,3.0,0.0,6.0,3.0,3.0,37.0,15.0,8.0,22.0,16.0,116.0,565
290580,2019,6.0,0.0,10.0,4.0,3.0,39.0,12.0,15.0,21.0,23.0,133.0,578
290590,2012,9.0,74.0,6.0,17.0,26.0,12.0,0.0,3.0,0.0,7.0,203.0,493
290590,2013,0.0,0.0,0.0,0.0,0.0,0.0,0.0,0.0,0.0,0.0,187.0,453
290590,2014,1.0,201.0,0.0,2.0,1.0,6.0,3.0,15.0,2.0,21.0,255.0,485
290590,2015,8.0,193.0,2.0,3.0,0.0,17.0,2.0,14.0,3.0,11.0,255.0,531
290590,2016,12.0,114.0,2.0,4.0,1.0,22.0,3.0,8.0,3.0,23.0,209.0,450
290590,2017,9.0,6.0,6.0,6.0,4.0,62.0,5.0,17.0,7.0,20.0,193.0,482
290590,2018,20.0,6.0,5.0,3.0,3.0,184.0,3.0,13.0,6.0,32.0,282.0,548
290590,2019,15.0,0.0,6.0,8.0,3.0,100.0,1.0,38.0,1.0,85.0,269.0,500
290600,2012,32.0,1.0,16.0,1.0,2.0,79.0,1.0,5.0,22.0,23.0,318.0,1090
290600,2013,0.0,0.0,0.0,0.0,0.0,0.0,0.0,0.0,0.0,0.0,322.0,1038
290600,2014,20.0,2.0,17.0,2.0,3.0,54.0,4.0,29.0,10.0,60.0,370.0,1077
290600,2015,18.0,0.0,23.0,17.0,9.0,18.0,2.0,4.0,6.0,9.0,368.0,1161
290600,2016,13.0,3.0,9.0,2.0,4.0,50.0,17.0,13.0,24.0,21.0,347.0,1148
290600,2017,34.0,0.0,27.0,4.0,5.0,99.0,6.0,58.0,14.0,111.0,362.0,1082
290600,2018,35.0,0.0,11.0,7.0,2.0,138.0,17.0,81.0,18.0,130.0,442.0,1238
290600,2019,32.0,0.0,9.0,6.0,1.0,154.0,10.0,91.0,16.0,154.0,473.0,1182
290610,2012,4.0,0.0,1.0,1.0,0.0,5.0,0.0,0.0,6.0,3.0,26.0,152
290610,2013,0.0,0.0,0.0,0.0,0.0,0.0,0.0,0.0,0.0,0.0,47.0,160
290610,2014,2.0,2.0,3.0,0.0,0.0,6.0,6.0,6.0,1.0,5.0,31.0,143
290610,2015,0.0,3.0,1.0,2.0,5.0,9.0,6.0,1.0,5.0,10.0,42.0,130
290610,2016,0.0,0.0,0.0,1.0,2.0,10.0,5.0,0.0,9.0,1.0,30.0,134
290610,2017,0.0,0.0,0.0,2.0,0.0,13.0,4.0,3.0,4.0,15.0,47.0,150
290610,2018,1.0,0.0,1.0,0.0,1.0,12.0,4.0,4.0,2.0,8.0,36.0,118
290610,2019,4.0,0.0,4.0,1.0,1.0,16.0,1.0,5.0,1.0,5.0,41.0,130
290620,2012,11.0,0.0,2.0,4.0,4.0,40.0,4.0,16.0,6.0,17.0,108.0,417
290620,2013,0.0,0.0,0.0,0.0,0.0,0.0,0.0,0.0,0.0,0.0,107.0,368
290620,2014,12.0,0.0,7.0,5.0,3.0,32.0,6.0,25.0,6.0,26.0,125.0,336
290620,2015,10.0,0.0,9.0,6.0,9.0,34.0,4.0,20.0,5.0,23.0,124.0,382
290620,2016,10.0,0.0,4.0,8.0,4.0,30.0,5.0,18.0,9.0,15.0,108.0,357
290620,2017,14.0,0.0,8.0,4.0,2.0,37.0,5.0,8.0,2.0,19.0,101.0,374
290620,2018,11.0,1.0,12.0,6.0,7.0,28.0,5.0,11.0,7.0,19.0,107.0,349
290620,2019,10.0,1.0,2.0,3.0,2.0,38.0,28.0,14.0,19.0,18.0,137.0,380
290630,2012,17.0,0.0,0.0,1.0,0.0,38.0,10.0,5.0,16.0,15.0,136.0,498
290630,2013,0.0,0.0,0.0,0.0,0.0,0.0,0.0,0.0,0.0,0.0,173.0,490
290630,2014,15.0,0.0,2.0,3.0,7.0,42.0,34.0,20.0,26.0,33.0,198.0,461
290630,2015,16.0,0.0,4.0,6.0,0.0,41.0,19.0,18.0,20.0,37.0,164.0,457
290630,2016,5.0,1.0,2.0,6.0,3.0,32.0,2.0,19.0,8.0,48.0,137.0,496
290630,2017,9.0,0.0,4.0,3.0,4.0,49.0,3.0,17.0,5.0,48.0,146.0,483
290630,2018,14.0,2.0,4.0,3.0,2.0,59.0,17.0,23.0,12.0,46.0,187.0,504
290630,2019,8.0,1.0,2.0,0.0,1.0,45.0,5.0,19.0,7.0,35.0,134.0,398
290640,2012,43.0,0.0,2.0,0.0,2.0,6.0,0.0,0.0,6.0,2.0,70.0,130
290640,2013,0.0,0.0,0.0,0.0,0.0,0.0,0.0,0.0,0.0,0.0,52.0,112
290640,2014,3.0,0.0,2.0,0.0,0.0,6.0,4.0,2.0,5.0,6.0,39.0,91
290640,2015,1.0,0.0,2.0,0.0,0.0,13.0,3.0,2.0,1.0,15.0,39.0,91
290640,2016,3.0,0.0,2.0,1.0,0.0,12.0,1.0,3.0,6.0,13.0,41.0,97
290640,2017,1.0,0.0,2.0,2.0,0.0,14.0,4.0,7.0,4.0,16.0,51.0,110
290640,2018,1.0,0.0,2.0,0.0,0.0,13.0,5.0,3.0,14.0,8.0,47.0,87
290640,2019,1.0,0.0,0.0,1.0,2.0,7.0,3.0,2.0,5.0,6.0,27.0,66
290650,2012,116.0,6.0,21.0,9.0,14.0,90.0,23.0,17.0,89.0,43.0,461.0,1141
290650,2013,0.0,0.0,0.0,0.0,0.0,0.0,0.0,0.0,0.0,0.0,516.0,1170
290650,2014,27.0,2.0,23.0,29.0,13.0,78.0,41.0,20.0,62.0,32.0,476.0,1138
290650,2015,19.0,1.0,14.0,13.0,11.0,68.0,30.0,23.0,82.0,41.0,456.0,1096
290650,2016,23.0,1.0,24.0,13.0,12.0,95.0,28.0,15.0,52.0,63.0,418.0,1017
290650,2017,31.0,0.0,27.0,15.0,6.0,131.0,42.0,17.0,64.0,58.0,408.0,1006
290650,2018,23.0,1.0,26.0,25.0,12.0,122.0,42.0,28.0,63.0,77.0,486.0,1106
290650,2019,42.0,1.0,18.0,14.0,6.0,117.0,53.0,25.0,56.0,66.0,455.0,1013
290660,2012,4.0,0.0,0.0,3.0,0.0,29.0,2.0,8.0,4.0,41.0,95.0,170
290660,2013,0.0,0.0,0.0,0.0,0.0,0.0,0.0,0.0,0.0,0.0,98.0,159
290660,2014,3.0,1.0,0.0,1.0,5.0,22.0,4.0,13.0,3.0,20.0,89.0,147
290660,2015,5.0,0.0,4.0,1.0,0.0,25.0,6.0,7.0,7.0,14.0,96.0,164
290660,2016,8.0,0.0,2.0,2.0,1.0,22.0,0.0,6.0,3.0,20.0,87.0,137
290660,2017,5.0,0.0,4.0,1.0,1.0,12.0,2.0,4.0,4.0,10.0,109.0,163
290660,2018,4.0,0.0,4.0,0.0,1.0,28.0,0.0,19.0,5.0,40.0,104.0,156
290660,2019,0.0,1.0,9.0,0.0,0.0,33.0,6.0,18.0,5.0,30.0,102.0,142
290670,2012,9.0,2.0,6.0,3.0,2.0,31.0,20.0,13.0,15.0,11.0,119.0,332
290670,2013,0.0,0.0,0.0,0.0,0.0,0.0,0.0,0.0,0.0,0.0,148.0,375
290670,2014,4.0,1.0,7.0,0.0,2.0,36.0,16.0,25.0,13.0,25.0,130.0,358
290670,2015,4.0,1.0,6.0,2.0,6.0,39.0,12.0,16.0,22.0,10.0,123.0,345
290670,2016,16.0,1.0,2.0,5.0,1.0,29.0,16.0,21.0,12.0,16.0,127.0,360
290670,2017,10.0,1.0,10.0,3.0,2.0,19.0,10.0,18.0,12.0,28.0,113.0,341
290670,2018,7.0,0.0,12.0,3.0,0.0,27.0,12.0,18.0,9.0,22.0,111.0,318
290670,2019,6.0,0.0,4.0,3.0,3.0,21.0,24.0,14.0,9.0,14.0,104.0,293
290680,2012,25.0,2.0,5.0,7.0,5.0,24.0,3.0,5.0,13.0,11.0,117.0,480
290680,2013,0.0,0.0,0.0,0.0,0.0,0.0,0.0,0.0,0.0,0.0,110.0,437
290680,2014,14.0,1.0,4.0,8.0,11.0,27.0,35.0,27.0,31.0,34.0,216.0,481
290680,2015,21.0,3.0,6.0,7.0,4.0,26.0,16.0,22.0,28.0,41.0,201.0,480
290680,2016,15.0,1.0,1.0,5.0,3.0,40.0,25.0,39.0,17.0,59.0,213.0,476
290680,2017,31.0,1.0,6.0,9.0,6.0,33.0,15.0,22.0,28.0,48.0,219.0,502
290680,2018,13.0,0.0,4.0,10.0,7.0,55.0,31.0,19.0,31.0,42.0,228.0,467
290680,2019,11.0,0.0,0.0,6.0,5.0,60.0,25.0,20.0,28.0,36.0,197.0,469
290682,2012,7.0,0.0,2.0,0.0,3.0,0.0,2.0,0.0,13.0,21.0,53.0,221
290682,2013,0.0,0.0,0.0,0.0,0.0,0.0,0.0,0.0,0.0,0.0,45.0,191
290682,2014,2.0,1.0,4.0,3.0,0.0,13.0,7.0,5.0,10.0,8.0,59.0,247
290682,2015,6.0,1.0,9.0,2.0,2.0,8.0,6.0,3.0,8.0,6.0,54.0,233
290682,2016,6.0,0.0,6.0,0.0,1.0,8.0,4.0,10.0,3.0,9.0,48.0,209
290682,2017,4.0,1.0,3.0,2.0,2.0,18.0,4.0,4.0,12.0,13.0,64.0,232
290682,2018,7.0,0.0,2.0,1.0,0.0,15.0,7.0,6.0,9.0,10.0,58.0,220
290682,2019,9.0,0.0,6.0,6.0,2.0,22.0,10.0,3.0,10.0,11.0,80.0,241
290685,2012,15.0,0.0,0.0,2.0,2.0,5.0,0.0,0.0,5.0,3.0,40.0,99
290685,2013,0.0,0.0,0.0,0.0,0.0,0.0,0.0,0.0,0.0,0.0,44.0,94
290685,2014,3.0,0.0,1.0,2.0,3.0,5.0,7.0,5.0,7.0,7.0,53.0,98
290685,2015,2.0,0.0,4.0,3.0,2.0,3.0,5.0,5.0,10.0,7.0,45.0,99
290685,2016,5.0,0.0,0.0,0.0,0.0,7.0,3.0,7.0,5.0,6.0,39.0,96
290685,2017,4.0,0.0,5.0,0.0,2.0,6.0,5.0,9.0,4.0,12.0,48.0,107
290685,2018,5.0,1.0,4.0,2.0,2.0,22.0,9.0,6.0,9.0,3.0,68.0,112
290685,2019,3.0,0.0,0.0,3.0,3.0,16.0,11.0,2.0,10.0,7.0,55.0,99
290687,2012,40.0,5.0,3.0,3.0,6.0,27.0,0.0,4.0,21.0,8.0,148.0,448
290687,2013,0.0,0.0,0.0,0.0,0.0,0.0,0.0,0.0,0.0,0.0,130.0,405
290687,2014,9.0,2.0,1.0,7.0,3.0,37.0,32.0,5.0,41.0,12.0,173.0,450
290687,2015,20.0,9.0,3.0,6.0,3.0,38.0,34.0,14.0,49.0,21.0,210.0,477
290687,2016,18.0,4.0,4.0,13.0,7.0,37.0,39.0,26.0,50.0,28.0,258.0,493
290687,2017,15.0,6.0,14.0,9.0,6.0,65.0,39.0,23.0,36.0,32.0,255.0,513
290687,2018,15.0,1.0,2.0,13.0,7.0,53.0,25.0,16.0,37.0,16.0,198.0,524
290687,2019,8.0,2.0,6.0,14.0,10.0,50.0,27.0,21.0,35.0,25.0,203.0,476
290689,2012,5.0,0.0,3.0,0.0,1.0,10.0,7.0,5.0,7.0,2.0,43.0,123
290689,2013,0.0,0.0,0.0,0.0,0.0,0.0,0.0,0.0,0.0,0.0,32.0,88
290689,2014,4.0,0.0,0.0,0.0,1.0,9.0,5.0,5.0,3.0,10.0,38.0,101
290689,2015,7.0,0.0,0.0,0.0,1.0,6.0,20.0,3.0,5.0,7.0,50.0,107
290689,2016,1.0,0.0,2.0,0.0,2.0,8.0,4.0,5.0,5.0,6.0,36.0,98
290689,2017,4.0,0.0,0.0,0.0,0.0,10.0,2.0,7.0,2.0,8.0,33.0,103
290689,2018,2.0,0.0,2.0,0.0,0.0,12.0,7.0,6.0,9.0,6.0,44.0,103
290689,2019,4.0,0.0,2.0,1.0,0.0,8.0,3.0,2.0,6.0,4.0,32.0,84
290690,2012,9.0,0.0,4.0,4.0,1.0,17.0,19.0,1.0,14.0,5.0,81.0,254
290690,2013,0.0,0.0,0.0,0.0,0.0,0.0,0.0,0.0,0.0,0.0,76.0,221
290690,2014,1.0,1.0,5.0,3.0,0.0,23.0,16.0,3.0,22.0,5.0,81.0,238
290690,2015,2.0,1.0,0.0,1.0,0.0,18.0,15.0,3.0,25.0,10.0,78.0,262
290690,2016,11.0,0.0,2.0,3.0,3.0,29.0,15.0,8.0,15.0,12.0,102.0,278
290690,2017,4.0,0.0,2.0,3.0,2.0,25.0,11.0,9.0,13.0,16.0,88.0,260
290690,2018,13.0,0.0,8.0,6.0,1.0,39.0,14.0,4.0,20.0,11.0,120.0,283
290690,2019,5.0,1.0,4.0,3.0,4.0,30.0,19.0,3.0,26.0,3.0,104.0,273
290700,2012,8.0,0.0,0.0,0.0,4.0,8.0,2.0,3.0,7.0,5.0,40.0,141
290700,2013,0.0,0.0,0.0,0.0,0.0,0.0,0.0,0.0,0.0,0.0,24.0,122
290700,2014,3.0,0.0,2.0,1.0,0.0,8.0,4.0,2.0,1.0,6.0,36.0,127
290700,2015,2.0,0.0,3.0,2.0,0.0,7.0,3.0,3.0,5.0,3.0,35.0,141
290700,2016,2.0,0.0,4.0,0.0,0.0,5.0,2.0,4.0,5.0,2.0,25.0,118
290700,2017,1.0,0.0,7.0,1.0,1.0,4.0,6.0,5.0,6.0,6.0,38.0,129
290700,2018,2.0,0.0,4.0,1.0,0.0,8.0,1.0,1.0,3.0,4.0,24.0,121
290700,2019,5.0,0.0,2.0,1.0,0.0,9.0,3.0,4.0,5.0,8.0,41.0,124
290710,2012,17.0,1.0,11.0,4.0,4.0,26.0,4.0,7.0,8.0,29.0,111.0,499
290710,2013,0.0,0.0,0.0,0.0,0.0,0.0,0.0,0.0,0.0,0.0,101.0,452
290710,2014,7.0,0.0,6.0,3.0,6.0,30.0,4.0,19.0,10.0,17.0,104.0,481
290710,2015,8.0,0.0,2.0,6.0,2.0,25.0,6.0,4.0,14.0,23.0,91.0,411
290710,2016,10.0,0.0,6.0,5.0,5.0,31.0,9.0,5.0,10.0,13.0,100.0,448
290710,2017,9.0,3.0,4.0,5.0,2.0,54.0,13.0,26.0,8.0,18.0,144.0,422
290710,2018,12.0,3.0,2.0,2.0,6.0,36.0,42.0,25.0,29.0,23.0,184.0,476
290710,2019,9.0,1.0,3.0,2.0,1.0,40.0,31.0,12.0,34.0,17.0,152.0,418
290720,2012,47.0,0.0,18.0,16.0,11.0,97.0,40.0,25.0,53.0,57.0,372.0,1120
290720,2013,0.0,0.0,0.0,0.0,0.0,0.0,0.0,0.0,0.0,0.0,389.0,1086
290720,2014,30.0,1.0,10.0,6.0,3.0,78.0,76.0,39.0,75.0,45.0,396.0,1092
290720,2015,33.0,0.0,14.0,8.0,12.0,127.0,77.0,46.0,86.0,36.0,444.0,1098
290720,2016,24.0,1.0,6.0,3.0,8.0,97.0,45.0,20.0,58.0,44.0,309.0,997
290720,2017,38.0,0.0,6.0,12.0,13.0,114.0,48.0,24.0,62.0,52.0,370.0,1087
290720,2018,29.0,2.0,17.0,12.0,5.0,104.0,45.0,35.0,73.0,31.0,353.0,1050
290720,2019,35.0,1.0,10.0,15.0,5.0,127.0,45.0,46.0,55.0,36.0,375.0,1061
290730,2012,21.0,0.0,2.0,0.0,3.0,31.0,2.0,8.0,19.0,32.0,127.0,389
290730,2013,0.0,0.0,0.0,0.0,0.0,0.0,0.0,0.0,0.0,0.0,135.0,340
290730,2014,4.0,0.0,2.0,5.0,2.0,22.0,3.0,11.0,9.0,29.0,100.0,260
290730,2015,6.0,0.0,4.0,6.0,1.0,26.0,7.0,19.0,13.0,39.0,128.0,340
290730,2016,7.0,1.0,2.0,2.0,2.0,35.0,6.0,19.0,16.0,28.0,118.0,318
290730,2017,13.0,0.0,6.0,7.0,7.0,42.0,12.0,12.0,30.0,28.0,157.0,354
290730,2018,9.0,1.0,7.0,6.0,1.0,33.0,14.0,13.0,30.0,30.0,144.0,311
290730,2019,7.0,0.0,0.0,2.0,2.0,30.0,8.0,4.0,18.0,23.0,102.0,290
290740,2012,1.0,1.0,0.0,1.0,1.0,4.0,6.0,3.0,6.0,3.0,26.0,49
290740,2013,0.0,0.0,0.0,0.0,0.0,0.0,0.0,0.0,0.0,0.0,11.0,46
290740,2014,2.0,1.0,0.0,0.0,3.0,6.0,7.0,3.0,4.0,4.0,30.0,49
290740,2015,2.0,0.0,0.0,1.0,0.0,8.0,3.0,3.0,5.0,5.0,29.0,65
290740,2016,3.0,0.0,1.0,3.0,0.0,3.0,3.0,0.0,1.0,4.0,18.0,45
290740,2017,2.0,0.0,2.0,0.0,0.0,8.0,2.0,5.0,1.0,4.0,26.0,59
290740,2018,0.0,0.0,0.0,1.0,0.0,5.0,2.0,0.0,3.0,2.0,13.0,38
290740,2019,1.0,0.0,2.0,2.0,0.0,10.0,2.0,0.0,5.0,4.0,27.0,50
290750,2012,60.0,0.0,4.0,9.0,8.0,88.0,16.0,20.0,67.0,85.0,385.0,679
290750,2013,0.0,0.0,0.0,0.0,0.0,0.0,0.0,0.0,0.0,0.0,381.0,698
290750,2014,16.0,1.0,6.0,4.0,10.0,98.0,21.0,26.0,86.0,88.0,368.0,686
290750,2015,23.0,1.0,12.0,11.0,6.0,103.0,19.0,19.0,64.0,69.0,352.0,672
290750,2016,20.0,0.0,8.0,5.0,6.0,78.0,23.0,20.0,47.0,50.0,265.0,595
290750,2017,15.0,3.0,6.0,8.0,5.0,69.0,26.0,16.0,55.0,43.0,249.0,563
290750,2018,20.0,0.0,12.0,7.0,4.0,78.0,19.0,16.0,41.0,34.0,235.0,540
290750,2019,20.0,0.0,20.0,9.0,5.0,79.0,5.0,17.0,40.0,41.0,243.0,527
290755,2012,10.0,0.0,0.0,0.0,1.0,14.0,1.0,0.0,3.0,9.0,62.0,109
290755,2013,0.0,0.0,0.0,0.0,0.0,0.0,0.0,0.0,0.0,0.0,75.0,107
290755,2014,3.0,0.0,3.0,0.0,0.0,9.0,4.0,7.0,7.0,18.0,54.0,74
290755,2015,2.0,0.0,1.0,0.0,0.0,10.0,2.0,3.0,2.0,8.0,32.0,86
290755,2016,4.0,0.0,4.0,0.0,0.0,21.0,2.0,1.0,1.0,13.0,49.0,113
290755,2017,0.0,0.0,2.0,0.0,2.0,16.0,2.0,1.0,5.0,6.0,34.0,79
290755,2018,3.0,0.0,0.0,0.0,2.0,17.0,5.0,0.0,12.0,6.0,47.0,108
290755,2019,3.0,0.0,2.0,2.0,0.0,11.0,2.0,4.0,8.0,7.0,41.0,90
290760,2012,11.0,0.0,4.0,7.0,3.0,21.0,2.0,6.0,10.0,12.0,80.0,263
290760,2013,0.0,0.0,0.0,0.0,0.0,0.0,0.0,0.0,0.0,0.0,60.0,227
290760,2014,5.0,0.0,4.0,4.0,1.0,24.0,9.0,7.0,7.0,6.0,67.0,248
290760,2015,9.0,0.0,0.0,1.0,1.0,12.0,4.0,6.0,4.0,15.0,52.0,211
290760,2016,7.0,0.0,4.0,0.0,4.0,13.0,4.0,4.0,7.0,4.0,47.0,212
290760,2017,6.0,0.0,2.0,5.0,11.0,16.0,4.0,5.0,10.0,11.0,70.0,240
290760,2018,7.0,0.0,2.0,5.0,2.0,12.0,7.0,4.0,11.0,12.0,62.0,237
290760,2019,4.0,0.0,0.0,0.0,3.0,22.0,6.0,3.0,12.0,11.0,62.0,217
290770,2012,8.0,0.0,2.0,0.0,0.0,8.0,3.0,6.0,7.0,16.0,51.0,180
290770,2013,0.0,0.0,0.0,0.0,0.0,0.0,0.0,0.0,0.0,0.0,36.0,151
290770,2014,2.0,0.0,6.0,0.0,1.0,15.0,6.0,6.0,11.0,12.0,62.0,163
290770,2015,3.0,0.0,0.0,1.0,0.0,11.0,3.0,3.0,6.0,9.0,40.0,160
290770,2016,3.0,2.0,3.0,2.0,1.0,16.0,3.0,9.0,7.0,10.0,58.0,155
290770,2017,3.0,0.0,2.0,0.0,1.0,14.0,5.0,4.0,5.0,10.0,47.0,181
290770,2018,3.0,0.0,6.0,0.0,1.0,15.0,11.0,8.0,7.0,12.0,66.0,181
290770,2019,3.0,0.0,3.0,1.0,3.0,11.0,7.0,7.0,7.0,5.0,50.0,145
290780,2012,17.0,5.0,5.0,3.0,4.0,20.0,2.0,5.0,18.0,40.0,132.0,353
290780,2013,0.0,0.0,0.0,0.0,0.0,0.0,0.0,0.0,0.0,0.0,124.0,364
290780,2014,11.0,1.0,0.0,3.0,5.0,20.0,8.0,16.0,12.0,35.0,126.0,329
290780,2015,9.0,1.0,0.0,5.0,2.0,28.0,6.0,14.0,18.0,20.0,112.0,310
290780,2016,18.0,1.0,9.0,3.0,2.0,28.0,14.0,18.0,13.0,34.0,167.0,337
290780,2017,10.0,2.0,8.0,6.0,4.0,28.0,5.0,14.0,9.0,26.0,134.0,358
290780,2018,11.0,1.0,2.0,2.0,2.0,28.0,3.0,10.0,21.0,40.0,132.0,326
290780,2019,12.0,0.0,3.0,2.0,1.0,44.0,16.0,19.0,32.0,31.0,163.0,312
290790,2012,12.0,0.0,3.0,1.0,1.0,2.0,1.0,3.0,19.0,34.0,79.0,290
290790,2013,0.0,0.0,0.0,0.0,0.0,0.0,0.0,0.0,0.0,0.0,100.0,291
290790,2014,9.0,0.0,0.0,2.0,2.0,14.0,3.0,10.0,7.0,18.0,72.0,220
290790,2015,3.0,0.0,2.0,6.0,5.0,14.0,4.0,7.0,13.0,14.0,76.0,256
290790,2016,9.0,0.0,2.0,3.0,0.0,22.0,2.0,7.0,9.0,9.0,65.0,273
290790,2017,6.0,1.0,6.0,6.0,0.0,23.0,5.0,14.0,13.0,20.0,105.0,297
290790,2018,12.0,2.0,8.0,3.0,3.0,16.0,7.0,12.0,12.0,26.0,106.0,286
290790,2019,15.0,2.0,7.0,2.0,3.0,27.0,10.0,12.0,17.0,22.0,118.0,308
290800,2012,11.0,1.0,2.0,1.0,1.0,22.0,5.0,6.0,8.0,21.0,78.0,302
290800,2013,0.0,0.0,0.0,0.0,0.0,0.0,0.0,0.0,0.0,0.0,87.0,283
290800,2014,4.0,0.0,2.0,0.0,1.0,26.0,20.0,5.0,26.0,6.0,90.0,266
290800,2015,7.0,0.0,4.0,2.0,2.0,28.0,10.0,3.0,17.0,21.0,94.0,276
290800,2016,8.0,1.0,4.0,2.0,4.0,25.0,7.0,8.0,12.0,8.0,79.0,255
290800,2017,6.0,0.0,2.0,4.0,1.0,19.0,2.0,9.0,11.0,17.0,71.0,266
290800,2018,6.0,0.0,6.0,2.0,7.0,32.0,7.0,9.0,9.0,14.0,92.0,255
290800,2019,6.0,0.0,1.0,1.0,2.0,28.0,10.0,8.0,4.0,14.0,74.0,228
290810,2012,27.0,0.0,2.0,2.0,2.0,22.0,4.0,7.0,16.0,17.0,119.0,260
290810,2013,0.0,0.0,0.0,0.0,0.0,0.0,0.0,0.0,0.0,0.0,95.0,228
290810,2014,11.0,5.0,4.0,1.0,3.0,26.0,13.0,8.0,13.0,10.0,113.0,284
290810,2015,4.0,0.0,6.0,1.0,2.0,16.0,3.0,8.0,6.0,32.0,113.0,261
290810,2016,6.0,4.0,2.0,8.0,6.0,8.0,3.0,7.0,9.0,16.0,107.0,231
290810,2017,7.0,0.0,2.0,2.0,1.0,42.0,1.0,2.0,0.0,0.0,88.0,274
290810,2018,4.0,3.0,5.0,4.0,0.0,38.0,3.0,3.0,3.0,4.0,119.0,274
290810,2019,8.0,3.0,0.0,8.0,7.0,49.0,9.0,6.0,9.0,17.0,144.0,287
290820,2012,57.0,0.0,3.0,1.0,3.0,15.0,0.0,0.0,4.0,1.0,114.0,296
290820,2013,0.0,0.0,0.0,0.0,0.0,0.0,0.0,0.0,0.0,0.0,88.0,233
290820,2014,6.0,0.0,3.0,1.0,2.0,10.0,2.0,6.0,7.0,26.0,81.0,224
290820,2015,12.0,0.0,2.0,3.0,3.0,12.0,0.0,12.0,11.0,31.0,94.0,242
290820,2016,4.0,1.0,0.0,2.0,0.0,24.0,2.0,15.0,5.0,18.0,77.0,207
290820,2017,7.0,0.0,0.0,1.0,2.0,13.0,4.0,17.0,9.0,30.0,84.0,223
290820,2018,5.0,1.0,0.0,2.0,2.0,35.0,3.0,18.0,8.0,26.0,102.0,289
290820,2019,11.0,0.0,2.0,5.0,1.0,30.0,4.0,12.0,13.0,27.0,106.0,244
290830,2012,14.0,0.0,0.0,4.0,2.0,26.0,8.0,2.0,17.0,17.0,101.0,168
290830,2013,0.0,0.0,0.0,0.0,0.0,0.0,0.0,0.0,0.0,0.0,76.0,138
290830,2014,6.0,0.0,0.0,2.0,2.0,18.0,7.0,9.0,18.0,11.0,75.0,146
290830,2015,8.0,0.0,4.0,0.0,3.0,19.0,6.0,12.0,21.0,21.0,97.0,163
290830,2016,7.0,0.0,4.0,2.0,2.0,21.0,16.0,8.0,26.0,19.0,107.0,180
290830,2017,9.0,0.0,6.0,3.0,0.0,20.0,3.0,13.0,9.0,25.0,90.0,153
290830,2018,7.0,0.0,0.0,1.0,2.0,45.0,4.0,14.0,4.0,24.0,103.0,172
290830,2019,3.0,0.0,2.0,0.0,0.0,25.0,3.0,8.0,3.0,29.0,74.0,146
290840,2012,158.0,1.0,14.0,6.0,10.0,101.0,16.0,40.0,41.0,100.0,564.0,1041
290840,2013,0.0,0.0,0.0,0.0,0.0,0.0,0.0,0.0,0.0,0.0,519.0,1020
290840,2014,19.0,1.0,17.0,17.0,12.0,147.0,49.0,61.0,64.0,80.0,528.0,1074
290840,2015,21.0,3.0,8.0,16.0,16.0,140.0,63.0,35.0,100.0,72.0,524.0,1096
290840,2016,31.0,1.0,10.0,16.0,12.0,122.0,82.0,55.0,87.0,96.0,548.0,1048
290840,2017,28.0,0.0,14.0,18.0,10.0,146.0,67.0,70.0,106.0,95.0,600.0,1074
290840,2018,38.0,3.0,6.0,13.0,7.0,158.0,62.0,46.0,92.0,75.0,521.0,1059
290840,2019,24.0,3.0,16.0,11.0,13.0,161.0,46.0,51.0,53.0,88.0,484.0,1022
290850,2012,135.0,1.0,5.0,1.0,7.0,15.0,1.0,0.0,8.0,11.0,214.0,436
290850,2013,0.0,0.0,0.0,0.0,0.0,0.0,0.0,0.0,0.0,0.0,178.0,414
290850,2014,5.0,1.0,6.0,3.0,4.0,22.0,5.0,14.0,26.0,33.0,188.0,419
290850,2015,8.0,0.0,13.0,3.0,6.0,31.0,11.0,10.0,25.0,43.0,170.0,410
290850,2016,17.0,1.0,10.0,2.0,4.0,34.0,7.0,9.0,27.0,30.0,154.0,370
290850,2017,7.0,0.0,5.0,1.0,4.0,40.0,13.0,12.0,21.0,43.0,149.0,363
290850,2018,12.0,0.0,8.0,2.0,5.0,43.0,14.0,16.0,32.0,39.0,172.0,359
290850,2019,12.0,1.0,11.0,5.0,4.0,29.0,13.0,14.0,35.0,23.0,149.0,309
290860,2012,10.0,0.0,4.0,0.0,2.0,15.0,1.0,10.0,6.0,12.0,62.0,331
290860,2013,0.0,0.0,0.0,0.0,0.0,0.0,0.0,0.0,0.0,0.0,65.0,319
290860,2014,5.0,0.0,3.0,4.0,1.0,13.0,6.0,11.0,8.0,32.0,90.0,356
290860,2015,4.0,0.0,4.0,1.0,1.0,17.0,8.0,9.0,5.0,16.0,67.0,358
290860,2016,4.0,0.0,6.0,3.0,1.0,13.0,2.0,7.0,9.0,13.0,59.0,318
290860,2017,7.0,0.0,2.0,2.0,1.0,23.0,4.0,11.0,13.0,19.0,83.0,362
290860,2018,6.0,0.0,0.0,4.0,1.0,25.0,7.0,14.0,8.0,14.0,81.0,351
290860,2019,5.0,1.0,4.0,2.0,1.0,28.0,11.0,5.0,15.0,9.0,83.0,337
290870,2012,2.0,0.0,2.0,2.0,1.0,16.0,5.0,2.0,11.0,9.0,51.0,186
290870,2013,0.0,0.0,0.0,0.0,0.0,0.0,0.0,0.0,0.0,0.0,69.0,213
290870,2014,8.0,1.0,0.0,5.0,3.0,18.0,5.0,13.0,13.0,11.0,79.0,196
290870,2015,4.0,0.0,0.0,2.0,1.0,24.0,8.0,3.0,17.0,11.0,75.0,199
290870,2016,6.0,0.0,2.0,0.0,1.0,25.0,8.0,13.0,13.0,14.0,88.0,212
290870,2017,10.0,1.0,2.0,3.0,2.0,20.0,7.0,10.0,5.0,17.0,77.0,179
290870,2018,5.0,0.0,4.0,3.0,2.0,25.0,9.0,9.0,16.0,13.0,86.0,188
290870,2019,9.0,0.0,2.0,5.0,0.0,25.0,14.0,9.0,14.0,8.0,98.0,201
290880,2012,0.0,0.0,3.0,0.0,0.0,3.0,0.0,2.0,3.0,1.0,16.0,52
290880,2013,0.0,0.0,0.0,0.0,0.0,0.0,0.0,0.0,0.0,0.0,22.0,45
290880,2014,1.0,0.0,0.0,1.0,0.0,5.0,2.0,0.0,12.0,1.0,22.0,55
290880,2015,1.0,0.0,0.0,1.0,0.0,5.0,2.0,3.0,8.0,2.0,22.0,41
290880,2016,0.0,0.0,0.0,0.0,2.0,6.0,4.0,1.0,5.0,1.0,21.0,38
290880,2017,1.0,0.0,0.0,1.0,0.0,2.0,2.0,1.0,3.0,2.0,12.0,34
290880,2018,0.0,0.0,2.0,0.0,0.0,7.0,0.0,0.0,5.0,2.0,18.0,41
290880,2019,2.0,0.0,0.0,2.0,0.0,6.0,2.0,5.0,5.0,1.0,25.0,47
290890,2012,83.0,0.0,4.0,1.0,4.0,9.0,0.0,0.0,9.0,7.0,129.0,330
290890,2013,0.0,0.0,0.0,0.0,0.0,0.0,0.0,0.0,0.0,0.0,120.0,283
290890,2014,6.0,0.0,4.0,0.0,1.0,9.0,4.0,9.0,25.0,23.0,129.0,282
290890,2015,6.0,0.0,3.0,2.0,7.0,17.0,5.0,9.0,16.0,22.0,115.0,280
290890,2016,4.0,0.0,4.0,1.0,1.0,20.0,5.0,10.0,22.0,31.0,102.0,261
290890,2017,5.0,0.0,2.0,2.0,1.0,33.0,9.0,7.0,27.0,34.0,124.0,268
290890,2018,6.0,0.0,2.0,3.0,1.0,28.0,11.0,7.0,21.0,37.0,118.0,263
290890,2019,10.0,0.0,4.0,3.0,2.0,16.0,7.0,10.0,29.0,26.0,108.0,236
290900,2012,1.0,1.0,0.0,0.0,3.0,5.0,3.0,4.0,2.0,2.0,23.0,76
290900,2013,0.0,0.0,0.0,0.0,0.0,0.0,0.0,0.0,0.0,0.0,32.0,76
290900,2014,3.0,0.0,2.0,2.0,2.0,5.0,2.0,5.0,5.0,8.0,34.0,72
290900,2015,3.0,0.0,2.0,0.0,0.0,9.0,5.0,6.0,9.0,6.0,40.0,76
290900,2016,4.0,0.0,4.0,1.0,0.0,7.0,3.0,3.0,1.0,3.0,33.0,87
290900,2017,0.0,1.0,0.0,1.0,1.0,12.0,3.0,4.0,7.0,10.0,39.0,80
290900,2018,1.0,0.0,2.0,1.0,1.0,9.0,4.0,5.0,4.0,11.0,38.0,84
290900,2019,4.0,0.0,2.0,2.0,1.0,8.0,0.0,1.0,7.0,6.0,33.0,81
290910,2012,10.0,0.0,2.0,3.0,1.0,14.0,3.0,4.0,8.0,11.0,64.0,154
290910,2013,0.0,0.0,0.0,0.0,0.0,0.0,0.0,0.0,0.0,0.0,69.0,157
290910,2014,0.0,0.0,2.0,1.0,0.0,3.0,2.0,1.0,3.0,2.0,87.0,193
290910,2015,1.0,0.0,0.0,0.0,0.0,2.0,1.0,0.0,0.0,5.0,67.0,163
290910,2016,6.0,2.0,4.0,4.0,3.0,19.0,1.0,9.0,4.0,20.0,90.0,178
290910,2017,7.0,0.0,0.0,10.0,7.0,15.0,5.0,13.0,3.0,14.0,84.0,168
290910,2018,8.0,0.0,7.0,1.0,0.0,34.0,5.0,13.0,7.0,19.0,112.0,209
290910,2019,9.0,1.0,3.0,1.0,3.0,33.0,10.0,17.0,16.0,25.0,127.0,197
290920,2012,10.0,0.0,4.0,1.0,0.0,17.0,1.0,4.0,6.0,10.0,64.0,216
290920,2013,0.0,0.0,0.0,0.0,0.0,0.0,0.0,0.0,0.0,0.0,44.0,216
290920,2014,5.0,0.0,4.0,1.0,0.0,15.0,4.0,6.0,12.0,9.0,57.0,183
290920,2015,5.0,0.0,3.0,2.0,1.0,10.0,8.0,8.0,8.0,18.0,66.0,186
290920,2016,3.0,0.0,6.0,2.0,0.0,12.0,5.0,7.0,6.0,11.0,66.0,191
290920,2017,4.0,0.0,3.0,1.0,2.0,15.0,6.0,6.0,10.0,7.0,56.0,192
290920,2018,6.0,0.0,4.0,3.0,2.0,12.0,2.0,10.0,13.0,17.0,71.0,209
290920,2019,9.0,0.0,2.0,3.0,3.0,17.0,10.0,7.0,9.0,16.0,76.0,213
290930,2012,30.0,0.0,2.0,8.0,4.0,22.0,8.0,4.0,21.0,24.0,141.0,454
290930,2013,0.0,0.0,0.0,0.0,0.0,0.0,0.0,0.0,0.0,0.0,138.0,425
290930,2014,10.0,0.0,4.0,6.0,1.0,28.0,19.0,21.0,14.0,31.0,139.0,421
290930,2015,16.0,3.0,0.0,5.0,4.0,26.0,12.0,18.0,25.0,23.0,149.0,470
290930,2016,12.0,1.0,4.0,3.0,4.0,48.0,6.0,14.0,14.0,24.0,137.0,431
290930,2017,7.0,0.0,10.0,7.0,4.0,41.0,16.0,7.0,19.0,43.0,175.0,422
290930,2018,8.0,2.0,2.0,1.0,4.0,54.0,10.0,10.0,27.0,19.0,157.0,439
290930,2019,7.0,2.0,1.0,5.0,2.0,48.0,10.0,9.0,21.0,24.0,150.0,400
290940,2012,5.0,1.0,3.0,1.0,1.0,17.0,11.0,6.0,8.0,14.0,68.0,178
290940,2013,0.0,0.0,0.0,0.0,0.0,0.0,0.0,0.0,0.0,0.0,51.0,184
290940,2014,6.0,1.0,0.0,4.0,1.0,16.0,11.0,8.0,13.0,9.0,71.0,178
290940,2015,11.0,1.0,2.0,1.0,4.0,22.0,10.0,3.0,15.0,10.0,79.0,170
290940,2016,3.0,1.0,0.0,1.0,0.0,18.0,7.0,8.0,12.0,5.0,55.0,154
290940,2017,5.0,0.0,2.0,4.0,2.0,22.0,5.0,2.0,8.0,14.0,65.0,155
290940,2018,4.0,0.0,1.0,1.0,1.0,21.0,4.0,4.0,13.0,11.0,60.0,177
290940,2019,7.0,2.0,4.0,1.0,1.0,21.0,5.0,3.0,9.0,13.0,68.0,168
290950,2012,3.0,0.0,2.0,0.0,2.0,3.0,1.0,0.0,1.0,2.0,18.0,51
290950,2013,0.0,0.0,0.0,0.0,0.0,0.0,0.0,0.0,0.0,0.0,18.0,50
290950,2014,2.0,0.0,0.0,1.0,1.0,6.0,1.0,3.0,0.0,4.0,18.0,56
290950,2015,0.0,0.0,0.0,0.0,2.0,7.0,0.0,0.0,1.0,8.0,18.0,58
290950,2016,1.0,3.0,0.0,5.0,1.0,4.0,1.0,3.0,1.0,6.0,27.0,67
290950,2017,3.0,0.0,4.0,1.0,1.0,13.0,0.0,2.0,1.0,4.0,29.0,76
290950,2018,2.0,0.0,2.0,0.0,0.0,8.0,0.0,1.0,1.0,6.0,23.0,58
290950,2019,1.0,0.0,0.0,1.0,1.0,9.0,0.0,3.0,4.0,7.0,26.0,58
290960,2012,7.0,0.0,3.0,1.0,2.0,12.0,3.0,2.0,5.0,3.0,39.0,278
290960,2013,0.0,0.0,0.0,0.0,0.0,0.0,0.0,0.0,0.0,0.0,56.0,254
290960,2014,1.0,0.0,7.0,3.0,1.0,6.0,4.0,1.0,4.0,9.0,41.0,253
290960,2015,1.0,0.0,0.0,0.0,1.0,11.0,6.0,3.0,9.0,7.0,43.0,285
290960,2016,7.0,0.0,4.0,2.0,0.0,8.0,5.0,4.0,6.0,10.0,49.0,274
290960,2017,5.0,1.0,6.0,2.0,2.0,12.0,2.0,4.0,3.0,7.0,46.0,265
290960,2018,5.0,0.0,2.0,1.0,4.0,11.0,5.0,14.0,7.0,16.0,69.0,262
290960,2019,4.0,0.0,2.0,1.0,3.0,12.0,4.0,5.0,1.0,14.0,47.0,209
290970,2012,7.0,0.0,6.0,1.0,2.0,26.0,10.0,5.0,21.0,15.0,93.0,205
290970,2013,0.0,0.0,0.0,0.0,0.0,0.0,0.0,0.0,0.0,0.0,74.0,169
290970,2014,9.0,2.0,2.0,6.0,6.0,20.0,19.0,8.0,20.0,14.0,107.0,186
290970,2015,6.0,1.0,6.0,6.0,5.0,20.0,7.0,6.0,19.0,10.0,92.0,179
290970,2016,6.0,0.0,0.0,3.0,0.0,14.0,5.0,2.0,18.0,5.0,55.0,151
290970,2017,4.0,1.0,4.0,4.0,4.0,19.0,11.0,3.0,13.0,19.0,82.0,170
290970,2018,3.0,0.0,5.0,6.0,3.0,28.0,6.0,6.0,13.0,16.0,88.0,174
290970,2019,7.0,0.0,0.0,4.0,1.0,27.0,4.0,9.0,23.0,30.0,111.0,197
290980,2012,82.0,0.0,16.0,3.0,6.0,83.0,31.0,41.0,60.0,139.0,478.0,762
290980,2013,0.0,0.0,0.0,0.0,0.0,0.0,0.0,0.0,0.0,0.0,527.0,816
290980,2014,40.0,1.0,12.0,7.0,8.0,115.0,54.0,45.0,62.0,86.0,458.0,765
290980,2015,39.0,2.0,9.0,15.0,8.0,123.0,35.0,70.0,59.0,136.0,520.0,838
290980,2016,46.0,2.0,11.0,7.0,3.0,114.0,31.0,70.0,58.0,129.0,509.0,797
290980,2017,38.0,2.0,20.0,13.0,0.0,127.0,17.0,60.0,32.0,132.0,446.0,843
290980,2018,33.0,1.0,25.0,10.0,10.0,138.0,15.0,63.0,44.0,148.0,499.0,809
290980,2019,23.0,0.0,12.0,14.0,7.0,136.0,15.0,65.0,40.0,147.0,465.0,717
290990,2012,10.0,1.0,4.0,6.0,8.0,34.0,11.0,20.0,15.0,32.0,143.0,525
290990,2013,0.0,0.0,0.0,0.0,0.0,0.0,0.0,0.0,0.0,0.0,129.0,459
290990,2014,15.0,3.0,9.0,12.0,5.0,37.0,14.0,36.0,16.0,25.0,172.0,524
290990,2015,15.0,0.0,0.0,2.0,4.0,45.0,17.0,49.0,15.0,31.0,179.0,495
290990,2016,11.0,0.0,8.0,7.0,2.0,49.0,23.0,25.0,13.0,18.0,157.0,477
290990,2017,15.0,1.0,4.0,5.0,3.0,55.0,15.0,42.0,20.0,26.0,190.0,567
290990,2018,9.0,0.0,0.0,12.0,1.0,56.0,26.0,35.0,30.0,26.0,196.0,561
290990,2019,23.0,2.0,5.0,9.0,6.0,56.0,23.0,23.0,38.0,18.0,206.0,586
291000,2012,12.0,0.0,2.0,0.0,4.0,14.0,1.0,11.0,7.0,15.0,68.0,183
291000,2013,0.0,0.0,0.0,0.0,0.0,0.0,0.0,0.0,0.0,0.0,82.0,142
291000,2014,8.0,0.0,0.0,1.0,1.0,17.0,3.0,18.0,5.0,14.0,74.0,130
291000,2015,4.0,0.0,0.0,1.0,1.0,11.0,8.0,10.0,7.0,18.0,69.0,144
291000,2016,4.0,0.0,4.0,4.0,2.0,21.0,3.0,14.0,3.0,24.0,84.0,170
291000,2017,8.0,0.0,5.0,0.0,4.0,20.0,3.0,11.0,1.0,14.0,69.0,169
291000,2018,4.0,0.0,2.0,1.0,1.0,23.0,0.0,11.0,5.0,24.0,76.0,147
291000,2019,9.0,0.0,6.0,0.0,1.0,26.0,0.0,8.0,1.0,27.0,79.0,153
291005,2012,78.0,3.0,5.0,11.0,14.0,97.0,26.0,16.0,91.0,43.0,407.0,1116
291005,2013,0.0,0.0,0.0,0.0,0.0,0.0,0.0,0.0,0.0,0.0,424.0,960
291005,2014,35.0,0.0,18.0,12.0,8.0,125.0,54.0,30.0,102.0,44.0,472.0,1066
291005,2015,39.0,0.0,17.0,14.0,7.0,143.0,59.0,24.0,96.0,37.0,458.0,1096
291005,2016,29.0,1.0,14.0,15.0,10.0,149.0,47.0,36.0,93.0,58.0,486.0,1191
291005,2017,31.0,2.0,14.0,17.0,18.0,126.0,53.0,46.0,72.0,60.0,498.0,1179
291005,2018,31.0,1.0,11.0,18.0,16.0,140.0,37.0,33.0,82.0,50.0,475.0,1143
291005,2019,29.0,1.0,15.0,17.0,12.0,143.0,45.0,22.0,68.0,64.0,434.0,1074
291010,2012,8.0,1.0,3.0,0.0,5.0,36.0,14.0,1.0,27.0,5.0,103.0,127
291010,2013,0.0,0.0,0.0,0.0,0.0,0.0,0.0,0.0,0.0,0.0,78.0,116
291010,2014,3.0,0.0,4.0,2.0,6.0,36.0,1.0,10.0,10.0,25.0,99.0,125
291010,2015,2.0,0.0,4.0,4.0,3.0,23.0,5.0,8.0,13.0,19.0,83.0,120
291010,2016,8.0,0.0,4.0,2.0,1.0,25.0,7.0,13.0,16.0,25.0,101.0,133
291010,2017,6.0,0.0,3.0,1.0,1.0,37.0,1.0,11.0,14.0,38.0,113.0,166
291010,2018,1.0,0.0,4.0,3.0,2.0,21.0,2.0,11.0,4.0,19.0,110.0,142
291010,2019,3.0,0.0,4.0,3.0,3.0,25.0,6.0,5.0,9.0,21.0,98.0,130
291020,2012,2.0,0.0,0.0,0.0,1.0,9.0,0.0,0.0,1.0,6.0,24.0,40
291020,2013,0.0,0.0,0.0,0.0,0.0,0.0,0.0,0.0,0.0,0.0,28.0,50
291020,2014,0.0,0.0,0.0,0.0,0.0,6.0,2.0,1.0,1.0,8.0,19.0,38
291020,2015,3.0,0.0,0.0,0.0,1.0,9.0,3.0,0.0,4.0,5.0,28.0,46
291020,2016,4.0,0.0,0.0,0.0,1.0,10.0,3.0,1.0,5.0,12.0,36.0,58
291020,2017,1.0,0.0,2.0,2.0,0.0,5.0,0.0,4.0,3.0,13.0,30.0,58
291020,2018,2.0,0.0,2.0,0.0,0.0,10.0,2.0,2.0,3.0,9.0,30.0,51
291020,2019,3.0,0.0,2.0,1.0,0.0,9.0,3.0,5.0,6.0,6.0,35.0,54
291030,2012,3.0,0.0,5.0,0.0,0.0,14.0,1.0,0.0,6.0,14.0,50.0,75
291030,2013,0.0,0.0,0.0,0.0,0.0,0.0,0.0,0.0,0.0,0.0,54.0,102
291030,2014,3.0,0.0,0.0,1.0,2.0,11.0,2.0,6.0,0.0,13.0,38.0,61
291030,2015,5.0,0.0,0.0,2.0,0.0,11.0,4.0,6.0,2.0,10.0,41.0,87
291030,2016,1.0,1.0,0.0,1.0,0.0,11.0,2.0,3.0,4.0,13.0,36.0,67
291030,2017,1.0,0.0,0.0,3.0,0.0,13.0,4.0,5.0,3.0,17.0,46.0,79
291030,2018,3.0,0.0,0.0,0.0,0.0,12.0,6.0,13.0,6.0,17.0,57.0,80
291030,2019,4.0,0.0,2.0,1.0,1.0,21.0,3.0,12.0,2.0,19.0,65.0,83
291040,2012,5.0,0.0,2.0,3.0,1.0,14.0,14.0,7.0,10.0,2.0,65.0,300
291040,2013,0.0,0.0,0.0,0.0,0.0,0.0,0.0,0.0,0.0,0.0,63.0,301
291040,2014,10.0,0.0,0.0,5.0,1.0,19.0,5.0,6.0,8.0,11.0,65.0,239
291040,2015,7.0,0.0,4.0,1.0,2.0,16.0,10.0,6.0,13.0,14.0,76.0,294
291040,2016,8.0,0.0,2.0,3.0,0.0,19.0,5.0,7.0,10.0,14.0,72.0,275
291040,2017,5.0,0.0,2.0,2.0,2.0,20.0,6.0,11.0,5.0,6.0,59.0,252
291040,2018,9.0,0.0,2.0,2.0,2.0,9.0,13.0,17.0,14.0,16.0,84.0,275
291040,2019,8.0,0.0,9.0,3.0,2.0,16.0,1.0,6.0,9.0,15.0,75.0,268
291050,2012,32.0,0.0,6.0,4.0,4.0,39.0,10.0,4.0,32.0,26.0,169.0,603
291050,2013,0.0,0.0,0.0,0.0,0.0,0.0,0.0,0.0,0.0,0.0,192.0,608
291050,2014,14.0,0.0,10.0,6.0,6.0,36.0,16.0,17.0,27.0,39.0,189.0,529
291050,2015,9.0,1.0,6.0,1.0,2.0,27.0,9.0,19.0,35.0,23.0,154.0,537
291050,2016,6.0,0.0,10.0,1.0,6.0,30.0,9.0,19.0,24.0,23.0,146.0,558
291050,2017,11.0,0.0,2.0,4.0,8.0,39.0,13.0,13.0,32.0,26.0,152.0,550
291050,2018,9.0,1.0,12.0,4.0,3.0,45.0,15.0,19.0,16.0,34.0,161.0,539
291050,2019,12.0,0.0,4.0,6.0,2.0,41.0,18.0,16.0,32.0,28.0,162.0,529
291060,2012,17.0,1.0,3.0,4.0,2.0,20.0,12.0,5.0,15.0,19.0,106.0,521
291060,2013,0.0,0.0,0.0,0.0,0.0,0.0,0.0,0.0,0.0,0.0,95.0,512
291060,2014,5.0,0.0,0.0,5.0,2.0,17.0,4.0,12.0,16.0,15.0,79.0,449
291060,2015,7.0,1.0,9.0,5.0,10.0,18.0,7.0,7.0,16.0,9.0,99.0,468
291060,2016,8.0,0.0,0.0,2.0,4.0,19.0,8.0,7.0,10.0,14.0,72.0,457
291060,2017,9.0,0.0,2.0,3.0,0.0,33.0,7.0,11.0,14.0,14.0,96.0,480
291060,2018,9.0,0.0,2.0,5.0,0.0,27.0,3.0,14.0,23.0,15.0,99.0,553
291060,2019,8.0,0.0,8.0,4.0,1.0,22.0,13.0,17.0,12.0,24.0,110.0,485
291070,2012,41.0,1.0,18.0,5.0,9.0,29.0,13.0,12.0,43.0,40.0,241.0,815
291070,2013,0.0,0.0,0.0,0.0,0.0,0.0,0.0,0.0,0.0,0.0,206.0,704
291070,2014,12.0,3.0,10.0,4.0,8.0,44.0,19.0,15.0,37.0,44.0,260.0,765
291070,2015,8.0,3.0,4.0,6.0,9.0,40.0,19.0,12.0,31.0,31.0,233.0,769
291070,2016,14.0,1.0,20.0,6.0,6.0,47.0,11.0,47.0,15.0,69.0,270.0,745
291070,2017,26.0,1.0,8.0,8.0,6.0,62.0,28.0,54.0,39.0,86.0,347.0,786
291070,2018,32.0,0.0,9.0,7.0,3.0,88.0,35.0,76.0,49.0,92.0,413.0,880
291070,2019,26.0,1.0,8.0,8.0,6.0,100.0,67.0,66.0,58.0,67.0,425.0,789
291072,2012,140.0,3.0,23.0,9.0,10.0,230.0,53.0,61.0,128.0,120.0,821.0,1837
291072,2013,0.0,0.0,0.0,0.0,0.0,0.0,0.0,0.0,0.0,0.0,804.0,1694
291072,2014,54.0,19.0,25.0,34.0,29.0,156.0,70.0,61.0,87.0,88.0,851.0,1705
291072,2015,58.0,8.0,18.0,23.0,36.0,225.0,74.0,51.0,111.0,114.0,909.0,1795
291072,2016,85.0,8.0,16.0,17.0,9.0,219.0,82.0,64.0,95.0,138.0,892.0,1786
291072,2017,74.0,6.0,33.0,29.0,17.0,243.0,72.0,64.0,99.0,135.0,909.0,1819
291072,2018,81.0,4.0,54.0,35.0,13.0,293.0,65.0,74.0,120.0,163.0,972.0,1989
291072,2019,52.0,2.0,40.0,30.0,21.0,320.0,79.0,49.0,132.0,118.0,886.0,1973
291075,2012,7.0,0.0,0.0,0.0,1.0,9.0,2.0,2.0,7.0,13.0,44.0,199
291075,2013,0.0,0.0,0.0,0.0,0.0,0.0,0.0,0.0,0.0,0.0,57.0,203
291075,2014,4.0,0.0,4.0,1.0,2.0,12.0,3.0,5.0,5.0,18.0,59.0,197
291075,2015,4.0,0.0,2.0,2.0,1.0,9.0,8.0,10.0,5.0,11.0,55.0,166
291075,2016,5.0,0.0,3.0,0.0,2.0,10.0,3.0,5.0,9.0,16.0,57.0,198
291075,2017,4.0,0.0,3.0,2.0,1.0,7.0,3.0,10.0,10.0,15.0,55.0,191
291075,2018,5.0,2.0,2.0,1.0,2.0,13.0,5.0,7.0,9.0,16.0,71.0,218
291075,2019,4.0,1.0,0.0,3.0,2.0,18.0,4.0,10.0,8.0,15.0,65.0,182
291077,2012,2.0,0.0,0.0,1.0,0.0,4.0,1.0,2.0,3.0,5.0,19.0,52
291077,2013,0.0,0.0,0.0,0.0,0.0,0.0,0.0,0.0,0.0,0.0,16.0,36
291077,2014,1.0,1.0,0.0,0.0,0.0,4.0,2.0,5.0,1.0,11.0,25.0,48
291077,2015,1.0,0.0,4.0,1.0,1.0,2.0,1.0,1.0,2.0,2.0,16.0,48
291077,2016,4.0,1.0,0.0,0.0,0.0,6.0,3.0,1.0,5.0,4.0,27.0,51
291077,2017,1.0,0.0,2.0,1.0,0.0,5.0,1.0,2.0,2.0,2.0,18.0,36
291077,2018,2.0,0.0,0.0,1.0,0.0,4.0,1.0,1.0,1.0,2.0,17.0,32
291077,2019,1.0,0.0,0.0,2.0,2.0,10.0,1.0,3.0,1.0,1.0,22.0,46
291080,2012,3483.0,15.0,167.0,34.0,143.0,421.0,2.0,2.0,352.0,265.0,5573.0,9561
291080,2013,0.0,0.0,0.0,0.0,0.0,0.0,0.0,0.0,0.0,0.0,5277.0,9278
291080,2014,283.0,12.0,164.0,81.0,170.0,671.0,212.0,226.0,936.0,1033.0,5558.0,9671
291080,2015,301.0,14.0,167.0,91.0,119.0,1060.0,260.0,293.0,943.0,1202.0,5391.0,10350
291080,2016,384.0,11.0,160.0,103.0,127.0,1460.0,301.0,398.0,1108.0,1377.0,5606.0,10222
291080,2017,393.0,7.0,168.0,129.0,143.0,1602.0,349.0,456.0,966.0,1368.0,5686.0,10294
291080,2018,450.0,10.0,209.0,109.0,119.0,1780.0,400.0,424.0,1081.0,1293.0,5937.0,10315
291080,2019,536.0,6.0,145.0,127.0,122.0,1713.0,446.0,358.0,1201.0,1041.0,5739.0,9816
291085,2012,18.0,0.0,2.0,4.0,1.0,15.0,1.0,4.0,11.0,13.0,75.0,261
291085,2013,0.0,0.0,0.0,0.0,0.0,0.0,0.0,0.0,0.0,0.0,104.0,281
291085,2014,4.0,1.0,1.0,2.0,2.0,20.0,10.0,16.0,12.0,12.0,83.0,261
291085,2015,5.0,0.0,3.0,2.0,1.0,16.0,10.0,10.0,5.0,10.0,65.0,248
291085,2016,4.0,0.0,2.0,5.0,3.0,11.0,7.0,2.0,4.0,13.0,61.0,251
291085,2017,9.0,0.0,4.0,3.0,2.0,22.0,5.0,8.0,15.0,14.0,84.0,257
291085,2018,17.0,0.0,2.0,1.0,1.0,26.0,16.0,8.0,16.0,15.0,103.0,275
291085,2019,10.0,0.0,4.0,1.0,2.0,24.0,15.0,9.0,15.0,12.0,93.0,253
291090,2012,2.0,0.0,0.0,0.0,1.0,6.0,1.0,4.0,2.0,5.0,21.0,86
291090,2013,0.0,0.0,0.0,0.0,0.0,0.0,0.0,0.0,0.0,0.0,20.0,66
291090,2014,0.0,0.0,0.0,1.0,0.0,4.0,4.0,0.0,4.0,0.0,14.0,53
291090,2015,0.0,0.0,0.0,0.0,1.0,3.0,6.0,3.0,3.0,1.0,17.0,79
291090,2016,1.0,0.0,2.0,0.0,0.0,3.0,2.0,2.0,2.0,3.0,16.0,62
291090,2017,1.0,0.0,0.0,1.0,0.0,4.0,1.0,1.0,2.0,2.0,12.0,44
291090,2018,0.0,0.0,0.0,0.0,1.0,0.0,1.0,0.0,5.0,2.0,9.0,50
291090,2019,0.0,0.0,0.0,1.0,0.0,2.0,0.0,3.0,1.0,4.0,13.0,48
291100,2012,4.0,0.0,4.0,1.0,1.0,16.0,4.0,1.0,8.0,5.0,44.0,120
291100,2013,0.0,0.0,0.0,0.0,0.0,0.0,0.0,0.0,0.0,0.0,43.0,135
291100,2014,4.0,0.0,2.0,0.0,2.0,13.0,11.0,1.0,8.0,3.0,45.0,121
291100,2015,1.0,1.0,0.0,1.0,0.0,5.0,12.0,1.0,6.0,6.0,33.0,103
291100,2016,7.0,1.0,0.0,0.0,1.0,15.0,3.0,3.0,5.0,9.0,44.0,130
291100,2017,3.0,0.0,0.0,1.0,0.0,10.0,7.0,2.0,5.0,6.0,34.0,108
291100,2018,2.0,0.0,0.0,2.0,1.0,5.0,2.0,4.0,3.0,5.0,24.0,74
291100,2019,3.0,0.0,0.0,2.0,1.0,7.0,1.0,3.0,7.0,14.0,38.0,99
291110,2012,7.0,2.0,8.0,6.0,4.0,18.0,19.0,7.0,22.0,18.0,114.0,401
291110,2013,0.0,0.0,0.0,0.0,0.0,0.0,0.0,0.0,0.0,0.0,139.0,405
291110,2014,12.0,6.0,2.0,9.0,6.0,40.0,20.0,11.0,19.0,13.0,141.0,390
291110,2015,15.0,1.0,2.0,6.0,7.0,22.0,20.0,17.0,22.0,14.0,132.0,336
291110,2016,16.0,1.0,7.0,8.0,7.0,41.0,19.0,10.0,36.0,20.0,166.0,459
291110,2017,16.0,0.0,1.0,6.0,4.0,51.0,17.0,12.0,27.0,16.0,150.0,395
291110,2018,12.0,0.0,2.0,11.0,2.0,50.0,21.0,11.0,20.0,22.0,154.0,448
291110,2019,16.0,2.0,4.0,8.0,1.0,54.0,19.0,12.0,25.0,30.0,175.0,448
291120,2012,29.0,0.0,4.0,9.0,8.0,32.0,3.0,27.0,12.0,58.0,189.0,508
291120,2013,0.0,0.0,0.0,0.0,0.0,0.0,0.0,0.0,0.0,0.0,268.0,522
291120,2014,4.0,6.0,8.0,2.0,3.0,47.0,8.0,38.0,12.0,70.0,214.0,445
291120,2015,7.0,0.0,2.0,5.0,2.0,54.0,12.0,20.0,8.0,61.0,182.0,416
291120,2016,12.0,4.0,6.0,1.0,0.0,37.0,10.0,28.0,13.0,67.0,192.0,450
291120,2017,9.0,5.0,4.0,3.0,6.0,39.0,9.0,24.0,9.0,39.0,167.0,455
291120,2018,6.0,0.0,5.0,3.0,1.0,66.0,8.0,17.0,11.0,57.0,195.0,471
291120,2019,4.0,0.0,6.0,2.0,0.0,52.0,9.0,17.0,13.0,37.0,145.0,446
291125,2012,3.0,0.0,0.0,0.0,2.0,2.0,0.0,4.0,2.0,3.0,18.0,55
291125,2013,0.0,0.0,0.0,0.0,0.0,0.0,0.0,0.0,0.0,0.0,23.0,49
291125,2014,0.0,0.0,0.0,0.0,0.0,5.0,1.0,3.0,1.0,5.0,23.0,45
291125,2015,3.0,0.0,0.0,1.0,0.0,8.0,2.0,1.0,4.0,2.0,22.0,45
291125,2016,2.0,0.0,0.0,0.0,1.0,3.0,2.0,4.0,3.0,3.0,22.0,45
291125,2017,1.0,0.0,0.0,2.0,1.0,7.0,3.0,1.0,6.0,5.0,28.0,50
291125,2018,3.0,0.0,0.0,0.0,1.0,7.0,2.0,0.0,8.0,2.0,23.0,43
291125,2019,3.0,0.0,2.0,0.0,1.0,9.0,3.0,0.0,2.0,0.0,20.0,40
291130,2012,1.0,0.0,0.0,0.0,2.0,4.0,1.0,2.0,1.0,7.0,22.0,139
291130,2013,0.0,0.0,0.0,0.0,0.0,0.0,0.0,0.0,0.0,0.0,36.0,111
291130,2014,4.0,2.0,3.0,3.0,2.0,12.0,2.0,10.0,2.0,7.0,49.0,147
291130,2015,5.0,0.0,10.0,3.0,3.0,15.0,2.0,6.0,8.0,6.0,58.0,129
291130,2016,4.0,1.0,2.0,3.0,1.0,12.0,3.0,4.0,3.0,7.0,40.0,124
291130,2017,1.0,0.0,4.0,3.0,2.0,5.0,4.0,2.0,6.0,7.0,35.0,122
291130,2018,1.0,1.0,0.0,2.0,1.0,12.0,2.0,6.0,3.0,6.0,34.0,120
291130,2019,1.0,0.0,1.0,3.0,1.0,11.0,0.0,3.0,12.0,4.0,36.0,112
291140,2012,11.0,1.0,0.0,3.0,1.0,13.0,4.0,8.0,7.0,13.0,81.0,245
291140,2013,0.0,0.0,0.0,0.0,0.0,0.0,0.0,0.0,0.0,0.0,107.0,252
291140,2014,7.0,0.0,4.0,3.0,4.0,24.0,8.0,28.0,6.0,49.0,146.0,275
291140,2015,11.0,0.0,5.0,5.0,5.0,25.0,5.0,15.0,5.0,32.0,117.0,252
291140,2016,12.0,0.0,4.0,0.0,5.0,32.0,5.0,24.0,7.0,30.0,129.0,230
291140,2017,14.0,0.0,3.0,0.0,1.0,48.0,3.0,19.0,9.0,27.0,141.0,244
291140,2018,9.0,0.0,4.0,2.0,2.0,32.0,6.0,27.0,11.0,24.0,152.0,271
291140,2019,15.0,0.0,2.0,4.0,5.0,45.0,9.0,22.0,10.0,24.0,146.0,251
291150,2012,6.0,2.0,1.0,0.0,1.0,6.0,3.0,1.0,1.0,2.0,23.0,79
291150,2013,0.0,0.0,0.0,0.0,0.0,0.0,0.0,0.0,0.0,0.0,21.0,73
291150,2014,2.0,0.0,1.0,0.0,0.0,11.0,1.0,12.0,6.0,7.0,41.0,96
291150,2015,1.0,1.0,0.0,0.0,1.0,11.0,3.0,9.0,4.0,4.0,37.0,105
291150,2016,3.0,0.0,2.0,0.0,2.0,11.0,1.0,2.0,5.0,6.0,33.0,89
291150,2017,2.0,0.0,0.0,1.0,0.0,13.0,3.0,3.0,1.0,9.0,32.0,102
291150,2018,4.0,0.0,0.0,0.0,0.0,7.0,0.0,4.0,1.0,6.0,22.0,60
291150,2019,1.0,0.0,0.0,0.0,2.0,3.0,0.0,6.0,1.0,8.0,21.0,73
291160,2012,18.0,0.0,4.0,2.0,0.0,32.0,5.0,6.0,7.0,16.0,136.0,271
291160,2013,0.0,0.0,0.0,0.0,0.0,0.0,0.0,0.0,0.0,0.0,149.0,286
291160,2014,14.0,0.0,2.0,0.0,2.0,27.0,5.0,13.0,11.0,35.0,115.0,279
291160,2015,8.0,0.0,0.0,1.0,3.0,28.0,4.0,14.0,8.0,45.0,115.0,241
291160,2016,10.0,0.0,3.0,0.0,0.0,31.0,4.0,25.0,6.0,37.0,119.0,246
291160,2017,5.0,1.0,1.0,3.0,2.0,32.0,2.0,17.0,8.0,33.0,105.0,241
291160,2018,11.0,0.0,6.0,3.0,1.0,35.0,1.0,13.0,5.0,42.0,125.0,271
291160,2019,2.0,0.0,8.0,4.0,2.0,38.0,5.0,21.0,9.0,50.0,142.0,253
291165,2012,3.0,0.0,0.0,0.0,2.0,6.0,1.0,2.0,6.0,6.0,32.0,85
291165,2013,0.0,0.0,0.0,0.0,0.0,0.0,0.0,0.0,0.0,0.0,36.0,69
291165,2014,2.0,0.0,0.0,2.0,2.0,9.0,3.0,3.0,7.0,4.0,32.0,80
291165,2015,2.0,0.0,0.0,1.0,2.0,5.0,4.0,5.0,9.0,9.0,40.0,86
291165,2016,4.0,0.0,0.0,2.0,1.0,10.0,3.0,5.0,3.0,19.0,49.0,89
291165,2017,2.0,0.0,0.0,2.0,0.0,9.0,5.0,6.0,4.0,10.0,39.0,85
291165,2018,2.0,0.0,0.0,1.0,2.0,15.0,8.0,10.0,5.0,3.0,50.0,99
291165,2019,4.0,0.0,2.0,2.0,0.0,11.0,8.0,1.0,7.0,6.0,43.0,77
291170,2012,71.0,6.0,27.0,14.0,20.0,146.0,32.0,36.0,97.0,128.0,604.0,1127
291170,2013,0.0,0.0,0.0,0.0,0.0,0.0,0.0,0.0,0.0,0.0,616.0,1209
291170,2014,90.0,2.0,17.0,19.0,23.0,206.0,37.0,69.0,82.0,184.0,736.0,1257
291170,2015,72.0,4.0,18.0,25.0,16.0,194.0,43.0,58.0,91.0,161.0,698.0,1273
291170,2016,58.0,4.0,17.0,29.0,22.0,185.0,34.0,54.0,105.0,107.0,639.0,1180
291170,2017,53.0,0.0,26.0,13.0,25.0,188.0,52.0,52.0,106.0,93.0,621.0,1189
291170,2018,61.0,3.0,39.0,23.0,19.0,215.0,57.0,53.0,144.0,112.0,754.0,1322
291170,2019,80.0,2.0,30.0,28.0,21.0,240.0,60.0,59.0,149.0,121.0,804.0,1273
291180,2012,8.0,1.0,7.0,2.0,1.0,28.0,0.0,2.0,27.0,7.0,106.0,302
291180,2013,0.0,0.0,0.0,0.0,0.0,0.0,0.0,0.0,0.0,0.0,77.0,254
291180,2014,3.0,0.0,5.0,1.0,3.0,20.0,9.0,3.0,9.0,6.0,70.0,260
291180,2015,5.0,3.0,0.0,2.0,1.0,22.0,9.0,1.0,8.0,16.0,75.0,238
291180,2016,4.0,1.0,2.0,2.0,3.0,16.0,4.0,3.0,7.0,6.0,57.0,204
291180,2017,7.0,0.0,4.0,4.0,0.0,22.0,1.0,11.0,9.0,13.0,82.0,268
291180,2018,6.0,1.0,6.0,1.0,0.0,29.0,3.0,7.0,14.0,11.0,81.0,262
291180,2019,3.0,1.0,1.0,3.0,0.0,17.0,4.0,2.0,5.0,11.0,47.0,224
291185,2012,3.0,1.0,2.0,1.0,1.0,2.0,2.0,2.0,8.0,15.0,40.0,149
291185,2013,0.0,0.0,0.0,0.0,0.0,0.0,0.0,0.0,0.0,0.0,37.0,123
291185,2014,6.0,0.0,0.0,1.0,4.0,10.0,2.0,3.0,4.0,12.0,47.0,124
291185,2015,2.0,0.0,0.0,2.0,1.0,10.0,1.0,4.0,4.0,9.0,36.0,108
291185,2016,3.0,0.0,0.0,1.0,0.0,8.0,0.0,2.0,3.0,8.0,31.0,112
291185,2017,4.0,0.0,0.0,1.0,0.0,8.0,3.0,6.0,4.0,9.0,42.0,136
291185,2018,5.0,0.0,0.0,1.0,6.0,6.0,4.0,9.0,5.0,9.0,50.0,124
291185,2019,4.0,0.0,6.0,0.0,0.0,17.0,4.0,4.0,11.0,13.0,59.0,129
291190,2012,13.0,0.0,2.0,4.0,3.0,13.0,8.0,4.0,13.0,8.0,81.0,356
291190,2013,0.0,0.0,0.0,0.0,0.0,0.0,0.0,0.0,0.0,0.0,146.0,358
291190,2014,11.0,1.0,2.0,6.0,3.0,45.0,7.0,38.0,15.0,44.0,177.0,417
291190,2015,9.0,6.0,2.0,7.0,4.0,49.0,13.0,29.0,21.0,29.0,173.0,410
291190,2016,5.0,3.0,7.0,8.0,5.0,45.0,16.0,24.0,18.0,38.0,172.0,400
291190,2017,12.0,1.0,5.0,5.0,6.0,49.0,27.0,20.0,35.0,18.0,181.0,417
291190,2018,23.0,1.0,4.0,7.0,4.0,56.0,26.0,34.0,19.0,27.0,202.0,435
291190,2019,14.0,1.0,8.0,2.0,2.0,70.0,22.0,20.0,21.0,23.0,188.0,374
291200,2012,3.0,0.0,4.0,1.0,0.0,19.0,4.0,3.0,12.0,9.0,60.0,112
291200,2013,0.0,0.0,0.0,0.0,0.0,0.0,0.0,0.0,0.0,0.0,44.0,107
291200,2014,6.0,0.0,0.0,1.0,2.0,12.0,4.0,3.0,7.0,6.0,42.0,99
291200,2015,2.0,1.0,0.0,2.0,1.0,14.0,7.0,4.0,6.0,14.0,53.0,123
291200,2016,1.0,1.0,0.0,0.0,2.0,18.0,1.0,3.0,7.0,10.0,43.0,95
291200,2017,7.0,0.0,4.0,1.0,0.0,15.0,8.0,2.0,10.0,8.0,57.0,103
291200,2018,4.0,0.0,0.0,5.0,3.0,25.0,2.0,3.0,14.0,6.0,62.0,107
291200,2019,4.0,0.0,0.0,4.0,1.0,23.0,4.0,2.0,10.0,3.0,51.0,81
291210,2012,17.0,0.0,7.0,3.0,3.0,32.0,17.0,5.0,21.0,24.0,129.0,388
291210,2013,0.0,0.0,0.0,0.0,0.0,0.0,0.0,0.0,0.0,0.0,125.0,337
291210,2014,14.0,0.0,0.0,1.0,3.0,29.0,28.0,8.0,31.0,9.0,124.0,304
291210,2015,22.0,0.0,2.0,3.0,1.0,29.0,27.0,10.0,33.0,7.0,134.0,302
291210,2016,9.0,0.0,2.0,2.0,0.0,27.0,31.0,13.0,20.0,21.0,125.0,261
291210,2017,11.0,0.0,2.0,3.0,3.0,30.0,9.0,11.0,18.0,25.0,112.0,283
291210,2018,7.0,0.0,6.0,3.0,4.0,34.0,10.0,15.0,13.0,21.0,113.0,259
291210,2019,3.0,0.0,6.0,2.0,2.0,32.0,6.0,7.0,13.0,19.0,90.0,248
291220,2012,11.0,0.0,5.0,3.0,3.0,18.0,8.0,17.0,16.0,19.0,125.0,351
291220,2013,0.0,0.0,0.0,0.0,0.0,0.0,0.0,0.0,0.0,0.0,118.0,345
291220,2014,9.0,1.0,3.0,1.0,0.0,18.0,15.0,13.0,30.0,12.0,104.0,290
291220,2015,4.0,0.0,10.0,4.0,0.0,27.0,18.0,5.0,21.0,3.0,93.0,315
291220,2016,7.0,1.0,3.0,1.0,1.0,32.0,25.0,7.0,21.0,3.0,102.0,310
291220,2017,10.0,0.0,9.0,4.0,4.0,29.0,21.0,8.0,20.0,14.0,121.0,346
291220,2018,7.0,0.0,4.0,1.0,2.0,17.0,18.0,6.0,17.0,10.0,123.0,352
291220,2019,6.0,0.0,2.0,1.0,0.0,22.0,12.0,11.0,17.0,5.0,79.0,273
291230,2012,1.0,0.0,2.0,0.0,1.0,8.0,3.0,1.0,10.0,10.0,39.0,190
291230,2013,0.0,0.0,0.0,0.0,0.0,0.0,0.0,0.0,0.0,0.0,49.0,159
291230,2014,1.0,0.0,1.0,1.0,0.0,10.0,8.0,2.0,4.0,12.0,40.0,164
291230,2015,2.0,0.0,2.0,0.0,1.0,12.0,6.0,2.0,3.0,7.0,35.0,154
291230,2016,6.0,0.0,2.0,2.0,0.0,19.0,7.0,5.0,6.0,8.0,59.0,155
291230,2017,1.0,0.0,0.0,1.0,1.0,7.0,2.0,4.0,6.0,7.0,30.0,152
291230,2018,2.0,0.0,2.0,0.0,0.0,19.0,2.0,4.0,3.0,5.0,37.0,129
291230,2019,4.0,0.0,0.0,0.0,4.0,9.0,3.0,1.0,4.0,7.0,33.0,142
291240,2012,7.0,0.0,0.0,4.0,2.0,22.0,3.0,7.0,7.0,17.0,73.0,234
291240,2013,0.0,0.0,0.0,0.0,0.0,0.0,0.0,0.0,0.0,0.0,63.0,198
291240,2014,6.0,1.0,4.0,2.0,2.0,15.0,3.0,10.0,9.0,27.0,81.0,207
291240,2015,8.0,0.0,2.0,4.0,1.0,38.0,3.0,19.0,10.0,20.0,105.0,234
291240,2016,6.0,0.0,2.0,5.0,3.0,31.0,2.0,17.0,6.0,23.0,96.0,213
291240,2017,8.0,0.0,6.0,2.0,3.0,29.0,4.0,12.0,10.0,18.0,92.0,193
291240,2018,8.0,0.0,5.0,4.0,1.0,26.0,3.0,17.0,5.0,16.0,86.0,184
291240,2019,11.0,1.0,0.0,7.0,9.0,27.0,4.0,15.0,10.0,23.0,107.0,206
291250,2012,7.0,0.0,2.0,2.0,1.0,21.0,0.0,0.0,18.0,3.0,99.0,176
291250,2013,0.0,0.0,0.0,0.0,0.0,0.0,0.0,0.0,0.0,0.0,103.0,150
291250,2014,14.0,1.0,0.0,1.0,2.0,27.0,7.0,7.0,14.0,30.0,114.0,174
291250,2015,9.0,0.0,2.0,0.0,2.0,18.0,2.0,5.0,6.0,19.0,68.0,147
291250,2016,4.0,0.0,2.0,2.0,2.0,30.0,8.0,6.0,16.0,15.0,85.0,162
291250,2017,4.0,0.0,0.0,0.0,1.0,21.0,8.0,4.0,11.0,10.0,60.0,147
291250,2018,6.0,0.0,0.0,0.0,0.0,29.0,8.0,6.0,13.0,14.0,83.0,145
291250,2019,6.0,0.0,0.0,4.0,2.0,21.0,10.0,3.0,13.0,14.0,79.0,153
291260,2012,5.0,0.0,0.0,1.0,0.0,0.0,3.0,1.0,2.0,0.0,12.0,49
291260,2013,0.0,0.0,0.0,0.0,0.0,0.0,0.0,0.0,0.0,0.0,15.0,49
291260,2014,4.0,1.0,4.0,0.0,0.0,9.0,2.0,3.0,3.0,1.0,33.0,53
291260,2015,0.0,0.0,1.0,1.0,0.0,2.0,2.0,2.0,3.0,1.0,19.0,60
291260,2016,3.0,0.0,4.0,0.0,0.0,5.0,5.0,1.0,3.0,3.0,24.0,63
291260,2017,2.0,1.0,0.0,1.0,2.0,5.0,1.0,0.0,3.0,2.0,17.0,45
291260,2018,1.0,0.0,0.0,2.0,2.0,5.0,3.0,0.0,6.0,2.0,21.0,52
291260,2019,3.0,0.0,0.0,3.0,4.0,2.0,3.0,0.0,7.0,1.0,23.0,44
291270,2012,7.0,3.0,0.0,2.0,4.0,26.0,4.0,12.0,14.0,12.0,84.0,444
291270,2013,0.0,0.0,0.0,0.0,0.0,0.0,0.0,0.0,0.0,0.0,88.0,369
291270,2014,8.0,0.0,2.0,5.0,2.0,23.0,5.0,11.0,18.0,6.0,82.0,354
291270,2015,7.0,0.0,0.0,6.0,3.0,30.0,8.0,16.0,11.0,15.0,98.0,389
291270,2016,6.0,0.0,0.0,0.0,3.0,33.0,1.0,14.0,15.0,11.0,84.0,390
291270,2017,5.0,1.0,0.0,0.0,3.0,23.0,6.0,8.0,8.0,15.0,69.0,362
291270,2018,2.0,0.0,2.0,4.0,2.0,21.0,9.0,9.0,9.0,7.0,65.0,303
291270,2019,5.0,0.0,2.0,3.0,1.0,32.0,4.0,9.0,9.0,12.0,78.0,340
291280,2012,9.0,0.0,5.0,3.0,1.0,14.0,6.0,0.0,11.0,5.0,56.0,120
291280,2013,0.0,0.0,0.0,0.0,0.0,0.0,0.0,0.0,0.0,0.0,35.0,100
291280,2014,6.0,0.0,2.0,2.0,0.0,9.0,7.0,2.0,12.0,2.0,45.0,106
291280,2015,3.0,0.0,0.0,1.0,2.0,13.0,3.0,3.0,10.0,1.0,36.0,116
291280,2016,6.0,0.0,0.0,2.0,3.0,16.0,8.0,2.0,8.0,7.0,52.0,131
291280,2017,7.0,0.0,5.0,1.0,0.0,19.0,3.0,2.0,7.0,6.0,52.0,123
291280,2018,6.0,0.0,4.0,3.0,1.0,15.0,3.0,7.0,10.0,3.0,53.0,121
291280,2019,7.0,0.0,0.0,2.0,2.0,23.0,8.0,3.0,5.0,2.0,53.0,115
291290,2012,25.0,4.0,2.0,3.0,1.0,26.0,7.0,16.0,14.0,35.0,136.0,299
291290,2013,0.0,0.0,0.0,0.0,0.0,0.0,0.0,0.0,0.0,0.0,153.0,284
291290,2014,13.0,0.0,0.0,2.0,1.0,44.0,7.0,25.0,8.0,27.0,139.0,284
291290,2015,7.0,1.0,6.0,3.0,2.0,37.0,8.0,17.0,17.0,33.0,145.0,316
291290,2016,10.0,1.0,2.0,3.0,1.0,41.0,5.0,14.0,13.0,30.0,126.0,315
291290,2017,15.0,2.0,4.0,2.0,3.0,41.0,4.0,15.0,14.0,42.0,148.0,317
291290,2018,17.0,0.0,3.0,3.0,2.0,51.0,3.0,10.0,6.0,33.0,133.0,303
291290,2019,8.0,0.0,0.0,1.0,4.0,48.0,7.0,17.0,2.0,29.0,120.0,278
291300,2012,10.0,10.0,0.0,4.0,4.0,6.0,0.0,3.0,2.0,6.0,51.0,157
291300,2013,0.0,0.0,0.0,0.0,0.0,0.0,0.0,0.0,0.0,0.0,77.0,176
291300,2014,4.0,23.0,3.0,7.0,5.0,10.0,3.0,7.0,4.0,10.0,79.0,184
291300,2015,2.0,51.0,0.0,13.0,11.0,7.0,2.0,4.0,4.0,8.0,106.0,186
291300,2016,7.0,26.0,0.0,6.0,5.0,9.0,2.0,11.0,4.0,20.0,92.0,176
291300,2017,3.0,3.0,0.0,2.0,6.0,14.0,5.0,19.0,5.0,33.0,94.0,167
291300,2018,2.0,24.0,2.0,4.0,3.0,14.0,1.0,12.0,0.0,18.0,83.0,151
291300,2019,8.0,3.0,4.0,5.0,6.0,18.0,1.0,14.0,3.0,14.0,77.0,141
291310,2012,7.0,0.0,2.0,6.0,5.0,25.0,7.0,7.0,2.0,27.0,90.0,252
291310,2013,0.0,0.0,0.0,0.0,0.0,0.0,0.0,0.0,0.0,0.0,70.0,252
291310,2014,6.0,1.0,6.0,1.0,1.0,25.0,11.0,6.0,14.0,17.0,89.0,243
291310,2015,10.0,0.0,0.0,1.0,3.0,15.0,8.0,8.0,9.0,18.0,73.0,219
291310,2016,10.0,0.0,0.0,4.0,4.0,16.0,2.0,6.0,7.0,19.0,68.0,234
291310,2017,4.0,0.0,4.0,4.0,4.0,24.0,8.0,5.0,7.0,9.0,69.0,211
291310,2018,7.0,0.0,4.0,6.0,0.0,33.0,4.0,8.0,4.0,12.0,78.0,223
291310,2019,3.0,0.0,6.0,3.0,2.0,28.0,8.0,14.0,9.0,14.0,87.0,195
291320,2012,17.0,1.0,4.0,4.0,6.0,28.0,5.0,6.0,24.0,21.0,118.0,441
291320,2013,0.0,0.0,0.0,0.0,0.0,0.0,0.0,0.0,0.0,0.0,116.0,402
291320,2014,10.0,0.0,15.0,4.0,4.0,28.0,7.0,15.0,10.0,36.0,133.0,409
291320,2015,14.0,1.0,2.0,8.0,3.0,34.0,9.0,10.0,15.0,23.0,126.0,465
291320,2016,8.0,1.0,4.0,4.0,3.0,27.0,8.0,15.0,11.0,26.0,110.0,425
291320,2017,15.0,0.0,4.0,6.0,4.0,34.0,11.0,31.0,23.0,42.0,170.0,409
291320,2018,12.0,0.0,6.0,5.0,3.0,39.0,8.0,36.0,13.0,31.0,155.0,406
291320,2019,10.0,1.0,4.0,2.0,3.0,41.0,8.0,26.0,11.0,39.0,146.0,405
291330,2012,12.0,0.0,4.0,0.0,3.0,2.0,0.0,0.0,1.0,1.0,26.0,73
291330,2013,0.0,0.0,0.0,0.0,0.0,0.0,0.0,0.0,0.0,0.0,32.0,83
291330,2014,1.0,0.0,0.0,2.0,1.0,2.0,1.0,0.0,5.0,9.0,24.0,58
291330,2015,2.0,0.0,0.0,1.0,1.0,5.0,7.0,0.0,4.0,4.0,33.0,70
291330,2016,2.0,1.0,1.0,0.0,1.0,7.0,1.0,1.0,2.0,5.0,21.0,40
291330,2017,2.0,0.0,0.0,0.0,0.0,1.0,2.0,3.0,7.0,4.0,19.0,31
291330,2018,2.0,0.0,0.0,1.0,2.0,8.0,2.0,6.0,7.0,7.0,35.0,48
291330,2019,0.0,0.0,0.0,1.0,3.0,8.0,2.0,1.0,5.0,1.0,21.0,36
291340,2012,3.0,0.0,2.0,1.0,4.0,22.0,4.0,4.0,16.0,9.0,67.0,204
291340,2013,0.0,0.0,0.0,0.0,0.0,0.0,0.0,0.0,0.0,0.0,75.0,189
291340,2014,10.0,0.0,3.0,2.0,1.0,8.0,14.0,5.0,15.0,10.0,71.0,173
291340,2015,9.0,0.0,4.0,1.0,1.0,23.0,19.0,4.0,20.0,9.0,94.0,213
291340,2016,4.0,0.0,2.0,2.0,0.0,15.0,12.0,5.0,15.0,6.0,62.0,175
291340,2017,7.0,1.0,5.0,3.0,2.0,11.0,11.0,5.0,12.0,12.0,70.0,171
291340,2018,4.0,0.0,2.0,0.0,2.0,13.0,9.0,5.0,8.0,11.0,55.0,163
291340,2019,6.0,0.0,4.0,0.0,2.0,14.0,10.0,9.0,18.0,14.0,77.0,177
291345,2012,5.0,0.0,0.0,3.0,2.0,9.0,2.0,0.0,1.0,4.0,39.0,197
291345,2013,0.0,0.0,0.0,0.0,0.0,0.0,0.0,0.0,0.0,0.0,45.0,188
291345,2014,2.0,1.0,0.0,2.0,3.0,12.0,4.0,3.0,8.0,8.0,44.0,166
291345,2015,4.0,5.0,3.0,1.0,4.0,13.0,3.0,3.0,3.0,10.0,50.0,209
291345,2016,2.0,7.0,2.0,8.0,2.0,15.0,1.0,0.0,4.0,6.0,51.0,208
291345,2017,4.0,0.0,2.0,1.0,1.0,6.0,1.0,7.0,0.0,8.0,32.0,184
291345,2018,3.0,0.0,0.0,3.0,0.0,15.0,4.0,4.0,5.0,5.0,40.0,206
291345,2019,4.0,0.0,0.0,1.0,2.0,17.0,2.0,5.0,3.0,5.0,39.0,193
291350,2012,7.0,0.0,8.0,6.0,2.0,21.0,7.0,3.0,23.0,12.0,90.0,323
291350,2013,0.0,0.0,0.0,0.0,0.0,0.0,0.0,0.0,0.0,0.0,76.0,300
291350,2014,4.0,0.0,2.0,0.0,4.0,22.0,13.0,4.0,23.0,13.0,91.0,318
291350,2015,3.0,3.0,2.0,2.0,0.0,26.0,6.0,6.0,20.0,14.0,86.0,332
291350,2016,7.0,1.0,2.0,2.0,4.0,18.0,11.0,12.0,12.0,17.0,93.0,322
291350,2017,2.0,0.0,0.0,1.0,2.0,1.0,0.0,2.0,0.0,3.0,13.0,372
291350,2018,0.0,0.0,0.0,0.0,0.0,4.0,1.0,1.0,1.0,0.0,7.0,374
291350,2019,5.0,1.0,0.0,1.0,0.0,4.0,3.0,1.0,0.0,7.0,24.0,430
291360,2012,272.0,1.0,33.0,15.0,20.0,362.0,8.0,36.0,33.0,131.0,1464.0,2640
291360,2013,0.0,0.0,0.0,0.0,0.0,0.0,0.0,0.0,0.0,0.0,1183.0,2517
291360,2014,78.0,2.0,24.0,13.0,19.0,325.0,10.0,161.0,33.0,352.0,1245.0,2540
291360,2015,79.0,1.0,45.0,32.0,24.0,384.0,6.0,202.0,20.0,452.0,1263.0,2513
291360,2016,61.0,3.0,31.0,26.0,29.0,354.0,9.0,175.0,20.0,379.0,1106.0,2391
291360,2017,84.0,1.0,50.0,30.0,30.0,379.0,11.0,184.0,21.0,408.0,1219.0,2560
291360,2018,69.0,0.0,34.0,27.0,23.0,374.0,9.0,227.0,38.0,456.0,1282.0,2472
291360,2019,77.0,0.0,35.0,11.0,19.0,425.0,2.0,201.0,14.0,393.0,1195.0,2415
291370,2012,26.0,1.0,4.0,1.0,4.0,16.0,1.0,2.0,13.0,16.0,89.0,495
291370,2013,0.0,0.0,0.0,0.0,0.0,0.0,0.0,0.0,0.0,0.0,94.0,454
291370,2014,6.0,0.0,2.0,3.0,4.0,25.0,5.0,5.0,10.0,12.0,81.0,398
291370,2015,10.0,2.0,5.0,2.0,5.0,20.0,6.0,11.0,7.0,11.0,83.0,427
291370,2016,10.0,0.0,0.0,4.0,4.0,23.0,8.0,10.0,17.0,10.0,89.0,452
291370,2017,8.0,1.0,5.0,6.0,1.0,13.0,9.0,12.0,6.0,19.0,82.0,447
291370,2018,3.0,0.0,4.0,3.0,2.0,29.0,10.0,4.0,9.0,17.0,81.0,429
291370,2019,8.0,1.0,2.0,3.0,6.0,25.0,15.0,10.0,13.0,12.0,98.0,426
291380,2012,65.0,0.0,5.0,3.0,4.0,7.0,0.0,1.0,3.0,2.0,106.0,214
291380,2013,0.0,0.0,0.0,0.0,0.0,0.0,0.0,0.0,0.0,0.0,62.0,179
291380,2014,2.0,1.0,2.0,1.0,2.0,10.0,1.0,5.0,6.0,18.0,72.0,166
291380,2015,2.0,0.0,0.0,0.0,2.0,12.0,2.0,4.0,6.0,16.0,50.0,147
291380,2016,3.0,0.0,0.0,0.0,2.0,19.0,6.0,5.0,12.0,17.0,66.0,168
291380,2017,4.0,1.0,1.0,2.0,0.0,21.0,2.0,7.0,8.0,15.0,62.0,148
291380,2018,4.0,1.0,0.0,3.0,3.0,21.0,6.0,7.0,4.0,12.0,62.0,136
291380,2019,5.0,0.0,6.0,2.0,2.0,18.0,4.0,5.0,9.0,16.0,71.0,156
291390,2012,103.0,0.0,12.0,6.0,11.0,83.0,6.0,23.0,44.0,90.0,396.0,703
291390,2013,0.0,0.0,0.0,0.0,0.0,0.0,0.0,0.0,0.0,0.0,415.0,614
291390,2014,31.0,0.0,8.0,4.0,7.0,104.0,29.0,79.0,43.0,90.0,447.0,643
291390,2015,36.0,1.0,4.0,7.0,4.0,139.0,34.0,64.0,36.0,114.0,463.0,722
291390,2016,25.0,1.0,6.0,5.0,2.0,125.0,10.0,54.0,21.0,103.0,368.0,654
291390,2017,35.0,1.0,12.0,12.0,4.0,146.0,11.0,50.0,33.0,104.0,417.0,666
291390,2018,32.0,1.0,15.0,9.0,11.0,132.0,9.0,78.0,16.0,130.0,449.0,673
291390,2019,40.0,0.0,8.0,10.0,2.0,135.0,14.0,54.0,21.0,124.0,414.0,623
291400,2012,56.0,0.0,6.0,10.0,10.0,41.0,16.0,16.0,41.0,35.0,245.0,887
291400,2013,0.0,0.0,0.0,0.0,0.0,0.0,0.0,0.0,0.0,0.0,281.0,760
291400,2014,12.0,1.0,12.0,9.0,11.0,61.0,47.0,16.0,69.0,34.0,295.0,856
291400,2015,12.0,1.0,12.0,6.0,5.0,58.0,43.0,27.0,45.0,50.0,264.0,807
291400,2016,17.0,1.0,9.0,11.0,4.0,64.0,35.0,23.0,43.0,51.0,265.0,777
291400,2017,31.0,1.0,13.0,4.0,6.0,67.0,54.0,25.0,89.0,30.0,332.0,827
291400,2018,31.0,2.0,14.0,9.0,8.0,45.0,52.0,14.0,64.0,28.0,349.0,808
291400,2019,16.0,0.0,18.0,4.0,2.0,13.0,12.0,9.0,11.0,9.0,376.0,781
291410,2012,1.0,0.0,0.0,3.0,2.0,15.0,0.0,0.0,1.0,19.0,46.0,107
291410,2013,0.0,0.0,0.0,0.0,0.0,0.0,0.0,0.0,0.0,0.0,50.0,118
291410,2014,4.0,0.0,0.0,0.0,3.0,17.0,0.0,12.0,7.0,9.0,55.0,102
291410,2015,1.0,0.0,2.0,1.0,0.0,14.0,1.0,4.0,2.0,12.0,40.0,106
291410,2016,2.0,0.0,0.0,1.0,0.0,15.0,1.0,1.0,4.0,10.0,36.0,88
291410,2017,4.0,0.0,2.0,1.0,0.0,15.0,3.0,7.0,4.0,22.0,59.0,107
291410,2018,5.0,1.0,0.0,1.0,1.0,20.0,4.0,17.0,2.0,15.0,67.0,115
291410,2019,4.0,0.0,4.0,1.0,0.0,15.0,6.0,8.0,10.0,13.0,61.0,107
291420,2012,3.0,0.0,2.0,1.0,0.0,6.0,2.0,1.0,2.0,11.0,31.0,96
291420,2013,0.0,0.0,0.0,0.0,0.0,0.0,0.0,0.0,0.0,0.0,28.0,91
291420,2014,0.0,2.0,0.0,0.0,0.0,8.0,2.0,3.0,4.0,6.0,29.0,84
291420,2015,2.0,3.0,2.0,0.0,1.0,5.0,1.0,4.0,5.0,9.0,37.0,95
291420,2016,2.0,7.0,0.0,0.0,0.0,5.0,1.0,7.0,2.0,5.0,31.0,82
291420,2017,3.0,1.0,2.0,1.0,0.0,3.0,0.0,3.0,1.0,3.0,19.0,59
291420,2018,1.0,0.0,2.0,0.0,2.0,5.0,0.0,8.0,2.0,10.0,32.0,86
291420,2019,2.0,0.0,0.0,2.0,1.0,11.0,4.0,6.0,3.0,8.0,38.0,81
291430,2012,5.0,0.0,2.0,0.0,3.0,5.0,3.0,6.0,4.0,15.0,48.0,118
291430,2013,0.0,0.0,0.0,0.0,0.0,0.0,0.0,0.0,0.0,0.0,49.0,122
291430,2014,4.0,0.0,2.0,2.0,0.0,6.0,5.0,7.0,12.0,9.0,49.0,118
291430,2015,2.0,1.0,0.0,2.0,1.0,6.0,4.0,3.0,8.0,8.0,40.0,117
291430,2016,1.0,1.0,1.0,0.0,0.0,8.0,3.0,3.0,2.0,6.0,26.0,93
291430,2017,7.0,0.0,2.0,0.0,3.0,11.0,4.0,3.0,5.0,9.0,44.0,110
291430,2018,7.0,0.0,0.0,6.0,1.0,8.0,4.0,3.0,7.0,5.0,42.0,105
291430,2019,6.0,0.0,2.0,2.0,2.0,14.0,3.0,3.0,5.0,6.0,44.0,83
291440,2012,22.0,1.0,1.0,3.0,5.0,32.0,2.0,14.0,7.0,45.0,139.0,345
291440,2013,0.0,0.0,0.0,0.0,0.0,0.0,0.0,0.0,0.0,0.0,165.0,350
291440,2014,13.0,1.0,6.0,9.0,6.0,38.0,2.0,27.0,7.0,53.0,169.0,353
291440,2015,13.0,0.0,3.0,3.0,5.0,43.0,2.0,21.0,10.0,53.0,156.0,371
291440,2016,9.0,1.0,9.0,7.0,6.0,47.0,3.0,24.0,9.0,54.0,177.0,373
291440,2017,15.0,0.0,2.0,5.0,2.0,52.0,6.0,23.0,16.0,64.0,191.0,373
291440,2018,6.0,0.0,6.0,5.0,4.0,64.0,6.0,54.0,15.0,78.0,241.0,388
291440,2019,4.0,0.0,12.0,1.0,10.0,72.0,1.0,39.0,3.0,90.0,236.0,387
291450,2012,71.0,0.0,9.0,2.0,7.0,6.0,0.0,1.0,11.0,8.0,130.0,392
291450,2013,0.0,0.0,0.0,0.0,0.0,0.0,0.0,0.0,0.0,0.0,122.0,345
291450,2014,7.0,0.0,6.0,2.0,2.0,20.0,3.0,4.0,17.0,27.0,121.0,350
291450,2015,6.0,0.0,0.0,4.0,5.0,22.0,2.0,5.0,21.0,21.0,109.0,347
291450,2016,3.0,0.0,4.0,3.0,2.0,26.0,5.0,4.0,12.0,17.0,81.0,360
291450,2017,1.0,0.0,0.0,3.0,5.0,17.0,7.0,4.0,23.0,22.0,85.0,331
291450,2018,7.0,0.0,13.0,1.0,1.0,27.0,6.0,13.0,11.0,23.0,102.0,330
291450,2019,9.0,0.0,12.0,1.0,1.0,28.0,4.0,8.0,19.0,19.0,102.0,260
291460,2012,54.0,1.0,23.0,22.0,17.0,154.0,29.0,27.0,104.0,99.0,551.0,1195
291460,2013,0.0,0.0,0.0,0.0,0.0,0.0,0.0,0.0,0.0,0.0,483.0,1173
291460,2014,44.0,1.0,8.0,15.0,16.0,173.0,36.0,58.0,69.0,90.0,518.0,1187
291460,2015,50.0,2.0,17.0,17.0,19.0,180.0,37.0,38.0,60.0,100.0,523.0,1255
291460,2016,55.0,0.0,15.0,14.0,18.0,149.0,45.0,54.0,94.0,85.0,532.0,1277
291460,2017,52.0,2.0,29.0,22.0,14.0,207.0,40.0,52.0,90.0,97.0,608.0,1313
291460,2018,66.0,1.0,19.0,14.0,14.0,200.0,55.0,44.0,107.0,81.0,602.0,1361
291460,2019,41.0,2.0,17.0,23.0,17.0,192.0,77.0,42.0,108.0,93.0,612.0,1190
291465,2012,13.0,1.0,4.0,10.0,1.0,24.0,10.0,2.0,18.0,11.0,103.0,512
291465,2013,0.0,0.0,0.0,0.0,0.0,0.0,0.0,0.0,0.0,0.0,150.0,521
291465,2014,8.0,5.0,5.0,10.0,4.0,29.0,29.0,8.0,22.0,14.0,167.0,541
291465,2015,17.0,25.0,7.0,3.0,6.0,31.0,11.0,11.0,20.0,24.0,184.0,494
291465,2016,13.0,19.0,10.0,5.0,6.0,37.0,16.0,13.0,22.0,23.0,189.0,490
291465,2017,16.0,0.0,14.0,4.0,3.0,31.0,26.0,8.0,22.0,10.0,155.0,510
291465,2018,11.0,0.0,9.0,2.0,2.0,52.0,24.0,32.0,18.0,28.0,184.0,494
291465,2019,6.0,1.0,4.0,8.0,4.0,61.0,28.0,16.0,25.0,21.0,179.0,518
291470,2012,87.0,2.0,7.0,23.0,15.0,83.0,42.0,18.0,87.0,41.0,423.0,928
291470,2013,0.0,0.0,0.0,0.0,0.0,0.0,0.0,0.0,0.0,0.0,481.0,981
291470,2014,28.0,4.0,15.0,14.0,13.0,97.0,33.0,72.0,55.0,75.0,471.0,921
291470,2015,45.0,3.0,13.0,34.0,20.0,118.0,49.0,72.0,89.0,63.0,545.0,966
291470,2016,39.0,3.0,10.0,8.0,6.0,133.0,48.0,46.0,80.0,84.0,476.0,914
291470,2017,42.0,6.0,17.0,40.0,29.0,127.0,51.0,33.0,82.0,63.0,492.0,871
291470,2018,38.0,0.0,11.0,51.0,25.0,115.0,78.0,23.0,114.0,49.0,508.0,960
291470,2019,31.0,0.0,19.0,48.0,56.0,124.0,81.0,26.0,107.0,51.0,546.0,971
291480,2012,212.0,18.0,63.0,32.0,32.0,440.0,198.0,52.0,257.0,358.0,1669.0,3212
291480,2013,0.0,0.0,0.0,0.0,0.0,0.0,0.0,0.0,0.0,0.0,1712.0,3233
291480,2014,150.0,1.0,59.0,33.0,41.0,469.0,244.0,117.0,335.0,282.0,1752.0,3145
291480,2015,139.0,3.0,50.0,39.0,34.0,470.0,168.0,152.0,247.0,365.0,1672.0,3126
291480,2016,122.0,1.0,42.0,36.0,36.0,515.0,119.0,132.0,202.0,299.0,1510.0,2846
291480,2017,137.0,0.0,42.0,33.0,34.0,476.0,94.0,135.0,183.0,342.0,1480.0,2940
291480,2018,73.0,1.0,65.0,41.0,47.0,511.0,94.0,142.0,183.0,307.0,1466.0,2904
291480,2019,102.0,1.0,45.0,33.0,29.0,464.0,80.0,120.0,140.0,300.0,1316.0,2721
291490,2012,11.0,0.0,6.0,1.0,0.0,23.0,0.0,3.0,2.0,10.0,91.0,342
291490,2013,0.0,0.0,0.0,0.0,0.0,0.0,0.0,0.0,0.0,0.0,93.0,305
291490,2014,13.0,1.0,2.0,1.0,0.0,26.0,0.0,7.0,2.0,28.0,99.0,314
291490,2015,7.0,0.0,5.0,0.0,3.0,25.0,6.0,25.0,3.0,28.0,103.0,320
291490,2016,6.0,0.0,1.0,3.0,1.0,25.0,15.0,21.0,6.0,28.0,106.0,328
291490,2017,11.0,1.0,2.0,0.0,4.0,35.0,5.0,17.0,4.0,35.0,118.0,340
291490,2018,11.0,0.0,2.0,0.0,3.0,43.0,3.0,30.0,2.0,50.0,145.0,358
291490,2019,13.0,0.0,10.0,1.0,0.0,37.0,7.0,25.0,4.0,33.0,132.0,357
291500,2012,15.0,0.0,5.0,1.0,3.0,10.0,13.0,3.0,7.0,9.0,68.0,246
291500,2013,0.0,0.0,0.0,0.0,0.0,0.0,0.0,0.0,0.0,0.0,70.0,247
291500,2014,6.0,2.0,2.0,3.0,0.0,19.0,7.0,14.0,4.0,14.0,77.0,221
291500,2015,2.0,0.0,2.0,7.0,2.0,17.0,9.0,9.0,7.0,10.0,70.0,189
291500,2016,6.0,0.0,0.0,0.0,1.0,8.0,9.0,6.0,12.0,14.0,59.0,199
291500,2017,1.0,1.0,6.0,6.0,4.0,19.0,11.0,0.0,7.0,5.0,60.0,218
291500,2018,6.0,0.0,7.0,6.0,7.0,11.0,15.0,2.0,6.0,7.0,67.0,208
291500,2019,6.0,0.0,4.0,10.0,6.0,7.0,15.0,4.0,13.0,7.0,73.0,205
291510,2012,6.0,0.0,0.0,1.0,1.0,10.0,2.0,1.0,2.0,8.0,43.0,150
291510,2013,0.0,0.0,0.0,0.0,0.0,0.0,0.0,0.0,0.0,0.0,63.0,192
291510,2014,4.0,0.0,2.0,2.0,0.0,25.0,5.0,10.0,9.0,18.0,79.0,176
291510,2015,3.0,0.0,7.0,3.0,0.0,17.0,6.0,5.0,3.0,16.0,62.0,193
291510,2016,5.0,0.0,2.0,2.0,3.0,16.0,3.0,8.0,5.0,16.0,63.0,192
291510,2017,3.0,0.0,4.0,2.0,3.0,23.0,0.0,9.0,11.0,14.0,72.0,173
291510,2018,4.0,0.0,0.0,3.0,0.0,27.0,3.0,7.0,4.0,17.0,66.0,202
291510,2019,9.0,0.0,2.0,3.0,2.0,13.0,1.0,11.0,13.0,25.0,79.0,184
291520,2012,22.0,1.0,6.0,0.0,0.0,17.0,3.0,11.0,11.0,23.0,104.0,209
291520,2013,0.0,0.0,0.0,0.0,0.0,0.0,0.0,0.0,0.0,0.0,122.0,223
291520,2014,10.0,1.0,1.0,1.0,2.0,15.0,8.0,29.0,14.0,34.0,124.0,206
291520,2015,2.0,0.0,4.0,0.0,0.0,34.0,6.0,12.0,4.0,25.0,91.0,184
291520,2016,6.0,0.0,4.0,2.0,0.0,34.0,2.0,9.0,1.0,28.0,94.0,190
291520,2017,9.0,1.0,4.0,3.0,1.0,25.0,3.0,21.0,6.0,26.0,104.0,194
291520,2018,4.0,0.0,4.0,3.0,1.0,27.0,3.0,15.0,6.0,31.0,95.0,163
291520,2019,10.0,0.0,8.0,0.0,0.0,33.0,2.0,17.0,3.0,25.0,98.0,166
291530,2012,2.0,0.0,4.0,1.0,1.0,11.0,1.0,1.0,5.0,6.0,34.0,112
291530,2013,0.0,0.0,0.0,0.0,0.0,0.0,0.0,0.0,0.0,0.0,43.0,104
291530,2014,3.0,0.0,0.0,1.0,0.0,8.0,0.0,2.0,6.0,2.0,30.0,104
291530,2015,1.0,0.0,0.0,2.0,0.0,10.0,0.0,3.0,3.0,6.0,33.0,116
291530,2016,0.0,0.0,2.0,0.0,1.0,6.0,1.0,2.0,2.0,4.0,21.0,77
291530,2017,1.0,0.0,2.0,0.0,0.0,8.0,3.0,3.0,1.0,4.0,25.0,67
291530,2018,2.0,0.0,0.0,2.0,0.0,7.0,2.0,2.0,0.0,6.0,22.0,70
291530,2019,1.0,0.0,0.0,0.0,0.0,6.0,2.0,2.0,2.0,4.0,18.0,55
291535,2012,7.0,0.0,0.0,2.0,5.0,6.0,1.0,0.0,6.0,7.0,46.0,180
291535,2013,0.0,0.0,0.0,0.0,0.0,0.0,0.0,0.0,0.0,0.0,32.0,189
291535,2014,3.0,1.0,0.0,1.0,0.0,15.0,1.0,5.0,2.0,11.0,39.0,161
291535,2015,4.0,0.0,2.0,3.0,1.0,20.0,1.0,2.0,6.0,6.0,46.0,195
291535,2016,3.0,1.0,3.0,3.0,1.0,9.0,3.0,3.0,3.0,7.0,36.0,183
291535,2017,2.0,0.0,4.0,1.0,0.0,15.0,2.0,3.0,8.0,11.0,46.0,187
291535,2018,5.0,0.0,6.0,2.0,3.0,11.0,2.0,4.0,11.0,3.0,47.0,198
291535,2019,1.0,0.0,0.0,2.0,0.0,13.0,0.0,2.0,8.0,10.0,36.0,157
291540,2012,3.0,2.0,0.0,0.0,1.0,6.0,7.0,1.0,5.0,1.0,26.0,65
291540,2013,0.0,0.0,0.0,0.0,0.0,0.0,0.0,0.0,0.0,0.0,6.0,56
291540,2014,1.0,0.0,0.0,1.0,0.0,6.0,5.0,1.0,8.0,4.0,26.0,83
291540,2015,4.0,0.0,0.0,1.0,0.0,5.0,2.0,0.0,5.0,2.0,19.0,87
291540,2016,1.0,0.0,4.0,1.0,0.0,4.0,5.0,0.0,4.0,2.0,21.0,84
291540,2017,0.0,0.0,0.0,0.0,1.0,7.0,2.0,1.0,3.0,4.0,20.0,99
291540,2018,2.0,0.0,4.0,0.0,0.0,8.0,6.0,3.0,4.0,2.0,30.0,94
291540,2019,1.0,0.0,0.0,1.0,0.0,7.0,4.0,5.0,4.0,3.0,25.0,98
291550,2012,10.0,0.0,2.0,1.0,2.0,30.0,12.0,6.0,9.0,22.0,94.0,288
291550,2013,0.0,0.0,0.0,0.0,0.0,0.0,0.0,0.0,0.0,0.0,90.0,287
291550,2014,8.0,0.0,4.0,2.0,1.0,23.0,12.0,6.0,32.0,10.0,100.0,273
291550,2015,3.0,0.0,8.0,2.0,2.0,34.0,8.0,6.0,15.0,19.0,98.0,301
291550,2016,8.0,0.0,0.0,4.0,1.0,30.0,9.0,12.0,5.0,16.0,86.0,244
291550,2017,5.0,1.0,6.0,1.0,7.0,25.0,5.0,6.0,16.0,14.0,86.0,281
291550,2018,10.0,0.0,6.0,3.0,3.0,39.0,8.0,12.0,14.0,19.0,114.0,316
291550,2019,7.0,0.0,0.0,4.0,2.0,37.0,3.0,8.0,12.0,11.0,84.0,241
291560,2012,40.0,5.0,9.0,14.0,12.0,43.0,23.0,13.0,57.0,43.0,280.0,1084
291560,2013,0.0,0.0,0.0,0.0,0.0,0.0,0.0,0.0,0.0,0.0,261.0,991
291560,2014,28.0,4.0,12.0,6.0,15.0,70.0,38.0,21.0,64.0,47.0,326.0,1081
291560,2015,30.0,3.0,8.0,12.0,7.0,78.0,40.0,31.0,57.0,54.0,327.0,1025
291560,2016,34.0,1.0,14.0,10.0,6.0,105.0,47.0,40.0,61.0,54.0,374.0,1064
291560,2017,23.0,0.0,11.0,8.0,5.0,90.0,56.0,23.0,69.0,44.0,334.0,1014
291560,2018,28.0,6.0,15.0,15.0,8.0,130.0,78.0,33.0,59.0,50.0,423.0,1075
291560,2019,27.0,1.0,9.0,9.0,4.0,128.0,75.0,13.0,76.0,24.0,373.0,968
291570,2012,3.0,0.0,4.0,0.0,4.0,4.0,0.0,4.0,2.0,5.0,29.0,132
291570,2013,0.0,0.0,0.0,0.0,0.0,0.0,0.0,0.0,0.0,0.0,28.0,112
291570,2014,3.0,0.0,4.0,1.0,1.0,6.0,2.0,6.0,1.0,7.0,33.0,79
291570,2015,2.0,0.0,0.0,0.0,0.0,9.0,1.0,3.0,1.0,2.0,20.0,72
291570,2016,2.0,0.0,0.0,1.0,0.0,14.0,4.0,1.0,1.0,5.0,28.0,91
291570,2017,5.0,0.0,0.0,0.0,1.0,15.0,1.0,2.0,1.0,16.0,42.0,110
291570,2018,5.0,0.0,2.0,2.0,0.0,12.0,1.0,6.0,2.0,10.0,43.0,106
291570,2019,5.0,0.0,0.0,0.0,0.0,10.0,2.0,7.0,4.0,5.0,34.0,94
291580,2012,4.0,0.0,8.0,0.0,2.0,13.0,11.0,9.0,12.0,11.0,75.0,358
291580,2013,0.0,0.0,0.0,0.0,0.0,0.0,0.0,0.0,0.0,0.0,74.0,355
291580,2014,8.0,0.0,6.0,2.0,0.0,15.0,10.0,13.0,7.0,12.0,75.0,276
291580,2015,6.0,1.0,2.0,2.0,2.0,24.0,17.0,10.0,17.0,10.0,98.0,310
291580,2016,8.0,0.0,10.0,1.0,5.0,19.0,4.0,10.0,5.0,12.0,79.0,250
291580,2017,9.0,0.0,5.0,2.0,0.0,16.0,13.0,11.0,7.0,18.0,82.0,264
291580,2018,12.0,0.0,7.0,3.0,0.0,22.0,10.0,16.0,8.0,12.0,90.0,281
291580,2019,10.0,1.0,9.0,4.0,1.0,17.0,10.0,11.0,4.0,10.0,83.0,269
291590,2012,5.0,0.0,0.0,0.0,0.0,2.0,0.0,3.0,5.0,6.0,22.0,94
291590,2013,0.0,0.0,0.0,0.0,0.0,0.0,0.0,0.0,0.0,0.0,19.0,82
291590,2014,2.0,0.0,0.0,0.0,0.0,10.0,1.0,2.0,3.0,7.0,27.0,88
291590,2015,1.0,1.0,0.0,0.0,0.0,4.0,4.0,2.0,3.0,2.0,20.0,66
291590,2016,1.0,0.0,0.0,1.0,0.0,3.0,0.0,2.0,1.0,4.0,13.0,79
291590,2017,0.0,0.0,2.0,2.0,1.0,12.0,1.0,2.0,3.0,0.0,25.0,82
291590,2018,0.0,0.0,4.0,1.0,3.0,7.0,1.0,2.0,3.0,7.0,28.0,93
291590,2019,0.0,0.0,0.0,2.0,0.0,9.0,2.0,1.0,2.0,4.0,22.0,76
291600,2012,9.0,1.0,2.0,3.0,4.0,33.0,1.0,0.0,18.0,37.0,127.0,254
291600,2013,0.0,0.0,0.0,0.0,0.0,0.0,0.0,0.0,0.0,0.0,116.0,225
291600,2014,11.0,3.0,1.0,3.0,5.0,33.0,18.0,18.0,22.0,22.0,138.0,235
291600,2015,4.0,0.0,2.0,3.0,5.0,28.0,6.0,20.0,15.0,30.0,118.0,224
291600,2016,4.0,1.0,1.0,4.0,3.0,28.0,7.0,16.0,12.0,20.0,103.0,196
291600,2017,4.0,2.0,4.0,3.0,2.0,23.0,9.0,8.0,19.0,30.0,104.0,183
291600,2018,13.0,2.0,0.0,3.0,2.0,34.0,11.0,14.0,11.0,24.0,116.0,168
291600,2019,5.0,0.0,2.0,2.0,4.0,34.0,7.0,5.0,16.0,12.0,88.0,174
291610,2012,38.0,0.0,2.0,4.0,5.0,23.0,5.0,5.0,14.0,23.0,127.0,274
291610,2013,0.0,0.0,0.0,0.0,0.0,0.0,0.0,0.0,0.0,0.0,121.0,263
291610,2014,9.0,1.0,5.0,1.0,2.0,20.0,12.0,3.0,15.0,17.0,93.0,247
291610,2015,7.0,1.0,9.0,1.0,3.0,31.0,9.0,11.0,9.0,24.0,114.0,275
291610,2016,4.0,0.0,5.0,1.0,1.0,32.0,7.0,3.0,13.0,16.0,94.0,271
291610,2017,8.0,0.0,2.0,4.0,1.0,22.0,1.0,10.0,12.0,15.0,90.0,233
291610,2018,9.0,3.0,1.0,6.0,1.0,29.0,5.0,10.0,13.0,19.0,117.0,253
291610,2019,12.0,0.0,6.0,9.0,1.0,29.0,8.0,8.0,19.0,18.0,127.0,267
291620,2012,4.0,2.0,4.0,0.0,1.0,11.0,6.0,1.0,13.0,8.0,52.0,138
291620,2013,0.0,0.0,0.0,0.0,0.0,0.0,0.0,0.0,0.0,0.0,41.0,119
291620,2014,4.0,0.0,1.0,0.0,0.0,17.0,11.0,2.0,12.0,4.0,52.0,127
291620,2015,1.0,0.0,2.0,1.0,0.0,23.0,5.0,1.0,10.0,7.0,50.0,130
291620,2016,3.0,0.0,0.0,2.0,2.0,15.0,4.0,2.0,7.0,7.0,42.0,104
291620,2017,2.0,0.0,0.0,3.0,2.0,15.0,3.0,4.0,3.0,11.0,43.0,123
291620,2018,1.0,0.0,2.0,2.0,1.0,19.0,4.0,4.0,4.0,9.0,46.0,133
291620,2019,1.0,0.0,2.0,1.0,1.0,18.0,3.0,6.0,4.0,12.0,48.0,126
291630,2012,5.0,0.0,0.0,1.0,1.0,8.0,6.0,7.0,6.0,7.0,42.0,173
291630,2013,0.0,0.0,0.0,0.0,0.0,0.0,0.0,0.0,0.0,0.0,48.0,155
291630,2014,3.0,0.0,2.0,0.0,3.0,9.0,9.0,4.0,4.0,4.0,43.0,129
291630,2015,1.0,0.0,4.0,2.0,1.0,18.0,18.0,0.0,6.0,4.0,60.0,140
291630,2016,4.0,0.0,2.0,1.0,1.0,14.0,13.0,0.0,10.0,2.0,49.0,153
291630,2017,1.0,0.0,4.0,3.0,2.0,18.0,13.0,0.0,5.0,4.0,54.0,136
291630,2018,2.0,0.0,2.0,0.0,1.0,13.0,3.0,3.0,5.0,5.0,34.0,116
291630,2019,3.0,0.0,2.0,1.0,0.0,7.0,5.0,2.0,5.0,6.0,32.0,118
291640,2012,50.0,2.0,6.0,9.0,11.0,82.0,5.0,95.0,13.0,187.0,475.0,1115
291640,2013,0.0,0.0,0.0,0.0,0.0,0.0,0.0,0.0,0.0,0.0,493.0,1063
291640,2014,45.0,0.0,17.0,7.0,12.0,111.0,20.0,76.0,34.0,135.0,498.0,1082
291640,2015,35.0,0.0,24.0,19.0,15.0,112.0,37.0,75.0,53.0,113.0,526.0,1112
291640,2016,37.0,2.0,12.0,21.0,11.0,129.0,22.0,68.0,40.0,128.0,493.0,1063
291640,2017,30.0,1.0,8.0,11.0,13.0,101.0,28.0,43.0,45.0,95.0,398.0,997
291640,2018,34.0,0.0,16.0,11.0,10.0,140.0,31.0,45.0,45.0,66.0,417.0,1013
291640,2019,38.0,0.0,10.0,10.0,13.0,138.0,40.0,55.0,64.0,75.0,458.0,999
291650,2012,7.0,0.0,1.0,0.0,4.0,18.0,3.0,1.0,26.0,13.0,85.0,423
291650,2013,0.0,0.0,0.0,0.0,0.0,0.0,0.0,0.0,0.0,0.0,82.0,366
291650,2014,8.0,0.0,4.0,5.0,3.0,17.0,6.0,8.0,25.0,22.0,100.0,407
291650,2015,7.0,1.0,4.0,3.0,1.0,16.0,5.0,3.0,18.0,15.0,76.0,350
291650,2016,8.0,1.0,0.0,1.0,2.0,21.0,6.0,13.0,9.0,12.0,83.0,367
291650,2017,6.0,0.0,2.0,2.0,5.0,18.0,14.0,11.0,8.0,16.0,87.0,376
291650,2018,6.0,0.0,8.0,4.0,2.0,24.0,6.0,15.0,14.0,17.0,100.0,405
291650,2019,7.0,0.0,4.0,7.0,4.0,38.0,11.0,10.0,12.0,18.0,111.0,389
291660,2012,6.0,0.0,0.0,1.0,1.0,8.0,4.0,0.0,4.0,2.0,26.0,102
291660,2013,0.0,0.0,0.0,0.0,0.0,0.0,0.0,0.0,0.0,0.0,19.0,79
291660,2014,1.0,0.0,0.0,0.0,0.0,7.0,4.0,2.0,6.0,2.0,23.0,95
291660,2015,3.0,0.0,2.0,0.0,1.0,3.0,10.0,1.0,4.0,3.0,27.0,86
291660,2016,3.0,0.0,2.0,2.0,1.0,10.0,7.0,7.0,7.0,4.0,43.0,117
291660,2017,2.0,0.0,0.0,0.0,0.0,5.0,2.0,5.0,0.0,4.0,18.0,92
291660,2018,0.0,0.0,0.0,0.0,1.0,8.0,1.0,1.0,3.0,3.0,17.0,91
291660,2019,1.0,0.0,0.0,0.0,0.0,10.0,1.0,1.0,7.0,3.0,23.0,79
291670,2012,5.0,0.0,2.0,0.0,1.0,4.0,0.0,4.0,5.0,7.0,32.0,134
291670,2013,0.0,0.0,0.0,0.0,0.0,0.0,0.0,0.0,0.0,0.0,35.0,112
291670,2014,1.0,2.0,2.0,0.0,0.0,7.0,1.0,1.0,2.0,9.0,28.0,101
291670,2015,3.0,1.0,0.0,5.0,0.0,6.0,0.0,1.0,0.0,6.0,27.0,86
291670,2016,2.0,5.0,2.0,0.0,1.0,10.0,1.0,5.0,2.0,7.0,40.0,101
291670,2017,3.0,0.0,3.0,2.0,1.0,6.0,2.0,5.0,7.0,4.0,35.0,100
291670,2018,3.0,0.0,0.0,0.0,1.0,3.0,2.0,1.0,3.0,9.0,26.0,77
291670,2019,3.0,0.0,2.0,0.0,1.0,13.0,4.0,4.0,3.0,9.0,39.0,92
291680,2012,10.0,0.0,0.0,2.0,5.0,24.0,4.0,8.0,15.0,20.0,93.0,254
291680,2013,0.0,0.0,0.0,0.0,0.0,0.0,0.0,0.0,0.0,0.0,63.0,201
291680,2014,11.0,1.0,8.0,3.0,4.0,18.0,20.0,6.0,11.0,10.0,98.0,249
291680,2015,6.0,1.0,2.0,3.0,3.0,17.0,12.0,3.0,9.0,8.0,69.0,197
291680,2016,5.0,0.0,0.0,4.0,0.0,14.0,9.0,5.0,13.0,15.0,66.0,210
291680,2017,4.0,1.0,2.0,2.0,2.0,14.0,4.0,11.0,5.0,20.0,69.0,214
291680,2018,10.0,1.0,2.0,1.0,3.0,31.0,5.0,5.0,9.0,23.0,96.0,232
291680,2019,10.0,0.0,3.0,5.0,0.0,27.0,3.0,10.0,10.0,10.0,83.0,204
291685,2012,40.0,0.0,3.0,0.0,1.0,12.0,2.0,3.0,10.0,8.0,90.0,236
291685,2013,0.0,0.0,0.0,0.0,0.0,0.0,0.0,0.0,0.0,0.0,89.0,206
291685,2014,2.0,0.0,3.0,1.0,1.0,19.0,2.0,4.0,4.0,26.0,76.0,199
291685,2015,4.0,0.0,6.0,1.0,1.0,32.0,6.0,17.0,7.0,28.0,111.0,198
291685,2016,5.0,2.0,1.0,2.0,1.0,23.0,3.0,14.0,9.0,21.0,89.0,207
291685,2017,7.0,0.0,0.0,3.0,3.0,26.0,3.0,7.0,11.0,16.0,79.0,177
291685,2018,4.0,1.0,3.0,3.0,1.0,32.0,9.0,6.0,10.0,14.0,83.0,173
291685,2019,4.0,0.0,0.0,1.0,0.0,23.0,2.0,6.0,5.0,12.0,53.0,145
291690,2012,6.0,1.0,0.0,1.0,3.0,10.0,2.0,1.0,4.0,16.0,48.0,135
291690,2013,0.0,0.0,0.0,0.0,0.0,0.0,0.0,0.0,0.0,0.0,56.0,144
291690,2014,7.0,0.0,0.0,2.0,1.0,12.0,4.0,6.0,3.0,15.0,52.0,144
291690,2015,2.0,3.0,0.0,2.0,1.0,16.0,2.0,5.0,2.0,8.0,45.0,142
291690,2016,3.0,1.0,2.0,2.0,1.0,12.0,5.0,5.0,6.0,16.0,58.0,135
291690,2017,3.0,0.0,4.0,5.0,1.0,13.0,4.0,3.0,4.0,7.0,47.0,120
291690,2018,2.0,0.0,0.0,0.0,2.0,15.0,5.0,6.0,9.0,10.0,50.0,131
291690,2019,9.0,0.0,0.0,2.0,1.0,11.0,3.0,5.0,9.0,13.0,55.0,133
291700,2012,23.0,0.0,6.0,6.0,10.0,27.0,2.0,2.0,18.0,16.0,120.0,610
291700,2013,0.0,0.0,0.0,0.0,0.0,0.0,0.0,0.0,0.0,0.0,112.0,519
291700,2014,13.0,0.0,2.0,5.0,5.0,29.0,10.0,15.0,15.0,24.0,134.0,495
291700,2015,10.0,0.0,2.0,11.0,7.0,26.0,2.0,24.0,18.0,23.0,137.0,475
291700,2016,12.0,2.0,5.0,1.0,3.0,21.0,6.0,24.0,10.0,27.0,133.0,445
291700,2017,16.0,0.0,6.0,9.0,4.0,26.0,21.0,15.0,15.0,22.0,137.0,488
291700,2018,14.0,0.0,9.0,3.0,4.0,51.0,22.0,17.0,15.0,15.0,165.0,520
291700,2019,15.0,0.0,8.0,7.0,11.0,33.0,31.0,32.0,23.0,30.0,199.0,517
291710,2012,11.0,0.0,4.0,1.0,3.0,17.0,4.0,13.0,4.0,36.0,97.0,275
291710,2013,0.0,0.0,0.0,0.0,0.0,0.0,0.0,0.0,0.0,0.0,64.0,220
291710,2014,5.0,0.0,0.0,2.0,2.0,14.0,0.0,8.0,6.0,17.0,56.0,203
291710,2015,8.0,0.0,0.0,1.0,0.0,21.0,5.0,9.0,3.0,10.0,59.0,193
291710,2016,5.0,0.0,3.0,2.0,2.0,10.0,0.0,4.0,2.0,12.0,44.0,128
291710,2017,5.0,0.0,0.0,2.0,2.0,11.0,5.0,8.0,7.0,7.0,52.0,168
291710,2018,5.0,0.0,0.0,0.0,2.0,30.0,5.0,7.0,10.0,21.0,82.0,223
291710,2019,6.0,0.0,2.0,0.0,2.0,16.0,8.0,8.0,9.0,10.0,64.0,218
291720,2012,13.0,0.0,4.0,0.0,4.0,19.0,8.0,13.0,22.0,19.0,128.0,250
291720,2013,0.0,0.0,0.0,0.0,0.0,0.0,0.0,0.0,0.0,0.0,132.0,241
291720,2014,8.0,2.0,8.0,1.0,2.0,25.0,28.0,4.0,43.0,11.0,140.0,263
291720,2015,7.0,0.0,1.0,2.0,1.0,28.0,17.0,13.0,24.0,12.0,108.0,227
291720,2016,11.0,0.0,6.0,2.0,2.0,31.0,19.0,4.0,32.0,5.0,114.0,241
291720,2017,8.0,1.0,6.0,1.0,2.0,40.0,20.0,6.0,36.0,9.0,130.0,249
291720,2018,13.0,0.0,2.0,0.0,3.0,37.0,17.0,7.0,22.0,15.0,134.0,233
291720,2019,6.0,0.0,4.0,7.0,3.0,48.0,14.0,3.0,23.0,6.0,120.0,221
291730,2012,3.0,6.0,2.0,4.0,5.0,15.0,1.0,6.0,9.0,5.0,88.0,466
291730,2013,0.0,0.0,0.0,0.0,0.0,0.0,0.0,0.0,0.0,0.0,106.0,438
291730,2014,3.0,3.0,0.0,4.0,3.0,21.0,5.0,6.0,8.0,16.0,71.0,354
291730,2015,6.0,7.0,8.0,8.0,7.0,19.0,4.0,9.0,11.0,19.0,99.0,406
291730,2016,6.0,9.0,2.0,4.0,5.0,13.0,3.0,7.0,5.0,13.0,71.0,320
291730,2017,3.0,2.0,2.0,1.0,3.0,17.0,5.0,5.0,5.0,14.0,64.0,354
291730,2018,2.0,0.0,0.0,1.0,0.0,20.0,5.0,12.0,4.0,9.0,62.0,349
291730,2019,4.0,0.0,6.0,4.0,3.0,25.0,4.0,14.0,3.0,9.0,72.0,299
291733,2012,12.0,0.0,2.0,1.0,1.0,9.0,3.0,1.0,9.0,6.0,50.0,139
291733,2013,0.0,0.0,0.0,0.0,0.0,0.0,0.0,0.0,0.0,0.0,30.0,126
291733,2014,2.0,1.0,3.0,1.0,2.0,8.0,3.0,5.0,3.0,11.0,40.0,141
291733,2015,6.0,0.0,4.0,1.0,2.0,6.0,1.0,4.0,5.0,6.0,38.0,117
291733,2016,5.0,0.0,2.0,1.0,1.0,5.0,2.0,2.0,4.0,7.0,31.0,112
291733,2017,2.0,0.0,2.0,0.0,0.0,5.0,2.0,6.0,5.0,4.0,27.0,114
291733,2018,3.0,0.0,0.0,0.0,0.0,8.0,3.0,2.0,3.0,7.0,28.0,118
291733,2019,3.0,0.0,0.0,2.0,0.0,17.0,6.0,7.0,11.0,4.0,51.0,137
291735,2012,9.0,1.0,4.0,7.0,5.0,23.0,7.0,2.0,12.0,10.0,81.0,137
291735,2013,0.0,0.0,0.0,0.0,0.0,0.0,0.0,0.0,0.0,0.0,78.0,112
291735,2014,3.0,0.0,0.0,0.0,0.0,31.0,7.0,2.0,22.0,14.0,92.0,131
291735,2015,2.0,0.0,0.0,1.0,0.0,1.0,0.0,0.0,0.0,1.0,85.0,124
291735,2016,0.0,0.0,0.0,0.0,0.0,0.0,0.0,1.0,0.0,2.0,80.0,128
291735,2017,0.0,0.0,2.0,0.0,0.0,0.0,0.0,0.0,2.0,1.0,102.0,133
291735,2018,0.0,0.0,2.0,0.0,0.0,1.0,0.0,0.0,2.0,5.0,122.0,159
291735,2019,0.0,0.0,4.0,0.0,0.0,2.0,0.0,2.0,3.0,3.0,133.0,159
291740,2012,1.0,0.0,0.0,2.0,1.0,17.0,4.0,1.0,15.0,7.0,48.0,115
291740,2013,0.0,0.0,0.0,0.0,0.0,0.0,0.0,0.0,0.0,0.0,57.0,149
291740,2014,2.0,1.0,0.0,0.0,1.0,17.0,5.0,4.0,10.0,12.0,53.0,134
291740,2015,2.0,0.0,0.0,0.0,2.0,6.0,9.0,2.0,9.0,7.0,38.0,122
291740,2016,4.0,0.0,0.0,1.0,2.0,11.0,4.0,2.0,10.0,10.0,44.0,129
291740,2017,3.0,4.0,0.0,4.0,3.0,11.0,5.0,7.0,17.0,8.0,68.0,155
291740,2018,3.0,1.0,4.0,0.0,3.0,15.0,10.0,2.0,21.0,9.0,68.0,131
291740,2019,6.0,2.0,3.0,4.0,0.0,15.0,6.0,6.0,13.0,7.0,63.0,130
291750,2012,89.0,13.0,16.0,3.0,6.0,96.0,9.0,8.0,94.0,50.0,546.0,1258
291750,2013,0.0,0.0,0.0,0.0,0.0,0.0,0.0,0.0,0.0,0.0,504.0,1245
291750,2014,46.0,5.0,17.0,14.0,9.0,82.0,45.0,34.0,56.0,74.0,503.0,1204
291750,2015,30.0,1.0,19.0,16.0,14.0,104.0,27.0,38.0,47.0,88.0,476.0,1310
291750,2016,41.0,1.0,19.0,14.0,10.0,129.0,41.0,66.0,61.0,68.0,505.0,1270
291750,2017,57.0,1.0,9.0,11.0,6.0,137.0,55.0,75.0,67.0,119.0,595.0,1302
291750,2018,57.0,5.0,17.0,15.0,8.0,177.0,83.0,82.0,98.0,99.0,728.0,1331
291750,2019,64.0,3.0,20.0,19.0,9.0,164.0,142.0,59.0,131.0,74.0,755.0,1351
291760,2012,31.0,1.0,2.0,6.0,9.0,64.0,6.0,20.0,18.0,54.0,248.0,763
291760,2013,0.0,0.0,0.0,0.0,0.0,0.0,0.0,0.0,0.0,0.0,256.0,725
291760,2014,16.0,16.0,11.0,7.0,3.0,55.0,20.0,29.0,26.0,46.0,286.0,732
291760,2015,16.0,30.0,8.0,3.0,7.0,62.0,20.0,28.0,28.0,49.0,292.0,776
291760,2016,15.0,51.0,9.0,8.0,5.0,47.0,19.0,31.0,10.0,45.0,276.0,705
291760,2017,18.0,30.0,8.0,4.0,3.0,45.0,15.0,45.0,16.0,85.0,291.0,761
291760,2018,19.0,8.0,9.0,4.0,5.0,84.0,15.0,56.0,11.0,74.0,344.0,772
291760,2019,26.0,5.0,8.0,9.0,7.0,92.0,17.0,71.0,17.0,107.0,373.0,775
291770,2012,25.0,1.0,7.0,2.0,4.0,32.0,8.0,3.0,26.0,31.0,154.0,444
291770,2013,0.0,0.0,0.0,0.0,0.0,0.0,0.0,0.0,0.0,0.0,159.0,424
291770,2014,17.0,1.0,8.0,9.0,3.0,47.0,18.0,13.0,19.0,20.0,170.0,418
291770,2015,16.0,1.0,9.0,4.0,4.0,51.0,15.0,23.0,31.0,21.0,186.0,474
291770,2016,18.0,0.0,2.0,5.0,3.0,43.0,16.0,20.0,22.0,21.0,157.0,422
291770,2017,18.0,0.0,2.0,3.0,6.0,40.0,20.0,14.0,19.0,22.0,146.0,417
291770,2018,19.0,0.0,0.0,3.0,3.0,44.0,15.0,9.0,27.0,17.0,137.0,399
291770,2019,17.0,0.0,8.0,5.0,2.0,55.0,12.0,24.0,22.0,27.0,172.0,400
291780,2012,11.0,1.0,0.0,1.0,0.0,13.0,7.0,1.0,14.0,18.0,75.0,200
291780,2013,0.0,0.0,0.0,0.0,0.0,0.0,0.0,0.0,0.0,0.0,92.0,213
291780,2014,0.0,0.0,0.0,1.0,2.0,17.0,5.0,6.0,6.0,19.0,60.0,161
291780,2015,3.0,0.0,1.0,5.0,0.0,21.0,5.0,6.0,8.0,20.0,72.0,180
291780,2016,9.0,2.0,2.0,3.0,2.0,22.0,5.0,11.0,3.0,18.0,83.0,202
291780,2017,6.0,0.0,0.0,1.0,3.0,22.0,2.0,15.0,8.0,31.0,89.0,213
291780,2018,7.0,0.0,1.0,1.0,0.0,32.0,4.0,12.0,11.0,20.0,90.0,192
291780,2019,9.0,1.0,3.0,3.0,0.0,32.0,6.0,20.0,4.0,33.0,112.0,219
291790,2012,4.0,0.0,0.0,0.0,0.0,7.0,0.0,7.0,6.0,13.0,38.0,170
291790,2013,0.0,0.0,0.0,0.0,0.0,0.0,0.0,0.0,0.0,0.0,37.0,155
291790,2014,2.0,0.0,0.0,1.0,2.0,16.0,1.0,14.0,1.0,17.0,55.0,168
291790,2015,5.0,0.0,0.0,2.0,0.0,11.0,5.0,5.0,9.0,7.0,44.0,160
291790,2016,2.0,1.0,4.0,1.0,0.0,11.0,4.0,6.0,4.0,5.0,38.0,137
291790,2017,3.0,0.0,1.0,1.0,1.0,12.0,1.0,6.0,5.0,14.0,44.0,145
291790,2018,6.0,0.0,2.0,0.0,0.0,12.0,1.0,9.0,7.0,11.0,48.0,160
291790,2019,3.0,0.0,4.0,4.0,3.0,10.0,1.0,7.0,4.0,5.0,41.0,135
291800,2012,314.0,4.0,51.0,23.0,18.0,449.0,13.0,24.0,210.0,338.0,1592.0,2604
291800,2013,0.0,0.0,0.0,0.0,0.0,0.0,0.0,0.0,0.0,0.0,1713.0,2758
291800,2014,152.0,4.0,41.0,41.0,31.0,451.0,108.0,142.0,229.0,236.0,1594.0,2603
291800,2015,154.0,3.0,20.0,36.0,32.0,485.0,79.0,112.0,207.0,235.0,1452.0,2594
291800,2016,143.0,4.0,36.0,27.0,23.0,473.0,84.0,119.0,184.0,298.0,1438.0,2381
291800,2017,152.0,0.0,46.0,34.0,19.0,480.0,85.0,104.0,208.0,241.0,1448.0,2443
291800,2018,154.0,0.0,39.0,39.0,28.0,527.0,79.0,88.0,210.0,189.0,1390.0,2524
291800,2019,169.0,4.0,43.0,49.0,26.0,464.0,89.0,102.0,156.0,272.0,1435.0,2349
291810,2012,25.0,2.0,2.0,2.0,0.0,21.0,3.0,13.0,15.0,16.0,104.0,499
291810,2013,0.0,0.0,0.0,0.0,0.0,0.0,0.0,0.0,0.0,0.0,137.0,514
291810,2014,15.0,0.0,4.0,2.0,4.0,22.0,3.0,20.0,5.0,36.0,123.0,486
291810,2015,10.0,0.0,2.0,7.0,2.0,21.0,6.0,20.0,9.0,35.0,123.0,421
291810,2016,9.0,0.0,6.0,4.0,3.0,29.0,8.0,16.0,13.0,27.0,137.0,461
291810,2017,18.0,0.0,2.0,3.0,5.0,32.0,5.0,12.0,19.0,37.0,150.0,471
291810,2018,17.0,0.0,4.0,9.0,6.0,29.0,10.0,19.0,12.0,25.0,157.0,511
291810,2019,13.0,0.0,10.0,11.0,4.0,37.0,12.0,31.0,22.0,38.0,183.0,521
291820,2012,8.0,0.0,1.0,0.0,1.0,17.0,0.0,1.0,4.0,23.0,59.0,142
291820,2013,0.0,0.0,0.0,0.0,0.0,0.0,0.0,0.0,0.0,0.0,46.0,141
291820,2014,1.0,0.0,4.0,0.0,0.0,18.0,2.0,4.0,6.0,16.0,52.0,153
291820,2015,2.0,0.0,2.0,1.0,0.0,14.0,1.0,7.0,9.0,19.0,56.0,147
291820,2016,8.0,1.0,2.0,0.0,1.0,15.0,4.0,7.0,6.0,17.0,63.0,141
291820,2017,1.0,0.0,2.0,0.0,2.0,12.0,1.0,10.0,3.0,20.0,51.0,152
291820,2018,8.0,0.0,0.0,1.0,1.0,18.0,2.0,13.0,6.0,24.0,73.0,159
291820,2019,10.0,1.0,2.0,0.0,0.0,20.0,1.0,6.0,7.0,23.0,71.0,163
291830,2012,13.0,0.0,7.0,2.0,2.0,25.0,1.0,3.0,6.0,21.0,86.0,161
291830,2013,0.0,0.0,0.0,0.0,0.0,0.0,0.0,0.0,0.0,0.0,74.0,151
291830,2014,11.0,0.0,7.0,1.0,5.0,29.0,3.0,9.0,11.0,23.0,105.0,175
291830,2015,9.0,1.0,3.0,3.0,2.0,14.0,7.0,5.0,7.0,11.0,69.0,164
291830,2016,5.0,0.0,2.0,2.0,0.0,22.0,3.0,11.0,5.0,14.0,68.0,154
291830,2017,9.0,0.0,2.0,2.0,0.0,23.0,2.0,6.0,5.0,18.0,73.0,144
291830,2018,15.0,0.0,4.0,4.0,3.0,21.0,3.0,5.0,7.0,10.0,74.0,167
291830,2019,8.0,0.0,2.0,4.0,0.0,30.0,1.0,4.0,6.0,19.0,74.0,171
291835,2012,8.0,1.0,3.0,6.0,2.0,36.0,3.0,1.0,10.0,21.0,95.0,382
291835,2013,0.0,0.0,0.0,0.0,0.0,0.0,0.0,0.0,0.0,0.0,82.0,344
291835,2014,10.0,0.0,2.0,5.0,2.0,31.0,19.0,11.0,8.0,20.0,108.0,361
291835,2015,11.0,1.0,1.0,5.0,5.0,39.0,3.0,17.0,18.0,17.0,118.0,395
291835,2016,3.0,0.0,7.0,5.0,2.0,37.0,8.0,10.0,14.0,14.0,101.0,387
291835,2017,9.0,0.0,4.0,5.0,10.0,30.0,7.0,17.0,15.0,23.0,120.0,441
291835,2018,9.0,0.0,4.0,4.0,4.0,48.0,13.0,16.0,16.0,21.0,136.0,442
291835,2019,7.0,0.0,7.0,4.0,1.0,42.0,10.0,8.0,10.0,22.0,111.0,384
291840,2012,223.0,8.0,48.0,52.0,58.0,353.0,80.0,104.0,242.0,293.0,1481.0,3907
291840,2013,0.0,0.0,0.0,0.0,0.0,0.0,0.0,0.0,0.0,0.0,1580.0,3988
291840,2014,138.0,3.0,52.0,63.0,34.0,440.0,151.0,168.0,241.0,282.0,1584.0,3952
291840,2015,189.0,4.0,54.0,65.0,35.0,494.0,174.0,165.0,276.0,262.0,1726.0,4425
291840,2016,197.0,3.0,63.0,59.0,48.0,496.0,143.0,148.0,226.0,225.0,1613.0,4073
291840,2017,155.0,1.0,59.0,67.0,36.0,581.0,170.0,139.0,252.0,178.0,1663.0,4418
291840,2018,157.0,7.0,65.0,65.0,50.0,655.0,182.0,124.0,300.0,193.0,1811.0,4573
291840,2019,160.0,2.0,61.0,71.0,41.0,593.0,191.0,132.0,310.0,175.0,1749.0,4371
291845,2012,2.0,2.0,1.0,0.0,0.0,6.0,1.0,1.0,2.0,3.0,23.0,104
291845,2013,0.0,0.0,0.0,0.0,0.0,0.0,0.0,0.0,0.0,0.0,36.0,105
291845,2014,1.0,1.0,2.0,1.0,1.0,9.0,9.0,3.0,6.0,4.0,37.0,97
291845,2015,4.0,0.0,0.0,2.0,3.0,3.0,2.0,2.0,4.0,7.0,27.0,97
291845,2016,1.0,0.0,0.0,1.0,2.0,7.0,4.0,9.0,7.0,9.0,41.0,100
291845,2017,3.0,0.0,4.0,1.0,0.0,8.0,0.0,5.0,2.0,3.0,28.0,87
291845,2018,4.0,2.0,0.0,0.0,0.0,11.0,4.0,6.0,3.0,4.0,37.0,111
291845,2019,2.0,0.0,0.0,1.0,2.0,10.0,6.0,4.0,4.0,3.0,35.0,94
291850,2012,5.0,0.0,3.0,2.0,2.0,13.0,4.0,2.0,3.0,13.0,48.0,225
291850,2013,0.0,0.0,0.0,0.0,0.0,0.0,0.0,0.0,0.0,0.0,46.0,228
291850,2014,3.0,0.0,4.0,0.0,1.0,11.0,2.0,3.0,7.0,14.0,45.0,225
291850,2015,4.0,1.0,4.0,1.0,5.0,21.0,7.0,7.0,10.0,9.0,69.0,290
291850,2016,6.0,0.0,3.0,3.0,2.0,16.0,3.0,6.0,10.0,3.0,53.0,205
291850,2017,2.0,0.0,0.0,2.0,1.0,20.0,6.0,4.0,10.0,11.0,56.0,204
291850,2018,4.0,0.0,2.0,2.0,4.0,16.0,4.0,7.0,7.0,7.0,53.0,207
291850,2019,6.0,0.0,0.0,4.0,0.0,21.0,6.0,4.0,4.0,5.0,50.0,204
291855,2012,1.0,1.0,2.0,0.0,1.0,6.0,3.0,0.0,3.0,3.0,20.0,83
291855,2013,0.0,0.0,0.0,0.0,0.0,0.0,0.0,0.0,0.0,0.0,18.0,83
291855,2014,5.0,0.0,2.0,0.0,0.0,8.0,2.0,1.0,7.0,3.0,28.0,91
291855,2015,1.0,0.0,0.0,0.0,1.0,4.0,3.0,1.0,3.0,2.0,15.0,68
291855,2016,1.0,0.0,3.0,0.0,0.0,9.0,1.0,0.0,6.0,4.0,24.0,94
291855,2017,2.0,0.0,4.0,0.0,1.0,10.0,0.0,2.0,1.0,5.0,25.0,98
291855,2018,1.0,0.0,3.0,0.0,0.0,8.0,2.0,2.0,2.0,6.0,24.0,81
291855,2019,1.0,0.0,2.0,0.0,1.0,5.0,1.0,3.0,2.0,1.0,16.0,68
291860,2012,5.0,0.0,2.0,0.0,0.0,5.0,3.0,2.0,8.0,4.0,31.0,50
291860,2013,0.0,0.0,0.0,0.0,0.0,0.0,0.0,0.0,0.0,0.0,37.0,54
291860,2014,3.0,0.0,8.0,0.0,0.0,7.0,3.0,9.0,2.0,19.0,51.0,61
291860,2015,6.0,0.0,0.0,1.0,1.0,11.0,4.0,1.0,13.0,10.0,48.0,59
291860,2016,3.0,1.0,0.0,0.0,0.0,7.0,9.0,14.0,5.0,15.0,54.0,68
291860,2017,3.0,0.0,0.0,1.0,2.0,15.0,4.0,7.0,6.0,16.0,54.0,77
291860,2018,2.0,0.0,2.0,1.0,0.0,10.0,1.0,3.0,3.0,6.0,63.0,72
291860,2019,4.0,0.0,4.0,1.0,0.0,11.0,1.0,4.0,3.0,6.0,40.0,57
291870,2012,2.0,0.0,1.0,0.0,1.0,7.0,0.0,0.0,2.0,4.0,19.0,36
291870,2013,0.0,0.0,0.0,0.0,0.0,0.0,0.0,0.0,0.0,0.0,31.0,46
291870,2014,1.0,0.0,0.0,0.0,0.0,8.0,2.0,0.0,4.0,2.0,17.0,31
291870,2015,3.0,0.0,0.0,0.0,0.0,4.0,0.0,2.0,1.0,2.0,12.0,37
291870,2016,5.0,0.0,1.0,0.0,0.0,7.0,1.0,1.0,1.0,2.0,19.0,44
291870,2017,6.0,0.0,0.0,0.0,0.0,4.0,3.0,2.0,4.0,4.0,26.0,44
291870,2018,2.0,0.0,0.0,2.0,2.0,7.0,2.0,2.0,6.0,0.0,23.0,54
291870,2019,2.0,0.0,0.0,0.0,0.0,8.0,1.0,2.0,5.0,7.0,26.0,45
291875,2012,4.0,0.0,0.0,1.0,2.0,10.0,1.0,1.0,9.0,17.0,47.0,145
291875,2013,0.0,0.0,0.0,0.0,0.0,0.0,0.0,0.0,0.0,0.0,52.0,126
291875,2014,3.0,0.0,0.0,0.0,4.0,16.0,5.0,8.0,6.0,13.0,62.0,133
291875,2015,6.0,0.0,0.0,5.0,3.0,17.0,5.0,9.0,10.0,14.0,73.0,150
291875,2016,3.0,0.0,5.0,1.0,0.0,20.0,4.0,4.0,9.0,6.0,52.0,144
291875,2017,4.0,0.0,6.0,1.0,2.0,27.0,5.0,9.0,14.0,21.0,92.0,165
291875,2018,5.0,0.0,0.0,7.0,3.0,17.0,10.0,8.0,10.0,12.0,72.0,132
291875,2019,5.0,1.0,0.0,8.0,2.0,19.0,4.0,3.0,19.0,8.0,69.0,122
291880,2012,9.0,1.0,2.0,3.0,2.0,37.0,0.0,1.0,14.0,37.0,123.0,325
291880,2013,0.0,0.0,0.0,0.0,0.0,0.0,0.0,0.0,0.0,0.0,109.0,267
291880,2014,7.0,0.0,4.0,2.0,5.0,41.0,9.0,15.0,13.0,33.0,130.0,282
291880,2015,8.0,0.0,5.0,3.0,7.0,40.0,0.0,17.0,14.0,38.0,135.0,298
291880,2016,6.0,0.0,2.0,1.0,1.0,41.0,9.0,26.0,21.0,28.0,138.0,288
291880,2017,9.0,0.0,4.0,2.0,1.0,27.0,5.0,20.0,11.0,41.0,120.0,259
291880,2018,18.0,0.0,7.0,3.0,1.0,37.0,4.0,26.0,14.0,37.0,147.0,288
291880,2019,14.0,0.0,4.0,1.0,1.0,50.0,4.0,20.0,11.0,53.0,158.0,318
291890,2012,2.0,1.0,0.0,1.0,0.0,7.0,2.0,0.0,3.0,1.0,20.0,38
291890,2013,0.0,0.0,0.0,0.0,0.0,0.0,0.0,0.0,0.0,0.0,13.0,41
291890,2014,1.0,0.0,0.0,0.0,0.0,5.0,4.0,1.0,3.0,2.0,17.0,37
291890,2015,1.0,0.0,2.0,1.0,0.0,2.0,5.0,1.0,9.0,3.0,24.0,63
291890,2016,3.0,0.0,2.0,0.0,0.0,5.0,3.0,2.0,1.0,2.0,18.0,56
291890,2017,2.0,0.0,0.0,2.0,0.0,6.0,2.0,1.0,2.0,2.0,18.0,54
291890,2018,2.0,0.0,0.0,0.0,1.0,5.0,5.0,2.0,4.0,2.0,21.0,46
291890,2019,1.0,0.0,0.0,0.0,0.0,10.0,2.0,1.0,5.0,1.0,20.0,39
291900,2012,3.0,0.0,2.0,0.0,2.0,0.0,1.0,1.0,2.0,1.0,12.0,51
291900,2013,0.0,0.0,0.0,0.0,0.0,0.0,0.0,0.0,0.0,0.0,14.0,43
291900,2014,1.0,0.0,0.0,0.0,0.0,2.0,1.0,0.0,4.0,3.0,12.0,45
291900,2015,1.0,0.0,0.0,0.0,1.0,1.0,1.0,2.0,5.0,0.0,14.0,42
291900,2016,3.0,0.0,0.0,2.0,0.0,4.0,3.0,1.0,4.0,3.0,20.0,42
291900,2017,1.0,1.0,2.0,0.0,0.0,3.0,4.0,2.0,0.0,2.0,15.0,42
291900,2018,2.0,0.0,6.0,2.0,2.0,4.0,4.0,2.0,1.0,1.0,24.0,42
291900,2019,1.0,0.0,0.0,0.0,1.0,4.0,1.0,5.0,5.0,2.0,19.0,40
291905,2012,1.0,0.0,2.0,1.0,1.0,4.0,0.0,3.0,2.0,3.0,18.0,71
291905,2013,0.0,0.0,0.0,0.0,0.0,0.0,0.0,0.0,0.0,0.0,27.0,70
291905,2014,0.0,1.0,0.0,0.0,0.0,2.0,2.0,1.0,4.0,7.0,21.0,59
291905,2015,2.0,2.0,4.0,1.0,0.0,11.0,0.0,6.0,3.0,7.0,37.0,104
291905,2016,2.0,0.0,2.0,1.0,0.0,7.0,3.0,5.0,0.0,7.0,27.0,98
291905,2017,0.0,0.0,0.0,1.0,1.0,9.0,1.0,1.0,6.0,8.0,28.0,88
291905,2018,4.0,1.0,0.0,0.0,2.0,9.0,0.0,5.0,3.0,2.0,26.0,75
291905,2019,2.0,0.0,0.0,1.0,0.0,9.0,3.0,7.0,4.0,8.0,34.0,79
291910,2012,13.0,0.0,2.0,0.0,1.0,3.0,0.0,0.0,3.0,2.0,27.0,92
291910,2013,0.0,0.0,0.0,0.0,0.0,0.0,0.0,0.0,0.0,0.0,25.0,94
291910,2014,1.0,0.0,2.0,2.0,3.0,3.0,1.0,4.0,4.0,14.0,43.0,113
291910,2015,1.0,0.0,4.0,1.0,2.0,5.0,2.0,7.0,2.0,5.0,30.0,90
291910,2016,2.0,0.0,0.0,0.0,1.0,9.0,2.0,4.0,6.0,8.0,32.0,80
291910,2017,2.0,0.0,5.0,2.0,0.0,1.0,1.0,6.0,0.0,9.0,26.0,71
291910,2018,3.0,0.0,0.0,2.0,0.0,6.0,2.0,4.0,6.0,7.0,32.0,86
291910,2019,3.0,1.0,2.0,1.0,1.0,6.0,5.0,3.0,3.0,5.0,30.0,77
291915,2012,15.0,0.0,5.0,6.0,6.0,29.0,5.0,10.0,14.0,16.0,110.0,359
291915,2013,0.0,0.0,0.0,0.0,0.0,0.0,0.0,0.0,0.0,0.0,112.0,380
291915,2014,19.0,0.0,8.0,2.0,2.0,27.0,9.0,9.0,8.0,16.0,101.0,420
291915,2015,11.0,0.0,2.0,5.0,3.0,27.0,8.0,14.0,15.0,23.0,109.0,403
291915,2016,7.0,0.0,4.0,5.0,4.0,40.0,10.0,7.0,12.0,15.0,105.0,421
291915,2017,11.0,1.0,4.0,8.0,3.0,48.0,6.0,12.0,18.0,25.0,138.0,437
291915,2018,9.0,0.0,4.0,6.0,3.0,32.0,11.0,9.0,23.0,14.0,116.0,413
291915,2019,16.0,1.0,7.0,6.0,5.0,42.0,20.0,9.0,16.0,18.0,141.0,432
291920,2012,210.0,4.0,70.0,47.0,51.0,327.0,47.0,33.0,352.0,172.0,1451.0,3083
291920,2013,0.0,0.0,0.0,0.0,0.0,0.0,0.0,0.0,0.0,0.0,1496.0,3256
291920,2014,115.0,1.0,47.0,69.0,31.0,411.0,136.0,98.0,350.0,198.0,1554.0,3284
291920,2015,124.0,2.0,56.0,47.0,37.0,394.0,126.0,84.0,350.0,174.0,1490.0,3305
291920,2016,101.0,3.0,54.0,47.0,35.0,355.0,101.0,82.0,307.0,163.0,1373.0,3137
291920,2017,103.0,3.0,56.0,42.0,34.0,359.0,155.0,42.0,339.0,145.0,1378.0,2998
291920,2018,100.0,4.0,54.0,44.0,31.0,447.0,159.0,76.0,317.0,200.0,1518.0,3129
291920,2019,106.0,3.0,81.0,59.0,43.0,424.0,120.0,96.0,285.0,166.0,1520.0,3057
291930,2012,4.0,0.0,0.0,3.0,0.0,11.0,4.0,2.0,7.0,6.0,42.0,124
291930,2013,0.0,0.0,0.0,0.0,0.0,0.0,0.0,0.0,0.0,0.0,58.0,134
291930,2014,2.0,0.0,0.0,3.0,3.0,11.0,4.0,6.0,6.0,21.0,62.0,155
291930,2015,2.0,0.0,0.0,4.0,1.0,12.0,4.0,4.0,9.0,5.0,42.0,118
291930,2016,6.0,0.0,2.0,1.0,1.0,16.0,0.0,8.0,10.0,4.0,49.0,147
291930,2017,5.0,0.0,0.0,5.0,3.0,14.0,0.0,2.0,3.0,13.0,45.0,117
291930,2018,4.0,0.0,2.0,7.0,1.0,18.0,4.0,6.0,5.0,6.0,54.0,144
291930,2019,2.0,0.0,2.0,2.0,1.0,15.0,10.0,3.0,9.0,10.0,54.0,135
291940,2012,9.0,0.0,2.0,2.0,3.0,19.0,7.0,5.0,17.0,15.0,80.0,146
291940,2013,0.0,0.0,0.0,0.0,0.0,0.0,0.0,0.0,0.0,0.0,73.0,152
291940,2014,2.0,1.0,3.0,1.0,3.0,18.0,10.0,3.0,10.0,9.0,62.0,125
291940,2015,9.0,0.0,0.0,3.0,0.0,13.0,5.0,5.0,14.0,5.0,57.0,143
291940,2016,3.0,0.0,6.0,0.0,0.0,10.0,4.0,2.0,9.0,8.0,46.0,116
291940,2017,3.0,0.0,5.0,1.0,2.0,27.0,11.0,5.0,19.0,3.0,77.0,138
291940,2018,4.0,0.0,4.0,1.0,1.0,15.0,6.0,4.0,13.0,4.0,55.0,115
291940,2019,7.0,0.0,2.0,2.0,2.0,21.0,8.0,5.0,12.0,6.0,67.0,109
291950,2012,30.0,0.0,7.0,15.0,19.0,78.0,37.0,11.0,91.0,36.0,339.0,530
291950,2013,0.0,0.0,0.0,0.0,0.0,0.0,0.0,0.0,0.0,0.0,355.0,565
291950,2014,23.0,2.0,9.0,2.0,4.0,98.0,42.0,28.0,86.0,64.0,362.0,536
291950,2015,19.0,2.0,10.0,6.0,8.0,131.0,45.0,29.0,72.0,53.0,384.0,555
291950,2016,16.0,1.0,13.0,4.0,6.0,112.0,36.0,31.0,79.0,71.0,370.0,559
291950,2017,22.0,0.0,11.0,7.0,6.0,132.0,42.0,23.0,91.0,75.0,415.0,585
291950,2018,19.0,0.0,7.0,6.0,3.0,81.0,19.0,5.0,46.0,38.0,448.0,606
291950,2019,25.0,0.0,4.0,8.0,2.0,106.0,40.0,21.0,71.0,44.0,424.0,574
291955,2012,106.0,3.0,33.0,17.0,10.0,205.0,60.0,41.0,176.0,105.0,807.0,1454
291955,2013,0.0,0.0,0.0,0.0,0.0,0.0,0.0,0.0,0.0,0.0,872.0,1626
291955,2014,97.0,1.0,23.0,13.0,14.0,248.0,108.0,68.0,221.0,129.0,949.0,1681
291955,2015,86.0,5.0,17.0,22.0,21.0,356.0,77.0,96.0,157.0,172.0,1028.0,1842
291955,2016,68.0,2.0,29.0,22.0,24.0,310.0,73.0,73.0,131.0,136.0,881.0,1692
291955,2017,81.0,1.0,40.0,21.0,30.0,324.0,138.0,100.0,170.0,194.0,1114.0,1769
291955,2018,85.0,3.0,49.0,21.0,17.0,300.0,103.0,80.0,179.0,122.0,1248.0,1955
291955,2019,13.0,1.0,40.0,2.0,1.0,17.0,2.0,0.0,11.0,2.0,1145.0,2013
291960,2012,6.0,0.0,3.0,0.0,3.0,7.0,2.0,0.0,7.0,3.0,35.0,179
291960,2013,0.0,0.0,0.0,0.0,0.0,0.0,0.0,0.0,0.0,0.0,33.0,130
291960,2014,2.0,0.0,3.0,3.0,0.0,7.0,6.0,2.0,6.0,7.0,37.0,144
291960,2015,3.0,0.0,4.0,3.0,0.0,6.0,3.0,5.0,3.0,8.0,38.0,130
291960,2016,5.0,0.0,2.0,5.0,0.0,9.0,3.0,5.0,4.0,16.0,50.0,181
291960,2017,6.0,1.0,5.0,3.0,3.0,9.0,2.0,4.0,5.0,13.0,53.0,148
291960,2018,2.0,0.0,4.0,1.0,2.0,10.0,7.0,5.0,9.0,8.0,48.0,136
291960,2019,6.0,0.0,2.0,6.0,3.0,8.0,12.0,3.0,13.0,4.0,57.0,143
291970,2012,8.0,0.0,0.0,2.0,2.0,23.0,1.0,12.0,9.0,27.0,92.0,276
291970,2013,0.0,0.0,0.0,0.0,0.0,0.0,0.0,0.0,0.0,0.0,83.0,237
291970,2014,7.0,0.0,4.0,3.0,2.0,7.0,4.0,11.0,4.0,17.0,62.0,195
291970,2015,4.0,0.0,2.0,2.0,4.0,14.0,6.0,11.0,2.0,21.0,74.0,248
291970,2016,8.0,0.0,3.0,0.0,1.0,15.0,5.0,17.0,5.0,17.0,80.0,207
291970,2017,10.0,0.0,0.0,2.0,6.0,16.0,6.0,8.0,4.0,22.0,77.0,221
291970,2018,7.0,0.0,1.0,2.0,1.0,17.0,7.0,5.0,9.0,15.0,66.0,196
291970,2019,4.0,0.0,0.0,0.0,1.0,14.0,6.0,9.0,4.0,12.0,57.0,165
291980,2012,32.0,2.0,8.0,2.0,6.0,32.0,8.0,7.0,27.0,30.0,244.0,561
291980,2013,0.0,0.0,0.0,0.0,0.0,0.0,0.0,0.0,0.0,0.0,264.0,533
291980,2014,27.0,0.0,5.0,6.0,6.0,68.0,23.0,20.0,33.0,55.0,257.0,576
291980,2015,11.0,1.0,3.0,9.0,5.0,78.0,23.0,12.0,32.0,45.0,229.0,493
291980,2016,10.0,2.0,6.0,8.0,5.0,72.0,21.0,28.0,40.0,59.0,259.0,487
291980,2017,26.0,1.0,0.0,11.0,5.0,76.0,23.0,35.0,39.0,65.0,291.0,552
291980,2018,18.0,1.0,3.0,5.0,12.0,85.0,16.0,36.0,45.0,61.0,292.0,536
291980,2019,19.0,0.0,14.0,14.0,11.0,83.0,13.0,38.0,36.0,63.0,295.0,519
291990,2012,0.0,0.0,0.0,2.0,1.0,1.0,2.0,2.0,3.0,4.0,19.0,102
291990,2013,0.0,0.0,0.0,0.0,0.0,0.0,0.0,0.0,0.0,0.0,32.0,101
291990,2014,1.0,2.0,0.0,3.0,0.0,7.0,2.0,6.0,1.0,8.0,35.0,112
291990,2015,1.0,0.0,0.0,0.0,0.0,11.0,3.0,4.0,1.0,6.0,27.0,115
291990,2016,0.0,0.0,3.0,0.0,1.0,6.0,1.0,7.0,5.0,5.0,29.0,97
291990,2017,2.0,0.0,0.0,2.0,2.0,7.0,2.0,3.0,2.0,4.0,28.0,90
291990,2018,3.0,0.0,0.0,1.0,3.0,10.0,4.0,3.0,0.0,7.0,34.0,110
291990,2019,3.0,0.0,0.0,0.0,1.0,13.0,2.0,4.0,4.0,3.0,33.0,100
291992,2012,15.0,0.0,2.0,0.0,1.0,31.0,6.0,6.0,28.0,28.0,143.0,304
291992,2013,0.0,0.0,0.0,0.0,0.0,0.0,0.0,0.0,0.0,0.0,160.0,315
291992,2014,10.0,1.0,7.0,1.0,0.0,36.0,13.0,10.0,36.0,13.0,162.0,317
291992,2015,11.0,0.0,5.0,7.0,4.0,46.0,11.0,4.0,34.0,19.0,170.0,342
291992,2016,11.0,1.0,8.0,5.0,2.0,41.0,14.0,6.0,22.0,24.0,161.0,353
291992,2017,11.0,0.0,4.0,4.0,2.0,41.0,8.0,7.0,30.0,28.0,153.0,284
291992,2018,12.0,1.0,5.0,5.0,1.0,27.0,8.0,11.0,16.0,37.0,155.0,280
291992,2019,13.0,6.0,4.0,3.0,2.0,37.0,9.0,12.0,27.0,31.0,162.0,279
291995,2012,4.0,0.0,0.0,4.0,0.0,5.0,4.0,2.0,3.0,2.0,30.0,91
291995,2013,0.0,0.0,0.0,0.0,0.0,0.0,0.0,0.0,0.0,0.0,27.0,73
291995,2014,3.0,0.0,2.0,0.0,1.0,12.0,2.0,2.0,4.0,11.0,38.0,81
291995,2015,5.0,0.0,0.0,1.0,0.0,11.0,4.0,5.0,7.0,6.0,39.0,86
291995,2016,2.0,0.0,0.0,0.0,2.0,9.0,1.0,4.0,9.0,9.0,36.0,92
291995,2017,6.0,0.0,2.0,1.0,0.0,7.0,2.0,3.0,3.0,7.0,32.0,69
291995,2018,5.0,0.0,2.0,0.0,0.0,10.0,4.0,1.0,4.0,6.0,33.0,68
291995,2019,2.0,0.0,4.0,0.0,0.0,14.0,2.0,2.0,9.0,6.0,42.0,84
292000,2012,7.0,0.0,2.0,0.0,1.0,12.0,6.0,12.0,4.0,12.0,57.0,135
292000,2013,0.0,0.0,0.0,0.0,0.0,0.0,0.0,0.0,0.0,0.0,42.0,110
292000,2014,7.0,0.0,2.0,0.0,2.0,9.0,3.0,11.0,4.0,13.0,53.0,133
292000,2015,6.0,0.0,0.0,2.0,3.0,11.0,7.0,10.0,3.0,10.0,57.0,119
292000,2016,6.0,0.0,0.0,2.0,1.0,5.0,3.0,5.0,2.0,7.0,35.0,102
292000,2017,1.0,0.0,0.0,0.0,1.0,6.0,3.0,7.0,7.0,10.0,38.0,101
292000,2018,1.0,0.0,2.0,2.0,0.0,8.0,4.0,5.0,6.0,9.0,41.0,100
292000,2019,5.0,0.0,2.0,3.0,1.0,12.0,3.0,4.0,5.0,7.0,44.0,88
292010,2012,19.0,6.0,0.0,2.0,2.0,6.0,1.0,1.0,5.0,9.0,60.0,221
292010,2013,0.0,0.0,0.0,0.0,0.0,0.0,0.0,0.0,0.0,0.0,59.0,210
292010,2014,7.0,1.0,4.0,2.0,1.0,14.0,2.0,9.0,4.0,7.0,61.0,198
292010,2015,3.0,1.0,0.0,1.0,2.0,17.0,2.0,6.0,5.0,14.0,54.0,194
292010,2016,5.0,0.0,1.0,1.0,1.0,8.0,3.0,9.0,4.0,7.0,41.0,169
292010,2017,6.0,0.0,4.0,3.0,3.0,18.0,6.0,12.0,9.0,13.0,76.0,204
292010,2018,6.0,0.0,2.0,1.0,2.0,17.0,10.0,16.0,8.0,7.0,73.0,190
292010,2019,5.0,0.0,1.0,2.0,3.0,14.0,4.0,7.0,10.0,8.0,57.0,153
292020,2012,7.0,0.0,2.0,7.0,2.0,10.0,2.0,4.0,4.0,14.0,52.0,266
292020,2013,0.0,0.0,0.0,0.0,0.0,0.0,0.0,0.0,0.0,0.0,43.0,211
292020,2014,8.0,0.0,1.0,1.0,5.0,14.0,5.0,13.0,14.0,13.0,75.0,258
292020,2015,8.0,0.0,0.0,2.0,5.0,22.0,5.0,9.0,7.0,17.0,75.0,228
292020,2016,6.0,1.0,2.0,3.0,1.0,20.0,12.0,6.0,14.0,13.0,79.0,287
292020,2017,7.0,1.0,4.0,2.0,0.0,16.0,7.0,12.0,8.0,7.0,67.0,248
292020,2018,7.0,0.0,6.0,4.0,2.0,11.0,10.0,8.0,14.0,9.0,75.0,248
292020,2019,4.0,0.0,5.0,2.0,1.0,17.0,9.0,7.0,11.0,8.0,66.0,214
292030,2012,6.0,0.0,0.0,0.0,0.0,13.0,3.0,0.0,5.0,15.0,52.0,95
292030,2013,0.0,0.0,0.0,0.0,0.0,0.0,0.0,0.0,0.0,0.0,65.0,101
292030,2014,7.0,1.0,8.0,2.0,1.0,18.0,10.0,3.0,13.0,8.0,75.0,109
292030,2015,6.0,0.0,0.0,3.0,1.0,26.0,5.0,3.0,9.0,17.0,71.0,107
292030,2016,1.0,0.0,2.0,1.0,1.0,18.0,6.0,8.0,11.0,12.0,61.0,108
292030,2017,2.0,0.0,0.0,2.0,3.0,10.0,5.0,5.0,6.0,14.0,48.0,91
292030,2018,4.0,0.0,4.0,0.0,0.0,19.0,7.0,6.0,10.0,4.0,60.0,112
292030,2019,4.0,0.0,2.0,1.0,2.0,17.0,4.0,4.0,14.0,3.0,54.0,94
292040,2012,20.0,0.0,1.0,2.0,1.0,28.0,2.0,6.0,11.0,16.0,100.0,205
292040,2013,0.0,0.0,0.0,0.0,0.0,0.0,0.0,0.0,0.0,0.0,99.0,175
292040,2014,8.0,1.0,2.0,2.0,2.0,24.0,6.0,11.0,13.0,10.0,82.0,178
292040,2015,10.0,0.0,0.0,2.0,2.0,27.0,8.0,10.0,10.0,20.0,93.0,184
292040,2016,10.0,0.0,2.0,3.0,1.0,46.0,1.0,14.0,8.0,19.0,106.0,200
292040,2017,9.0,0.0,3.0,3.0,2.0,34.0,5.0,10.0,8.0,19.0,97.0,194
292040,2018,15.0,0.0,2.0,1.0,3.0,36.0,3.0,3.0,14.0,17.0,96.0,212
292040,2019,12.0,0.0,2.0,5.0,0.0,25.0,2.0,7.0,7.0,18.0,81.0,173
292045,2012,9.0,0.0,2.0,3.0,1.0,9.0,1.0,7.0,3.0,10.0,45.0,120
292045,2013,0.0,0.0,0.0,0.0,0.0,0.0,0.0,0.0,0.0,0.0,35.0,104
292045,2014,5.0,0.0,2.0,2.0,2.0,5.0,2.0,6.0,3.0,10.0,38.0,86
292045,2015,1.0,0.0,0.0,1.0,0.0,11.0,3.0,2.0,1.0,4.0,23.0,65
292045,2016,8.0,0.0,6.0,0.0,0.0,12.0,2.0,1.0,4.0,5.0,38.0,86
292045,2017,7.0,0.0,2.0,2.0,0.0,13.0,2.0,2.0,3.0,3.0,35.0,102
292045,2018,2.0,0.0,2.0,3.0,0.0,13.0,5.0,3.0,6.0,9.0,43.0,102
292045,2019,1.0,0.0,2.0,3.0,0.0,14.0,6.0,3.0,4.0,8.0,41.0,77
292050,2012,10.0,0.0,4.0,2.0,2.0,11.0,2.0,3.0,12.0,26.0,84.0,373
292050,2013,0.0,0.0,0.0,0.0,0.0,0.0,0.0,0.0,0.0,0.0,120.0,355
292050,2014,11.0,6.0,0.0,3.0,2.0,29.0,9.0,21.0,12.0,34.0,146.0,373
292050,2015,17.0,14.0,2.0,4.0,2.0,37.0,7.0,24.0,15.0,32.0,169.0,384
292050,2016,10.0,14.0,6.0,4.0,6.0,37.0,12.0,30.0,10.0,34.0,169.0,363
292050,2017,12.0,1.0,4.0,5.0,1.0,43.0,10.0,34.0,13.0,56.0,186.0,369
292050,2018,10.0,0.0,3.0,8.0,3.0,37.0,6.0,20.0,18.0,29.0,156.0,365
292050,2019,17.0,0.0,7.0,4.0,7.0,46.0,14.0,24.0,22.0,27.0,174.0,339
292060,2012,31.0,0.0,10.0,2.0,0.0,38.0,3.0,8.0,16.0,21.0,211.0,521
292060,2013,0.0,0.0,0.0,0.0,0.0,0.0,0.0,0.0,0.0,0.0,204.0,500
292060,2014,13.0,1.0,4.0,2.0,4.0,55.0,11.0,46.0,20.0,64.0,230.0,500
292060,2015,14.0,1.0,0.0,7.0,6.0,42.0,8.0,38.0,11.0,63.0,196.0,483
292060,2016,17.0,1.0,1.0,3.0,5.0,46.0,6.0,38.0,11.0,55.0,195.0,469
292060,2017,11.0,0.0,0.0,4.0,3.0,62.0,4.0,33.0,5.0,47.0,176.0,449
292060,2018,20.0,0.0,6.0,7.0,7.0,44.0,5.0,38.0,7.0,81.0,227.0,493
292060,2019,12.0,1.0,7.0,2.0,4.0,43.0,6.0,39.0,9.0,68.0,204.0,432
292070,2012,8.0,0.0,6.0,3.0,1.0,10.0,2.0,4.0,6.0,6.0,60.0,217
292070,2013,0.0,0.0,0.0,0.0,0.0,0.0,0.0,0.0,0.0,0.0,67.0,221
292070,2014,5.0,0.0,0.0,1.0,0.0,17.0,3.0,23.0,9.0,10.0,74.0,207
292070,2015,5.0,1.0,0.0,2.0,2.0,17.0,14.0,14.0,4.0,10.0,71.0,200
292070,2016,1.0,1.0,0.0,3.0,0.0,17.0,5.0,8.0,6.0,17.0,62.0,227
292070,2017,4.0,0.0,2.0,2.0,0.0,21.0,4.0,10.0,2.0,14.0,59.0,247
292070,2018,8.0,0.0,8.0,1.0,3.0,19.0,3.0,11.0,4.0,22.0,79.0,266
292070,2019,5.0,0.0,2.0,1.0,2.0,27.0,1.0,6.0,5.0,20.0,70.0,282
292080,2012,4.0,0.0,4.0,1.0,3.0,3.0,6.0,2.0,10.0,3.0,36.0,141
292080,2013,0.0,0.0,0.0,0.0,0.0,0.0,0.0,0.0,0.0,0.0,53.0,147
292080,2014,4.0,0.0,2.0,6.0,1.0,8.0,5.0,6.0,3.0,9.0,46.0,134
292080,2015,4.0,0.0,0.0,4.0,1.0,13.0,1.0,6.0,8.0,10.0,50.0,137
292080,2016,1.0,0.0,0.0,0.0,1.0,2.0,3.0,8.0,4.0,6.0,26.0,105
292080,2017,1.0,0.0,2.0,0.0,4.0,8.0,5.0,2.0,10.0,5.0,37.0,128
292080,2018,4.0,0.0,2.0,7.0,5.0,12.0,3.0,0.0,7.0,6.0,47.0,130
292080,2019,4.0,0.0,0.0,8.0,1.0,6.0,7.0,4.0,15.0,7.0,52.0,136
292090,2012,5.0,0.0,0.0,1.0,0.0,8.0,5.0,3.0,8.0,7.0,38.0,244
292090,2013,0.0,0.0,0.0,0.0,0.0,0.0,0.0,0.0,0.0,0.0,28.0,205
292090,2014,3.0,0.0,0.0,0.0,0.0,12.0,2.0,3.0,7.0,2.0,29.0,175
292090,2015,7.0,0.0,2.0,1.0,0.0,10.0,3.0,3.0,5.0,1.0,32.0,173
292090,2016,3.0,0.0,2.0,1.0,0.0,12.0,4.0,3.0,4.0,5.0,35.0,174
292090,2017,6.0,0.0,0.0,1.0,2.0,8.0,1.0,5.0,1.0,5.0,30.0,174
292090,2018,1.0,0.0,0.0,1.0,1.0,14.0,1.0,2.0,3.0,3.0,26.0,159
292090,2019,0.0,0.0,2.0,1.0,0.0,6.0,2.0,5.0,4.0,9.0,29.0,142
292100,2012,52.0,1.0,17.0,5.0,12.0,69.0,23.0,24.0,65.0,51.0,336.0,744
292100,2013,0.0,0.0,0.0,0.0,0.0,0.0,0.0,0.0,0.0,0.0,344.0,753
292100,2014,16.0,1.0,9.0,10.0,6.0,73.0,30.0,26.0,49.0,59.0,307.0,755
292100,2015,16.0,0.0,8.0,6.0,7.0,75.0,46.0,30.0,41.0,40.0,276.0,647
292100,2016,15.0,0.0,6.0,11.0,4.0,104.0,51.0,32.0,41.0,59.0,345.0,800
292100,2017,33.0,0.0,10.0,4.0,1.0,80.0,32.0,20.0,54.0,38.0,291.0,713
292100,2018,18.0,1.0,8.0,10.0,5.0,88.0,24.0,29.0,40.0,51.0,297.0,729
292100,2019,17.0,0.0,10.0,10.0,6.0,104.0,31.0,30.0,44.0,55.0,321.0,746
292105,2012,11.0,0.0,2.0,3.0,4.0,12.0,4.0,6.0,10.0,9.0,62.0,172
292105,2013,0.0,0.0,0.0,0.0,0.0,0.0,0.0,0.0,0.0,0.0,49.0,171
292105,2014,5.0,1.0,0.0,3.0,2.0,8.0,4.0,9.0,4.0,11.0,47.0,149
292105,2015,2.0,0.0,0.0,2.0,0.0,6.0,4.0,7.0,5.0,9.0,36.0,141
292105,2016,3.0,1.0,0.0,1.0,3.0,11.0,3.0,2.0,5.0,5.0,36.0,162
292105,2017,2.0,0.0,0.0,0.0,1.0,7.0,1.0,5.0,8.0,4.0,29.0,128
292105,2018,6.0,0.0,0.0,2.0,2.0,15.0,4.0,2.0,6.0,5.0,44.0,121
292105,2019,5.0,0.0,0.0,0.0,5.0,16.0,4.0,5.0,10.0,7.0,52.0,143
292110,2012,14.0,4.0,4.0,3.0,3.0,36.0,18.0,12.0,17.0,17.0,136.0,318
292110,2013,0.0,0.0,0.0,0.0,0.0,0.0,0.0,0.0,0.0,0.0,134.0,298
292110,2014,9.0,1.0,4.0,0.0,2.0,36.0,38.0,1.0,36.0,9.0,137.0,287
292110,2015,18.0,0.0,2.0,5.0,2.0,46.0,40.0,4.0,27.0,7.0,156.0,327
292110,2016,12.0,2.0,2.0,17.0,8.0,29.0,26.0,3.0,41.0,6.0,150.0,308
292110,2017,7.0,3.0,4.0,3.0,6.0,38.0,27.0,3.0,29.0,8.0,137.0,265
292110,2018,12.0,3.0,4.0,3.0,0.0,56.0,42.0,3.0,35.0,8.0,167.0,314
292110,2019,11.0,1.0,3.0,0.0,3.0,59.0,32.0,1.0,34.0,2.0,151.0,263
292120,2012,21.0,7.0,8.0,5.0,2.0,28.0,4.0,2.0,31.0,8.0,145.0,424
292120,2013,0.0,0.0,0.0,0.0,0.0,0.0,0.0,0.0,0.0,0.0,131.0,404
292120,2014,7.0,0.0,4.0,7.0,6.0,28.0,28.0,4.0,31.0,8.0,155.0,406
292120,2015,12.0,4.0,8.0,12.0,3.0,34.0,15.0,2.0,30.0,14.0,147.0,385
292120,2016,7.0,3.0,5.0,7.0,4.0,23.0,22.0,5.0,29.0,7.0,118.0,338
292120,2017,15.0,2.0,7.0,1.0,3.0,28.0,25.0,13.0,33.0,9.0,151.0,376
292120,2018,11.0,0.0,2.0,3.0,4.0,29.0,21.0,15.0,33.0,16.0,144.0,405
292120,2019,12.0,3.0,1.0,2.0,0.0,39.0,23.0,10.0,30.0,10.0,135.0,347
292130,2012,30.0,0.0,3.0,1.0,2.0,18.0,1.0,2.0,4.0,16.0,91.0,194
292130,2013,0.0,0.0,0.0,0.0,0.0,0.0,0.0,0.0,0.0,0.0,59.0,144
292130,2014,6.0,0.0,5.0,2.0,0.0,19.0,2.0,10.0,5.0,11.0,64.0,130
292130,2015,1.0,0.0,4.0,0.0,2.0,13.0,6.0,8.0,3.0,16.0,57.0,141
292130,2016,1.0,1.0,2.0,0.0,0.0,9.0,2.0,7.0,4.0,11.0,38.0,123
292130,2017,4.0,1.0,0.0,1.0,1.0,22.0,0.0,4.0,5.0,10.0,48.0,139
292130,2018,0.0,0.0,4.0,2.0,1.0,15.0,2.0,9.0,5.0,16.0,55.0,152
292130,2019,5.0,0.0,0.0,2.0,1.0,18.0,1.0,10.0,6.0,17.0,60.0,131
292140,2012,9.0,0.0,0.0,1.0,0.0,15.0,3.0,0.0,8.0,2.0,62.0,195
292140,2013,0.0,0.0,0.0,0.0,0.0,0.0,0.0,0.0,0.0,0.0,49.0,182
292140,2014,7.0,0.0,4.0,2.0,2.0,8.0,3.0,8.0,5.0,13.0,63.0,209
292140,2015,3.0,0.0,7.0,0.0,4.0,14.0,2.0,2.0,4.0,9.0,52.0,195
292140,2016,7.0,0.0,0.0,1.0,1.0,14.0,2.0,5.0,4.0,6.0,46.0,178
292140,2017,7.0,2.0,3.0,0.0,0.0,17.0,4.0,6.0,5.0,19.0,69.0,205
292140,2018,11.0,1.0,2.0,1.0,0.0,19.0,7.0,16.0,13.0,12.0,91.0,177
292140,2019,8.0,1.0,2.0,2.0,1.0,25.0,9.0,4.0,10.0,6.0,77.0,186
292145,2012,10.0,1.0,0.0,1.0,0.0,7.0,8.0,2.0,5.0,4.0,40.0,113
292145,2013,0.0,0.0,0.0,0.0,0.0,0.0,0.0,0.0,0.0,0.0,38.0,115
292145,2014,7.0,0.0,2.0,0.0,1.0,10.0,4.0,5.0,5.0,8.0,42.0,92
292145,2015,4.0,0.0,0.0,1.0,1.0,9.0,7.0,2.0,6.0,6.0,40.0,96
292145,2016,5.0,0.0,2.0,2.0,1.0,7.0,1.0,4.0,4.0,9.0,37.0,86
292145,2017,5.0,0.0,3.0,0.0,1.0,12.0,4.0,4.0,8.0,2.0,39.0,92
292145,2018,4.0,0.0,3.0,0.0,0.0,11.0,8.0,4.0,7.0,8.0,45.0,105
292145,2019,1.0,0.0,6.0,1.0,0.0,7.0,5.0,5.0,5.0,5.0,36.0,85
292150,2012,31.0,0.0,10.0,12.0,8.0,24.0,5.0,0.0,41.0,19.0,172.0,685
292150,2013,0.0,0.0,0.0,0.0,0.0,0.0,0.0,0.0,0.0,0.0,258.0,737
292150,2014,17.0,2.0,16.0,10.0,14.0,34.0,27.0,22.0,34.0,48.0,234.0,680
292150,2015,11.0,16.0,8.0,25.0,19.0,34.0,32.0,29.0,37.0,41.0,273.0,715
292150,2016,7.0,12.0,9.0,69.0,50.0,34.0,14.0,15.0,22.0,18.0,265.0,648
292150,2017,26.0,7.0,10.0,9.0,7.0,73.0,14.0,38.0,22.0,95.0,334.0,723
292150,2018,28.0,2.0,11.0,7.0,5.0,77.0,26.0,54.0,32.0,77.0,357.0,695
292150,2019,20.0,3.0,5.0,22.0,17.0,78.0,19.0,54.0,49.0,89.0,384.0,654
292160,2012,4.0,0.0,0.0,1.0,0.0,11.0,1.0,10.0,3.0,14.0,45.0,127
292160,2013,0.0,0.0,0.0,0.0,0.0,0.0,0.0,0.0,0.0,0.0,29.0,106
292160,2014,4.0,0.0,0.0,1.0,0.0,9.0,1.0,3.0,5.0,10.0,33.0,98
292160,2015,5.0,0.0,0.0,0.0,3.0,7.0,2.0,5.0,2.0,5.0,30.0,101
292160,2016,3.0,1.0,2.0,0.0,3.0,6.0,0.0,2.0,0.0,2.0,20.0,111
292160,2017,3.0,0.0,2.0,1.0,1.0,12.0,2.0,2.0,2.0,6.0,31.0,108
292160,2018,3.0,1.0,0.0,0.0,0.0,10.0,1.0,2.0,3.0,5.0,25.0,108
292160,2019,7.0,0.0,2.0,1.0,0.0,8.0,2.0,5.0,3.0,6.0,34.0,94
292170,2012,15.0,1.0,10.0,10.0,5.0,48.0,11.0,10.0,12.0,28.0,159.0,542
292170,2013,0.0,0.0,0.0,0.0,0.0,0.0,0.0,0.0,0.0,0.0,183.0,551
292170,2014,13.0,1.0,9.0,8.0,5.0,56.0,14.0,21.0,16.0,38.0,184.0,506
292170,2015,20.0,1.0,5.0,4.0,7.0,63.0,26.0,23.0,16.0,41.0,209.0,559
292170,2016,14.0,0.0,2.0,5.0,6.0,54.0,18.0,26.0,10.0,26.0,164.0,524
292170,2017,10.0,1.0,12.0,5.0,2.0,69.0,10.0,21.0,13.0,56.0,204.0,539
292170,2018,21.0,1.0,14.0,7.0,4.0,47.0,12.0,29.0,23.0,44.0,204.0,516
292170,2019,18.0,2.0,5.0,7.0,6.0,60.0,20.0,21.0,28.0,48.0,228.0,545
292180,2012,5.0,0.0,2.0,1.0,0.0,15.0,4.0,3.0,5.0,14.0,50.0,128
292180,2013,0.0,0.0,0.0,0.0,0.0,0.0,0.0,0.0,0.0,0.0,45.0,125
292180,2014,4.0,0.0,2.0,2.0,0.0,16.0,2.0,3.0,6.0,4.0,39.0,100
292180,2015,4.0,0.0,2.0,1.0,2.0,10.0,8.0,3.0,4.0,8.0,43.0,111
292180,2016,3.0,0.0,2.0,0.0,0.0,11.0,2.0,6.0,4.0,9.0,39.0,100
292180,2017,3.0,0.0,2.0,0.0,0.0,19.0,9.0,4.0,14.0,7.0,58.0,124
292180,2018,5.0,0.0,2.0,2.0,1.0,19.0,6.0,6.0,5.0,10.0,57.0,112
292180,2019,6.0,0.0,0.0,4.0,4.0,14.0,10.0,3.0,20.0,7.0,68.0,124
292190,2012,7.0,0.0,6.0,1.0,2.0,23.0,9.0,13.0,11.0,17.0,104.0,223
292190,2013,0.0,0.0,0.0,0.0,0.0,0.0,0.0,0.0,0.0,0.0,71.0,142
292190,2014,7.0,1.0,6.0,2.0,0.0,22.0,9.0,20.0,16.0,18.0,104.0,185
292190,2015,6.0,0.0,4.0,1.0,5.0,23.0,13.0,6.0,21.0,17.0,98.0,180
292190,2016,11.0,1.0,0.0,1.0,1.0,28.0,12.0,5.0,11.0,17.0,90.0,156
292190,2017,6.0,0.0,0.0,3.0,2.0,26.0,7.0,9.0,15.0,12.0,80.0,168
292190,2018,2.0,0.0,2.0,6.0,3.0,20.0,5.0,5.0,10.0,5.0,65.0,146
292190,2019,2.0,0.0,0.0,2.0,1.0,19.0,22.0,4.0,20.0,7.0,80.0,163
292200,2012,40.0,1.0,4.0,11.0,8.0,90.0,19.0,43.0,42.0,63.0,329.0,700
292200,2013,0.0,0.0,0.0,0.0,0.0,0.0,0.0,0.0,0.0,0.0,313.0,699
292200,2014,24.0,1.0,7.0,9.0,6.0,92.0,21.0,34.0,32.0,67.0,295.0,667
292200,2015,25.0,0.0,11.0,5.0,3.0,78.0,20.0,30.0,55.0,54.0,281.0,615
292200,2016,20.0,0.0,9.0,0.0,4.0,105.0,16.0,45.0,33.0,60.0,295.0,646
292200,2017,20.0,1.0,4.0,4.0,4.0,116.0,25.0,42.0,38.0,66.0,323.0,667
292200,2018,33.0,1.0,13.0,11.0,4.0,110.0,26.0,60.0,40.0,70.0,374.0,687
292200,2019,25.0,0.0,0.0,8.0,4.0,116.0,20.0,29.0,28.0,40.0,281.0,567
292205,2012,1.0,0.0,4.0,3.0,3.0,7.0,3.0,1.0,3.0,13.0,39.0,185
292205,2013,0.0,0.0,0.0,0.0,0.0,0.0,0.0,0.0,0.0,0.0,51.0,182
292205,2014,4.0,0.0,0.0,3.0,5.0,16.0,2.0,11.0,5.0,17.0,64.0,238
292205,2015,2.0,0.0,2.0,1.0,3.0,13.0,1.0,8.0,7.0,21.0,58.0,191
292205,2016,7.0,2.0,4.0,2.0,2.0,10.0,4.0,4.0,5.0,9.0,50.0,199
292205,2017,1.0,0.0,3.0,2.0,1.0,11.0,0.0,9.0,9.0,13.0,50.0,201
292205,2018,12.0,0.0,8.0,2.0,0.0,9.0,7.0,5.0,9.0,23.0,76.0,222
292205,2019,9.0,0.0,4.0,4.0,3.0,19.0,4.0,15.0,10.0,5.0,74.0,208
292210,2012,22.0,0.0,4.0,4.0,0.0,14.0,4.0,9.0,5.0,10.0,86.0,311
292210,2013,0.0,0.0,0.0,0.0,0.0,0.0,0.0,0.0,0.0,0.0,79.0,266
292210,2014,5.0,1.0,0.0,2.0,2.0,12.0,5.0,9.0,10.0,10.0,68.0,218
292210,2015,4.0,0.0,2.0,2.0,3.0,15.0,7.0,1.0,11.0,11.0,63.0,236
292210,2016,2.0,0.0,4.0,5.0,6.0,16.0,11.0,4.0,13.0,10.0,74.0,207
292210,2017,8.0,1.0,2.0,2.0,1.0,24.0,13.0,6.0,8.0,4.0,74.0,240
292210,2018,3.0,0.0,2.0,1.0,0.0,21.0,14.0,8.0,14.0,12.0,78.0,218
292210,2019,8.0,0.0,1.0,0.0,1.0,12.0,23.0,6.0,11.0,7.0,71.0,202
292220,2012,4.0,0.0,2.0,0.0,2.0,14.0,4.0,0.0,5.0,22.0,57.0,82
292220,2013,0.0,0.0,0.0,0.0,0.0,0.0,0.0,0.0,0.0,0.0,48.0,89
292220,2014,2.0,1.0,0.0,1.0,0.0,7.0,1.0,8.0,3.0,15.0,38.0,68
292220,2015,7.0,0.0,0.0,1.0,0.0,13.0,3.0,1.0,6.0,10.0,41.0,80
292220,2016,6.0,0.0,0.0,0.0,0.0,13.0,4.0,3.0,5.0,13.0,44.0,93
292220,2017,5.0,0.0,4.0,1.0,1.0,16.0,1.0,7.0,3.0,19.0,57.0,106
292220,2018,9.0,1.0,3.0,0.0,0.0,11.0,2.0,8.0,0.0,14.0,48.0,94
292220,2019,4.0,0.0,0.0,0.0,1.0,7.0,1.0,11.0,5.0,15.0,45.0,79
292225,2012,3.0,0.0,1.0,2.0,1.0,8.0,6.0,6.0,8.0,10.0,46.0,186
292225,2013,0.0,0.0,0.0,0.0,0.0,0.0,0.0,0.0,0.0,0.0,31.0,180
292225,2014,0.0,1.0,5.0,1.0,3.0,13.0,2.0,8.0,2.0,12.0,49.0,172
292225,2015,3.0,2.0,3.0,5.0,1.0,9.0,3.0,6.0,4.0,8.0,45.0,187
292225,2016,3.0,0.0,3.0,1.0,1.0,7.0,4.0,5.0,4.0,7.0,35.0,165
292225,2017,2.0,1.0,0.0,2.0,3.0,8.0,3.0,6.0,6.0,7.0,38.0,163
292225,2018,2.0,2.0,5.0,3.0,2.0,15.0,6.0,6.0,2.0,13.0,57.0,193
292225,2019,3.0,0.0,0.0,5.0,1.0,10.0,4.0,7.0,8.0,8.0,46.0,156
292230,2012,35.0,1.0,5.0,4.0,2.0,47.0,1.0,11.0,13.0,27.0,185.0,366
292230,2013,0.0,0.0,0.0,0.0,0.0,0.0,0.0,0.0,0.0,0.0,167.0,357
292230,2014,14.0,0.0,4.0,1.0,4.0,40.0,7.0,32.0,14.0,43.0,168.0,331
292230,2015,13.0,1.0,3.0,3.0,1.0,33.0,5.0,24.0,10.0,40.0,146.0,303
292230,2016,11.0,0.0,5.0,1.0,1.0,55.0,8.0,31.0,11.0,48.0,182.0,341
292230,2017,14.0,0.0,8.0,5.0,1.0,46.0,9.0,28.0,11.0,46.0,173.0,354
292230,2018,13.0,1.0,6.0,3.0,1.0,52.0,5.0,25.0,5.0,52.0,167.0,326
292230,2019,17.0,0.0,4.0,1.0,4.0,32.0,1.0,41.0,10.0,60.0,175.0,311
292240,2012,16.0,1.0,2.0,1.0,1.0,28.0,2.0,9.0,14.0,25.0,118.0,277
292240,2013,0.0,0.0,0.0,0.0,0.0,0.0,0.0,0.0,0.0,0.0,96.0,268
292240,2014,8.0,0.0,1.0,6.0,1.0,30.0,7.0,24.0,11.0,40.0,131.0,268
292240,2015,9.0,1.0,2.0,1.0,4.0,25.0,6.0,18.0,20.0,32.0,123.0,259
292240,2016,9.0,2.0,4.0,3.0,1.0,36.0,5.0,16.0,16.0,30.0,129.0,319
292240,2017,10.0,1.0,3.0,1.0,3.0,47.0,6.0,21.0,11.0,34.0,137.0,302
292240,2018,9.0,0.0,2.0,4.0,0.0,35.0,6.0,25.0,17.0,46.0,146.0,276
292240,2019,10.0,1.0,8.0,0.0,5.0,34.0,13.0,28.0,13.0,37.0,150.0,270
292250,2012,41.0,2.0,2.0,2.0,5.0,31.0,10.0,4.0,25.0,31.0,184.0,386
292250,2013,0.0,0.0,0.0,0.0,0.0,0.0,0.0,0.0,0.0,0.0,163.0,309
292250,2014,11.0,4.0,2.0,6.0,6.0,42.0,9.0,13.0,32.0,34.0,164.0,315
292250,2015,7.0,1.0,5.0,2.0,6.0,40.0,8.0,16.0,25.0,28.0,144.0,342
292250,2016,8.0,2.0,8.0,0.0,4.0,33.0,9.0,12.0,16.0,30.0,131.0,359
292250,2017,11.0,0.0,2.0,2.0,1.0,36.0,7.0,10.0,13.0,34.0,117.0,325
292250,2018,9.0,0.0,0.0,3.0,1.0,46.0,7.0,20.0,16.0,24.0,126.0,336
292250,2019,8.0,1.0,2.0,2.0,5.0,42.0,8.0,21.0,11.0,28.0,128.0,292
292260,2012,1.0,1.0,4.0,5.0,1.0,19.0,0.0,0.0,1.0,4.0,57.0,211
292260,2013,0.0,0.0,0.0,0.0,0.0,0.0,0.0,0.0,0.0,0.0,55.0,221
292260,2014,1.0,3.0,2.0,2.0,0.0,11.0,3.0,5.0,4.0,15.0,48.0,184
292260,2015,2.0,7.0,0.0,7.0,4.0,13.0,0.0,4.0,4.0,14.0,56.0,204
292260,2016,1.0,15.0,2.0,4.0,1.0,8.0,2.0,7.0,4.0,8.0,55.0,178
292260,2017,2.0,2.0,0.0,5.0,0.0,12.0,3.0,7.0,2.0,13.0,49.0,190
292260,2018,4.0,0.0,2.0,2.0,1.0,15.0,1.0,11.0,4.0,23.0,67.0,193
292260,2019,3.0,0.0,0.0,4.0,1.0,10.0,3.0,9.0,7.0,18.0,56.0,178
292265,2012,5.0,0.0,0.0,0.0,1.0,4.0,0.0,0.0,7.0,4.0,23.0,155
292265,2013,0.0,0.0,0.0,0.0,0.0,0.0,0.0,0.0,0.0,0.0,43.0,160
292265,2014,1.0,1.0,0.0,2.0,2.0,13.0,6.0,4.0,12.0,15.0,60.0,150
292265,2015,6.0,0.0,2.0,3.0,1.0,15.0,6.0,9.0,5.0,27.0,76.0,172
292265,2016,2.0,2.0,2.0,0.0,0.0,22.0,5.0,11.0,5.0,23.0,75.0,181
292265,2017,4.0,0.0,0.0,4.0,2.0,8.0,7.0,5.0,21.0,11.0,67.0,191
292265,2018,3.0,0.0,2.0,1.0,3.0,16.0,9.0,8.0,10.0,14.0,71.0,147
292265,2019,4.0,0.0,1.0,1.0,0.0,21.0,11.0,3.0,11.0,14.0,68.0,140
292270,2012,1.0,1.0,2.0,0.0,0.0,8.0,5.0,2.0,5.0,3.0,30.0,186
292270,2013,0.0,0.0,0.0,0.0,0.0,0.0,0.0,0.0,0.0,0.0,43.0,175
292270,2014,3.0,0.0,2.0,1.0,0.0,13.0,9.0,1.0,10.0,2.0,43.0,195
292270,2015,1.0,0.0,4.0,0.0,0.0,15.0,4.0,8.0,7.0,6.0,45.0,178
292270,2016,3.0,2.0,4.0,1.0,1.0,13.0,2.0,6.0,4.0,4.0,41.0,145
292270,2017,1.0,0.0,4.0,0.0,0.0,5.0,2.0,6.0,3.0,3.0,26.0,150
292270,2018,4.0,0.0,0.0,1.0,0.0,5.0,1.0,2.0,3.0,4.0,23.0,133
292270,2019,1.0,0.0,2.0,1.0,0.0,5.0,2.0,0.0,6.0,2.0,21.0,152
292273,2012,14.0,0.0,1.0,0.0,1.0,5.0,0.0,1.0,4.0,5.0,33.0,59
292273,2013,0.0,0.0,0.0,0.0,0.0,0.0,0.0,0.0,0.0,0.0,50.0,98
292273,2014,0.0,1.0,0.0,0.0,2.0,14.0,2.0,6.0,5.0,5.0,45.0,107
292273,2015,2.0,1.0,0.0,1.0,0.0,8.0,1.0,3.0,6.0,11.0,41.0,94
292273,2016,6.0,1.0,0.0,0.0,1.0,10.0,9.0,9.0,6.0,9.0,54.0,90
292273,2017,4.0,0.0,0.0,1.0,1.0,10.0,4.0,4.0,6.0,9.0,41.0,71
292273,2018,5.0,0.0,0.0,2.0,2.0,8.0,5.0,4.0,10.0,5.0,45.0,69
292273,2019,3.0,0.0,0.0,1.0,1.0,9.0,5.0,3.0,5.0,6.0,33.0,71
292275,2012,3.0,0.0,0.0,1.0,0.0,3.0,3.0,5.0,4.0,7.0,26.0,80
292275,2013,0.0,0.0,0.0,0.0,0.0,0.0,0.0,0.0,0.0,0.0,25.0,59
292275,2014,1.0,0.0,2.0,1.0,0.0,8.0,2.0,11.0,3.0,5.0,36.0,69
292275,2015,2.0,0.0,1.0,1.0,1.0,9.0,3.0,5.0,2.0,9.0,34.0,74
292275,2016,2.0,1.0,0.0,1.0,0.0,9.0,2.0,4.0,1.0,7.0,31.0,73
292275,2017,2.0,0.0,0.0,0.0,0.0,5.0,0.0,0.0,4.0,8.0,20.0,74
292275,2018,1.0,0.0,0.0,1.0,0.0,8.0,3.0,1.0,3.0,4.0,23.0,59
292275,2019,0.0,0.0,0.0,0.0,0.0,5.0,2.0,3.0,1.0,3.0,14.0,53
292280,2012,5.0,0.0,6.0,1.0,0.0,5.0,1.0,1.0,6.0,10.0,36.0,120
292280,2013,0.0,0.0,0.0,0.0,0.0,0.0,0.0,0.0,0.0,0.0,39.0,102
292280,2014,3.0,0.0,0.0,1.0,2.0,11.0,6.0,6.0,2.0,12.0,45.0,125
292280,2015,1.0,0.0,0.0,0.0,1.0,18.0,2.0,2.0,4.0,13.0,44.0,103
292280,2016,3.0,0.0,4.0,0.0,0.0,9.0,0.0,8.0,6.0,5.0,37.0,132
292280,2017,3.0,0.0,0.0,1.0,0.0,15.0,5.0,1.0,1.0,7.0,34.0,112
292280,2018,4.0,0.0,2.0,1.0,1.0,9.0,2.0,2.0,8.0,8.0,38.0,125
292280,2019,3.0,0.0,0.0,0.0,1.0,15.0,0.0,7.0,1.0,13.0,42.0,128
292285,2012,6.0,0.0,0.0,0.0,1.0,5.0,10.0,2.0,4.0,2.0,30.0,105
292285,2013,0.0,0.0,0.0,0.0,0.0,0.0,0.0,0.0,0.0,0.0,21.0,70
292285,2014,1.0,1.0,0.0,1.0,3.0,2.0,4.0,3.0,4.0,2.0,26.0,87
292285,2015,2.0,0.0,0.0,3.0,2.0,4.0,2.0,5.0,2.0,8.0,31.0,85
292285,2016,3.0,0.0,2.0,0.0,1.0,6.0,2.0,3.0,4.0,7.0,29.0,102
292285,2017,1.0,0.0,0.0,2.0,5.0,9.0,6.0,3.0,6.0,2.0,34.0,102
292285,2018,2.0,0.0,0.0,3.0,4.0,14.0,2.0,1.0,4.0,2.0,33.0,95
292285,2019,2.0,0.0,4.0,3.0,4.0,14.0,12.0,2.0,15.0,3.0,59.0,105
292290,2012,8.0,1.0,9.0,1.0,2.0,11.0,1.0,6.0,12.0,28.0,85.0,383
292290,2013,0.0,0.0,0.0,0.0,0.0,0.0,0.0,0.0,0.0,0.0,78.0,353
292290,2014,7.0,0.0,2.0,0.0,1.0,12.0,5.0,10.0,7.0,19.0,74.0,347
292290,2015,7.0,0.0,4.0,3.0,2.0,12.0,2.0,7.0,3.0,7.0,55.0,279
292290,2016,10.0,0.0,0.0,4.0,3.0,9.0,8.0,13.0,3.0,20.0,84.0,310
292290,2017,13.0,0.0,1.0,4.0,2.0,19.0,1.0,8.0,9.0,19.0,82.0,335
292290,2018,12.0,0.0,4.0,3.0,1.0,9.0,3.0,7.0,14.0,19.0,77.0,320
292290,2019,9.0,0.0,4.0,3.0,6.0,34.0,4.0,13.0,10.0,22.0,107.0,341
292300,2012,34.0,1.0,8.0,5.0,8.0,84.0,55.0,21.0,50.0,47.0,319.0,777
292300,2013,0.0,0.0,0.0,0.0,0.0,0.0,0.0,0.0,0.0,0.0,291.0,713
292300,2014,18.0,2.0,10.0,4.0,4.0,73.0,74.0,17.0,60.0,33.0,310.0,717
292300,2015,17.0,1.0,21.0,7.0,4.0,73.0,74.0,23.0,60.0,31.0,324.0,698
292300,2016,20.0,5.0,8.0,9.0,3.0,69.0,59.0,24.0,50.0,30.0,289.0,653
292300,2017,24.0,1.0,6.0,4.0,8.0,89.0,34.0,27.0,41.0,29.0,270.0,591
292300,2018,25.0,1.0,12.0,7.0,8.0,79.0,26.0,18.0,28.0,19.0,234.0,554
292300,2019,14.0,0.0,6.0,0.0,3.0,53.0,15.0,19.0,24.0,19.0,157.0,460
292303,2012,4.0,24.0,0.0,16.0,8.0,3.0,4.0,2.0,1.0,8.0,74.0,147
292303,2013,0.0,0.0,0.0,0.0,0.0,0.0,0.0,0.0,0.0,0.0,62.0,117
292303,2014,2.0,25.0,0.0,7.0,5.0,8.0,5.0,11.0,3.0,8.0,79.0,134
292303,2015,4.0,44.0,0.0,3.0,2.0,5.0,3.0,4.0,1.0,10.0,83.0,124
292303,2016,1.0,28.0,4.0,10.0,1.0,10.0,1.0,4.0,4.0,8.0,74.0,113
292303,2017,2.0,7.0,3.0,3.0,10.0,19.0,2.0,10.0,2.0,21.0,79.0,117
292303,2018,2.0,29.0,2.0,5.0,4.0,11.0,1.0,13.0,3.0,12.0,83.0,128
292303,2019,5.0,5.0,0.0,9.0,7.0,22.0,2.0,10.0,6.0,24.0,90.0,134
292305,2012,1.0,1.0,0.0,2.0,3.0,8.0,2.0,8.0,4.0,7.0,40.0,124
292305,2013,0.0,0.0,0.0,0.0,0.0,0.0,0.0,0.0,0.0,0.0,28.0,85
292305,2014,2.0,0.0,0.0,3.0,0.0,7.0,1.0,3.0,1.0,9.0,26.0,92
292305,2015,3.0,0.0,0.0,0.0,0.0,6.0,1.0,4.0,2.0,6.0,24.0,82
292305,2016,1.0,0.0,2.0,1.0,1.0,6.0,1.0,7.0,3.0,3.0,28.0,110
292305,2017,3.0,0.0,0.0,1.0,1.0,2.0,0.0,3.0,1.0,9.0,23.0,83
292305,2018,5.0,0.0,0.0,0.0,4.0,9.0,2.0,8.0,3.0,10.0,45.0,126
292305,2019,6.0,0.0,0.0,1.0,2.0,3.0,5.0,9.0,6.0,9.0,42.0,93
292310,2012,8.0,0.0,2.0,2.0,4.0,11.0,1.0,4.0,12.0,19.0,69.0,343
292310,2013,0.0,0.0,0.0,0.0,0.0,0.0,0.0,0.0,0.0,0.0,89.0,338
292310,2014,5.0,0.0,1.0,3.0,1.0,15.0,5.0,11.0,9.0,16.0,69.0,336
292310,2015,3.0,0.0,5.0,3.0,2.0,16.0,4.0,5.0,7.0,16.0,62.0,299
292310,2016,4.0,0.0,2.0,2.0,2.0,16.0,3.0,12.0,8.0,12.0,74.0,306
292310,2017,7.0,0.0,0.0,1.0,3.0,15.0,8.0,11.0,11.0,11.0,73.0,293
292310,2018,2.0,1.0,5.0,7.0,5.0,18.0,8.0,5.0,11.0,18.0,87.0,318
292310,2019,11.0,1.0,4.0,1.0,5.0,12.0,15.0,4.0,16.0,22.0,92.0,294
292320,2012,5.0,1.0,7.0,7.0,1.0,7.0,5.0,6.0,3.0,5.0,50.0,271
292320,2013,0.0,0.0,0.0,0.0,0.0,0.0,0.0,0.0,0.0,0.0,58.0,255
292320,2014,5.0,2.0,4.0,1.0,4.0,15.0,4.0,8.0,7.0,25.0,77.0,246
292320,2015,4.0,1.0,0.0,2.0,4.0,13.0,2.0,5.0,4.0,12.0,48.0,227
292320,2016,6.0,0.0,4.0,1.0,2.0,12.0,4.0,4.0,8.0,15.0,57.0,254
292320,2017,6.0,0.0,6.0,2.0,3.0,12.0,4.0,15.0,7.0,17.0,76.0,289
292320,2018,9.0,0.0,0.0,2.0,5.0,22.0,3.0,12.0,13.0,18.0,86.0,283
292320,2019,7.0,0.0,6.0,1.0,3.0,21.0,8.0,11.0,13.0,16.0,88.0,273
292330,2012,4.0,0.0,0.0,1.0,1.0,1.0,5.0,2.0,6.0,6.0,26.0,107
292330,2013,0.0,0.0,0.0,0.0,0.0,0.0,0.0,0.0,0.0,0.0,24.0,106
292330,2014,2.0,0.0,0.0,1.0,0.0,1.0,0.0,2.0,3.0,3.0,13.0,87
292330,2015,3.0,0.0,0.0,1.0,0.0,2.0,2.0,2.0,1.0,3.0,15.0,107
292330,2016,2.0,0.0,1.0,0.0,0.0,4.0,1.0,5.0,2.0,0.0,15.0,83
292330,2017,0.0,0.0,0.0,0.0,0.0,2.0,1.0,2.0,1.0,3.0,10.0,79
292330,2018,1.0,0.0,4.0,0.0,1.0,5.0,3.0,1.0,3.0,4.0,23.0,84
292330,2019,3.0,1.0,0.0,3.0,1.0,4.0,7.0,3.0,5.0,7.0,34.0,74
292335,2012,20.0,8.0,6.0,1.0,1.0,11.0,3.0,1.0,11.0,9.0,110.0,297
292335,2013,0.0,0.0,0.0,0.0,0.0,0.0,0.0,0.0,0.0,0.0,101.0,287
292335,2014,5.0,0.0,2.0,7.0,0.0,12.0,10.0,7.0,15.0,6.0,85.0,252
292335,2015,3.0,2.0,2.0,4.0,0.0,16.0,6.0,3.0,4.0,14.0,66.0,274
292335,2016,5.0,1.0,4.0,3.0,0.0,14.0,17.0,17.0,11.0,11.0,91.0,257
292335,2017,12.0,1.0,3.0,0.0,2.0,27.0,4.0,23.0,8.0,14.0,103.0,308
292335,2018,14.0,0.0,2.0,5.0,1.0,28.0,10.0,23.0,7.0,15.0,117.0,287
292335,2019,9.0,0.0,8.0,1.0,1.0,30.0,21.0,4.0,19.0,9.0,115.0,273
292340,2012,9.0,1.0,2.0,4.0,4.0,16.0,4.0,6.0,14.0,16.0,76.0,281
292340,2013,0.0,0.0,0.0,0.0,0.0,0.0,0.0,0.0,0.0,0.0,55.0,264
292340,2014,12.0,0.0,7.0,4.0,3.0,20.0,5.0,22.0,17.0,24.0,115.0,313
292340,2015,8.0,0.0,4.0,1.0,3.0,20.0,13.0,10.0,21.0,11.0,95.0,267
292340,2016,13.0,1.0,4.0,7.0,2.0,13.0,10.0,10.0,18.0,18.0,100.0,255
292340,2017,7.0,0.0,0.0,7.0,1.0,20.0,8.0,8.0,7.0,8.0,66.0,258
292340,2018,8.0,0.0,2.0,2.0,4.0,30.0,8.0,7.0,23.0,18.0,106.0,274
292340,2019,10.0,0.0,5.0,3.0,4.0,24.0,5.0,8.0,14.0,14.0,92.0,254
292350,2012,7.0,1.0,4.0,4.0,0.0,17.0,0.0,1.0,1.0,12.0,53.0,151
292350,2013,0.0,0.0,0.0,0.0,0.0,0.0,0.0,0.0,0.0,0.0,55.0,142
292350,2014,5.0,0.0,2.0,0.0,4.0,14.0,0.0,12.0,2.0,15.0,64.0,154
292350,2015,1.0,0.0,0.0,2.0,3.0,17.0,1.0,11.0,2.0,24.0,66.0,152
292350,2016,2.0,2.0,0.0,1.0,1.0,9.0,1.0,10.0,5.0,16.0,55.0,150
292350,2017,4.0,0.0,0.0,5.0,0.0,19.0,7.0,8.0,2.0,24.0,72.0,167
292350,2018,1.0,0.0,2.0,1.0,2.0,20.0,4.0,10.0,7.0,19.0,73.0,152
292350,2019,3.0,0.0,3.0,3.0,1.0,23.0,5.0,14.0,1.0,21.0,75.0,150
292360,2012,12.0,0.0,7.0,0.0,1.0,37.0,0.0,0.0,30.0,6.0,176.0,233
292360,2013,0.0,0.0,0.0,0.0,0.0,0.0,0.0,0.0,0.0,0.0,199.0,231
292360,2014,13.0,1.0,1.0,1.0,0.0,51.0,9.0,15.0,20.0,56.0,180.0,251
292360,2015,3.0,0.0,0.0,3.0,1.0,56.0,2.0,13.0,10.0,33.0,129.0,216
292360,2016,5.0,0.0,0.0,1.0,3.0,49.0,4.0,12.0,10.0,29.0,115.0,205
292360,2017,7.0,0.0,2.0,3.0,1.0,48.0,6.0,4.0,20.0,22.0,118.0,230
292360,2018,8.0,1.0,2.0,3.0,3.0,42.0,7.0,1.0,16.0,7.0,92.0,201
292360,2019,10.0,0.0,2.0,2.0,0.0,50.0,10.0,2.0,24.0,13.0,121.0,221
292370,2012,12.0,3.0,8.0,5.0,4.0,23.0,4.0,14.0,12.0,14.0,103.0,445
292370,2013,0.0,0.0,0.0,0.0,0.0,0.0,0.0,0.0,0.0,0.0,188.0,523
292370,2014,18.0,2.0,8.0,13.0,5.0,18.0,18.0,16.0,22.0,26.0,167.0,479
292370,2015,6.0,0.0,2.0,9.0,8.0,22.0,7.0,10.0,9.0,15.0,94.0,431
292370,2016,5.0,1.0,2.0,3.0,5.0,29.0,5.0,6.0,10.0,25.0,92.0,458
292370,2017,7.0,0.0,0.0,5.0,2.0,31.0,7.0,17.0,5.0,32.0,107.0,419
292370,2018,10.0,3.0,2.0,6.0,2.0,36.0,7.0,38.0,16.0,42.0,172.0,478
292370,2019,8.0,1.0,3.0,7.0,2.0,32.0,9.0,15.0,16.0,25.0,124.0,444
292380,2012,14.0,2.0,2.0,3.0,4.0,18.0,19.0,11.0,36.0,39.0,153.0,365
292380,2013,0.0,0.0,0.0,0.0,0.0,0.0,0.0,0.0,0.0,0.0,121.0,294
292380,2014,8.0,0.0,2.0,0.0,2.0,23.0,28.0,8.0,31.0,24.0,128.0,365
292380,2015,7.0,0.0,0.0,3.0,4.0,27.0,12.0,12.0,26.0,28.0,120.0,290
292380,2016,10.0,1.0,4.0,3.0,0.0,16.0,6.0,6.0,10.0,23.0,81.0,273
292380,2017,8.0,0.0,5.0,2.0,0.0,26.0,11.0,5.0,16.0,18.0,97.0,266
292380,2018,7.0,1.0,4.0,4.0,3.0,30.0,7.0,14.0,17.0,27.0,117.0,287
292380,2019,10.0,0.0,3.0,3.0,3.0,29.0,13.0,8.0,13.0,23.0,105.0,282
292390,2012,5.0,2.0,4.0,0.0,1.0,8.0,11.0,1.0,13.0,1.0,48.0,189
292390,2013,0.0,0.0,0.0,0.0,0.0,0.0,0.0,0.0,0.0,0.0,21.0,139
292390,2014,2.0,0.0,0.0,2.0,2.0,9.0,9.0,1.0,9.0,2.0,36.0,150
292390,2015,2.0,0.0,2.0,0.0,0.0,12.0,2.0,7.0,5.0,3.0,33.0,162
292390,2016,7.0,1.0,3.0,0.0,0.0,15.0,4.0,5.0,7.0,7.0,49.0,187
292390,2017,7.0,0.0,0.0,0.0,0.0,13.0,9.0,6.0,0.0,8.0,43.0,171
292390,2018,3.0,1.0,1.0,1.0,0.0,11.0,3.0,4.0,8.0,3.0,35.0,162
292390,2019,1.0,0.0,2.0,0.0,1.0,10.0,0.0,8.0,2.0,4.0,28.0,139
292400,2012,129.0,2.0,21.0,15.0,22.0,167.0,12.0,58.0,42.0,133.0,787.0,1897
292400,2013,0.0,0.0,0.0,0.0,0.0,0.0,0.0,0.0,0.0,0.0,860.0,1794
292400,2014,82.0,2.0,23.0,27.0,23.0,208.0,21.0,160.0,62.0,271.0,965.0,1844
292400,2015,89.0,4.0,22.0,30.0,19.0,204.0,43.0,168.0,59.0,316.0,1044.0,1988
292400,2016,102.0,0.0,37.0,19.0,6.0,240.0,38.0,138.0,68.0,276.0,1003.0,1813
292400,2017,77.0,0.0,31.0,9.0,11.0,253.0,46.0,105.0,79.0,164.0,908.0,1730
292400,2018,74.0,1.0,28.0,9.0,20.0,240.0,52.0,109.0,79.0,169.0,981.0,1809
292400,2019,96.0,0.0,29.0,14.0,20.0,304.0,54.0,124.0,98.0,181.0,994.0,1853
292405,2012,27.0,0.0,1.0,0.0,1.0,7.0,5.0,4.0,6.0,6.0,69.0,168
292405,2013,0.0,0.0,0.0,0.0,0.0,0.0,0.0,0.0,0.0,0.0,65.0,146
292405,2014,2.0,0.0,2.0,2.0,1.0,10.0,6.0,8.0,9.0,9.0,62.0,147
292405,2015,4.0,1.0,0.0,0.0,2.0,14.0,6.0,8.0,7.0,19.0,67.0,170
292405,2016,2.0,0.0,4.0,2.0,1.0,16.0,12.0,6.0,13.0,7.0,67.0,166
292405,2017,4.0,1.0,0.0,4.0,1.0,20.0,5.0,10.0,12.0,15.0,79.0,165
292405,2018,2.0,0.0,2.0,3.0,1.0,20.0,12.0,5.0,5.0,13.0,65.0,135
292405,2019,2.0,0.0,0.0,2.0,1.0,24.0,10.0,3.0,13.0,8.0,65.0,138
292410,2012,4.0,0.0,0.0,1.0,0.0,1.0,2.0,1.0,4.0,6.0,23.0,82
292410,2013,0.0,0.0,0.0,0.0,0.0,0.0,0.0,0.0,0.0,0.0,19.0,69
292410,2014,0.0,1.0,3.0,1.0,3.0,2.0,2.0,2.0,1.0,4.0,19.0,66
292410,2015,0.0,0.0,0.0,1.0,0.0,1.0,0.0,1.0,2.0,7.0,13.0,74
292410,2016,0.0,0.0,0.0,1.0,0.0,2.0,2.0,2.0,2.0,2.0,11.0,77
292410,2017,1.0,0.0,2.0,2.0,0.0,4.0,2.0,0.0,5.0,6.0,23.0,87
292410,2018,2.0,0.0,0.0,1.0,1.0,6.0,1.0,1.0,1.0,2.0,16.0,73
292410,2019,3.0,0.0,0.0,0.0,0.0,5.0,1.0,1.0,4.0,4.0,18.0,60
292420,2012,2.0,0.0,0.0,2.0,0.0,15.0,3.0,2.0,8.0,7.0,55.0,212
292420,2013,0.0,0.0,0.0,0.0,0.0,0.0,0.0,0.0,0.0,0.0,53.0,201
292420,2014,3.0,0.0,5.0,2.0,2.0,9.0,6.0,10.0,8.0,12.0,58.0,218
292420,2015,5.0,0.0,4.0,2.0,1.0,16.0,2.0,12.0,8.0,7.0,63.0,180
292420,2016,1.0,0.0,2.0,0.0,3.0,14.0,3.0,7.0,1.0,14.0,49.0,195
292420,2017,4.0,0.0,4.0,1.0,0.0,13.0,8.0,2.0,6.0,4.0,44.0,169
292420,2018,3.0,1.0,4.0,0.0,2.0,16.0,5.0,7.0,11.0,15.0,68.0,222
292420,2019,2.0,0.0,2.0,2.0,3.0,26.0,7.0,3.0,10.0,4.0,60.0,192
292430,2012,6.0,2.0,2.0,1.0,2.0,19.0,1.0,7.0,14.0,16.0,78.0,257
292430,2013,0.0,0.0,0.0,0.0,0.0,0.0,0.0,0.0,0.0,0.0,103.0,253
292430,2014,12.0,1.0,5.0,1.0,1.0,28.0,31.0,10.0,27.0,7.0,127.0,297
292430,2015,7.0,0.0,2.0,4.0,1.0,28.0,24.0,8.0,14.0,10.0,100.0,309
292430,2016,7.0,0.0,6.0,1.0,3.0,43.0,20.0,13.0,14.0,7.0,116.0,290
292430,2017,5.0,1.0,5.0,2.0,3.0,31.0,19.0,8.0,18.0,13.0,105.0,247
292430,2018,4.0,1.0,6.0,0.0,3.0,25.0,29.0,6.0,26.0,12.0,126.0,232
292430,2019,5.0,0.0,4.0,3.0,2.0,23.0,23.0,12.0,19.0,25.0,128.0,236
292440,2012,33.0,3.0,12.0,3.0,6.0,81.0,16.0,21.0,39.0,35.0,255.0,564
292440,2013,0.0,0.0,0.0,0.0,0.0,0.0,0.0,0.0,0.0,0.0,324.0,639
292440,2014,35.0,5.0,4.0,2.0,0.0,82.0,14.0,52.0,14.0,91.0,314.0,561
292440,2015,29.0,2.0,0.0,3.0,5.0,95.0,13.0,49.0,21.0,113.0,337.0,593
292440,2016,24.0,3.0,12.0,4.0,2.0,96.0,9.0,24.0,20.0,70.0,265.0,556
292440,2017,18.0,4.0,6.0,18.0,8.0,109.0,11.0,22.0,14.0,78.0,296.0,609
292440,2018,27.0,5.0,8.0,11.0,3.0,131.0,6.0,33.0,22.0,90.0,338.0,594
292440,2019,20.0,5.0,2.0,4.0,2.0,134.0,9.0,48.0,7.0,108.0,342.0,567
292450,2012,13.0,3.0,4.0,2.0,2.0,20.0,2.0,9.0,9.0,40.0,109.0,203
292450,2013,0.0,0.0,0.0,0.0,0.0,0.0,0.0,0.0,0.0,0.0,118.0,197
292450,2014,11.0,3.0,8.0,7.0,8.0,31.0,4.0,16.0,8.0,45.0,141.0,202
292450,2015,6.0,1.0,7.0,3.0,5.0,29.0,4.0,23.0,4.0,34.0,120.0,167
292450,2016,4.0,0.0,4.0,3.0,1.0,37.0,0.0,8.0,5.0,38.0,103.0,165
292450,2017,4.0,1.0,0.0,1.0,1.0,32.0,2.0,15.0,2.0,32.0,92.0,175
292450,2018,7.0,0.0,2.0,4.0,0.0,29.0,2.0,19.0,3.0,17.0,84.0,141
292450,2019,4.0,1.0,3.0,3.0,6.0,45.0,6.0,14.0,9.0,16.0,120.0,201
292460,2012,10.0,2.0,5.0,7.0,4.0,23.0,1.0,5.0,15.0,15.0,93.0,334
292460,2013,0.0,0.0,0.0,0.0,0.0,0.0,0.0,0.0,0.0,0.0,106.0,301
292460,2014,7.0,0.0,0.0,6.0,8.0,28.0,5.0,10.0,9.0,19.0,100.0,307
292460,2015,8.0,0.0,2.0,1.0,3.0,12.0,2.0,4.0,2.0,15.0,60.0,253
292460,2016,16.0,0.0,2.0,4.0,2.0,18.0,3.0,11.0,7.0,11.0,81.0,281
292460,2017,4.0,0.0,0.0,5.0,4.0,25.0,8.0,17.0,7.0,32.0,102.0,268
292460,2018,7.0,0.0,2.0,4.0,3.0,33.0,13.0,37.0,6.0,36.0,146.0,294
292460,2019,8.0,0.0,4.0,7.0,3.0,30.0,8.0,33.0,8.0,26.0,128.0,276
292465,2012,12.0,0.0,0.0,0.0,1.0,4.0,1.0,1.0,3.0,4.0,27.0,98
292465,2013,0.0,0.0,0.0,0.0,0.0,0.0,0.0,0.0,0.0,0.0,20.0,90
292465,2014,0.0,0.0,0.0,1.0,1.0,2.0,2.0,0.0,1.0,6.0,25.0,91
292465,2015,0.0,0.0,0.0,0.0,1.0,6.0,1.0,3.0,6.0,3.0,22.0,85
292465,2016,4.0,1.0,0.0,1.0,0.0,5.0,2.0,3.0,3.0,9.0,32.0,98
292465,2017,6.0,0.0,0.0,0.0,2.0,5.0,4.0,3.0,8.0,6.0,34.0,87
292465,2018,3.0,0.0,2.0,1.0,0.0,9.0,3.0,0.0,7.0,2.0,30.0,93
292465,2019,1.0,0.0,0.0,3.0,0.0,4.0,2.0,2.0,2.0,7.0,30.0,96
292467,2012,9.0,0.0,0.0,0.0,1.0,0.0,0.0,1.0,0.0,3.0,18.0,106
292467,2013,0.0,0.0,0.0,0.0,0.0,0.0,0.0,0.0,0.0,0.0,28.0,100
292467,2014,3.0,0.0,2.0,1.0,1.0,17.0,1.0,4.0,3.0,8.0,42.0,104
292467,2015,2.0,0.0,0.0,3.0,2.0,14.0,2.0,7.0,3.0,13.0,50.0,118
292467,2016,1.0,3.0,0.0,4.0,3.0,5.0,1.0,4.0,3.0,17.0,42.0,111
292467,2017,5.0,1.0,0.0,2.0,2.0,6.0,1.0,2.0,3.0,8.0,33.0,124
292467,2018,2.0,1.0,0.0,1.0,0.0,11.0,2.0,1.0,4.0,7.0,30.0,89
292467,2019,3.0,1.0,4.0,1.0,0.0,12.0,0.0,2.0,5.0,5.0,33.0,128
292470,2012,4.0,0.0,2.0,2.0,1.0,9.0,9.0,3.0,15.0,6.0,51.0,115
292470,2013,0.0,0.0,0.0,0.0,0.0,0.0,0.0,0.0,0.0,0.0,40.0,103
292470,2014,3.0,0.0,2.0,0.0,1.0,13.0,8.0,19.0,4.0,17.0,67.0,122
292470,2015,5.0,0.0,4.0,2.0,1.0,7.0,6.0,4.0,10.0,6.0,45.0,93
292470,2016,2.0,0.0,0.0,0.0,1.0,12.0,1.0,10.0,9.0,8.0,46.0,104
292470,2017,7.0,0.0,4.0,0.0,0.0,13.0,2.0,6.0,7.0,8.0,47.0,100
292470,2018,2.0,0.0,0.0,1.0,1.0,19.0,5.0,5.0,6.0,11.0,50.0,117
292470,2019,6.0,0.0,2.0,1.0,1.0,13.0,4.0,5.0,6.0,7.0,49.0,110
292480,2012,13.0,1.0,0.0,2.0,4.0,16.0,7.0,2.0,16.0,7.0,91.0,262
292480,2013,0.0,0.0,0.0,0.0,0.0,0.0,0.0,0.0,0.0,0.0,78.0,240
292480,2014,3.0,0.0,0.0,1.0,3.0,12.0,7.0,0.0,12.0,8.0,69.0,208
292480,2015,3.0,1.0,2.0,4.0,1.0,9.0,6.0,3.0,9.0,6.0,53.0,235
292480,2016,3.0,1.0,0.0,4.0,1.0,16.0,17.0,9.0,10.0,10.0,75.0,234
292480,2017,7.0,0.0,4.0,2.0,3.0,21.0,11.0,9.0,13.0,16.0,89.0,249
292480,2018,3.0,0.0,8.0,2.0,2.0,23.0,14.0,11.0,12.0,9.0,89.0,229
292480,2019,4.0,1.0,4.0,2.0,0.0,9.0,18.0,9.0,12.0,14.0,75.0,199
292490,2012,0.0,0.0,0.0,1.0,0.0,4.0,0.0,0.0,1.0,8.0,19.0,107
292490,2013,0.0,0.0,0.0,0.0,0.0,0.0,0.0,0.0,0.0,0.0,32.0,70
292490,2014,1.0,0.0,0.0,0.0,1.0,6.0,2.0,8.0,2.0,6.0,31.0,84
292490,2015,3.0,2.0,0.0,3.0,2.0,10.0,1.0,8.0,2.0,12.0,45.0,85
292490,2016,2.0,3.0,4.0,0.0,1.0,11.0,1.0,4.0,3.0,19.0,49.0,102
292490,2017,2.0,1.0,2.0,0.0,0.0,10.0,4.0,8.0,2.0,8.0,38.0,73
292490,2018,2.0,1.0,0.0,1.0,0.0,6.0,2.0,3.0,2.0,10.0,32.0,80
292490,2019,7.0,0.0,4.0,1.0,0.0,7.0,6.0,7.0,3.0,13.0,48.0,81
292500,2012,10.0,0.0,4.0,1.0,6.0,17.0,22.0,7.0,17.0,12.0,98.0,360
292500,2013,0.0,0.0,0.0,0.0,0.0,0.0,0.0,0.0,0.0,0.0,82.0,328
292500,2014,8.0,0.0,2.0,3.0,5.0,19.0,11.0,18.0,18.0,25.0,110.0,317
292500,2015,9.0,2.0,2.0,1.0,3.0,25.0,11.0,2.0,10.0,16.0,89.0,363
292500,2016,7.0,0.0,4.0,2.0,0.0,22.0,9.0,10.0,10.0,7.0,77.0,287
292500,2017,10.0,0.0,3.0,3.0,4.0,17.0,8.0,10.0,13.0,19.0,87.0,298
292500,2018,15.0,0.0,2.0,3.0,1.0,26.0,8.0,16.0,6.0,18.0,96.0,314
292500,2019,12.0,0.0,3.0,2.0,1.0,23.0,8.0,12.0,13.0,15.0,95.0,297
292510,2012,14.0,1.0,2.0,2.0,4.0,36.0,31.0,12.0,34.0,20.0,164.0,694
292510,2013,0.0,0.0,0.0,0.0,0.0,0.0,0.0,0.0,0.0,0.0,134.0,643
292510,2014,15.0,0.0,8.0,6.0,3.0,28.0,22.0,26.0,25.0,29.0,163.0,667
292510,2015,17.0,0.0,6.0,5.0,6.0,26.0,22.0,21.0,34.0,23.0,174.0,662
292510,2016,22.0,0.0,14.0,6.0,2.0,46.0,15.0,18.0,16.0,20.0,168.0,628
292510,2017,12.0,0.0,12.0,3.0,3.0,45.0,11.0,24.0,23.0,33.0,166.0,640
292510,2018,14.0,0.0,9.0,7.0,6.0,36.0,17.0,24.0,28.0,27.0,168.0,657
292510,2019,9.0,0.0,7.0,10.0,5.0,44.0,22.0,24.0,22.0,40.0,203.0,617
292520,2012,40.0,1.0,6.0,3.0,3.0,73.0,14.0,13.0,53.0,67.0,280.0,559
292520,2013,0.0,0.0,0.0,0.0,0.0,0.0,0.0,0.0,0.0,0.0,284.0,557
292520,2014,24.0,0.0,14.0,6.0,3.0,68.0,17.0,28.0,48.0,50.0,266.0,515
292520,2015,21.0,2.0,8.0,5.0,4.0,69.0,13.0,20.0,28.0,38.0,215.0,471
292520,2016,12.0,1.0,8.0,7.0,4.0,60.0,19.0,19.0,36.0,35.0,209.0,527
292520,2017,12.0,0.0,4.0,1.0,4.0,60.0,20.0,9.0,32.0,27.0,173.0,455
292520,2018,15.0,0.0,5.0,8.0,1.0,50.0,11.0,17.0,23.0,25.0,160.0,446
292520,2019,14.0,0.0,9.0,3.0,4.0,57.0,11.0,13.0,28.0,30.0,171.0,470
292525,2012,3.0,0.0,0.0,1.0,3.0,16.0,1.0,2.0,5.0,6.0,51.0,257
292525,2013,0.0,0.0,0.0,0.0,0.0,0.0,0.0,0.0,0.0,0.0,63.0,237
292525,2014,7.0,1.0,0.0,1.0,1.0,9.0,5.0,8.0,6.0,14.0,58.0,252
292525,2015,9.0,0.0,6.0,4.0,2.0,12.0,2.0,0.0,11.0,8.0,68.0,303
292525,2016,7.0,0.0,2.0,2.0,4.0,12.0,6.0,8.0,9.0,15.0,69.0,246
292525,2017,7.0,1.0,2.0,2.0,0.0,21.0,14.0,12.0,5.0,15.0,81.0,274
292525,2018,6.0,0.0,4.0,5.0,2.0,21.0,10.0,9.0,12.0,11.0,88.0,246
292525,2019,4.0,0.0,2.0,8.0,6.0,29.0,19.0,18.0,13.0,20.0,123.0,280
292530,2012,144.0,4.0,37.0,30.0,22.0,163.0,75.0,24.0,192.0,57.0,816.0,2404
292530,2013,0.0,0.0,0.0,0.0,0.0,0.0,0.0,0.0,0.0,0.0,855.0,2378
292530,2014,92.0,4.0,58.0,32.0,30.0,231.0,121.0,40.0,201.0,79.0,963.0,2565
292530,2015,103.0,5.0,33.0,34.0,25.0,245.0,99.0,33.0,200.0,73.0,911.0,2656
292530,2016,90.0,3.0,33.0,34.0,26.0,253.0,101.0,29.0,181.0,65.0,858.0,2573
292530,2017,113.0,6.0,60.0,25.0,22.0,294.0,128.0,48.0,173.0,80.0,977.0,2765
292530,2018,122.0,3.0,36.0,45.0,31.0,323.0,105.0,44.0,192.0,106.0,1015.0,2867
292530,2019,109.0,3.0,43.0,30.0,27.0,333.0,96.0,60.0,168.0,97.0,973.0,2920
292540,2012,6.0,0.0,2.0,4.0,2.0,6.0,4.0,2.0,7.0,10.0,44.0,151
292540,2013,0.0,0.0,0.0,0.0,0.0,0.0,0.0,0.0,0.0,0.0,39.0,147
292540,2014,2.0,0.0,0.0,2.0,1.0,9.0,6.0,3.0,6.0,9.0,40.0,123
292540,2015,4.0,0.0,4.0,0.0,0.0,17.0,8.0,2.0,9.0,7.0,52.0,134
292540,2016,2.0,0.0,0.0,1.0,0.0,13.0,3.0,2.0,2.0,3.0,27.0,110
292540,2017,2.0,0.0,0.0,0.0,3.0,9.0,1.0,7.0,1.0,8.0,33.0,112
292540,2018,2.0,0.0,2.0,1.0,2.0,16.0,2.0,6.0,3.0,4.0,39.0,117
292540,2019,3.0,0.0,4.0,0.0,0.0,7.0,2.0,2.0,3.0,7.0,29.0,107
292550,2012,15.0,0.0,4.0,2.0,1.0,20.0,13.0,12.0,21.0,14.0,107.0,416
292550,2013,0.0,0.0,0.0,0.0,0.0,0.0,0.0,0.0,0.0,0.0,95.0,368
292550,2014,9.0,0.0,0.0,5.0,2.0,24.0,11.0,13.0,11.0,11.0,95.0,407
292550,2015,10.0,0.0,1.0,0.0,5.0,19.0,15.0,10.0,17.0,7.0,132.0,453
292550,2016,6.0,0.0,0.0,4.0,3.0,25.0,12.0,3.0,6.0,10.0,100.0,419
292550,2017,7.0,2.0,6.0,2.0,0.0,32.0,14.0,5.0,20.0,9.0,100.0,442
292550,2018,17.0,2.0,9.0,7.0,1.0,49.0,19.0,23.0,20.0,20.0,170.0,487
292550,2019,8.0,1.0,4.0,4.0,3.0,54.0,24.0,4.0,28.0,10.0,151.0,520
292560,2012,5.0,0.0,0.0,2.0,2.0,21.0,6.0,4.0,8.0,10.0,63.0,200
292560,2013,0.0,0.0,0.0,0.0,0.0,0.0,0.0,0.0,0.0,0.0,72.0,187
292560,2014,5.0,0.0,0.0,2.0,2.0,20.0,5.0,7.0,4.0,9.0,54.0,169
292560,2015,5.0,0.0,5.0,2.0,1.0,20.0,0.0,6.0,8.0,13.0,61.0,159
292560,2016,7.0,0.0,1.0,3.0,3.0,13.0,4.0,7.0,2.0,8.0,48.0,163
292560,2017,4.0,0.0,3.0,1.0,1.0,18.0,7.0,10.0,7.0,12.0,63.0,178
292560,2018,2.0,0.0,6.0,8.0,0.0,11.0,1.0,6.0,7.0,12.0,53.0,151
292560,2019,9.0,0.0,0.0,4.0,1.0,15.0,7.0,5.0,14.0,6.0,62.0,145
292570,2012,6.0,0.0,0.0,1.0,1.0,14.0,1.0,2.0,5.0,5.0,42.0,104
292570,2013,0.0,0.0,0.0,0.0,0.0,0.0,0.0,0.0,0.0,0.0,55.0,124
292570,2014,2.0,0.0,2.0,1.0,1.0,12.0,3.0,4.0,4.0,10.0,41.0,125
292570,2015,3.0,0.0,4.0,2.0,0.0,11.0,5.0,4.0,8.0,8.0,48.0,125
292570,2016,6.0,0.0,0.0,2.0,1.0,17.0,6.0,5.0,10.0,12.0,62.0,161
292570,2017,2.0,0.0,0.0,0.0,0.0,20.0,3.0,6.0,8.0,3.0,42.0,144
292570,2018,0.0,0.0,2.0,2.0,2.0,16.0,5.0,5.0,11.0,4.0,47.0,123
292570,2019,1.0,0.0,4.0,0.0,0.0,11.0,5.0,3.0,6.0,8.0,41.0,115
292575,2012,14.0,0.0,1.0,2.0,7.0,30.0,1.0,3.0,7.0,9.0,127.0,407
292575,2013,0.0,0.0,0.0,0.0,0.0,0.0,0.0,0.0,0.0,0.0,94.0,324
292575,2014,5.0,2.0,2.0,11.0,2.0,24.0,3.0,20.0,9.0,19.0,102.0,312
292575,2015,2.0,5.0,0.0,9.0,6.0,26.0,5.0,19.0,12.0,19.0,105.0,335
292575,2016,6.0,14.0,0.0,6.0,8.0,31.0,9.0,10.0,11.0,38.0,135.0,399
292575,2017,9.0,2.0,6.0,3.0,6.0,54.0,10.0,17.0,7.0,29.0,147.0,390
292575,2018,10.0,0.0,3.0,3.0,1.0,43.0,1.0,18.0,6.0,42.0,129.0,397
292575,2019,16.0,2.0,7.0,1.0,2.0,55.0,10.0,24.0,12.0,42.0,171.0,422
292580,2012,21.0,0.0,4.0,3.0,4.0,24.0,13.0,9.0,16.0,33.0,135.0,320
292580,2013,0.0,0.0,0.0,0.0,0.0,0.0,0.0,0.0,0.0,0.0,141.0,302
292580,2014,8.0,0.0,4.0,9.0,5.0,26.0,17.0,14.0,17.0,30.0,154.0,324
292580,2015,10.0,1.0,2.0,5.0,1.0,26.0,15.0,11.0,21.0,58.0,156.0,320
292580,2016,18.0,0.0,1.0,3.0,1.0,35.0,6.0,24.0,8.0,56.0,158.0,330
292580,2017,16.0,0.0,2.0,2.0,3.0,36.0,18.0,16.0,18.0,37.0,155.0,304
292580,2018,9.0,0.0,0.0,4.0,5.0,35.0,14.0,14.0,18.0,29.0,138.0,305
292580,2019,6.0,0.0,2.0,4.0,0.0,31.0,18.0,9.0,16.0,27.0,119.0,299
292590,2012,7.0,0.0,4.0,0.0,4.0,9.0,2.0,1.0,9.0,12.0,54.0,344
292590,2013,0.0,0.0,0.0,0.0,0.0,0.0,0.0,0.0,0.0,0.0,43.0,311
292590,2014,5.0,0.0,6.0,1.0,4.0,9.0,2.0,5.0,5.0,13.0,55.0,306
292590,2015,2.0,0.0,2.0,1.0,3.0,10.0,5.0,4.0,4.0,16.0,53.0,266
292590,2016,2.0,0.0,4.0,2.0,3.0,8.0,3.0,7.0,4.0,13.0,52.0,312
292590,2017,4.0,0.0,2.0,2.0,5.0,10.0,2.0,18.0,10.0,20.0,77.0,363
292590,2018,12.0,0.0,0.0,2.0,1.0,13.0,6.0,11.0,13.0,21.0,85.0,293
292590,2019,2.0,0.0,2.0,2.0,3.0,12.0,11.0,10.0,13.0,14.0,70.0,335
292593,2012,7.0,0.0,0.0,0.0,2.0,4.0,0.0,3.0,6.0,4.0,30.0,116
292593,2013,0.0,0.0,0.0,0.0,0.0,0.0,0.0,0.0,0.0,0.0,31.0,89
292593,2014,3.0,1.0,2.0,1.0,1.0,5.0,8.0,1.0,8.0,4.0,38.0,108
292593,2015,1.0,2.0,2.0,2.0,1.0,7.0,5.0,4.0,9.0,7.0,42.0,104
292593,2016,4.0,0.0,4.0,1.0,2.0,9.0,3.0,5.0,10.0,4.0,49.0,110
292593,2017,2.0,0.0,4.0,3.0,2.0,6.0,7.0,4.0,3.0,5.0,37.0,96
292593,2018,2.0,0.0,0.0,0.0,2.0,10.0,10.0,5.0,11.0,6.0,48.0,123
292593,2019,5.0,1.0,2.0,1.0,0.0,10.0,7.0,4.0,12.0,8.0,52.0,107
292595,2012,39.0,0.0,3.0,1.0,1.0,17.0,16.0,5.0,18.0,17.0,125.0,296
292595,2013,0.0,0.0,0.0,0.0,0.0,0.0,0.0,0.0,0.0,0.0,99.0,272
292595,2014,4.0,1.0,5.0,2.0,2.0,23.0,4.0,13.0,4.0,15.0,103.0,274
292595,2015,4.0,0.0,2.0,3.0,6.0,23.0,8.0,9.0,10.0,17.0,91.0,281
292595,2016,8.0,0.0,8.0,3.0,1.0,15.0,10.0,6.0,12.0,23.0,101.0,280
292595,2017,2.0,0.0,5.0,5.0,0.0,28.0,26.0,7.0,19.0,12.0,108.0,278
292595,2018,6.0,1.0,0.0,6.0,6.0,44.0,19.0,9.0,26.0,15.0,145.0,319
292595,2019,5.0,0.0,4.0,4.0,4.0,32.0,13.0,4.0,17.0,15.0,100.0,265
292600,2012,78.0,1.0,15.0,2.0,3.0,136.0,24.0,46.0,40.0,101.0,456.0,688
292600,2013,0.0,0.0,0.0,0.0,0.0,0.0,0.0,0.0,0.0,0.0,447.0,643
292600,2014,29.0,0.0,14.0,6.0,4.0,130.0,22.0,53.0,43.0,103.0,469.0,663
292600,2015,52.0,0.0,11.0,5.0,3.0,187.0,23.0,47.0,67.0,94.0,496.0,703
292600,2016,51.0,0.0,12.0,3.0,0.0,166.0,40.0,53.0,84.0,104.0,521.0,706
292600,2017,69.0,0.0,9.0,0.0,1.0,147.0,32.0,27.0,90.0,59.0,438.0,670
292600,2018,65.0,0.0,10.0,2.0,1.0,175.0,28.0,27.0,90.0,49.0,448.0,685
292600,2019,42.0,0.0,9.0,1.0,1.0,178.0,22.0,37.0,51.0,91.0,433.0,672
292610,2012,36.0,0.0,1.0,4.0,5.0,35.0,20.0,12.0,22.0,22.0,163.0,259
292610,2013,0.0,0.0,0.0,0.0,0.0,0.0,0.0,0.0,0.0,0.0,143.0,226
292610,2014,8.0,1.0,0.0,4.0,3.0,24.0,14.0,11.0,20.0,27.0,131.0,205
292610,2015,12.0,1.0,4.0,4.0,4.0,25.0,18.0,10.0,18.0,9.0,120.0,182
292610,2016,10.0,0.0,3.0,4.0,6.0,27.0,9.0,10.0,24.0,15.0,122.0,191
292610,2017,4.0,1.0,0.0,3.0,4.0,44.0,27.0,8.0,29.0,10.0,140.0,217
292610,2018,6.0,0.0,0.0,6.0,0.0,28.0,16.0,4.0,27.0,10.0,108.0,190
292610,2019,4.0,1.0,5.0,4.0,6.0,46.0,15.0,5.0,25.0,7.0,128.0,210
292620,2012,12.0,2.0,4.0,10.0,5.0,36.0,7.0,9.0,35.0,26.0,146.0,354
292620,2013,0.0,0.0,0.0,0.0,0.0,0.0,0.0,0.0,0.0,0.0,114.0,313
292620,2014,13.0,0.0,2.0,4.0,3.0,44.0,17.0,8.0,22.0,16.0,131.0,294
292620,2015,9.0,0.0,4.0,5.0,1.0,36.0,11.0,6.0,27.0,12.0,116.0,315
292620,2016,8.0,0.0,2.0,1.0,3.0,39.0,12.0,8.0,23.0,7.0,105.0,273
292620,2017,9.0,1.0,2.0,3.0,2.0,39.0,11.0,12.0,13.0,19.0,111.0,295
292620,2018,5.0,0.0,4.0,5.0,2.0,36.0,13.0,13.0,18.0,17.0,114.0,300
292620,2019,12.0,0.0,7.0,4.0,8.0,41.0,6.0,13.0,25.0,19.0,136.0,331
292630,2012,49.0,0.0,8.0,7.0,2.0,46.0,12.0,18.0,22.0,24.0,221.0,430
292630,2013,0.0,0.0,0.0,0.0,0.0,0.0,0.0,0.0,0.0,0.0,162.0,386
292630,2014,17.0,1.0,8.0,7.0,4.0,30.0,14.0,24.0,19.0,39.0,186.0,392
292630,2015,10.0,2.0,6.0,8.0,5.0,35.0,15.0,18.0,24.0,35.0,186.0,394
292630,2016,24.0,0.0,10.0,4.0,2.0,44.0,24.0,29.0,29.0,29.0,228.0,397
292630,2017,19.0,0.0,7.0,8.0,9.0,49.0,24.0,39.0,37.0,55.0,248.0,419
292630,2018,20.0,0.0,12.0,12.0,5.0,55.0,38.0,15.0,49.0,24.0,234.0,403
292630,2019,17.0,2.0,13.0,8.0,5.0,64.0,21.0,6.0,28.0,18.0,182.0,394
292640,2012,10.0,0.0,6.0,6.0,1.0,21.0,8.0,18.0,14.0,28.0,139.0,453
292640,2013,0.0,0.0,0.0,0.0,0.0,0.0,0.0,0.0,0.0,0.0,132.0,413
292640,2014,8.0,1.0,11.0,6.0,2.0,28.0,32.0,21.0,25.0,16.0,162.0,447
292640,2015,8.0,0.0,4.0,4.0,4.0,33.0,33.0,21.0,27.0,17.0,157.0,414
292640,2016,8.0,0.0,6.0,6.0,2.0,40.0,14.0,19.0,25.0,17.0,146.0,389
292640,2017,7.0,0.0,11.0,3.0,8.0,34.0,14.0,21.0,22.0,33.0,160.0,377
292640,2018,5.0,0.0,14.0,3.0,2.0,32.0,16.0,25.0,21.0,26.0,153.0,346
292640,2019,11.0,0.0,4.0,3.0,3.0,37.0,14.0,23.0,17.0,26.0,146.0,354
292650,2012,16.0,0.0,2.0,0.0,3.0,1.0,0.0,0.0,20.0,34.0,82.0,213
292650,2013,0.0,0.0,0.0,0.0,0.0,0.0,0.0,0.0,0.0,0.0,59.0,178
292650,2014,3.0,0.0,0.0,1.0,2.0,18.0,3.0,2.0,5.0,8.0,47.0,206
292650,2015,5.0,0.0,0.0,1.0,2.0,6.0,2.0,3.0,6.0,12.0,41.0,166
292650,2016,3.0,0.0,4.0,0.0,0.0,11.0,2.0,6.0,8.0,10.0,48.0,187
292650,2017,2.0,0.0,4.0,0.0,2.0,13.0,2.0,5.0,3.0,13.0,47.0,192
292650,2018,4.0,0.0,4.0,2.0,2.0,18.0,2.0,4.0,4.0,26.0,67.0,199
292650,2019,10.0,0.0,6.0,2.0,2.0,14.0,7.0,8.0,14.0,11.0,74.0,179
292660,2012,87.0,0.0,7.0,3.0,23.0,3.0,3.0,2.0,94.0,161.0,405.0,857
292660,2013,0.0,0.0,0.0,0.0,0.0,0.0,0.0,0.0,0.0,0.0,340.0,833
292660,2014,29.0,0.0,12.0,9.0,10.0,55.0,21.0,21.0,34.0,47.0,307.0,799
292660,2015,18.0,1.0,6.0,17.0,9.0,61.0,16.0,29.0,30.0,46.0,268.0,718
292660,2016,26.0,2.0,11.0,11.0,4.0,58.0,6.0,26.0,35.0,51.0,255.0,742
292660,2017,11.0,2.0,12.0,5.0,6.0,81.0,15.0,19.0,39.0,82.0,297.0,753
292660,2018,27.0,0.0,12.0,13.0,15.0,93.0,23.0,35.0,52.0,101.0,386.0,840
292660,2019,34.0,1.0,7.0,14.0,12.0,97.0,24.0,31.0,55.0,67.0,347.0,722
292665,2012,2.0,0.0,2.0,1.0,0.0,12.0,5.0,1.0,2.0,7.0,36.0,90
292665,2013,0.0,0.0,0.0,0.0,0.0,0.0,0.0,0.0,0.0,0.0,24.0,70
292665,2014,0.0,0.0,0.0,0.0,0.0,8.0,2.0,5.0,1.0,7.0,23.0,61
292665,2015,4.0,0.0,2.0,1.0,1.0,8.0,2.0,3.0,3.0,3.0,28.0,77
292665,2016,5.0,0.0,2.0,0.0,2.0,4.0,1.0,1.0,0.0,4.0,21.0,84
292665,2017,4.0,0.0,0.0,3.0,0.0,1.0,1.0,4.0,3.0,10.0,26.0,84
292665,2018,4.0,0.0,4.0,0.0,1.0,5.0,3.0,2.0,6.0,9.0,34.0,104
292665,2019,3.0,0.0,4.0,1.0,0.0,5.0,3.0,4.0,2.0,3.0,27.0,85
292670,2012,6.0,0.0,0.0,1.0,3.0,20.0,6.0,1.0,19.0,12.0,74.0,123
292670,2013,0.0,0.0,0.0,0.0,0.0,0.0,0.0,0.0,0.0,0.0,72.0,114
292670,2014,7.0,0.0,2.0,4.0,0.0,29.0,8.0,6.0,18.0,27.0,102.0,152
292670,2015,4.0,0.0,7.0,3.0,2.0,34.0,14.0,5.0,16.0,20.0,106.0,156
292670,2016,8.0,0.0,6.0,2.0,1.0,31.0,14.0,7.0,14.0,22.0,105.0,160
292670,2017,4.0,0.0,0.0,3.0,2.0,30.0,6.0,12.0,11.0,28.0,101.0,164
292670,2018,4.0,0.0,1.0,3.0,0.0,15.0,2.0,4.0,1.0,14.0,78.0,134
292670,2019,8.0,0.0,8.0,4.0,1.0,24.0,4.0,7.0,8.0,14.0,95.0,139
292680,2012,10.0,0.0,2.0,1.0,3.0,14.0,4.0,4.0,12.0,9.0,69.0,134
292680,2013,0.0,0.0,0.0,0.0,0.0,0.0,0.0,0.0,0.0,0.0,53.0,111
292680,2014,5.0,0.0,0.0,2.0,3.0,23.0,5.0,2.0,12.0,13.0,69.0,136
292680,2015,9.0,0.0,0.0,3.0,2.0,19.0,9.0,9.0,10.0,15.0,84.0,134
292680,2016,4.0,0.0,2.0,0.0,0.0,20.0,3.0,10.0,12.0,14.0,69.0,129
292680,2017,6.0,0.0,3.0,0.0,2.0,20.0,7.0,5.0,15.0,16.0,76.0,137
292680,2018,5.0,1.0,2.0,2.0,1.0,18.0,13.0,7.0,15.0,12.0,78.0,114
292680,2019,6.0,0.0,0.0,5.0,1.0,29.0,8.0,3.0,13.0,8.0,75.0,122
292690,2012,7.0,0.0,0.0,1.0,0.0,20.0,0.0,0.0,10.0,2.0,86.0,135
292690,2013,0.0,0.0,0.0,0.0,0.0,0.0,0.0,0.0,0.0,0.0,77.0,112
292690,2014,7.0,0.0,2.0,4.0,2.0,21.0,4.0,12.0,7.0,26.0,90.0,126
292690,2015,2.0,0.0,2.0,0.0,0.0,11.0,5.0,3.0,5.0,10.0,41.0,81
292690,2016,9.0,0.0,4.0,0.0,0.0,17.0,0.0,3.0,10.0,7.0,51.0,107
292690,2017,2.0,0.0,0.0,1.0,0.0,22.0,5.0,5.0,8.0,6.0,50.0,104
292690,2018,2.0,0.0,0.0,2.0,1.0,21.0,5.0,1.0,9.0,10.0,52.0,82
292690,2019,2.0,0.0,2.0,2.0,0.0,10.0,6.0,4.0,7.0,5.0,47.0,80
292700,2012,15.0,1.0,7.0,6.0,4.0,30.0,9.0,17.0,18.0,51.0,164.0,568
292700,2013,0.0,0.0,0.0,0.0,0.0,0.0,0.0,0.0,0.0,0.0,149.0,545
292700,2014,5.0,0.0,6.0,9.0,3.0,33.0,3.0,20.0,15.0,38.0,140.0,526
292700,2015,5.0,0.0,2.0,5.0,4.0,33.0,4.0,15.0,9.0,29.0,109.0,485
292700,2016,6.0,0.0,2.0,5.0,5.0,23.0,14.0,6.0,6.0,28.0,95.0,430
292700,2017,9.0,0.0,8.0,4.0,2.0,27.0,14.0,19.0,10.0,26.0,123.0,491
292700,2018,14.0,0.0,3.0,5.0,2.0,31.0,9.0,15.0,14.0,28.0,121.0,495
292700,2019,11.0,2.0,3.0,5.0,12.0,29.0,16.0,14.0,18.0,18.0,131.0,534
292710,2012,12.0,0.0,0.0,1.0,1.0,12.0,1.0,13.0,4.0,18.0,64.0,147
292710,2013,0.0,0.0,0.0,0.0,0.0,0.0,0.0,0.0,0.0,0.0,57.0,134
292710,2014,4.0,0.0,3.0,2.0,2.0,18.0,3.0,19.0,2.0,8.0,69.0,164
292710,2015,8.0,0.0,1.0,1.0,2.0,20.0,1.0,10.0,4.0,20.0,73.0,182
292710,2016,15.0,0.0,4.0,2.0,1.0,15.0,1.0,15.0,3.0,22.0,84.0,172
292710,2017,8.0,0.0,0.0,1.0,0.0,20.0,6.0,17.0,8.0,21.0,97.0,193
292710,2018,5.0,0.0,2.0,0.0,1.0,25.0,11.0,12.0,7.0,10.0,90.0,185
292710,2019,14.0,0.0,0.0,0.0,2.0,29.0,5.0,5.0,3.0,13.0,81.0,167
292720,2012,15.0,1.0,8.0,2.0,8.0,25.0,2.0,2.0,14.0,18.0,149.0,458
292720,2013,0.0,0.0,0.0,0.0,0.0,0.0,0.0,0.0,0.0,0.0,140.0,431
292720,2014,15.0,4.0,4.0,12.0,7.0,29.0,15.0,20.0,19.0,27.0,160.0,471
292720,2015,10.0,0.0,6.0,3.0,6.0,39.0,21.0,21.0,23.0,19.0,156.0,482
292720,2016,7.0,4.0,8.0,4.0,1.0,26.0,14.0,13.0,19.0,24.0,127.0,400
292720,2017,11.0,1.0,7.0,15.0,9.0,41.0,29.0,20.0,34.0,26.0,196.0,461
292720,2018,17.0,1.0,5.0,7.0,5.0,43.0,27.0,11.0,28.0,11.0,156.0,431
292720,2019,8.0,0.0,4.0,8.0,8.0,43.0,13.0,6.0,19.0,11.0,122.0,429
292730,2012,9.0,0.0,1.0,1.0,1.0,13.0,13.0,1.0,11.0,8.0,62.0,179
292730,2013,0.0,0.0,0.0,0.0,0.0,0.0,0.0,0.0,0.0,0.0,64.0,176
292730,2014,5.0,0.0,6.0,2.0,0.0,19.0,4.0,5.0,12.0,20.0,75.0,195
292730,2015,2.0,0.0,4.0,5.0,1.0,11.0,3.0,3.0,9.0,13.0,51.0,168
292730,2016,3.0,0.0,0.0,1.0,1.0,15.0,4.0,5.0,2.0,13.0,49.0,149
292730,2017,3.0,0.0,2.0,0.0,3.0,18.0,4.0,7.0,4.0,12.0,55.0,159
292730,2018,3.0,0.0,6.0,0.0,1.0,12.0,2.0,10.0,7.0,19.0,61.0,149
292730,2019,6.0,0.0,9.0,0.0,0.0,20.0,6.0,15.0,5.0,22.0,87.0,144
292740,2012,2579.0,37.0,711.0,531.0,726.0,4125.0,628.0,434.0,5175.0,2358.0,19084.0,37163
292740,2013,0.0,0.0,0.0,0.0,0.0,0.0,0.0,0.0,0.0,0.0,18764.0,36456
292740,2014,1503.0,25.0,675.0,643.0,553.0,4613.0,2013.0,1286.0,4359.0,2472.0,18943.0,36676
292740,2015,1469.0,19.0,729.0,591.0,498.0,4701.0,1798.0,1120.0,4225.0,2360.0,18281.0,36637
292740,2016,1271.0,20.0,661.0,594.0,489.0,4581.0,1761.0,986.0,3838.0,1982.0,16968.0,35017
292740,2017,1478.0,47.0,793.0,584.0,472.0,4704.0,1765.0,910.0,4151.0,1795.0,17102.0,35367
292740,2018,1412.0,37.0,735.0,562.0,470.0,4970.0,1573.0,1056.0,3616.0,2151.0,16951.0,34808
292740,2019,1388.0,35.0,782.0,604.0,486.0,4721.0,1718.0,1014.0,3411.0,1974.0,16449.0,32988
292750,2012,88.0,0.0,0.0,0.0,3.0,17.0,1.0,0.0,6.0,7.0,144.0,325
292750,2013,0.0,0.0,0.0,0.0,0.0,0.0,0.0,0.0,0.0,0.0,95.0,280
292750,2014,2.0,0.0,5.0,0.0,2.0,12.0,3.0,10.0,15.0,20.0,104.0,281
292750,2015,2.0,1.0,4.0,2.0,2.0,20.0,7.0,11.0,9.0,26.0,91.0,241
292750,2016,11.0,0.0,2.0,1.0,1.0,15.0,6.0,5.0,10.0,16.0,73.0,194
292750,2017,2.0,0.0,1.0,1.0,2.0,23.0,13.0,12.0,21.0,22.0,97.0,217
292750,2018,4.0,2.0,4.0,6.0,5.0,25.0,14.0,6.0,11.0,19.0,99.0,224
292750,2019,8.0,0.0,0.0,8.0,3.0,32.0,25.0,14.0,17.0,9.0,117.0,246
292760,2012,15.0,0.0,6.0,3.0,3.0,7.0,0.0,7.0,0.0,11.0,63.0,264
292760,2013,0.0,0.0,0.0,0.0,0.0,0.0,0.0,0.0,0.0,0.0,60.0,211
292760,2014,9.0,0.0,2.0,1.0,1.0,13.0,4.0,15.0,3.0,23.0,75.0,208
292760,2015,9.0,0.0,4.0,0.0,2.0,23.0,4.0,11.0,2.0,29.0,88.0,228
292760,2016,7.0,0.0,2.0,0.0,1.0,21.0,6.0,17.0,6.0,28.0,97.0,198
292760,2017,7.0,0.0,3.0,2.0,1.0,12.0,1.0,14.0,1.0,20.0,73.0,185
292760,2018,6.0,0.0,2.0,1.0,0.0,18.0,2.0,9.0,6.0,16.0,79.0,217
292760,2019,5.0,1.0,0.0,1.0,3.0,21.0,6.0,14.0,14.0,28.0,94.0,242
292770,2012,19.0,2.0,7.0,6.0,1.0,32.0,23.0,10.0,32.0,9.0,151.0,477
292770,2013,0.0,0.0,0.0,0.0,0.0,0.0,0.0,0.0,0.0,0.0,113.0,423
292770,2014,15.0,1.0,8.0,6.0,1.0,42.0,17.0,4.0,23.0,6.0,136.0,415
292770,2015,9.0,1.0,12.0,6.0,2.0,48.0,19.0,2.0,28.0,2.0,132.0,435
292770,2016,9.0,0.0,3.0,8.0,4.0,45.0,17.0,2.0,26.0,4.0,122.0,382
292770,2017,18.0,0.0,8.0,7.0,5.0,49.0,13.0,4.0,20.0,5.0,133.0,445
292770,2018,12.0,1.0,10.0,4.0,5.0,35.0,14.0,11.0,32.0,9.0,135.0,463
292770,2019,14.0,0.0,8.0,6.0,6.0,45.0,16.0,13.0,15.0,20.0,143.0,461
292780,2012,1.0,0.0,0.0,0.0,1.0,4.0,2.0,1.0,2.0,3.0,14.0,74
292780,2013,0.0,0.0,0.0,0.0,0.0,0.0,0.0,0.0,0.0,0.0,27.0,79
292780,2014,2.0,0.0,0.0,2.0,0.0,8.0,8.0,1.0,4.0,2.0,27.0,57
292780,2015,5.0,0.0,0.0,0.0,1.0,9.0,3.0,4.0,3.0,2.0,27.0,76
292780,2016,0.0,0.0,2.0,0.0,1.0,4.0,1.0,4.0,0.0,6.0,18.0,52
292780,2017,2.0,1.0,0.0,3.0,1.0,3.0,2.0,2.0,5.0,2.0,21.0,67
292780,2018,2.0,0.0,0.0,2.0,1.0,8.0,1.0,3.0,2.0,2.0,21.0,62
292780,2019,0.0,1.0,3.0,0.0,2.0,8.0,2.0,2.0,1.0,2.0,21.0,56
292790,2012,5.0,1.0,2.0,0.0,2.0,10.0,0.0,1.0,3.0,8.0,38.0,144
292790,2013,0.0,0.0,0.0,0.0,0.0,0.0,0.0,0.0,0.0,0.0,52.0,144
292790,2014,2.0,0.0,0.0,1.0,0.0,8.0,0.0,6.0,6.0,11.0,35.0,120
292790,2015,6.0,0.0,4.0,2.0,4.0,15.0,0.0,4.0,4.0,7.0,48.0,135
292790,2016,2.0,3.0,0.0,2.0,1.0,18.0,4.0,3.0,3.0,9.0,46.0,140
292790,2017,6.0,1.0,4.0,3.0,3.0,12.0,3.0,7.0,1.0,15.0,58.0,121
292790,2018,3.0,0.0,0.0,1.0,0.0,8.0,3.0,8.0,4.0,11.0,41.0,107
292790,2019,4.0,0.0,4.0,3.0,2.0,14.0,0.0,7.0,7.0,17.0,61.0,114
292800,2012,36.0,4.0,4.0,3.0,5.0,37.0,4.0,3.0,30.0,33.0,195.0,503
292800,2013,0.0,0.0,0.0,0.0,0.0,0.0,0.0,0.0,0.0,0.0,267.0,613
292800,2014,17.0,1.0,9.0,4.0,3.0,61.0,42.0,30.0,53.0,60.0,298.0,611
292800,2015,11.0,0.0,2.0,2.0,5.0,56.0,39.0,21.0,57.0,59.0,254.0,524
292800,2016,9.0,1.0,4.0,11.0,6.0,60.0,38.0,23.0,35.0,35.0,226.0,493
292800,2017,12.0,1.0,8.0,9.0,5.0,56.0,14.0,26.0,27.0,37.0,205.0,491
292800,2018,15.0,2.0,8.0,8.0,8.0,68.0,25.0,24.0,35.0,32.0,233.0,523
292800,2019,23.0,0.0,2.0,9.0,4.0,80.0,53.0,17.0,42.0,24.0,255.0,525
292805,2012,19.0,1.0,6.0,0.0,0.0,15.0,3.0,1.0,8.0,6.0,61.0,213
292805,2013,0.0,0.0,0.0,0.0,0.0,0.0,0.0,0.0,0.0,0.0,46.0,192
292805,2014,4.0,0.0,4.0,1.0,0.0,11.0,4.0,1.0,4.0,2.0,38.0,180
292805,2015,4.0,0.0,0.0,1.0,1.0,10.0,1.0,5.0,9.0,7.0,39.0,193
292805,2016,6.0,0.0,1.0,0.0,1.0,14.0,5.0,7.0,3.0,6.0,45.0,199
292805,2017,4.0,0.0,0.0,2.0,1.0,7.0,4.0,3.0,4.0,7.0,33.0,169
292805,2018,3.0,0.0,1.0,2.0,0.0,17.0,3.0,5.0,4.0,13.0,48.0,204
292805,2019,5.0,0.0,2.0,2.0,0.0,12.0,4.0,4.0,5.0,11.0,45.0,171
292810,2012,35.0,7.0,10.0,6.0,10.0,64.0,16.0,23.0,20.0,39.0,254.0,608
292810,2013,0.0,0.0,0.0,0.0,0.0,0.0,0.0,0.0,0.0,0.0,222.0,615
292810,2014,21.0,1.0,12.0,6.0,3.0,56.0,9.0,53.0,13.0,60.0,245.0,573
292810,2015,19.0,0.0,14.0,5.0,2.0,56.0,8.0,39.0,14.0,43.0,217.0,516
292810,2016,13.0,2.0,4.0,5.0,2.0,42.0,8.0,19.0,10.0,31.0,147.0,435
292810,2017,12.0,3.0,9.0,4.0,3.0,70.0,16.0,24.0,23.0,45.0,217.0,481
292810,2018,22.0,2.0,7.0,9.0,4.0,77.0,12.0,27.0,19.0,51.0,239.0,461
292810,2019,20.0,0.0,5.0,5.0,2.0,74.0,20.0,28.0,30.0,54.0,253.0,502
292820,2012,9.0,1.0,4.0,3.0,2.0,35.0,6.0,10.0,13.0,25.0,118.0,352
292820,2013,0.0,0.0,0.0,0.0,0.0,0.0,0.0,0.0,0.0,0.0,139.0,359
292820,2014,7.0,2.0,6.0,6.0,2.0,22.0,13.0,14.0,20.0,26.0,119.0,317
292820,2015,14.0,2.0,0.0,3.0,6.0,29.0,7.0,12.0,14.0,33.0,122.0,309
292820,2016,7.0,0.0,1.0,5.0,4.0,32.0,8.0,20.0,13.0,37.0,140.0,298
292820,2017,7.0,3.0,2.0,19.0,15.0,42.0,9.0,9.0,14.0,25.0,149.0,320
292820,2018,9.0,7.0,5.0,29.0,18.0,28.0,5.0,7.0,16.0,22.0,149.0,300
292820,2019,9.0,1.0,4.0,25.0,7.0,39.0,12.0,8.0,17.0,15.0,147.0,301
292830,2012,29.0,0.0,2.0,1.0,0.0,1.0,0.0,1.0,2.0,3.0,43.0,128
292830,2013,0.0,0.0,0.0,0.0,0.0,0.0,0.0,0.0,0.0,0.0,45.0,113
292830,2014,1.0,0.0,0.0,0.0,0.0,2.0,2.0,0.0,5.0,4.0,23.0,77
292830,2015,3.0,0.0,2.0,0.0,0.0,6.0,0.0,2.0,4.0,3.0,26.0,93
292830,2016,1.0,0.0,0.0,0.0,0.0,2.0,4.0,1.0,2.0,6.0,17.0,67
292830,2017,2.0,0.0,1.0,0.0,2.0,5.0,1.0,1.0,4.0,4.0,20.0,70
292830,2018,1.0,0.0,0.0,0.0,0.0,2.0,3.0,2.0,1.0,3.0,12.0,52
292830,2019,1.0,0.0,0.0,0.0,0.0,4.0,0.0,2.0,1.0,10.0,18.0,45
292840,2012,9.0,0.0,4.0,4.0,3.0,29.0,11.0,3.0,26.0,11.0,103.0,375
292840,2013,0.0,0.0,0.0,0.0,0.0,0.0,0.0,0.0,0.0,0.0,119.0,409
292840,2014,17.0,1.0,4.0,3.0,0.0,38.0,18.0,7.0,22.0,16.0,128.0,433
292840,2015,14.0,0.0,8.0,5.0,3.0,23.0,22.0,7.0,19.0,18.0,123.0,446
292840,2016,15.0,0.0,7.0,5.0,4.0,56.0,15.0,10.0,30.0,18.0,161.0,462
292840,2017,15.0,2.0,2.0,8.0,5.0,37.0,10.0,9.0,25.0,15.0,129.0,398
292840,2018,14.0,1.0,0.0,4.0,2.0,38.0,17.0,10.0,16.0,17.0,121.0,342
292840,2019,11.0,0.0,2.0,5.0,4.0,52.0,16.0,10.0,22.0,26.0,150.0,406
292850,2012,9.0,0.0,2.0,3.0,3.0,33.0,3.0,4.0,17.0,10.0,89.0,156
292850,2013,0.0,0.0,0.0,0.0,0.0,0.0,0.0,0.0,0.0,0.0,69.0,139
292850,2014,4.0,0.0,3.0,0.0,1.0,24.0,8.0,3.0,3.0,10.0,60.0,124
292850,2015,1.0,0.0,2.0,2.0,7.0,13.0,3.0,5.0,1.0,12.0,46.0,129
292850,2016,1.0,0.0,0.0,4.0,1.0,17.0,1.0,0.0,2.0,13.0,40.0,111
292850,2017,3.0,0.0,4.0,1.0,0.0,18.0,3.0,2.0,5.0,9.0,46.0,108
292850,2018,3.0,3.0,2.0,10.0,6.0,14.0,5.0,6.0,7.0,14.0,71.0,142
292850,2019,1.0,0.0,0.0,6.0,2.0,15.0,1.0,4.0,3.0,16.0,48.0,109
292860,2012,74.0,0.0,6.0,7.0,8.0,44.0,21.0,22.0,50.0,45.0,296.0,715
292860,2013,0.0,0.0,0.0,0.0,0.0,0.0,0.0,0.0,0.0,0.0,250.0,685
292860,2014,14.0,4.0,10.0,7.0,4.0,43.0,19.0,29.0,39.0,44.0,238.0,659
292860,2015,18.0,0.0,10.0,7.0,6.0,42.0,22.0,26.0,44.0,67.0,263.0,671
292860,2016,16.0,1.0,8.0,11.0,3.0,41.0,18.0,10.0,33.0,53.0,206.0,618
292860,2017,16.0,1.0,6.0,6.0,5.0,59.0,16.0,19.0,33.0,34.0,207.0,672
292860,2018,10.0,0.0,9.0,10.0,9.0,68.0,19.0,21.0,32.0,47.0,232.0,609
292860,2019,17.0,1.0,8.0,6.0,5.0,52.0,29.0,17.0,27.0,45.0,209.0,606
292870,2012,130.0,5.0,32.0,13.0,9.0,242.0,1.0,8.0,102.0,278.0,919.0,1435
292870,2013,0.0,0.0,0.0,0.0,0.0,0.0,0.0,0.0,0.0,0.0,843.0,1331
292870,2014,63.0,5.0,24.0,14.0,19.0,256.0,35.0,112.0,101.0,248.0,890.0,1374
292870,2015,73.0,1.0,36.0,22.0,19.0,230.0,51.0,111.0,114.0,259.0,939.0,1526
292870,2016,64.0,1.0,17.0,5.0,4.0,289.0,57.0,83.0,121.0,212.0,862.0,1397
292870,2017,74.0,0.0,34.0,12.0,10.0,267.0,26.0,115.0,81.0,295.0,920.0,1413
292870,2018,99.0,0.0,22.0,10.0,4.0,311.0,28.0,109.0,103.0,295.0,986.0,1395
292870,2019,74.0,0.0,15.0,8.0,4.0,294.0,38.0,138.0,101.0,279.0,954.0,1366
292880,2012,159.0,2.0,5.0,5.0,10.0,31.0,1.0,0.0,28.0,17.0,302.0,749
292880,2013,0.0,0.0,0.0,0.0,0.0,0.0,0.0,0.0,0.0,0.0,313.0,764
292880,2014,10.0,1.0,16.0,4.0,5.0,41.0,10.0,19.0,37.0,53.0,276.0,740
292880,2015,15.0,0.0,6.0,5.0,5.0,73.0,9.0,16.0,53.0,74.0,301.0,761
292880,2016,24.0,0.0,4.0,4.0,11.0,79.0,20.0,29.0,52.0,70.0,306.0,738
292880,2017,15.0,0.0,14.0,5.0,5.0,80.0,20.0,25.0,45.0,87.0,301.0,759
292880,2018,12.0,4.0,12.0,10.0,5.0,101.0,16.0,30.0,55.0,55.0,306.0,735
292880,2019,17.0,0.0,16.0,12.0,6.0,100.0,17.0,31.0,44.0,54.0,300.0,640
292890,2012,27.0,1.0,4.0,5.0,7.0,59.0,20.0,23.0,43.0,45.0,241.0,490
292890,2013,0.0,0.0,0.0,0.0,0.0,0.0,0.0,0.0,0.0,0.0,240.0,521
292890,2014,18.0,15.0,5.0,12.0,6.0,70.0,22.0,29.0,50.0,31.0,264.0,566
292890,2015,14.0,2.0,4.0,4.0,4.0,35.0,10.0,10.0,30.0,19.0,211.0,486
292890,2016,16.0,0.0,2.0,1.0,4.0,49.0,14.0,7.0,38.0,16.0,204.0,501
292890,2017,12.0,0.0,9.0,3.0,3.0,20.0,6.0,5.0,19.0,12.0,271.0,509
292890,2018,19.0,3.0,14.0,4.0,4.0,89.0,24.0,22.0,38.0,34.0,316.0,576
292890,2019,22.0,0.0,8.0,8.0,5.0,117.0,31.0,23.0,55.0,48.0,341.0,596
292895,2012,14.0,1.0,1.0,0.0,1.0,14.0,4.0,2.0,9.0,7.0,57.0,101
292895,2013,0.0,0.0,0.0,0.0,0.0,0.0,0.0,0.0,0.0,0.0,51.0,85
292895,2014,4.0,0.0,0.0,1.0,1.0,16.0,6.0,6.0,3.0,19.0,60.0,79
292895,2015,3.0,0.0,2.0,3.0,0.0,16.0,9.0,6.0,6.0,11.0,59.0,101
292895,2016,5.0,0.0,2.0,1.0,1.0,17.0,5.0,5.0,7.0,15.0,63.0,93
292895,2017,4.0,0.0,4.0,1.0,0.0,6.0,8.0,7.0,7.0,10.0,49.0,86
292895,2018,1.0,0.0,2.0,1.0,3.0,16.0,2.0,5.0,4.0,7.0,41.0,76
292895,2019,1.0,0.0,2.0,0.0,1.0,14.0,4.0,2.0,7.0,6.0,38.0,73
292900,2012,8.0,0.0,2.0,1.0,1.0,13.0,0.0,0.0,1.0,5.0,80.0,180
292900,2013,0.0,0.0,0.0,0.0,0.0,0.0,0.0,0.0,0.0,0.0,71.0,177
292900,2014,6.0,0.0,1.0,4.0,1.0,16.0,3.0,13.0,0.0,32.0,79.0,165
292900,2015,6.0,0.0,2.0,1.0,0.0,11.0,0.0,13.0,2.0,20.0,58.0,170
292900,2016,9.0,0.0,9.0,2.0,2.0,24.0,1.0,10.0,0.0,25.0,85.0,179
292900,2017,10.0,0.0,0.0,1.0,0.0,16.0,2.0,15.0,6.0,28.0,79.0,165
292900,2018,9.0,0.0,3.0,1.0,0.0,17.0,2.0,18.0,3.0,26.0,80.0,185
292900,2019,12.0,0.0,0.0,1.0,1.0,20.0,0.0,15.0,2.0,19.0,72.0,146
292905,2012,6.0,0.0,2.0,8.0,7.0,29.0,9.0,12.0,20.0,18.0,117.0,274
292905,2013,0.0,0.0,0.0,0.0,0.0,0.0,0.0,0.0,0.0,0.0,101.0,247
292905,2014,5.0,0.0,4.0,2.0,1.0,27.0,12.0,5.0,14.0,11.0,89.0,241
292905,2015,3.0,0.0,1.0,1.0,2.0,13.0,6.0,5.0,11.0,13.0,65.0,214
292905,2016,6.0,1.0,8.0,7.0,5.0,17.0,17.0,11.0,11.0,13.0,101.0,235
292905,2017,7.0,0.0,6.0,0.0,6.0,31.0,11.0,10.0,17.0,24.0,114.0,237
292905,2018,14.0,1.0,2.0,5.0,4.0,46.0,17.0,11.0,26.0,25.0,161.0,263
292905,2019,12.0,0.0,1.0,4.0,4.0,45.0,18.0,14.0,39.0,26.0,178.0,302
292910,2012,13.0,0.0,0.0,0.0,2.0,30.0,8.0,5.0,10.0,30.0,109.0,218
292910,2013,0.0,0.0,0.0,0.0,0.0,0.0,0.0,0.0,0.0,0.0,119.0,227
292910,2014,8.0,0.0,3.0,3.0,2.0,37.0,10.0,12.0,13.0,35.0,128.0,213
292910,2015,5.0,0.0,2.0,3.0,1.0,35.0,5.0,17.0,10.0,25.0,104.0,211
292910,2016,7.0,0.0,4.0,2.0,3.0,23.0,6.0,15.0,14.0,31.0,107.0,204
292910,2017,8.0,0.0,4.0,0.0,2.0,36.0,3.0,10.0,15.0,32.0,110.0,213
292910,2018,9.0,0.0,5.0,1.0,1.0,46.0,5.0,10.0,6.0,42.0,127.0,224
292910,2019,11.0,0.0,4.0,5.0,1.0,36.0,11.0,18.0,10.0,38.0,134.0,209
292920,2012,47.0,0.0,9.0,5.0,12.0,53.0,20.0,7.0,71.0,51.0,294.0,669
292920,2013,0.0,0.0,0.0,0.0,0.0,0.0,0.0,0.0,0.0,0.0,255.0,605
292920,2014,19.0,1.0,14.0,7.0,2.0,47.0,17.0,15.0,24.0,33.0,257.0,639
292920,2015,18.0,1.0,6.0,9.0,9.0,65.0,16.0,20.0,29.0,75.0,287.0,657
292920,2016,13.0,0.0,10.0,5.0,10.0,67.0,9.0,17.0,39.0,86.0,266.0,659
292920,2017,16.0,0.0,12.0,6.0,11.0,74.0,15.0,17.0,38.0,83.0,281.0,633
292920,2018,16.0,1.0,12.0,9.0,10.0,74.0,23.0,31.0,44.0,74.0,307.0,638
292920,2019,23.0,0.0,7.0,8.0,4.0,67.0,24.0,38.0,35.0,44.0,258.0,563
292925,2012,9.0,0.0,2.0,3.0,6.0,21.0,3.0,4.0,14.0,20.0,87.0,332
292925,2013,0.0,0.0,0.0,0.0,0.0,0.0,0.0,0.0,0.0,0.0,70.0,280
292925,2014,10.0,1.0,2.0,4.0,3.0,25.0,5.0,12.0,9.0,19.0,91.0,268
292925,2015,6.0,0.0,2.0,3.0,2.0,15.0,3.0,8.0,9.0,10.0,60.0,257
292925,2016,8.0,0.0,0.0,4.0,2.0,16.0,4.0,8.0,11.0,11.0,64.0,257
292925,2017,6.0,0.0,2.0,3.0,3.0,18.0,6.0,5.0,10.0,19.0,72.0,253
292925,2018,10.0,1.0,7.0,3.0,0.0,19.0,7.0,8.0,21.0,8.0,84.0,276
292925,2019,6.0,0.0,0.0,1.0,6.0,26.0,13.0,9.0,20.0,13.0,94.0,240
292930,2012,100.0,1.0,9.0,4.0,3.0,6.0,0.0,0.0,14.0,8.0,168.0,439
292930,2013,0.0,0.0,0.0,0.0,0.0,0.0,0.0,0.0,0.0,0.0,170.0,404
292930,2014,9.0,0.0,10.0,2.0,6.0,25.0,5.0,9.0,25.0,42.0,197.0,433
292930,2015,6.0,0.0,2.0,2.0,5.0,25.0,10.0,14.0,22.0,44.0,157.0,420
292930,2016,10.0,1.0,5.0,3.0,2.0,41.0,8.0,12.0,25.0,44.0,156.0,369
292930,2017,7.0,0.0,8.0,3.0,5.0,50.0,10.0,10.0,31.0,38.0,163.0,345
292930,2018,18.0,0.0,12.0,2.0,5.0,46.0,11.0,12.0,42.0,47.0,198.0,362
292930,2019,14.0,0.0,4.0,1.0,6.0,56.0,13.0,14.0,36.0,49.0,193.0,362
292935,2012,0.0,0.0,0.0,0.0,0.0,8.0,8.0,1.0,9.0,4.0,30.0,75
292935,2013,0.0,0.0,0.0,0.0,0.0,0.0,0.0,0.0,0.0,0.0,29.0,79
292935,2014,2.0,0.0,1.0,0.0,0.0,10.0,11.0,3.0,10.0,0.0,37.0,91
292935,2015,3.0,0.0,0.0,1.0,0.0,10.0,15.0,2.0,7.0,5.0,43.0,107
292935,2016,3.0,0.0,0.0,2.0,0.0,5.0,5.0,2.0,6.0,3.0,26.0,98
292935,2017,1.0,0.0,2.0,1.0,1.0,13.0,5.0,1.0,2.0,6.0,32.0,99
292935,2018,1.0,0.0,0.0,0.0,0.0,12.0,4.0,2.0,7.0,2.0,28.0,92
292935,2019,1.0,0.0,2.0,0.0,0.0,10.0,6.0,2.0,4.0,5.0,30.0,107
292937,2012,8.0,0.0,4.0,1.0,1.0,9.0,0.0,0.0,10.0,6.0,50.0,111
292937,2013,0.0,0.0,0.0,0.0,0.0,0.0,0.0,0.0,0.0,0.0,38.0,102
292937,2014,3.0,3.0,0.0,2.0,2.0,4.0,9.0,1.0,12.0,4.0,47.0,117
292937,2015,4.0,5.0,0.0,1.0,1.0,7.0,11.0,3.0,6.0,4.0,45.0,111
292937,2016,2.0,0.0,1.0,4.0,0.0,6.0,9.0,8.0,8.0,5.0,45.0,111
292937,2017,3.0,0.0,0.0,3.0,2.0,13.0,11.0,8.0,9.0,7.0,59.0,127
292937,2018,5.0,0.0,0.0,1.0,1.0,17.0,12.0,6.0,8.0,9.0,64.0,140
292937,2019,3.0,0.0,0.0,1.0,2.0,12.0,10.0,4.0,9.0,7.0,52.0,121
292940,2012,6.0,0.0,0.0,0.0,4.0,12.0,0.0,0.0,5.0,21.0,57.0,122
292940,2013,0.0,0.0,0.0,0.0,0.0,0.0,0.0,0.0,0.0,0.0,57.0,129
292940,2014,2.0,0.0,0.0,3.0,1.0,9.0,3.0,4.0,6.0,15.0,44.0,102
292940,2015,4.0,0.0,2.0,2.0,0.0,15.0,1.0,7.0,9.0,16.0,60.0,125
292940,2016,1.0,0.0,4.0,1.0,1.0,13.0,4.0,6.0,10.0,27.0,67.0,130
292940,2017,2.0,0.0,4.0,0.0,0.0,13.0,2.0,6.0,5.0,12.0,44.0,106
292940,2018,4.0,0.0,3.0,1.0,0.0,16.0,3.0,12.0,3.0,19.0,61.0,114
292940,2019,6.0,0.0,1.0,1.0,0.0,14.0,3.0,6.0,5.0,15.0,53.0,109
292950,2012,40.0,2.0,1.0,5.0,8.0,48.0,13.0,10.0,39.0,37.0,227.0,598
292950,2013,0.0,0.0,0.0,0.0,0.0,0.0,0.0,0.0,0.0,0.0,196.0,476
292950,2014,16.0,0.0,4.0,7.0,6.0,62.0,22.0,18.0,43.0,36.0,233.0,526
292950,2015,16.0,0.0,12.0,6.0,1.0,58.0,38.0,10.0,38.0,28.0,246.0,570
292950,2016,12.0,2.0,7.0,5.0,4.0,54.0,34.0,13.0,32.0,24.0,208.0,510
292950,2017,12.0,1.0,3.0,5.0,7.0,53.0,22.0,15.0,50.0,34.0,212.0,567
292950,2018,20.0,1.0,12.0,5.0,3.0,58.0,25.0,12.0,49.0,36.0,233.0,546
292950,2019,16.0,0.0,4.0,10.0,4.0,52.0,19.0,18.0,35.0,22.0,189.0,483
292960,2012,28.0,1.0,9.0,0.0,1.0,34.0,12.0,19.0,34.0,47.0,192.0,241
292960,2013,0.0,0.0,0.0,0.0,0.0,0.0,0.0,0.0,0.0,0.0,169.0,224
292960,2014,8.0,1.0,4.0,2.0,0.0,54.0,20.0,19.0,39.0,29.0,178.0,250
292960,2015,17.0,2.0,8.0,2.0,4.0,29.0,8.0,25.0,11.0,49.0,161.0,218
292960,2016,19.0,1.0,8.0,1.0,2.0,49.0,14.0,18.0,18.0,44.0,188.0,253
292960,2017,15.0,1.0,2.0,6.0,2.0,64.0,16.0,9.0,28.0,29.0,175.0,249
292960,2018,14.0,4.0,2.0,3.0,2.0,55.0,15.0,10.0,27.0,25.0,160.0,234
292960,2019,14.0,1.0,5.0,4.0,3.0,39.0,31.0,13.0,29.0,26.0,168.0,235
292970,2012,19.0,0.0,2.0,1.0,4.0,11.0,1.0,0.0,15.0,8.0,66.0,249
292970,2013,0.0,0.0,0.0,0.0,0.0,0.0,0.0,0.0,0.0,0.0,36.0,189
292970,2014,1.0,0.0,0.0,1.0,0.0,3.0,1.0,7.0,2.0,10.0,28.0,191
292970,2015,2.0,0.0,0.0,6.0,3.0,5.0,0.0,3.0,5.0,11.0,39.0,197
292970,2016,7.0,0.0,2.0,0.0,2.0,5.0,3.0,8.0,4.0,9.0,48.0,205
292970,2017,4.0,0.0,0.0,4.0,2.0,13.0,3.0,1.0,9.0,3.0,40.0,217
292970,2018,2.0,0.0,3.0,3.0,1.0,13.0,7.0,6.0,2.0,6.0,46.0,219
292970,2019,4.0,2.0,1.0,2.0,3.0,14.0,4.0,6.0,11.0,7.0,56.0,204
292975,2012,11.0,0.0,0.0,3.0,1.0,3.0,6.0,4.0,6.0,5.0,44.0,128
292975,2013,0.0,0.0,0.0,0.0,0.0,0.0,0.0,0.0,0.0,0.0,41.0,127
292975,2014,1.0,1.0,2.0,1.0,1.0,10.0,4.0,3.0,6.0,4.0,38.0,108
292975,2015,2.0,0.0,2.0,2.0,0.0,6.0,0.0,2.0,4.0,4.0,24.0,94
292975,2016,1.0,0.0,2.0,0.0,0.0,6.0,1.0,3.0,3.0,7.0,25.0,102
292975,2017,4.0,0.0,0.0,1.0,1.0,10.0,4.0,3.0,5.0,1.0,30.0,107
292975,2018,1.0,0.0,0.0,2.0,1.0,7.0,2.0,2.0,10.0,8.0,36.0,107
292975,2019,2.0,0.0,0.0,2.0,1.0,7.0,2.0,4.0,6.0,8.0,32.0,111
292980,2012,3.0,3.0,0.0,1.0,0.0,9.0,1.0,1.0,5.0,9.0,39.0,128
292980,2013,0.0,0.0,0.0,0.0,0.0,0.0,0.0,0.0,0.0,0.0,41.0,134
292980,2014,4.0,0.0,3.0,0.0,0.0,3.0,2.0,1.0,2.0,6.0,26.0,101
292980,2015,3.0,1.0,3.0,2.0,0.0,10.0,3.0,6.0,8.0,6.0,45.0,137
292980,2016,5.0,2.0,0.0,2.0,0.0,9.0,6.0,2.0,5.0,4.0,40.0,108
292980,2017,8.0,1.0,0.0,0.0,0.0,13.0,15.0,3.0,10.0,3.0,55.0,130
292980,2018,6.0,2.0,0.0,3.0,2.0,15.0,12.0,6.0,12.0,10.0,76.0,137
292980,2019,1.0,0.0,0.0,2.0,2.0,9.0,14.0,5.0,5.0,5.0,51.0,103
292990,2012,34.0,6.0,4.0,7.0,2.0,52.0,4.0,37.0,11.0,54.0,219.0,691
292990,2013,0.0,0.0,0.0,0.0,0.0,0.0,0.0,0.0,0.0,0.0,260.0,652
292990,2014,17.0,1.0,5.0,6.0,2.0,48.0,6.0,53.0,15.0,84.0,268.0,601
292990,2015,19.0,6.0,6.0,3.0,4.0,50.0,3.0,69.0,15.0,111.0,326.0,564
292990,2016,36.0,14.0,5.0,10.0,3.0,61.0,12.0,44.0,21.0,90.0,341.0,551
292990,2017,18.0,1.0,11.0,12.0,10.0,69.0,6.0,60.0,22.0,123.0,353.0,592
292990,2018,8.0,9.0,8.0,9.0,11.0,87.0,14.0,56.0,21.0,118.0,349.0,543
292990,2019,15.0,1.0,3.0,12.0,14.0,112.0,6.0,67.0,15.0,133.0,391.0,628
293000,2012,3.0,0.0,0.0,1.0,1.0,15.0,0.0,1.0,6.0,7.0,37.0,115
293000,2013,0.0,0.0,0.0,0.0,0.0,0.0,0.0,0.0,0.0,0.0,39.0,115
293000,2014,4.0,0.0,1.0,2.0,1.0,11.0,1.0,6.0,9.0,12.0,48.0,102
293000,2015,2.0,0.0,2.0,2.0,0.0,11.0,2.0,3.0,5.0,5.0,34.0,106
293000,2016,4.0,0.0,2.0,1.0,0.0,8.0,3.0,7.0,3.0,10.0,42.0,103
293000,2017,2.0,0.0,0.0,0.0,2.0,9.0,1.0,9.0,5.0,9.0,39.0,83
293000,2018,7.0,0.0,2.0,0.0,1.0,12.0,2.0,14.0,2.0,10.0,53.0,97
293000,2019,4.0,0.0,4.0,0.0,1.0,18.0,3.0,7.0,1.0,13.0,52.0,101
293010,2012,74.0,1.0,11.0,8.0,17.0,102.0,4.0,1.0,77.0,53.0,439.0,1036
293010,2013,0.0,0.0,0.0,0.0,0.0,0.0,0.0,0.0,0.0,0.0,466.0,1101
293010,2014,33.0,0.0,16.0,14.0,15.0,125.0,22.0,52.0,53.0,79.0,466.0,1146
293010,2015,42.0,0.0,14.0,16.0,7.0,95.0,27.0,52.0,38.0,67.0,398.0,1107
293010,2016,30.0,1.0,23.0,13.0,8.0,98.0,14.0,62.0,19.0,106.0,411.0,1072
293010,2017,33.0,1.0,22.0,15.0,11.0,113.0,21.0,71.0,37.0,109.0,439.0,1160
293010,2018,35.0,1.0,23.0,20.0,8.0,120.0,26.0,74.0,34.0,117.0,461.0,1120
293010,2019,50.0,0.0,9.0,18.0,11.0,147.0,17.0,118.0,13.0,122.0,505.0,1066
293015,2012,17.0,5.0,0.0,7.0,3.0,32.0,18.0,5.0,19.0,27.0,136.0,539
293015,2013,0.0,0.0,0.0,0.0,0.0,0.0,0.0,0.0,0.0,0.0,174.0,504
293015,2014,18.0,5.0,2.0,16.0,3.0,31.0,34.0,7.0,28.0,26.0,173.0,522
293015,2015,14.0,7.0,7.0,5.0,2.0,37.0,16.0,17.0,23.0,37.0,167.0,571
293015,2016,21.0,0.0,6.0,2.0,5.0,46.0,21.0,22.0,15.0,36.0,180.0,478
293015,2017,17.0,1.0,6.0,3.0,3.0,52.0,24.0,15.0,21.0,26.0,176.0,510
293015,2018,7.0,1.0,7.0,1.0,5.0,51.0,20.0,14.0,25.0,34.0,175.0,538
293015,2019,19.0,0.0,2.0,9.0,5.0,60.0,20.0,20.0,25.0,27.0,193.0,561
293020,2012,24.0,1.0,4.0,11.0,4.0,40.0,8.0,39.0,24.0,33.0,198.0,585
293020,2013,0.0,0.0,0.0,0.0,0.0,0.0,0.0,0.0,0.0,0.0,176.0,538
293020,2014,17.0,0.0,4.0,2.0,3.0,42.0,30.0,12.0,37.0,17.0,173.0,484
293020,2015,19.0,0.0,6.0,2.0,1.0,45.0,43.0,24.0,29.0,23.0,193.0,482
293020,2016,15.0,0.0,8.0,4.0,2.0,61.0,43.0,25.0,24.0,23.0,212.0,524
293020,2017,7.0,0.0,15.0,3.0,5.0,63.0,21.0,12.0,31.0,14.0,172.0,521
293020,2018,16.0,0.0,3.0,2.0,4.0,59.0,21.0,9.0,30.0,19.0,163.0,552
293020,2019,10.0,1.0,10.0,9.0,1.0,72.0,23.0,13.0,9.0,23.0,172.0,479
293030,2012,11.0,2.0,0.0,2.0,4.0,21.0,7.0,14.0,13.0,19.0,94.0,257
293030,2013,0.0,0.0,0.0,0.0,0.0,0.0,0.0,0.0,0.0,0.0,97.0,255
293030,2014,5.0,14.0,2.0,6.0,8.0,16.0,3.0,31.0,6.0,27.0,119.0,232
293030,2015,4.0,3.0,0.0,8.0,1.0,35.0,20.0,9.0,32.0,4.0,116.0,244
293030,2016,2.0,1.0,2.0,11.0,8.0,27.0,18.0,8.0,15.0,19.0,111.0,216
293030,2017,9.0,2.0,4.0,3.0,6.0,28.0,17.0,6.0,21.0,9.0,108.0,233
293030,2018,5.0,1.0,4.0,9.0,9.0,41.0,12.0,8.0,17.0,22.0,135.0,262
293030,2019,9.0,0.0,3.0,2.0,0.0,16.0,3.0,11.0,4.0,16.0,138.0,244
293040,2012,71.0,0.0,3.0,0.0,3.0,7.0,0.0,0.0,7.0,5.0,116.0,212
293040,2013,0.0,0.0,0.0,0.0,0.0,0.0,0.0,0.0,0.0,0.0,70.0,173
293040,2014,5.0,0.0,5.0,1.0,3.0,9.0,2.0,3.0,11.0,11.0,57.0,144
293040,2015,0.0,0.0,2.0,2.0,0.0,13.0,0.0,3.0,7.0,8.0,45.0,156
293040,2016,7.0,0.0,0.0,2.0,2.0,14.0,3.0,5.0,2.0,6.0,41.0,106
293040,2017,4.0,0.0,2.0,0.0,1.0,16.0,2.0,5.0,4.0,12.0,46.0,124
293040,2018,3.0,0.0,0.0,0.0,0.0,7.0,0.0,3.0,4.0,7.0,26.0,98
293040,2019,4.0,0.0,0.0,1.0,0.0,15.0,1.0,3.0,3.0,7.0,37.0,79
293050,2012,143.0,13.0,11.0,89.0,58.0,60.0,0.0,1.0,62.0,60.0,616.0,1256
293050,2013,0.0,0.0,0.0,0.0,0.0,0.0,0.0,0.0,0.0,0.0,637.0,1162
293050,2014,51.0,8.0,15.0,35.0,58.0,70.0,33.0,46.0,101.0,150.0,649.0,1138
293050,2015,69.0,10.0,21.0,44.0,21.0,98.0,33.0,81.0,71.0,132.0,659.0,1166
293050,2016,47.0,14.0,24.0,25.0,11.0,130.0,64.0,63.0,95.0,120.0,663.0,1119
293050,2017,47.0,5.0,22.0,31.0,21.0,180.0,61.0,94.0,83.0,136.0,713.0,1216
293050,2018,84.0,6.0,21.0,65.0,31.0,191.0,52.0,123.0,113.0,158.0,899.0,1298
293050,2019,99.0,0.0,14.0,43.0,14.0,227.0,94.0,73.0,164.0,121.0,875.0,1188
293060,2012,8.0,5.0,0.0,1.0,0.0,10.0,2.0,3.0,10.0,5.0,52.0,169
293060,2013,0.0,0.0,0.0,0.0,0.0,0.0,0.0,0.0,0.0,0.0,41.0,143
293060,2014,3.0,1.0,5.0,2.0,2.0,10.0,5.0,5.0,4.0,6.0,52.0,169
293060,2015,1.0,1.0,0.0,3.0,0.0,6.0,1.0,4.0,3.0,5.0,30.0,146
293060,2016,2.0,0.0,4.0,0.0,1.0,12.0,1.0,3.0,4.0,7.0,35.0,131
293060,2017,6.0,0.0,2.0,2.0,0.0,7.0,8.0,7.0,7.0,13.0,57.0,187
293060,2018,7.0,0.0,1.0,1.0,2.0,14.0,8.0,8.0,8.0,12.0,64.0,179
293060,2019,3.0,0.0,0.0,1.0,0.0,13.0,11.0,2.0,11.0,4.0,51.0,159
293070,2012,120.0,5.0,28.0,21.0,19.0,184.0,30.0,25.0,144.0,92.0,747.0,1857
293070,2013,0.0,0.0,0.0,0.0,0.0,0.0,0.0,0.0,0.0,0.0,763.0,1978
293070,2014,62.0,1.0,17.0,33.0,26.0,235.0,87.0,46.0,142.0,92.0,766.0,1848
293070,2015,61.0,0.0,29.0,28.0,19.0,204.0,70.0,56.0,139.0,97.0,728.0,1840
293070,2016,43.0,0.0,33.0,33.0,18.0,222.0,71.0,54.0,129.0,120.0,745.0,1997
293070,2017,53.0,3.0,31.0,30.0,26.0,220.0,72.0,55.0,129.0,118.0,749.0,1911
293070,2018,54.0,1.0,39.0,14.0,21.0,238.0,68.0,39.0,164.0,73.0,724.0,1904
293070,2019,52.0,3.0,34.0,35.0,21.0,238.0,73.0,58.0,139.0,74.0,736.0,1895
293075,2012,4.0,1.0,6.0,1.0,1.0,15.0,2.0,2.0,2.0,1.0,41.0,164
293075,2013,0.0,0.0,0.0,0.0,0.0,0.0,0.0,0.0,0.0,0.0,42.0,187
293075,2014,2.0,4.0,4.0,4.0,1.0,7.0,2.0,8.0,3.0,13.0,50.0,203
293075,2015,0.0,0.0,0.0,2.0,2.0,13.0,3.0,3.0,6.0,5.0,35.0,167
293075,2016,2.0,0.0,2.0,1.0,0.0,13.0,9.0,7.0,6.0,6.0,46.0,173
293075,2017,3.0,0.0,1.0,1.0,0.0,11.0,0.0,2.0,10.0,7.0,39.0,234
293075,2018,4.0,0.0,0.0,1.0,1.0,14.0,2.0,9.0,6.0,7.0,45.0,217
293075,2019,3.0,0.0,6.0,1.0,0.0,11.0,1.0,9.0,7.0,12.0,51.0,198
293076,2012,8.0,2.0,2.0,3.0,5.0,8.0,1.0,3.0,5.0,6.0,45.0,145
293076,2013,0.0,0.0,0.0,0.0,0.0,0.0,0.0,0.0,0.0,0.0,55.0,130
293076,2014,3.0,0.0,0.0,2.0,0.0,2.0,6.0,8.0,5.0,13.0,45.0,148
293076,2015,2.0,1.0,0.0,2.0,1.0,5.0,3.0,5.0,2.0,10.0,36.0,113
293076,2016,4.0,0.0,2.0,0.0,0.0,8.0,5.0,1.0,3.0,5.0,31.0,113
293076,2017,7.0,0.0,0.0,2.0,2.0,9.0,2.0,6.0,5.0,5.0,46.0,147
293076,2018,4.0,0.0,5.0,1.0,5.0,14.0,2.0,3.0,7.0,9.0,56.0,148
293076,2019,4.0,0.0,0.0,2.0,0.0,13.0,6.0,4.0,4.0,9.0,44.0,119
293077,2012,18.0,0.0,6.0,4.0,3.0,27.0,10.0,12.0,23.0,29.0,133.0,388
293077,2013,0.0,0.0,0.0,0.0,0.0,0.0,0.0,0.0,0.0,0.0,150.0,389
293077,2014,12.0,1.0,4.0,4.0,2.0,46.0,18.0,8.0,24.0,24.0,143.0,391
293077,2015,18.0,0.0,9.0,8.0,4.0,34.0,13.0,14.0,22.0,20.0,142.0,390
293077,2016,10.0,0.0,2.0,6.0,2.0,37.0,11.0,11.0,19.0,16.0,114.0,365
293077,2017,17.0,0.0,7.0,7.0,1.0,57.0,17.0,9.0,23.0,15.0,154.0,433
293077,2018,8.0,0.0,8.0,4.0,2.0,38.0,27.0,3.0,18.0,13.0,122.0,386
293077,2019,13.0,0.0,6.0,10.0,4.0,58.0,29.0,15.0,29.0,19.0,186.0,432
293080,2012,4.0,1.0,0.0,4.0,4.0,19.0,0.0,8.0,7.0,17.0,65.0,260
293080,2013,0.0,0.0,0.0,0.0,0.0,0.0,0.0,0.0,0.0,0.0,84.0,223
293080,2014,4.0,0.0,2.0,1.0,1.0,15.0,2.0,16.0,6.0,28.0,78.0,235
293080,2015,4.0,2.0,2.0,3.0,1.0,27.0,1.0,16.0,4.0,25.0,86.0,266
293080,2016,3.0,0.0,0.0,4.0,4.0,24.0,7.0,12.0,6.0,13.0,79.0,216
293080,2017,10.0,1.0,0.0,4.0,2.0,13.0,5.0,10.0,8.0,14.0,67.0,187
293080,2018,3.0,0.0,5.0,5.0,1.0,29.0,4.0,16.0,5.0,23.0,91.0,251
293080,2019,8.0,0.0,5.0,4.0,5.0,31.0,9.0,13.0,8.0,28.0,112.0,240
293090,2012,2.0,0.0,0.0,1.0,0.0,4.0,2.0,6.0,4.0,10.0,29.0,131
293090,2013,0.0,0.0,0.0,0.0,0.0,0.0,0.0,0.0,0.0,0.0,50.0,138
293090,2014,1.0,4.0,2.0,2.0,5.0,10.0,3.0,11.0,3.0,13.0,54.0,151
293090,2015,3.0,1.0,0.0,1.0,0.0,6.0,3.0,8.0,5.0,7.0,35.0,96
293090,2016,2.0,0.0,5.0,0.0,2.0,31.0,4.0,14.0,2.0,8.0,69.0,141
293090,2017,1.0,1.0,2.0,1.0,0.0,24.0,1.0,11.0,5.0,14.0,62.0,152
293090,2018,0.0,3.0,0.0,3.0,1.0,12.0,4.0,10.0,5.0,14.0,52.0,145
293090,2019,5.0,0.0,4.0,3.0,6.0,25.0,5.0,15.0,4.0,20.0,91.0,184
293100,2012,19.0,0.0,8.0,1.0,1.0,24.0,10.0,7.0,29.0,20.0,143.0,237
293100,2013,0.0,0.0,0.0,0.0,0.0,0.0,0.0,0.0,0.0,0.0,167.0,255
293100,2014,23.0,0.0,3.0,5.0,2.0,37.0,27.0,8.0,49.0,11.0,171.0,264
293100,2015,7.0,0.0,2.0,8.0,3.0,32.0,21.0,15.0,34.0,21.0,149.0,253
293100,2016,11.0,0.0,0.0,3.0,4.0,38.0,20.0,8.0,43.0,16.0,145.0,232
293100,2017,12.0,1.0,6.0,1.0,2.0,36.0,21.0,10.0,32.0,16.0,137.0,231
293100,2018,8.0,0.0,15.0,1.0,3.0,44.0,15.0,12.0,32.0,19.0,156.0,236
293100,2019,17.0,2.0,3.0,4.0,2.0,49.0,22.0,9.0,24.0,15.0,154.0,255
293105,2012,12.0,0.0,0.0,1.0,2.0,16.0,2.0,4.0,14.0,7.0,83.0,217
293105,2013,0.0,0.0,0.0,0.0,0.0,0.0,0.0,0.0,0.0,0.0,93.0,206
293105,2014,6.0,0.0,5.0,0.0,1.0,15.0,14.0,15.0,19.0,21.0,107.0,206
293105,2015,5.0,0.0,4.0,0.0,1.0,22.0,5.0,5.0,8.0,11.0,64.0,175
293105,2016,5.0,1.0,6.0,2.0,0.0,23.0,4.0,4.0,12.0,20.0,81.0,196
293105,2017,2.0,1.0,4.0,1.0,1.0,23.0,9.0,4.0,17.0,12.0,77.0,224
293105,2018,10.0,0.0,6.0,2.0,4.0,29.0,9.0,6.0,24.0,6.0,98.0,234
293105,2019,4.0,1.0,2.0,3.0,1.0,30.0,18.0,6.0,24.0,16.0,113.0,233
293110,2012,34.0,0.0,3.0,1.0,0.0,1.0,0.0,0.0,3.0,4.0,50.0,107
293110,2013,0.0,0.0,0.0,0.0,0.0,0.0,0.0,0.0,0.0,0.0,34.0,87
293110,2014,1.0,0.0,3.0,0.0,2.0,2.0,1.0,2.0,6.0,6.0,29.0,71
293110,2015,0.0,0.0,2.0,1.0,0.0,3.0,1.0,3.0,1.0,6.0,22.0,67
293110,2016,1.0,0.0,0.0,0.0,0.0,6.0,4.0,0.0,4.0,5.0,22.0,61
293110,2017,2.0,0.0,2.0,1.0,1.0,8.0,0.0,5.0,2.0,4.0,28.0,64
293110,2018,1.0,0.0,2.0,2.0,2.0,12.0,3.0,5.0,5.0,10.0,42.0,85
293110,2019,2.0,0.0,0.0,2.0,1.0,10.0,4.0,1.0,5.0,3.0,28.0,91
293120,2012,9.0,0.0,2.0,6.0,6.0,19.0,4.0,3.0,6.0,2.0,99.0,293
293120,2013,0.0,0.0,0.0,0.0,0.0,0.0,0.0,0.0,0.0,0.0,75.0,224
293120,2014,6.0,5.0,2.0,7.0,3.0,21.0,11.0,12.0,14.0,16.0,99.0,257
293120,2015,7.0,9.0,9.0,12.0,3.0,11.0,0.0,5.0,7.0,11.0,76.0,274
293120,2016,8.0,16.0,6.0,7.0,1.0,15.0,9.0,7.0,10.0,18.0,102.0,241
293120,2017,3.0,0.0,4.0,6.0,3.0,18.0,12.0,16.0,7.0,19.0,95.0,247
293120,2018,1.0,0.0,4.0,10.0,1.0,21.0,7.0,16.0,7.0,15.0,109.0,236
293120,2019,6.0,1.0,2.0,5.0,3.0,32.0,12.0,15.0,13.0,18.0,127.0,269
293130,2012,15.0,3.0,4.0,2.0,4.0,8.0,0.0,1.0,12.0,3.0,71.0,235
293130,2013,0.0,0.0,0.0,0.0,0.0,0.0,0.0,0.0,0.0,0.0,37.0,198
293130,2014,3.0,0.0,0.0,1.0,2.0,6.0,8.0,2.0,5.0,6.0,41.0,224
293130,2015,3.0,0.0,0.0,2.0,1.0,9.0,1.0,6.0,3.0,5.0,32.0,205
293130,2016,6.0,1.0,2.0,1.0,4.0,12.0,5.0,7.0,6.0,10.0,57.0,237
293130,2017,5.0,0.0,8.0,1.0,1.0,13.0,4.0,4.0,3.0,8.0,48.0,195
293130,2018,5.0,0.0,0.0,1.0,2.0,20.0,7.0,7.0,6.0,8.0,58.0,227
293130,2019,9.0,0.0,4.0,2.0,1.0,21.0,18.0,3.0,8.0,9.0,79.0,236
293135,2012,164.0,8.0,48.0,38.0,31.0,353.0,96.0,50.0,320.0,180.0,1323.0,2717
293135,2013,0.0,0.0,0.0,0.0,0.0,0.0,0.0,0.0,0.0,0.0,1238.0,2590
293135,2014,136.0,3.0,37.0,36.0,29.0,398.0,172.0,57.0,352.0,98.0,1326.0,2650
293135,2015,129.0,3.0,65.0,34.0,26.0,409.0,145.0,30.0,325.0,62.0,1261.0,2688
293135,2016,110.0,0.0,31.0,36.0,23.0,387.0,126.0,56.0,257.0,110.0,1161.0,2446
293135,2017,116.0,1.0,44.0,33.0,28.0,439.0,98.0,68.0,260.0,161.0,1306.0,2630
293135,2018,91.0,2.0,45.0,39.0,29.0,471.0,127.0,48.0,278.0,97.0,1284.0,2669
293135,2019,83.0,1.0,57.0,40.0,30.0,449.0,129.0,23.0,317.0,67.0,1222.0,2635
293140,2012,15.0,0.0,0.0,1.0,0.0,1.0,1.0,0.0,3.0,1.0,26.0,74
293140,2013,0.0,0.0,0.0,0.0,0.0,0.0,0.0,0.0,0.0,0.0,23.0,70
293140,2014,0.0,0.0,0.0,0.0,1.0,4.0,2.0,0.0,5.0,7.0,26.0,58
293140,2015,0.0,0.0,2.0,0.0,1.0,2.0,4.0,0.0,4.0,3.0,18.0,62
293140,2016,0.0,0.0,0.0,2.0,0.0,3.0,0.0,0.0,3.0,7.0,15.0,55
293140,2017,0.0,0.0,2.0,1.0,0.0,4.0,1.0,3.0,2.0,3.0,16.0,51
293140,2018,0.0,0.0,0.0,0.0,0.0,3.0,2.0,1.0,2.0,3.0,11.0,32
293140,2019,1.0,0.0,0.0,0.0,0.0,2.0,2.0,2.0,3.0,3.0,13.0,39
293150,2012,34.0,0.0,6.0,10.0,5.0,16.0,1.0,3.0,14.0,5.0,112.0,322
293150,2013,0.0,0.0,0.0,0.0,0.0,0.0,0.0,0.0,0.0,0.0,101.0,292
293150,2014,5.0,3.0,5.0,8.0,9.0,17.0,8.0,10.0,13.0,35.0,134.0,310
293150,2015,10.0,3.0,6.0,6.0,2.0,20.0,18.0,22.0,11.0,31.0,142.0,309
293150,2016,5.0,3.0,0.0,2.0,2.0,18.0,7.0,8.0,8.0,25.0,89.0,268
293150,2017,6.0,0.0,8.0,8.0,2.0,26.0,20.0,12.0,31.0,21.0,141.0,310
293150,2018,10.0,0.0,2.0,8.0,4.0,28.0,18.0,15.0,24.0,16.0,129.0,280
293150,2019,9.0,0.0,2.0,6.0,3.0,29.0,22.0,14.0,31.0,21.0,141.0,268
293160,2012,2.0,0.0,0.0,5.0,2.0,8.0,1.0,2.0,1.0,3.0,33.0,147
293160,2013,0.0,0.0,0.0,0.0,0.0,0.0,0.0,0.0,0.0,0.0,48.0,189
293160,2014,2.0,1.0,1.0,3.0,3.0,10.0,4.0,14.0,7.0,11.0,57.0,180
293160,2015,1.0,1.0,0.0,0.0,4.0,8.0,3.0,4.0,2.0,11.0,36.0,177
293160,2016,5.0,4.0,0.0,0.0,1.0,9.0,3.0,7.0,9.0,10.0,50.0,197
293160,2017,3.0,0.0,0.0,2.0,1.0,13.0,4.0,8.0,2.0,13.0,48.0,165
293160,2018,1.0,0.0,0.0,3.0,1.0,22.0,4.0,5.0,3.0,13.0,52.0,164
293160,2019,3.0,0.0,0.0,1.0,1.0,14.0,4.0,3.0,3.0,11.0,41.0,189
293170,2012,30.0,0.0,2.0,0.0,1.0,5.0,2.0,3.0,7.0,7.0,65.0,180
293170,2013,0.0,0.0,0.0,0.0,0.0,0.0,0.0,0.0,0.0,0.0,58.0,143
293170,2014,2.0,0.0,2.0,1.0,2.0,4.0,3.0,1.0,7.0,6.0,37.0,118
293170,2015,2.0,0.0,4.0,0.0,0.0,14.0,4.0,3.0,7.0,5.0,40.0,137
293170,2016,2.0,0.0,0.0,1.0,1.0,8.0,4.0,6.0,7.0,6.0,37.0,105
293170,2017,2.0,0.0,2.0,2.0,2.0,12.0,2.0,0.0,7.0,6.0,35.0,112
293170,2018,3.0,0.0,2.0,0.0,0.0,5.0,2.0,4.0,6.0,7.0,29.0,110
293170,2019,3.0,0.0,2.0,2.0,3.0,17.0,4.0,3.0,5.0,4.0,44.0,128
293180,2012,6.0,1.0,4.0,4.0,0.0,13.0,8.0,10.0,15.0,9.0,76.0,189
293180,2013,0.0,0.0,0.0,0.0,0.0,0.0,0.0,0.0,0.0,0.0,66.0,194
293180,2014,7.0,0.0,6.0,2.0,3.0,12.0,7.0,7.0,2.0,15.0,64.0,181
293180,2015,9.0,0.0,0.0,0.0,1.0,25.0,16.0,6.0,17.0,14.0,91.0,179
293180,2016,5.0,0.0,2.0,2.0,2.0,9.0,8.0,11.0,10.0,11.0,63.0,127
293180,2017,8.0,0.0,4.0,3.0,2.0,18.0,10.0,6.0,9.0,11.0,71.0,182
293180,2018,2.0,0.0,4.0,1.0,1.0,15.0,4.0,8.0,14.0,6.0,55.0,165
293180,2019,4.0,0.0,0.0,2.0,2.0,17.0,6.0,12.0,14.0,11.0,72.0,179
293190,2012,39.0,2.0,3.0,9.0,8.0,5.0,2.0,0.0,31.0,41.0,166.0,603
293190,2013,0.0,0.0,0.0,0.0,0.0,0.0,0.0,0.0,0.0,0.0,134.0,609
293190,2014,14.0,0.0,4.0,6.0,4.0,29.0,21.0,17.0,31.0,31.0,169.0,638
293190,2015,11.0,1.0,4.0,8.0,6.0,32.0,14.0,19.0,16.0,35.0,160.0,578
293190,2016,13.0,0.0,2.0,7.0,11.0,42.0,14.0,20.0,11.0,38.0,172.0,603
293190,2017,14.0,1.0,7.0,11.0,8.0,40.0,22.0,34.0,23.0,38.0,210.0,571
293190,2018,20.0,2.0,10.0,8.0,8.0,44.0,21.0,34.0,30.0,46.0,231.0,642
293190,2019,26.0,0.0,14.0,5.0,9.0,52.0,64.0,22.0,45.0,29.0,267.0,585
293200,2012,6.0,4.0,4.0,1.0,4.0,13.0,7.0,7.0,18.0,17.0,83.0,273
293200,2013,0.0,0.0,0.0,0.0,0.0,0.0,0.0,0.0,0.0,0.0,77.0,302
293200,2014,9.0,1.0,0.0,6.0,4.0,23.0,7.0,6.0,11.0,3.0,71.0,284
293200,2015,6.0,0.0,8.0,4.0,1.0,11.0,6.0,8.0,14.0,11.0,70.0,292
293200,2016,5.0,0.0,2.0,3.0,6.0,22.0,11.0,8.0,12.0,22.0,92.0,312
293200,2017,12.0,0.0,1.0,4.0,5.0,30.0,12.0,11.0,12.0,9.0,98.0,325
293200,2018,5.0,0.0,4.0,4.0,6.0,21.0,10.0,15.0,12.0,12.0,97.0,305
293200,2019,6.0,0.0,5.0,5.0,5.0,29.0,17.0,17.0,19.0,15.0,120.0,308
293210,2012,9.0,1.0,3.0,1.0,0.0,20.0,2.0,6.0,8.0,32.0,91.0,277
293210,2013,0.0,0.0,0.0,0.0,0.0,0.0,0.0,0.0,0.0,0.0,102.0,244
293210,2014,6.0,1.0,4.0,3.0,0.0,21.0,6.0,19.0,20.0,27.0,114.0,267
293210,2015,5.0,3.0,1.0,7.0,0.0,27.0,8.0,13.0,8.0,16.0,91.0,254
293210,2016,3.0,0.0,4.0,1.0,0.0,22.0,3.0,16.0,8.0,19.0,77.0,221
293210,2017,3.0,0.0,0.0,1.0,1.0,24.0,4.0,8.0,6.0,27.0,74.0,241
293210,2018,5.0,0.0,2.0,0.0,1.0,23.0,2.0,14.0,6.0,26.0,80.0,255
293210,2019,12.0,0.0,2.0,1.0,1.0,22.0,7.0,19.0,18.0,21.0,107.0,231
293220,2012,7.0,1.0,2.0,3.0,1.0,15.0,2.0,4.0,14.0,27.0,79.0,350
293220,2013,0.0,0.0,0.0,0.0,0.0,0.0,0.0,0.0,0.0,0.0,106.0,323
293220,2014,7.0,0.0,1.0,2.0,1.0,24.0,16.0,24.0,14.0,12.0,104.0,299
293220,2015,8.0,0.0,1.0,2.0,0.0,25.0,12.0,15.0,18.0,11.0,95.0,301
293220,2016,7.0,0.0,4.0,3.0,4.0,23.0,4.0,11.0,10.0,30.0,97.0,299
293220,2017,7.0,0.0,4.0,5.0,2.0,34.0,10.0,8.0,17.0,19.0,112.0,307
293220,2018,6.0,0.0,2.0,2.0,0.0,41.0,13.0,7.0,20.0,12.0,103.0,300
293220,2019,8.0,0.0,4.0,2.0,1.0,36.0,3.0,9.0,20.0,18.0,102.0,313
293230,2012,13.0,1.0,2.0,5.0,1.0,28.0,8.0,23.0,14.0,16.0,115.0,264
293230,2013,0.0,0.0,0.0,0.0,0.0,0.0,0.0,0.0,0.0,0.0,117.0,284
293230,2014,6.0,1.0,2.0,1.0,3.0,17.0,7.0,19.0,10.0,20.0,94.0,214
293230,2015,5.0,0.0,0.0,2.0,1.0,33.0,12.0,19.0,10.0,20.0,107.0,231
293230,2016,6.0,0.0,8.0,3.0,3.0,34.0,1.0,9.0,9.0,25.0,99.0,258
293230,2017,7.0,0.0,4.0,2.0,4.0,22.0,7.0,16.0,4.0,21.0,88.0,214
293230,2018,4.0,0.0,0.0,2.0,1.0,30.0,2.0,17.0,10.0,19.0,88.0,201
293230,2019,5.0,0.0,1.0,3.0,3.0,24.0,0.0,17.0,8.0,30.0,91.0,245
293240,2012,1.0,1.0,2.0,1.0,3.0,16.0,6.0,6.0,4.0,14.0,57.0,193
293240,2013,0.0,0.0,0.0,0.0,0.0,0.0,0.0,0.0,0.0,0.0,48.0,170
293240,2014,6.0,0.0,0.0,1.0,1.0,20.0,6.0,2.0,12.0,8.0,56.0,167
293240,2015,6.0,0.0,3.0,2.0,2.0,15.0,2.0,8.0,2.0,12.0,52.0,169
293240,2016,2.0,1.0,0.0,5.0,0.0,18.0,5.0,4.0,5.0,6.0,46.0,149
293240,2017,4.0,0.0,4.0,3.0,1.0,23.0,4.0,3.0,8.0,13.0,63.0,190
293240,2018,7.0,0.0,0.0,0.0,3.0,23.0,3.0,7.0,8.0,12.0,63.0,167
293240,2019,2.0,0.0,6.0,3.0,1.0,27.0,8.0,3.0,10.0,4.0,64.0,160
293245,2012,9.0,1.0,4.0,0.0,4.0,11.0,1.0,1.0,9.0,4.0,61.0,193
293245,2013,0.0,0.0,0.0,0.0,0.0,0.0,0.0,0.0,0.0,0.0,51.0,144
293245,2014,2.0,0.0,2.0,3.0,2.0,7.0,4.0,7.0,5.0,7.0,51.0,167
293245,2015,2.0,0.0,3.0,2.0,0.0,8.0,2.0,3.0,4.0,5.0,39.0,164
293245,2016,6.0,1.0,0.0,1.0,3.0,10.0,4.0,9.0,4.0,9.0,52.0,184
293245,2017,2.0,0.0,0.0,1.0,1.0,11.0,5.0,16.0,5.0,12.0,54.0,172
293245,2018,6.0,0.0,0.0,2.0,2.0,23.0,12.0,14.0,8.0,11.0,85.0,199
293245,2019,6.0,0.0,2.0,1.0,5.0,22.0,13.0,6.0,11.0,8.0,79.0,201
293250,2012,11.0,1.0,4.0,0.0,1.0,31.0,0.0,2.0,5.0,8.0,106.0,317
293250,2013,0.0,0.0,0.0,0.0,0.0,0.0,0.0,0.0,0.0,0.0,93.0,319
293250,2014,3.0,0.0,2.0,1.0,3.0,18.0,1.0,11.0,0.0,20.0,71.0,262
293250,2015,8.0,0.0,2.0,1.0,4.0,24.0,0.0,12.0,2.0,19.0,73.0,250
293250,2016,6.0,0.0,2.0,2.0,3.0,19.0,1.0,11.0,1.0,16.0,63.0,243
293250,2017,1.0,0.0,5.0,3.0,5.0,27.0,1.0,19.0,0.0,29.0,91.0,243
293250,2018,16.0,0.0,1.0,3.0,1.0,22.0,0.0,14.0,1.0,20.0,78.0,233
293250,2019,5.0,0.0,2.0,1.0,0.0,23.0,1.0,20.0,3.0,43.0,101.0,248
293260,2012,8.0,1.0,6.0,2.0,1.0,15.0,2.0,2.0,19.0,12.0,90.0,194
293260,2013,0.0,0.0,0.0,0.0,0.0,0.0,0.0,0.0,0.0,0.0,95.0,184
293260,2014,8.0,1.0,0.0,2.0,0.0,33.0,7.0,20.0,6.0,34.0,114.0,224
293260,2015,3.0,0.0,2.0,1.0,1.0,39.0,10.0,11.0,18.0,25.0,112.0,234
293260,2016,8.0,0.0,4.0,4.0,2.0,43.0,11.0,5.0,20.0,16.0,117.0,219
293260,2017,7.0,0.0,4.0,1.0,2.0,28.0,12.0,7.0,10.0,23.0,96.0,207
293260,2018,6.0,0.0,7.0,3.0,3.0,28.0,7.0,11.0,13.0,17.0,96.0,182
293260,2019,6.0,0.0,0.0,4.0,1.0,22.0,9.0,1.0,15.0,8.0,101.0,175
293270,2012,14.0,0.0,3.0,4.0,2.0,35.0,3.0,3.0,21.0,19.0,127.0,376
293270,2013,0.0,0.0,0.0,0.0,0.0,0.0,0.0,0.0,0.0,0.0,111.0,370
293270,2014,7.0,0.0,6.0,7.0,5.0,26.0,3.0,20.0,2.0,28.0,133.0,322
293270,2015,10.0,1.0,2.0,4.0,2.0,31.0,3.0,14.0,1.0,39.0,111.0,316
293270,2016,10.0,0.0,0.0,2.0,1.0,21.0,0.0,10.0,7.0,23.0,74.0,255
293270,2017,10.0,0.0,4.0,5.0,4.0,27.0,0.0,19.0,1.0,28.0,99.0,280
293270,2018,13.0,0.0,5.0,3.0,1.0,31.0,2.0,23.0,8.0,42.0,129.0,323
293270,2019,8.0,0.0,2.0,1.0,1.0,36.0,0.0,18.0,3.0,36.0,105.0,310
293280,2012,3.0,0.0,2.0,1.0,2.0,20.0,5.0,4.0,10.0,11.0,66.0,270
293280,2013,0.0,0.0,0.0,0.0,0.0,0.0,0.0,0.0,0.0,0.0,79.0,254
293280,2014,7.0,2.0,2.0,3.0,1.0,18.0,20.0,5.0,39.0,11.0,115.0,283
293280,2015,4.0,1.0,4.0,4.0,2.0,23.0,13.0,4.0,24.0,9.0,90.0,247
293280,2016,6.0,0.0,2.0,0.0,0.0,20.0,6.0,10.0,12.0,11.0,69.0,206
293280,2017,5.0,0.0,0.0,9.0,5.0,15.0,17.0,5.0,24.0,9.0,89.0,247
293280,2018,6.0,1.0,5.0,10.0,11.0,24.0,13.0,3.0,19.0,8.0,101.0,255
293280,2019,5.0,0.0,2.0,6.0,3.0,34.0,26.0,2.0,33.0,5.0,116.0,251
293290,2012,42.0,6.0,13.0,26.0,28.0,85.0,3.0,8.0,19.0,9.0,551.0,1300
293290,2013,0.0,0.0,0.0,0.0,0.0,0.0,0.0,0.0,0.0,0.0,544.0,1236
293290,2014,22.0,22.0,12.0,35.0,31.0,139.0,28.0,66.0,55.0,159.0,590.0,1409
293290,2015,24.0,77.0,17.0,67.0,66.0,144.0,25.0,61.0,47.0,145.0,676.0,1527
293290,2016,13.0,115.0,23.0,51.0,50.0,156.0,17.0,60.0,48.0,128.0,666.0,1396
293290,2017,23.0,24.0,28.0,33.0,21.0,186.0,17.0,84.0,45.0,190.0,657.0,1543
293290,2018,40.0,0.0,18.0,21.0,19.0,219.0,18.0,103.0,48.0,220.0,721.0,1633
293290,2019,24.0,1.0,22.0,20.0,11.0,199.0,25.0,94.0,84.0,195.0,701.0,1448
293300,2012,46.0,0.0,6.0,3.0,5.0,56.0,9.0,4.0,24.0,25.0,188.0,329
293300,2013,0.0,0.0,0.0,0.0,0.0,0.0,0.0,0.0,0.0,0.0,158.0,297
293300,2014,9.0,0.0,1.0,2.0,8.0,37.0,11.0,11.0,28.0,19.0,140.0,248
293300,2015,13.0,0.0,2.0,2.0,2.0,47.0,15.0,2.0,16.0,10.0,117.0,260
293300,2016,4.0,0.0,2.0,3.0,4.0,35.0,8.0,5.0,21.0,26.0,118.0,267
293300,2017,5.0,2.0,3.0,6.0,4.0,48.0,10.0,7.0,24.0,21.0,133.0,278
293300,2018,6.0,0.0,6.0,6.0,3.0,55.0,18.0,3.0,30.0,18.0,147.0,294
293300,2019,14.0,2.0,4.0,2.0,3.0,50.0,12.0,12.0,25.0,14.0,140.0,277
293305,2012,10.0,1.0,0.0,0.0,2.0,5.0,2.0,0.0,5.0,2.0,34.0,122
293305,2013,0.0,0.0,0.0,0.0,0.0,0.0,0.0,0.0,0.0,0.0,32.0,127
293305,2014,0.0,1.0,0.0,1.0,3.0,4.0,7.0,4.0,9.0,4.0,37.0,140
293305,2015,6.0,0.0,0.0,2.0,3.0,8.0,6.0,5.0,14.0,4.0,50.0,141
293305,2016,1.0,0.0,0.0,1.0,2.0,9.0,9.0,1.0,12.0,7.0,46.0,131
293305,2017,2.0,2.0,2.0,3.0,3.0,16.0,9.0,10.0,9.0,10.0,69.0,167
293305,2018,2.0,0.0,2.0,4.0,2.0,7.0,9.0,3.0,11.0,8.0,49.0,129
293305,2019,4.0,0.0,2.0,3.0,0.0,14.0,4.0,6.0,9.0,6.0,50.0,127
293310,2012,7.0,1.0,0.0,0.0,0.0,5.0,3.0,3.0,3.0,2.0,26.0,120
293310,2013,0.0,0.0,0.0,0.0,0.0,0.0,0.0,0.0,0.0,0.0,28.0,82
293310,2014,0.0,0.0,0.0,2.0,2.0,4.0,3.0,2.0,4.0,3.0,24.0,85
293310,2015,1.0,0.0,0.0,1.0,1.0,6.0,1.0,0.0,2.0,1.0,17.0,95
293310,2016,5.0,0.0,0.0,1.0,4.0,7.0,2.0,2.0,3.0,3.0,30.0,83
293310,2017,1.0,0.0,0.0,1.0,1.0,7.0,4.0,4.0,3.0,7.0,28.0,98
293310,2018,1.0,0.0,0.0,1.0,1.0,5.0,9.0,7.0,7.0,6.0,42.0,88
293310,2019,2.0,0.0,0.0,1.0,0.0,8.0,5.0,0.0,7.0,1.0,28.0,87
293315,2012,6.0,1.0,0.0,2.0,2.0,15.0,4.0,1.0,3.0,3.0,46.0,162
293315,2013,0.0,0.0,0.0,0.0,0.0,0.0,0.0,0.0,0.0,0.0,26.0,131
293315,2014,4.0,0.0,0.0,2.0,0.0,4.0,1.0,3.0,1.0,4.0,24.0,140
293315,2015,2.0,0.0,0.0,1.0,1.0,16.0,4.0,3.0,8.0,4.0,46.0,172
293315,2016,3.0,0.0,2.0,2.0,0.0,19.0,5.0,6.0,3.0,10.0,50.0,188
293315,2017,7.0,0.0,5.0,1.0,0.0,17.0,5.0,10.0,6.0,12.0,66.0,215
293315,2018,6.0,0.0,2.0,3.0,1.0,15.0,5.0,10.0,6.0,6.0,58.0,188
293315,2019,8.0,0.0,2.0,4.0,2.0,17.0,19.0,4.0,8.0,5.0,72.0,185
293317,2012,12.0,0.0,4.0,0.0,3.0,25.0,1.0,1.0,7.0,17.0,79.0,140
293317,2013,0.0,0.0,0.0,0.0,0.0,0.0,0.0,0.0,0.0,0.0,51.0,112
293317,2014,3.0,0.0,0.0,1.0,3.0,15.0,3.0,8.0,9.0,15.0,59.0,116
293317,2015,6.0,0.0,0.0,0.0,0.0,17.0,2.0,3.0,8.0,17.0,56.0,116
293317,2016,6.0,0.0,5.0,0.0,0.0,14.0,5.0,4.0,8.0,16.0,58.0,124
293317,2017,5.0,0.0,4.0,0.0,0.0,13.0,4.0,13.0,4.0,26.0,69.0,127
293317,2018,6.0,0.0,6.0,0.0,1.0,21.0,6.0,10.0,8.0,25.0,83.0,141
293317,2019,12.0,0.0,0.0,1.0,0.0,16.0,2.0,16.0,5.0,22.0,74.0,114
293320,2012,84.0,2.0,2.0,6.0,6.0,27.0,8.0,9.0,31.0,29.0,222.0,499
293320,2013,0.0,0.0,0.0,0.0,0.0,0.0,0.0,0.0,0.0,0.0,246.0,496
293320,2014,21.0,0.0,8.0,10.0,3.0,58.0,16.0,10.0,33.0,43.0,234.0,489
293320,2015,16.0,4.0,13.0,4.0,2.0,58.0,7.0,9.0,35.0,29.0,189.0,479
293320,2016,16.0,1.0,3.0,4.0,2.0,43.0,13.0,12.0,16.0,21.0,147.0,490
293320,2017,15.0,0.0,9.0,7.0,5.0,51.0,8.0,24.0,18.0,39.0,194.0,487
293320,2018,15.0,0.0,5.0,13.0,5.0,54.0,9.0,15.0,21.0,31.0,204.0,504
293320,2019,18.0,0.0,8.0,10.0,6.0,78.0,18.0,16.0,28.0,39.0,255.0,587
293325,2012,2.0,0.0,0.0,1.0,1.0,8.0,0.0,0.0,3.0,4.0,26.0,90
293325,2013,0.0,0.0,0.0,0.0,0.0,0.0,0.0,0.0,0.0,0.0,13.0,53
293325,2014,0.0,0.0,0.0,4.0,2.0,5.0,6.0,5.0,6.0,2.0,30.0,85
293325,2015,3.0,0.0,4.0,2.0,2.0,8.0,2.0,4.0,8.0,1.0,36.0,90
293325,2016,0.0,0.0,2.0,1.0,0.0,10.0,4.0,0.0,4.0,5.0,27.0,69
293325,2017,2.0,0.0,0.0,1.0,0.0,5.0,4.0,1.0,3.0,3.0,21.0,69
293325,2018,4.0,0.0,0.0,1.0,0.0,16.0,5.0,1.0,5.0,3.0,36.0,84
293325,2019,0.0,0.0,0.0,2.0,2.0,8.0,8.0,0.0,4.0,5.0,31.0,59
293330,2012,266.0,4.0,77.0,48.0,50.0,602.0,175.0,91.0,425.0,314.0,2229.0,5248
293330,2013,0.0,0.0,0.0,0.0,0.0,0.0,0.0,0.0,0.0,0.0,2208.0,5244
293330,2014,206.0,6.0,84.0,62.0,44.0,685.0,145.0,256.0,408.0,461.0,2399.0,5367
293330,2015,221.0,8.0,70.0,68.0,57.0,704.0,239.0,171.0,437.0,336.0,2432.0,5538
293330,2016,247.0,2.0,94.0,66.0,62.0,670.0,191.0,211.0,416.0,399.0,2521.0,5541
293330,2017,254.0,4.0,92.0,70.0,60.0,831.0,223.0,279.0,482.0,438.0,2735.0,5879
293330,2018,227.0,5.0,74.0,66.0,61.0,893.0,254.0,298.0,514.0,353.0,2749.0,5701
293330,2019,294.0,5.0,82.0,81.0,51.0,757.0,223.0,227.0,400.0,334.0,2624.0,5541
293340,2012,6.0,0.0,1.0,1.0,0.0,6.0,5.0,2.0,5.0,7.0,34.0,125
293340,2013,0.0,0.0,0.0,0.0,0.0,0.0,0.0,0.0,0.0,0.0,48.0,129
293340,2014,4.0,1.0,4.0,0.0,0.0,7.0,11.0,0.0,18.0,1.0,53.0,120
293340,2015,4.0,1.0,6.0,0.0,1.0,13.0,5.0,2.0,17.0,0.0,49.0,128
293340,2016,7.0,0.0,0.0,1.0,1.0,19.0,8.0,1.0,9.0,4.0,51.0,141
293340,2017,0.0,1.0,4.0,1.0,3.0,17.0,8.0,1.0,9.0,2.0,46.0,125
293340,2018,4.0,0.0,0.0,1.0,3.0,11.0,10.0,0.0,18.0,2.0,49.0,117
293340,2019,5.0,0.0,0.0,1.0,0.0,11.0,9.0,0.0,9.0,3.0,38.0,110
293345,2012,6.0,0.0,3.0,1.0,3.0,7.0,7.0,4.0,17.0,9.0,57.0,191
293345,2013,0.0,0.0,0.0,0.0,0.0,0.0,0.0,0.0,0.0,0.0,53.0,187
293345,2014,9.0,2.0,1.0,4.0,2.0,13.0,12.0,8.0,10.0,12.0,73.0,182
293345,2015,3.0,0.0,0.0,3.0,1.0,20.0,15.0,7.0,11.0,11.0,72.0,179
293345,2016,8.0,1.0,2.0,6.0,1.0,29.0,9.0,1.0,11.0,11.0,80.0,179
293345,2017,8.0,0.0,2.0,2.0,1.0,18.0,2.0,2.0,7.0,14.0,56.0,175
293345,2018,3.0,0.0,0.0,0.0,1.0,24.0,5.0,2.0,9.0,17.0,62.0,166
293345,2019,9.0,1.0,2.0,4.0,3.0,28.0,4.0,9.0,9.0,14.0,83.0,191
293350,2012,7.0,2.0,4.0,2.0,1.0,17.0,0.0,3.0,4.0,13.0,69.0,416
293350,2013,0.0,0.0,0.0,0.0,0.0,0.0,0.0,0.0,0.0,0.0,80.0,368
293350,2014,2.0,0.0,0.0,5.0,2.0,25.0,10.0,5.0,7.0,11.0,70.0,327
293350,2015,8.0,5.0,1.0,3.0,7.0,16.0,5.0,10.0,5.0,22.0,90.0,377
293350,2016,3.0,10.0,0.0,5.0,3.0,12.0,4.0,9.0,10.0,22.0,81.0,360
293350,2017,5.0,1.0,4.0,2.0,2.0,26.0,3.0,4.0,9.0,14.0,74.0,386
293350,2018,6.0,0.0,4.0,1.0,3.0,36.0,9.0,10.0,16.0,14.0,102.0,387
293350,2019,8.0,1.0,8.0,2.0,3.0,38.0,7.0,8.0,12.0,17.0,106.0,398
293360,2012,25.0,0.0,17.0,1.0,9.0,41.0,1.0,5.0,14.0,48.0,222.0,858
293360,2013,0.0,0.0,0.0,0.0,0.0,0.0,0.0,0.0,0.0,0.0,203.0,820
293360,2014,14.0,0.0,7.0,4.0,8.0,72.0,14.0,19.0,15.0,58.0,216.0,845
293360,2015,20.0,2.0,23.0,11.0,5.0,66.0,15.0,21.0,23.0,29.0,220.0,850
293360,2016,21.0,0.0,4.0,3.0,5.0,66.0,12.0,13.0,20.0,27.0,178.0,851
293360,2017,12.0,1.0,11.0,11.0,7.0,65.0,8.0,16.0,14.0,23.0,168.0,790
293360,2018,17.0,0.0,16.0,6.0,4.0,75.0,15.0,22.0,25.0,44.0,226.0,940
293360,2019,20.0,1.0,8.0,26.0,13.0,79.0,21.0,27.0,30.0,41.0,270.0,870
310000,2012,1.0,0.0,2.0,0.0,0.0,3.0,0.0,0.0,3.0,0.0,9.0,11
310000,2013,0.0,0.0,0.0,0.0,0.0,0.0,0.0,0.0,0.0,0.0,3.0,9
310000,2014,0.0,0.0,0.0,0.0,1.0,3.0,0.0,0.0,0.0,1.0,5.0,6
310000,2015,0.0,1.0,4.0,0.0,0.0,4.0,1.0,0.0,1.0,0.0,11.0,14
310000,2016,0.0,0.0,0.0,0.0,0.0,0.0,0.0,0.0,1.0,2.0,3.0,4
310000,2017,0.0,0.0,0.0,0.0,0.0,0.0,0.0,0.0,0.0,0.0,0.0,2
310000,2018,1.0,0.0,0.0,0.0,0.0,0.0,0.0,0.0,0.0,0.0,1.0,3
310000,2019,0.0,0.0,0.0,0.0,0.0,0.0,0.0,0.0,0.0,1.0,1.0,2
310010,2012,3.0,1.0,0.0,5.0,8.0,11.0,4.0,2.0,5.0,6.0,45.0,68
310010,2013,0.0,0.0,0.0,0.0,0.0,0.0,0.0,0.0,0.0,0.0,52.0,57
310010,2014,1.0,1.0,1.0,7.0,3.0,16.0,15.0,3.0,10.0,4.0,62.0,71
310010,2015,8.0,0.0,0.0,1.0,0.0,12.0,4.0,7.0,9.0,8.0,49.0,53
310010,2016,1.0,0.0,2.0,3.0,0.0,15.0,6.0,2.0,10.0,8.0,47.0,59
310010,2017,2.0,0.0,0.0,1.0,2.0,16.0,0.0,6.0,4.0,5.0,37.0,52
310010,2018,4.0,0.0,2.0,0.0,2.0,14.0,1.0,6.0,6.0,8.0,44.0,64
310010,2019,2.0,1.0,2.0,0.0,1.0,12.0,1.0,1.0,9.0,9.0,38.0,56
310020,2012,23.0,0.0,4.0,4.0,3.0,62.0,7.0,0.0,39.0,17.0,159.0,238
310020,2013,0.0,0.0,0.0,0.0,0.0,0.0,0.0,0.0,0.0,0.0,163.0,268
310020,2014,14.0,0.0,4.0,5.0,13.0,54.0,17.0,10.0,45.0,10.0,175.0,260
310020,2015,12.0,1.0,1.0,9.0,12.0,58.0,17.0,2.0,47.0,5.0,165.0,238
310020,2016,21.0,0.0,0.0,10.0,7.0,49.0,5.0,3.0,37.0,11.0,143.0,213
310020,2017,13.0,0.0,3.0,13.0,8.0,63.0,15.0,10.0,52.0,14.0,191.0,244
310020,2018,18.0,0.0,5.0,4.0,2.0,72.0,16.0,10.0,49.0,17.0,193.0,252
310020,2019,20.0,0.0,5.0,5.0,3.0,81.0,19.0,7.0,40.0,13.0,194.0,237
310030,2012,18.0,0.0,2.0,3.0,2.0,30.0,1.0,4.0,11.0,28.0,106.0,164
310030,2013,0.0,0.0,0.0,0.0,0.0,0.0,0.0,0.0,0.0,0.0,113.0,153
310030,2014,9.0,0.0,4.0,1.0,1.0,29.0,5.0,7.0,24.0,32.0,122.0,158
310030,2015,14.0,0.0,2.0,0.0,3.0,29.0,8.0,4.0,23.0,13.0,108.0,148
310030,2016,10.0,1.0,1.0,1.0,2.0,33.0,10.0,3.0,26.0,12.0,108.0,150
310030,2017,6.0,0.0,3.0,1.0,1.0,39.0,10.0,4.0,25.0,12.0,104.0,135
310030,2018,7.0,0.0,6.0,4.0,6.0,47.0,15.0,6.0,29.0,15.0,136.0,178
310030,2019,9.0,0.0,0.0,4.0,2.0,47.0,16.0,2.0,27.0,10.0,118.0,162
310040,2012,2.0,0.0,0.0,1.0,0.0,4.0,2.0,2.0,5.0,1.0,20.0,47
310040,2013,0.0,0.0,0.0,0.0,0.0,0.0,0.0,0.0,0.0,0.0,20.0,38
310040,2014,1.0,0.0,0.0,0.0,0.0,5.0,8.0,0.0,6.0,0.0,21.0,38
310040,2015,3.0,0.0,0.0,0.0,0.0,7.0,3.0,0.0,3.0,0.0,16.0,38
310040,2016,4.0,0.0,0.0,0.0,1.0,2.0,1.0,0.0,7.0,0.0,15.0,41
310040,2017,2.0,0.0,0.0,0.0,1.0,8.0,8.0,0.0,3.0,0.0,22.0,36
310040,2018,2.0,0.0,2.0,2.0,0.0,6.0,2.0,0.0,9.0,1.0,24.0,43
310040,2019,3.0,0.0,0.0,0.0,0.0,11.0,5.0,0.0,8.0,1.0,28.0,52
310050,2012,5.0,1.0,0.0,1.0,2.0,12.0,2.0,1.0,8.0,8.0,41.0,93
310050,2013,0.0,0.0,0.0,0.0,0.0,0.0,0.0,0.0,0.0,0.0,47.0,107
310050,2014,4.0,3.0,0.0,1.0,2.0,12.0,3.0,6.0,8.0,4.0,43.0,96
310050,2015,2.0,0.0,2.0,1.0,1.0,8.0,2.0,5.0,7.0,10.0,38.0,115
310050,2016,8.0,0.0,2.0,0.0,3.0,15.0,5.0,0.0,13.0,5.0,51.0,109
310050,2017,3.0,1.0,2.0,3.0,0.0,11.0,7.0,2.0,11.0,6.0,46.0,113
310050,2018,4.0,0.0,6.0,2.0,1.0,24.0,5.0,2.0,6.0,2.0,52.0,109
310050,2019,2.0,0.0,0.0,2.0,1.0,11.0,10.0,2.0,7.0,2.0,37.0,93
310060,2012,2.0,0.0,2.0,9.0,5.0,16.0,4.0,6.0,1.0,5.0,60.0,179
310060,2013,0.0,0.0,0.0,0.0,0.0,0.0,0.0,0.0,0.0,0.0,22.0,193
310060,2014,6.0,0.0,1.0,3.0,0.0,9.0,7.0,2.0,4.0,8.0,42.0,150
310060,2015,2.0,0.0,5.0,9.0,5.0,10.0,5.0,4.0,11.0,11.0,70.0,179
310060,2016,6.0,0.0,0.0,4.0,1.0,13.0,5.0,12.0,9.0,5.0,59.0,145
310060,2017,6.0,0.0,4.0,5.0,2.0,27.0,6.0,5.0,7.0,17.0,82.0,190
310060,2018,4.0,1.0,4.0,4.0,4.0,26.0,9.0,2.0,14.0,11.0,80.0,187
310060,2019,9.0,1.0,2.0,2.0,0.0,16.0,11.0,7.0,13.0,18.0,82.0,155
310070,2012,2.0,0.0,0.0,0.0,1.0,7.0,1.0,0.0,1.0,6.0,19.0,23
310070,2013,0.0,0.0,0.0,0.0,0.0,0.0,0.0,0.0,0.0,0.0,13.0,16
310070,2014,1.0,0.0,0.0,0.0,0.0,4.0,0.0,1.0,3.0,1.0,11.0,21
310070,2015,2.0,0.0,0.0,0.0,0.0,8.0,0.0,1.0,0.0,3.0,15.0,25
310070,2016,0.0,0.0,1.0,0.0,0.0,6.0,0.0,1.0,2.0,2.0,12.0,16
310070,2017,0.0,1.0,0.0,2.0,1.0,5.0,2.0,0.0,2.0,0.0,13.0,20
310070,2018,1.0,0.0,0.0,1.0,0.0,10.0,3.0,0.0,2.0,0.0,17.0,29
310070,2019,0.0,0.0,0.0,0.0,0.0,5.0,1.0,0.0,1.0,0.0,7.0,19
310080,2012,2.0,0.0,2.0,0.0,0.0,15.0,6.0,0.0,9.0,10.0,44.0,50
310080,2013,0.0,0.0,0.0,0.0,0.0,0.0,0.0,0.0,0.0,0.0,56.0,69
310080,2014,5.0,0.0,0.0,0.0,2.0,22.0,0.0,1.0,12.0,7.0,50.0,53
310080,2015,0.0,0.0,2.0,0.0,1.0,24.0,0.0,3.0,7.0,7.0,44.0,51
310080,2016,2.0,0.0,0.0,0.0,0.0,17.0,3.0,1.0,7.0,7.0,37.0,40
310080,2017,2.0,0.0,0.0,0.0,0.0,17.0,6.0,0.0,9.0,5.0,39.0,44
310080,2018,5.0,0.0,2.0,1.0,0.0,23.0,0.0,3.0,7.0,7.0,48.0,55
310080,2019,0.0,0.0,0.0,1.0,0.0,11.0,0.0,1.0,7.0,5.0,25.0,32
310090,2012,8.0,0.0,2.0,3.0,4.0,23.0,4.0,2.0,24.0,14.0,86.0,273
310090,2013,0.0,0.0,0.0,0.0,0.0,0.0,0.0,0.0,0.0,0.0,79.0,264
310090,2014,9.0,2.0,3.0,2.0,3.0,30.0,12.0,6.0,19.0,10.0,97.0,262
310090,2015,7.0,0.0,4.0,4.0,8.0,27.0,15.0,4.0,17.0,11.0,99.0,273
310090,2016,7.0,0.0,2.0,3.0,2.0,23.0,13.0,13.0,17.0,15.0,96.0,249
310090,2017,5.0,2.0,0.0,5.0,4.0,26.0,15.0,9.0,12.0,13.0,92.0,254
310090,2018,9.0,0.0,4.0,4.0,4.0,35.0,12.0,6.0,20.0,8.0,109.0,294
310090,2019,5.0,0.0,8.0,4.0,2.0,29.0,8.0,9.0,20.0,6.0,96.0,272
310100,2012,5.0,0.0,2.0,4.0,0.0,17.0,5.0,5.0,9.0,9.0,67.0,168
310100,2013,0.0,0.0,0.0,0.0,0.0,0.0,0.0,0.0,0.0,0.0,72.0,184
310100,2014,9.0,1.0,4.0,4.0,2.0,13.0,8.0,8.0,10.0,8.0,78.0,162
310100,2015,3.0,0.0,0.0,2.0,1.0,13.0,5.0,8.0,3.0,12.0,69.0,171
310100,2016,5.0,0.0,2.0,3.0,1.0,5.0,4.0,7.0,2.0,4.0,49.0,165
310100,2017,4.0,0.0,0.0,0.0,0.0,10.0,6.0,5.0,4.0,3.0,50.0,173
310100,2018,3.0,0.0,8.0,0.0,1.0,6.0,2.0,1.0,2.0,3.0,70.0,165
310100,2019,3.0,0.0,4.0,4.0,0.0,7.0,2.0,5.0,2.0,2.0,72.0,145
310110,2012,39.0,1.0,2.0,1.0,5.0,70.0,8.0,11.0,22.0,59.0,221.0,316
310110,2013,0.0,0.0,0.0,0.0,0.0,0.0,0.0,0.0,0.0,0.0,253.0,343
310110,2014,22.0,0.0,2.0,2.0,0.0,97.0,7.0,12.0,38.0,53.0,246.0,320
310110,2015,14.0,0.0,8.0,2.0,1.0,77.0,4.0,14.0,22.0,54.0,215.0,279
310110,2016,17.0,1.0,3.0,4.0,3.0,74.0,8.0,16.0,21.0,64.0,225.0,309
310110,2017,25.0,0.0,3.0,7.0,6.0,76.0,7.0,13.0,31.0,52.0,230.0,318
310110,2018,18.0,0.0,3.0,4.0,4.0,100.0,9.0,14.0,19.0,59.0,234.0,303
310110,2019,19.0,0.0,4.0,7.0,5.0,109.0,9.0,16.0,18.0,52.0,239.0,316
310120,2012,9.0,0.0,0.0,0.0,1.0,10.0,2.0,0.0,14.0,1.0,38.0,54
310120,2013,0.0,0.0,0.0,0.0,0.0,0.0,0.0,0.0,0.0,0.0,38.0,59
310120,2014,2.0,0.0,0.0,1.0,3.0,11.0,4.0,1.0,9.0,0.0,32.0,43
310120,2015,5.0,0.0,0.0,4.0,0.0,11.0,1.0,1.0,8.0,2.0,32.0,44
310120,2016,2.0,0.0,0.0,3.0,2.0,8.0,3.0,0.0,10.0,3.0,31.0,45
310120,2017,3.0,0.0,0.0,9.0,4.0,10.0,5.0,0.0,10.0,0.0,41.0,53
310120,2018,3.0,0.0,0.0,2.0,6.0,9.0,3.0,0.0,10.0,1.0,34.0,45
310120,2019,2.0,2.0,0.0,7.0,6.0,6.0,2.0,0.0,13.0,4.0,42.0,52
310130,2012,1.0,0.0,0.0,1.0,0.0,2.0,1.0,1.0,0.0,0.0,6.0,13
310130,2013,0.0,0.0,0.0,0.0,0.0,0.0,0.0,0.0,0.0,0.0,17.0,21
310130,2014,4.0,0.0,1.0,0.0,1.0,8.0,1.0,2.0,5.0,0.0,23.0,28
310130,2015,2.0,0.0,0.0,1.0,0.0,5.0,1.0,0.0,4.0,1.0,14.0,19
310130,2016,0.0,0.0,0.0,1.0,2.0,5.0,1.0,0.0,3.0,0.0,12.0,18
310130,2017,0.0,0.0,0.0,1.0,1.0,3.0,0.0,0.0,7.0,1.0,13.0,20
310130,2018,1.0,0.0,2.0,2.0,2.0,3.0,3.0,0.0,6.0,1.0,20.0,31
310130,2019,0.0,0.0,2.0,1.0,2.0,6.0,1.0,2.0,5.0,0.0,19.0,21
310140,2012,2.0,0.0,0.0,0.0,0.0,4.0,1.0,1.0,1.0,3.0,14.0,18
310140,2013,0.0,0.0,0.0,0.0,0.0,0.0,0.0,0.0,0.0,0.0,20.0,27
310140,2014,2.0,0.0,0.0,1.0,0.0,6.0,0.0,1.0,4.0,3.0,17.0,22
310140,2015,3.0,0.0,2.0,0.0,0.0,6.0,1.0,1.0,3.0,0.0,16.0,18
310140,2016,2.0,0.0,2.0,1.0,0.0,9.0,2.0,1.0,3.0,3.0,23.0,31
310140,2017,3.0,0.0,4.0,1.0,0.0,9.0,3.0,0.0,3.0,0.0,23.0,23
310140,2018,2.0,0.0,1.0,0.0,0.0,6.0,3.0,1.0,1.0,3.0,18.0,27
310140,2019,0.0,0.0,2.0,0.0,0.0,9.0,2.0,0.0,8.0,3.0,24.0,27
310150,2012,27.0,0.0,10.0,3.0,5.0,73.0,8.0,14.0,57.0,58.0,260.0,456
310150,2013,0.0,0.0,0.0,0.0,0.0,0.0,0.0,0.0,0.0,0.0,245.0,414
310150,2014,24.0,1.0,10.0,6.0,4.0,60.0,19.0,12.0,53.0,53.0,244.0,456
310150,2015,17.0,0.0,7.0,7.0,3.0,105.0,16.0,13.0,63.0,32.0,263.0,463
310150,2016,14.0,0.0,4.0,6.0,9.0,92.0,20.0,12.0,59.0,24.0,240.0,411
310150,2017,12.0,2.0,8.0,4.0,9.0,96.0,18.0,9.0,51.0,42.0,251.0,407
310150,2018,18.0,1.0,9.0,4.0,7.0,107.0,17.0,20.0,58.0,48.0,289.0,444
310150,2019,21.0,0.0,2.0,3.0,8.0,101.0,13.0,10.0,50.0,47.0,255.0,400
310160,2012,67.0,2.0,28.0,8.0,18.0,222.0,56.0,4.0,189.0,51.0,663.0,1050
310160,2013,0.0,0.0,0.0,0.0,0.0,0.0,0.0,0.0,0.0,0.0,673.0,1009
310160,2014,65.0,3.0,12.0,18.0,9.0,218.0,72.0,23.0,191.0,44.0,660.0,1024
310160,2015,68.0,2.0,15.0,11.0,15.0,214.0,78.0,15.0,160.0,43.0,630.0,1013
310160,2016,77.0,3.0,22.0,13.0,14.0,213.0,65.0,16.0,173.0,46.0,643.0,1012
310160,2017,72.0,2.0,8.0,21.0,14.0,221.0,64.0,16.0,166.0,45.0,633.0,998
310160,2018,68.0,2.0,28.0,13.0,7.0,261.0,77.0,7.0,160.0,34.0,662.0,999
310160,2019,55.0,2.0,22.0,9.0,14.0,239.0,72.0,11.0,199.0,33.0,662.0,1018
310163,2012,7.0,0.0,3.0,6.0,4.0,10.0,4.0,2.0,6.0,4.0,49.0,79
310163,2013,0.0,0.0,0.0,0.0,0.0,0.0,0.0,0.0,0.0,0.0,59.0,86
310163,2014,5.0,1.0,2.0,8.0,11.0,4.0,5.0,2.0,3.0,4.0,49.0,72
310163,2015,4.0,0.0,2.0,5.0,8.0,8.0,3.0,2.0,11.0,3.0,46.0,58
310163,2016,4.0,0.0,4.0,5.0,5.0,11.0,4.0,2.0,10.0,8.0,58.0,79
310163,2017,5.0,0.0,0.0,3.0,1.0,7.0,2.0,1.0,8.0,1.0,28.0,49
310163,2018,8.0,0.0,7.0,2.0,0.0,10.0,6.0,3.0,16.0,4.0,56.0,78
310163,2019,5.0,0.0,2.0,4.0,3.0,13.0,6.0,1.0,9.0,8.0,51.0,71
310170,2012,28.0,0.0,6.0,7.0,2.0,57.0,5.0,6.0,21.0,63.0,215.0,591
310170,2013,0.0,0.0,0.0,0.0,0.0,0.0,0.0,0.0,0.0,0.0,229.0,555
310170,2014,12.0,0.0,6.0,0.0,1.0,25.0,17.0,7.0,20.0,6.0,104.0,542
310170,2015,10.0,0.0,3.0,3.0,1.0,13.0,4.0,5.0,9.0,10.0,78.0,605
310170,2016,5.0,0.0,2.0,2.0,0.0,5.0,2.0,0.0,3.0,4.0,27.0,587
310170,2017,7.0,0.0,7.0,3.0,0.0,12.0,1.0,2.0,4.0,6.0,44.0,572
310170,2018,4.0,0.0,5.0,2.0,3.0,23.0,4.0,3.0,10.0,6.0,66.0,573
310170,2019,7.0,0.0,7.0,3.0,2.0,22.0,3.0,3.0,10.0,19.0,89.0,565
310180,2012,7.0,0.0,0.0,2.0,3.0,9.0,6.0,5.0,12.0,8.0,58.0,98
310180,2013,0.0,0.0,0.0,0.0,0.0,0.0,0.0,0.0,0.0,0.0,53.0,88
310180,2014,6.0,0.0,8.0,1.0,2.0,13.0,4.0,4.0,9.0,13.0,62.0,91
310180,2015,4.0,1.0,0.0,0.0,1.0,16.0,4.0,1.0,11.0,4.0,48.0,92
310180,2016,1.0,0.0,0.0,1.0,1.0,12.0,7.0,1.0,10.0,6.0,42.0,89
310180,2017,2.0,0.0,2.0,2.0,0.0,6.0,2.0,3.0,8.0,4.0,33.0,92
310180,2018,1.0,0.0,0.0,1.0,0.0,13.0,3.0,1.0,5.0,4.0,29.0,85
310180,2019,4.0,0.0,2.0,2.0,0.0,25.0,3.0,2.0,13.0,4.0,55.0,110
310190,2012,18.0,0.0,8.0,4.0,1.0,38.0,10.0,1.0,49.0,14.0,145.0,259
310190,2013,0.0,0.0,0.0,0.0,0.0,0.0,0.0,0.0,0.0,0.0,147.0,235
310190,2014,10.0,0.0,9.0,4.0,5.0,55.0,23.0,3.0,42.0,10.0,166.0,284
310190,2015,5.0,0.0,8.0,1.0,4.0,52.0,6.0,5.0,36.0,13.0,138.0,269
310190,2016,8.0,0.0,4.0,5.0,1.0,50.0,14.0,11.0,26.0,18.0,142.0,219
310190,2017,14.0,0.0,4.0,3.0,1.0,55.0,9.0,2.0,34.0,9.0,136.0,228
310190,2018,8.0,0.0,6.0,4.0,3.0,48.0,7.0,0.0,31.0,10.0,117.0,217
310190,2019,7.0,0.0,5.0,5.0,2.0,48.0,11.0,1.0,38.0,6.0,123.0,207
310200,2012,6.0,0.0,8.0,3.0,0.0,39.0,7.0,1.0,42.0,9.0,117.0,165
310200,2013,0.0,0.0,0.0,0.0,0.0,0.0,0.0,0.0,0.0,0.0,113.0,159
310200,2014,8.0,0.0,0.0,5.0,1.0,41.0,13.0,0.0,43.0,17.0,129.0,170
310200,2015,10.0,0.0,2.0,5.0,2.0,54.0,12.0,9.0,26.0,26.0,148.0,178
310200,2016,8.0,0.0,2.0,1.0,2.0,48.0,11.0,0.0,30.0,10.0,112.0,149
310200,2017,10.0,0.0,6.0,3.0,1.0,53.0,13.0,3.0,32.0,35.0,156.0,186
310200,2018,6.0,1.0,4.0,2.0,1.0,55.0,9.0,6.0,20.0,30.0,134.0,178
310200,2019,4.0,0.0,2.0,0.0,3.0,56.0,3.0,6.0,22.0,23.0,120.0,160
310205,2012,11.0,0.0,1.0,1.0,0.0,10.0,2.0,3.0,5.0,4.0,49.0,71
310205,2013,0.0,0.0,0.0,0.0,0.0,0.0,0.0,0.0,0.0,0.0,67.0,82
310205,2014,5.0,0.0,0.0,0.0,1.0,9.0,1.0,8.0,3.0,16.0,53.0,68
310205,2015,8.0,0.0,2.0,2.0,0.0,28.0,0.0,9.0,4.0,13.0,67.0,82
310205,2016,6.0,0.0,0.0,2.0,0.0,29.0,0.0,8.0,3.0,9.0,57.0,73
310205,2017,3.0,1.0,2.0,0.0,0.0,34.0,1.0,2.0,1.0,15.0,59.0,77
310205,2018,5.0,1.0,2.0,0.0,1.0,24.0,3.0,4.0,1.0,18.0,65.0,89
310205,2019,1.0,0.0,2.0,1.0,1.0,29.0,3.0,0.0,5.0,12.0,62.0,95
310210,2012,4.0,1.0,0.0,3.0,6.0,8.0,8.0,0.0,7.0,9.0,50.0,100
310210,2013,0.0,0.0,0.0,0.0,0.0,0.0,0.0,0.0,0.0,0.0,52.0,99
310210,2014,8.0,1.0,0.0,6.0,7.0,9.0,3.0,2.0,4.0,3.0,48.0,98
310210,2015,7.0,0.0,3.0,21.0,8.0,3.0,2.0,0.0,11.0,4.0,64.0,109
310210,2016,5.0,0.0,2.0,6.0,6.0,9.0,4.0,2.0,7.0,4.0,50.0,89
310210,2017,10.0,0.0,0.0,4.0,5.0,15.0,4.0,4.0,18.0,7.0,69.0,111
310210,2018,13.0,0.0,3.0,4.0,1.0,13.0,5.0,4.0,15.0,6.0,64.0,109
310210,2019,11.0,0.0,0.0,5.0,6.0,22.0,4.0,3.0,9.0,6.0,66.0,106
310220,2012,1.0,0.0,0.0,0.0,1.0,3.0,2.0,0.0,7.0,1.0,18.0,40
310220,2013,0.0,0.0,0.0,0.0,0.0,0.0,0.0,0.0,0.0,0.0,42.0,64
310220,2014,1.0,0.0,0.0,2.0,1.0,8.0,4.0,0.0,4.0,4.0,24.0,41
310220,2015,4.0,0.0,0.0,1.0,1.0,8.0,1.0,4.0,6.0,6.0,33.0,54
310220,2016,1.0,0.0,0.0,1.0,0.0,16.0,0.0,0.0,5.0,4.0,30.0,52
310220,2017,0.0,0.0,0.0,2.0,2.0,11.0,4.0,1.0,3.0,0.0,25.0,51
310220,2018,2.0,0.0,2.0,1.0,0.0,10.0,2.0,0.0,8.0,4.0,31.0,57
310220,2019,4.0,0.0,0.0,0.0,0.0,22.0,5.0,2.0,2.0,4.0,39.0,61
310230,2012,11.0,1.0,0.0,3.0,4.0,20.0,6.0,11.0,16.0,21.0,98.0,158
310230,2013,0.0,0.0,0.0,0.0,0.0,0.0,0.0,0.0,0.0,0.0,77.0,137
310230,2014,5.0,1.0,6.0,3.0,2.0,25.0,8.0,2.0,21.0,3.0,79.0,145
310230,2015,3.0,0.0,0.0,4.0,2.0,26.0,11.0,3.0,15.0,6.0,71.0,139
310230,2016,10.0,1.0,2.0,0.0,1.0,25.0,5.0,3.0,17.0,7.0,72.0,146
310230,2017,4.0,2.0,2.0,1.0,1.0,19.0,14.0,0.0,23.0,5.0,72.0,156
310230,2018,12.0,0.0,0.0,2.0,1.0,28.0,11.0,0.0,31.0,1.0,90.0,149
310230,2019,7.0,0.0,0.0,2.0,3.0,21.0,12.0,2.0,28.0,2.0,79.0,137
310240,2012,1.0,0.0,0.0,2.0,0.0,5.0,0.0,2.0,0.0,3.0,15.0,53
310240,2013,0.0,0.0,0.0,0.0,0.0,0.0,0.0,0.0,0.0,0.0,24.0,58
310240,2014,4.0,0.0,0.0,0.0,0.0,3.0,0.0,2.0,2.0,6.0,18.0,49
310240,2015,1.0,0.0,0.0,1.0,0.0,1.0,0.0,1.0,3.0,12.0,19.0,54
310240,2016,4.0,0.0,0.0,1.0,0.0,3.0,0.0,1.0,2.0,12.0,24.0,55
310240,2017,3.0,0.0,0.0,0.0,1.0,6.0,0.0,3.0,0.0,5.0,19.0,59
310240,2018,1.0,0.0,0.0,1.0,0.0,2.0,1.0,6.0,1.0,7.0,21.0,56
310240,2019,4.0,0.0,0.0,1.0,1.0,3.0,0.0,1.0,0.0,3.0,14.0,43
310250,2012,4.0,0.0,0.0,0.0,0.0,10.0,2.0,1.0,6.0,3.0,29.0,72
310250,2013,0.0,0.0,0.0,0.0,0.0,0.0,0.0,0.0,0.0,0.0,31.0,66
310250,2014,5.0,0.0,0.0,0.0,0.0,13.0,6.0,0.0,10.0,0.0,36.0,55
310250,2015,5.0,0.0,2.0,0.0,0.0,9.0,0.0,0.0,6.0,0.0,22.0,43
310250,2016,3.0,0.0,2.0,0.0,0.0,8.0,0.0,0.0,12.0,2.0,27.0,60
310250,2017,2.0,0.0,2.0,0.0,0.0,16.0,2.0,1.0,16.0,0.0,40.0,65
310250,2018,1.0,0.0,3.0,2.0,2.0,14.0,2.0,0.0,15.0,0.0,39.0,60
310250,2019,2.0,0.0,0.0,2.0,0.0,11.0,2.0,0.0,8.0,0.0,25.0,35
310260,2012,32.0,0.0,13.0,8.0,8.0,112.0,13.0,22.0,96.0,73.0,380.0,457
310260,2013,0.0,0.0,0.0,0.0,0.0,0.0,0.0,0.0,0.0,0.0,373.0,426
310260,2014,14.0,1.0,4.0,1.0,5.0,141.0,36.0,19.0,126.0,40.0,391.0,451
310260,2015,34.0,0.0,6.0,5.0,9.0,139.0,28.0,12.0,129.0,47.0,410.0,480
310260,2016,24.0,0.0,9.0,9.0,2.0,160.0,25.0,19.0,107.0,57.0,414.0,484
310260,2017,29.0,0.0,8.0,10.0,9.0,149.0,25.0,10.0,118.0,51.0,411.0,507
310260,2018,23.0,0.0,8.0,2.0,11.0,152.0,36.0,12.0,88.0,51.0,384.0,475
310260,2019,36.0,0.0,6.0,7.0,8.0,146.0,26.0,19.0,71.0,42.0,363.0,468
310270,2012,5.0,1.0,0.0,0.0,0.0,5.0,3.0,4.0,4.0,3.0,27.0,92
310270,2013,0.0,0.0,0.0,0.0,0.0,0.0,0.0,0.0,0.0,0.0,28.0,97
310270,2014,1.0,0.0,0.0,0.0,0.0,2.0,3.0,0.0,1.0,1.0,23.0,99
310270,2015,1.0,1.0,2.0,0.0,0.0,4.0,3.0,1.0,3.0,1.0,37.0,111
310270,2016,2.0,0.0,0.0,1.0,0.0,3.0,1.0,0.0,2.0,0.0,26.0,89
310270,2017,5.0,0.0,0.0,0.0,0.0,7.0,3.0,2.0,1.0,3.0,29.0,78
310270,2018,0.0,0.0,0.0,0.0,0.0,4.0,0.0,3.0,0.0,2.0,32.0,89
310270,2019,5.0,0.0,2.0,1.0,0.0,2.0,1.0,4.0,1.0,1.0,44.0,90
310280,2012,5.0,0.0,2.0,2.0,1.0,26.0,8.0,3.0,21.0,9.0,86.0,116
310280,2013,0.0,0.0,0.0,0.0,0.0,0.0,0.0,0.0,0.0,0.0,93.0,123
310280,2014,5.0,0.0,2.0,2.0,1.0,39.0,6.0,1.0,17.0,13.0,87.0,112
310280,2015,6.0,1.0,5.0,2.0,2.0,32.0,2.0,3.0,21.0,6.0,81.0,130
310280,2016,8.0,0.0,2.0,2.0,1.0,38.0,3.0,5.0,15.0,8.0,82.0,114
310280,2017,6.0,0.0,2.0,1.0,3.0,27.0,7.0,4.0,15.0,15.0,80.0,111
310280,2018,6.0,0.0,2.0,1.0,1.0,37.0,4.0,7.0,18.0,26.0,102.0,142
310280,2019,4.0,1.0,4.0,3.0,4.0,31.0,8.0,6.0,22.0,15.0,98.0,135
310285,2012,2.0,0.0,0.0,1.0,0.0,5.0,2.0,4.0,7.0,4.0,30.0,107
310285,2013,0.0,0.0,0.0,0.0,0.0,0.0,0.0,0.0,0.0,0.0,29.0,118
310285,2014,1.0,0.0,2.0,2.0,1.0,8.0,2.0,2.0,5.0,4.0,33.0,140
310285,2015,1.0,0.0,4.0,0.0,2.0,12.0,5.0,3.0,4.0,3.0,39.0,99
310285,2016,6.0,0.0,1.0,0.0,0.0,13.0,2.0,6.0,4.0,3.0,35.0,104
310285,2017,2.0,0.0,0.0,4.0,0.0,22.0,1.0,5.0,5.0,4.0,44.0,103
310285,2018,3.0,0.0,2.0,1.0,0.0,8.0,1.0,3.0,3.0,6.0,30.0,87
310285,2019,3.0,0.0,0.0,1.0,0.0,9.0,4.0,5.0,8.0,6.0,36.0,98
310290,2012,8.0,4.0,4.0,9.0,8.0,8.0,5.0,0.0,13.0,9.0,77.0,119
310290,2013,0.0,0.0,0.0,0.0,0.0,0.0,0.0,0.0,0.0,0.0,70.0,123
310290,2014,8.0,0.0,0.0,15.0,13.0,14.0,1.0,1.0,13.0,2.0,70.0,105
310290,2015,3.0,0.0,0.0,19.0,13.0,12.0,3.0,1.0,16.0,7.0,78.0,124
310290,2016,11.0,0.0,2.0,6.0,5.0,15.0,2.0,1.0,9.0,6.0,62.0,96
310290,2017,8.0,0.0,0.0,10.0,10.0,20.0,5.0,2.0,22.0,5.0,92.0,130
310290,2018,11.0,1.0,2.0,6.0,3.0,17.0,7.0,2.0,14.0,6.0,70.0,109
310290,2019,8.0,0.0,2.0,5.0,3.0,31.0,8.0,1.0,13.0,10.0,81.0,127
310300,2012,6.0,0.0,0.0,1.0,0.0,12.0,1.0,1.0,5.0,7.0,37.0,83
310300,2013,0.0,0.0,0.0,0.0,0.0,0.0,0.0,0.0,0.0,0.0,52.0,112
310300,2014,2.0,0.0,2.0,2.0,2.0,16.0,6.0,6.0,9.0,7.0,56.0,110
310300,2015,10.0,0.0,0.0,1.0,3.0,14.0,8.0,2.0,9.0,11.0,58.0,135
310300,2016,2.0,0.0,0.0,3.0,4.0,17.0,7.0,4.0,11.0,5.0,53.0,97
310300,2017,4.0,0.0,0.0,1.0,0.0,12.0,7.0,0.0,14.0,4.0,42.0,95
310300,2018,4.0,0.0,0.0,2.0,0.0,23.0,7.0,2.0,9.0,4.0,51.0,108
310300,2019,9.0,0.0,0.0,2.0,2.0,22.0,9.0,1.0,11.0,5.0,61.0,113
310310,2012,2.0,0.0,0.0,0.0,1.0,4.0,1.0,0.0,1.0,0.0,10.0,11
310310,2013,0.0,0.0,0.0,0.0,0.0,0.0,0.0,0.0,0.0,0.0,7.0,10
310310,2014,0.0,0.0,0.0,0.0,0.0,2.0,0.0,0.0,1.0,0.0,7.0,9
310310,2015,0.0,0.0,0.0,0.0,0.0,1.0,0.0,0.0,0.0,3.0,5.0,7
310310,2016,1.0,0.0,0.0,0.0,0.0,2.0,0.0,1.0,1.0,0.0,6.0,10
310310,2017,0.0,1.0,2.0,0.0,0.0,1.0,1.0,0.0,0.0,0.0,5.0,9
310310,2018,0.0,0.0,0.0,0.0,0.0,2.0,1.0,1.0,0.0,1.0,5.0,6
310310,2019,0.0,0.0,0.0,0.0,1.0,4.0,0.0,0.0,2.0,1.0,8.0,10
310320,2012,0.0,0.0,0.0,0.0,0.0,2.0,1.0,0.0,1.0,1.0,5.0,24
310320,2013,0.0,0.0,0.0,0.0,0.0,0.0,0.0,0.0,0.0,0.0,4.0,14
310320,2014,3.0,0.0,0.0,0.0,0.0,2.0,0.0,0.0,1.0,0.0,7.0,20
310320,2015,0.0,0.0,0.0,1.0,0.0,4.0,1.0,0.0,2.0,1.0,10.0,25
310320,2016,0.0,0.0,0.0,0.0,0.0,5.0,2.0,0.0,0.0,1.0,9.0,20
310320,2017,2.0,0.0,0.0,1.0,0.0,0.0,1.0,1.0,1.0,3.0,9.0,30
310320,2018,1.0,0.0,0.0,0.0,0.0,5.0,1.0,0.0,2.0,0.0,9.0,24
310320,2019,0.0,0.0,0.0,1.0,0.0,2.0,1.0,0.0,5.0,1.0,10.0,24
310330,2012,1.0,0.0,2.0,1.0,1.0,3.0,1.0,0.0,1.0,0.0,10.0,12
310330,2013,0.0,0.0,0.0,0.0,0.0,0.0,0.0,0.0,0.0,0.0,10.0,14
310330,2014,1.0,0.0,0.0,1.0,0.0,3.0,0.0,0.0,2.0,1.0,11.0,15
310330,2015,1.0,0.0,0.0,0.0,0.0,5.0,1.0,0.0,1.0,3.0,11.0,16
310330,2016,2.0,0.0,0.0,0.0,0.0,0.0,0.0,1.0,4.0,1.0,8.0,15
310330,2017,1.0,0.0,0.0,0.0,0.0,1.0,0.0,2.0,2.0,4.0,10.0,18
310330,2018,1.0,0.0,1.0,0.0,3.0,4.0,1.0,1.0,1.0,4.0,16.0,25
310330,2019,2.0,0.0,0.0,1.0,1.0,5.0,1.0,1.0,1.0,3.0,15.0,24
310340,2012,38.0,1.0,1.0,0.0,1.0,28.0,15.0,5.0,26.0,19.0,153.0,362
310340,2013,0.0,0.0,0.0,0.0,0.0,0.0,0.0,0.0,0.0,0.0,217.0,453
310340,2014,18.0,0.0,3.0,1.0,4.0,35.0,14.0,22.0,21.0,27.0,175.0,470
310340,2015,11.0,0.0,3.0,1.0,2.0,42.0,11.0,13.0,25.0,28.0,162.0,420
310340,2016,25.0,1.0,11.0,3.0,2.0,44.0,11.0,13.0,20.0,30.0,184.0,409
310340,2017,17.0,0.0,6.0,4.0,4.0,37.0,19.0,10.0,26.0,31.0,185.0,430
310340,2018,24.0,0.0,1.0,0.0,2.0,40.0,9.0,9.0,24.0,32.0,153.0,427
310340,2019,24.0,0.0,12.0,3.0,0.0,39.0,9.0,13.0,20.0,24.0,151.0,382
310350,2012,74.0,19.0,14.0,37.0,25.0,361.0,65.0,36.0,283.0,135.0,1049.0,1425
310350,2013,0.0,0.0,0.0,0.0,0.0,0.0,0.0,0.0,0.0,0.0,1080.0,1408
310350,2014,67.0,3.0,16.0,6.0,3.0,392.0,49.0,119.0,157.0,263.0,1075.0,1387
310350,2015,97.0,3.0,15.0,6.0,3.0,410.0,27.0,124.0,110.0,348.0,1143.0,1484
310350,2016,82.0,9.0,26.0,8.0,9.0,382.0,45.0,98.0,138.0,244.0,1042.0,1378
310350,2017,60.0,6.0,35.0,9.0,2.0,364.0,47.0,54.0,181.0,194.0,953.0,1421
310350,2018,55.0,8.0,19.0,14.0,18.0,424.0,28.0,78.0,115.0,205.0,967.0,1426
310350,2019,52.0,23.0,13.0,18.0,12.0,405.0,20.0,66.0,87.0,197.0,894.0,1319
310360,2012,1.0,0.0,0.0,0.0,0.0,14.0,2.0,0.0,7.0,0.0,25.0,32
310360,2013,0.0,0.0,0.0,0.0,0.0,0.0,0.0,0.0,0.0,0.0,24.0,30
310360,2014,2.0,0.0,4.0,0.0,0.0,10.0,1.0,3.0,9.0,1.0,32.0,42
310360,2015,3.0,0.0,0.0,0.0,0.0,12.0,2.0,0.0,4.0,4.0,25.0,40
310360,2016,2.0,0.0,0.0,2.0,1.0,6.0,1.0,0.0,0.0,2.0,14.0,21
310360,2017,0.0,0.0,1.0,3.0,0.0,10.0,2.0,0.0,6.0,4.0,26.0,38
310360,2018,3.0,0.0,0.0,2.0,0.0,15.0,1.0,1.0,7.0,3.0,32.0,39
310360,2019,0.0,0.0,0.0,1.0,3.0,5.0,2.0,0.0,2.0,0.0,13.0,23
310370,2012,4.0,1.0,4.0,1.0,1.0,11.0,4.0,4.0,8.0,17.0,66.0,108
310370,2013,0.0,0.0,0.0,0.0,0.0,0.0,0.0,0.0,0.0,0.0,61.0,89
310370,2014,4.0,0.0,0.0,0.0,0.0,16.0,2.0,12.0,9.0,7.0,51.0,96
310370,2015,7.0,0.0,0.0,3.0,0.0,14.0,3.0,4.0,8.0,12.0,51.0,82
310370,2016,3.0,0.0,2.0,2.0,1.0,23.0,2.0,3.0,6.0,4.0,47.0,97
310370,2017,7.0,0.0,1.0,0.0,0.0,16.0,4.0,2.0,8.0,12.0,50.0,84
310370,2018,4.0,0.0,8.0,2.0,1.0,22.0,3.0,6.0,9.0,9.0,64.0,102
310370,2019,3.0,0.0,2.0,1.0,3.0,26.0,3.0,9.0,8.0,14.0,69.0,103
310375,2012,15.0,0.0,0.0,2.0,4.0,26.0,0.0,10.0,7.0,32.0,97.0,109
310375,2013,0.0,0.0,0.0,0.0,0.0,0.0,0.0,0.0,0.0,0.0,86.0,97
310375,2014,21.0,0.0,0.0,2.0,0.0,39.0,3.0,13.0,7.0,24.0,113.0,123
310375,2015,8.0,0.0,6.0,1.0,1.0,38.0,7.0,4.0,13.0,31.0,110.0,119
310375,2016,12.0,1.0,2.0,3.0,1.0,36.0,5.0,12.0,6.0,22.0,103.0,112
310375,2017,15.0,0.0,1.0,1.0,1.0,51.0,4.0,9.0,15.0,15.0,112.0,125
310375,2018,21.0,0.0,0.0,1.0,2.0,52.0,4.0,6.0,13.0,9.0,113.0,126
310375,2019,3.0,0.0,4.0,1.0,0.0,11.0,3.0,0.0,12.0,1.0,123.0,129
310380,2012,0.0,0.0,2.0,0.0,1.0,9.0,0.0,0.0,5.0,1.0,18.0,23
310380,2013,0.0,0.0,0.0,0.0,0.0,0.0,0.0,0.0,0.0,0.0,9.0,13
310380,2014,0.0,0.0,0.0,0.0,0.0,8.0,2.0,0.0,4.0,4.0,18.0,22
310380,2015,0.0,0.0,0.0,0.0,0.0,2.0,3.0,0.0,2.0,1.0,8.0,15
310380,2016,1.0,0.0,0.0,0.0,0.0,2.0,0.0,0.0,5.0,1.0,9.0,14
310380,2017,0.0,0.0,0.0,0.0,1.0,5.0,2.0,0.0,4.0,3.0,15.0,17
310380,2018,1.0,0.0,0.0,0.0,0.0,4.0,3.0,0.0,6.0,1.0,15.0,17
310380,2019,0.0,0.0,0.0,0.0,0.0,5.0,0.0,0.0,4.0,2.0,11.0,15
310390,2012,9.0,0.0,4.0,3.0,5.0,14.0,7.0,3.0,21.0,2.0,68.0,117
310390,2013,0.0,0.0,0.0,0.0,0.0,0.0,0.0,0.0,0.0,0.0,53.0,88
310390,2014,6.0,0.0,2.0,4.0,2.0,22.0,3.0,2.0,20.0,5.0,66.0,120
310390,2015,9.0,0.0,2.0,2.0,3.0,24.0,6.0,5.0,25.0,4.0,80.0,127
310390,2016,4.0,0.0,0.0,1.0,2.0,26.0,5.0,0.0,10.0,1.0,49.0,89
310390,2017,3.0,0.0,0.0,4.0,2.0,23.0,2.0,1.0,20.0,1.0,56.0,94
310390,2018,5.0,0.0,4.0,2.0,2.0,25.0,8.0,1.0,20.0,2.0,69.0,108
310390,2019,9.0,0.0,2.0,3.0,2.0,30.0,7.0,0.0,15.0,1.0,69.0,125
310400,2012,133.0,0.0,24.0,20.0,24.0,334.0,54.0,31.0,299.0,122.0,1062.0,1345
310400,2013,0.0,0.0,0.0,0.0,0.0,0.0,0.0,0.0,0.0,0.0,1044.0,1320
310400,2014,109.0,1.0,24.0,20.0,24.0,387.0,97.0,58.0,253.0,121.0,1147.0,1401
310400,2015,109.0,2.0,47.0,26.0,27.0,409.0,94.0,39.0,273.0,164.0,1243.0,1570
310400,2016,104.0,1.0,39.0,27.0,24.0,432.0,70.0,44.0,279.0,137.0,1202.0,1542
310400,2017,100.0,0.0,33.0,29.0,25.0,472.0,87.0,27.0,306.0,113.0,1193.0,1514
310400,2018,103.0,2.0,31.0,35.0,26.0,465.0,73.0,34.0,269.0,127.0,1198.0,1522
310400,2019,98.0,2.0,32.0,28.0,27.0,429.0,72.0,25.0,296.0,117.0,1150.0,1483
310410,2012,5.0,0.0,0.0,2.0,1.0,15.0,2.0,2.0,14.0,8.0,63.0,93
310410,2013,0.0,0.0,0.0,0.0,0.0,0.0,0.0,0.0,0.0,0.0,69.0,102
310410,2014,4.0,0.0,3.0,2.0,2.0,24.0,8.0,0.0,18.0,6.0,68.0,88
310410,2015,4.0,0.0,0.0,3.0,3.0,19.0,2.0,2.0,15.0,7.0,59.0,104
310410,2016,4.0,0.0,4.0,2.0,0.0,15.0,2.0,0.0,7.0,2.0,36.0,62
310410,2017,4.0,0.0,2.0,0.0,2.0,21.0,3.0,1.0,9.0,6.0,48.0,72
310410,2018,3.0,0.0,0.0,1.0,0.0,24.0,2.0,2.0,5.0,6.0,45.0,72
310410,2019,4.0,0.0,2.0,1.0,3.0,18.0,6.0,3.0,9.0,8.0,54.0,74
310420,2012,23.0,0.0,2.0,10.0,9.0,96.0,22.0,13.0,88.0,54.0,326.0,445
310420,2013,0.0,0.0,0.0,0.0,0.0,0.0,0.0,0.0,0.0,0.0,369.0,483
310420,2014,23.0,1.0,9.0,5.0,3.0,93.0,24.0,24.0,91.0,63.0,340.0,471
310420,2015,28.0,0.0,5.0,7.0,8.0,127.0,44.0,13.0,102.0,43.0,384.0,507
310420,2016,23.0,0.0,9.0,2.0,1.0,120.0,29.0,14.0,89.0,48.0,336.0,457
310420,2017,24.0,1.0,6.0,6.0,14.0,128.0,38.0,12.0,109.0,46.0,386.0,498
310420,2018,23.0,1.0,7.0,11.0,7.0,122.0,29.0,5.0,118.0,33.0,356.0,480
310420,2019,21.0,2.0,20.0,10.0,5.0,142.0,42.0,10.0,128.0,27.0,407.0,522
310430,2012,15.0,0.0,7.0,3.0,1.0,37.0,15.0,1.0,29.0,5.0,118.0,178
310430,2013,0.0,0.0,0.0,0.0,0.0,0.0,0.0,0.0,0.0,0.0,121.0,176
310430,2014,8.0,0.0,4.0,1.0,2.0,48.0,26.0,2.0,28.0,7.0,128.0,174
310430,2015,9.0,0.0,6.0,1.0,1.0,44.0,17.0,1.0,31.0,9.0,125.0,174
310430,2016,9.0,0.0,4.0,2.0,3.0,44.0,12.0,1.0,31.0,9.0,115.0,159
310430,2017,6.0,0.0,0.0,2.0,2.0,48.0,13.0,1.0,33.0,8.0,115.0,155
310430,2018,7.0,0.0,4.0,4.0,4.0,47.0,10.0,3.0,34.0,5.0,121.0,174
310430,2019,6.0,0.0,2.0,3.0,1.0,39.0,13.0,0.0,28.0,3.0,96.0,140
310440,2012,3.0,1.0,0.0,1.0,0.0,4.0,3.0,2.0,5.0,1.0,20.0,33
310440,2013,0.0,0.0,0.0,0.0,0.0,0.0,0.0,0.0,0.0,0.0,21.0,30
310440,2014,3.0,0.0,0.0,1.0,0.0,3.0,3.0,0.0,5.0,3.0,18.0,31
310440,2015,0.0,0.0,0.0,0.0,0.0,12.0,2.0,1.0,3.0,3.0,21.0,28
310440,2016,3.0,0.0,0.0,1.0,0.0,3.0,0.0,1.0,8.0,2.0,18.0,30
310440,2017,0.0,0.0,0.0,0.0,0.0,5.0,0.0,2.0,1.0,4.0,12.0,24
310440,2018,0.0,0.0,0.0,1.0,1.0,6.0,0.0,0.0,4.0,1.0,13.0,28
310440,2019,2.0,0.0,0.0,2.0,0.0,10.0,0.0,0.0,3.0,6.0,23.0,34
310445,2012,2.0,0.0,2.0,2.0,0.0,0.0,1.0,1.0,2.0,5.0,19.0,69
310445,2013,0.0,0.0,0.0,0.0,0.0,0.0,0.0,0.0,0.0,0.0,12.0,53
310445,2014,1.0,2.0,1.0,1.0,1.0,4.0,1.0,1.0,1.0,4.0,19.0,60
310445,2015,0.0,0.0,0.0,1.0,0.0,2.0,2.0,2.0,0.0,2.0,11.0,37
310445,2016,4.0,0.0,0.0,0.0,0.0,5.0,3.0,1.0,5.0,3.0,23.0,62
310445,2017,2.0,0.0,0.0,2.0,3.0,7.0,1.0,2.0,2.0,4.0,27.0,62
310445,2018,3.0,0.0,0.0,0.0,1.0,3.0,2.0,4.0,4.0,5.0,23.0,55
310445,2019,3.0,0.0,0.0,1.0,2.0,11.0,3.0,4.0,2.0,2.0,28.0,53
310450,2012,6.0,1.0,4.0,4.0,0.0,28.0,5.0,4.0,4.0,12.0,95.0,226
310450,2013,0.0,0.0,0.0,0.0,0.0,0.0,0.0,0.0,0.0,0.0,96.0,217
310450,2014,9.0,1.0,4.0,4.0,2.0,27.0,7.0,9.0,11.0,18.0,106.0,217
310450,2015,5.0,0.0,2.0,6.0,2.0,20.0,12.0,11.0,13.0,14.0,91.0,195
310450,2016,3.0,0.0,0.0,5.0,3.0,28.0,9.0,4.0,15.0,15.0,83.0,189
310450,2017,8.0,0.0,2.0,5.0,4.0,38.0,6.0,6.0,16.0,23.0,108.0,209
310450,2018,8.0,3.0,8.0,11.0,2.0,42.0,6.0,11.0,10.0,15.0,116.0,210
310450,2019,8.0,0.0,1.0,1.0,3.0,30.0,8.0,16.0,11.0,17.0,98.0,182
310460,2012,6.0,0.0,4.0,4.0,1.0,27.0,12.0,4.0,40.0,18.0,123.0,144
310460,2013,0.0,0.0,0.0,0.0,0.0,0.0,0.0,0.0,0.0,0.0,125.0,152
310460,2014,6.0,0.0,5.0,0.0,3.0,30.0,9.0,2.0,22.0,22.0,100.0,125
310460,2015,16.0,0.0,0.0,3.0,1.0,41.0,5.0,4.0,24.0,12.0,109.0,125
310460,2016,12.0,1.0,4.0,2.0,1.0,50.0,10.0,7.0,24.0,17.0,128.0,141
310460,2017,8.0,0.0,0.0,1.0,1.0,37.0,9.0,8.0,21.0,23.0,109.0,127
310460,2018,11.0,1.0,0.0,2.0,0.0,43.0,7.0,6.0,23.0,17.0,112.0,131
310460,2019,7.0,1.0,6.0,0.0,1.0,38.0,7.0,5.0,21.0,30.0,118.0,140
310470,2012,12.0,0.0,0.0,0.0,1.0,27.0,4.0,3.0,18.0,12.0,81.0,167
310470,2013,0.0,0.0,0.0,0.0,0.0,0.0,0.0,0.0,0.0,0.0,66.0,156
310470,2014,6.0,1.0,5.0,2.0,3.0,20.0,7.0,1.0,10.0,16.0,72.0,167
310470,2015,3.0,0.0,0.0,1.0,1.0,19.0,3.0,3.0,12.0,10.0,57.0,140
310470,2016,6.0,0.0,0.0,2.0,2.0,20.0,8.0,6.0,6.0,7.0,61.0,133
310470,2017,6.0,0.0,0.0,2.0,0.0,11.0,4.0,5.0,4.0,12.0,67.0,144
310470,2018,8.0,0.0,0.0,2.0,2.0,22.0,7.0,0.0,6.0,10.0,61.0,132
310470,2019,4.0,1.0,0.0,4.0,1.0,15.0,6.0,6.0,5.0,8.0,55.0,124
310480,2012,2.0,0.0,2.0,3.0,1.0,7.0,2.0,2.0,6.0,2.0,27.0,58
310480,2013,0.0,0.0,0.0,0.0,0.0,0.0,0.0,0.0,0.0,0.0,18.0,47
310480,2014,2.0,0.0,0.0,2.0,2.0,11.0,3.0,1.0,5.0,2.0,28.0,62
310480,2015,0.0,0.0,3.0,1.0,4.0,5.0,4.0,0.0,3.0,2.0,22.0,53
310480,2016,3.0,0.0,2.0,1.0,2.0,6.0,1.0,0.0,3.0,1.0,19.0,51
310480,2017,3.0,0.0,0.0,3.0,0.0,5.0,2.0,1.0,4.0,3.0,21.0,38
310480,2018,4.0,0.0,2.0,0.0,0.0,12.0,2.0,2.0,8.0,1.0,31.0,53
310480,2019,3.0,0.0,0.0,1.0,1.0,7.0,0.0,1.0,8.0,2.0,23.0,46
310490,2012,12.0,1.0,2.0,1.0,2.0,39.0,8.0,3.0,37.0,21.0,129.0,170
310490,2013,0.0,0.0,0.0,0.0,0.0,0.0,0.0,0.0,0.0,0.0,137.0,188
310490,2014,8.0,0.0,6.0,1.0,0.0,42.0,9.0,5.0,22.0,32.0,125.0,167
310490,2015,9.0,0.0,4.0,1.0,5.0,54.0,3.0,12.0,29.0,40.0,157.0,196
310490,2016,15.0,2.0,4.0,6.0,4.0,59.0,1.0,13.0,23.0,30.0,157.0,201
310490,2017,9.0,0.0,0.0,3.0,4.0,53.0,10.0,19.0,16.0,49.0,163.0,189
310490,2018,21.0,0.0,8.0,0.0,0.0,61.0,4.0,4.0,24.0,50.0,172.0,203
310490,2019,16.0,0.0,6.0,1.0,1.0,78.0,4.0,13.0,21.0,34.0,174.0,212
310500,2012,3.0,0.0,0.0,0.0,2.0,6.0,0.0,0.0,9.0,7.0,29.0,86
310500,2013,0.0,0.0,0.0,0.0,0.0,0.0,0.0,0.0,0.0,0.0,39.0,96
310500,2014,2.0,0.0,3.0,1.0,0.0,14.0,3.0,1.0,16.0,3.0,47.0,106
310500,2015,4.0,0.0,0.0,0.0,0.0,8.0,4.0,1.0,9.0,5.0,35.0,86
310500,2016,2.0,0.0,0.0,1.0,0.0,9.0,2.0,4.0,4.0,6.0,30.0,95
310500,2017,3.0,1.0,1.0,1.0,1.0,8.0,1.0,4.0,10.0,3.0,33.0,75
310500,2018,3.0,0.0,0.0,0.0,1.0,15.0,6.0,3.0,4.0,3.0,35.0,72
310500,2019,4.0,0.0,2.0,0.0,0.0,12.0,6.0,0.0,6.0,5.0,35.0,74
310510,2012,7.0,1.0,2.0,2.0,2.0,17.0,1.0,2.0,14.0,6.0,158.0,219
310510,2013,0.0,0.0,0.0,0.0,0.0,0.0,0.0,0.0,0.0,0.0,166.0,226
310510,2014,6.0,1.0,12.0,0.0,1.0,32.0,6.0,5.0,23.0,36.0,195.0,251
310510,2015,10.0,0.0,5.0,0.0,0.0,40.0,6.0,13.0,14.0,38.0,162.0,203
310510,2016,15.0,1.0,2.0,2.0,1.0,51.0,6.0,19.0,36.0,43.0,176.0,220
310510,2017,7.0,0.0,1.0,9.0,7.0,50.0,8.0,10.0,33.0,42.0,169.0,234
310510,2018,13.0,0.0,4.0,4.0,1.0,59.0,15.0,10.0,32.0,26.0,164.0,220
310510,2019,13.0,1.0,4.0,5.0,1.0,76.0,16.0,6.0,36.0,19.0,177.0,234
310520,2012,0.0,0.0,2.0,1.0,0.0,2.0,0.0,0.0,0.0,3.0,9.0,37
310520,2013,0.0,0.0,0.0,0.0,0.0,0.0,0.0,0.0,0.0,0.0,7.0,22
310520,2014,0.0,0.0,0.0,0.0,0.0,3.0,1.0,0.0,1.0,0.0,5.0,25
310520,2015,0.0,0.0,2.0,0.0,0.0,0.0,1.0,0.0,1.0,2.0,8.0,33
310520,2016,0.0,0.0,0.0,0.0,0.0,0.0,0.0,1.0,1.0,0.0,4.0,52
310520,2017,0.0,0.0,0.0,0.0,0.0,2.0,0.0,0.0,0.0,0.0,2.0,37
310520,2018,0.0,0.0,0.0,0.0,1.0,0.0,0.0,0.0,0.0,0.0,1.0,39
310520,2019,0.0,0.0,0.0,0.0,0.0,1.0,1.0,2.0,1.0,0.0,5.0,39
310530,2012,9.0,0.0,2.0,0.0,2.0,17.0,2.0,1.0,9.0,8.0,52.0,72
310530,2013,0.0,0.0,0.0,0.0,0.0,0.0,0.0,0.0,0.0,0.0,61.0,78
310530,2014,3.0,0.0,0.0,2.0,1.0,8.0,3.0,2.0,12.0,7.0,45.0,60
310530,2015,5.0,0.0,4.0,0.0,1.0,13.0,1.0,5.0,5.0,6.0,44.0,63
310530,2016,0.0,0.0,0.0,1.0,1.0,6.0,2.0,3.0,5.0,10.0,37.0,49
310530,2017,4.0,0.0,0.0,3.0,0.0,17.0,1.0,2.0,15.0,6.0,48.0,68
310530,2018,5.0,0.0,0.0,2.0,1.0,17.0,1.0,4.0,18.0,6.0,54.0,79
310530,2019,2.0,0.0,2.0,1.0,1.0,22.0,5.0,2.0,10.0,4.0,49.0,73
310540,2012,18.0,0.0,8.0,3.0,4.0,81.0,9.0,10.0,47.0,34.0,221.0,372
310540,2013,0.0,0.0,0.0,0.0,0.0,0.0,0.0,0.0,0.0,0.0,276.0,419
310540,2014,16.0,0.0,11.0,5.0,9.0,100.0,20.0,19.0,51.0,74.0,309.0,463
310540,2015,13.0,0.0,3.0,5.0,8.0,64.0,8.0,9.0,36.0,25.0,278.0,453
310540,2016,22.0,0.0,4.0,11.0,4.0,93.0,21.0,20.0,39.0,48.0,268.0,407
310540,2017,12.0,0.0,2.0,8.0,5.0,129.0,26.0,10.0,44.0,11.0,247.0,371
310540,2018,24.0,0.0,8.0,9.0,4.0,112.0,20.0,7.0,44.0,9.0,237.0,354
310540,2019,29.0,0.0,6.0,5.0,4.0,113.0,6.0,8.0,59.0,47.0,279.0,401
310550,2012,38.0,0.0,0.0,1.0,0.0,0.0,0.0,0.0,0.0,2.0,41.0,66
310550,2013,0.0,0.0,0.0,0.0,0.0,0.0,0.0,0.0,0.0,0.0,16.0,30
310550,2014,0.0,0.0,0.0,0.0,0.0,3.0,1.0,0.0,0.0,2.0,31.0,46
310550,2015,0.0,0.0,0.0,0.0,0.0,1.0,1.0,2.0,0.0,2.0,35.0,60
310550,2016,1.0,0.0,0.0,0.0,0.0,9.0,0.0,6.0,0.0,8.0,24.0,46
310550,2017,2.0,0.0,0.0,0.0,0.0,7.0,0.0,3.0,1.0,4.0,17.0,39
310550,2018,1.0,0.0,0.0,0.0,2.0,14.0,4.0,1.0,7.0,4.0,33.0,49
310550,2019,4.0,1.0,0.0,0.0,0.0,9.0,2.0,0.0,6.0,8.0,31.0,39
310560,2012,100.0,32.0,27.0,90.0,92.0,172.0,40.0,19.0,173.0,90.0,990.0,1431
310560,2013,0.0,0.0,0.0,0.0,0.0,0.0,0.0,0.0,0.0,0.0,1042.0,1469
310560,2014,72.0,6.0,17.0,189.0,174.0,215.0,48.0,23.0,185.0,66.0,1048.0,1478
310560,2015,106.0,2.0,33.0,205.0,168.0,199.0,63.0,23.0,173.0,53.0,1089.0,1502
310560,2016,102.0,1.0,17.0,101.0,77.0,214.0,47.0,33.0,152.0,118.0,963.0,1365
310560,2017,117.0,0.0,42.0,110.0,66.0,241.0,69.0,28.0,211.0,82.0,996.0,1370
310560,2018,149.0,1.0,35.0,72.0,54.0,342.0,66.0,38.0,224.0,95.0,1078.0,1486
310560,2019,116.0,0.0,35.0,55.0,36.0,353.0,69.0,31.0,205.0,81.0,981.0,1410
310570,2012,6.0,0.0,2.0,0.0,0.0,7.0,3.0,2.0,5.0,2.0,27.0,65
310570,2013,0.0,0.0,0.0,0.0,0.0,0.0,0.0,0.0,0.0,0.0,20.0,45
310570,2014,2.0,0.0,0.0,0.0,0.0,6.0,5.0,0.0,10.0,1.0,28.0,51
310570,2015,0.0,0.0,0.0,1.0,0.0,5.0,3.0,0.0,6.0,0.0,15.0,36
310570,2016,3.0,0.0,0.0,0.0,0.0,7.0,7.0,1.0,12.0,1.0,31.0,57
310570,2017,6.0,0.0,6.0,2.0,0.0,6.0,6.0,0.0,8.0,0.0,34.0,52
310570,2018,3.0,1.0,0.0,0.0,1.0,6.0,4.0,0.0,4.0,0.0,20.0,39
310570,2019,3.0,0.0,0.0,0.0,1.0,7.0,6.0,0.0,4.0,0.0,23.0,49
310590,2012,40.0,0.0,1.0,3.0,4.0,34.0,13.0,9.0,33.0,14.0,205.0,293
310590,2013,0.0,0.0,0.0,0.0,0.0,0.0,0.0,0.0,0.0,0.0,194.0,259
310590,2014,14.0,0.0,6.0,6.0,8.0,66.0,4.0,16.0,27.0,28.0,199.0,255
310590,2015,21.0,0.0,6.0,6.0,7.0,58.0,7.0,14.0,14.0,44.0,203.0,259
310590,2016,20.0,0.0,9.0,4.0,4.0,48.0,7.0,10.0,25.0,26.0,181.0,228
310590,2017,11.0,0.0,8.0,1.0,5.0,49.0,11.0,13.0,26.0,44.0,180.0,238
310590,2018,19.0,0.0,9.0,2.0,1.0,61.0,13.0,16.0,22.0,40.0,196.0,238
310590,2019,30.0,1.0,4.0,6.0,3.0,79.0,7.0,7.0,19.0,42.0,209.0,258
310600,2012,5.0,1.0,4.0,3.0,3.0,24.0,2.0,1.0,20.0,9.0,76.0,126
310600,2013,0.0,0.0,0.0,0.0,0.0,0.0,0.0,0.0,0.0,0.0,74.0,124
310600,2014,7.0,0.0,4.0,3.0,1.0,28.0,4.0,3.0,15.0,13.0,80.0,139
310600,2015,6.0,0.0,4.0,5.0,0.0,26.0,4.0,3.0,20.0,6.0,78.0,130
310600,2016,4.0,0.0,0.0,1.0,2.0,17.0,7.0,8.0,14.0,10.0,66.0,132
310600,2017,5.0,0.0,0.0,2.0,1.0,23.0,4.0,1.0,17.0,8.0,70.0,119
310600,2018,1.0,0.0,6.0,4.0,3.0,29.0,10.0,3.0,23.0,5.0,90.0,139
310600,2019,4.0,1.0,2.0,0.0,3.0,22.0,6.0,3.0,15.0,11.0,71.0,110
310610,2012,4.0,0.0,2.0,1.0,3.0,5.0,4.0,2.0,5.0,2.0,28.0,42
310610,2013,0.0,0.0,0.0,0.0,0.0,0.0,0.0,0.0,0.0,0.0,19.0,34
310610,2014,1.0,0.0,0.0,0.0,0.0,3.0,1.0,1.0,3.0,2.0,11.0,34
310610,2015,1.0,0.0,0.0,0.0,0.0,4.0,0.0,1.0,6.0,1.0,14.0,31
310610,2016,0.0,0.0,1.0,0.0,0.0,6.0,3.0,1.0,1.0,0.0,12.0,27
310610,2017,0.0,1.0,1.0,1.0,0.0,6.0,0.0,0.0,1.0,2.0,12.0,30
310610,2018,0.0,0.0,0.0,1.0,0.0,9.0,0.0,0.0,4.0,0.0,14.0,34
310610,2019,0.0,0.0,0.0,0.0,1.0,3.0,2.0,0.0,2.0,0.0,8.0,19
310620,2012,1760.0,31.0,679.0,341.0,446.0,4895.0,944.0,266.0,6062.0,1190.0,16745.0,32124
310620,2013,0.0,0.0,0.0,0.0,0.0,0.0,0.0,0.0,0.0,0.0,16460.0,31381
310620,2014,1350.0,36.0,644.0,439.0,506.0,4973.0,1513.0,313.0,5381.0,759.0,15950.0,31732
310620,2015,1266.0,24.0,643.0,417.0,442.0,5039.0,1404.0,339.0,5102.0,654.0,15386.0,32080
310620,2016,1231.0,29.0,673.0,425.0,440.0,4561.0,1310.0,204.0,4576.0,519.0,13988.0,29648
310620,2017,1232.0,32.0,669.0,484.0,493.0,4814.0,1333.0,206.0,4507.0,514.0,14294.0,30144
310620,2018,1348.0,33.0,677.0,483.0,557.0,4663.0,1277.0,306.0,3985.0,740.0,14084.0,29813
310620,2019,1290.0,20.0,643.0,496.0,498.0,4590.0,1188.0,280.0,3524.0,784.0,13323.0,28610
310630,2012,20.0,1.0,0.0,3.0,4.0,48.0,7.0,9.0,39.0,27.0,169.0,357
310630,2013,0.0,0.0,0.0,0.0,0.0,0.0,0.0,0.0,0.0,0.0,174.0,346
310630,2014,10.0,1.0,3.0,7.0,4.0,60.0,16.0,16.0,40.0,24.0,184.0,340
310630,2015,13.0,0.0,9.0,2.0,4.0,61.0,13.0,11.0,26.0,36.0,177.0,345
310630,2016,13.0,0.0,6.0,8.0,4.0,56.0,12.0,8.0,36.0,14.0,157.0,316
310630,2017,12.0,0.0,5.0,4.0,1.0,58.0,19.0,4.0,28.0,9.0,140.0,304
310630,2018,16.0,1.0,4.0,5.0,3.0,58.0,14.0,7.0,24.0,9.0,143.0,331
310630,2019,12.0,1.0,5.0,9.0,2.0,83.0,23.0,13.0,34.0,5.0,187.0,353
310640,2012,3.0,0.0,0.0,2.0,2.0,14.0,0.0,3.0,11.0,16.0,57.0,81
310640,2013,0.0,0.0,0.0,0.0,0.0,0.0,0.0,0.0,0.0,0.0,62.0,87
310640,2014,4.0,1.0,0.0,1.0,3.0,16.0,6.0,2.0,17.0,5.0,56.0,90
310640,2015,3.0,0.0,2.0,1.0,0.0,19.0,5.0,0.0,13.0,3.0,46.0,92
310640,2016,2.0,0.0,0.0,0.0,0.0,15.0,5.0,1.0,11.0,15.0,49.0,97
310640,2017,5.0,0.0,2.0,1.0,0.0,30.0,2.0,3.0,6.0,12.0,61.0,109
310640,2018,5.0,0.0,0.0,2.0,0.0,18.0,1.0,4.0,2.0,7.0,39.0,90
310640,2019,1.0,0.0,0.0,0.0,0.0,21.0,3.0,5.0,7.0,8.0,46.0,93
310650,2012,6.0,0.0,2.0,0.0,0.0,5.0,2.0,2.0,2.0,3.0,22.0,102
310650,2013,0.0,0.0,0.0,0.0,0.0,0.0,0.0,0.0,0.0,0.0,29.0,96
310650,2014,4.0,0.0,0.0,0.0,0.0,8.0,2.0,6.0,4.0,1.0,31.0,117
310650,2015,4.0,0.0,0.0,0.0,3.0,2.0,3.0,2.0,4.0,1.0,21.0,89
310650,2016,3.0,0.0,2.0,3.0,0.0,6.0,5.0,1.0,1.0,2.0,24.0,85
310650,2017,3.0,0.0,2.0,1.0,0.0,9.0,1.0,0.0,4.0,4.0,25.0,84
310650,2018,2.0,0.0,2.0,2.0,2.0,5.0,2.0,1.0,4.0,3.0,28.0,88
310650,2019,4.0,0.0,0.0,1.0,1.0,8.0,4.0,4.0,2.0,2.0,31.0,99
310660,2012,0.0,0.0,0.0,2.0,1.0,5.0,1.0,2.0,2.0,1.0,15.0,98
310660,2013,0.0,0.0,0.0,0.0,0.0,0.0,0.0,0.0,0.0,0.0,18.0,89
310660,2014,1.0,0.0,0.0,2.0,0.0,8.0,3.0,3.0,3.0,1.0,22.0,96
310660,2015,2.0,2.0,0.0,1.0,0.0,4.0,3.0,1.0,5.0,3.0,21.0,93
310660,2016,1.0,0.0,2.0,1.0,0.0,9.0,1.0,0.0,0.0,7.0,22.0,73
310660,2017,2.0,2.0,2.0,0.0,1.0,6.0,4.0,1.0,1.0,2.0,22.0,83
310660,2018,0.0,0.0,0.0,1.0,1.0,7.0,1.0,1.0,2.0,5.0,18.0,93
310660,2019,0.0,0.0,0.0,1.0,0.0,3.0,2.0,0.0,2.0,4.0,12.0,76
310665,2012,1.0,0.0,0.0,1.0,1.0,6.0,5.0,0.0,10.0,0.0,26.0,55
310665,2013,0.0,0.0,0.0,0.0,0.0,0.0,0.0,0.0,0.0,0.0,34.0,59
310665,2014,0.0,0.0,2.0,1.0,1.0,6.0,6.0,1.0,7.0,2.0,26.0,44
310665,2015,2.0,0.0,0.0,0.0,1.0,8.0,8.0,2.0,14.0,6.0,42.0,62
310665,2016,0.0,0.0,2.0,0.0,1.0,5.0,2.0,1.0,8.0,3.0,23.0,44
310665,2017,2.0,0.0,0.0,3.0,0.0,7.0,5.0,5.0,5.0,7.0,34.0,56
310665,2018,2.0,1.0,0.0,0.0,0.0,11.0,5.0,3.0,8.0,4.0,34.0,54
310665,2019,6.0,3.0,0.0,3.0,0.0,8.0,2.0,3.0,8.0,5.0,38.0,64
310670,2012,245.0,10.0,85.0,98.0,82.0,666.0,139.0,53.0,670.0,196.0,2827.0,6111
310670,2013,0.0,0.0,0.0,0.0,0.0,0.0,0.0,0.0,0.0,0.0,3051.0,6385
310670,2014,298.0,11.0,95.0,127.0,98.0,932.0,350.0,64.0,890.0,145.0,3071.0,6507
310670,2015,260.0,18.0,120.0,123.0,105.0,987.0,272.0,81.0,734.0,177.0,2949.0,6454
310670,2016,196.0,5.0,116.0,121.0,109.0,884.0,279.0,72.0,694.0,170.0,2703.0,6048
310670,2017,249.0,5.0,116.0,115.0,98.0,883.0,271.0,76.0,674.0,172.0,2685.0,5917
310670,2018,242.0,10.0,108.0,138.0,93.0,992.0,299.0,71.0,684.0,174.0,2838.0,6089
310670,2019,226.0,3.0,131.0,120.0,94.0,949.0,232.0,81.0,533.0,167.0,2586.0,5664
310680,2012,1.0,0.0,2.0,1.0,0.0,6.0,0.0,1.0,1.0,1.0,14.0,37
310680,2013,0.0,0.0,0.0,0.0,0.0,0.0,0.0,0.0,0.0,0.0,9.0,32
310680,2014,1.0,0.0,0.0,1.0,1.0,1.0,3.0,0.0,1.0,0.0,8.0,27
310680,2015,3.0,0.0,0.0,0.0,0.0,3.0,0.0,0.0,4.0,4.0,15.0,24
310680,2016,2.0,0.0,2.0,0.0,1.0,3.0,1.0,0.0,1.0,1.0,11.0,24
310680,2017,1.0,0.0,2.0,0.0,1.0,3.0,1.0,1.0,4.0,1.0,14.0,26
310680,2018,0.0,0.0,0.0,0.0,0.0,3.0,1.0,0.0,3.0,1.0,8.0,23
310680,2019,1.0,0.0,2.0,0.0,0.0,1.0,2.0,1.0,2.0,0.0,9.0,22
310690,2012,9.0,0.0,0.0,2.0,4.0,21.0,10.0,1.0,27.0,4.0,86.0,153
310690,2013,0.0,0.0,0.0,0.0,0.0,0.0,0.0,0.0,0.0,0.0,97.0,181
310690,2014,6.0,0.0,3.0,3.0,1.0,25.0,9.0,2.0,16.0,2.0,70.0,138
310690,2015,7.0,0.0,0.0,3.0,2.0,22.0,10.0,0.0,25.0,4.0,77.0,171
310690,2016,4.0,2.0,0.0,2.0,0.0,26.0,4.0,2.0,18.0,6.0,64.0,116
310690,2017,9.0,0.0,0.0,2.0,1.0,24.0,10.0,2.0,18.0,9.0,75.0,147
310690,2018,4.0,0.0,2.0,2.0,2.0,35.0,8.0,3.0,27.0,3.0,87.0,153
310690,2019,2.0,0.0,10.0,3.0,1.0,33.0,10.0,0.0,13.0,5.0,78.0,143
310700,2012,1.0,0.0,0.0,1.0,2.0,1.0,0.0,0.0,2.0,1.0,8.0,28
310700,2013,0.0,0.0,0.0,0.0,0.0,0.0,0.0,0.0,0.0,0.0,11.0,25
310700,2014,0.0,0.0,2.0,1.0,0.0,4.0,1.0,1.0,1.0,2.0,12.0,28
310700,2015,0.0,0.0,0.0,0.0,0.0,3.0,2.0,0.0,0.0,0.0,5.0,24
310700,2016,2.0,0.0,0.0,0.0,0.0,5.0,1.0,0.0,0.0,3.0,11.0,23
310700,2017,0.0,0.0,0.0,0.0,0.0,3.0,2.0,0.0,4.0,0.0,9.0,18
310700,2018,1.0,0.0,0.0,0.0,0.0,0.0,2.0,0.0,0.0,1.0,4.0,16
310700,2019,0.0,0.0,0.0,0.0,2.0,0.0,2.0,1.0,1.0,1.0,7.0,13
310710,2012,18.0,3.0,10.0,7.0,7.0,79.0,11.0,16.0,34.0,57.0,282.0,508
310710,2013,0.0,0.0,0.0,0.0,0.0,0.0,0.0,0.0,0.0,0.0,312.0,515
310710,2014,19.0,1.0,2.0,5.0,3.0,108.0,30.0,12.0,35.0,59.0,286.0,519
310710,2015,19.0,4.0,7.0,6.0,3.0,137.0,26.0,18.0,49.0,45.0,319.0,530
310710,2016,34.0,2.0,10.0,11.0,4.0,138.0,27.0,16.0,67.0,56.0,366.0,567
310710,2017,30.0,4.0,5.0,7.0,8.0,113.0,25.0,20.0,70.0,61.0,343.0,534
310710,2018,26.0,5.0,5.0,6.0,6.0,156.0,26.0,25.0,58.0,56.0,369.0,563
310710,2019,28.0,2.0,10.0,12.0,2.0,156.0,24.0,18.0,71.0,76.0,400.0,576
310720,2012,2.0,0.0,2.0,0.0,1.0,9.0,4.0,1.0,8.0,3.0,30.0,40
310720,2013,0.0,0.0,0.0,0.0,0.0,0.0,0.0,0.0,0.0,0.0,23.0,25
310720,2014,2.0,0.0,0.0,5.0,1.0,8.0,4.0,5.0,12.0,1.0,39.0,44
310720,2015,1.0,0.0,0.0,4.0,3.0,10.0,3.0,1.0,7.0,1.0,31.0,43
310720,2016,3.0,0.0,0.0,4.0,0.0,7.0,3.0,0.0,9.0,1.0,27.0,34
310720,2017,2.0,0.0,0.0,2.0,0.0,6.0,5.0,2.0,14.0,2.0,33.0,39
310720,2018,2.0,0.0,0.0,3.0,4.0,12.0,0.0,1.0,8.0,2.0,32.0,43
310720,2019,0.0,1.0,1.0,4.0,1.0,9.0,0.0,0.0,6.0,0.0,22.0,30
310730,2012,32.0,1.0,7.0,7.0,4.0,82.0,13.0,6.0,39.0,37.0,257.0,711
310730,2013,0.0,0.0,0.0,0.0,0.0,0.0,0.0,0.0,0.0,0.0,266.0,634
310730,2014,15.0,1.0,8.0,6.0,11.0,79.0,3.0,30.0,28.0,78.0,273.0,696
310730,2015,17.0,2.0,6.0,5.0,6.0,82.0,8.0,28.0,14.0,79.0,267.0,672
310730,2016,16.0,0.0,7.0,6.0,8.0,81.0,7.0,23.0,18.0,93.0,282.0,660
310730,2017,12.0,7.0,12.0,11.0,7.0,90.0,12.0,22.0,15.0,68.0,288.0,650
310730,2018,23.0,1.0,9.0,6.0,4.0,88.0,23.0,25.0,36.0,56.0,300.0,653
310730,2019,17.0,1.0,13.0,7.0,9.0,93.0,22.0,16.0,49.0,55.0,316.0,666
310740,2012,26.0,0.0,8.0,5.0,10.0,70.0,17.0,7.0,51.0,30.0,227.0,596
310740,2013,0.0,0.0,0.0,0.0,0.0,0.0,0.0,0.0,0.0,0.0,231.0,567
310740,2014,12.0,1.0,9.0,6.0,11.0,50.0,24.0,4.0,50.0,15.0,252.0,612
310740,2015,32.0,2.0,12.0,12.0,6.0,95.0,37.0,7.0,82.0,12.0,300.0,661
310740,2016,36.0,1.0,7.0,10.0,8.0,84.0,35.0,6.0,81.0,17.0,287.0,655
310740,2017,18.0,0.0,10.0,13.0,11.0,92.0,44.0,8.0,105.0,22.0,327.0,670
310740,2018,40.0,1.0,17.0,10.0,16.0,118.0,56.0,9.0,104.0,19.0,390.0,745
310740,2019,29.0,1.0,18.0,9.0,13.0,81.0,33.0,16.0,73.0,20.0,296.0,641
310750,2012,3.0,0.0,2.0,4.0,0.0,5.0,0.0,1.0,6.0,2.0,54.0,75
310750,2013,0.0,0.0,0.0,0.0,0.0,0.0,0.0,0.0,0.0,0.0,44.0,69
310750,2014,2.0,0.0,2.0,0.0,1.0,13.0,5.0,0.0,12.0,2.0,57.0,71
310750,2015,2.0,0.0,0.0,1.0,1.0,12.0,2.0,0.0,11.0,2.0,48.0,79
310750,2016,5.0,1.0,3.0,2.0,2.0,28.0,6.0,4.0,5.0,5.0,61.0,82
310750,2017,5.0,0.0,0.0,0.0,0.0,18.0,3.0,2.0,15.0,3.0,46.0,69
310750,2018,4.0,0.0,0.0,4.0,0.0,20.0,7.0,1.0,5.0,3.0,44.0,61
310750,2019,0.0,0.0,0.0,0.0,1.0,13.0,5.0,1.0,12.0,6.0,38.0,48
310760,2012,2.0,0.0,4.0,3.0,2.0,14.0,3.0,0.0,14.0,2.0,44.0,63
310760,2013,0.0,0.0,0.0,0.0,0.0,0.0,0.0,0.0,0.0,0.0,21.0,36
310760,2014,2.0,0.0,0.0,1.0,0.0,11.0,4.0,0.0,7.0,3.0,29.0,45
310760,2015,3.0,0.0,0.0,2.0,1.0,9.0,4.0,0.0,3.0,1.0,23.0,43
310760,2016,4.0,0.0,0.0,2.0,0.0,3.0,1.0,1.0,5.0,0.0,17.0,25
310760,2017,0.0,0.0,0.0,0.0,2.0,13.0,2.0,3.0,3.0,0.0,23.0,37
310760,2018,5.0,0.0,0.0,0.0,2.0,12.0,3.0,3.0,7.0,3.0,35.0,53
310760,2019,1.0,0.0,0.0,1.0,2.0,12.0,2.0,0.0,10.0,3.0,31.0,50
310770,2012,1.0,0.0,0.0,1.0,1.0,6.0,4.0,0.0,7.0,2.0,26.0,67
310770,2013,0.0,0.0,0.0,0.0,0.0,0.0,0.0,0.0,0.0,0.0,23.0,56
310770,2014,3.0,0.0,2.0,2.0,1.0,6.0,6.0,2.0,8.0,3.0,34.0,90
310770,2015,3.0,0.0,1.0,1.0,2.0,10.0,2.0,1.0,10.0,2.0,33.0,65
310770,2016,4.0,0.0,2.0,1.0,1.0,16.0,5.0,0.0,6.0,2.0,37.0,75
310770,2017,1.0,0.0,0.0,3.0,1.0,11.0,2.0,2.0,6.0,5.0,31.0,74
310770,2018,1.0,0.0,0.0,1.0,0.0,11.0,1.0,2.0,17.0,0.0,33.0,85
310770,2019,2.0,0.0,0.0,1.0,2.0,13.0,8.0,0.0,7.0,0.0,33.0,74
310780,2012,12.0,0.0,0.0,0.0,2.0,25.0,2.0,2.0,21.0,10.0,124.0,184
310780,2013,0.0,0.0,0.0,0.0,0.0,0.0,0.0,0.0,0.0,0.0,116.0,170
310780,2014,7.0,0.0,0.0,1.0,2.0,25.0,3.0,13.0,8.0,11.0,93.0,180
310780,2015,5.0,0.0,1.0,2.0,0.0,25.0,11.0,3.0,19.0,14.0,127.0,189
310780,2016,8.0,2.0,5.0,2.0,3.0,30.0,2.0,1.0,28.0,4.0,104.0,162
310780,2017,6.0,2.0,4.0,8.0,2.0,27.0,6.0,1.0,16.0,2.0,87.0,155
310780,2018,8.0,1.0,6.0,1.0,2.0,42.0,7.0,3.0,23.0,6.0,104.0,171
310780,2019,7.0,1.0,4.0,2.0,2.0,43.0,14.0,4.0,18.0,11.0,106.0,153
310790,2012,4.0,0.0,1.0,1.0,2.0,22.0,2.0,2.0,13.0,7.0,69.0,116
310790,2013,0.0,0.0,0.0,0.0,0.0,0.0,0.0,0.0,0.0,0.0,67.0,124
310790,2014,4.0,0.0,2.0,1.0,0.0,20.0,7.0,3.0,15.0,10.0,65.0,108
310790,2015,8.0,0.0,3.0,1.0,3.0,23.0,9.0,5.0,17.0,16.0,87.0,136
310790,2016,5.0,0.0,2.0,1.0,0.0,26.0,1.0,1.0,20.0,17.0,75.0,141
310790,2017,6.0,0.0,0.0,2.0,0.0,33.0,7.0,7.0,18.0,12.0,95.0,145
310790,2018,9.0,1.0,7.0,2.0,0.0,36.0,9.0,2.0,15.0,10.0,97.0,159
310790,2019,6.0,0.0,0.0,3.0,1.0,31.0,9.0,5.0,17.0,12.0,90.0,149
310800,2012,15.0,0.0,6.0,2.0,4.0,37.0,1.0,5.0,32.0,16.0,121.0,199
310800,2013,0.0,0.0,0.0,0.0,0.0,0.0,0.0,0.0,0.0,0.0,96.0,171
310800,2014,4.0,0.0,2.0,2.0,1.0,16.0,2.0,3.0,10.0,9.0,105.0,185
310800,2015,5.0,0.0,5.0,2.0,0.0,20.0,3.0,5.0,11.0,7.0,115.0,193
310800,2016,8.0,0.0,2.0,0.0,2.0,40.0,7.0,6.0,26.0,10.0,105.0,157
310800,2017,13.0,2.0,5.0,2.0,1.0,42.0,2.0,5.0,18.0,12.0,111.0,179
310800,2018,8.0,1.0,7.0,3.0,0.0,38.0,6.0,8.0,20.0,15.0,106.0,182
310800,2019,9.0,0.0,5.0,3.0,1.0,35.0,7.0,3.0,26.0,15.0,104.0,155
310810,2012,2.0,1.0,2.0,1.0,0.0,4.0,1.0,0.0,7.0,1.0,20.0,41
310810,2013,0.0,0.0,0.0,0.0,0.0,0.0,0.0,0.0,0.0,0.0,18.0,45
310810,2014,0.0,0.0,0.0,2.0,2.0,10.0,1.0,0.0,5.0,3.0,24.0,63
310810,2015,1.0,0.0,0.0,2.0,1.0,8.0,2.0,2.0,6.0,0.0,22.0,48
310810,2016,2.0,0.0,2.0,0.0,0.0,5.0,5.0,0.0,5.0,0.0,20.0,54
310810,2017,1.0,0.0,0.0,1.0,2.0,7.0,2.0,1.0,8.0,4.0,26.0,51
310810,2018,1.0,0.0,6.0,1.0,0.0,4.0,0.0,1.0,5.0,0.0,18.0,56
310810,2019,3.0,0.0,4.0,1.0,2.0,4.0,2.0,2.0,1.0,2.0,21.0,49
310820,2012,3.0,0.0,4.0,1.0,0.0,6.0,2.0,0.0,3.0,2.0,29.0,57
310820,2013,0.0,0.0,0.0,0.0,0.0,0.0,0.0,0.0,0.0,0.0,26.0,55
310820,2014,3.0,0.0,2.0,1.0,1.0,9.0,4.0,1.0,6.0,3.0,33.0,57
310820,2015,3.0,0.0,0.0,0.0,0.0,15.0,2.0,3.0,9.0,5.0,40.0,69
310820,2016,2.0,0.0,0.0,0.0,0.0,9.0,5.0,5.0,3.0,5.0,29.0,54
310820,2017,2.0,0.0,0.0,2.0,1.0,8.0,4.0,4.0,5.0,5.0,31.0,62
310820,2018,1.0,0.0,2.0,1.0,2.0,15.0,1.0,6.0,4.0,5.0,37.0,64
310820,2019,3.0,0.0,0.0,1.0,3.0,20.0,5.0,8.0,11.0,3.0,54.0,75
310825,2012,1.0,0.0,0.0,0.0,1.0,7.0,2.0,3.0,7.0,7.0,29.0,102
310825,2013,0.0,0.0,0.0,0.0,0.0,0.0,0.0,0.0,0.0,0.0,22.0,114
310825,2014,0.0,0.0,0.0,0.0,0.0,14.0,2.0,3.0,5.0,3.0,28.0,118
310825,2015,5.0,1.0,3.0,0.0,1.0,8.0,2.0,2.0,1.0,6.0,29.0,147
310825,2016,0.0,0.0,0.0,1.0,0.0,10.0,2.0,3.0,4.0,9.0,29.0,136
310825,2017,1.0,0.0,2.0,2.0,0.0,16.0,11.0,2.0,8.0,3.0,45.0,134
310825,2018,1.0,0.0,2.0,1.0,2.0,17.0,6.0,5.0,4.0,7.0,45.0,122
310825,2019,1.0,0.0,0.0,1.0,1.0,10.0,4.0,2.0,9.0,6.0,34.0,112
310830,2012,12.0,0.0,2.0,5.0,6.0,26.0,7.0,1.0,28.0,13.0,136.0,203
310830,2013,0.0,0.0,0.0,0.0,0.0,0.0,0.0,0.0,0.0,0.0,109.0,157
310830,2014,11.0,0.0,5.0,1.0,1.0,36.0,3.0,5.0,25.0,12.0,106.0,165
310830,2015,9.0,1.0,4.0,4.0,2.0,42.0,9.0,4.0,15.0,17.0,115.0,169
310830,2016,9.0,1.0,3.0,2.0,1.0,32.0,5.0,1.0,28.0,11.0,100.0,156
310830,2017,7.0,0.0,2.0,1.0,1.0,45.0,9.0,1.0,30.0,19.0,122.0,187
310830,2018,8.0,1.0,7.0,4.0,0.0,48.0,11.0,4.0,26.0,3.0,115.0,165
310830,2019,7.0,0.0,6.0,1.0,3.0,33.0,7.0,2.0,26.0,10.0,102.0,148
310840,2012,10.0,0.0,3.0,2.0,6.0,39.0,6.0,2.0,22.0,5.0,97.0,127
310840,2013,0.0,0.0,0.0,0.0,0.0,0.0,0.0,0.0,0.0,0.0,114.0,140
310840,2014,6.0,0.0,8.0,1.0,1.0,33.0,8.0,5.0,16.0,16.0,104.0,128
310840,2015,9.0,0.0,0.0,2.0,2.0,47.0,4.0,5.0,27.0,20.0,124.0,153
310840,2016,9.0,0.0,2.0,4.0,1.0,38.0,7.0,2.0,25.0,8.0,98.0,123
310840,2017,13.0,1.0,0.0,1.0,2.0,43.0,9.0,2.0,30.0,10.0,114.0,148
310840,2018,8.0,2.0,1.0,1.0,8.0,44.0,8.0,2.0,23.0,5.0,102.0,131
310840,2019,12.0,1.0,2.0,1.0,3.0,39.0,4.0,2.0,31.0,12.0,109.0,138
310850,2012,1.0,0.0,3.0,1.0,0.0,4.0,0.0,1.0,3.0,4.0,17.0,76
310850,2013,0.0,0.0,0.0,0.0,0.0,0.0,0.0,0.0,0.0,0.0,18.0,78
310850,2014,1.0,0.0,0.0,2.0,0.0,5.0,1.0,2.0,0.0,6.0,18.0,67
310850,2015,2.0,0.0,2.0,0.0,0.0,8.0,1.0,1.0,1.0,1.0,16.0,54
310850,2016,0.0,0.0,0.0,0.0,0.0,9.0,0.0,3.0,2.0,2.0,17.0,50
310850,2017,3.0,0.0,0.0,0.0,0.0,5.0,6.0,1.0,0.0,4.0,19.0,56
310850,2018,1.0,0.0,0.0,0.0,1.0,9.0,2.0,3.0,4.0,5.0,25.0,76
310850,2019,1.0,0.0,0.0,2.0,0.0,4.0,7.0,5.0,6.0,1.0,28.0,61
310855,2012,8.0,1.0,6.0,0.0,0.0,25.0,6.0,2.0,22.0,6.0,120.0,224
310855,2013,0.0,0.0,0.0,0.0,0.0,0.0,0.0,0.0,0.0,0.0,120.0,228
310855,2014,11.0,0.0,13.0,3.0,1.0,35.0,13.0,7.0,26.0,16.0,141.0,235
310855,2015,14.0,1.0,2.0,4.0,1.0,38.0,25.0,13.0,40.0,18.0,167.0,256
310855,2016,19.0,1.0,2.0,4.0,0.0,62.0,13.0,19.0,26.0,30.0,176.0,240
310855,2017,15.0,0.0,0.0,2.0,1.0,66.0,7.0,8.0,14.0,30.0,143.0,219
310855,2018,14.0,0.0,6.0,1.0,2.0,77.0,11.0,15.0,14.0,31.0,172.0,237
310855,2019,11.0,0.0,2.0,1.0,0.0,55.0,13.0,24.0,22.0,43.0,171.0,204
310860,2012,31.0,0.0,8.0,5.0,4.0,57.0,13.0,16.0,30.0,65.0,237.0,462
310860,2013,0.0,0.0,0.0,0.0,0.0,0.0,0.0,0.0,0.0,0.0,210.0,439
310860,2014,22.0,0.0,7.0,9.0,2.0,79.0,9.0,22.0,36.0,37.0,223.0,488
310860,2015,14.0,0.0,11.0,5.0,5.0,64.0,23.0,18.0,32.0,42.0,231.0,445
310860,2016,19.0,0.0,2.0,2.0,6.0,77.0,18.0,14.0,47.0,38.0,223.0,445
310860,2017,14.0,0.0,9.0,7.0,4.0,76.0,22.0,15.0,47.0,35.0,229.0,451
310860,2018,19.0,0.0,8.0,11.0,2.0,91.0,30.0,12.0,55.0,31.0,259.0,508
310860,2019,13.0,2.0,8.0,12.0,3.0,112.0,17.0,18.0,35.0,38.0,258.0,483
310870,2012,2.0,0.0,0.0,0.0,0.0,15.0,2.0,4.0,1.0,13.0,37.0,44
310870,2013,0.0,0.0,0.0,0.0,0.0,0.0,0.0,0.0,0.0,0.0,21.0,31
310870,2014,2.0,0.0,0.0,0.0,0.0,16.0,4.0,5.0,2.0,7.0,37.0,46
310870,2015,3.0,0.0,0.0,0.0,0.0,10.0,1.0,7.0,0.0,13.0,34.0,46
310870,2016,4.0,0.0,2.0,0.0,1.0,14.0,0.0,4.0,2.0,10.0,37.0,49
310870,2017,3.0,0.0,2.0,0.0,0.0,8.0,0.0,3.0,1.0,10.0,27.0,34
310870,2018,3.0,0.0,0.0,0.0,0.0,8.0,0.0,2.0,1.0,16.0,30.0,45
310870,2019,3.0,0.0,0.0,1.0,2.0,7.0,0.0,4.0,1.0,11.0,29.0,43
310880,2012,4.0,0.0,0.0,1.0,1.0,8.0,0.0,1.0,10.0,3.0,28.0,52
310880,2013,0.0,0.0,0.0,0.0,0.0,0.0,0.0,0.0,0.0,0.0,24.0,71
310880,2014,1.0,0.0,0.0,2.0,1.0,6.0,1.0,0.0,3.0,4.0,18.0,42
310880,2015,0.0,0.0,0.0,0.0,1.0,7.0,0.0,0.0,4.0,3.0,15.0,37
310880,2016,1.0,0.0,2.0,1.0,0.0,4.0,2.0,0.0,6.0,2.0,18.0,47
310880,2017,0.0,0.0,0.0,1.0,1.0,7.0,2.0,1.0,3.0,0.0,15.0,37
310880,2018,1.0,0.0,0.0,1.0,0.0,8.0,3.0,1.0,3.0,2.0,19.0,57
310880,2019,1.0,0.0,0.0,1.0,1.0,9.0,2.0,2.0,5.0,1.0,22.0,59
310890,2012,9.0,1.0,1.0,2.0,2.0,27.0,6.0,5.0,22.0,6.0,87.0,143
310890,2013,0.0,0.0,0.0,0.0,0.0,0.0,0.0,0.0,0.0,0.0,99.0,169
310890,2014,7.0,1.0,3.0,1.0,2.0,29.0,4.0,4.0,20.0,14.0,92.0,158
310890,2015,6.0,0.0,0.0,3.0,2.0,42.0,8.0,5.0,12.0,18.0,102.0,162
310890,2016,7.0,0.0,2.0,1.0,0.0,32.0,4.0,4.0,21.0,10.0,83.0,159
310890,2017,4.0,0.0,0.0,2.0,2.0,35.0,9.0,2.0,20.0,14.0,88.0,168
310890,2018,4.0,0.0,2.0,6.0,2.0,33.0,3.0,11.0,17.0,15.0,93.0,150
310890,2019,12.0,2.0,1.0,3.0,1.0,33.0,5.0,2.0,16.0,13.0,88.0,150
310900,2012,21.0,5.0,7.0,7.0,6.0,60.0,12.0,5.0,73.0,16.0,232.0,446
310900,2013,0.0,0.0,0.0,0.0,0.0,0.0,0.0,0.0,0.0,0.0,208.0,435
310900,2014,17.0,1.0,12.0,11.0,5.0,86.0,22.0,6.0,85.0,11.0,258.0,485
310900,2015,21.0,0.0,14.0,4.0,5.0,72.0,20.0,2.0,66.0,17.0,232.0,508
310900,2016,22.0,5.0,12.0,10.0,6.0,70.0,16.0,2.0,54.0,12.0,213.0,438
310900,2017,19.0,3.0,4.0,8.0,10.0,94.0,21.0,1.0,50.0,12.0,222.0,438
310900,2018,16.0,1.0,7.0,11.0,6.0,71.0,24.0,3.0,59.0,16.0,218.0,402
310900,2019,17.0,5.0,10.0,10.0,6.0,81.0,12.0,7.0,70.0,16.0,237.0,465
310910,2012,2.0,0.0,0.0,1.0,1.0,18.0,3.0,1.0,8.0,8.0,46.0,77
310910,2013,0.0,0.0,0.0,0.0,0.0,0.0,0.0,0.0,0.0,0.0,59.0,95
310910,2014,3.0,0.0,0.0,0.0,0.0,16.0,3.0,7.0,2.0,8.0,42.0,68
310910,2015,5.0,0.0,0.0,3.0,2.0,13.0,2.0,8.0,5.0,14.0,53.0,83
310910,2016,5.0,0.0,0.0,1.0,1.0,16.0,5.0,2.0,3.0,17.0,55.0,87
310910,2017,5.0,0.0,0.0,0.0,2.0,27.0,0.0,3.0,6.0,21.0,68.0,91
310910,2018,4.0,0.0,0.0,0.0,3.0,24.0,4.0,2.0,14.0,14.0,68.0,93
310910,2019,2.0,0.0,8.0,0.0,1.0,20.0,9.0,1.0,11.0,7.0,62.0,91
310920,2012,9.0,0.0,2.0,0.0,3.0,15.0,1.0,1.0,14.0,4.0,49.0,119
310920,2013,0.0,0.0,0.0,0.0,0.0,0.0,0.0,0.0,0.0,0.0,51.0,124
310920,2014,2.0,0.0,0.0,4.0,2.0,29.0,7.0,1.0,8.0,4.0,57.0,132
310920,2015,4.0,0.0,2.0,2.0,4.0,11.0,3.0,3.0,9.0,8.0,46.0,121
310920,2016,3.0,0.0,4.0,0.0,0.0,10.0,3.0,2.0,14.0,9.0,45.0,100
310920,2017,2.0,0.0,0.0,3.0,0.0,23.0,6.0,3.0,11.0,8.0,56.0,113
310920,2018,4.0,0.0,3.0,1.0,2.0,16.0,8.0,1.0,15.0,4.0,54.0,98
310920,2019,6.0,0.0,0.0,0.0,2.0,22.0,4.0,4.0,13.0,5.0,58.0,109
310925,2012,4.0,0.0,0.0,1.0,0.0,9.0,1.0,0.0,8.0,6.0,30.0,54
310925,2013,0.0,0.0,0.0,0.0,0.0,0.0,0.0,0.0,0.0,0.0,21.0,52
310925,2014,3.0,0.0,0.0,0.0,1.0,9.0,0.0,3.0,2.0,2.0,21.0,48
310925,2015,2.0,0.0,0.0,3.0,0.0,9.0,2.0,1.0,5.0,1.0,24.0,56
310925,2016,2.0,0.0,2.0,0.0,2.0,5.0,0.0,1.0,2.0,4.0,18.0,51
310925,2017,2.0,0.0,0.0,0.0,0.0,9.0,2.0,0.0,3.0,0.0,16.0,47
310925,2018,1.0,0.0,0.0,0.0,1.0,10.0,3.0,1.0,1.0,6.0,23.0,60
310925,2019,1.0,0.0,0.0,0.0,3.0,13.0,5.0,0.0,7.0,1.0,30.0,57
310930,2012,18.0,0.0,5.0,2.0,4.0,44.0,12.0,11.0,19.0,31.0,158.0,317
310930,2013,0.0,0.0,0.0,0.0,0.0,0.0,0.0,0.0,0.0,0.0,159.0,329
310930,2014,19.0,1.0,7.0,4.0,3.0,76.0,12.0,11.0,21.0,36.0,194.0,362
310930,2015,18.0,0.0,4.0,11.0,3.0,59.0,3.0,10.0,21.0,30.0,166.0,351
310930,2016,7.0,1.0,3.0,4.0,3.0,70.0,7.0,13.0,10.0,30.0,150.0,309
310930,2017,16.0,0.0,9.0,9.0,4.0,71.0,12.0,29.0,16.0,32.0,200.0,375
310930,2018,15.0,0.0,4.0,8.0,4.0,87.0,7.0,20.0,19.0,36.0,200.0,368
310930,2019,17.0,0.0,10.0,8.0,2.0,71.0,10.0,17.0,11.0,33.0,180.0,340
310940,2012,27.0,0.0,4.0,3.0,5.0,24.0,9.0,3.0,18.0,13.0,162.0,338
310940,2013,0.0,0.0,0.0,0.0,0.0,0.0,0.0,0.0,0.0,0.0,151.0,354
310940,2014,19.0,0.0,14.0,1.0,2.0,65.0,8.0,12.0,22.0,36.0,179.0,373
310940,2015,18.0,0.0,4.0,3.0,2.0,49.0,22.0,12.0,33.0,25.0,169.0,341
310940,2016,17.0,2.0,6.0,2.0,7.0,38.0,15.0,12.0,42.0,15.0,156.0,312
310940,2017,14.0,1.0,11.0,4.0,5.0,68.0,18.0,4.0,44.0,21.0,190.0,371
310940,2018,13.0,0.0,2.0,7.0,4.0,67.0,21.0,6.0,35.0,8.0,163.0,348
310940,2019,14.0,0.0,8.0,9.0,3.0,63.0,12.0,4.0,35.0,11.0,159.0,348
310945,2012,1.0,1.0,0.0,1.0,1.0,5.0,2.0,0.0,4.0,2.0,29.0,64
310945,2013,0.0,0.0,0.0,0.0,0.0,0.0,0.0,0.0,0.0,0.0,39.0,83
310945,2014,3.0,0.0,0.0,1.0,0.0,8.0,3.0,2.0,7.0,8.0,33.0,61
310945,2015,1.0,0.0,2.0,0.0,0.0,9.0,6.0,1.0,3.0,5.0,27.0,58
310945,2016,1.0,0.0,0.0,2.0,2.0,7.0,3.0,2.0,3.0,3.0,23.0,54
310945,2017,3.0,0.0,2.0,1.0,3.0,12.0,3.0,4.0,7.0,5.0,40.0,74
310945,2018,2.0,1.0,2.0,1.0,3.0,16.0,6.0,1.0,4.0,8.0,44.0,80
310945,2019,7.0,0.0,3.0,1.0,1.0,19.0,6.0,2.0,6.0,14.0,59.0,94
310950,2012,8.0,0.0,0.0,1.0,6.0,35.0,11.0,4.0,36.0,11.0,112.0,153
310950,2013,0.0,0.0,0.0,0.0,0.0,0.0,0.0,0.0,0.0,0.0,129.0,160
310950,2014,7.0,1.0,3.0,1.0,3.0,41.0,6.0,8.0,22.0,11.0,104.0,126
310950,2015,11.0,0.0,2.0,2.0,3.0,35.0,12.0,2.0,36.0,15.0,120.0,137
310950,2016,13.0,0.0,2.0,1.0,0.0,43.0,13.0,3.0,39.0,8.0,122.0,137
310950,2017,9.0,0.0,4.0,2.0,2.0,59.0,17.0,8.0,33.0,10.0,145.0,164
310950,2018,16.0,0.0,4.0,2.0,5.0,47.0,15.0,3.0,34.0,5.0,131.0,143
310950,2019,8.0,0.0,3.0,0.0,0.0,45.0,15.0,6.0,31.0,3.0,111.0,122
310960,2012,3.0,0.0,0.0,0.0,0.0,5.0,0.0,0.0,6.0,0.0,14.0,31
310960,2013,0.0,0.0,0.0,0.0,0.0,0.0,0.0,0.0,0.0,0.0,26.0,46
310960,2014,1.0,0.0,6.0,0.0,0.0,5.0,4.0,1.0,6.0,2.0,29.0,46
310960,2015,2.0,0.0,0.0,1.0,0.0,6.0,1.0,0.0,4.0,1.0,16.0,27
310960,2016,0.0,0.0,2.0,0.0,1.0,1.0,4.0,0.0,4.0,3.0,16.0,34
310960,2017,0.0,0.0,0.0,0.0,0.0,7.0,2.0,1.0,5.0,2.0,18.0,39
310960,2018,4.0,0.0,0.0,0.0,0.0,10.0,3.0,2.0,5.0,2.0,27.0,44
310960,2019,1.0,0.0,2.0,0.0,1.0,9.0,1.0,1.0,4.0,1.0,20.0,40
310970,2012,7.0,0.0,4.0,3.0,6.0,18.0,5.0,0.0,18.0,4.0,84.0,113
310970,2013,0.0,0.0,0.0,0.0,0.0,0.0,0.0,0.0,0.0,0.0,93.0,116
310970,2014,8.0,0.0,2.0,2.0,1.0,34.0,11.0,4.0,13.0,7.0,87.0,117
310970,2015,8.0,0.0,0.0,2.0,2.0,31.0,3.0,0.0,20.0,7.0,79.0,113
310970,2016,6.0,0.0,0.0,3.0,0.0,30.0,8.0,2.0,19.0,5.0,77.0,123
310970,2017,10.0,0.0,1.0,0.0,1.0,35.0,8.0,0.0,18.0,8.0,86.0,114
310970,2018,4.0,0.0,0.0,2.0,1.0,32.0,6.0,1.0,13.0,4.0,84.0,121
310970,2019,6.0,1.0,5.0,3.0,1.0,40.0,5.0,3.0,10.0,6.0,88.0,129
310980,2012,2.0,0.0,2.0,0.0,0.0,11.0,2.0,1.0,3.0,4.0,26.0,32
310980,2013,0.0,0.0,0.0,0.0,0.0,0.0,0.0,0.0,0.0,0.0,27.0,32
310980,2014,2.0,0.0,0.0,1.0,0.0,10.0,1.0,1.0,1.0,4.0,22.0,26
310980,2015,0.0,0.0,0.0,0.0,0.0,12.0,0.0,1.0,2.0,8.0,23.0,29
310980,2016,1.0,0.0,0.0,0.0,0.0,12.0,1.0,1.0,2.0,1.0,20.0,24
310980,2017,1.0,0.0,0.0,1.0,1.0,11.0,0.0,0.0,1.0,5.0,20.0,24
310980,2018,2.0,0.0,0.0,0.0,0.0,8.0,0.0,1.0,4.0,2.0,17.0,25
310980,2019,0.0,0.0,0.0,0.0,0.0,5.0,1.0,0.0,4.0,1.0,11.0,13
310990,2012,4.0,0.0,2.0,1.0,2.0,10.0,2.0,3.0,12.0,3.0,45.0,108
310990,2013,0.0,0.0,0.0,0.0,0.0,0.0,0.0,0.0,0.0,0.0,45.0,95
310990,2014,2.0,0.0,1.0,3.0,0.0,24.0,2.0,3.0,8.0,6.0,52.0,129
310990,2015,4.0,1.0,3.0,2.0,0.0,16.0,1.0,4.0,16.0,6.0,55.0,129
310990,2016,5.0,0.0,0.0,0.0,0.0,16.0,3.0,3.0,9.0,7.0,50.0,106
310990,2017,4.0,1.0,1.0,2.0,1.0,18.0,5.0,3.0,11.0,8.0,54.0,119
310990,2018,4.0,0.0,6.0,4.0,3.0,19.0,8.0,1.0,15.0,4.0,64.0,135
310990,2019,4.0,0.0,2.0,2.0,1.0,22.0,6.0,3.0,19.0,5.0,65.0,128
311000,2012,40.0,1.0,14.0,6.0,4.0,69.0,8.0,2.0,37.0,14.0,204.0,516
311000,2013,0.0,0.0,0.0,0.0,0.0,0.0,0.0,0.0,0.0,0.0,213.0,529
311000,2014,20.0,0.0,9.0,3.0,3.0,67.0,13.0,6.0,44.0,16.0,194.0,520
311000,2015,24.0,2.0,7.0,6.0,2.0,62.0,11.0,1.0,33.0,21.0,178.0,502
311000,2016,15.0,0.0,11.0,3.0,4.0,62.0,10.0,4.0,47.0,16.0,182.0,502
311000,2017,16.0,0.0,10.0,5.0,5.0,71.0,18.0,7.0,47.0,24.0,206.0,497
311000,2018,22.0,0.0,7.0,4.0,8.0,58.0,13.0,14.0,30.0,26.0,199.0,466
311000,2019,22.0,1.0,12.0,7.0,9.0,62.0,14.0,5.0,39.0,16.0,198.0,493
311010,2012,7.0,2.0,0.0,0.0,0.0,4.0,0.0,0.0,6.0,5.0,55.0,63
311010,2013,0.0,0.0,0.0,0.0,0.0,0.0,0.0,0.0,0.0,0.0,37.0,49
311010,2014,6.0,0.0,0.0,0.0,0.0,10.0,0.0,1.0,1.0,11.0,61.0,71
311010,2015,5.0,0.0,0.0,0.0,0.0,23.0,0.0,4.0,0.0,0.0,52.0,68
311010,2016,1.0,0.0,0.0,0.0,0.0,35.0,0.0,3.0,0.0,0.0,43.0,59
311010,2017,2.0,0.0,0.0,0.0,0.0,38.0,1.0,2.0,0.0,1.0,46.0,63
311010,2018,4.0,2.0,2.0,1.0,0.0,23.0,0.0,5.0,1.0,7.0,55.0,68
311010,2019,6.0,0.0,3.0,1.0,0.0,16.0,2.0,4.0,1.0,9.0,56.0,72
311020,2012,1.0,0.0,0.0,1.0,1.0,3.0,2.0,3.0,4.0,4.0,24.0,39
311020,2013,0.0,0.0,0.0,0.0,0.0,0.0,0.0,0.0,0.0,0.0,32.0,44
311020,2014,0.0,0.0,0.0,0.0,0.0,9.0,5.0,1.0,1.0,6.0,23.0,36
311020,2015,4.0,0.0,0.0,1.0,0.0,9.0,2.0,1.0,5.0,7.0,29.0,48
311020,2016,1.0,0.0,0.0,0.0,1.0,11.0,1.0,1.0,7.0,3.0,25.0,41
311020,2017,2.0,0.0,0.0,1.0,2.0,7.0,1.0,1.0,4.0,6.0,24.0,35
311020,2018,1.0,0.0,0.0,0.0,1.0,14.0,3.0,3.0,4.0,2.0,28.0,39
311020,2019,3.0,0.0,0.0,1.0,1.0,7.0,1.0,1.0,3.0,8.0,25.0,38
311030,2012,20.0,0.0,0.0,1.0,3.0,27.0,9.0,2.0,18.0,15.0,101.0,125
311030,2013,0.0,0.0,0.0,0.0,0.0,0.0,0.0,0.0,0.0,0.0,93.0,103
311030,2014,6.0,0.0,4.0,1.0,1.0,32.0,10.0,1.0,25.0,13.0,102.0,115
311030,2015,13.0,0.0,0.0,2.0,1.0,41.0,13.0,4.0,20.0,8.0,105.0,124
311030,2016,9.0,0.0,0.0,2.0,4.0,35.0,5.0,1.0,24.0,10.0,92.0,121
311030,2017,8.0,0.0,5.0,4.0,0.0,28.0,8.0,2.0,27.0,9.0,91.0,112
311030,2018,10.0,1.0,0.0,4.0,0.0,36.0,8.0,2.0,20.0,9.0,98.0,119
311030,2019,5.0,0.0,10.0,3.0,1.0,39.0,9.0,2.0,27.0,5.0,102.0,125
311040,2012,2.0,0.0,0.0,1.0,0.0,4.0,3.0,1.0,8.0,2.0,21.0,28
311040,2013,0.0,0.0,0.0,0.0,0.0,0.0,0.0,0.0,0.0,0.0,26.0,30
311040,2014,2.0,0.0,0.0,0.0,0.0,10.0,0.0,2.0,7.0,7.0,28.0,34
311040,2015,3.0,0.0,2.0,0.0,0.0,8.0,3.0,1.0,6.0,3.0,26.0,30
311040,2016,1.0,0.0,0.0,0.0,0.0,8.0,4.0,2.0,3.0,4.0,22.0,29
311040,2017,1.0,0.0,0.0,1.0,1.0,7.0,0.0,2.0,4.0,4.0,20.0,25
311040,2018,3.0,0.0,2.0,0.0,0.0,8.0,1.0,1.0,2.0,3.0,21.0,26
311040,2019,1.0,0.0,0.0,1.0,0.0,8.0,2.0,2.0,3.0,9.0,26.0,32
311050,2012,19.0,0.0,0.0,3.0,2.0,51.0,5.0,4.0,28.0,22.0,151.0,260
311050,2013,0.0,0.0,0.0,0.0,0.0,0.0,0.0,0.0,0.0,0.0,168.0,251
311050,2014,10.0,0.0,4.0,5.0,3.0,49.0,16.0,8.0,44.0,28.0,182.0,266
311050,2015,12.0,2.0,4.0,7.0,1.0,52.0,10.0,11.0,19.0,35.0,166.0,281
311050,2016,9.0,0.0,5.0,4.0,3.0,49.0,4.0,8.0,24.0,33.0,158.0,261
311050,2017,18.0,0.0,8.0,1.0,2.0,59.0,7.0,8.0,31.0,17.0,169.0,280
311050,2018,24.0,0.0,2.0,4.0,2.0,62.0,5.0,6.0,32.0,22.0,187.0,302
311050,2019,14.0,1.0,4.0,5.0,0.0,59.0,14.0,5.0,31.0,20.0,170.0,278
311060,2012,30.0,0.0,2.0,6.0,10.0,44.0,18.0,4.0,49.0,20.0,200.0,298
311060,2013,0.0,0.0,0.0,0.0,0.0,0.0,0.0,0.0,0.0,0.0,250.0,344
311060,2014,21.0,0.0,6.0,3.0,1.0,68.0,24.0,17.0,53.0,39.0,253.0,333
311060,2015,15.0,1.0,2.0,2.0,3.0,73.0,9.0,17.0,39.0,48.0,232.0,318
311060,2016,12.0,0.0,16.0,2.0,4.0,59.0,7.0,14.0,46.0,44.0,228.0,325
311060,2017,19.0,0.0,1.0,3.0,1.0,85.0,17.0,16.0,54.0,43.0,256.0,360
311060,2018,19.0,1.0,6.0,5.0,3.0,93.0,7.0,12.0,41.0,35.0,241.0,345
311060,2019,15.0,1.0,2.0,3.0,3.0,65.0,12.0,10.0,37.0,30.0,218.0,332
311070,2012,14.0,1.0,2.0,1.0,0.0,16.0,2.0,1.0,13.0,7.0,59.0,140
311070,2013,0.0,0.0,0.0,0.0,0.0,0.0,0.0,0.0,0.0,0.0,72.0,143
311070,2014,12.0,0.0,6.0,1.0,2.0,26.0,5.0,4.0,20.0,7.0,87.0,149
311070,2015,7.0,0.0,0.0,3.0,0.0,31.0,9.0,2.0,19.0,11.0,87.0,159
311070,2016,12.0,0.0,2.0,2.0,2.0,21.0,2.0,4.0,14.0,19.0,78.0,161
311070,2017,4.0,0.0,1.0,3.0,2.0,21.0,9.0,2.0,23.0,8.0,74.0,135
311070,2018,7.0,0.0,0.0,4.0,7.0,16.0,2.0,4.0,20.0,18.0,78.0,142
311070,2019,6.0,0.0,0.0,1.0,0.0,33.0,4.0,3.0,13.0,11.0,71.0,135
311080,2012,4.0,1.0,1.0,2.0,1.0,2.0,0.0,0.0,2.0,2.0,16.0,42
311080,2013,0.0,0.0,0.0,0.0,0.0,0.0,0.0,0.0,0.0,0.0,18.0,32
311080,2014,0.0,0.0,0.0,0.0,0.0,6.0,0.0,3.0,3.0,3.0,17.0,40
311080,2015,0.0,0.0,0.0,3.0,0.0,4.0,2.0,1.0,3.0,1.0,18.0,41
311080,2016,3.0,0.0,3.0,0.0,1.0,1.0,0.0,1.0,5.0,2.0,19.0,43
311080,2017,1.0,0.0,0.0,0.0,1.0,4.0,1.0,3.0,1.0,7.0,21.0,45
311080,2018,3.0,0.0,0.0,1.0,0.0,8.0,4.0,4.0,5.0,5.0,34.0,41
311080,2019,2.0,0.0,2.0,0.0,0.0,8.0,2.0,2.0,2.0,6.0,28.0,40
311090,2012,58.0,0.0,6.0,0.0,0.0,19.0,3.0,2.0,7.0,16.0,123.0,232
311090,2013,0.0,0.0,0.0,0.0,0.0,0.0,0.0,0.0,0.0,0.0,87.0,169
311090,2014,6.0,0.0,0.0,1.0,2.0,30.0,8.0,12.0,19.0,14.0,95.0,178
311090,2015,4.0,0.0,0.0,2.0,2.0,31.0,7.0,3.0,20.0,13.0,88.0,190
311090,2016,16.0,0.0,2.0,3.0,2.0,33.0,13.0,2.0,24.0,15.0,112.0,178
311090,2017,13.0,0.0,7.0,3.0,1.0,37.0,14.0,3.0,20.0,11.0,110.0,193
311090,2018,12.0,0.0,6.0,7.0,4.0,35.0,4.0,1.0,16.0,6.0,91.0,177
311090,2019,8.0,0.0,4.0,3.0,2.0,46.0,6.0,1.0,23.0,5.0,98.0,178
311100,2012,27.0,1.0,15.0,7.0,2.0,62.0,5.0,6.0,30.0,29.0,197.0,229
311100,2013,0.0,0.0,0.0,0.0,0.0,0.0,0.0,0.0,0.0,0.0,178.0,197
311100,2014,13.0,0.0,4.0,2.0,1.0,67.0,7.0,6.0,25.0,27.0,160.0,183
311100,2015,11.0,1.0,7.0,1.0,2.0,71.0,8.0,3.0,29.0,35.0,194.0,223
311100,2016,12.0,0.0,3.0,2.0,3.0,41.0,3.0,6.0,28.0,34.0,175.0,196
311100,2017,25.0,1.0,7.0,2.0,3.0,54.0,13.0,2.0,42.0,6.0,161.0,179
311100,2018,15.0,1.0,0.0,2.0,3.0,67.0,12.0,2.0,61.0,7.0,171.0,200
311100,2019,13.0,0.0,2.0,4.0,2.0,57.0,7.0,0.0,44.0,7.0,137.0,178
311110,2012,21.0,0.0,0.0,3.0,4.0,54.0,4.0,8.0,19.0,48.0,188.0,195
311110,2013,0.0,0.0,0.0,0.0,0.0,0.0,0.0,0.0,0.0,0.0,183.0,199
311110,2014,14.0,0.0,3.0,2.0,1.0,70.0,14.0,11.0,24.0,46.0,189.0,198
311110,2015,15.0,0.0,1.0,3.0,3.0,78.0,7.0,6.0,37.0,17.0,170.0,182
311110,2016,18.0,1.0,2.0,2.0,4.0,63.0,6.0,4.0,25.0,22.0,169.0,178
311110,2017,11.0,1.0,4.0,1.0,2.0,61.0,9.0,4.0,25.0,10.0,143.0,161
311110,2018,11.0,0.0,5.0,2.0,3.0,61.0,5.0,9.0,19.0,26.0,162.0,178
311110,2019,11.0,0.0,3.0,0.0,3.0,80.0,4.0,3.0,14.0,26.0,156.0,164
311115,2012,3.0,0.0,2.0,1.0,0.0,5.0,2.0,0.0,4.0,5.0,22.0,43
311115,2013,0.0,0.0,0.0,0.0,0.0,0.0,0.0,0.0,0.0,0.0,12.0,49
311115,2014,2.0,0.0,0.0,0.0,1.0,4.0,2.0,1.0,5.0,2.0,17.0,46
311115,2015,0.0,0.0,0.0,0.0,0.0,4.0,1.0,4.0,0.0,3.0,12.0,45
311115,2016,1.0,0.0,0.0,1.0,2.0,3.0,2.0,2.0,3.0,2.0,16.0,43
311115,2017,5.0,0.0,1.0,3.0,0.0,8.0,2.0,1.0,2.0,2.0,24.0,57
311115,2018,0.0,0.0,0.0,2.0,0.0,7.0,1.0,0.0,3.0,3.0,17.0,40
311115,2019,2.0,0.0,0.0,0.0,0.0,7.0,1.0,0.0,2.0,0.0,12.0,44
311120,2012,44.0,0.0,21.0,3.0,12.0,195.0,15.0,20.0,129.0,112.0,552.0,633
311120,2013,0.0,0.0,0.0,0.0,0.0,0.0,0.0,0.0,0.0,0.0,526.0,608
311120,2014,44.0,2.0,15.0,4.0,7.0,193.0,26.0,25.0,107.0,84.0,516.0,585
311120,2015,39.0,0.0,8.0,5.0,6.0,208.0,18.0,26.0,93.0,83.0,492.0,575
311120,2016,27.0,0.0,6.0,8.0,9.0,201.0,28.0,15.0,119.0,75.0,488.0,557
311120,2017,29.0,1.0,16.0,8.0,10.0,230.0,25.0,18.0,103.0,67.0,507.0,609
311120,2018,39.0,0.0,4.0,5.0,14.0,226.0,19.0,19.0,88.0,111.0,525.0,607
311120,2019,36.0,0.0,16.0,10.0,14.0,211.0,21.0,25.0,51.0,107.0,491.0,589
311130,2012,4.0,0.0,1.0,3.0,2.0,18.0,8.0,2.0,29.0,6.0,75.0,123
311130,2013,0.0,0.0,0.0,0.0,0.0,0.0,0.0,0.0,0.0,0.0,82.0,129
311130,2014,5.0,2.0,4.0,4.0,0.0,25.0,8.0,2.0,20.0,9.0,83.0,125
311130,2015,7.0,0.0,7.0,1.0,1.0,22.0,13.0,0.0,20.0,3.0,76.0,122
311130,2016,9.0,2.0,0.0,1.0,0.0,25.0,7.0,3.0,16.0,2.0,65.0,115
311130,2017,8.0,0.0,2.0,2.0,3.0,33.0,15.0,4.0,25.0,9.0,102.0,145
311130,2018,12.0,0.0,2.0,3.0,2.0,36.0,12.0,1.0,33.0,4.0,105.0,161
311130,2019,5.0,0.0,2.0,1.0,4.0,31.0,6.0,2.0,23.0,1.0,75.0,123
311140,2012,4.0,1.0,3.0,0.0,0.0,11.0,9.0,0.0,14.0,11.0,54.0,100
311140,2013,0.0,0.0,0.0,0.0,0.0,0.0,0.0,0.0,0.0,0.0,48.0,98
311140,2014,8.0,0.0,2.0,0.0,1.0,20.0,9.0,1.0,16.0,10.0,70.0,112
311140,2015,8.0,0.0,2.0,1.0,0.0,25.0,14.0,3.0,18.0,2.0,74.0,125
311140,2016,8.0,0.0,0.0,2.0,1.0,19.0,4.0,4.0,20.0,3.0,65.0,115
311140,2017,3.0,0.0,0.0,1.0,2.0,14.0,7.0,1.0,23.0,1.0,55.0,93
311140,2018,8.0,0.0,4.0,2.0,0.0,32.0,8.0,0.0,24.0,8.0,86.0,126
311140,2019,6.0,0.0,4.0,3.0,1.0,32.0,12.0,3.0,16.0,4.0,81.0,111
311150,2012,9.0,1.0,2.0,3.0,4.0,37.0,12.0,4.0,29.0,21.0,136.0,225
311150,2013,0.0,0.0,0.0,0.0,0.0,0.0,0.0,0.0,0.0,0.0,116.0,197
311150,2014,7.0,0.0,3.0,6.0,3.0,37.0,8.0,7.0,23.0,19.0,116.0,201
311150,2015,11.0,0.0,3.0,2.0,3.0,61.0,7.0,4.0,21.0,22.0,141.0,244
311150,2016,6.0,0.0,2.0,5.0,3.0,42.0,8.0,7.0,21.0,18.0,112.0,218
311150,2017,8.0,0.0,2.0,2.0,2.0,33.0,7.0,7.0,23.0,11.0,95.0,185
311150,2018,13.0,0.0,2.0,5.0,4.0,47.0,6.0,5.0,17.0,16.0,115.0,206
311150,2019,6.0,0.0,1.0,5.0,3.0,47.0,5.0,5.0,24.0,24.0,121.0,199
311160,2012,11.0,0.0,3.0,0.0,1.0,54.0,16.0,3.0,57.0,12.0,159.0,319
311160,2013,0.0,0.0,0.0,0.0,0.0,0.0,0.0,0.0,0.0,0.0,198.0,328
311160,2014,24.0,1.0,3.0,6.0,8.0,55.0,22.0,9.0,60.0,11.0,202.0,325
311160,2015,12.0,0.0,8.0,2.0,3.0,61.0,35.0,7.0,60.0,14.0,204.0,322
311160,2016,22.0,0.0,10.0,7.0,2.0,58.0,40.0,7.0,49.0,15.0,212.0,283
311160,2017,18.0,0.0,5.0,6.0,5.0,68.0,15.0,5.0,56.0,13.0,192.0,289
311160,2018,14.0,0.0,8.0,4.0,2.0,91.0,29.0,5.0,46.0,8.0,208.0,302
311160,2019,10.0,0.0,2.0,8.0,3.0,79.0,23.0,1.0,60.0,9.0,196.0,295
311170,2012,4.0,0.0,0.0,0.0,0.0,10.0,1.0,2.0,7.0,3.0,31.0,51
311170,2013,0.0,0.0,0.0,0.0,0.0,0.0,0.0,0.0,0.0,0.0,44.0,66
311170,2014,3.0,0.0,0.0,0.0,2.0,16.0,1.0,3.0,4.0,9.0,39.0,49
311170,2015,7.0,0.0,2.0,0.0,0.0,15.0,0.0,3.0,4.0,11.0,42.0,70
311170,2016,2.0,0.0,0.0,1.0,1.0,11.0,5.0,2.0,4.0,3.0,29.0,43
311170,2017,5.0,0.0,0.0,3.0,0.0,8.0,2.0,4.0,10.0,5.0,37.0,49
311170,2018,3.0,0.0,0.0,2.0,1.0,21.0,4.0,3.0,8.0,14.0,56.0,70
311170,2019,4.0,0.0,0.0,1.0,1.0,11.0,2.0,4.0,2.0,7.0,32.0,47
311180,2012,3.0,0.0,0.0,0.0,0.0,29.0,3.0,4.0,12.0,14.0,104.0,141
311180,2013,0.0,0.0,0.0,0.0,0.0,0.0,0.0,0.0,0.0,0.0,97.0,132
311180,2014,4.0,0.0,0.0,1.0,1.0,41.0,10.0,3.0,22.0,6.0,94.0,120
311180,2015,8.0,0.0,8.0,0.0,5.0,37.0,7.0,5.0,21.0,10.0,103.0,139
311180,2016,2.0,0.0,2.0,1.0,2.0,36.0,1.0,5.0,26.0,14.0,91.0,119
311180,2017,7.0,0.0,4.0,3.0,0.0,31.0,3.0,3.0,22.0,23.0,99.0,135
311180,2018,4.0,0.0,0.0,4.0,3.0,34.0,6.0,5.0,23.0,10.0,90.0,113
311180,2019,6.0,0.0,0.0,3.0,4.0,30.0,10.0,4.0,16.0,8.0,86.0,108
311190,2012,1.0,0.0,0.0,0.0,3.0,18.0,3.0,1.0,8.0,8.0,42.0,64
311190,2013,0.0,0.0,0.0,0.0,0.0,0.0,0.0,0.0,0.0,0.0,40.0,59
311190,2014,1.0,0.0,1.0,2.0,1.0,14.0,3.0,3.0,7.0,11.0,43.0,56
311190,2015,5.0,0.0,0.0,0.0,0.0,22.0,4.0,4.0,5.0,11.0,51.0,63
311190,2016,2.0,0.0,0.0,1.0,0.0,9.0,1.0,3.0,5.0,10.0,31.0,44
311190,2017,3.0,0.0,0.0,3.0,1.0,15.0,7.0,1.0,16.0,4.0,50.0,60
311190,2018,1.0,0.0,2.0,0.0,0.0,17.0,1.0,1.0,8.0,9.0,39.0,49
311190,2019,2.0,0.0,0.0,1.0,0.0,15.0,2.0,5.0,5.0,16.0,46.0,58
311200,2012,13.0,0.0,0.0,0.0,4.0,40.0,5.0,2.0,33.0,22.0,121.0,147
311200,2013,0.0,0.0,0.0,0.0,0.0,0.0,0.0,0.0,0.0,0.0,122.0,142
311200,2014,10.0,0.0,0.0,1.0,3.0,47.0,7.0,8.0,29.0,17.0,125.0,143
311200,2015,11.0,0.0,2.0,0.0,3.0,44.0,5.0,4.0,25.0,26.0,123.0,137
311200,2016,11.0,0.0,0.0,3.0,3.0,40.0,6.0,5.0,31.0,13.0,112.0,125
311200,2017,4.0,0.0,0.0,1.0,3.0,41.0,11.0,4.0,25.0,13.0,102.0,117
311200,2018,8.0,0.0,4.0,2.0,0.0,44.0,4.0,4.0,25.0,16.0,107.0,135
311200,2019,4.0,0.0,0.0,3.0,2.0,41.0,4.0,5.0,10.0,19.0,88.0,107
311205,2012,1.0,0.0,0.0,1.0,2.0,2.0,0.0,2.0,2.0,0.0,15.0,56
311205,2013,0.0,0.0,0.0,0.0,0.0,0.0,0.0,0.0,0.0,0.0,11.0,37
311205,2014,3.0,0.0,1.0,0.0,0.0,11.0,1.0,4.0,0.0,3.0,24.0,49
311205,2015,1.0,0.0,0.0,0.0,1.0,3.0,1.0,6.0,2.0,3.0,20.0,47
311205,2016,1.0,0.0,2.0,2.0,0.0,5.0,1.0,6.0,0.0,4.0,26.0,53
311205,2017,1.0,0.0,0.0,0.0,2.0,6.0,3.0,1.0,3.0,7.0,30.0,60
311205,2018,1.0,0.0,0.0,0.0,2.0,6.0,4.0,3.0,3.0,4.0,27.0,45
311205,2019,0.0,0.0,4.0,0.0,1.0,5.0,5.0,3.0,5.0,4.0,33.0,55
311210,2012,4.0,0.0,2.0,0.0,1.0,7.0,1.0,3.0,7.0,6.0,58.0,70
311210,2013,0.0,0.0,0.0,0.0,0.0,0.0,0.0,0.0,0.0,0.0,45.0,58
311210,2014,7.0,0.0,0.0,1.0,0.0,10.0,0.0,4.0,0.0,11.0,67.0,75
311210,2015,3.0,0.0,4.0,0.0,0.0,36.0,1.0,4.0,0.0,1.0,58.0,71
311210,2016,6.0,0.0,3.0,0.0,0.0,48.0,0.0,2.0,0.0,1.0,61.0,73
311210,2017,4.0,0.0,4.0,0.0,0.0,48.0,0.0,4.0,1.0,1.0,63.0,83
311210,2018,4.0,2.0,0.0,0.0,2.0,30.0,2.0,3.0,9.0,11.0,79.0,95
311210,2019,4.0,0.0,1.0,1.0,0.0,25.0,1.0,4.0,6.0,12.0,72.0,89
311220,2012,3.0,1.0,0.0,2.0,1.0,3.0,3.0,4.0,9.0,2.0,30.0,37
311220,2013,0.0,0.0,0.0,0.0,0.0,0.0,0.0,0.0,0.0,0.0,26.0,38
311220,2014,2.0,0.0,0.0,4.0,2.0,5.0,3.0,1.0,12.0,1.0,30.0,35
311220,2015,1.0,0.0,3.0,5.0,4.0,7.0,5.0,1.0,6.0,7.0,39.0,51
311220,2016,0.0,0.0,0.0,2.0,1.0,10.0,4.0,0.0,10.0,1.0,32.0,42
311220,2017,1.0,0.0,0.0,0.0,0.0,12.0,3.0,2.0,12.0,2.0,34.0,40
311220,2018,3.0,0.0,0.0,0.0,1.0,16.0,3.0,2.0,10.0,1.0,36.0,43
311220,2019,4.0,0.0,0.0,2.0,1.0,15.0,3.0,1.0,14.0,4.0,44.0,50
311230,2012,22.0,0.0,5.0,4.0,1.0,36.0,11.0,4.0,24.0,26.0,166.0,532
311230,2013,0.0,0.0,0.0,0.0,0.0,0.0,0.0,0.0,0.0,0.0,175.0,582
311230,2014,10.0,3.0,14.0,10.0,9.0,47.0,12.0,9.0,25.0,24.0,185.0,540
311230,2015,8.0,0.0,7.0,8.0,10.0,38.0,14.0,10.0,31.0,20.0,164.0,476
311230,2016,12.0,4.0,5.0,7.0,6.0,48.0,14.0,12.0,33.0,37.0,187.0,590
311230,2017,15.0,0.0,4.0,10.0,6.0,60.0,19.0,14.0,34.0,41.0,223.0,591
311230,2018,18.0,0.0,8.0,12.0,9.0,64.0,27.0,28.0,39.0,40.0,275.0,637
311230,2019,18.0,1.0,2.0,5.0,9.0,67.0,27.0,17.0,46.0,34.0,242.0,586
311240,2012,8.0,2.0,0.0,1.0,1.0,9.0,3.0,0.0,11.0,2.0,40.0,71
311240,2013,0.0,0.0,0.0,0.0,0.0,0.0,0.0,0.0,0.0,0.0,43.0,79
311240,2014,8.0,0.0,0.0,3.0,0.0,13.0,1.0,0.0,9.0,13.0,48.0,80
311240,2015,2.0,0.0,3.0,1.0,1.0,20.0,3.0,5.0,10.0,3.0,51.0,87
311240,2016,5.0,0.0,2.0,0.0,2.0,13.0,2.0,3.0,6.0,9.0,42.0,70
311240,2017,4.0,0.0,0.0,0.0,1.0,14.0,3.0,1.0,6.0,6.0,35.0,61
311240,2018,5.0,0.0,2.0,0.0,1.0,12.0,1.0,1.0,10.0,8.0,40.0,75
311240,2019,6.0,0.0,2.0,2.0,0.0,18.0,3.0,4.0,9.0,5.0,49.0,74
311250,2012,7.0,0.0,0.0,2.0,3.0,15.0,5.0,4.0,9.0,3.0,54.0,107
311250,2013,0.0,0.0,0.0,0.0,0.0,0.0,0.0,0.0,0.0,0.0,78.0,114
311250,2014,0.0,0.0,4.0,0.0,1.0,17.0,10.0,3.0,13.0,14.0,67.0,116
311250,2015,3.0,0.0,4.0,0.0,2.0,24.0,3.0,2.0,26.0,12.0,78.0,134
311250,2016,11.0,0.0,3.0,0.0,1.0,29.0,6.0,9.0,11.0,18.0,92.0,129
311250,2017,4.0,0.0,2.0,2.0,4.0,26.0,17.0,1.0,31.0,3.0,90.0,123
311250,2018,5.0,0.0,2.0,0.0,2.0,42.0,8.0,3.0,20.0,7.0,95.0,134
311250,2019,3.0,0.0,2.0,3.0,0.0,27.0,8.0,1.0,23.0,3.0,70.0,111
311260,2012,17.0,1.0,2.0,3.0,3.0,29.0,2.0,6.0,17.0,22.0,131.0,165
311260,2013,0.0,0.0,0.0,0.0,0.0,0.0,0.0,0.0,0.0,0.0,117.0,170
311260,2014,5.0,0.0,4.0,6.0,1.0,37.0,1.0,9.0,8.0,25.0,100.0,141
311260,2015,6.0,0.0,3.0,3.0,0.0,34.0,6.0,10.0,9.0,29.0,112.0,154
311260,2016,9.0,0.0,5.0,1.0,2.0,38.0,5.0,7.0,20.0,18.0,112.0,150
311260,2017,14.0,0.0,0.0,3.0,4.0,49.0,0.0,19.0,7.0,41.0,137.0,167
311260,2018,21.0,0.0,3.0,3.0,1.0,49.0,12.0,9.0,29.0,24.0,151.0,176
311260,2019,5.0,0.0,2.0,5.0,2.0,45.0,30.0,2.0,32.0,10.0,134.0,155
311265,2012,5.0,1.0,0.0,0.0,0.0,9.0,5.0,0.0,5.0,6.0,32.0,57
311265,2013,0.0,0.0,0.0,0.0,0.0,0.0,0.0,0.0,0.0,0.0,31.0,56
311265,2014,3.0,0.0,0.0,1.0,0.0,18.0,4.0,3.0,6.0,2.0,39.0,72
311265,2015,0.0,2.0,0.0,0.0,2.0,8.0,1.0,0.0,4.0,2.0,22.0,57
311265,2016,2.0,0.0,4.0,1.0,1.0,11.0,1.0,0.0,1.0,3.0,35.0,58
311265,2017,2.0,0.0,0.0,1.0,2.0,10.0,4.0,1.0,7.0,0.0,29.0,68
311265,2018,1.0,0.0,0.0,6.0,3.0,10.0,5.0,1.0,5.0,2.0,35.0,57
311265,2019,2.0,0.0,2.0,5.0,6.0,11.0,1.0,1.0,2.0,2.0,32.0,54
311270,2012,3.0,0.0,0.0,3.0,1.0,11.0,5.0,4.0,11.0,7.0,46.0,175
311270,2013,0.0,0.0,0.0,0.0,0.0,0.0,0.0,0.0,0.0,0.0,44.0,190
311270,2014,4.0,0.0,5.0,2.0,1.0,18.0,6.0,3.0,10.0,10.0,60.0,196
311270,2015,4.0,0.0,0.0,3.0,2.0,13.0,4.0,3.0,8.0,13.0,54.0,185
311270,2016,8.0,0.0,4.0,3.0,2.0,22.0,2.0,2.0,4.0,6.0,57.0,168
311270,2017,12.0,1.0,2.0,3.0,1.0,14.0,3.0,5.0,9.0,4.0,54.0,186
311270,2018,11.0,1.0,2.0,5.0,2.0,30.0,10.0,5.0,13.0,12.0,92.0,231
311270,2019,12.0,0.0,0.0,4.0,2.0,24.0,6.0,6.0,14.0,7.0,75.0,194
311280,2012,3.0,0.0,0.0,1.0,1.0,10.0,3.0,2.0,6.0,11.0,43.0,65
311280,2013,0.0,0.0,0.0,0.0,0.0,0.0,0.0,0.0,0.0,0.0,56.0,85
311280,2014,3.0,0.0,0.0,1.0,3.0,8.0,6.0,4.0,7.0,12.0,56.0,81
311280,2015,4.0,0.0,2.0,2.0,0.0,13.0,1.0,2.0,4.0,11.0,58.0,88
311280,2016,2.0,0.0,0.0,1.0,1.0,21.0,3.0,20.0,2.0,25.0,81.0,98
311280,2017,4.0,0.0,2.0,2.0,1.0,24.0,4.0,10.0,5.0,26.0,79.0,101
311280,2018,3.0,1.0,0.0,2.0,2.0,16.0,0.0,11.0,2.0,20.0,69.0,87
311280,2019,4.0,0.0,2.0,3.0,3.0,25.0,1.0,14.0,8.0,20.0,80.0,104
311290,2012,8.0,0.0,0.0,0.0,3.0,25.0,6.0,1.0,15.0,4.0,68.0,109
311290,2013,0.0,0.0,0.0,0.0,0.0,0.0,0.0,0.0,0.0,0.0,70.0,115
311290,2014,4.0,1.0,2.0,3.0,0.0,21.0,8.0,2.0,16.0,4.0,66.0,119
311290,2015,3.0,0.0,0.0,0.0,1.0,24.0,8.0,0.0,22.0,4.0,65.0,123
311290,2016,8.0,7.0,2.0,2.0,0.0,20.0,14.0,3.0,18.0,6.0,83.0,137
311290,2017,4.0,0.0,0.0,1.0,1.0,38.0,1.0,5.0,8.0,23.0,87.0,125
311290,2018,7.0,2.0,2.0,0.0,1.0,22.0,8.0,2.0,14.0,4.0,62.0,116
311290,2019,5.0,1.0,0.0,1.0,1.0,29.0,4.0,0.0,21.0,2.0,64.0,110
311300,2012,3.0,0.0,5.0,5.0,4.0,22.0,12.0,5.0,13.0,8.0,79.0,265
311300,2013,0.0,0.0,0.0,0.0,0.0,0.0,0.0,0.0,0.0,0.0,92.0,272
311300,2014,13.0,1.0,4.0,4.0,2.0,26.0,8.0,9.0,13.0,15.0,102.0,266
311300,2015,14.0,0.0,4.0,6.0,4.0,30.0,8.0,3.0,12.0,7.0,92.0,257
311300,2016,13.0,0.0,2.0,3.0,1.0,30.0,6.0,10.0,15.0,9.0,93.0,258
311300,2017,11.0,0.0,0.0,3.0,3.0,28.0,17.0,8.0,26.0,20.0,120.0,276
311300,2018,8.0,1.0,2.0,3.0,4.0,32.0,18.0,10.0,25.0,21.0,126.0,268
311300,2019,8.0,0.0,3.0,4.0,1.0,34.0,27.0,8.0,15.0,8.0,110.0,257
311310,2012,2.0,0.0,0.0,1.0,0.0,7.0,2.0,1.0,8.0,0.0,22.0,30
311310,2013,0.0,0.0,0.0,0.0,0.0,0.0,0.0,0.0,0.0,0.0,20.0,23
311310,2014,0.0,0.0,3.0,3.0,0.0,8.0,1.0,1.0,2.0,2.0,20.0,25
311310,2015,0.0,0.0,1.0,0.0,2.0,7.0,1.0,0.0,4.0,2.0,19.0,25
311310,2016,0.0,0.0,0.0,0.0,0.0,6.0,4.0,1.0,1.0,2.0,14.0,22
311310,2017,2.0,0.0,0.0,0.0,0.0,7.0,1.0,1.0,3.0,1.0,15.0,25
311310,2018,1.0,0.0,2.0,0.0,0.0,8.0,4.0,0.0,3.0,2.0,20.0,28
311310,2019,2.0,0.0,0.0,1.0,1.0,8.0,2.0,1.0,7.0,1.0,23.0,33
311320,2012,19.0,0.0,7.0,3.0,7.0,33.0,14.0,0.0,30.0,16.0,168.0,224
311320,2013,0.0,0.0,0.0,0.0,0.0,0.0,0.0,0.0,0.0,0.0,245.0,311
311320,2014,19.0,2.0,2.0,6.0,12.0,43.0,31.0,13.0,48.0,20.0,201.0,278
311320,2015,15.0,0.0,9.0,24.0,20.0,51.0,24.0,6.0,52.0,29.0,235.0,315
311320,2016,23.0,1.0,5.0,11.0,10.0,64.0,23.0,14.0,38.0,32.0,231.0,303
311320,2017,17.0,0.0,11.0,11.0,10.0,77.0,24.0,12.0,44.0,26.0,245.0,300
311320,2018,10.0,0.0,8.0,7.0,4.0,82.0,12.0,5.0,45.0,31.0,206.0,273
311320,2019,12.0,1.0,4.0,6.0,1.0,97.0,24.0,4.0,51.0,20.0,221.0,291
311330,2012,32.0,4.0,5.0,2.0,3.0,61.0,3.0,0.0,36.0,19.0,282.0,435
311330,2013,0.0,0.0,0.0,0.0,0.0,0.0,0.0,0.0,0.0,0.0,297.0,411
311330,2014,36.0,0.0,6.0,0.0,0.0,95.0,4.0,30.0,9.0,73.0,355.0,433
311330,2015,34.0,0.0,12.0,1.0,0.0,249.0,3.0,14.0,0.0,1.0,318.0,425
311330,2016,27.0,0.0,8.0,0.0,0.0,224.0,6.0,24.0,1.0,0.0,292.0,398
311330,2017,30.0,0.0,12.0,0.0,0.0,265.0,0.0,17.0,1.0,1.0,327.0,415
311330,2018,24.0,2.0,12.0,0.0,1.0,112.0,0.0,3.0,9.0,81.0,332.0,451
311330,2019,19.0,0.0,6.0,0.0,0.0,99.0,3.0,21.0,5.0,92.0,299.0,392
311340,2012,106.0,1.0,24.0,7.0,15.0,202.0,41.0,17.0,176.0,44.0,691.0,1098
311340,2013,0.0,0.0,0.0,0.0,0.0,0.0,0.0,0.0,0.0,0.0,639.0,1034
311340,2014,86.0,2.0,27.0,14.0,8.0,231.0,77.0,33.0,180.0,74.0,756.0,1227
311340,2015,75.0,3.0,11.0,13.0,12.0,233.0,84.0,23.0,213.0,67.0,759.0,1170
311340,2016,64.0,5.0,23.0,16.0,12.0,223.0,93.0,16.0,233.0,44.0,742.0,1138
311340,2017,59.0,4.0,16.0,11.0,18.0,259.0,65.0,16.0,230.0,31.0,735.0,1141
311340,2018,68.0,5.0,13.0,20.0,17.0,296.0,97.0,43.0,200.0,65.0,828.0,1210
311340,2019,66.0,3.0,32.0,12.0,7.0,323.0,87.0,23.0,193.0,60.0,812.0,1152
311350,2012,11.0,0.0,0.0,0.0,2.0,4.0,4.0,3.0,10.0,6.0,40.0,99
311350,2013,0.0,0.0,0.0,0.0,0.0,0.0,0.0,0.0,0.0,0.0,45.0,94
311350,2014,1.0,1.0,4.0,4.0,1.0,4.0,8.0,4.0,8.0,4.0,39.0,76
311350,2015,5.0,0.0,1.0,4.0,1.0,9.0,4.0,4.0,6.0,7.0,42.0,93
311350,2016,5.0,0.0,1.0,1.0,3.0,9.0,6.0,3.0,12.0,3.0,44.0,98
311350,2017,6.0,1.0,2.0,1.0,1.0,9.0,3.0,4.0,7.0,2.0,39.0,90
311350,2018,2.0,0.0,3.0,1.0,1.0,9.0,6.0,2.0,7.0,3.0,34.0,81
311350,2019,2.0,0.0,5.0,0.0,1.0,12.0,3.0,3.0,9.0,3.0,41.0,90
311360,2012,6.0,1.0,2.0,4.0,1.0,9.0,3.0,1.0,8.0,5.0,42.0,76
311360,2013,0.0,0.0,0.0,0.0,0.0,0.0,0.0,0.0,0.0,0.0,55.0,103
311360,2014,7.0,0.0,0.0,1.0,0.0,12.0,2.0,1.0,7.0,6.0,37.0,78
311360,2015,2.0,0.0,0.0,2.0,3.0,17.0,5.0,2.0,4.0,2.0,39.0,73
311360,2016,2.0,0.0,2.0,0.0,0.0,16.0,6.0,2.0,9.0,2.0,39.0,71
311360,2017,2.0,0.0,1.0,1.0,0.0,13.0,4.0,2.0,8.0,6.0,40.0,68
311360,2018,3.0,0.0,0.0,1.0,0.0,18.0,4.0,4.0,12.0,2.0,48.0,82
311360,2019,5.0,1.0,0.0,0.0,1.0,14.0,4.0,0.0,10.0,6.0,43.0,72
311370,2012,17.0,1.0,3.0,7.0,9.0,20.0,6.0,4.0,10.0,15.0,93.0,236
311370,2013,0.0,0.0,0.0,0.0,0.0,0.0,0.0,0.0,0.0,0.0,84.0,223
311370,2014,5.0,1.0,6.0,8.0,8.0,20.0,13.0,12.0,18.0,20.0,116.0,247
311370,2015,8.0,1.0,4.0,7.0,13.0,23.0,19.0,6.0,21.0,17.0,119.0,240
311370,2016,10.0,2.0,10.0,12.0,9.0,14.0,9.0,3.0,10.0,17.0,96.0,226
311370,2017,6.0,1.0,2.0,9.0,6.0,23.0,11.0,5.0,13.0,9.0,86.0,213
311370,2018,9.0,0.0,8.0,3.0,3.0,27.0,19.0,9.0,24.0,20.0,124.0,244
311370,2019,7.0,0.0,4.0,3.0,2.0,34.0,18.0,9.0,22.0,13.0,117.0,227
311380,2012,1.0,0.0,0.0,1.0,0.0,5.0,0.0,2.0,0.0,1.0,10.0,34
311380,2013,0.0,0.0,0.0,0.0,0.0,0.0,0.0,0.0,0.0,0.0,12.0,27
311380,2014,1.0,0.0,0.0,0.0,0.0,3.0,1.0,1.0,3.0,3.0,12.0,36
311380,2015,2.0,0.0,2.0,0.0,0.0,2.0,1.0,1.0,2.0,1.0,12.0,39
311380,2016,1.0,0.0,0.0,0.0,0.0,3.0,3.0,3.0,2.0,3.0,15.0,38
311380,2017,0.0,0.0,0.0,0.0,0.0,4.0,0.0,1.0,1.0,1.0,7.0,30
311380,2018,1.0,0.0,0.0,0.0,0.0,8.0,1.0,2.0,1.0,0.0,13.0,36
311380,2019,1.0,0.0,0.0,0.0,0.0,4.0,1.0,1.0,5.0,3.0,15.0,28
311390,2012,9.0,0.0,4.0,1.0,1.0,11.0,4.0,9.0,11.0,7.0,59.0,149
311390,2013,0.0,0.0,0.0,0.0,0.0,0.0,0.0,0.0,0.0,0.0,66.0,133
311390,2014,4.0,0.0,2.0,2.0,0.0,20.0,5.0,5.0,14.0,5.0,60.0,114
311390,2015,12.0,0.0,5.0,0.0,0.0,14.0,3.0,9.0,8.0,10.0,66.0,129
311390,2016,10.0,0.0,2.0,1.0,1.0,15.0,6.0,5.0,12.0,3.0,60.0,119
311390,2017,4.0,0.0,2.0,6.0,1.0,29.0,5.0,2.0,13.0,9.0,71.0,134
311390,2018,8.0,1.0,2.0,2.0,7.0,28.0,5.0,4.0,8.0,8.0,73.0,127
311390,2019,8.0,0.0,0.0,4.0,1.0,30.0,5.0,2.0,17.0,1.0,68.0,142
311400,2012,9.0,0.0,2.0,1.0,1.0,15.0,3.0,9.0,6.0,14.0,65.0,93
311400,2013,0.0,0.0,0.0,0.0,0.0,0.0,0.0,0.0,0.0,0.0,65.0,92
311400,2014,2.0,0.0,4.0,0.0,0.0,15.0,3.0,8.0,3.0,25.0,64.0,103
311400,2015,7.0,0.0,2.0,2.0,0.0,19.0,3.0,8.0,2.0,20.0,63.0,88
311400,2016,4.0,0.0,0.0,0.0,0.0,20.0,1.0,6.0,2.0,22.0,56.0,84
311400,2017,7.0,0.0,0.0,1.0,0.0,21.0,2.0,6.0,6.0,14.0,57.0,94
311400,2018,2.0,0.0,0.0,2.0,0.0,21.0,2.0,7.0,3.0,29.0,66.0,99
311400,2019,8.0,0.0,7.0,1.0,1.0,20.0,1.0,9.0,2.0,22.0,71.0,94
311410,2012,3.0,0.0,2.0,3.0,1.0,19.0,5.0,0.0,8.0,15.0,75.0,128
311410,2013,0.0,0.0,0.0,0.0,0.0,0.0,0.0,0.0,0.0,0.0,100.0,157
311410,2014,5.0,0.0,2.0,0.0,1.0,34.0,5.0,3.0,18.0,18.0,90.0,153
311410,2015,13.0,1.0,1.0,0.0,0.0,38.0,4.0,3.0,12.0,22.0,94.0,158
311410,2016,14.0,1.0,7.0,2.0,0.0,41.0,0.0,3.0,17.0,13.0,98.0,156
311410,2017,13.0,1.0,9.0,2.0,0.0,37.0,7.0,6.0,19.0,10.0,104.0,157
311410,2018,9.0,0.0,0.0,0.0,0.0,55.0,3.0,4.0,20.0,10.0,101.0,163
311410,2019,7.0,0.0,4.0,0.0,1.0,44.0,6.0,1.0,14.0,6.0,83.0,136
311420,2012,15.0,0.0,4.0,4.0,6.0,46.0,10.0,4.0,46.0,11.0,150.0,260
311420,2013,0.0,0.0,0.0,0.0,0.0,0.0,0.0,0.0,0.0,0.0,141.0,268
311420,2014,13.0,0.0,6.0,4.0,3.0,57.0,23.0,4.0,50.0,10.0,170.0,279
311420,2015,15.0,1.0,12.0,4.0,6.0,59.0,16.0,3.0,46.0,9.0,173.0,287
311420,2016,13.0,0.0,10.0,6.0,2.0,51.0,13.0,2.0,51.0,5.0,153.0,252
311420,2017,12.0,0.0,4.0,4.0,1.0,57.0,12.0,2.0,34.0,5.0,132.0,262
311420,2018,21.0,1.0,8.0,4.0,6.0,60.0,11.0,1.0,41.0,4.0,157.0,296
311420,2019,22.0,0.0,8.0,5.0,6.0,58.0,12.0,2.0,37.0,7.0,157.0,285
311430,2012,22.0,1.0,6.0,1.0,5.0,60.0,30.0,1.0,83.0,12.0,227.0,366
311430,2013,0.0,0.0,0.0,0.0,0.0,0.0,0.0,0.0,0.0,0.0,227.0,347
311430,2014,18.0,0.0,1.0,3.0,2.0,81.0,33.0,7.0,72.0,11.0,229.0,349
311430,2015,19.0,0.0,6.0,4.0,7.0,84.0,21.0,6.0,73.0,21.0,242.0,380
311430,2016,24.0,0.0,4.0,1.0,6.0,85.0,34.0,5.0,82.0,17.0,258.0,366
311430,2017,18.0,0.0,0.0,4.0,5.0,72.0,20.0,11.0,55.0,26.0,211.0,343
311430,2018,16.0,0.0,6.0,6.0,3.0,91.0,25.0,15.0,53.0,15.0,230.0,345
311430,2019,20.0,1.0,12.0,4.0,4.0,100.0,25.0,9.0,59.0,19.0,253.0,360
311440,2012,14.0,0.0,7.0,5.0,4.0,42.0,9.0,4.0,39.0,29.0,157.0,232
311440,2013,0.0,0.0,0.0,0.0,0.0,0.0,0.0,0.0,0.0,0.0,135.0,200
311440,2014,6.0,1.0,6.0,2.0,5.0,42.0,7.0,2.0,30.0,14.0,167.0,220
311440,2015,3.0,0.0,5.0,0.0,2.0,9.0,2.0,1.0,11.0,2.0,146.0,226
311440,2016,18.0,2.0,2.0,3.0,5.0,52.0,13.0,3.0,29.0,11.0,144.0,193
311440,2017,11.0,2.0,1.0,3.0,2.0,55.0,13.0,5.0,25.0,15.0,135.0,196
311440,2018,15.0,1.0,6.0,1.0,3.0,59.0,12.0,8.0,28.0,23.0,157.0,218
311440,2019,18.0,1.0,3.0,5.0,1.0,65.0,10.0,6.0,39.0,18.0,166.0,225
311450,2012,23.0,0.0,6.0,0.0,1.0,46.0,11.0,3.0,55.0,12.0,162.0,198
311450,2013,0.0,0.0,0.0,0.0,0.0,0.0,0.0,0.0,0.0,0.0,148.0,195
311450,2014,6.0,0.0,6.0,0.0,1.0,4.0,0.0,0.0,6.0,2.0,173.0,215
311450,2015,11.0,0.0,8.0,0.0,1.0,45.0,18.0,6.0,32.0,18.0,192.0,247
311450,2016,10.0,0.0,10.0,0.0,3.0,67.0,17.0,9.0,37.0,9.0,163.0,211
311450,2017,7.0,0.0,4.0,1.0,1.0,84.0,17.0,9.0,24.0,32.0,179.0,236
311450,2018,12.0,0.0,2.0,1.0,1.0,65.0,12.0,15.0,31.0,22.0,161.0,196
311450,2019,13.0,1.0,4.0,7.0,0.0,66.0,11.0,14.0,38.0,28.0,182.0,216
311455,2012,3.0,0.0,0.0,0.0,1.0,37.0,1.0,4.0,4.0,35.0,93.0,108
311455,2013,0.0,0.0,0.0,0.0,0.0,0.0,0.0,0.0,0.0,0.0,80.0,94
311455,2014,3.0,0.0,3.0,1.0,0.0,47.0,2.0,11.0,7.0,25.0,99.0,117
311455,2015,6.0,0.0,3.0,2.0,0.0,34.0,4.0,7.0,11.0,38.0,105.0,121
311455,2016,5.0,2.0,0.0,1.0,0.0,25.0,6.0,8.0,16.0,27.0,90.0,102
311455,2017,5.0,0.0,2.0,2.0,1.0,45.0,10.0,3.0,16.0,9.0,93.0,104
311455,2018,6.0,0.0,2.0,1.0,0.0,56.0,7.0,7.0,23.0,3.0,105.0,118
311455,2019,8.0,0.0,2.0,2.0,1.0,36.0,4.0,3.0,14.0,17.0,87.0,99
311460,2012,2.0,0.0,0.0,0.0,0.0,10.0,0.0,3.0,6.0,4.0,25.0,36
311460,2013,0.0,0.0,0.0,0.0,0.0,0.0,0.0,0.0,0.0,0.0,21.0,48
311460,2014,1.0,0.0,2.0,1.0,0.0,5.0,1.0,6.0,6.0,5.0,27.0,45
311460,2015,2.0,0.0,0.0,0.0,1.0,4.0,2.0,0.0,1.0,2.0,12.0,35
311460,2016,0.0,3.0,0.0,0.0,0.0,13.0,1.0,3.0,4.0,3.0,27.0,46
311460,2017,4.0,0.0,0.0,0.0,1.0,16.0,2.0,2.0,8.0,4.0,37.0,63
311460,2018,1.0,0.0,1.0,0.0,0.0,12.0,2.0,0.0,5.0,3.0,24.0,39
311460,2019,1.0,0.0,0.0,1.0,2.0,11.0,2.0,1.0,3.0,2.0,23.0,47
311470,2012,1.0,0.0,0.0,0.0,1.0,8.0,2.0,0.0,5.0,1.0,20.0,34
311470,2013,0.0,0.0,0.0,0.0,0.0,0.0,0.0,0.0,0.0,0.0,35.0,47
311470,2014,0.0,0.0,4.0,0.0,0.0,10.0,3.0,1.0,12.0,3.0,33.0,48
311470,2015,0.0,0.0,2.0,0.0,1.0,3.0,3.0,1.0,8.0,5.0,23.0,37
311470,2016,2.0,0.0,0.0,0.0,0.0,5.0,1.0,0.0,9.0,3.0,20.0,39
311470,2017,2.0,0.0,0.0,1.0,0.0,9.0,0.0,1.0,10.0,3.0,26.0,34
311470,2018,2.0,0.0,0.0,1.0,1.0,11.0,4.0,3.0,7.0,0.0,29.0,45
311470,2019,0.0,0.0,0.0,1.0,1.0,6.0,4.0,0.0,5.0,2.0,19.0,38
311480,2012,5.0,0.0,2.0,1.0,1.0,9.0,2.0,0.0,10.0,5.0,37.0,45
311480,2013,0.0,0.0,0.0,0.0,0.0,0.0,0.0,0.0,0.0,0.0,34.0,44
311480,2014,4.0,0.0,0.0,1.0,2.0,7.0,3.0,0.0,8.0,3.0,29.0,36
311480,2015,2.0,0.0,0.0,3.0,3.0,7.0,3.0,1.0,6.0,1.0,26.0,37
311480,2016,1.0,0.0,1.0,6.0,3.0,10.0,3.0,1.0,9.0,1.0,35.0,40
311480,2017,2.0,0.0,0.0,5.0,2.0,10.0,0.0,2.0,16.0,0.0,37.0,50
311480,2018,2.0,0.0,2.0,7.0,2.0,4.0,1.0,0.0,9.0,1.0,28.0,33
311480,2019,1.0,0.0,0.0,1.0,4.0,13.0,4.0,0.0,9.0,2.0,34.0,43
311490,2012,1.0,0.0,0.0,0.0,1.0,7.0,0.0,2.0,4.0,1.0,16.0,17
311490,2013,0.0,0.0,0.0,0.0,0.0,0.0,0.0,0.0,0.0,0.0,13.0,19
311490,2014,1.0,0.0,0.0,1.0,0.0,2.0,2.0,1.0,5.0,2.0,14.0,21
311490,2015,0.0,0.0,2.0,0.0,0.0,9.0,2.0,1.0,5.0,3.0,22.0,30
311490,2016,1.0,0.0,0.0,0.0,2.0,3.0,1.0,0.0,3.0,4.0,14.0,20
311490,2017,0.0,0.0,0.0,0.0,1.0,6.0,0.0,1.0,4.0,0.0,12.0,20
311490,2018,0.0,0.0,0.0,0.0,1.0,6.0,5.0,2.0,1.0,0.0,15.0,24
311490,2019,2.0,0.0,0.0,0.0,1.0,8.0,1.0,0.0,3.0,2.0,17.0,18
311500,2012,3.0,0.0,0.0,0.0,0.0,7.0,1.0,1.0,7.0,1.0,20.0,23
311500,2013,0.0,0.0,0.0,0.0,0.0,0.0,0.0,0.0,0.0,0.0,22.0,26
311500,2014,0.0,0.0,0.0,2.0,0.0,6.0,5.0,4.0,6.0,9.0,32.0,35
311500,2015,2.0,0.0,0.0,1.0,0.0,3.0,0.0,4.0,1.0,9.0,21.0,24
311500,2016,0.0,1.0,0.0,1.0,0.0,8.0,2.0,2.0,7.0,10.0,31.0,34
311500,2017,1.0,0.0,0.0,1.0,0.0,12.0,1.0,2.0,4.0,4.0,25.0,32
311500,2018,1.0,2.0,2.0,0.0,1.0,13.0,3.0,0.0,5.0,3.0,30.0,36
311500,2019,1.0,0.0,2.0,0.0,1.0,19.0,1.0,1.0,1.0,7.0,33.0,36
311510,2012,14.0,1.0,2.0,5.0,4.0,45.0,2.0,6.0,18.0,17.0,125.0,230
311510,2013,0.0,0.0,0.0,0.0,0.0,0.0,0.0,0.0,0.0,0.0,122.0,217
311510,2014,11.0,0.0,3.0,3.0,1.0,49.0,9.0,9.0,27.0,19.0,132.0,216
311510,2015,8.0,1.0,5.0,2.0,1.0,53.0,7.0,7.0,31.0,17.0,135.0,229
311510,2016,14.0,1.0,8.0,2.0,3.0,45.0,15.0,5.0,31.0,31.0,156.0,229
311510,2017,16.0,0.0,4.0,5.0,5.0,39.0,10.0,4.0,30.0,21.0,135.0,212
311510,2018,14.0,2.0,7.0,3.0,7.0,60.0,7.0,6.0,19.0,18.0,143.0,218
311510,2019,9.0,1.0,5.0,3.0,4.0,60.0,13.0,4.0,22.0,16.0,137.0,212
311520,2012,3.0,0.0,0.0,1.0,0.0,5.0,3.0,1.0,8.0,1.0,25.0,29
311520,2013,0.0,0.0,0.0,0.0,0.0,0.0,0.0,0.0,0.0,0.0,19.0,28
311520,2014,4.0,0.0,0.0,0.0,0.0,7.0,3.0,0.0,5.0,4.0,26.0,31
311520,2015,2.0,0.0,0.0,0.0,0.0,6.0,4.0,1.0,6.0,3.0,24.0,29
311520,2016,1.0,0.0,2.0,1.0,0.0,6.0,3.0,0.0,3.0,0.0,17.0,22
311520,2017,3.0,0.0,0.0,0.0,0.0,9.0,3.0,0.0,7.0,2.0,24.0,29
311520,2018,2.0,0.0,0.0,0.0,1.0,9.0,2.0,2.0,6.0,3.0,25.0,28
311520,2019,1.0,0.0,0.0,1.0,0.0,5.0,7.0,2.0,3.0,4.0,23.0,33
311530,2012,80.0,2.0,16.0,6.0,14.0,208.0,55.0,19.0,207.0,48.0,676.0,836
311530,2013,0.0,0.0,0.0,0.0,0.0,0.0,0.0,0.0,0.0,0.0,584.0,741
311530,2014,53.0,2.0,25.0,11.0,9.0,209.0,75.0,14.0,221.0,39.0,681.0,825
311530,2015,49.0,2.0,21.0,6.0,13.0,230.0,58.0,12.0,186.0,43.0,645.0,779
311530,2016,54.0,0.0,23.0,10.0,18.0,224.0,54.0,14.0,189.0,53.0,647.0,791
311530,2017,51.0,0.0,10.0,12.0,15.0,236.0,65.0,24.0,187.0,49.0,653.0,826
311530,2018,41.0,3.0,12.0,8.0,14.0,241.0,40.0,38.0,154.0,90.0,647.0,806
311530,2019,34.0,0.0,11.0,11.0,13.0,226.0,39.0,15.0,164.0,59.0,580.0,749
311535,2012,9.0,0.0,3.0,0.0,1.0,8.0,3.0,1.0,6.0,2.0,36.0,70
311535,2013,0.0,0.0,0.0,0.0,0.0,0.0,0.0,0.0,0.0,0.0,27.0,66
311535,2014,0.0,0.0,0.0,1.0,1.0,10.0,1.0,2.0,9.0,5.0,29.0,64
311535,2015,1.0,1.0,0.0,0.0,0.0,6.0,4.0,1.0,11.0,2.0,26.0,61
311535,2016,4.0,0.0,0.0,2.0,0.0,6.0,3.0,2.0,4.0,4.0,25.0,50
311535,2017,3.0,0.0,0.0,2.0,0.0,14.0,1.0,0.0,10.0,1.0,31.0,62
311535,2018,0.0,0.0,0.0,3.0,5.0,9.0,3.0,0.0,16.0,3.0,39.0,76
311535,2019,3.0,0.0,4.0,5.0,0.0,9.0,7.0,0.0,11.0,3.0,42.0,81
311540,2012,2.0,0.0,0.0,1.0,1.0,4.0,7.0,2.0,6.0,1.0,24.0,34
311540,2013,0.0,0.0,0.0,0.0,0.0,0.0,0.0,0.0,0.0,0.0,15.0,27
311540,2014,2.0,0.0,0.0,0.0,0.0,14.0,1.0,0.0,4.0,6.0,27.0,36
311540,2015,3.0,0.0,0.0,1.0,1.0,8.0,3.0,2.0,6.0,2.0,26.0,31
311540,2016,2.0,0.0,0.0,1.0,0.0,11.0,3.0,1.0,4.0,5.0,27.0,33
311540,2017,1.0,0.0,0.0,0.0,3.0,6.0,0.0,2.0,3.0,3.0,18.0,27
311540,2018,1.0,0.0,0.0,2.0,0.0,15.0,4.0,1.0,1.0,1.0,25.0,37
311540,2019,0.0,0.0,0.0,2.0,0.0,9.0,2.0,1.0,5.0,4.0,24.0,35
311545,2012,5.0,0.0,2.0,2.0,1.0,12.0,1.0,1.0,5.0,3.0,32.0,120
311545,2013,0.0,0.0,0.0,0.0,0.0,0.0,0.0,0.0,0.0,0.0,36.0,131
311545,2014,2.0,0.0,0.0,1.0,0.0,7.0,3.0,7.0,2.0,12.0,34.0,151
311545,2015,2.0,0.0,2.0,0.0,0.0,17.0,10.0,3.0,11.0,5.0,51.0,144
311545,2016,5.0,0.0,0.0,2.0,2.0,5.0,4.0,5.0,9.0,7.0,40.0,128
311545,2017,1.0,0.0,4.0,3.0,1.0,13.0,7.0,4.0,4.0,6.0,44.0,139
311545,2018,1.0,0.0,2.0,4.0,2.0,20.0,5.0,5.0,9.0,11.0,61.0,138
311545,2019,5.0,0.0,6.0,5.0,1.0,15.0,6.0,5.0,21.0,5.0,69.0,132
311547,2012,5.0,0.0,2.0,0.0,0.0,8.0,2.0,3.0,6.0,3.0,31.0,73
311547,2013,0.0,0.0,0.0,0.0,0.0,0.0,0.0,0.0,0.0,0.0,36.0,66
311547,2014,5.0,0.0,0.0,1.0,1.0,3.0,2.0,0.0,2.0,3.0,19.0,48
311547,2015,1.0,1.0,2.0,0.0,0.0,8.0,1.0,0.0,3.0,1.0,19.0,45
311547,2016,1.0,0.0,5.0,1.0,0.0,8.0,3.0,0.0,2.0,3.0,29.0,53
311547,2017,2.0,1.0,1.0,0.0,1.0,11.0,1.0,3.0,8.0,3.0,35.0,68
311547,2018,2.0,0.0,4.0,1.0,0.0,8.0,1.0,5.0,2.0,6.0,31.0,46
311547,2019,1.0,0.0,0.0,0.0,1.0,10.0,1.0,2.0,5.0,5.0,25.0,50
311550,2012,24.0,0.0,10.0,4.0,0.0,58.0,18.0,4.0,36.0,20.0,200.0,254
311550,2013,0.0,0.0,0.0,0.0,0.0,0.0,0.0,0.0,0.0,0.0,195.0,241
311550,2014,24.0,0.0,4.0,3.0,1.0,69.0,10.0,16.0,37.0,33.0,199.0,257
311550,2015,11.0,0.0,6.0,3.0,0.0,81.0,15.0,7.0,56.0,32.0,212.0,276
311550,2016,24.0,1.0,0.0,2.0,2.0,66.0,13.0,8.0,30.0,27.0,173.0,213
311550,2017,27.0,0.0,0.0,4.0,5.0,59.0,9.0,8.0,39.0,32.0,183.0,230
311550,2018,19.0,2.0,0.0,5.0,2.0,67.0,18.0,10.0,41.0,28.0,192.0,236
311550,2019,22.0,0.0,8.0,4.0,1.0,57.0,16.0,5.0,44.0,23.0,181.0,232
311560,2012,2.0,0.0,0.0,0.0,0.0,5.0,0.0,1.0,1.0,0.0,9.0,14
311560,2013,0.0,0.0,0.0,0.0,0.0,0.0,0.0,0.0,0.0,0.0,6.0,12
311560,2014,0.0,0.0,0.0,0.0,0.0,2.0,0.0,0.0,0.0,0.0,2.0,8
311560,2015,1.0,0.0,2.0,0.0,0.0,2.0,3.0,0.0,0.0,1.0,9.0,14
311560,2016,2.0,0.0,0.0,0.0,0.0,1.0,1.0,0.0,0.0,1.0,5.0,10
311560,2017,0.0,0.0,0.0,0.0,0.0,2.0,0.0,0.0,0.0,0.0,2.0,6
311560,2018,0.0,0.0,0.0,0.0,0.0,2.0,0.0,0.0,2.0,0.0,4.0,7
311560,2019,0.0,0.0,0.0,0.0,0.0,0.0,0.0,0.0,1.0,0.0,1.0,2
311570,2012,1.0,7.0,0.0,0.0,0.0,6.0,0.0,2.0,3.0,8.0,37.0,47
311570,2013,0.0,0.0,0.0,0.0,0.0,0.0,0.0,0.0,0.0,0.0,58.0,82
311570,2014,0.0,3.0,0.0,5.0,8.0,13.0,1.0,5.0,2.0,6.0,43.0,61
311570,2015,1.0,0.0,3.0,3.0,2.0,16.0,0.0,4.0,3.0,28.0,61.0,96
311570,2016,1.0,0.0,0.0,1.0,1.0,21.0,0.0,3.0,3.0,20.0,53.0,80
311570,2017,1.0,0.0,0.0,0.0,0.0,34.0,0.0,6.0,5.0,20.0,66.0,79
311570,2018,4.0,0.0,0.0,1.0,0.0,31.0,2.0,12.0,2.0,27.0,79.0,110
311570,2019,6.0,2.0,2.0,0.0,0.0,18.0,2.0,4.0,1.0,15.0,50.0,74
311580,2012,12.0,1.0,2.0,1.0,1.0,22.0,2.0,4.0,12.0,17.0,74.0,90
311580,2013,0.0,0.0,0.0,0.0,0.0,0.0,0.0,0.0,0.0,0.0,66.0,82
311580,2014,6.0,0.0,0.0,2.0,1.0,24.0,11.0,2.0,39.0,6.0,97.0,116
311580,2015,4.0,0.0,2.0,1.0,2.0,27.0,8.0,4.0,22.0,12.0,83.0,107
311580,2016,5.0,0.0,0.0,0.0,2.0,34.0,7.0,5.0,13.0,10.0,79.0,106
311580,2017,3.0,0.0,6.0,3.0,1.0,29.0,3.0,5.0,22.0,2.0,76.0,102
311580,2018,2.0,0.0,10.0,3.0,2.0,41.0,3.0,2.0,19.0,9.0,96.0,119
311580,2019,6.0,0.0,4.0,0.0,3.0,22.0,6.0,2.0,13.0,6.0,65.0,80
311590,2012,2.0,0.0,2.0,1.0,0.0,0.0,2.0,0.0,3.0,2.0,15.0,26
311590,2013,0.0,0.0,0.0,0.0,0.0,0.0,0.0,0.0,0.0,0.0,9.0,24
311590,2014,0.0,0.0,0.0,0.0,1.0,2.0,1.0,1.0,3.0,1.0,9.0,21
311590,2015,1.0,0.0,0.0,0.0,2.0,7.0,3.0,0.0,3.0,3.0,19.0,30
311590,2016,0.0,0.0,2.0,1.0,0.0,4.0,1.0,0.0,4.0,1.0,13.0,27
311590,2017,1.0,1.0,3.0,1.0,0.0,7.0,2.0,2.0,5.0,2.0,24.0,39
311590,2018,1.0,0.0,4.0,0.0,1.0,10.0,1.0,0.0,4.0,0.0,21.0,38
311590,2019,3.0,0.0,0.0,1.0,2.0,3.0,2.0,0.0,3.0,1.0,15.0,27
311600,2012,6.0,0.0,3.0,3.0,0.0,16.0,5.0,6.0,11.0,5.0,56.0,74
311600,2013,0.0,0.0,0.0,0.0,0.0,0.0,0.0,0.0,0.0,0.0,46.0,66
311600,2014,5.0,0.0,2.0,1.0,1.0,26.0,3.0,7.0,11.0,7.0,66.0,81
311600,2015,3.0,0.0,4.0,1.0,3.0,22.0,2.0,1.0,5.0,10.0,58.0,84
311600,2016,8.0,3.0,2.0,0.0,2.0,12.0,2.0,1.0,3.0,9.0,48.0,65
311600,2017,4.0,0.0,2.0,1.0,1.0,23.0,1.0,9.0,4.0,17.0,65.0,79
311600,2018,4.0,2.0,1.0,0.0,0.0,25.0,2.0,1.0,11.0,17.0,65.0,90
311600,2019,9.0,2.0,0.0,2.0,0.0,29.0,8.0,0.0,12.0,10.0,72.0,92
311610,2012,5.0,0.0,2.0,1.0,4.0,7.0,5.0,6.0,4.0,7.0,42.0,146
311610,2013,0.0,0.0,0.0,0.0,0.0,0.0,0.0,0.0,0.0,0.0,40.0,129
311610,2014,2.0,0.0,2.0,1.0,0.0,12.0,5.0,5.0,3.0,6.0,38.0,138
311610,2015,3.0,1.0,3.0,0.0,0.0,10.0,5.0,4.0,3.0,5.0,38.0,102
311610,2016,7.0,0.0,2.0,0.0,0.0,2.0,6.0,3.0,4.0,8.0,32.0,102
311610,2017,3.0,0.0,3.0,0.0,0.0,6.0,2.0,2.0,4.0,5.0,30.0,107
311610,2018,3.0,0.0,4.0,1.0,0.0,3.0,3.0,1.0,2.0,3.0,25.0,95
311610,2019,1.0,0.0,4.0,1.0,1.0,12.0,7.0,3.0,7.0,6.0,46.0,110
311615,2012,6.0,1.0,0.0,0.0,2.0,28.0,5.0,2.0,3.0,7.0,70.0,184
311615,2013,0.0,0.0,0.0,0.0,0.0,0.0,0.0,0.0,0.0,0.0,63.0,187
311615,2014,5.0,0.0,0.0,4.0,0.0,17.0,5.0,10.0,15.0,12.0,73.0,198
311615,2015,5.0,0.0,4.0,3.0,1.0,29.0,6.0,5.0,5.0,15.0,76.0,192
311615,2016,9.0,0.0,0.0,1.0,1.0,12.0,9.0,4.0,12.0,9.0,58.0,173
311615,2017,6.0,0.0,2.0,0.0,3.0,35.0,5.0,6.0,12.0,17.0,86.0,178
311615,2018,2.0,0.0,0.0,4.0,2.0,28.0,9.0,16.0,20.0,11.0,93.0,189
311615,2019,8.0,1.0,2.0,1.0,3.0,43.0,17.0,7.0,18.0,21.0,121.0,205
311620,2012,0.0,0.0,0.0,0.0,0.0,2.0,0.0,0.0,1.0,6.0,9.0,27
311620,2013,0.0,0.0,0.0,0.0,0.0,0.0,0.0,0.0,0.0,0.0,7.0,19
311620,2014,2.0,0.0,0.0,0.0,0.0,4.0,1.0,0.0,5.0,1.0,14.0,30
311620,2015,0.0,0.0,2.0,1.0,0.0,1.0,2.0,0.0,5.0,0.0,11.0,28
311620,2016,1.0,0.0,0.0,0.0,0.0,2.0,3.0,1.0,1.0,1.0,9.0,27
311620,2017,0.0,0.0,0.0,0.0,0.0,4.0,2.0,0.0,2.0,1.0,9.0,24
311620,2018,1.0,0.0,0.0,0.0,1.0,6.0,0.0,0.0,2.0,1.0,11.0,29
311620,2019,1.0,0.0,0.0,0.0,1.0,5.0,2.0,0.0,2.0,0.0,11.0,39
311630,2012,1.0,1.0,1.0,4.0,2.0,3.0,4.0,0.0,9.0,3.0,29.0,67
311630,2013,0.0,0.0,0.0,0.0,0.0,0.0,0.0,0.0,0.0,0.0,31.0,51
311630,2014,2.0,0.0,1.0,11.0,3.0,2.0,2.0,3.0,2.0,2.0,29.0,57
311630,2015,1.0,0.0,2.0,8.0,5.0,3.0,5.0,1.0,1.0,2.0,29.0,55
311630,2016,2.0,0.0,2.0,7.0,3.0,7.0,3.0,0.0,3.0,3.0,32.0,54
311630,2017,2.0,1.0,0.0,3.0,3.0,7.0,5.0,1.0,10.0,3.0,35.0,51
311630,2018,3.0,0.0,2.0,1.0,0.0,10.0,5.0,2.0,10.0,0.0,34.0,48
311630,2019,2.0,0.0,0.0,2.0,1.0,11.0,4.0,1.0,6.0,4.0,31.0,53
311640,2012,0.0,0.0,0.0,1.0,0.0,3.0,1.0,0.0,2.0,1.0,12.0,20
311640,2013,0.0,0.0,0.0,0.0,0.0,0.0,0.0,0.0,0.0,0.0,9.0,12
311640,2014,0.0,0.0,2.0,0.0,1.0,4.0,1.0,0.0,1.0,0.0,9.0,14
311640,2015,1.0,0.0,0.0,0.0,0.0,0.0,1.0,0.0,3.0,1.0,6.0,9
311640,2016,3.0,0.0,0.0,0.0,0.0,4.0,0.0,0.0,1.0,1.0,9.0,12
311640,2017,0.0,0.0,0.0,0.0,0.0,4.0,1.0,0.0,0.0,0.0,5.0,11
311640,2018,1.0,0.0,0.0,0.0,0.0,4.0,2.0,0.0,4.0,1.0,12.0,20
311640,2019,3.0,0.0,0.0,1.0,1.0,6.0,1.0,0.0,4.0,1.0,17.0,23
311650,2012,3.0,0.0,0.0,0.0,2.0,3.0,2.0,1.0,4.0,12.0,29.0,73
311650,2013,0.0,0.0,0.0,0.0,0.0,0.0,0.0,0.0,0.0,0.0,27.0,72
311650,2014,0.0,0.0,0.0,0.0,0.0,8.0,3.0,2.0,5.0,7.0,26.0,82
311650,2015,4.0,1.0,0.0,1.0,0.0,7.0,4.0,4.0,3.0,7.0,32.0,85
311650,2016,0.0,0.0,0.0,1.0,2.0,9.0,5.0,2.0,4.0,3.0,27.0,79
311650,2017,0.0,0.0,0.0,1.0,0.0,12.0,3.0,4.0,3.0,1.0,25.0,77
311650,2018,1.0,0.0,2.0,1.0,1.0,8.0,7.0,4.0,4.0,4.0,34.0,77
311650,2019,2.0,0.0,0.0,0.0,0.0,7.0,2.0,1.0,2.0,3.0,17.0,58
311660,2012,30.0,0.0,10.0,6.0,3.0,77.0,11.0,18.0,32.0,72.0,272.0,359
311660,2013,0.0,0.0,0.0,0.0,0.0,0.0,0.0,0.0,0.0,0.0,281.0,368
311660,2014,27.0,0.0,3.0,3.0,3.0,94.0,23.0,24.0,38.0,45.0,272.0,337
311660,2015,18.0,0.0,4.0,6.0,6.0,106.0,28.0,26.0,48.0,53.0,301.0,391
311660,2016,19.0,0.0,8.0,4.0,3.0,116.0,26.0,18.0,56.0,48.0,298.0,361
311660,2017,32.0,1.0,3.0,3.0,6.0,105.0,18.0,19.0,52.0,79.0,318.0,367
311660,2018,25.0,1.0,10.0,6.0,4.0,103.0,16.0,22.0,54.0,71.0,312.0,379
311660,2019,23.0,0.0,7.0,2.0,3.0,114.0,32.0,12.0,78.0,54.0,327.0,398
311670,2012,3.0,0.0,3.0,2.0,1.0,14.0,0.0,1.0,19.0,5.0,58.0,75
311670,2013,0.0,0.0,0.0,0.0,0.0,0.0,0.0,0.0,0.0,0.0,51.0,78
311670,2014,0.0,0.0,4.0,1.0,0.0,19.0,6.0,0.0,23.0,8.0,63.0,80
311670,2015,4.0,0.0,0.0,0.0,0.0,20.0,3.0,3.0,14.0,8.0,53.0,66
311670,2016,9.0,0.0,2.0,1.0,0.0,22.0,6.0,3.0,13.0,5.0,61.0,76
311670,2017,7.0,0.0,2.0,1.0,2.0,15.0,6.0,1.0,13.0,4.0,52.0,75
311670,2018,1.0,0.0,2.0,1.0,2.0,20.0,4.0,4.0,10.0,6.0,52.0,68
311670,2019,3.0,0.0,2.0,1.0,1.0,24.0,5.0,1.0,15.0,6.0,59.0,74
311680,2012,5.0,1.0,4.0,18.0,3.0,4.0,2.0,2.0,5.0,4.0,48.0,118
311680,2013,0.0,0.0,0.0,0.0,0.0,0.0,0.0,0.0,0.0,0.0,56.0,109
311680,2014,1.0,0.0,4.0,23.0,10.0,4.0,2.0,3.0,2.0,3.0,54.0,112
311680,2015,4.0,0.0,0.0,8.0,5.0,6.0,3.0,7.0,2.0,7.0,44.0,91
311680,2016,8.0,0.0,4.0,6.0,2.0,14.0,4.0,7.0,4.0,11.0,63.0,118
311680,2017,3.0,1.0,0.0,5.0,1.0,12.0,4.0,7.0,7.0,15.0,55.0,110
311680,2018,8.0,1.0,4.0,2.0,2.0,15.0,5.0,8.0,3.0,17.0,65.0,110
311680,2019,2.0,0.0,0.0,2.0,0.0,22.0,3.0,2.0,3.0,8.0,42.0,84
311690,2012,1.0,0.0,0.0,0.0,0.0,6.0,1.0,3.0,3.0,4.0,19.0,25
311690,2013,0.0,0.0,0.0,0.0,0.0,0.0,0.0,0.0,0.0,0.0,14.0,21
311690,2014,2.0,0.0,0.0,1.0,0.0,5.0,0.0,1.0,6.0,2.0,18.0,26
311690,2015,1.0,0.0,0.0,0.0,0.0,5.0,0.0,1.0,3.0,4.0,14.0,28
311690,2016,1.0,0.0,2.0,0.0,0.0,4.0,1.0,1.0,2.0,4.0,15.0,24
311690,2017,1.0,0.0,0.0,0.0,0.0,6.0,2.0,1.0,4.0,1.0,15.0,27
311690,2018,0.0,0.0,0.0,1.0,1.0,8.0,2.0,2.0,2.0,1.0,17.0,22
311690,2019,3.0,0.0,2.0,0.0,0.0,7.0,2.0,1.0,8.0,7.0,30.0,40
311700,2012,2.0,0.0,0.0,0.0,3.0,5.0,3.0,2.0,2.0,1.0,19.0,77
311700,2013,0.0,0.0,0.0,0.0,0.0,0.0,0.0,0.0,0.0,0.0,23.0,83
311700,2014,2.0,0.0,2.0,1.0,2.0,4.0,1.0,8.0,2.0,11.0,35.0,80
311700,2015,2.0,0.0,2.0,0.0,0.0,8.0,4.0,2.0,7.0,2.0,30.0,80
311700,2016,1.0,0.0,0.0,0.0,1.0,5.0,0.0,2.0,7.0,2.0,23.0,63
311700,2017,1.0,0.0,0.0,4.0,2.0,3.0,4.0,5.0,3.0,1.0,24.0,60
311700,2018,2.0,0.0,0.0,1.0,0.0,2.0,1.0,2.0,2.0,3.0,18.0,62
311700,2019,0.0,0.0,1.0,1.0,0.0,0.0,3.0,0.0,1.0,2.0,23.0,51
311710,2012,5.0,0.0,2.0,1.0,0.0,33.0,1.0,2.0,18.0,9.0,74.0,115
311710,2013,0.0,0.0,0.0,0.0,0.0,0.0,0.0,0.0,0.0,0.0,72.0,101
311710,2014,4.0,0.0,4.0,2.0,1.0,39.0,8.0,4.0,27.0,7.0,96.0,123
311710,2015,4.0,0.0,0.0,2.0,0.0,19.0,5.0,1.0,13.0,6.0,69.0,105
311710,2016,2.0,0.0,2.0,1.0,4.0,43.0,10.0,1.0,26.0,6.0,96.0,115
311710,2017,4.0,0.0,0.0,1.0,2.0,30.0,10.0,3.0,21.0,8.0,79.0,114
311710,2018,2.0,0.0,2.0,1.0,1.0,43.0,8.0,1.0,32.0,6.0,97.0,119
311710,2019,2.0,0.0,5.0,3.0,1.0,48.0,11.0,5.0,26.0,7.0,108.0,123
311720,2012,0.0,0.0,0.0,0.0,1.0,8.0,3.0,0.0,5.0,3.0,20.0,31
311720,2013,0.0,0.0,0.0,0.0,0.0,0.0,0.0,0.0,0.0,0.0,27.0,37
311720,2014,1.0,0.0,0.0,1.0,0.0,6.0,1.0,1.0,6.0,3.0,19.0,32
311720,2015,1.0,0.0,0.0,0.0,0.0,5.0,0.0,0.0,4.0,6.0,17.0,26
311720,2016,2.0,0.0,0.0,0.0,1.0,6.0,1.0,0.0,5.0,3.0,18.0,28
311720,2017,0.0,0.0,0.0,2.0,0.0,8.0,2.0,2.0,5.0,0.0,19.0,31
311720,2018,0.0,0.0,2.0,0.0,0.0,7.0,1.0,1.0,0.0,2.0,13.0,21
311720,2019,0.0,0.0,0.0,1.0,0.0,7.0,3.0,1.0,2.0,0.0,14.0,26
311730,2012,23.0,44.0,6.0,9.0,3.0,79.0,10.0,4.0,52.0,27.0,258.0,393
311730,2013,0.0,0.0,0.0,0.0,0.0,0.0,0.0,0.0,0.0,0.0,275.0,381
311730,2014,25.0,9.0,6.0,43.0,4.0,84.0,22.0,11.0,63.0,15.0,292.0,415
311730,2015,22.0,0.0,6.0,34.0,29.0,69.0,28.0,14.0,57.0,26.0,292.0,412
311730,2016,24.0,0.0,9.0,43.0,28.0,65.0,26.0,9.0,41.0,19.0,268.0,365
311730,2017,15.0,2.0,4.0,19.0,16.0,82.0,41.0,5.0,65.0,22.0,276.0,358
311730,2018,21.0,71.0,2.0,10.0,8.0,71.0,30.0,6.0,48.0,16.0,285.0,366
311730,2019,22.0,1.0,6.0,44.0,26.0,83.0,22.0,6.0,58.0,19.0,288.0,360
311740,2012,1.0,0.0,2.0,2.0,2.0,15.0,0.0,5.0,0.0,20.0,47.0,56
311740,2013,0.0,0.0,0.0,0.0,0.0,0.0,0.0,0.0,0.0,0.0,43.0,50
311740,2014,2.0,0.0,0.0,0.0,0.0,19.0,0.0,5.0,4.0,9.0,40.0,55
311740,2015,0.0,0.0,0.0,0.0,0.0,10.0,0.0,0.0,5.0,5.0,22.0,28
311740,2016,3.0,1.0,0.0,1.0,0.0,3.0,3.0,0.0,6.0,3.0,20.0,30
311740,2017,1.0,0.0,0.0,1.0,1.0,7.0,0.0,0.0,2.0,10.0,23.0,33
311740,2018,1.0,0.0,2.0,1.0,1.0,21.0,1.0,4.0,7.0,5.0,44.0,53
311740,2019,3.0,0.0,0.0,0.0,0.0,15.0,3.0,1.0,5.0,2.0,29.0,32
311750,2012,8.0,1.0,2.0,5.0,2.0,17.0,5.0,2.0,21.0,8.0,75.0,230
311750,2013,0.0,0.0,0.0,0.0,0.0,0.0,0.0,0.0,0.0,0.0,77.0,240
311750,2014,12.0,0.0,4.0,1.0,5.0,19.0,10.0,4.0,20.0,20.0,98.0,256
311750,2015,5.0,0.0,2.0,6.0,3.0,43.0,7.0,6.0,17.0,16.0,109.0,265
311750,2016,9.0,0.0,2.0,2.0,2.0,30.0,10.0,6.0,17.0,21.0,104.0,252
311750,2017,8.0,0.0,2.0,3.0,1.0,34.0,6.0,5.0,33.0,19.0,117.0,298
311750,2018,13.0,0.0,4.0,2.0,1.0,29.0,3.0,4.0,13.0,9.0,83.0,246
311750,2019,5.0,0.0,2.0,2.0,2.0,39.0,9.0,5.0,23.0,14.0,102.0,281
311760,2012,4.0,0.0,4.0,0.0,0.0,4.0,4.0,2.0,10.0,4.0,33.0,50
311760,2013,0.0,0.0,0.0,0.0,0.0,0.0,0.0,0.0,0.0,0.0,46.0,61
311760,2014,3.0,0.0,0.0,1.0,1.0,18.0,9.0,1.0,9.0,2.0,44.0,55
311760,2015,4.0,0.0,0.0,1.0,1.0,19.0,9.0,0.0,13.0,1.0,48.0,67
311760,2016,1.0,0.0,0.0,1.0,2.0,10.0,3.0,0.0,8.0,1.0,26.0,41
311760,2017,4.0,0.0,0.0,1.0,4.0,11.0,9.0,1.0,8.0,3.0,41.0,55
311760,2018,2.0,0.0,0.0,1.0,0.0,16.0,9.0,1.0,12.0,2.0,43.0,57
311760,2019,5.0,0.0,2.0,0.0,1.0,20.0,4.0,2.0,9.0,1.0,44.0,58
311770,2012,13.0,1.0,2.0,2.0,2.0,35.0,5.0,3.0,18.0,11.0,97.0,148
311770,2013,0.0,0.0,0.0,0.0,0.0,0.0,0.0,0.0,0.0,0.0,99.0,151
311770,2014,6.0,1.0,0.0,2.0,1.0,34.0,6.0,12.0,24.0,14.0,100.0,157
311770,2015,8.0,0.0,2.0,3.0,2.0,37.0,5.0,10.0,23.0,11.0,104.0,167
311770,2016,7.0,0.0,2.0,2.0,4.0,37.0,12.0,7.0,15.0,8.0,94.0,146
311770,2017,12.0,0.0,8.0,1.0,2.0,50.0,4.0,7.0,17.0,8.0,109.0,162
311770,2018,8.0,0.0,4.0,4.0,1.0,43.0,13.0,5.0,16.0,21.0,115.0,165
311770,2019,6.0,0.0,2.0,4.0,3.0,44.0,9.0,5.0,23.0,12.0,108.0,159
311780,2012,5.0,0.0,4.0,2.0,3.0,30.0,4.0,1.0,21.0,5.0,105.0,129
311780,2013,0.0,0.0,0.0,0.0,0.0,0.0,0.0,0.0,0.0,0.0,93.0,121
311780,2014,6.0,0.0,0.0,0.0,0.0,15.0,4.0,0.0,13.0,5.0,80.0,109
311780,2015,12.0,0.0,2.0,6.0,4.0,34.0,20.0,2.0,19.0,8.0,108.0,131
311780,2016,8.0,2.0,2.0,7.0,3.0,34.0,6.0,4.0,17.0,9.0,96.0,138
311780,2017,9.0,0.0,2.0,7.0,6.0,20.0,8.0,2.0,20.0,6.0,85.0,123
311780,2018,3.0,0.0,5.0,8.0,7.0,32.0,8.0,3.0,21.0,7.0,101.0,137
311780,2019,3.0,0.0,0.0,10.0,9.0,22.0,9.0,3.0,10.0,6.0,79.0,121
311783,2012,3.0,0.0,0.0,0.0,0.0,14.0,3.0,1.0,3.0,5.0,29.0,82
311783,2013,0.0,0.0,0.0,0.0,0.0,0.0,0.0,0.0,0.0,0.0,24.0,75
311783,2014,0.0,0.0,0.0,1.0,0.0,11.0,1.0,1.0,3.0,4.0,21.0,73
311783,2015,1.0,1.0,4.0,0.0,0.0,15.0,2.0,5.0,4.0,4.0,39.0,99
311783,2016,0.0,0.0,3.0,2.0,0.0,5.0,4.0,2.0,4.0,8.0,28.0,75
311783,2017,0.0,0.0,6.0,0.0,1.0,13.0,3.0,3.0,3.0,6.0,36.0,89
311783,2018,3.0,2.0,0.0,0.0,0.0,15.0,4.0,1.0,1.0,4.0,30.0,91
311783,2019,1.0,0.0,2.0,1.0,1.0,13.0,4.0,1.0,2.0,3.0,28.0,65
311787,2012,6.0,0.0,0.0,0.0,0.0,7.0,5.0,2.0,22.0,11.0,58.0,78
311787,2013,0.0,0.0,0.0,0.0,0.0,0.0,0.0,0.0,0.0,0.0,63.0,86
311787,2014,3.0,0.0,0.0,0.0,1.0,16.0,4.0,3.0,16.0,13.0,58.0,81
311787,2015,5.0,0.0,4.0,0.0,0.0,29.0,6.0,3.0,18.0,14.0,80.0,98
311787,2016,1.0,0.0,0.0,0.0,0.0,29.0,4.0,2.0,12.0,8.0,57.0,83
311787,2017,4.0,0.0,0.0,1.0,1.0,26.0,8.0,1.0,20.0,7.0,69.0,94
311787,2018,4.0,0.0,4.0,0.0,0.0,34.0,7.0,1.0,19.0,5.0,75.0,107
311787,2019,4.0,0.0,1.0,1.0,2.0,19.0,4.0,1.0,29.0,3.0,64.0,91
311790,2012,14.0,0.0,2.0,5.0,2.0,17.0,3.0,2.0,18.0,3.0,72.0,94
311790,2013,0.0,0.0,0.0,0.0,0.0,0.0,0.0,0.0,0.0,0.0,70.0,102
311790,2014,3.0,1.0,0.0,1.0,1.0,18.0,6.0,8.0,16.0,15.0,71.0,95
311790,2015,9.0,1.0,2.0,2.0,0.0,29.0,6.0,6.0,19.0,10.0,89.0,128
311790,2016,5.0,0.0,2.0,0.0,0.0,27.0,3.0,6.0,31.0,12.0,92.0,130
311790,2017,9.0,1.0,0.0,2.0,0.0,15.0,7.0,7.0,27.0,7.0,79.0,112
311790,2018,8.0,0.0,2.0,2.0,4.0,25.0,5.0,4.0,21.0,8.0,84.0,119
311790,2019,5.0,0.0,5.0,3.0,0.0,28.0,5.0,1.0,12.0,10.0,74.0,111
311800,2012,35.0,0.0,10.0,6.0,4.0,136.0,20.0,16.0,94.0,93.0,488.0,717
311800,2013,0.0,0.0,0.0,0.0,0.0,0.0,0.0,0.0,0.0,0.0,455.0,669
311800,2014,34.0,1.0,10.0,34.0,26.0,177.0,28.0,28.0,81.0,86.0,509.0,738
311800,2015,23.0,0.0,27.0,40.0,29.0,142.0,23.0,26.0,81.0,88.0,485.0,761
311800,2016,29.0,1.0,24.0,51.0,23.0,167.0,16.0,31.0,52.0,99.0,505.0,761
311800,2017,40.0,0.0,15.0,44.0,33.0,155.0,20.0,36.0,60.0,70.0,518.0,770
311800,2018,29.0,1.0,10.0,41.0,19.0,186.0,21.0,19.0,66.0,82.0,474.0,733
311800,2019,37.0,0.0,9.0,34.0,14.0,161.0,19.0,23.0,56.0,71.0,459.0,691
311810,2012,7.0,0.0,0.0,0.0,0.0,5.0,1.0,3.0,4.0,4.0,24.0,49
311810,2013,0.0,0.0,0.0,0.0,0.0,0.0,0.0,0.0,0.0,0.0,16.0,53
311810,2014,5.0,0.0,3.0,0.0,0.0,7.0,5.0,0.0,6.0,2.0,29.0,67
311810,2015,3.0,0.0,2.0,0.0,1.0,4.0,3.0,5.0,7.0,4.0,30.0,55
311810,2016,0.0,0.0,2.0,0.0,1.0,5.0,1.0,0.0,4.0,2.0,17.0,52
311810,2017,4.0,0.0,0.0,1.0,2.0,8.0,0.0,1.0,6.0,2.0,24.0,67
311810,2018,0.0,0.0,2.0,1.0,0.0,8.0,1.0,0.0,0.0,2.0,16.0,44
311810,2019,3.0,0.0,0.0,0.0,1.0,11.0,1.0,0.0,5.0,0.0,21.0,43
311820,2012,4.0,0.0,0.0,0.0,1.0,16.0,4.0,1.0,19.0,8.0,53.0,80
311820,2013,0.0,0.0,0.0,0.0,0.0,0.0,0.0,0.0,0.0,0.0,40.0,73
311820,2014,3.0,0.0,2.0,1.0,0.0,13.0,4.0,1.0,15.0,3.0,44.0,81
311820,2015,4.0,0.0,0.0,0.0,2.0,8.0,8.0,1.0,8.0,9.0,41.0,69
311820,2016,4.0,0.0,1.0,3.0,0.0,16.0,4.0,3.0,8.0,2.0,42.0,77
311820,2017,2.0,0.0,3.0,2.0,1.0,12.0,8.0,0.0,11.0,1.0,41.0,57
311820,2018,3.0,0.0,0.0,3.0,2.0,16.0,5.0,3.0,8.0,3.0,43.0,61
311820,2019,5.0,0.0,1.0,1.0,1.0,20.0,4.0,3.0,12.0,3.0,50.0,67
311830,2012,153.0,2.0,34.0,27.0,35.0,364.0,78.0,25.0,321.0,192.0,1292.0,1581
311830,2013,0.0,0.0,0.0,0.0,0.0,0.0,0.0,0.0,0.0,0.0,1264.0,1617
311830,2014,69.0,2.0,34.0,21.0,25.0,469.0,90.0,68.0,280.0,268.0,1336.0,1733
311830,2015,69.0,2.0,29.0,32.0,26.0,488.0,83.0,66.0,294.0,248.0,1343.0,1768
311830,2016,85.0,1.0,31.0,28.0,24.0,465.0,71.0,80.0,232.0,241.0,1262.0,1679
311830,2017,69.0,2.0,26.0,27.0,27.0,490.0,94.0,76.0,255.0,246.0,1320.0,1721
311830,2018,73.0,1.0,47.0,27.0,29.0,535.0,112.0,45.0,270.0,213.0,1354.0,1775
311830,2019,87.0,1.0,38.0,30.0,18.0,484.0,84.0,64.0,270.0,265.0,1362.0,1726
311840,2012,11.0,1.0,2.0,5.0,9.0,75.0,1.0,24.0,16.0,79.0,229.0,299
311840,2013,0.0,0.0,0.0,0.0,0.0,0.0,0.0,0.0,0.0,0.0,200.0,260
311840,2014,8.0,0.0,0.0,6.0,4.0,81.0,6.0,26.0,13.0,65.0,211.0,255
311840,2015,5.0,3.0,8.0,3.0,6.0,79.0,0.0,24.0,14.0,72.0,221.0,266
311840,2016,5.0,1.0,5.0,6.0,2.0,88.0,3.0,26.0,20.0,51.0,208.0,258
311840,2017,4.0,0.0,6.0,3.0,1.0,94.0,9.0,22.0,14.0,52.0,212.0,276
311840,2018,1.0,1.0,0.0,3.0,1.0,108.0,2.0,24.0,15.0,55.0,213.0,269
311840,2019,10.0,1.0,12.0,3.0,3.0,75.0,9.0,10.0,32.0,22.0,178.0,242
311850,2012,0.0,1.0,1.0,3.0,1.0,1.0,1.0,0.0,2.0,0.0,11.0,15
311850,2013,0.0,0.0,0.0,0.0,0.0,0.0,0.0,0.0,0.0,0.0,14.0,21
311850,2014,0.0,0.0,1.0,5.0,2.0,1.0,2.0,0.0,0.0,0.0,13.0,23
311850,2015,1.0,0.0,2.0,4.0,0.0,3.0,1.0,0.0,0.0,0.0,11.0,15
311850,2016,2.0,0.0,0.0,6.0,3.0,1.0,1.0,0.0,2.0,0.0,15.0,22
311850,2017,0.0,0.0,2.0,7.0,4.0,1.0,1.0,0.0,3.0,0.0,18.0,27
311850,2018,0.0,0.0,0.0,16.0,3.0,0.0,0.0,0.0,2.0,0.0,21.0,29
311850,2019,0.0,0.0,0.0,9.0,4.0,1.0,0.0,0.0,0.0,0.0,14.0,17
311860,2012,489.0,12.0,170.0,96.0,138.0,1233.0,276.0,75.0,1546.0,304.0,4402.0,8765
311860,2013,0.0,0.0,0.0,0.0,0.0,0.0,0.0,0.0,0.0,0.0,4385.0,8786
311860,2014,360.0,12.0,170.0,133.0,135.0,1395.0,483.0,62.0,1500.0,154.0,4432.0,8904
311860,2015,341.0,7.0,173.0,115.0,120.0,1445.0,470.0,53.0,1451.0,136.0,4342.0,8960
311860,2016,338.0,5.0,166.0,124.0,122.0,1314.0,414.0,33.0,1256.0,104.0,3888.0,8278
311860,2017,344.0,6.0,159.0,117.0,116.0,1376.0,422.0,41.0,1224.0,119.0,3929.0,8509
311860,2018,372.0,4.0,156.0,124.0,121.0,1357.0,406.0,48.0,1216.0,127.0,3942.0,8544
311860,2019,322.0,8.0,182.0,138.0,123.0,1327.0,432.0,51.0,1053.0,128.0,3777.0,8256
311870,2012,3.0,0.0,0.0,3.0,1.0,9.0,5.0,6.0,13.0,7.0,48.0,81
311870,2013,0.0,0.0,0.0,0.0,0.0,0.0,0.0,0.0,0.0,0.0,68.0,99
311870,2014,4.0,0.0,3.0,2.0,0.0,19.0,4.0,4.0,15.0,5.0,56.0,87
311870,2015,5.0,1.0,0.0,2.0,0.0,20.0,1.0,4.0,10.0,15.0,58.0,91
311870,2016,5.0,1.0,2.0,0.0,0.0,21.0,11.0,1.0,18.0,7.0,66.0,92
311870,2017,10.0,0.0,2.0,3.0,3.0,24.0,5.0,3.0,13.0,6.0,70.0,100
311870,2018,5.0,0.0,0.0,1.0,1.0,22.0,6.0,3.0,10.0,7.0,55.0,85
311870,2019,6.0,0.0,0.0,6.0,0.0,24.0,2.0,3.0,14.0,13.0,68.0,102
311880,2012,6.0,1.0,2.0,6.0,5.0,21.0,2.0,3.0,11.0,8.0,70.0,283
311880,2013,0.0,0.0,0.0,0.0,0.0,0.0,0.0,0.0,0.0,0.0,70.0,273
311880,2014,5.0,2.0,3.0,7.0,3.0,24.0,6.0,6.0,14.0,11.0,92.0,286
311880,2015,8.0,1.0,3.0,2.0,1.0,43.0,6.0,9.0,18.0,16.0,112.0,319
311880,2016,4.0,1.0,2.0,4.0,1.0,34.0,6.0,8.0,21.0,17.0,101.0,262
311880,2017,6.0,1.0,2.0,3.0,3.0,30.0,7.0,13.0,9.0,26.0,100.0,261
311880,2018,4.0,1.0,2.0,3.0,5.0,34.0,4.0,5.0,9.0,17.0,87.0,257
311880,2019,10.0,0.0,4.0,1.0,1.0,46.0,4.0,10.0,6.0,18.0,100.0,272
311890,2012,4.0,0.0,2.0,0.0,0.0,11.0,3.0,1.0,9.0,3.0,34.0,77
311890,2013,0.0,0.0,0.0,0.0,0.0,0.0,0.0,0.0,0.0,0.0,20.0,56
311890,2014,2.0,2.0,0.0,3.0,1.0,9.0,1.0,1.0,5.0,3.0,31.0,64
311890,2015,4.0,0.0,2.0,1.0,0.0,6.0,3.0,2.0,8.0,2.0,29.0,75
311890,2016,2.0,1.0,0.0,0.0,1.0,8.0,3.0,1.0,3.0,1.0,22.0,59
311890,2017,4.0,0.0,2.0,0.0,0.0,5.0,5.0,2.0,2.0,4.0,24.0,51
311890,2018,4.0,0.0,0.0,0.0,1.0,11.0,6.0,0.0,2.0,3.0,27.0,60
311890,2019,2.0,0.0,0.0,1.0,0.0,10.0,11.0,1.0,6.0,0.0,32.0,77
311900,2012,22.0,0.0,0.0,0.0,0.0,1.0,1.0,0.0,1.0,0.0,25.0,41
311900,2013,0.0,0.0,0.0,0.0,0.0,0.0,0.0,0.0,0.0,0.0,20.0,31
311900,2014,3.0,0.0,0.0,1.0,1.0,11.0,3.0,0.0,4.0,3.0,27.0,49
311900,2015,1.0,0.0,2.0,1.0,1.0,10.0,1.0,0.0,3.0,3.0,22.0,40
311900,2016,0.0,0.0,0.0,0.0,0.0,13.0,0.0,0.0,3.0,1.0,18.0,30
311900,2017,2.0,0.0,0.0,0.0,0.0,9.0,2.0,0.0,9.0,2.0,24.0,39
311900,2018,0.0,0.0,0.0,0.0,0.0,20.0,3.0,0.0,5.0,0.0,29.0,43
311900,2019,4.0,0.0,0.0,0.0,0.0,11.0,1.0,0.0,5.0,3.0,24.0,34
311910,2012,14.0,1.0,0.0,3.0,7.0,41.0,10.0,3.0,28.0,10.0,119.0,299
311910,2013,0.0,0.0,0.0,0.0,0.0,0.0,0.0,0.0,0.0,0.0,118.0,262
311910,2014,10.0,0.0,2.0,10.0,6.0,54.0,17.0,2.0,50.0,12.0,164.0,338
311910,2015,8.0,1.0,6.0,10.0,3.0,33.0,19.0,9.0,24.0,14.0,128.0,275
311910,2016,6.0,0.0,5.0,7.0,11.0,46.0,9.0,6.0,28.0,15.0,133.0,294
311910,2017,11.0,0.0,2.0,9.0,5.0,60.0,9.0,3.0,23.0,20.0,142.0,305
311910,2018,7.0,0.0,3.0,9.0,3.0,49.0,12.0,1.0,47.0,13.0,144.0,298
311910,2019,3.0,1.0,2.0,5.0,7.0,51.0,13.0,2.0,35.0,8.0,127.0,265
311920,2012,4.0,0.0,2.0,4.0,0.0,10.0,6.0,1.0,13.0,8.0,51.0,96
311920,2013,0.0,0.0,0.0,0.0,0.0,0.0,0.0,0.0,0.0,0.0,38.0,74
311920,2014,2.0,0.0,0.0,1.0,0.0,16.0,1.0,6.0,6.0,8.0,46.0,84
311920,2015,2.0,0.0,0.0,0.0,0.0,10.0,4.0,6.0,4.0,6.0,33.0,68
311920,2016,3.0,1.0,0.0,0.0,0.0,4.0,3.0,1.0,10.0,9.0,33.0,83
311920,2017,2.0,0.0,0.0,0.0,0.0,12.0,4.0,2.0,6.0,2.0,30.0,61
311920,2018,4.0,0.0,0.0,0.0,1.0,11.0,2.0,1.0,9.0,1.0,31.0,79
311920,2019,4.0,0.0,0.0,0.0,0.0,16.0,7.0,3.0,6.0,3.0,39.0,72
311930,2012,31.0,3.0,6.0,6.0,10.0,87.0,3.0,15.0,11.0,81.0,255.0,283
311930,2013,0.0,0.0,0.0,0.0,0.0,0.0,0.0,0.0,0.0,0.0,251.0,287
311930,2014,22.0,0.0,15.0,3.0,7.0,104.0,2.0,39.0,8.0,87.0,289.0,321
311930,2015,23.0,0.0,4.0,4.0,2.0,92.0,4.0,29.0,14.0,91.0,263.0,300
311930,2016,30.0,0.0,5.0,8.0,6.0,96.0,4.0,30.0,12.0,96.0,288.0,320
311930,2017,23.0,0.0,2.0,8.0,3.0,120.0,3.0,38.0,13.0,87.0,300.0,324
311930,2018,24.0,0.0,12.0,10.0,2.0,118.0,3.0,35.0,14.0,85.0,305.0,342
311930,2019,17.0,0.0,8.0,7.0,6.0,127.0,5.0,25.0,16.0,82.0,294.0,344
311940,2012,114.0,3.0,28.0,21.0,20.0,279.0,33.0,29.0,136.0,148.0,893.0,1469
311940,2013,0.0,0.0,0.0,0.0,0.0,0.0,0.0,0.0,0.0,0.0,848.0,1395
311940,2014,69.0,3.0,19.0,21.0,22.0,285.0,57.0,61.0,164.0,154.0,899.0,1424
311940,2015,72.0,1.0,7.0,18.0,21.0,311.0,50.0,56.0,145.0,139.0,832.0,1437
311940,2016,70.0,1.0,20.0,21.0,19.0,254.0,62.0,33.0,158.0,114.0,753.0,1277
311940,2017,78.0,3.0,26.0,23.0,24.0,269.0,79.0,24.0,176.0,82.0,787.0,1327
311940,2018,56.0,2.0,25.0,18.0,16.0,290.0,67.0,24.0,160.0,59.0,718.0,1230
311940,2019,51.0,5.0,21.0,22.0,19.0,323.0,81.0,22.0,208.0,67.0,821.0,1343
311950,2012,9.0,0.0,2.0,0.0,1.0,8.0,0.0,1.0,2.0,6.0,33.0,81
311950,2013,0.0,0.0,0.0,0.0,0.0,0.0,0.0,0.0,0.0,0.0,26.0,92
311950,2014,0.0,0.0,3.0,0.0,1.0,13.0,5.0,3.0,4.0,4.0,42.0,113
311950,2015,4.0,0.0,2.0,0.0,2.0,8.0,2.0,3.0,5.0,5.0,33.0,92
311950,2016,4.0,0.0,2.0,3.0,1.0,11.0,2.0,4.0,7.0,7.0,48.0,102
311950,2017,5.0,1.0,0.0,0.0,0.0,5.0,4.0,3.0,6.0,8.0,35.0,103
311950,2018,4.0,0.0,0.0,1.0,0.0,13.0,2.0,3.0,3.0,4.0,32.0,102
311950,2019,4.0,0.0,3.0,1.0,0.0,15.0,0.0,2.0,2.0,7.0,36.0,102
311960,2012,2.0,0.0,0.0,0.0,1.0,3.0,1.0,1.0,6.0,2.0,16.0,31
311960,2013,0.0,0.0,0.0,0.0,0.0,0.0,0.0,0.0,0.0,0.0,18.0,30
311960,2014,3.0,0.0,0.0,0.0,2.0,5.0,2.0,1.0,3.0,0.0,17.0,27
311960,2015,1.0,0.0,0.0,0.0,0.0,7.0,1.0,0.0,1.0,2.0,12.0,24
311960,2016,0.0,0.0,2.0,0.0,0.0,6.0,1.0,0.0,2.0,1.0,13.0,25
311960,2017,1.0,0.0,0.0,0.0,1.0,6.0,2.0,0.0,2.0,0.0,12.0,30
311960,2018,0.0,0.0,0.0,1.0,0.0,6.0,1.0,0.0,3.0,2.0,13.0,30
311960,2019,0.0,0.0,0.0,2.0,1.0,5.0,0.0,0.0,4.0,0.0,12.0,21
311970,2012,5.0,0.0,2.0,2.0,1.0,6.0,2.0,1.0,4.0,1.0,29.0,39
311970,2013,0.0,0.0,0.0,0.0,0.0,0.0,0.0,0.0,0.0,0.0,25.0,47
311970,2014,1.0,0.0,0.0,0.0,0.0,4.0,3.0,2.0,4.0,3.0,20.0,34
311970,2015,2.0,0.0,0.0,0.0,0.0,7.0,1.0,2.0,3.0,4.0,20.0,29
311970,2016,4.0,0.0,2.0,0.0,0.0,5.0,1.0,0.0,5.0,2.0,22.0,37
311970,2017,1.0,1.0,0.0,0.0,2.0,5.0,3.0,0.0,4.0,3.0,22.0,27
311970,2018,0.0,0.0,0.0,1.0,0.0,5.0,1.0,1.0,3.0,3.0,14.0,18
311970,2019,3.0,0.0,0.0,0.0,0.0,6.0,0.0,1.0,7.0,5.0,22.0,25
311980,2012,3.0,0.0,0.0,0.0,0.0,3.0,1.0,0.0,1.0,0.0,10.0,19
311980,2013,0.0,0.0,0.0,0.0,0.0,0.0,0.0,0.0,0.0,0.0,10.0,23
311980,2014,0.0,0.0,0.0,1.0,1.0,3.0,0.0,2.0,2.0,3.0,12.0,22
311980,2015,1.0,1.0,0.0,0.0,0.0,2.0,0.0,1.0,3.0,2.0,11.0,18
311980,2016,2.0,0.0,0.0,2.0,0.0,3.0,1.0,3.0,2.0,2.0,16.0,23
311980,2017,0.0,0.0,2.0,0.0,0.0,3.0,1.0,0.0,1.0,0.0,7.0,20
311980,2018,2.0,1.0,2.0,0.0,1.0,9.0,3.0,0.0,1.0,1.0,20.0,28
311980,2019,0.0,0.0,0.0,0.0,2.0,5.0,4.0,0.0,4.0,2.0,17.0,27
311990,2012,0.0,0.0,0.0,0.0,0.0,6.0,2.0,1.0,7.0,1.0,17.0,23
311990,2013,0.0,0.0,0.0,0.0,0.0,0.0,0.0,0.0,0.0,0.0,18.0,25
311990,2014,3.0,0.0,0.0,1.0,0.0,9.0,1.0,0.0,3.0,3.0,23.0,29
311990,2015,1.0,0.0,0.0,1.0,0.0,4.0,1.0,0.0,2.0,2.0,11.0,18
311990,2016,3.0,0.0,0.0,1.0,0.0,4.0,5.0,1.0,4.0,4.0,22.0,27
311990,2017,3.0,0.0,0.0,0.0,1.0,7.0,2.0,1.0,10.0,1.0,29.0,37
311990,2018,1.0,0.0,0.0,0.0,0.0,4.0,2.0,1.0,4.0,8.0,25.0,32
311990,2019,1.0,0.0,1.0,1.0,0.0,6.0,1.0,0.0,5.0,2.0,19.0,26
311995,2012,3.0,0.0,4.0,1.0,2.0,11.0,0.0,0.0,9.0,5.0,36.0,66
311995,2013,0.0,0.0,0.0,0.0,0.0,0.0,0.0,0.0,0.0,0.0,52.0,65
311995,2014,2.0,0.0,3.0,2.0,1.0,6.0,3.0,0.0,9.0,4.0,30.0,54
311995,2015,3.0,0.0,0.0,0.0,1.0,14.0,5.0,3.0,7.0,7.0,40.0,63
311995,2016,2.0,0.0,2.0,1.0,2.0,11.0,4.0,4.0,7.0,4.0,37.0,57
311995,2017,1.0,0.0,0.0,0.0,0.0,15.0,5.0,0.0,17.0,3.0,42.0,62
311995,2018,5.0,0.0,0.0,0.0,1.0,16.0,3.0,3.0,6.0,1.0,35.0,49
311995,2019,4.0,0.0,4.0,5.0,3.0,14.0,4.0,5.0,11.0,0.0,50.0,70
312000,2012,7.0,0.0,1.0,1.0,0.0,3.0,4.0,0.0,3.0,3.0,24.0,32
312000,2013,0.0,0.0,0.0,0.0,0.0,0.0,0.0,0.0,0.0,0.0,27.0,44
312000,2014,2.0,0.0,0.0,0.0,0.0,11.0,1.0,1.0,3.0,1.0,22.0,31
312000,2015,3.0,0.0,0.0,0.0,0.0,8.0,0.0,2.0,1.0,0.0,18.0,30
312000,2016,2.0,1.0,0.0,0.0,0.0,10.0,0.0,0.0,4.0,3.0,22.0,42
312000,2017,3.0,0.0,0.0,2.0,0.0,6.0,3.0,1.0,1.0,2.0,19.0,38
312000,2018,1.0,0.0,0.0,0.0,1.0,9.0,1.0,0.0,6.0,2.0,22.0,39
312000,2019,3.0,1.0,2.0,1.0,0.0,6.0,3.0,0.0,7.0,2.0,25.0,41
312010,2012,1.0,0.0,6.0,1.0,1.0,11.0,2.0,0.0,5.0,7.0,34.0,56
312010,2013,0.0,0.0,0.0,0.0,0.0,0.0,0.0,0.0,0.0,0.0,19.0,55
312010,2014,3.0,0.0,1.0,1.0,0.0,5.0,1.0,1.0,3.0,4.0,20.0,50
312010,2015,4.0,0.0,3.0,1.0,0.0,5.0,6.0,2.0,2.0,2.0,28.0,52
312010,2016,2.0,0.0,2.0,0.0,3.0,7.0,1.0,0.0,3.0,1.0,20.0,50
312010,2017,1.0,0.0,0.0,0.0,0.0,10.0,2.0,0.0,6.0,1.0,20.0,55
312010,2018,2.0,0.0,2.0,0.0,0.0,6.0,2.0,0.0,7.0,2.0,21.0,46
312010,2019,1.0,0.0,2.0,0.0,0.0,7.0,4.0,0.0,3.0,1.0,18.0,56
312015,2012,1.0,2.0,0.0,1.0,0.0,2.0,1.0,1.0,9.0,2.0,21.0,79
312015,2013,0.0,0.0,0.0,0.0,0.0,0.0,0.0,0.0,0.0,0.0,16.0,78
312015,2014,1.0,0.0,2.0,0.0,0.0,4.0,3.0,1.0,5.0,5.0,22.0,97
312015,2015,4.0,0.0,2.0,1.0,0.0,4.0,2.0,4.0,8.0,6.0,32.0,74
312015,2016,1.0,0.0,2.0,0.0,1.0,9.0,4.0,2.0,3.0,1.0,24.0,76
312015,2017,4.0,0.0,2.0,0.0,2.0,5.0,3.0,2.0,2.0,2.0,23.0,84
312015,2018,3.0,0.0,2.0,2.0,1.0,9.0,4.0,1.0,4.0,5.0,32.0,96
312015,2019,3.0,0.0,0.0,3.0,1.0,11.0,4.0,2.0,3.0,4.0,31.0,98
312020,2012,6.0,0.0,2.0,1.0,2.0,33.0,5.0,1.0,27.0,15.0,94.0,116
312020,2013,0.0,0.0,0.0,0.0,0.0,0.0,0.0,0.0,0.0,0.0,95.0,117
312020,2014,8.0,0.0,2.0,1.0,0.0,31.0,5.0,9.0,22.0,26.0,106.0,131
312020,2015,4.0,0.0,2.0,0.0,2.0,39.0,11.0,6.0,17.0,8.0,90.0,111
312020,2016,9.0,0.0,0.0,3.0,1.0,34.0,10.0,4.0,26.0,14.0,101.0,128
312020,2017,7.0,0.0,4.0,2.0,2.0,49.0,3.0,0.0,33.0,7.0,107.0,124
312020,2018,8.0,0.0,4.0,2.0,2.0,56.0,8.0,7.0,13.0,19.0,119.0,156
312020,2019,7.0,0.0,0.0,6.0,1.0,37.0,4.0,4.0,16.0,22.0,97.0,136
312030,2012,2.0,0.0,0.0,2.0,2.0,8.0,0.0,2.0,4.0,7.0,27.0,92
312030,2013,0.0,0.0,0.0,0.0,0.0,0.0,0.0,0.0,0.0,0.0,27.0,120
312030,2014,1.0,0.0,2.0,0.0,1.0,6.0,1.0,2.0,3.0,5.0,22.0,80
312030,2015,1.0,0.0,0.0,1.0,1.0,3.0,3.0,1.0,3.0,2.0,18.0,61
312030,2016,1.0,0.0,2.0,0.0,0.0,3.0,1.0,0.0,4.0,3.0,16.0,52
312030,2017,4.0,0.0,0.0,2.0,1.0,7.0,2.0,1.0,3.0,6.0,27.0,67
312030,2018,2.0,0.0,0.0,1.0,0.0,7.0,3.0,1.0,1.0,5.0,20.0,62
312030,2019,3.0,1.0,1.0,0.0,1.0,11.0,1.0,3.0,3.0,2.0,26.0,76
312040,2012,8.0,0.0,4.0,1.0,0.0,21.0,1.0,1.0,10.0,10.0,60.0,77
312040,2013,0.0,0.0,0.0,0.0,0.0,0.0,0.0,0.0,0.0,0.0,49.0,65
312040,2014,3.0,0.0,2.0,2.0,0.0,24.0,6.0,3.0,4.0,5.0,49.0,64
312040,2015,2.0,0.0,0.0,0.0,0.0,11.0,7.0,0.0,10.0,6.0,36.0,55
312040,2016,0.0,0.0,0.0,2.0,1.0,17.0,2.0,1.0,12.0,10.0,45.0,52
312040,2017,7.0,0.0,3.0,0.0,1.0,18.0,2.0,2.0,4.0,6.0,43.0,57
312040,2018,4.0,0.0,1.0,1.0,3.0,21.0,2.0,3.0,13.0,5.0,54.0,67
312040,2019,4.0,0.0,6.0,1.0,2.0,17.0,5.0,0.0,3.0,5.0,43.0,70
312050,2012,4.0,0.0,9.0,0.0,1.0,10.0,2.0,1.0,10.0,11.0,59.0,102
312050,2013,0.0,0.0,0.0,0.0,0.0,0.0,0.0,0.0,0.0,0.0,61.0,102
312050,2014,4.0,0.0,0.0,1.0,0.0,24.0,4.0,5.0,9.0,8.0,57.0,102
312050,2015,2.0,0.0,0.0,3.0,0.0,28.0,3.0,2.0,11.0,8.0,59.0,93
312050,2016,6.0,0.0,4.0,1.0,0.0,29.0,4.0,1.0,13.0,24.0,82.0,127
312050,2017,6.0,1.0,2.0,2.0,2.0,26.0,3.0,6.0,9.0,4.0,61.0,99
312050,2018,3.0,0.0,4.0,0.0,0.0,25.0,4.0,0.0,8.0,4.0,48.0,91
312050,2019,5.0,1.0,0.0,1.0,2.0,20.0,7.0,0.0,10.0,5.0,51.0,94
312060,2012,2.0,0.0,0.0,0.0,1.0,8.0,4.0,1.0,9.0,3.0,29.0,48
312060,2013,0.0,0.0,0.0,0.0,0.0,0.0,0.0,0.0,0.0,0.0,21.0,39
312060,2014,3.0,0.0,0.0,0.0,1.0,4.0,1.0,0.0,5.0,4.0,21.0,42
312060,2015,2.0,0.0,0.0,0.0,0.0,12.0,1.0,0.0,7.0,6.0,31.0,64
312060,2016,0.0,0.0,0.0,1.0,1.0,8.0,2.0,3.0,2.0,4.0,21.0,49
312060,2017,1.0,0.0,0.0,1.0,1.0,7.0,2.0,4.0,5.0,7.0,28.0,44
312060,2018,5.0,0.0,2.0,0.0,0.0,8.0,3.0,3.0,4.0,1.0,26.0,44
312060,2019,0.0,0.0,2.0,2.0,1.0,14.0,0.0,1.0,3.0,0.0,23.0,53
312070,2012,2.0,0.0,4.0,1.0,1.0,9.0,1.0,1.0,5.0,3.0,27.0,49
312070,2013,0.0,0.0,0.0,0.0,0.0,0.0,0.0,0.0,0.0,0.0,32.0,51
312070,2014,2.0,1.0,1.0,1.0,1.0,6.0,6.0,1.0,10.0,6.0,35.0,64
312070,2015,2.0,0.0,0.0,0.0,0.0,8.0,3.0,2.0,5.0,3.0,24.0,46
312070,2016,0.0,0.0,2.0,0.0,0.0,7.0,5.0,2.0,10.0,3.0,29.0,60
312070,2017,5.0,0.0,0.0,0.0,0.0,10.0,2.0,0.0,7.0,4.0,28.0,57
312070,2018,2.0,0.0,0.0,0.0,0.0,7.0,1.0,3.0,3.0,4.0,20.0,55
312070,2019,4.0,0.0,0.0,0.0,0.0,16.0,5.0,3.0,3.0,5.0,36.0,62
312080,2012,9.0,0.0,0.0,1.0,1.0,33.0,3.0,12.0,14.0,38.0,113.0,169
312080,2013,0.0,0.0,0.0,0.0,0.0,0.0,0.0,0.0,0.0,0.0,148.0,193
312080,2014,18.0,0.0,6.0,0.0,2.0,40.0,14.0,11.0,23.0,47.0,161.0,193
312080,2015,14.0,2.0,6.0,0.0,2.0,48.0,15.0,7.0,27.0,44.0,165.0,203
312080,2016,13.0,1.0,0.0,6.0,6.0,54.0,14.0,8.0,29.0,31.0,162.0,189
312080,2017,15.0,0.0,4.0,2.0,1.0,75.0,10.0,13.0,18.0,59.0,197.0,230
312080,2018,17.0,1.0,4.0,0.0,1.0,64.0,17.0,17.0,29.0,54.0,204.0,221
312080,2019,15.0,3.0,1.0,2.0,8.0,71.0,8.0,16.0,18.0,49.0,191.0,202
312083,2012,3.0,0.0,0.0,1.0,2.0,15.0,0.0,9.0,2.0,24.0,58.0,77
312083,2013,0.0,0.0,0.0,0.0,0.0,0.0,0.0,0.0,0.0,0.0,55.0,70
312083,2014,1.0,0.0,4.0,2.0,1.0,19.0,2.0,13.0,3.0,19.0,64.0,80
312083,2015,1.0,0.0,0.0,1.0,2.0,19.0,0.0,12.0,3.0,21.0,59.0,69
312083,2016,2.0,0.0,1.0,0.0,1.0,14.0,1.0,5.0,3.0,17.0,45.0,59
312083,2017,3.0,0.0,0.0,1.0,0.0,24.0,2.0,1.0,7.0,6.0,45.0,60
312083,2018,3.0,0.0,0.0,0.0,0.0,23.0,3.0,3.0,11.0,8.0,51.0,71
312083,2019,3.0,0.0,2.0,2.0,0.0,19.0,4.0,0.0,11.0,0.0,42.0,57
312087,2012,8.0,0.0,4.0,0.0,3.0,12.0,6.0,1.0,9.0,1.0,46.0,114
312087,2013,0.0,0.0,0.0,0.0,0.0,0.0,0.0,0.0,0.0,0.0,39.0,110
312087,2014,6.0,2.0,1.0,1.0,0.0,10.0,10.0,6.0,17.0,4.0,57.0,116
312087,2015,4.0,0.0,0.0,3.0,1.0,15.0,2.0,3.0,8.0,10.0,47.0,111
312087,2016,7.0,0.0,0.0,0.0,2.0,14.0,7.0,7.0,12.0,5.0,56.0,108
312087,2017,11.0,0.0,0.0,2.0,1.0,10.0,6.0,2.0,4.0,7.0,44.0,82
312087,2018,5.0,1.0,3.0,3.0,0.0,21.0,11.0,5.0,12.0,8.0,72.0,123
312087,2019,4.0,2.0,5.0,4.0,0.0,19.0,9.0,5.0,11.0,13.0,75.0,123
312090,2012,50.0,1.0,22.0,13.0,31.0,140.0,33.0,4.0,153.0,44.0,495.0,971
312090,2013,0.0,0.0,0.0,0.0,0.0,0.0,0.0,0.0,0.0,0.0,523.0,981
312090,2014,29.0,0.0,20.0,44.0,40.0,178.0,50.0,11.0,160.0,50.0,582.0,1028
312090,2015,34.0,0.0,20.0,27.0,35.0,185.0,30.0,12.0,123.0,56.0,526.0,1015
312090,2016,46.0,0.0,22.0,26.0,34.0,152.0,23.0,23.0,112.0,58.0,497.0,902
312090,2017,34.0,1.0,15.0,22.0,15.0,159.0,36.0,27.0,115.0,79.0,504.0,952
312090,2018,39.0,0.0,18.0,17.0,25.0,178.0,62.0,11.0,202.0,39.0,592.0,1021
312090,2019,23.0,0.0,11.0,23.0,21.0,209.0,53.0,18.0,163.0,52.0,575.0,995
312100,2012,7.0,0.0,0.0,2.0,1.0,11.0,1.0,1.0,6.0,6.0,35.0,84
312100,2013,0.0,0.0,0.0,0.0,0.0,0.0,0.0,0.0,0.0,0.0,33.0,75
312100,2014,1.0,1.0,0.0,0.0,0.0,13.0,4.0,0.0,2.0,7.0,33.0,77
312100,2015,3.0,0.0,0.0,0.0,1.0,10.0,4.0,2.0,8.0,2.0,32.0,79
312100,2016,4.0,0.0,0.0,3.0,1.0,10.0,2.0,0.0,8.0,3.0,32.0,88
312100,2017,3.0,0.0,0.0,2.0,0.0,17.0,2.0,0.0,9.0,1.0,34.0,91
312100,2018,1.0,0.0,4.0,4.0,0.0,7.0,3.0,3.0,5.0,1.0,29.0,94
312100,2019,1.0,1.0,0.0,1.0,0.0,10.0,4.0,0.0,3.0,3.0,23.0,78
312110,2012,3.0,0.0,2.0,0.0,0.0,11.0,4.0,0.0,10.0,8.0,40.0,84
312110,2013,0.0,0.0,0.0,0.0,0.0,0.0,0.0,0.0,0.0,0.0,37.0,77
312110,2014,4.0,0.0,0.0,0.0,1.0,18.0,5.0,0.0,7.0,5.0,42.0,86
312110,2015,3.0,1.0,0.0,0.0,0.0,16.0,2.0,3.0,7.0,7.0,40.0,75
312110,2016,2.0,0.0,0.0,0.0,0.0,20.0,4.0,1.0,11.0,7.0,45.0,74
312110,2017,1.0,1.0,0.0,0.0,1.0,20.0,4.0,3.0,4.0,7.0,41.0,78
312110,2018,1.0,0.0,4.0,0.0,3.0,15.0,2.0,3.0,10.0,6.0,44.0,80
312110,2019,4.0,0.0,2.0,0.0,3.0,12.0,3.0,1.0,3.0,3.0,31.0,59
312120,2012,5.0,0.0,2.0,1.0,0.0,11.0,4.0,0.0,12.0,4.0,42.0,72
312120,2013,0.0,0.0,0.0,0.0,0.0,0.0,0.0,0.0,0.0,0.0,36.0,69
312120,2014,7.0,0.0,2.0,3.0,1.0,21.0,1.0,0.0,3.0,6.0,45.0,78
312120,2015,2.0,0.0,2.0,1.0,0.0,11.0,6.0,1.0,9.0,2.0,37.0,68
312120,2016,3.0,0.0,0.0,1.0,2.0,14.0,4.0,2.0,4.0,3.0,35.0,60
312120,2017,6.0,0.0,0.0,2.0,3.0,10.0,2.0,1.0,9.0,7.0,40.0,68
312120,2018,3.0,0.0,2.0,0.0,0.0,12.0,3.0,1.0,10.0,4.0,35.0,72
312120,2019,0.0,0.0,2.0,0.0,0.0,20.0,3.0,1.0,11.0,5.0,43.0,82
312125,2012,7.0,0.0,0.0,2.0,2.0,29.0,6.0,4.0,15.0,11.0,77.0,147
312125,2013,0.0,0.0,0.0,0.0,0.0,0.0,0.0,0.0,0.0,0.0,70.0,129
312125,2014,4.0,0.0,2.0,1.0,1.0,26.0,7.0,0.0,14.0,3.0,58.0,131
312125,2015,7.0,0.0,2.0,0.0,3.0,20.0,11.0,3.0,14.0,5.0,66.0,157
312125,2016,4.0,0.0,1.0,2.0,0.0,18.0,4.0,3.0,14.0,7.0,57.0,113
312125,2017,6.0,0.0,4.0,2.0,3.0,22.0,12.0,1.0,8.0,1.0,60.0,126
312125,2018,12.0,0.0,2.0,3.0,1.0,24.0,8.0,4.0,15.0,1.0,70.0,137
312125,2019,6.0,0.0,4.0,1.0,1.0,20.0,8.0,1.0,17.0,4.0,62.0,117
312130,2012,6.0,0.0,0.0,0.0,0.0,6.0,1.0,0.0,4.0,3.0,29.0,50
312130,2013,0.0,0.0,0.0,0.0,0.0,0.0,0.0,0.0,0.0,0.0,19.0,41
312130,2014,2.0,0.0,2.0,0.0,1.0,12.0,1.0,3.0,5.0,3.0,37.0,54
312130,2015,1.0,0.0,0.0,0.0,1.0,1.0,1.0,0.0,4.0,1.0,29.0,40
312130,2016,2.0,0.0,0.0,0.0,1.0,6.0,2.0,4.0,4.0,1.0,25.0,40
312130,2017,1.0,0.0,0.0,1.0,1.0,9.0,5.0,2.0,2.0,4.0,31.0,51
312130,2018,3.0,0.0,2.0,0.0,0.0,16.0,5.0,1.0,5.0,9.0,47.0,66
312130,2019,0.0,0.0,0.0,0.0,2.0,18.0,4.0,2.0,5.0,4.0,35.0,54
312140,2012,2.0,0.0,0.0,0.0,0.0,19.0,1.0,1.0,4.0,6.0,33.0,56
312140,2013,0.0,0.0,0.0,0.0,0.0,0.0,0.0,0.0,0.0,0.0,33.0,71
312140,2014,1.0,0.0,4.0,1.0,1.0,6.0,2.0,1.0,3.0,1.0,27.0,65
312140,2015,1.0,0.0,0.0,3.0,0.0,8.0,4.0,2.0,11.0,5.0,38.0,67
312140,2016,1.0,1.0,0.0,1.0,1.0,12.0,2.0,0.0,8.0,5.0,33.0,57
312140,2017,2.0,1.0,0.0,1.0,0.0,11.0,2.0,3.0,4.0,2.0,30.0,62
312140,2018,2.0,1.0,0.0,2.0,0.0,8.0,5.0,1.0,4.0,4.0,27.0,41
312140,2019,4.0,1.0,4.0,2.0,1.0,14.0,8.0,5.0,11.0,3.0,54.0,79
312150,2012,2.0,2.0,1.0,1.0,3.0,5.0,2.0,0.0,3.0,1.0,21.0,37
312150,2013,0.0,0.0,0.0,0.0,0.0,0.0,0.0,0.0,0.0,0.0,16.0,26
312150,2014,0.0,0.0,0.0,5.0,3.0,3.0,3.0,0.0,8.0,0.0,22.0,29
312150,2015,2.0,0.0,0.0,3.0,3.0,6.0,1.0,0.0,6.0,1.0,24.0,31
312150,2016,1.0,0.0,0.0,1.0,2.0,4.0,0.0,4.0,3.0,0.0,16.0,28
312150,2017,2.0,0.0,2.0,2.0,2.0,5.0,1.0,1.0,4.0,4.0,24.0,31
312150,2018,4.0,0.0,0.0,3.0,0.0,5.0,1.0,0.0,9.0,4.0,26.0,40
312150,2019,5.0,0.0,0.0,0.0,1.0,9.0,1.0,0.0,1.0,1.0,18.0,27
312160,2012,44.0,3.0,18.0,8.0,7.0,71.0,12.0,8.0,66.0,35.0,277.0,638
312160,2013,0.0,0.0,0.0,0.0,0.0,0.0,0.0,0.0,0.0,0.0,323.0,675
312160,2014,37.0,2.0,9.0,10.0,11.0,85.0,39.0,10.0,70.0,47.0,356.0,696
312160,2015,38.0,4.0,14.0,8.0,8.0,82.0,37.0,18.0,80.0,40.0,353.0,701
312160,2016,32.0,5.0,6.0,4.0,10.0,85.0,33.0,22.0,70.0,31.0,305.0,690
312160,2017,21.0,5.0,21.0,11.0,8.0,95.0,38.0,1.0,88.0,25.0,320.0,717
312160,2018,27.0,0.0,14.0,6.0,6.0,100.0,27.0,11.0,65.0,23.0,287.0,662
312160,2019,23.0,1.0,10.0,10.0,5.0,91.0,29.0,13.0,63.0,27.0,276.0,647
312170,2012,3.0,0.0,2.0,0.0,0.0,4.0,1.0,0.0,4.0,2.0,17.0,40
312170,2013,0.0,0.0,0.0,0.0,0.0,0.0,0.0,0.0,0.0,0.0,18.0,40
312170,2014,3.0,0.0,0.0,0.0,0.0,8.0,3.0,0.0,7.0,1.0,22.0,38
312170,2015,2.0,0.0,0.0,1.0,0.0,6.0,4.0,0.0,3.0,0.0,17.0,36
312170,2016,2.0,0.0,0.0,0.0,0.0,5.0,4.0,0.0,10.0,0.0,21.0,42
312170,2017,3.0,0.0,5.0,0.0,1.0,7.0,3.0,0.0,9.0,0.0,28.0,44
312170,2018,2.0,0.0,0.0,0.0,1.0,9.0,3.0,0.0,8.0,0.0,23.0,35
312170,2019,1.0,0.0,4.0,0.0,0.0,7.0,4.0,1.0,8.0,0.0,25.0,40
312180,2012,8.0,0.0,4.0,0.0,4.0,8.0,3.0,2.0,7.0,4.0,42.0,75
312180,2013,0.0,0.0,0.0,0.0,0.0,0.0,0.0,0.0,0.0,0.0,28.0,55
312180,2014,4.0,0.0,1.0,1.0,2.0,13.0,4.0,6.0,7.0,3.0,42.0,61
312180,2015,3.0,0.0,0.0,0.0,1.0,12.0,5.0,1.0,7.0,1.0,31.0,60
312180,2016,2.0,0.0,0.0,0.0,1.0,13.0,1.0,1.0,8.0,2.0,29.0,52
312180,2017,2.0,2.0,0.0,1.0,0.0,10.0,2.0,0.0,5.0,3.0,25.0,60
312180,2018,3.0,0.0,2.0,0.0,1.0,11.0,1.0,0.0,7.0,3.0,28.0,59
312180,2019,4.0,0.0,0.0,3.0,0.0,11.0,4.0,0.0,5.0,3.0,31.0,57
312190,2012,3.0,0.0,0.0,1.0,0.0,11.0,0.0,5.0,1.0,14.0,35.0,49
312190,2013,0.0,0.0,0.0,0.0,0.0,0.0,0.0,0.0,0.0,0.0,37.0,47
312190,2014,3.0,0.0,0.0,0.0,0.0,11.0,1.0,8.0,1.0,7.0,31.0,51
312190,2015,4.0,0.0,4.0,1.0,0.0,15.0,0.0,3.0,0.0,9.0,37.0,51
312190,2016,5.0,0.0,4.0,0.0,1.0,12.0,1.0,1.0,3.0,8.0,35.0,44
312190,2017,1.0,0.0,0.0,0.0,0.0,9.0,0.0,7.0,2.0,7.0,27.0,33
312190,2018,4.0,0.0,0.0,0.0,1.0,16.0,0.0,4.0,2.0,10.0,37.0,49
312190,2019,5.0,0.0,0.0,0.0,1.0,14.0,0.0,5.0,0.0,9.0,34.0,46
312200,2012,45.0,0.0,7.0,2.0,5.0,48.0,6.0,2.0,32.0,10.0,187.0,282
312200,2013,0.0,0.0,0.0,0.0,0.0,0.0,0.0,0.0,0.0,0.0,194.0,273
312200,2014,18.0,0.0,0.0,0.0,0.0,60.0,7.0,21.0,11.0,57.0,193.0,268
312200,2015,18.0,0.0,0.0,1.0,1.0,111.0,4.0,15.0,16.0,24.0,195.0,272
312200,2016,21.0,0.0,4.0,0.0,1.0,121.0,8.0,12.0,19.0,4.0,192.0,264
312200,2017,23.0,0.0,2.0,1.0,0.0,134.0,9.0,9.0,17.0,3.0,198.0,279
312200,2018,9.0,2.0,3.0,1.0,0.0,90.0,5.0,4.0,17.0,54.0,231.0,314
312200,2019,15.0,0.0,17.0,2.0,2.0,81.0,5.0,14.0,16.0,49.0,226.0,323
312210,2012,2.0,2.0,2.0,1.0,1.0,10.0,0.0,1.0,4.0,1.0,29.0,49
312210,2013,0.0,0.0,0.0,0.0,0.0,0.0,0.0,0.0,0.0,0.0,36.0,57
312210,2014,1.0,1.0,2.0,2.0,5.0,9.0,0.0,1.0,4.0,6.0,31.0,54
312210,2015,0.0,0.0,1.0,2.0,1.0,17.0,1.0,3.0,2.0,3.0,32.0,52
312210,2016,0.0,1.0,1.0,0.0,1.0,15.0,1.0,5.0,1.0,6.0,33.0,62
312210,2017,2.0,0.0,0.0,0.0,0.0,13.0,2.0,4.0,3.0,8.0,34.0,52
312210,2018,2.0,0.0,2.0,1.0,1.0,19.0,2.0,2.0,2.0,4.0,37.0,60
312210,2019,1.0,0.0,1.0,0.0,1.0,16.0,1.0,3.0,4.0,5.0,32.0,62
312220,2012,4.0,1.0,2.0,2.0,1.0,10.0,7.0,4.0,3.0,5.0,41.0,93
312220,2013,0.0,0.0,0.0,0.0,0.0,0.0,0.0,0.0,0.0,0.0,40.0,97
312220,2014,1.0,0.0,0.0,1.0,1.0,14.0,5.0,9.0,4.0,6.0,44.0,107
312220,2015,2.0,0.0,0.0,1.0,2.0,12.0,2.0,5.0,5.0,5.0,38.0,89
312220,2016,7.0,1.0,0.0,2.0,2.0,12.0,4.0,8.0,3.0,5.0,46.0,93
312220,2017,1.0,0.0,0.0,0.0,0.0,11.0,6.0,2.0,8.0,5.0,39.0,76
312220,2018,4.0,0.0,2.0,1.0,1.0,17.0,4.0,2.0,12.0,2.0,46.0,95
312220,2019,2.0,0.0,5.0,1.0,1.0,16.0,10.0,9.0,8.0,6.0,58.0,84
312230,2012,195.0,2.0,49.0,24.0,45.0,540.0,97.0,14.0,600.0,103.0,1695.0,2647
312230,2013,0.0,0.0,0.0,0.0,0.0,0.0,0.0,0.0,0.0,0.0,1738.0,2666
312230,2014,164.0,1.0,46.0,45.0,49.0,594.0,207.0,38.0,533.0,124.0,1804.0,2739
312230,2015,153.0,1.0,64.0,52.0,35.0,570.0,141.0,31.0,513.0,112.0,1690.0,2663
312230,2016,148.0,5.0,56.0,37.0,48.0,553.0,154.0,32.0,526.0,102.0,1661.0,2612
312230,2017,145.0,1.0,72.0,49.0,51.0,575.0,160.0,18.0,509.0,81.0,1661.0,2706
312230,2018,157.0,1.0,80.0,42.0,50.0,567.0,153.0,13.0,468.0,66.0,1597.0,2709
312230,2019,162.0,2.0,59.0,51.0,71.0,634.0,163.0,28.0,502.0,71.0,1743.0,2795
312235,2012,3.0,0.0,4.0,3.0,0.0,9.0,2.0,1.0,3.0,6.0,41.0,83
312235,2013,0.0,0.0,0.0,0.0,0.0,0.0,0.0,0.0,0.0,0.0,30.0,83
312235,2014,3.0,0.0,0.0,1.0,1.0,3.0,2.0,3.0,1.0,0.0,42.0,87
312235,2015,3.0,0.0,2.0,0.0,0.0,5.0,1.0,7.0,0.0,5.0,53.0,110
312235,2016,1.0,0.0,0.0,1.0,1.0,0.0,1.0,1.0,3.0,1.0,36.0,95
312235,2017,5.0,0.0,0.0,0.0,1.0,1.0,1.0,2.0,2.0,2.0,31.0,91
312235,2018,0.0,0.0,2.0,0.0,0.0,4.0,4.0,2.0,3.0,1.0,44.0,91
312235,2019,2.0,0.0,0.0,0.0,0.0,2.0,1.0,1.0,0.0,1.0,49.0,104
312240,2012,1.0,0.0,0.0,0.0,0.0,14.0,5.0,2.0,12.0,3.0,39.0,67
312240,2013,0.0,0.0,0.0,0.0,0.0,0.0,0.0,0.0,0.0,0.0,51.0,76
312240,2014,2.0,0.0,2.0,1.0,0.0,13.0,6.0,1.0,15.0,3.0,43.0,74
312240,2015,5.0,0.0,2.0,1.0,0.0,18.0,1.0,3.0,12.0,6.0,49.0,80
312240,2016,6.0,0.0,0.0,1.0,1.0,25.0,7.0,3.0,12.0,5.0,60.0,85
312240,2017,3.0,1.0,0.0,2.0,1.0,28.0,1.0,1.0,12.0,4.0,53.0,79
312240,2018,5.0,1.0,4.0,0.0,1.0,23.0,8.0,2.0,8.0,8.0,60.0,85
312240,2019,1.0,0.0,5.0,2.0,2.0,22.0,7.0,1.0,14.0,5.0,59.0,88
312245,2012,4.0,0.0,2.0,0.0,2.0,6.0,8.0,3.0,6.0,7.0,41.0,88
312245,2013,0.0,0.0,0.0,0.0,0.0,0.0,0.0,0.0,0.0,0.0,25.0,78
312245,2014,0.0,0.0,0.0,0.0,0.0,2.0,4.0,1.0,1.0,2.0,23.0,73
312245,2015,3.0,0.0,0.0,1.0,0.0,3.0,7.0,1.0,2.0,1.0,37.0,86
312245,2016,2.0,0.0,0.0,0.0,0.0,6.0,3.0,2.0,0.0,1.0,17.0,82
312245,2017,2.0,0.0,0.0,0.0,0.0,1.0,0.0,1.0,2.0,0.0,13.0,72
312245,2018,3.0,0.0,0.0,0.0,1.0,2.0,0.0,1.0,3.0,1.0,22.0,87
312245,2019,2.0,0.0,0.0,0.0,1.0,2.0,5.0,3.0,2.0,1.0,39.0,92
312247,2012,3.0,0.0,0.0,0.0,0.0,2.0,1.0,3.0,5.0,2.0,19.0,29
312247,2013,0.0,0.0,0.0,0.0,0.0,0.0,0.0,0.0,0.0,0.0,25.0,45
312247,2014,2.0,0.0,0.0,1.0,0.0,6.0,3.0,2.0,1.0,8.0,26.0,34
312247,2015,2.0,0.0,0.0,0.0,0.0,6.0,3.0,2.0,5.0,2.0,22.0,38
312247,2016,2.0,0.0,0.0,1.0,0.0,10.0,2.0,1.0,4.0,1.0,21.0,34
312247,2017,2.0,0.0,0.0,0.0,0.0,10.0,4.0,1.0,5.0,5.0,27.0,34
312247,2018,0.0,0.0,0.0,0.0,0.0,7.0,1.0,2.0,8.0,4.0,22.0,31
312247,2019,4.0,0.0,2.0,1.0,0.0,7.0,1.0,1.0,5.0,5.0,26.0,40
312250,2012,6.0,1.0,0.0,1.0,4.0,12.0,2.0,4.0,9.0,4.0,49.0,68
312250,2013,0.0,0.0,0.0,0.0,0.0,0.0,0.0,0.0,0.0,0.0,42.0,64
312250,2014,0.0,0.0,0.0,1.0,1.0,9.0,2.0,0.0,2.0,3.0,33.0,61
312250,2015,4.0,0.0,2.0,0.0,0.0,10.0,2.0,1.0,5.0,3.0,35.0,61
312250,2016,0.0,0.0,0.0,1.0,1.0,12.0,4.0,1.0,4.0,4.0,30.0,52
312250,2017,5.0,1.0,0.0,1.0,0.0,13.0,2.0,2.0,5.0,1.0,31.0,63
312250,2018,1.0,0.0,4.0,1.0,2.0,12.0,3.0,2.0,4.0,1.0,30.0,51
312250,2019,1.0,0.0,0.0,0.0,0.0,20.0,3.0,0.0,8.0,0.0,32.0,52
312260,2012,0.0,0.0,0.0,0.0,0.0,2.0,1.0,0.0,2.0,1.0,6.0,50
312260,2013,0.0,0.0,0.0,0.0,0.0,0.0,0.0,0.0,0.0,0.0,17.0,59
312260,2014,1.0,0.0,0.0,0.0,1.0,6.0,2.0,1.0,4.0,7.0,25.0,73
312260,2015,0.0,0.0,0.0,0.0,1.0,3.0,1.0,1.0,2.0,7.0,17.0,47
312260,2016,2.0,0.0,0.0,1.0,2.0,4.0,2.0,1.0,3.0,8.0,23.0,43
312260,2017,4.0,0.0,0.0,1.0,0.0,6.0,3.0,2.0,4.0,6.0,27.0,60
312260,2018,0.0,0.0,2.0,1.0,0.0,7.0,3.0,2.0,4.0,4.0,24.0,56
312260,2019,3.0,0.0,0.0,0.0,2.0,7.0,3.0,3.0,4.0,1.0,24.0,60
312270,2012,5.0,0.0,2.0,0.0,2.0,13.0,1.0,1.0,7.0,4.0,36.0,48
312270,2013,0.0,0.0,0.0,0.0,0.0,0.0,0.0,0.0,0.0,0.0,23.0,40
312270,2014,3.0,0.0,2.0,0.0,0.0,7.0,2.0,0.0,6.0,1.0,21.0,36
312270,2015,4.0,0.0,0.0,0.0,0.0,8.0,1.0,0.0,11.0,0.0,24.0,38
312270,2016,4.0,0.0,3.0,0.0,1.0,9.0,1.0,0.0,8.0,0.0,26.0,43
312270,2017,3.0,0.0,0.0,1.0,0.0,8.0,3.0,0.0,11.0,1.0,27.0,41
312270,2018,2.0,0.0,2.0,0.0,0.0,9.0,5.0,0.0,4.0,1.0,23.0,38
312270,2019,2.0,0.0,0.0,0.0,0.0,9.0,1.0,0.0,4.0,1.0,17.0,34
312280,2012,3.0,0.0,0.0,0.0,2.0,7.0,0.0,1.0,5.0,3.0,25.0,29
312280,2013,0.0,0.0,0.0,0.0,0.0,0.0,0.0,0.0,0.0,0.0,22.0,29
312280,2014,1.0,0.0,0.0,0.0,0.0,9.0,2.0,0.0,4.0,1.0,17.0,22
312280,2015,2.0,0.0,0.0,1.0,0.0,9.0,2.0,1.0,5.0,1.0,25.0,29
312280,2016,3.0,0.0,2.0,1.0,0.0,4.0,1.0,0.0,4.0,1.0,16.0,23
312280,2017,1.0,0.0,0.0,0.0,0.0,7.0,1.0,0.0,6.0,0.0,15.0,18
312280,2018,4.0,0.0,0.0,0.0,0.0,12.0,1.0,0.0,4.0,2.0,23.0,30
312280,2019,1.0,0.0,0.0,0.0,1.0,13.0,0.0,0.0,2.0,1.0,18.0,31
312290,2012,5.0,0.0,0.0,0.0,0.0,17.0,3.0,1.0,16.0,7.0,49.0,61
312290,2013,0.0,0.0,0.0,0.0,0.0,0.0,0.0,0.0,0.0,0.0,71.0,84
312290,2014,7.0,0.0,0.0,2.0,3.0,15.0,9.0,1.0,13.0,4.0,54.0,59
312290,2015,5.0,0.0,0.0,0.0,1.0,18.0,6.0,0.0,22.0,6.0,59.0,66
312290,2016,7.0,0.0,0.0,1.0,0.0,21.0,6.0,0.0,20.0,2.0,57.0,70
312290,2017,5.0,0.0,0.0,2.0,2.0,18.0,4.0,1.0,20.0,7.0,62.0,79
312290,2018,3.0,0.0,2.0,0.0,0.0,13.0,2.0,1.0,17.0,8.0,46.0,54
312290,2019,5.0,0.0,4.0,2.0,0.0,25.0,4.0,1.0,18.0,5.0,66.0,80
312300,2012,16.0,1.0,0.0,4.0,0.0,17.0,3.0,1.0,15.0,8.0,83.0,104
312300,2013,0.0,0.0,0.0,0.0,0.0,0.0,0.0,0.0,0.0,0.0,68.0,83
312300,2014,8.0,0.0,0.0,2.0,0.0,19.0,4.0,9.0,7.0,13.0,71.0,85
312300,2015,4.0,0.0,0.0,5.0,3.0,31.0,6.0,3.0,10.0,10.0,79.0,103
312300,2016,7.0,0.0,2.0,4.0,2.0,22.0,3.0,8.0,13.0,8.0,76.0,101
312300,2017,10.0,0.0,0.0,1.0,3.0,19.0,7.0,7.0,17.0,14.0,80.0,97
312300,2018,2.0,0.0,0.0,2.0,1.0,21.0,2.0,6.0,6.0,16.0,61.0,83
312300,2019,9.0,1.0,1.0,2.0,2.0,30.0,2.0,3.0,8.0,14.0,75.0,100
312310,2012,1.0,0.0,0.0,1.0,1.0,6.0,0.0,1.0,8.0,5.0,26.0,63
312310,2013,0.0,0.0,0.0,0.0,0.0,0.0,0.0,0.0,0.0,0.0,33.0,65
312310,2014,4.0,0.0,0.0,1.0,0.0,7.0,2.0,1.0,2.0,6.0,23.0,65
312310,2015,1.0,1.0,0.0,1.0,0.0,6.0,1.0,0.0,8.0,3.0,21.0,58
312310,2016,2.0,0.0,0.0,1.0,0.0,3.0,1.0,2.0,5.0,2.0,16.0,42
312310,2017,0.0,0.0,0.0,1.0,0.0,10.0,6.0,1.0,3.0,2.0,23.0,49
312310,2018,4.0,0.0,0.0,0.0,1.0,3.0,4.0,3.0,4.0,3.0,22.0,49
312310,2019,3.0,0.0,2.0,0.0,1.0,8.0,1.0,0.0,3.0,5.0,23.0,62
312320,2012,5.0,0.0,6.0,13.0,13.0,12.0,3.0,2.0,28.0,3.0,87.0,147
312320,2013,0.0,0.0,0.0,0.0,0.0,0.0,0.0,0.0,0.0,0.0,58.0,108
312320,2014,3.0,0.0,1.0,27.0,25.0,13.0,3.0,0.0,3.0,4.0,79.0,131
312320,2015,2.0,0.0,1.0,26.0,26.0,2.0,0.0,2.0,3.0,4.0,67.0,115
312320,2016,6.0,0.0,0.0,33.0,33.0,5.0,2.0,0.0,5.0,2.0,86.0,142
312320,2017,2.0,0.0,2.0,22.0,26.0,6.0,2.0,2.0,1.0,2.0,66.0,119
312320,2018,9.0,1.0,3.0,3.0,0.0,19.0,2.0,6.0,8.0,20.0,71.0,111
312320,2019,4.0,2.0,2.0,6.0,1.0,20.0,5.0,2.0,10.0,2.0,54.0,94
312330,2012,3.0,0.0,0.0,0.0,0.0,17.0,2.0,11.0,0.0,12.0,45.0,59
312330,2013,0.0,0.0,0.0,0.0,0.0,0.0,0.0,0.0,0.0,0.0,21.0,29
312330,2014,6.0,0.0,1.0,0.0,0.0,9.0,2.0,4.0,2.0,13.0,37.0,45
312330,2015,5.0,0.0,0.0,0.0,2.0,8.0,0.0,5.0,3.0,10.0,33.0,42
312330,2016,3.0,0.0,2.0,0.0,0.0,16.0,0.0,8.0,1.0,11.0,41.0,54
312330,2017,1.0,0.0,4.0,0.0,2.0,10.0,2.0,3.0,3.0,10.0,35.0,47
312330,2018,5.0,0.0,0.0,0.0,0.0,15.0,0.0,7.0,1.0,12.0,40.0,46
312330,2019,3.0,0.0,0.0,1.0,0.0,19.0,1.0,2.0,2.0,8.0,37.0,49
312340,2012,0.0,0.0,4.0,1.0,1.0,3.0,0.0,1.0,2.0,5.0,17.0,21
312340,2013,0.0,0.0,0.0,0.0,0.0,0.0,0.0,0.0,0.0,0.0,6.0,12
312340,2014,2.0,0.0,0.0,0.0,0.0,1.0,1.0,1.0,2.0,4.0,11.0,14
312340,2015,2.0,0.0,2.0,2.0,0.0,4.0,0.0,2.0,1.0,3.0,16.0,18
312340,2016,0.0,0.0,0.0,0.0,0.0,4.0,0.0,2.0,0.0,3.0,9.0,14
312340,2017,1.0,0.0,0.0,1.0,0.0,4.0,0.0,2.0,0.0,4.0,12.0,18
312340,2018,0.0,0.0,0.0,0.0,0.0,4.0,0.0,0.0,0.0,3.0,8.0,14
312340,2019,1.0,0.0,0.0,2.0,0.0,3.0,1.0,4.0,1.0,8.0,20.0,22
312350,2012,0.0,4.0,0.0,2.0,1.0,0.0,1.0,0.0,0.0,0.0,8.0,16
312350,2013,0.0,0.0,0.0,0.0,0.0,0.0,0.0,0.0,0.0,0.0,14.0,19
312350,2014,0.0,0.0,0.0,2.0,1.0,3.0,0.0,1.0,1.0,0.0,8.0,9
312350,2015,1.0,0.0,0.0,1.0,0.0,4.0,1.0,0.0,2.0,0.0,9.0,13
312350,2016,1.0,0.0,0.0,0.0,1.0,5.0,0.0,0.0,3.0,1.0,11.0,15
312350,2017,0.0,0.0,0.0,1.0,0.0,4.0,0.0,0.0,0.0,0.0,5.0,9
312350,2018,0.0,0.0,3.0,0.0,0.0,5.0,3.0,0.0,2.0,2.0,16.0,21
312350,2019,1.0,0.0,0.0,1.0,0.0,7.0,1.0,1.0,1.0,4.0,16.0,19
312352,2012,15.0,0.0,0.0,0.0,2.0,9.0,5.0,1.0,14.0,8.0,63.0,101
312352,2013,0.0,0.0,0.0,0.0,0.0,0.0,0.0,0.0,0.0,0.0,61.0,101
312352,2014,4.0,1.0,0.0,2.0,0.0,18.0,5.0,8.0,18.0,13.0,77.0,121
312352,2015,1.0,1.0,3.0,2.0,0.0,11.0,3.0,3.0,13.0,13.0,52.0,98
312352,2016,4.0,1.0,2.0,2.0,1.0,12.0,10.0,1.0,15.0,6.0,59.0,109
312352,2017,4.0,0.0,0.0,1.0,1.0,30.0,2.0,7.0,10.0,10.0,68.0,104
312352,2018,4.0,0.0,0.0,0.0,0.0,32.0,7.0,8.0,15.0,14.0,83.0,136
312352,2019,3.0,2.0,2.0,1.0,1.0,33.0,10.0,2.0,16.0,6.0,80.0,128
312360,2012,23.0,0.0,6.0,6.0,4.0,77.0,9.0,13.0,36.0,35.0,228.0,318
312360,2013,0.0,0.0,0.0,0.0,0.0,0.0,0.0,0.0,0.0,0.0,220.0,318
312360,2014,19.0,0.0,3.0,4.0,4.0,68.0,13.0,14.0,45.0,33.0,214.0,283
312360,2015,29.0,1.0,1.0,3.0,2.0,95.0,5.0,7.0,59.0,49.0,257.0,339
312360,2016,23.0,1.0,0.0,2.0,3.0,73.0,9.0,8.0,69.0,30.0,223.0,299
312360,2017,30.0,0.0,4.0,4.0,1.0,98.0,15.0,5.0,60.0,44.0,264.0,341
312360,2018,34.0,0.0,9.0,6.0,5.0,92.0,9.0,13.0,45.0,43.0,258.0,329
312360,2019,28.0,0.0,8.0,4.0,4.0,115.0,10.0,14.0,32.0,39.0,254.0,323
312370,2012,8.0,1.0,4.0,1.0,2.0,27.0,8.0,3.0,18.0,11.0,89.0,147
312370,2013,0.0,0.0,0.0,0.0,0.0,0.0,0.0,0.0,0.0,0.0,79.0,135
312370,2014,3.0,0.0,4.0,4.0,2.0,29.0,1.0,0.0,9.0,18.0,78.0,149
312370,2015,6.0,0.0,4.0,5.0,2.0,17.0,8.0,7.0,13.0,7.0,72.0,137
312370,2016,6.0,0.0,0.0,0.0,2.0,26.0,5.0,4.0,11.0,9.0,68.0,131
312370,2017,2.0,0.0,0.0,2.0,2.0,18.0,3.0,1.0,9.0,3.0,46.0,120
312370,2018,3.0,0.0,0.0,2.0,2.0,20.0,6.0,3.0,9.0,4.0,55.0,108
312370,2019,0.0,0.0,4.0,0.0,0.0,23.0,4.0,4.0,12.0,8.0,55.0,118
312380,2012,3.0,0.0,0.0,0.0,0.0,9.0,0.0,1.0,1.0,4.0,19.0,83
312380,2013,0.0,0.0,0.0,0.0,0.0,0.0,0.0,0.0,0.0,0.0,18.0,78
312380,2014,0.0,0.0,0.0,1.0,0.0,8.0,0.0,2.0,2.0,13.0,29.0,79
312380,2015,5.0,0.0,0.0,1.0,0.0,8.0,1.0,3.0,1.0,6.0,25.0,66
312380,2016,2.0,0.0,1.0,3.0,0.0,8.0,0.0,9.0,1.0,7.0,33.0,84
312380,2017,1.0,0.0,0.0,0.0,0.0,9.0,1.0,3.0,5.0,10.0,31.0,80
312380,2018,4.0,0.0,0.0,1.0,1.0,14.0,1.0,4.0,4.0,4.0,35.0,78
312380,2019,0.0,0.0,0.0,2.0,0.0,8.0,2.0,5.0,5.0,3.0,27.0,67
312385,2012,3.0,0.0,0.0,0.0,0.0,14.0,0.0,0.0,9.0,2.0,34.0,63
312385,2013,0.0,0.0,0.0,0.0,0.0,0.0,0.0,0.0,0.0,0.0,32.0,62
312385,2014,5.0,0.0,0.0,1.0,2.0,9.0,10.0,1.0,5.0,3.0,39.0,71
312385,2015,5.0,0.0,2.0,1.0,0.0,22.0,4.0,2.0,10.0,3.0,50.0,84
312385,2016,2.0,0.0,6.0,0.0,1.0,13.0,7.0,1.0,17.0,1.0,48.0,71
312385,2017,5.0,0.0,4.0,2.0,1.0,16.0,9.0,0.0,10.0,4.0,51.0,76
312385,2018,3.0,0.0,3.0,2.0,1.0,20.0,4.0,2.0,9.0,6.0,51.0,82
312385,2019,4.0,0.0,0.0,0.0,0.0,14.0,6.0,4.0,10.0,6.0,44.0,71
312390,2012,7.0,0.0,2.0,1.0,0.0,30.0,7.0,2.0,22.0,10.0,85.0,157
312390,2013,0.0,0.0,0.0,0.0,0.0,0.0,0.0,0.0,0.0,0.0,69.0,146
312390,2014,5.0,2.0,2.0,3.0,1.0,32.0,11.0,6.0,13.0,17.0,95.0,162
312390,2015,7.0,0.0,3.0,3.0,2.0,34.0,9.0,2.0,27.0,12.0,99.0,164
312390,2016,6.0,2.0,5.0,5.0,2.0,25.0,7.0,7.0,25.0,8.0,92.0,158
312390,2017,3.0,3.0,8.0,5.0,2.0,29.0,8.0,3.0,22.0,14.0,99.0,170
312390,2018,4.0,5.0,4.0,5.0,1.0,33.0,10.0,5.0,20.0,18.0,106.0,158
312390,2019,7.0,2.0,0.0,9.0,3.0,35.0,12.0,6.0,11.0,14.0,100.0,150
312400,2012,21.0,0.0,2.0,4.0,4.0,58.0,5.0,19.0,11.0,51.0,181.0,231
312400,2013,0.0,0.0,0.0,0.0,0.0,0.0,0.0,0.0,0.0,0.0,155.0,217
312400,2014,21.0,3.0,4.0,7.0,5.0,29.0,2.0,11.0,18.0,28.0,154.0,207
312400,2015,11.0,0.0,2.0,1.0,1.0,44.0,6.0,17.0,3.0,52.0,141.0,187
312400,2016,12.0,0.0,2.0,3.0,1.0,61.0,6.0,21.0,11.0,49.0,167.0,207
312400,2017,14.0,0.0,6.0,2.0,3.0,72.0,5.0,14.0,12.0,44.0,172.0,222
312400,2018,17.0,1.0,6.0,4.0,2.0,71.0,5.0,16.0,21.0,40.0,183.0,228
312400,2019,16.0,0.0,4.0,1.0,2.0,78.0,4.0,23.0,9.0,45.0,182.0,236
312410,2012,28.0,0.0,14.0,6.0,6.0,74.0,22.0,9.0,75.0,30.0,328.0,829
312410,2013,0.0,0.0,0.0,0.0,0.0,0.0,0.0,0.0,0.0,0.0,375.0,959
312410,2014,38.0,1.0,21.0,18.0,7.0,180.0,32.0,18.0,91.0,23.0,473.0,1094
312410,2015,31.0,1.0,15.0,22.0,15.0,142.0,44.0,16.0,116.0,40.0,479.0,1119
312410,2016,46.0,0.0,18.0,12.0,16.0,154.0,40.0,23.0,99.0,53.0,487.0,1094
312410,2017,51.0,0.0,19.0,16.0,17.0,147.0,44.0,19.0,108.0,32.0,492.0,1212
312410,2018,38.0,1.0,31.0,18.0,11.0,158.0,36.0,20.0,109.0,40.0,482.0,1188
312410,2019,33.0,3.0,15.0,27.0,14.0,192.0,30.0,13.0,95.0,36.0,491.0,1146
312420,2012,24.0,3.0,7.0,3.0,2.0,31.0,0.0,1.0,21.0,5.0,274.0,332
312420,2013,0.0,0.0,0.0,0.0,0.0,0.0,0.0,0.0,0.0,0.0,259.0,332
312420,2014,22.0,0.0,7.0,0.0,1.0,46.0,0.0,10.0,5.0,36.0,282.0,337
312420,2015,16.0,0.0,6.0,0.0,1.0,122.0,0.0,13.0,1.0,1.0,256.0,317
312420,2016,21.0,0.0,4.0,1.0,0.0,143.0,2.0,12.0,2.0,3.0,256.0,329
312420,2017,19.0,0.0,5.0,1.0,0.0,171.0,2.0,8.0,3.0,1.0,262.0,320
312420,2018,19.0,1.0,7.0,1.0,2.0,107.0,13.0,3.0,29.0,61.0,288.0,347
312420,2019,22.0,0.0,6.0,0.0,1.0,83.0,2.0,15.0,13.0,63.0,293.0,356
312430,2012,17.0,2.0,8.0,6.0,17.0,54.0,3.0,3.0,42.0,42.0,209.0,395
312430,2013,0.0,0.0,0.0,0.0,0.0,0.0,0.0,0.0,0.0,0.0,242.0,421
312430,2014,13.0,1.0,2.0,5.0,7.0,65.0,10.0,30.0,31.0,52.0,223.0,407
312430,2015,19.0,2.0,2.0,3.0,7.0,72.0,10.0,11.0,22.0,34.0,197.0,438
312430,2016,5.0,0.0,7.0,4.0,3.0,57.0,7.0,10.0,19.0,31.0,154.0,378
312430,2017,11.0,0.0,2.0,5.0,2.0,78.0,16.0,19.0,25.0,45.0,208.0,372
312430,2018,19.0,2.0,9.0,3.0,7.0,95.0,10.0,24.0,30.0,49.0,251.0,475
312430,2019,25.0,0.0,2.0,3.0,7.0,102.0,11.0,22.0,17.0,49.0,240.0,417
312440,2012,5.0,0.0,4.0,1.0,1.0,7.0,0.0,1.0,13.0,3.0,43.0,55
312440,2013,0.0,0.0,0.0,0.0,0.0,0.0,0.0,0.0,0.0,0.0,35.0,58
312440,2014,2.0,0.0,0.0,1.0,0.0,10.0,4.0,0.0,9.0,9.0,37.0,65
312440,2015,5.0,0.0,0.0,0.0,0.0,8.0,1.0,2.0,11.0,5.0,33.0,52
312440,2016,4.0,0.0,4.0,0.0,0.0,18.0,1.0,1.0,7.0,3.0,45.0,77
312440,2017,3.0,0.0,2.0,1.0,0.0,18.0,0.0,2.0,11.0,4.0,45.0,74
312440,2018,5.0,0.0,2.0,2.0,3.0,13.0,3.0,4.0,15.0,4.0,54.0,82
312440,2019,4.0,0.0,2.0,3.0,1.0,20.0,2.0,2.0,9.0,6.0,55.0,91
312450,2012,10.0,1.0,4.0,2.0,4.0,13.0,8.0,0.0,26.0,13.0,85.0,128
312450,2013,0.0,0.0,0.0,0.0,0.0,0.0,0.0,0.0,0.0,0.0,67.0,111
312450,2014,6.0,1.0,2.0,0.0,0.0,21.0,10.0,2.0,16.0,5.0,63.0,114
312450,2015,4.0,0.0,2.0,1.0,0.0,12.0,5.0,4.0,18.0,13.0,62.0,113
312450,2016,7.0,0.0,0.0,1.0,2.0,23.0,6.0,2.0,22.0,8.0,77.0,118
312450,2017,8.0,0.0,0.0,1.0,0.0,27.0,4.0,2.0,8.0,8.0,63.0,103
312450,2018,7.0,0.0,2.0,0.0,0.0,31.0,6.0,2.0,13.0,8.0,72.0,109
312450,2019,3.0,0.0,5.0,1.0,2.0,20.0,8.0,0.0,27.0,3.0,77.0,112
312460,2012,4.0,0.0,2.0,0.0,0.0,2.0,0.0,0.0,1.0,5.0,22.0,30
312460,2013,0.0,0.0,0.0,0.0,0.0,0.0,0.0,0.0,0.0,0.0,26.0,32
312460,2014,1.0,0.0,0.0,0.0,0.0,6.0,0.0,1.0,2.0,5.0,15.0,17
312460,2015,1.0,0.0,0.0,0.0,0.0,6.0,1.0,2.0,2.0,7.0,20.0,23
312460,2016,1.0,0.0,0.0,0.0,0.0,6.0,0.0,1.0,2.0,1.0,12.0,19
312460,2017,0.0,0.0,0.0,1.0,1.0,7.0,1.0,2.0,1.0,3.0,16.0,22
312460,2018,0.0,0.0,0.0,0.0,0.0,6.0,1.0,4.0,1.0,5.0,17.0,25
312460,2019,1.0,0.0,0.0,0.0,0.0,9.0,0.0,0.0,1.0,1.0,12.0,20
312470,2012,1.0,0.0,0.0,0.0,1.0,4.0,0.0,0.0,6.0,1.0,13.0,28
312470,2013,0.0,0.0,0.0,0.0,0.0,0.0,0.0,0.0,0.0,0.0,13.0,25
312470,2014,2.0,1.0,0.0,3.0,7.0,3.0,0.0,0.0,2.0,0.0,18.0,26
312470,2015,0.0,0.0,0.0,2.0,1.0,1.0,2.0,0.0,2.0,0.0,8.0,23
312470,2016,3.0,0.0,0.0,5.0,2.0,5.0,0.0,0.0,2.0,1.0,18.0,30
312470,2017,1.0,0.0,0.0,3.0,3.0,4.0,1.0,0.0,6.0,0.0,18.0,28
312470,2018,1.0,0.0,0.0,1.0,2.0,4.0,2.0,1.0,5.0,1.0,17.0,24
312470,2019,0.0,0.0,0.0,0.0,0.0,7.0,1.0,0.0,3.0,0.0,11.0,22
312480,2012,4.0,3.0,4.0,2.0,5.0,15.0,2.0,6.0,9.0,14.0,64.0,92
312480,2013,0.0,0.0,0.0,0.0,0.0,0.0,0.0,0.0,0.0,0.0,68.0,93
312480,2014,9.0,0.0,2.0,3.0,1.0,9.0,5.0,3.0,7.0,10.0,50.0,72
312480,2015,3.0,0.0,0.0,2.0,1.0,11.0,4.0,4.0,6.0,12.0,43.0,61
312480,2016,3.0,0.0,2.0,0.0,0.0,23.0,2.0,3.0,11.0,16.0,60.0,79
312480,2017,2.0,0.0,0.0,2.0,1.0,18.0,4.0,2.0,8.0,11.0,50.0,70
312480,2018,1.0,0.0,2.0,1.0,2.0,25.0,4.0,1.0,12.0,12.0,62.0,91
312480,2019,4.0,0.0,0.0,0.0,0.0,15.0,0.0,2.0,12.0,7.0,41.0,65
312490,2012,39.0,1.0,0.0,0.0,0.0,13.0,0.0,1.0,11.0,12.0,78.0,118
312490,2013,0.0,0.0,0.0,0.0,0.0,0.0,0.0,0.0,0.0,0.0,59.0,84
312490,2014,2.0,0.0,2.0,0.0,1.0,4.0,2.0,2.0,9.0,1.0,65.0,91
312490,2015,3.0,0.0,2.0,0.0,0.0,9.0,0.0,1.0,1.0,6.0,53.0,87
312490,2016,3.0,0.0,0.0,1.0,0.0,14.0,0.0,3.0,3.0,21.0,50.0,79
312490,2017,7.0,0.0,0.0,1.0,1.0,27.0,1.0,5.0,8.0,21.0,74.0,108
312490,2018,3.0,3.0,4.0,3.0,1.0,21.0,5.0,2.0,15.0,10.0,72.0,108
312490,2019,6.0,0.0,0.0,3.0,0.0,25.0,3.0,3.0,8.0,16.0,66.0,96
312500,2012,2.0,1.0,4.0,0.0,1.0,9.0,2.0,1.0,6.0,2.0,28.0,46
312500,2013,0.0,0.0,0.0,0.0,0.0,0.0,0.0,0.0,0.0,0.0,26.0,43
312500,2014,5.0,0.0,2.0,0.0,1.0,8.0,0.0,3.0,9.0,3.0,35.0,53
312500,2015,5.0,0.0,0.0,0.0,2.0,9.0,2.0,2.0,5.0,2.0,27.0,50
312500,2016,4.0,0.0,0.0,0.0,1.0,4.0,4.0,0.0,7.0,1.0,21.0,41
312500,2017,1.0,1.0,0.0,0.0,0.0,9.0,7.0,1.0,15.0,1.0,35.0,58
312500,2018,5.0,0.0,2.0,1.0,1.0,11.0,1.0,1.0,8.0,1.0,31.0,58
312500,2019,3.0,0.0,0.0,0.0,0.0,10.0,1.0,1.0,9.0,2.0,26.0,47
312510,2012,39.0,1.0,3.0,2.0,3.0,140.0,18.0,21.0,71.0,89.0,397.0,495
312510,2013,0.0,0.0,0.0,0.0,0.0,0.0,0.0,0.0,0.0,0.0,454.0,531
312510,2014,51.0,0.0,4.0,4.0,3.0,131.0,63.0,27.0,138.0,51.0,492.0,596
312510,2015,46.0,0.0,7.0,4.0,0.0,138.0,23.0,38.0,67.0,58.0,417.0,489
312510,2016,49.0,0.0,17.0,6.0,1.0,154.0,18.0,54.0,50.0,127.0,538.0,645
312510,2017,57.0,0.0,4.0,1.0,7.0,202.0,20.0,45.0,90.0,79.0,567.0,679
312510,2018,42.0,0.0,16.0,4.0,1.0,139.0,37.0,24.0,109.0,45.0,620.0,722
312510,2019,56.0,1.0,9.0,1.0,3.0,206.0,67.0,17.0,154.0,58.0,592.0,692
312520,2012,2.0,0.0,0.0,1.0,1.0,4.0,1.0,0.0,8.0,0.0,17.0,20
312520,2013,0.0,0.0,0.0,0.0,0.0,0.0,0.0,0.0,0.0,0.0,13.0,23
312520,2014,3.0,0.0,0.0,0.0,0.0,5.0,2.0,1.0,4.0,0.0,15.0,19
312520,2015,0.0,0.0,0.0,0.0,0.0,6.0,2.0,0.0,1.0,0.0,9.0,16
312520,2016,3.0,0.0,2.0,1.0,0.0,9.0,0.0,0.0,4.0,0.0,19.0,27
312520,2017,4.0,0.0,0.0,0.0,0.0,6.0,1.0,0.0,4.0,2.0,17.0,26
312520,2018,0.0,0.0,0.0,0.0,0.0,7.0,3.0,0.0,5.0,1.0,16.0,25
312520,2019,0.0,0.0,0.0,0.0,1.0,4.0,0.0,0.0,2.0,0.0,7.0,13
312530,2012,2.0,2.0,1.0,0.0,0.0,7.0,0.0,0.0,2.0,4.0,25.0,48
312530,2013,0.0,0.0,0.0,0.0,0.0,0.0,0.0,0.0,0.0,0.0,27.0,41
312530,2014,2.0,0.0,0.0,0.0,0.0,12.0,1.0,3.0,2.0,1.0,28.0,37
312530,2015,2.0,0.0,0.0,0.0,0.0,35.0,0.0,1.0,0.0,0.0,38.0,50
312530,2016,3.0,0.0,0.0,0.0,0.0,27.0,0.0,2.0,0.0,1.0,33.0,43
312530,2017,3.0,0.0,0.0,0.0,0.0,28.0,0.0,2.0,0.0,0.0,33.0,45
312530,2018,1.0,0.0,0.0,0.0,0.0,16.0,0.0,0.0,1.0,9.0,33.0,46
312530,2019,3.0,0.0,4.0,0.0,0.0,11.0,0.0,3.0,0.0,9.0,31.0,39
312540,2012,2.0,0.0,0.0,0.0,0.0,5.0,2.0,1.0,8.0,5.0,23.0,68
312540,2013,0.0,0.0,0.0,0.0,0.0,0.0,0.0,0.0,0.0,0.0,32.0,59
312540,2014,0.0,0.0,1.0,0.0,1.0,6.0,5.0,1.0,8.0,3.0,26.0,72
312540,2015,1.0,0.0,2.0,0.0,1.0,4.0,1.0,0.0,6.0,1.0,18.0,59
312540,2016,1.0,0.0,0.0,2.0,0.0,8.0,2.0,0.0,9.0,1.0,25.0,51
312540,2017,3.0,0.0,0.0,1.0,0.0,12.0,4.0,1.0,5.0,0.0,27.0,81
312540,2018,0.0,0.0,0.0,1.0,1.0,2.0,0.0,0.0,2.0,2.0,8.0,44
312540,2019,3.0,0.0,0.0,1.0,0.0,5.0,3.0,1.0,5.0,0.0,19.0,63
312550,2012,1.0,0.0,0.0,1.0,0.0,5.0,2.0,0.0,2.0,3.0,15.0,28
312550,2013,0.0,0.0,0.0,0.0,0.0,0.0,0.0,0.0,0.0,0.0,11.0,20
312550,2014,4.0,1.0,2.0,1.0,0.0,1.0,1.0,0.0,4.0,0.0,15.0,34
312550,2015,2.0,0.0,0.0,1.0,0.0,6.0,0.0,1.0,2.0,3.0,15.0,29
312550,2016,0.0,0.0,0.0,2.0,0.0,5.0,1.0,0.0,3.0,0.0,11.0,29
312550,2017,2.0,0.0,0.0,0.0,0.0,0.0,0.0,0.0,3.0,0.0,5.0,23
312550,2018,0.0,0.0,0.0,0.0,0.0,5.0,1.0,1.0,1.0,2.0,10.0,23
312550,2019,1.0,0.0,2.0,0.0,0.0,7.0,0.0,0.0,1.0,2.0,14.0,29
312560,2012,3.0,0.0,0.0,1.0,0.0,4.0,0.0,1.0,0.0,2.0,22.0,97
312560,2013,0.0,0.0,0.0,0.0,0.0,0.0,0.0,0.0,0.0,0.0,24.0,103
312560,2014,1.0,0.0,0.0,0.0,1.0,6.0,2.0,1.0,2.0,3.0,17.0,82
312560,2015,0.0,0.0,0.0,1.0,1.0,5.0,1.0,1.0,4.0,1.0,17.0,103
312560,2016,0.0,0.0,0.0,0.0,0.0,1.0,3.0,0.0,1.0,1.0,23.0,110
312560,2017,0.0,0.0,2.0,0.0,0.0,1.0,0.0,0.0,0.0,0.0,28.0,94
312560,2018,1.0,0.0,3.0,0.0,0.0,2.0,0.0,0.0,1.0,0.0,29.0,103
312560,2019,3.0,0.0,2.0,0.0,0.0,1.0,0.0,0.0,1.0,0.0,24.0,103
312570,2012,5.0,1.0,0.0,3.0,2.0,25.0,3.0,1.0,16.0,11.0,67.0,147
312570,2013,0.0,0.0,0.0,0.0,0.0,0.0,0.0,0.0,0.0,0.0,69.0,145
312570,2014,8.0,0.0,4.0,3.0,9.0,22.0,5.0,1.0,21.0,10.0,84.0,167
312570,2015,3.0,0.0,3.0,1.0,5.0,10.0,5.0,2.0,13.0,4.0,46.0,123
312570,2016,3.0,0.0,0.0,5.0,2.0,17.0,5.0,2.0,22.0,9.0,65.0,118
312570,2017,2.0,0.0,0.0,4.0,3.0,21.0,6.0,3.0,17.0,8.0,64.0,152
312570,2018,2.0,0.0,0.0,2.0,2.0,19.0,6.0,1.0,27.0,4.0,63.0,127
312570,2019,4.0,0.0,1.0,2.0,2.0,24.0,3.0,3.0,17.0,9.0,65.0,124
312580,2012,0.0,0.0,0.0,0.0,0.0,5.0,1.0,0.0,3.0,3.0,14.0,32
312580,2013,0.0,0.0,0.0,0.0,0.0,0.0,0.0,0.0,0.0,0.0,12.0,32
312580,2014,1.0,0.0,0.0,1.0,0.0,8.0,1.0,4.0,0.0,7.0,23.0,39
312580,2015,2.0,1.0,0.0,0.0,1.0,3.0,1.0,1.0,2.0,3.0,16.0,34
312580,2016,1.0,1.0,0.0,1.0,0.0,8.0,0.0,0.0,4.0,2.0,20.0,30
312580,2017,1.0,0.0,0.0,0.0,0.0,5.0,0.0,2.0,7.0,4.0,22.0,32
312580,2018,1.0,0.0,2.0,1.0,0.0,7.0,1.0,1.0,3.0,4.0,20.0,37
312580,2019,1.0,0.0,0.0,0.0,0.0,9.0,1.0,0.0,0.0,1.0,12.0,29
312590,2012,4.0,0.0,0.0,1.0,0.0,11.0,1.0,2.0,2.0,6.0,33.0,85
312590,2013,0.0,0.0,0.0,0.0,0.0,0.0,0.0,0.0,0.0,0.0,32.0,78
312590,2014,2.0,0.0,2.0,1.0,1.0,17.0,9.0,1.0,12.0,9.0,54.0,90
312590,2015,5.0,0.0,0.0,2.0,1.0,5.0,2.0,3.0,12.0,7.0,40.0,96
312590,2016,1.0,0.0,0.0,1.0,1.0,8.0,6.0,8.0,14.0,9.0,49.0,90
312590,2017,2.0,0.0,2.0,1.0,1.0,17.0,3.0,1.0,10.0,5.0,42.0,95
312590,2018,2.0,0.0,2.0,0.0,2.0,18.0,2.0,3.0,10.0,5.0,44.0,92
312590,2019,4.0,0.0,2.0,2.0,1.0,18.0,7.0,2.0,8.0,6.0,51.0,103
312595,2012,26.0,0.0,0.0,1.0,1.0,27.0,8.0,1.0,16.0,4.0,107.0,144
312595,2013,0.0,0.0,0.0,0.0,0.0,0.0,0.0,0.0,0.0,0.0,85.0,133
312595,2014,12.0,0.0,2.0,1.0,3.0,22.0,0.0,4.0,4.0,20.0,97.0,121
312595,2015,8.0,0.0,4.0,0.0,0.0,56.0,3.0,7.0,2.0,5.0,93.0,130
312595,2016,11.0,0.0,2.0,1.0,0.0,70.0,1.0,10.0,5.0,4.0,107.0,145
312595,2017,4.0,0.0,0.0,0.0,0.0,78.0,0.0,8.0,7.0,2.0,100.0,133
312595,2018,9.0,1.0,0.0,0.0,1.0,32.0,1.0,4.0,11.0,18.0,94.0,150
312595,2019,14.0,0.0,0.0,1.0,0.0,39.0,2.0,7.0,9.0,31.0,113.0,160
312600,2012,2.0,1.0,0.0,1.0,2.0,15.0,2.0,1.0,8.0,1.0,37.0,70
312600,2013,0.0,0.0,0.0,0.0,0.0,0.0,0.0,0.0,0.0,0.0,41.0,67
312600,2014,3.0,0.0,2.0,0.0,2.0,17.0,3.0,7.0,6.0,3.0,44.0,80
312600,2015,3.0,0.0,1.0,1.0,1.0,18.0,1.0,3.0,19.0,5.0,52.0,94
312600,2016,0.0,0.0,0.0,0.0,5.0,12.0,4.0,2.0,11.0,8.0,43.0,76
312600,2017,4.0,0.0,2.0,2.0,1.0,13.0,0.0,2.0,15.0,2.0,41.0,70
312600,2018,2.0,0.0,6.0,1.0,0.0,13.0,2.0,0.0,19.0,2.0,46.0,91
312600,2019,1.0,0.0,0.0,2.0,2.0,9.0,3.0,2.0,6.0,2.0,27.0,63
312610,2012,41.0,2.0,10.0,10.0,8.0,120.0,23.0,10.0,128.0,67.0,440.0,737
312610,2013,0.0,0.0,0.0,0.0,0.0,0.0,0.0,0.0,0.0,0.0,447.0,739
312610,2014,38.0,3.0,22.0,8.0,8.0,151.0,37.0,10.0,117.0,64.0,463.0,758
312610,2015,24.0,3.0,18.0,12.0,6.0,141.0,29.0,11.0,121.0,51.0,423.0,720
312610,2016,33.0,0.0,15.0,9.0,12.0,134.0,46.0,21.0,120.0,43.0,438.0,685
312610,2017,35.0,0.0,17.0,10.0,14.0,163.0,45.0,10.0,116.0,43.0,453.0,728
312610,2018,31.0,0.0,24.0,12.0,9.0,152.0,37.0,13.0,93.0,42.0,415.0,687
312610,2019,46.0,0.0,2.0,19.0,14.0,155.0,49.0,12.0,137.0,44.0,480.0,691
312620,2012,5.0,0.0,2.0,1.0,1.0,12.0,2.0,1.0,3.0,6.0,40.0,107
312620,2013,0.0,0.0,0.0,0.0,0.0,0.0,0.0,0.0,0.0,0.0,27.0,87
312620,2014,2.0,0.0,0.0,1.0,0.0,10.0,2.0,3.0,5.0,4.0,28.0,94
312620,2015,1.0,0.0,0.0,0.0,1.0,5.0,1.0,3.0,0.0,7.0,19.0,66
312620,2016,1.0,1.0,0.0,0.0,0.0,10.0,1.0,2.0,2.0,5.0,23.0,57
312620,2017,6.0,0.0,0.0,0.0,0.0,8.0,3.0,2.0,4.0,6.0,29.0,88
312620,2018,1.0,0.0,0.0,2.0,1.0,13.0,4.0,1.0,3.0,7.0,33.0,62
312620,2019,2.0,0.0,4.0,3.0,3.0,13.0,4.0,8.0,6.0,8.0,51.0,85
312630,2012,6.0,0.0,1.0,0.0,0.0,8.0,1.0,0.0,4.0,1.0,21.0,46
312630,2013,0.0,0.0,0.0,0.0,0.0,0.0,0.0,0.0,0.0,0.0,32.0,51
312630,2014,3.0,0.0,0.0,1.0,1.0,3.0,0.0,2.0,3.0,0.0,15.0,31
312630,2015,0.0,0.0,0.0,1.0,1.0,6.0,3.0,0.0,0.0,0.0,13.0,32
312630,2016,0.0,0.0,2.0,1.0,0.0,6.0,0.0,0.0,2.0,3.0,15.0,33
312630,2017,3.0,0.0,0.0,2.0,1.0,5.0,1.0,0.0,2.0,3.0,18.0,38
312630,2018,1.0,0.0,0.0,0.0,1.0,10.0,2.0,2.0,5.0,3.0,25.0,49
312630,2019,2.0,0.0,0.0,1.0,0.0,7.0,3.0,0.0,2.0,0.0,15.0,30
312640,2012,1.0,0.0,0.0,1.0,1.0,4.0,0.0,0.0,2.0,0.0,9.0,31
312640,2013,0.0,0.0,0.0,0.0,0.0,0.0,0.0,0.0,0.0,0.0,6.0,25
312640,2014,0.0,0.0,0.0,0.0,1.0,4.0,0.0,0.0,2.0,3.0,12.0,35
312640,2015,3.0,0.0,0.0,0.0,0.0,2.0,0.0,1.0,3.0,1.0,11.0,30
312640,2016,2.0,0.0,0.0,2.0,1.0,5.0,2.0,1.0,4.0,1.0,18.0,35
312640,2017,1.0,0.0,0.0,0.0,0.0,5.0,3.0,1.0,6.0,1.0,17.0,32
312640,2018,2.0,0.0,0.0,2.0,1.0,7.0,1.0,1.0,5.0,3.0,22.0,40
312640,2019,2.0,0.0,0.0,0.0,0.0,7.0,2.0,0.0,6.0,0.0,17.0,30
312650,2012,4.0,0.0,0.0,0.0,0.0,3.0,2.0,2.0,4.0,1.0,18.0,46
312650,2013,0.0,0.0,0.0,0.0,0.0,0.0,0.0,0.0,0.0,0.0,29.0,72
312650,2014,1.0,0.0,0.0,0.0,0.0,7.0,3.0,2.0,3.0,2.0,24.0,68
312650,2015,0.0,0.0,0.0,1.0,0.0,6.0,2.0,0.0,2.0,2.0,14.0,47
312650,2016,1.0,0.0,4.0,0.0,1.0,4.0,1.0,0.0,2.0,2.0,18.0,51
312650,2017,1.0,0.0,1.0,0.0,0.0,5.0,1.0,2.0,2.0,0.0,16.0,52
312650,2018,1.0,0.0,0.0,1.0,2.0,6.0,2.0,1.0,3.0,2.0,20.0,72
312650,2019,2.0,0.0,0.0,0.0,0.0,7.0,3.0,4.0,4.0,3.0,24.0,68
312660,2012,4.0,0.0,0.0,0.0,1.0,4.0,2.0,2.0,2.0,1.0,17.0,59
312660,2013,0.0,0.0,0.0,0.0,0.0,0.0,0.0,0.0,0.0,0.0,15.0,51
312660,2014,2.0,0.0,0.0,2.0,2.0,7.0,0.0,3.0,2.0,3.0,22.0,70
312660,2015,3.0,0.0,0.0,1.0,0.0,4.0,0.0,3.0,1.0,4.0,16.0,56
312660,2016,0.0,0.0,4.0,0.0,0.0,6.0,1.0,0.0,2.0,6.0,20.0,49
312660,2017,2.0,0.0,0.0,1.0,1.0,9.0,2.0,2.0,0.0,3.0,22.0,55
312660,2018,1.0,0.0,2.0,0.0,1.0,10.0,1.0,3.0,1.0,4.0,24.0,58
312660,2019,3.0,1.0,0.0,0.0,0.0,10.0,2.0,0.0,5.0,3.0,25.0,54
312670,2012,7.0,2.0,2.0,2.0,2.0,27.0,12.0,5.0,15.0,26.0,130.0,304
312670,2013,0.0,0.0,0.0,0.0,0.0,0.0,0.0,0.0,0.0,0.0,90.0,270
312670,2014,6.0,0.0,0.0,2.0,4.0,33.0,7.0,10.0,13.0,19.0,102.0,245
312670,2015,6.0,0.0,2.0,5.0,1.0,36.0,5.0,6.0,7.0,23.0,95.0,283
312670,2016,6.0,1.0,4.0,3.0,1.0,40.0,6.0,2.0,14.0,19.0,100.0,228
312670,2017,5.0,0.0,10.0,3.0,2.0,30.0,7.0,3.0,16.0,17.0,96.0,237
312670,2018,12.0,1.0,0.0,2.0,5.0,38.0,8.0,24.0,16.0,32.0,139.0,277
312670,2019,7.0,0.0,11.0,7.0,4.0,44.0,20.0,9.0,32.0,14.0,149.0,289
312675,2012,0.0,0.0,0.0,2.0,1.0,6.0,2.0,1.0,2.0,3.0,19.0,70
312675,2013,0.0,0.0,0.0,0.0,0.0,0.0,0.0,0.0,0.0,0.0,15.0,46
312675,2014,3.0,0.0,0.0,0.0,1.0,1.0,4.0,1.0,2.0,3.0,16.0,52
312675,2015,2.0,0.0,0.0,1.0,0.0,4.0,1.0,3.0,1.0,8.0,21.0,55
312675,2016,3.0,0.0,0.0,1.0,0.0,5.0,3.0,4.0,5.0,3.0,24.0,54
312675,2017,0.0,1.0,2.0,0.0,0.0,5.0,2.0,3.0,5.0,8.0,30.0,63
312675,2018,1.0,1.0,3.0,1.0,2.0,10.0,2.0,5.0,8.0,6.0,39.0,62
312675,2019,0.0,0.0,0.0,1.0,1.0,3.0,2.0,5.0,2.0,7.0,22.0,50
312680,2012,2.0,0.0,0.0,0.0,0.0,5.0,2.0,1.0,6.0,3.0,20.0,71
312680,2013,0.0,0.0,0.0,0.0,0.0,0.0,0.0,0.0,0.0,0.0,22.0,80
312680,2014,1.0,1.0,0.0,2.0,1.0,4.0,3.0,5.0,4.0,3.0,26.0,68
312680,2015,2.0,1.0,1.0,0.0,3.0,4.0,2.0,3.0,2.0,3.0,25.0,77
312680,2016,3.0,1.0,0.0,1.0,0.0,10.0,2.0,3.0,4.0,5.0,33.0,70
312680,2017,4.0,0.0,0.0,1.0,1.0,6.0,4.0,2.0,4.0,3.0,27.0,69
312680,2018,6.0,0.0,0.0,1.0,1.0,9.0,0.0,2.0,4.0,3.0,33.0,64
312680,2019,0.0,0.0,0.0,2.0,0.0,10.0,4.0,1.0,5.0,8.0,32.0,86
312690,2012,7.0,0.0,0.0,1.0,1.0,22.0,7.0,3.0,8.0,8.0,63.0,130
312690,2013,0.0,0.0,0.0,0.0,0.0,0.0,0.0,0.0,0.0,0.0,46.0,126
312690,2014,5.0,0.0,4.0,4.0,1.0,19.0,2.0,4.0,5.0,12.0,57.0,107
312690,2015,2.0,1.0,6.0,3.0,1.0,18.0,7.0,3.0,8.0,7.0,59.0,119
312690,2016,5.0,1.0,0.0,0.0,2.0,12.0,5.0,4.0,11.0,2.0,49.0,109
312690,2017,5.0,0.0,2.0,0.0,0.0,12.0,8.0,4.0,9.0,7.0,54.0,117
312690,2018,3.0,0.0,2.0,0.0,1.0,16.0,4.0,1.0,2.0,4.0,36.0,88
312690,2019,2.0,0.0,4.0,1.0,3.0,20.0,1.0,2.0,5.0,4.0,43.0,94
312695,2012,4.0,0.0,0.0,7.0,0.0,4.0,0.0,2.0,2.0,4.0,23.0,55
312695,2013,0.0,0.0,0.0,0.0,0.0,0.0,0.0,0.0,0.0,0.0,22.0,46
312695,2014,1.0,0.0,0.0,2.0,8.0,3.0,1.0,2.0,2.0,2.0,22.0,48
312695,2015,0.0,0.0,2.0,4.0,0.0,2.0,1.0,0.0,1.0,1.0,12.0,31
312695,2016,0.0,0.0,0.0,3.0,0.0,3.0,1.0,0.0,1.0,4.0,12.0,38
312695,2017,1.0,0.0,0.0,1.0,0.0,5.0,1.0,2.0,1.0,1.0,15.0,32
312695,2018,1.0,0.0,0.0,2.0,0.0,3.0,0.0,4.0,3.0,4.0,20.0,38
312695,2019,3.0,0.0,1.0,2.0,0.0,4.0,2.0,5.0,3.0,1.0,23.0,38
312700,2012,11.0,0.0,0.0,3.0,2.0,44.0,3.0,8.0,20.0,29.0,137.0,180
312700,2013,0.0,0.0,0.0,0.0,0.0,0.0,0.0,0.0,0.0,0.0,119.0,168
312700,2014,18.0,0.0,0.0,1.0,3.0,39.0,10.0,9.0,21.0,18.0,119.0,156
312700,2015,16.0,0.0,4.0,4.0,4.0,33.0,2.0,9.0,9.0,30.0,111.0,160
312700,2016,11.0,0.0,0.0,2.0,1.0,38.0,9.0,7.0,9.0,13.0,90.0,130
312700,2017,12.0,0.0,2.0,1.0,0.0,43.0,5.0,11.0,19.0,20.0,113.0,149
312700,2018,18.0,1.0,0.0,1.0,2.0,54.0,7.0,8.0,8.0,22.0,121.0,150
312700,2019,10.0,0.0,2.0,3.0,0.0,39.0,6.0,9.0,11.0,14.0,94.0,134
312705,2012,2.0,0.0,0.0,1.0,0.0,3.0,2.0,2.0,2.0,0.0,12.0,64
312705,2013,0.0,0.0,0.0,0.0,0.0,0.0,0.0,0.0,0.0,0.0,16.0,62
312705,2014,1.0,0.0,0.0,0.0,0.0,3.0,2.0,2.0,3.0,2.0,13.0,56
312705,2015,0.0,0.0,0.0,0.0,1.0,2.0,4.0,1.0,1.0,4.0,14.0,44
312705,2016,1.0,0.0,0.0,1.0,0.0,4.0,1.0,2.0,2.0,4.0,15.0,45
312705,2017,1.0,0.0,0.0,2.0,2.0,5.0,6.0,1.0,4.0,5.0,27.0,64
312705,2018,5.0,0.0,0.0,1.0,2.0,2.0,0.0,1.0,5.0,0.0,16.0,50
312705,2019,1.0,0.0,0.0,0.0,1.0,12.0,0.0,2.0,3.0,1.0,23.0,48
312707,2012,3.0,0.0,0.0,0.0,0.0,4.0,3.0,4.0,3.0,6.0,23.0,69
312707,2013,0.0,0.0,0.0,0.0,0.0,0.0,0.0,0.0,0.0,0.0,21.0,62
312707,2014,1.0,0.0,0.0,0.0,0.0,9.0,1.0,8.0,1.0,5.0,25.0,66
312707,2015,2.0,0.0,0.0,1.0,0.0,6.0,1.0,2.0,2.0,10.0,24.0,63
312707,2016,3.0,0.0,2.0,1.0,0.0,5.0,1.0,1.0,3.0,9.0,27.0,51
312707,2017,1.0,0.0,0.0,1.0,0.0,5.0,3.0,4.0,5.0,2.0,23.0,53
312707,2018,2.0,0.0,0.0,1.0,1.0,8.0,4.0,1.0,3.0,4.0,27.0,50
312707,2019,3.0,0.0,0.0,0.0,2.0,13.0,0.0,2.0,1.0,3.0,25.0,54
312710,2012,38.0,2.0,20.0,22.0,32.0,159.0,12.0,16.0,65.0,113.0,506.0,712
312710,2013,0.0,0.0,0.0,0.0,0.0,0.0,0.0,0.0,0.0,0.0,484.0,683
312710,2014,39.0,2.0,13.0,19.0,13.0,211.0,15.0,38.0,64.0,134.0,552.0,765
312710,2015,47.0,0.0,8.0,11.0,15.0,202.0,16.0,32.0,89.0,97.0,520.0,738
312710,2016,38.0,2.0,6.0,6.0,9.0,197.0,27.0,30.0,81.0,102.0,499.0,698
312710,2017,49.0,2.0,9.0,6.0,8.0,223.0,40.0,32.0,85.0,103.0,558.0,720
312710,2018,54.0,0.0,10.0,16.0,9.0,245.0,41.0,52.0,90.0,97.0,614.0,769
312710,2019,43.0,4.0,16.0,14.0,14.0,250.0,28.0,35.0,85.0,98.0,588.0,767
312720,2012,5.0,1.0,0.0,0.0,1.0,6.0,3.0,0.0,4.0,5.0,25.0,50
312720,2013,0.0,0.0,0.0,0.0,0.0,0.0,0.0,0.0,0.0,0.0,19.0,45
312720,2014,3.0,1.0,0.0,0.0,1.0,3.0,0.0,0.0,3.0,1.0,16.0,48
312720,2015,1.0,0.0,0.0,1.0,0.0,8.0,2.0,2.0,3.0,1.0,19.0,45
312720,2016,4.0,0.0,0.0,0.0,0.0,7.0,0.0,4.0,4.0,3.0,23.0,58
312720,2017,1.0,0.0,0.0,1.0,0.0,9.0,5.0,2.0,5.0,1.0,25.0,49
312720,2018,0.0,0.0,0.0,0.0,1.0,9.0,3.0,1.0,8.0,3.0,27.0,64
312720,2019,1.0,0.0,0.0,1.0,1.0,6.0,2.0,0.0,5.0,1.0,18.0,35
312730,2012,3.0,0.0,2.0,0.0,1.0,19.0,2.0,3.0,5.0,24.0,60.0,104
312730,2013,0.0,0.0,0.0,0.0,0.0,0.0,0.0,0.0,0.0,0.0,53.0,81
312730,2014,2.0,0.0,0.0,0.0,0.0,20.0,3.0,6.0,11.0,6.0,49.0,77
312730,2015,4.0,0.0,0.0,0.0,2.0,16.0,0.0,3.0,6.0,8.0,41.0,78
312730,2016,1.0,0.0,3.0,1.0,0.0,14.0,5.0,2.0,9.0,7.0,46.0,98
312730,2017,3.0,1.0,2.0,0.0,0.0,18.0,1.0,4.0,7.0,10.0,50.0,83
312730,2018,2.0,0.0,2.0,1.0,2.0,21.0,1.0,5.0,8.0,3.0,48.0,94
312730,2019,4.0,0.0,4.0,1.0,0.0,18.0,2.0,1.0,9.0,7.0,46.0,80
312733,2012,0.0,0.0,0.0,1.0,1.0,7.0,7.0,1.0,9.0,6.0,37.0,68
312733,2013,0.0,0.0,0.0,0.0,0.0,0.0,0.0,0.0,0.0,0.0,39.0,68
312733,2014,1.0,1.0,1.0,0.0,0.0,8.0,3.0,5.0,6.0,3.0,29.0,50
312733,2015,0.0,0.0,0.0,0.0,0.0,8.0,2.0,3.0,3.0,4.0,25.0,48
312733,2016,2.0,0.0,0.0,0.0,0.0,4.0,0.0,5.0,1.0,5.0,27.0,50
312733,2017,3.0,0.0,0.0,0.0,1.0,11.0,1.0,7.0,0.0,10.0,37.0,59
312733,2018,5.0,0.0,2.0,1.0,0.0,11.0,1.0,6.0,1.0,5.0,39.0,63
312733,2019,2.0,0.0,2.0,3.0,1.0,12.0,1.0,4.0,1.0,9.0,35.0,72
312735,2012,1.0,1.0,0.0,1.0,0.0,3.0,0.0,0.0,2.0,1.0,10.0,37
312735,2013,0.0,0.0,0.0,0.0,0.0,0.0,0.0,0.0,0.0,0.0,9.0,30
312735,2014,0.0,0.0,0.0,0.0,0.0,5.0,1.0,3.0,1.0,3.0,13.0,39
312735,2015,0.0,0.0,0.0,0.0,0.0,4.0,0.0,1.0,0.0,0.0,5.0,18
312735,2016,0.0,0.0,2.0,0.0,0.0,5.0,1.0,1.0,2.0,0.0,12.0,22
312735,2017,3.0,0.0,0.0,0.0,1.0,1.0,0.0,0.0,2.0,2.0,9.0,24
312735,2018,2.0,0.0,0.0,1.0,1.0,3.0,3.0,0.0,0.0,1.0,11.0,34
312735,2019,2.0,1.0,0.0,1.0,0.0,7.0,3.0,2.0,1.0,1.0,19.0,36
312737,2012,1.0,0.0,0.0,4.0,0.0,7.0,0.0,2.0,0.0,11.0,29.0,51
312737,2013,0.0,0.0,0.0,0.0,0.0,0.0,0.0,0.0,0.0,0.0,31.0,41
312737,2014,3.0,0.0,0.0,0.0,1.0,9.0,4.0,0.0,5.0,10.0,32.0,44
312737,2015,0.0,2.0,0.0,0.0,3.0,11.0,0.0,3.0,2.0,3.0,24.0,36
312737,2016,1.0,0.0,0.0,1.0,0.0,5.0,2.0,2.0,5.0,6.0,23.0,34
312737,2017,2.0,1.0,2.0,0.0,1.0,19.0,0.0,2.0,1.0,14.0,43.0,51
312737,2018,0.0,0.0,0.0,0.0,1.0,13.0,0.0,2.0,5.0,7.0,28.0,46
312737,2019,1.0,0.0,0.0,0.0,2.0,15.0,1.0,1.0,4.0,3.0,27.0,34
312738,2012,2.0,1.0,1.0,0.0,0.0,4.0,1.0,0.0,3.0,1.0,14.0,27
312738,2013,0.0,0.0,0.0,0.0,0.0,0.0,0.0,0.0,0.0,0.0,10.0,26
312738,2014,2.0,0.0,0.0,0.0,0.0,8.0,0.0,0.0,4.0,3.0,17.0,31
312738,2015,0.0,0.0,2.0,1.0,0.0,5.0,1.0,0.0,3.0,1.0,15.0,28
312738,2016,0.0,0.0,0.0,1.0,1.0,3.0,1.0,0.0,6.0,1.0,13.0,30
312738,2017,2.0,0.0,0.0,0.0,0.0,8.0,0.0,0.0,7.0,2.0,19.0,33
312738,2018,1.0,0.0,0.0,0.0,1.0,5.0,0.0,1.0,3.0,0.0,11.0,29
312738,2019,3.0,0.0,0.0,1.0,0.0,6.0,3.0,1.0,7.0,3.0,24.0,40
312740,2012,0.0,0.0,0.0,3.0,2.0,6.0,4.0,0.0,5.0,1.0,33.0,40
312740,2013,0.0,0.0,0.0,0.0,0.0,0.0,0.0,0.0,0.0,0.0,26.0,39
312740,2014,3.0,1.0,0.0,4.0,3.0,7.0,0.0,0.0,2.0,0.0,27.0,33
312740,2015,2.0,0.0,0.0,3.0,2.0,9.0,2.0,0.0,7.0,2.0,28.0,42
312740,2016,3.0,0.0,0.0,2.0,0.0,6.0,2.0,1.0,4.0,1.0,20.0,30
312740,2017,3.0,1.0,0.0,2.0,1.0,10.0,1.0,0.0,6.0,2.0,26.0,33
312740,2018,1.0,0.0,2.0,1.0,2.0,9.0,4.0,0.0,8.0,0.0,29.0,35
312740,2019,1.0,0.0,2.0,2.0,2.0,6.0,0.0,1.0,4.0,2.0,20.0,31
312750,2012,1.0,0.0,2.0,1.0,0.0,12.0,4.0,4.0,11.0,4.0,40.0,95
312750,2013,0.0,0.0,0.0,0.0,0.0,0.0,0.0,0.0,0.0,0.0,43.0,90
312750,2014,2.0,0.0,3.0,2.0,0.0,6.0,1.0,5.0,14.0,13.0,48.0,82
312750,2015,2.0,0.0,2.0,2.0,0.0,16.0,4.0,4.0,11.0,6.0,51.0,96
312750,2016,5.0,0.0,2.0,2.0,1.0,13.0,3.0,3.0,6.0,6.0,45.0,79
312750,2017,2.0,0.0,0.0,1.0,0.0,9.0,2.0,0.0,14.0,2.0,31.0,75
312750,2018,4.0,0.0,2.0,2.0,0.0,11.0,2.0,5.0,4.0,3.0,34.0,65
312750,2019,2.0,0.0,2.0,0.0,1.0,7.0,7.0,2.0,6.0,4.0,32.0,71
312760,2012,6.0,1.0,2.0,0.0,0.0,15.0,2.0,2.0,18.0,16.0,64.0,150
312760,2013,0.0,0.0,0.0,0.0,0.0,0.0,0.0,0.0,0.0,0.0,62.0,139
312760,2014,8.0,0.0,2.0,1.0,2.0,16.0,9.0,3.0,12.0,7.0,67.0,141
312760,2015,4.0,1.0,4.0,3.0,3.0,15.0,10.0,4.0,18.0,6.0,76.0,126
312760,2016,2.0,0.0,4.0,4.0,1.0,18.0,11.0,0.0,18.0,3.0,64.0,133
312760,2017,10.0,1.0,2.0,4.0,2.0,17.0,7.0,1.0,15.0,8.0,70.0,148
312760,2018,1.0,0.0,0.0,1.0,2.0,21.0,5.0,2.0,12.0,3.0,50.0,119
312760,2019,8.0,1.0,0.0,1.0,1.0,16.0,7.0,2.0,12.0,3.0,51.0,132
312770,2012,187.0,7.0,60.0,45.0,65.0,693.0,199.0,134.0,520.0,388.0,2394.0,3754
312770,2013,0.0,0.0,0.0,0.0,0.0,0.0,0.0,0.0,0.0,0.0,2432.0,3749
312770,2014,152.0,9.0,94.0,53.0,48.0,791.0,216.0,166.0,532.0,426.0,2572.0,3987
312770,2015,160.0,28.0,79.0,53.0,46.0,878.0,162.0,94.0,507.0,345.0,2464.0,4023
312770,2016,157.0,20.0,53.0,41.0,39.0,900.0,274.0,55.0,658.0,153.0,2439.0,3904
312770,2017,134.0,14.0,80.0,34.0,27.0,938.0,252.0,65.0,549.0,150.0,2513.0,3946
312770,2018,157.0,14.0,72.0,35.0,27.0,988.0,264.0,108.0,605.0,284.0,2697.0,4055
312770,2019,133.0,13.0,69.0,41.0,32.0,977.0,196.0,106.0,448.0,288.0,2304.0,3866
312780,2012,5.0,0.0,2.0,1.0,2.0,14.0,3.0,1.0,7.0,10.0,49.0,167
312780,2013,0.0,0.0,0.0,0.0,0.0,0.0,0.0,0.0,0.0,0.0,50.0,182
312780,2014,3.0,0.0,2.0,3.0,3.0,11.0,5.0,6.0,9.0,11.0,54.0,183
312780,2015,2.0,0.0,0.0,1.0,2.0,18.0,3.0,4.0,6.0,13.0,51.0,186
312780,2016,6.0,0.0,2.0,1.0,0.0,15.0,1.0,4.0,8.0,10.0,50.0,154
312780,2017,5.0,0.0,4.0,2.0,0.0,15.0,2.0,3.0,9.0,9.0,52.0,151
312780,2018,2.0,0.0,0.0,1.0,0.0,13.0,6.0,11.0,8.0,14.0,57.0,143
312780,2019,7.0,0.0,4.0,4.0,1.0,13.0,10.0,9.0,12.0,18.0,78.0,167
312790,2012,1.0,1.0,0.0,0.0,0.0,2.0,0.0,1.0,0.0,3.0,8.0,11
312790,2013,0.0,0.0,0.0,0.0,0.0,0.0,0.0,0.0,0.0,0.0,5.0,8
312790,2014,0.0,0.0,0.0,0.0,1.0,3.0,2.0,2.0,0.0,3.0,11.0,13
312790,2015,1.0,0.0,0.0,0.0,1.0,2.0,1.0,0.0,1.0,2.0,8.0,15
312790,2016,1.0,0.0,0.0,0.0,0.0,2.0,0.0,0.0,2.0,1.0,6.0,13
312790,2017,0.0,0.0,0.0,0.0,0.0,3.0,0.0,0.0,0.0,2.0,5.0,5
312790,2018,0.0,0.0,0.0,0.0,0.0,5.0,0.0,0.0,0.0,4.0,9.0,11
312790,2019,1.0,0.0,0.0,0.0,2.0,5.0,0.0,0.0,2.0,1.0,11.0,11
312800,2012,19.0,1.0,6.0,2.0,7.0,42.0,7.0,12.0,38.0,31.0,170.0,441
312800,2013,0.0,0.0,0.0,0.0,0.0,0.0,0.0,0.0,0.0,0.0,160.0,409
312800,2014,11.0,2.0,11.0,7.0,10.0,62.0,23.0,9.0,45.0,30.0,216.0,474
312800,2015,13.0,1.0,4.0,5.0,8.0,54.0,25.0,23.0,36.0,32.0,202.0,435
312800,2016,16.0,1.0,4.0,5.0,9.0,59.0,24.0,14.0,51.0,37.0,226.0,448
312800,2017,7.0,1.0,0.0,9.0,5.0,70.0,17.0,13.0,57.0,40.0,222.0,469
312800,2018,11.0,1.0,8.0,3.0,7.0,65.0,20.0,10.0,26.0,27.0,185.0,442
312800,2019,7.0,1.0,2.0,10.0,4.0,72.0,15.0,13.0,34.0,35.0,195.0,453
312810,2012,7.0,0.0,1.0,1.0,0.0,30.0,7.0,3.0,21.0,9.0,82.0,132
312810,2013,0.0,0.0,0.0,0.0,0.0,0.0,0.0,0.0,0.0,0.0,90.0,146
312810,2014,3.0,0.0,4.0,3.0,1.0,27.0,4.0,3.0,17.0,6.0,77.0,132
312810,2015,5.0,0.0,8.0,1.0,4.0,22.0,7.0,1.0,19.0,6.0,76.0,129
312810,2016,10.0,1.0,2.0,8.0,4.0,26.0,10.0,3.0,23.0,8.0,95.0,157
312810,2017,13.0,0.0,6.0,9.0,4.0,26.0,5.0,0.0,14.0,2.0,81.0,133
312810,2018,4.0,0.0,0.0,3.0,4.0,26.0,2.0,1.0,28.0,7.0,77.0,144
312810,2019,4.0,0.0,0.0,7.0,9.0,30.0,7.0,4.0,22.0,8.0,91.0,142
312820,2012,4.0,0.0,2.0,1.0,0.0,1.0,2.0,1.0,9.0,2.0,28.0,75
312820,2013,0.0,0.0,0.0,0.0,0.0,0.0,0.0,0.0,0.0,0.0,40.0,88
312820,2014,3.0,0.0,3.0,3.0,1.0,12.0,11.0,1.0,15.0,0.0,50.0,104
312820,2015,6.0,0.0,0.0,1.0,0.0,10.0,8.0,1.0,18.0,2.0,46.0,85
312820,2016,7.0,0.0,4.0,1.0,0.0,14.0,8.0,0.0,11.0,4.0,51.0,95
312820,2017,1.0,1.0,0.0,1.0,0.0,12.0,6.0,3.0,6.0,6.0,36.0,84
312820,2018,6.0,0.0,3.0,2.0,1.0,17.0,5.0,1.0,15.0,0.0,50.0,87
312820,2019,5.0,0.0,6.0,4.0,0.0,13.0,11.0,0.0,18.0,2.0,60.0,100
312825,2012,1.0,0.0,0.0,1.0,0.0,5.0,3.0,1.0,4.0,2.0,20.0,63
312825,2013,0.0,0.0,0.0,0.0,0.0,0.0,0.0,0.0,0.0,0.0,17.0,62
312825,2014,4.0,0.0,0.0,2.0,0.0,6.0,2.0,1.0,3.0,6.0,26.0,69
312825,2015,1.0,0.0,0.0,0.0,1.0,7.0,0.0,1.0,3.0,4.0,17.0,65
312825,2016,2.0,0.0,0.0,2.0,0.0,5.0,1.0,2.0,3.0,7.0,22.0,58
312825,2017,1.0,0.0,2.0,0.0,0.0,9.0,2.0,2.0,3.0,3.0,25.0,50
312825,2018,2.0,0.0,0.0,2.0,0.0,6.0,2.0,2.0,2.0,6.0,23.0,54
312825,2019,0.0,0.0,2.0,0.0,0.0,7.0,2.0,3.0,2.0,5.0,22.0,62
312830,2012,14.0,1.0,4.0,3.0,6.0,37.0,7.0,3.0,38.0,17.0,140.0,241
312830,2013,0.0,0.0,0.0,0.0,0.0,0.0,0.0,0.0,0.0,0.0,128.0,209
312830,2014,8.0,0.0,4.0,2.0,5.0,48.0,9.0,8.0,27.0,30.0,143.0,233
312830,2015,10.0,0.0,6.0,5.0,2.0,43.0,7.0,8.0,27.0,23.0,131.0,210
312830,2016,13.0,2.0,3.0,3.0,2.0,49.0,10.0,14.0,27.0,26.0,149.0,220
312830,2017,14.0,0.0,4.0,5.0,6.0,58.0,15.0,10.0,28.0,32.0,173.0,229
312830,2018,18.0,0.0,4.0,4.0,4.0,48.0,10.0,35.0,26.0,38.0,190.0,238
312830,2019,29.0,1.0,2.0,5.0,5.0,49.0,28.0,17.0,53.0,27.0,217.0,239
312840,2012,6.0,0.0,2.0,0.0,1.0,23.0,6.0,5.0,13.0,15.0,73.0,127
312840,2013,0.0,0.0,0.0,0.0,0.0,0.0,0.0,0.0,0.0,0.0,79.0,123
312840,2014,6.0,0.0,0.0,0.0,2.0,23.0,9.0,4.0,14.0,9.0,68.0,90
312840,2015,7.0,0.0,4.0,0.0,0.0,16.0,9.0,4.0,6.0,9.0,60.0,87
312840,2016,3.0,0.0,2.0,0.0,1.0,18.0,1.0,6.0,0.0,17.0,48.0,81
312840,2017,9.0,0.0,2.0,2.0,0.0,15.0,1.0,4.0,6.0,20.0,59.0,89
312840,2018,4.0,0.0,2.0,2.0,1.0,28.0,1.0,4.0,4.0,21.0,68.0,98
312840,2019,2.0,0.0,0.0,0.0,1.0,25.0,4.0,3.0,6.0,22.0,63.0,95
312850,2012,3.0,0.0,0.0,2.0,0.0,6.0,2.0,1.0,8.0,1.0,27.0,54
312850,2013,0.0,0.0,0.0,0.0,0.0,0.0,0.0,0.0,0.0,0.0,20.0,48
312850,2014,4.0,1.0,0.0,1.0,1.0,6.0,3.0,1.0,4.0,1.0,22.0,40
312850,2015,1.0,0.0,0.0,1.0,2.0,4.0,2.0,1.0,6.0,1.0,18.0,43
312850,2016,2.0,0.0,2.0,0.0,0.0,6.0,0.0,1.0,2.0,0.0,14.0,31
312850,2017,4.0,0.0,1.0,0.0,0.0,4.0,2.0,0.0,3.0,2.0,17.0,36
312850,2018,2.0,0.0,0.0,0.0,0.0,7.0,0.0,1.0,5.0,1.0,16.0,35
312850,2019,1.0,0.0,2.0,0.0,0.0,3.0,1.0,0.0,3.0,0.0,11.0,36
312860,2012,2.0,0.0,0.0,2.0,0.0,4.0,2.0,0.0,3.0,1.0,16.0,39
312860,2013,0.0,0.0,0.0,0.0,0.0,0.0,0.0,0.0,0.0,0.0,32.0,69
312860,2014,4.0,1.0,0.0,1.0,0.0,24.0,5.0,3.0,8.0,6.0,57.0,104
312860,2015,5.0,0.0,0.0,2.0,2.0,14.0,5.0,1.0,11.0,11.0,52.0,83
312860,2016,7.0,0.0,2.0,0.0,0.0,17.0,5.0,1.0,7.0,7.0,49.0,87
312860,2017,6.0,1.0,0.0,7.0,2.0,21.0,4.0,0.0,9.0,6.0,59.0,99
312860,2018,6.0,1.0,2.0,4.0,2.0,16.0,9.0,1.0,13.0,2.0,56.0,80
312860,2019,3.0,0.0,2.0,1.0,1.0,26.0,3.0,2.0,2.0,2.0,42.0,85
312870,2012,63.0,1.0,14.0,7.0,8.0,131.0,28.0,9.0,124.0,56.0,450.0,632
312870,2013,0.0,0.0,0.0,0.0,0.0,0.0,0.0,0.0,0.0,0.0,447.0,593
312870,2014,32.0,0.0,15.0,16.0,12.0,162.0,44.0,9.0,164.0,36.0,492.0,655
312870,2015,35.0,0.0,15.0,14.0,14.0,144.0,49.0,14.0,142.0,29.0,458.0,627
312870,2016,38.0,0.0,12.0,13.0,5.0,163.0,43.0,18.0,140.0,28.0,460.0,632
312870,2017,39.0,1.0,10.0,9.0,12.0,165.0,42.0,11.0,165.0,55.0,509.0,676
312870,2018,34.0,0.0,6.0,12.0,15.0,165.0,29.0,19.0,112.0,71.0,463.0,582
312870,2019,38.0,0.0,15.0,8.0,17.0,181.0,50.0,14.0,103.0,49.0,476.0,585
312880,2012,13.0,0.0,0.0,0.0,0.0,16.0,1.0,3.0,2.0,27.0,64.0,67
312880,2013,0.0,0.0,0.0,0.0,0.0,0.0,0.0,0.0,0.0,0.0,88.0,96
312880,2014,7.0,0.0,0.0,0.0,2.0,17.0,3.0,7.0,11.0,15.0,64.0,70
312880,2015,5.0,0.0,0.0,1.0,0.0,24.0,1.0,5.0,5.0,31.0,74.0,82
312880,2016,7.0,0.0,0.0,0.0,0.0,19.0,0.0,2.0,2.0,21.0,52.0,71
312880,2017,8.0,0.0,2.0,3.0,0.0,31.0,1.0,4.0,3.0,19.0,72.0,79
312880,2018,8.0,0.0,0.0,0.0,0.0,21.0,0.0,1.0,3.0,22.0,56.0,69
312880,2019,1.0,0.0,2.0,0.0,2.0,23.0,0.0,7.0,2.0,26.0,63.0,77
312890,2012,6.0,0.0,0.0,0.0,0.0,11.0,5.0,1.0,10.0,7.0,44.0,79
312890,2013,0.0,0.0,0.0,0.0,0.0,0.0,0.0,0.0,0.0,0.0,49.0,82
312890,2014,5.0,0.0,2.0,0.0,1.0,12.0,5.0,1.0,8.0,8.0,43.0,73
312890,2015,4.0,1.0,1.0,0.0,0.0,19.0,4.0,4.0,12.0,9.0,55.0,90
312890,2016,8.0,1.0,0.0,3.0,0.0,15.0,2.0,2.0,16.0,7.0,54.0,94
312890,2017,1.0,0.0,1.0,1.0,1.0,21.0,2.0,3.0,13.0,7.0,50.0,101
312890,2018,5.0,0.0,2.0,0.0,2.0,35.0,6.0,5.0,7.0,5.0,67.0,109
312890,2019,3.0,0.0,4.0,3.0,0.0,32.0,5.0,3.0,12.0,5.0,67.0,106
312900,2012,8.0,0.0,6.0,2.0,3.0,31.0,2.0,5.0,22.0,5.0,90.0,98
312900,2013,0.0,0.0,0.0,0.0,0.0,0.0,0.0,0.0,0.0,0.0,66.0,71
312900,2014,4.0,1.0,5.0,1.0,0.0,13.0,7.0,1.0,20.0,3.0,55.0,64
312900,2015,7.0,0.0,0.0,0.0,0.0,18.0,4.0,0.0,18.0,2.0,50.0,59
312900,2016,3.0,0.0,0.0,0.0,0.0,21.0,4.0,2.0,12.0,7.0,50.0,53
312900,2017,5.0,0.0,0.0,2.0,0.0,23.0,4.0,2.0,18.0,9.0,64.0,74
312900,2018,1.0,0.0,0.0,2.0,2.0,28.0,4.0,3.0,14.0,7.0,62.0,67
312900,2019,6.0,0.0,3.0,0.0,0.0,30.0,4.0,4.0,10.0,13.0,71.0,79
312910,2012,4.0,0.0,0.0,0.0,1.0,6.0,0.0,0.0,4.0,3.0,30.0,39
312910,2013,0.0,0.0,0.0,0.0,0.0,0.0,0.0,0.0,0.0,0.0,32.0,43
312910,2014,0.0,1.0,2.0,2.0,2.0,7.0,0.0,3.0,3.0,5.0,28.0,34
312910,2015,0.0,0.0,0.0,1.0,0.0,8.0,2.0,1.0,3.0,2.0,20.0,32
312910,2016,3.0,0.0,0.0,0.0,0.0,6.0,2.0,2.0,2.0,1.0,18.0,28
312910,2017,3.0,0.0,2.0,0.0,0.0,6.0,3.0,3.0,4.0,1.0,23.0,31
312910,2018,1.0,0.0,2.0,0.0,1.0,12.0,1.0,2.0,3.0,6.0,28.0,30
312910,2019,0.0,1.0,0.0,3.0,0.0,11.0,0.0,1.0,3.0,1.0,20.0,31
312920,2012,4.0,0.0,2.0,0.0,3.0,5.0,3.0,2.0,16.0,7.0,42.0,76
312920,2013,0.0,0.0,0.0,0.0,0.0,0.0,0.0,0.0,0.0,0.0,32.0,55
312920,2014,3.0,0.0,1.0,1.0,0.0,11.0,1.0,2.0,6.0,6.0,32.0,68
312920,2015,1.0,0.0,0.0,0.0,3.0,8.0,1.0,3.0,4.0,1.0,22.0,53
312920,2016,3.0,1.0,2.0,1.0,0.0,7.0,3.0,3.0,7.0,4.0,31.0,59
312920,2017,7.0,0.0,0.0,3.0,1.0,16.0,2.0,2.0,8.0,6.0,48.0,74
312920,2018,3.0,0.0,0.0,2.0,2.0,12.0,5.0,1.0,4.0,2.0,32.0,55
312920,2019,4.0,0.0,0.0,0.0,1.0,12.0,3.0,1.0,8.0,1.0,34.0,61
312930,2012,6.0,0.0,0.0,5.0,1.0,23.0,5.0,1.0,12.0,10.0,67.0,128
312930,2013,0.0,0.0,0.0,0.0,0.0,0.0,0.0,0.0,0.0,0.0,56.0,119
312930,2014,2.0,0.0,0.0,3.0,3.0,17.0,4.0,5.0,18.0,4.0,60.0,116
312930,2015,4.0,0.0,3.0,4.0,3.0,15.0,3.0,4.0,15.0,6.0,58.0,115
312930,2016,7.0,0.0,0.0,0.0,4.0,20.0,6.0,2.0,16.0,7.0,62.0,139
312930,2017,2.0,0.0,0.0,3.0,0.0,26.0,1.0,0.0,12.0,5.0,49.0,122
312930,2018,3.0,0.0,2.0,2.0,2.0,28.0,8.0,3.0,9.0,2.0,59.0,140
312930,2019,5.0,0.0,2.0,2.0,1.0,25.0,6.0,0.0,17.0,4.0,62.0,119
312940,2012,2.0,1.0,0.0,3.0,8.0,4.0,4.0,2.0,3.0,0.0,29.0,54
312940,2013,0.0,0.0,0.0,0.0,0.0,0.0,0.0,0.0,0.0,0.0,46.0,60
312940,2014,5.0,0.0,0.0,8.0,11.0,6.0,2.0,1.0,14.0,5.0,54.0,78
312940,2015,4.0,0.0,1.0,9.0,5.0,6.0,3.0,0.0,2.0,7.0,37.0,52
312940,2016,1.0,0.0,4.0,5.0,3.0,10.0,5.0,2.0,5.0,2.0,41.0,71
312940,2017,4.0,0.0,1.0,7.0,1.0,11.0,2.0,4.0,4.0,5.0,40.0,66
312940,2018,6.0,0.0,0.0,2.0,1.0,22.0,2.0,1.0,10.0,2.0,47.0,66
312940,2019,2.0,0.0,2.0,0.0,1.0,13.0,2.0,1.0,7.0,6.0,34.0,56
312950,2012,25.0,0.0,4.0,4.0,2.0,49.0,4.0,8.0,35.0,23.0,158.0,232
312950,2013,0.0,0.0,0.0,0.0,0.0,0.0,0.0,0.0,0.0,0.0,203.0,280
312950,2014,22.0,0.0,0.0,4.0,2.0,81.0,11.0,8.0,37.0,12.0,183.0,267
312950,2015,23.0,0.0,10.0,7.0,3.0,52.0,16.0,7.0,46.0,17.0,192.0,266
312950,2016,11.0,0.0,1.0,8.0,2.0,50.0,18.0,10.0,38.0,21.0,161.0,261
312950,2017,12.0,0.0,6.0,11.0,6.0,73.0,10.0,8.0,34.0,23.0,185.0,288
312950,2018,14.0,0.0,7.0,7.0,8.0,84.0,13.0,8.0,40.0,31.0,214.0,301
312950,2019,14.0,1.0,12.0,7.0,5.0,85.0,15.0,11.0,40.0,24.0,216.0,280
312960,2012,5.0,1.0,0.0,1.0,1.0,19.0,2.0,0.0,2.0,5.0,38.0,100
312960,2013,0.0,0.0,0.0,0.0,0.0,0.0,0.0,0.0,0.0,0.0,46.0,110
312960,2014,3.0,0.0,2.0,1.0,1.0,19.0,4.0,2.0,7.0,10.0,49.0,110
312960,2015,9.0,0.0,2.0,2.0,0.0,15.0,4.0,1.0,8.0,5.0,46.0,113
312960,2016,4.0,0.0,0.0,0.0,1.0,12.0,8.0,1.0,4.0,0.0,30.0,88
312960,2017,5.0,1.0,3.0,3.0,1.0,20.0,9.0,0.0,6.0,3.0,51.0,105
312960,2018,4.0,0.0,2.0,3.0,0.0,26.0,7.0,3.0,8.0,4.0,57.0,117
312960,2019,4.0,0.0,0.0,2.0,1.0,25.0,4.0,3.0,7.0,4.0,50.0,97
312965,2012,2.0,0.0,0.0,2.0,2.0,5.0,2.0,2.0,3.0,6.0,24.0,70
312965,2013,0.0,0.0,0.0,0.0,0.0,0.0,0.0,0.0,0.0,0.0,26.0,74
312965,2014,1.0,0.0,4.0,0.0,0.0,10.0,3.0,4.0,4.0,7.0,34.0,83
312965,2015,5.0,0.0,4.0,1.0,1.0,8.0,4.0,2.0,0.0,5.0,30.0,80
312965,2016,4.0,0.0,0.0,1.0,1.0,6.0,1.0,2.0,4.0,1.0,20.0,57
312965,2017,2.0,1.0,0.0,0.0,1.0,14.0,1.0,1.0,3.0,9.0,32.0,83
312965,2018,2.0,0.0,4.0,4.0,0.0,11.0,0.0,3.0,2.0,6.0,32.0,64
312965,2019,2.0,0.0,2.0,0.0,0.0,19.0,0.0,3.0,4.0,4.0,34.0,73
312970,2012,6.0,1.0,4.0,1.0,1.0,9.0,4.0,1.0,11.0,4.0,52.0,160
312970,2013,0.0,0.0,0.0,0.0,0.0,0.0,0.0,0.0,0.0,0.0,66.0,164
312970,2014,2.0,1.0,2.0,2.0,0.0,17.0,4.0,3.0,7.0,8.0,48.0,116
312970,2015,5.0,0.0,1.0,4.0,1.0,19.0,6.0,0.0,10.0,11.0,61.0,128
312970,2016,7.0,0.0,2.0,1.0,2.0,23.0,1.0,3.0,26.0,9.0,75.0,149
312970,2017,4.0,0.0,0.0,5.0,1.0,24.0,8.0,2.0,16.0,22.0,85.0,149
312970,2018,3.0,0.0,4.0,0.0,4.0,22.0,11.0,4.0,19.0,11.0,78.0,142
312970,2019,6.0,0.0,0.0,1.0,1.0,32.0,8.0,4.0,12.0,11.0,75.0,150
312980,2012,154.0,3.0,49.0,24.0,23.0,361.0,61.0,37.0,265.0,149.0,1155.0,2626
312980,2013,0.0,0.0,0.0,0.0,0.0,0.0,0.0,0.0,0.0,0.0,1192.0,2674
312980,2014,110.0,2.0,41.0,32.0,26.0,377.0,138.0,29.0,363.0,96.0,1224.0,2759
312980,2015,84.0,2.0,38.0,30.0,34.0,384.0,128.0,25.0,325.0,61.0,1120.0,2743
312980,2016,93.0,4.0,46.0,24.0,28.0,364.0,136.0,21.0,294.0,62.0,1074.0,2601
312980,2017,96.0,1.0,33.0,41.0,19.0,415.0,116.0,37.0,270.0,53.0,1083.0,2556
312980,2018,113.0,1.0,44.0,37.0,35.0,394.0,118.0,33.0,278.0,66.0,1120.0,2597
312980,2019,107.0,1.0,42.0,32.0,41.0,402.0,139.0,37.0,250.0,53.0,1108.0,2495
312990,2012,1.0,0.0,2.0,0.0,0.0,12.0,1.0,0.0,7.0,1.0,24.0,31
312990,2013,0.0,0.0,0.0,0.0,0.0,0.0,0.0,0.0,0.0,0.0,27.0,35
312990,2014,2.0,0.0,2.0,0.0,1.0,11.0,3.0,1.0,6.0,2.0,30.0,34
312990,2015,1.0,0.0,1.0,2.0,3.0,11.0,0.0,1.0,6.0,5.0,30.0,35
312990,2016,1.0,0.0,2.0,0.0,0.0,6.0,0.0,1.0,9.0,6.0,26.0,29
312990,2017,1.0,0.0,2.0,0.0,1.0,16.0,5.0,0.0,9.0,4.0,39.0,53
312990,2018,1.0,0.0,0.0,0.0,0.0,9.0,3.0,1.0,8.0,1.0,24.0,33
312990,2019,1.0,0.0,0.0,0.0,0.0,10.0,1.0,3.0,6.0,4.0,25.0,32
313000,2012,1.0,0.0,0.0,0.0,1.0,5.0,1.0,0.0,5.0,3.0,16.0,25
313000,2013,0.0,0.0,0.0,0.0,0.0,0.0,0.0,0.0,0.0,0.0,21.0,33
313000,2014,2.0,0.0,0.0,0.0,0.0,5.0,0.0,1.0,3.0,2.0,23.0,36
313000,2015,1.0,0.0,0.0,0.0,0.0,8.0,1.0,0.0,3.0,0.0,17.0,28
313000,2016,2.0,0.0,0.0,1.0,0.0,2.0,0.0,1.0,2.0,2.0,11.0,19
313000,2017,1.0,0.0,0.0,0.0,0.0,7.0,1.0,1.0,1.0,4.0,16.0,24
313000,2018,2.0,1.0,0.0,0.0,1.0,10.0,1.0,1.0,1.0,2.0,20.0,28
313000,2019,1.0,0.0,0.0,0.0,0.0,4.0,1.0,0.0,3.0,2.0,11.0,18
313005,2012,8.0,2.0,3.0,0.0,0.0,14.0,1.0,1.0,7.0,9.0,48.0,149
313005,2013,0.0,0.0,0.0,0.0,0.0,0.0,0.0,0.0,0.0,0.0,51.0,138
313005,2014,4.0,0.0,2.0,0.0,0.0,21.0,3.0,8.0,7.0,12.0,58.0,149
313005,2015,2.0,0.0,0.0,4.0,1.0,12.0,5.0,6.0,6.0,11.0,47.0,110
313005,2016,6.0,0.0,0.0,2.0,1.0,16.0,0.0,7.0,11.0,7.0,50.0,115
313005,2017,5.0,0.0,0.0,3.0,1.0,14.0,6.0,3.0,6.0,10.0,48.0,112
313005,2018,6.0,0.0,2.0,6.0,1.0,21.0,9.0,4.0,6.0,13.0,68.0,129
313005,2019,1.0,1.0,0.0,3.0,0.0,19.0,2.0,5.0,4.0,14.0,49.0,116
313010,2012,14.0,0.0,6.0,10.0,8.0,61.0,12.0,7.0,44.0,22.0,237.0,572
313010,2013,0.0,0.0,0.0,0.0,0.0,0.0,0.0,0.0,0.0,0.0,268.0,616
313010,2014,23.0,1.0,8.0,10.0,8.0,67.0,23.0,8.0,85.0,17.0,254.0,587
313010,2015,21.0,0.0,7.0,11.0,12.0,85.0,29.0,17.0,53.0,18.0,258.0,631
313010,2016,19.0,4.0,8.0,12.0,8.0,68.0,22.0,12.0,67.0,18.0,241.0,562
313010,2017,12.0,1.0,4.0,7.0,5.0,77.0,31.0,9.0,63.0,19.0,237.0,566
313010,2018,20.0,2.0,16.0,15.0,11.0,100.0,28.0,14.0,58.0,19.0,283.0,619
313010,2019,19.0,0.0,18.0,12.0,8.0,105.0,21.0,10.0,50.0,18.0,264.0,600
313020,2012,4.0,0.0,1.0,1.0,1.0,27.0,3.0,1.0,22.0,2.0,64.0,111
313020,2013,0.0,0.0,0.0,0.0,0.0,0.0,0.0,0.0,0.0,0.0,85.0,152
313020,2014,5.0,0.0,4.0,0.0,0.0,19.0,7.0,4.0,16.0,17.0,73.0,121
313020,2015,8.0,0.0,2.0,5.0,1.0,20.0,7.0,1.0,18.0,2.0,64.0,115
313020,2016,6.0,0.0,0.0,2.0,4.0,25.0,7.0,0.0,16.0,5.0,66.0,122
313020,2017,4.0,0.0,3.0,3.0,3.0,34.0,6.0,1.0,12.0,10.0,76.0,135
313020,2018,7.0,0.0,2.0,1.0,1.0,32.0,6.0,3.0,21.0,7.0,80.0,123
313020,2019,4.0,0.0,2.0,1.0,1.0,26.0,4.0,3.0,15.0,10.0,66.0,131
313030,2012,4.0,0.0,0.0,0.0,3.0,7.0,3.0,0.0,9.0,6.0,39.0,64
313030,2013,0.0,0.0,0.0,0.0,0.0,0.0,0.0,0.0,0.0,0.0,39.0,63
313030,2014,3.0,0.0,0.0,0.0,0.0,20.0,8.0,2.0,13.0,10.0,56.0,87
313030,2015,6.0,1.0,2.0,0.0,0.0,15.0,9.0,4.0,8.0,1.0,46.0,73
313030,2016,4.0,1.0,3.0,0.0,0.0,15.0,3.0,2.0,13.0,7.0,49.0,82
313030,2017,4.0,0.0,0.0,2.0,2.0,12.0,5.0,1.0,12.0,3.0,41.0,73
313030,2018,4.0,0.0,0.0,1.0,0.0,23.0,1.0,1.0,18.0,1.0,50.0,86
313030,2019,5.0,0.0,2.0,0.0,1.0,18.0,5.0,0.0,15.0,3.0,49.0,71
313040,2012,3.0,0.0,2.0,1.0,0.0,13.0,4.0,3.0,14.0,13.0,56.0,76
313040,2013,0.0,0.0,0.0,0.0,0.0,0.0,0.0,0.0,0.0,0.0,42.0,73
313040,2014,1.0,0.0,0.0,1.0,1.0,21.0,1.0,5.0,10.0,8.0,48.0,82
313040,2015,2.0,1.0,0.0,0.0,2.0,16.0,5.0,4.0,9.0,4.0,44.0,75
313040,2016,6.0,5.0,0.0,0.0,1.0,18.0,4.0,2.0,12.0,4.0,52.0,78
313040,2017,5.0,1.0,0.0,1.0,1.0,20.0,0.0,1.0,5.0,8.0,42.0,80
313040,2018,6.0,1.0,0.0,1.0,0.0,15.0,10.0,3.0,25.0,2.0,63.0,88
313040,2019,6.0,0.0,2.0,0.0,0.0,22.0,10.0,1.0,13.0,3.0,57.0,89
313050,2012,5.0,0.0,4.0,1.0,0.0,41.0,4.0,4.0,13.0,30.0,104.0,160
313050,2013,0.0,0.0,0.0,0.0,0.0,0.0,0.0,0.0,0.0,0.0,106.0,161
313050,2014,2.0,1.0,5.0,0.0,0.0,28.0,6.0,5.0,20.0,32.0,104.0,151
313050,2015,4.0,1.0,0.0,3.0,2.0,26.0,5.0,2.0,21.0,11.0,86.0,142
313050,2016,5.0,0.0,2.0,2.0,1.0,20.0,5.0,7.0,25.0,19.0,89.0,136
313050,2017,4.0,3.0,4.0,3.0,3.0,35.0,5.0,0.0,21.0,15.0,93.0,148
313050,2018,10.0,0.0,4.0,1.0,2.0,44.0,6.0,3.0,28.0,12.0,110.0,176
313050,2019,3.0,0.0,0.0,3.0,2.0,41.0,9.0,7.0,27.0,22.0,114.0,154
313055,2012,7.0,0.0,0.0,0.0,0.0,16.0,2.0,1.0,11.0,4.0,54.0,83
313055,2013,0.0,0.0,0.0,0.0,0.0,0.0,0.0,0.0,0.0,0.0,46.0,76
313055,2014,5.0,0.0,4.0,0.0,0.0,11.0,1.0,1.0,5.0,6.0,45.0,76
313055,2015,1.0,0.0,2.0,2.0,3.0,10.0,8.0,1.0,13.0,3.0,53.0,81
313055,2016,3.0,0.0,5.0,2.0,0.0,13.0,5.0,3.0,12.0,1.0,45.0,79
313055,2017,6.0,1.0,3.0,0.0,1.0,24.0,12.0,1.0,17.0,2.0,68.0,96
313055,2018,4.0,1.0,2.0,1.0,0.0,21.0,6.0,3.0,25.0,8.0,73.0,94
313055,2019,7.0,1.0,0.0,0.0,0.0,23.0,7.0,2.0,16.0,1.0,57.0,81
313060,2012,5.0,0.0,0.0,1.0,0.0,13.0,1.0,2.0,6.0,14.0,57.0,74
313060,2013,0.0,0.0,0.0,0.0,0.0,0.0,0.0,0.0,0.0,0.0,47.0,59
313060,2014,4.0,2.0,4.0,0.0,1.0,9.0,1.0,2.0,1.0,14.0,40.0,52
313060,2015,5.0,0.0,0.0,1.0,0.0,11.0,0.0,4.0,5.0,14.0,44.0,55
313060,2016,7.0,0.0,0.0,0.0,1.0,24.0,3.0,5.0,5.0,15.0,65.0,77
313060,2017,4.0,0.0,2.0,2.0,0.0,14.0,0.0,2.0,5.0,6.0,51.0,63
313060,2018,4.0,0.0,0.0,1.0,0.0,23.0,3.0,4.0,4.0,14.0,54.0,64
313060,2019,4.0,0.0,0.0,1.0,0.0,8.0,0.0,3.0,9.0,8.0,43.0,59
313065,2012,1.0,0.0,2.0,0.0,0.0,5.0,5.0,1.0,7.0,1.0,26.0,75
313065,2013,0.0,0.0,0.0,0.0,0.0,0.0,0.0,0.0,0.0,0.0,36.0,77
313065,2014,3.0,0.0,2.0,0.0,1.0,8.0,3.0,2.0,14.0,2.0,37.0,88
313065,2015,5.0,0.0,4.0,0.0,0.0,7.0,4.0,2.0,9.0,1.0,32.0,80
313065,2016,1.0,0.0,4.0,2.0,0.0,9.0,3.0,0.0,13.0,2.0,34.0,70
313065,2017,3.0,1.0,2.0,1.0,3.0,15.0,7.0,1.0,12.0,0.0,47.0,73
313065,2018,3.0,0.0,2.0,2.0,1.0,11.0,5.0,2.0,8.0,9.0,43.0,86
313065,2019,5.0,0.0,0.0,0.0,3.0,14.0,5.0,6.0,7.0,7.0,47.0,70
313070,2012,4.0,0.0,0.0,1.0,0.0,18.0,5.0,0.0,15.0,7.0,50.0,66
313070,2013,0.0,0.0,0.0,0.0,0.0,0.0,0.0,0.0,0.0,0.0,58.0,83
313070,2014,3.0,1.0,2.0,0.0,1.0,10.0,3.0,7.0,6.0,7.0,40.0,54
313070,2015,4.0,0.0,2.0,1.0,1.0,27.0,0.0,4.0,8.0,11.0,58.0,76
313070,2016,4.0,0.0,0.0,2.0,0.0,14.0,1.0,11.0,12.0,7.0,51.0,62
313070,2017,3.0,0.0,2.0,0.0,0.0,19.0,6.0,2.0,10.0,5.0,47.0,72
313070,2018,2.0,0.0,0.0,1.0,1.0,26.0,2.0,2.0,12.0,2.0,48.0,71
313070,2019,5.0,1.0,0.0,0.0,0.0,22.0,3.0,5.0,8.0,9.0,53.0,71
313080,2012,1.0,0.0,0.0,0.0,0.0,6.0,1.0,0.0,2.0,1.0,11.0,29
313080,2013,0.0,0.0,0.0,0.0,0.0,0.0,0.0,0.0,0.0,0.0,20.0,29
313080,2014,1.0,0.0,0.0,0.0,0.0,7.0,0.0,2.0,2.0,3.0,15.0,34
313080,2015,0.0,0.0,0.0,0.0,0.0,2.0,1.0,2.0,1.0,5.0,12.0,27
313080,2016,2.0,1.0,0.0,0.0,0.0,5.0,0.0,0.0,4.0,3.0,15.0,24
313080,2017,0.0,0.0,0.0,0.0,0.0,9.0,2.0,1.0,2.0,1.0,15.0,30
313080,2018,2.0,0.0,0.0,0.0,0.0,4.0,0.0,2.0,4.0,5.0,17.0,27
313080,2019,3.0,0.0,0.0,0.0,0.0,6.0,1.0,2.0,5.0,1.0,18.0,27
313090,2012,21.0,0.0,9.0,4.0,7.0,47.0,10.0,9.0,16.0,38.0,198.0,267
313090,2013,0.0,0.0,0.0,0.0,0.0,0.0,0.0,0.0,0.0,0.0,220.0,273
313090,2014,4.0,0.0,4.0,0.0,1.0,31.0,8.0,3.0,29.0,12.0,162.0,240
313090,2015,15.0,0.0,0.0,0.0,2.0,62.0,13.0,7.0,43.0,12.0,171.0,251
313090,2016,9.0,0.0,0.0,7.0,5.0,54.0,20.0,6.0,35.0,9.0,148.0,238
313090,2017,26.0,1.0,2.0,3.0,5.0,70.0,22.0,1.0,33.0,10.0,179.0,256
313090,2018,19.0,0.0,2.0,6.0,4.0,82.0,18.0,18.0,41.0,24.0,215.0,274
313090,2019,20.0,0.0,4.0,6.0,4.0,73.0,20.0,7.0,35.0,15.0,184.0,253
313100,2012,2.0,0.0,0.0,1.0,0.0,9.0,1.0,1.0,8.0,6.0,29.0,74
313100,2013,0.0,0.0,0.0,0.0,0.0,0.0,0.0,0.0,0.0,0.0,27.0,67
313100,2014,7.0,0.0,2.0,1.0,1.0,12.0,1.0,0.0,8.0,4.0,39.0,80
313100,2015,5.0,0.0,0.0,0.0,0.0,7.0,4.0,1.0,8.0,4.0,33.0,77
313100,2016,4.0,0.0,0.0,1.0,3.0,10.0,4.0,1.0,11.0,3.0,40.0,85
313100,2017,2.0,0.0,1.0,1.0,2.0,14.0,4.0,3.0,5.0,7.0,39.0,78
313100,2018,1.0,0.0,0.0,0.0,1.0,10.0,2.0,1.0,8.0,2.0,26.0,56
313100,2019,6.0,0.0,0.0,1.0,0.0,11.0,2.0,0.0,8.0,0.0,28.0,61
313110,2012,1.0,0.0,2.0,1.0,2.0,10.0,1.0,2.0,8.0,3.0,30.0,70
313110,2013,0.0,0.0,0.0,0.0,0.0,0.0,0.0,0.0,0.0,0.0,34.0,72
313110,2014,0.0,0.0,0.0,1.0,3.0,5.0,4.0,1.0,12.0,5.0,31.0,68
313110,2015,4.0,0.0,1.0,5.0,2.0,13.0,2.0,3.0,6.0,6.0,42.0,77
313110,2016,1.0,0.0,0.0,2.0,1.0,11.0,4.0,1.0,7.0,4.0,31.0,77
313110,2017,3.0,0.0,2.0,1.0,0.0,9.0,2.0,0.0,8.0,4.0,29.0,66
313110,2018,2.0,0.0,2.0,0.0,1.0,10.0,3.0,0.0,11.0,3.0,33.0,71
313110,2019,1.0,0.0,2.0,1.0,2.0,18.0,4.0,2.0,3.0,3.0,36.0,62
313115,2012,15.0,0.0,2.0,3.0,4.0,38.0,5.0,3.0,25.0,22.0,127.0,265
313115,2013,0.0,0.0,0.0,0.0,0.0,0.0,0.0,0.0,0.0,0.0,130.0,250
313115,2014,10.0,0.0,4.0,2.0,3.0,39.0,11.0,10.0,18.0,21.0,123.0,246
313115,2015,9.0,3.0,5.0,4.0,1.0,38.0,19.0,5.0,20.0,17.0,123.0,265
313115,2016,11.0,0.0,2.0,3.0,2.0,44.0,13.0,6.0,25.0,14.0,120.0,217
313115,2017,16.0,1.0,2.0,5.0,4.0,33.0,18.0,5.0,27.0,7.0,124.0,237
313115,2018,7.0,0.0,4.0,12.0,3.0,39.0,17.0,2.0,20.0,6.0,111.0,252
313115,2019,5.0,1.0,3.0,6.0,2.0,47.0,9.0,10.0,20.0,7.0,110.0,229
313120,2012,10.0,0.0,8.0,2.0,0.0,37.0,8.0,6.0,21.0,40.0,163.0,244
313120,2013,0.0,0.0,0.0,0.0,0.0,0.0,0.0,0.0,0.0,0.0,164.0,258
313120,2014,8.0,2.0,6.0,1.0,3.0,67.0,12.0,17.0,20.0,40.0,182.0,235
313120,2015,6.0,0.0,4.0,3.0,5.0,61.0,5.0,14.0,14.0,68.0,190.0,273
313120,2016,17.0,1.0,0.0,6.0,2.0,70.0,5.0,14.0,15.0,53.0,188.0,231
313120,2017,9.0,0.0,2.0,4.0,4.0,63.0,5.0,22.0,10.0,63.0,187.0,252
313120,2018,4.0,1.0,6.0,2.0,2.0,87.0,4.0,31.0,10.0,57.0,208.0,268
313120,2019,6.0,0.0,0.0,2.0,1.0,69.0,16.0,15.0,27.0,50.0,188.0,244
313130,2012,202.0,9.0,64.0,37.0,56.0,628.0,76.0,63.0,445.0,323.0,1996.0,3440
313130,2013,0.0,0.0,0.0,0.0,0.0,0.0,0.0,0.0,0.0,0.0,1999.0,3283
313130,2014,165.0,3.0,60.0,41.0,67.0,646.0,160.0,100.0,374.0,268.0,1941.0,3387
313130,2015,142.0,6.0,59.0,50.0,63.0,659.0,121.0,113.0,416.0,246.0,1894.0,3364
313130,2016,138.0,7.0,81.0,55.0,52.0,563.0,131.0,77.0,400.0,184.0,1691.0,2913
313130,2017,122.0,7.0,79.0,59.0,65.0,648.0,143.0,62.0,388.0,145.0,1722.0,3036
313130,2018,142.0,4.0,57.0,60.0,58.0,625.0,147.0,52.0,376.0,135.0,1656.0,3042
313130,2019,139.0,7.0,78.0,64.0,48.0,690.0,182.0,38.0,403.0,115.0,1764.0,2977
313140,2012,3.0,0.0,0.0,2.0,1.0,5.0,2.0,1.0,3.0,10.0,34.0,41
313140,2013,0.0,0.0,0.0,0.0,0.0,0.0,0.0,0.0,0.0,0.0,22.0,27
313140,2014,2.0,0.0,0.0,0.0,0.0,6.0,2.0,3.0,4.0,9.0,26.0,34
313140,2015,2.0,0.0,0.0,2.0,0.0,4.0,2.0,5.0,3.0,3.0,26.0,33
313140,2016,2.0,0.0,0.0,0.0,0.0,16.0,2.0,1.0,7.0,3.0,34.0,40
313140,2017,1.0,0.0,0.0,0.0,0.0,10.0,1.0,1.0,7.0,6.0,26.0,36
313140,2018,1.0,0.0,0.0,2.0,1.0,12.0,2.0,1.0,6.0,4.0,29.0,36
313140,2019,0.0,0.0,0.0,0.0,0.0,10.0,1.0,1.0,5.0,3.0,20.0,27
313150,2012,13.0,0.0,1.0,0.0,1.0,20.0,6.0,0.0,25.0,9.0,79.0,108
313150,2013,0.0,0.0,0.0,0.0,0.0,0.0,0.0,0.0,0.0,0.0,72.0,91
313150,2014,9.0,0.0,2.0,1.0,0.0,12.0,3.0,1.0,18.0,8.0,57.0,80
313150,2015,4.0,1.0,4.0,0.0,1.0,36.0,5.0,2.0,20.0,8.0,84.0,117
313150,2016,2.0,0.0,0.0,1.0,1.0,24.0,5.0,0.0,22.0,10.0,71.0,90
313150,2017,4.0,0.0,0.0,0.0,6.0,22.0,3.0,3.0,24.0,7.0,72.0,102
313150,2018,10.0,1.0,4.0,2.0,1.0,28.0,1.0,3.0,18.0,9.0,81.0,109
313150,2019,5.0,0.0,4.0,2.0,0.0,28.0,8.0,2.0,16.0,5.0,74.0,102
313160,2012,4.0,2.0,1.0,1.0,4.0,18.0,1.0,8.0,5.0,17.0,61.0,94
313160,2013,0.0,0.0,0.0,0.0,0.0,0.0,0.0,0.0,0.0,0.0,66.0,88
313160,2014,4.0,0.0,0.0,4.0,7.0,19.0,2.0,2.0,12.0,10.0,60.0,81
313160,2015,2.0,0.0,3.0,1.0,1.0,14.0,6.0,1.0,15.0,8.0,52.0,78
313160,2016,1.0,0.0,2.0,1.0,3.0,19.0,5.0,2.0,11.0,5.0,49.0,76
313160,2017,4.0,0.0,0.0,4.0,0.0,26.0,3.0,3.0,14.0,1.0,55.0,85
313160,2018,6.0,0.0,2.0,2.0,1.0,35.0,1.0,2.0,12.0,9.0,74.0,101
313160,2019,3.0,0.0,3.0,0.0,1.0,25.0,2.0,2.0,16.0,12.0,65.0,88
313170,2012,117.0,1.0,27.0,21.0,21.0,219.0,26.0,8.0,214.0,77.0,918.0,1608
313170,2013,0.0,0.0,0.0,0.0,0.0,0.0,0.0,0.0,0.0,0.0,954.0,1634
313170,2014,111.0,4.0,28.0,27.0,10.0,291.0,95.0,55.0,274.0,136.0,1060.0,1714
313170,2015,89.0,1.0,39.0,21.0,23.0,303.0,113.0,33.0,284.0,105.0,1049.0,1761
313170,2016,90.0,3.0,23.0,24.0,16.0,301.0,105.0,30.0,278.0,100.0,975.0,1554
313170,2017,51.0,5.0,28.0,24.0,29.0,263.0,89.0,27.0,249.0,68.0,833.0,1447
313170,2018,80.0,0.0,25.0,26.0,21.0,303.0,64.0,21.0,220.0,78.0,841.0,1457
313170,2019,58.0,0.0,34.0,17.0,23.0,315.0,76.0,12.0,188.0,57.0,784.0,1370
313180,2012,11.0,0.0,4.0,2.0,2.0,29.0,9.0,6.0,20.0,19.0,103.0,145
313180,2013,0.0,0.0,0.0,0.0,0.0,0.0,0.0,0.0,0.0,0.0,84.0,107
313180,2014,12.0,1.0,1.0,2.0,3.0,53.0,6.0,16.0,9.0,18.0,129.0,154
313180,2015,9.0,0.0,2.0,4.0,1.0,58.0,2.0,8.0,6.0,10.0,107.0,135
313180,2016,5.0,0.0,2.0,2.0,1.0,73.0,1.0,5.0,3.0,22.0,117.0,146
313180,2017,7.0,1.0,2.0,3.0,2.0,72.0,3.0,6.0,1.0,15.0,117.0,150
313180,2018,1.0,1.0,1.0,2.0,2.0,70.0,1.0,0.0,2.0,5.0,88.0,117
313180,2019,2.0,0.0,0.0,3.0,2.0,58.0,3.0,5.0,4.0,9.0,88.0,133
313190,2012,111.0,2.0,20.0,13.0,14.0,135.0,19.0,37.0,92.0,144.0,596.0,768
313190,2013,0.0,0.0,0.0,0.0,0.0,0.0,0.0,0.0,0.0,0.0,557.0,696
313190,2014,76.0,0.0,12.0,9.0,11.0,169.0,31.0,40.0,115.0,98.0,570.0,754
313190,2015,48.0,0.0,13.0,16.0,6.0,198.0,33.0,37.0,97.0,114.0,569.0,754
313190,2016,44.0,0.0,20.0,4.0,3.0,173.0,29.0,30.0,99.0,89.0,491.0,697
313190,2017,36.0,0.0,10.0,9.0,7.0,202.0,27.0,38.0,101.0,123.0,553.0,743
313190,2018,33.0,0.0,14.0,6.0,7.0,239.0,37.0,38.0,88.0,86.0,548.0,740
313190,2019,20.0,0.0,16.0,10.0,6.0,238.0,33.0,20.0,105.0,78.0,527.0,740
313200,2012,5.0,0.0,0.0,2.0,1.0,3.0,1.0,2.0,2.0,6.0,22.0,50
313200,2013,0.0,0.0,0.0,0.0,0.0,0.0,0.0,0.0,0.0,0.0,20.0,53
313200,2014,0.0,0.0,2.0,1.0,1.0,5.0,2.0,1.0,3.0,3.0,18.0,50
313200,2015,2.0,0.0,0.0,0.0,1.0,4.0,1.0,1.0,3.0,2.0,15.0,48
313200,2016,0.0,0.0,0.0,0.0,0.0,4.0,0.0,0.0,1.0,3.0,9.0,28
313200,2017,3.0,0.0,0.0,1.0,1.0,6.0,1.0,2.0,3.0,2.0,19.0,38
313200,2018,4.0,0.0,2.0,0.0,0.0,2.0,0.0,1.0,3.0,2.0,14.0,35
313200,2019,0.0,1.0,0.0,1.0,1.0,6.0,3.0,4.0,2.0,1.0,19.0,44
313210,2012,4.0,0.0,2.0,1.0,5.0,18.0,6.0,3.0,11.0,14.0,65.0,276
313210,2013,0.0,0.0,0.0,0.0,0.0,0.0,0.0,0.0,0.0,0.0,116.0,337
313210,2014,5.0,2.0,2.0,1.0,5.0,37.0,6.0,5.0,12.0,16.0,93.0,284
313210,2015,6.0,0.0,5.0,3.0,4.0,27.0,7.0,3.0,18.0,12.0,85.0,287
313210,2016,3.0,0.0,6.0,2.0,1.0,26.0,6.0,7.0,9.0,10.0,71.0,266
313210,2017,10.0,0.0,2.0,2.0,0.0,24.0,8.0,5.0,7.0,18.0,76.0,271
313210,2018,7.0,0.0,0.0,4.0,1.0,32.0,7.0,5.0,13.0,17.0,87.0,280
313210,2019,6.0,1.0,6.0,4.0,0.0,27.0,7.0,5.0,9.0,10.0,75.0,279
313220,2012,16.0,0.0,0.0,3.0,2.0,38.0,5.0,2.0,48.0,11.0,125.0,165
313220,2013,0.0,0.0,0.0,0.0,0.0,0.0,0.0,0.0,0.0,0.0,99.0,140
313220,2014,4.0,0.0,0.0,1.0,5.0,37.0,11.0,4.0,23.0,10.0,103.0,150
313220,2015,5.0,0.0,4.0,2.0,6.0,45.0,5.0,9.0,16.0,23.0,120.0,182
313220,2016,10.0,0.0,2.0,1.0,7.0,39.0,4.0,10.0,14.0,30.0,117.0,156
313220,2017,11.0,0.0,0.0,2.0,0.0,48.0,6.0,12.0,9.0,30.0,118.0,166
313220,2018,6.0,0.0,8.0,2.0,2.0,34.0,4.0,11.0,12.0,31.0,111.0,150
313220,2019,2.0,0.0,8.0,3.0,2.0,45.0,3.0,7.0,17.0,14.0,101.0,153
313230,2012,6.0,0.0,1.0,2.0,0.0,17.0,1.0,1.0,13.0,5.0,47.0,187
313230,2013,0.0,0.0,0.0,0.0,0.0,0.0,0.0,0.0,0.0,0.0,59.0,191
313230,2014,2.0,0.0,0.0,2.0,2.0,14.0,3.0,6.0,9.0,10.0,49.0,153
313230,2015,3.0,0.0,1.0,0.0,0.0,14.0,7.0,4.0,10.0,8.0,52.0,190
313230,2016,3.0,0.0,1.0,2.0,1.0,13.0,4.0,4.0,9.0,5.0,43.0,184
313230,2017,5.0,0.0,1.0,1.0,2.0,16.0,8.0,8.0,7.0,7.0,56.0,182
313230,2018,2.0,0.0,2.0,1.0,3.0,26.0,5.0,5.0,19.0,10.0,74.0,206
313230,2019,8.0,0.0,2.0,1.0,3.0,17.0,6.0,8.0,16.0,3.0,65.0,182
313240,2012,73.0,4.0,29.0,14.0,12.0,290.0,45.0,17.0,259.0,62.0,824.0,1232
313240,2013,0.0,0.0,0.0,0.0,0.0,0.0,0.0,0.0,0.0,0.0,774.0,1279
313240,2014,57.0,3.0,43.0,15.0,7.0,296.0,55.0,30.0,223.0,123.0,866.0,1293
313240,2015,56.0,1.0,26.0,8.0,9.0,265.0,46.0,32.0,188.0,111.0,789.0,1235
313240,2016,57.0,3.0,12.0,17.0,15.0,319.0,35.0,45.0,175.0,82.0,768.0,1198
313240,2017,57.0,4.0,28.0,14.0,15.0,286.0,31.0,38.0,147.0,110.0,733.0,1218
313240,2018,57.0,3.0,16.0,17.0,15.0,282.0,54.0,30.0,154.0,118.0,746.0,1204
313240,2019,60.0,3.0,24.0,23.0,22.0,316.0,40.0,25.0,123.0,94.0,732.0,1210
313250,2012,29.0,2.0,6.0,3.0,8.0,71.0,17.0,11.0,44.0,44.0,237.0,502
313250,2013,0.0,0.0,0.0,0.0,0.0,0.0,0.0,0.0,0.0,0.0,211.0,478
313250,2014,25.0,2.0,10.0,6.0,0.0,77.0,24.0,16.0,51.0,47.0,260.0,509
313250,2015,12.0,2.0,1.0,9.0,7.0,75.0,19.0,15.0,43.0,28.0,212.0,469
313250,2016,17.0,0.0,10.0,9.0,3.0,79.0,21.0,8.0,48.0,25.0,223.0,455
313250,2017,12.0,3.0,1.0,3.0,4.0,65.0,13.0,12.0,49.0,42.0,208.0,451
313250,2018,11.0,2.0,4.0,5.0,6.0,83.0,13.0,11.0,47.0,40.0,224.0,434
313250,2019,15.0,2.0,11.0,8.0,5.0,66.0,19.0,21.0,39.0,25.0,219.0,413
313260,2012,6.0,0.0,2.0,0.0,1.0,18.0,4.0,0.0,14.0,0.0,45.0,53
313260,2013,0.0,0.0,0.0,0.0,0.0,0.0,0.0,0.0,0.0,0.0,38.0,45
313260,2014,0.0,0.0,5.0,1.0,1.0,18.0,1.0,1.0,14.0,2.0,43.0,54
313260,2015,2.0,0.0,0.0,1.0,0.0,8.0,1.0,2.0,8.0,2.0,25.0,31
313260,2016,0.0,0.0,0.0,1.0,0.0,18.0,3.0,0.0,5.0,1.0,28.0,40
313260,2017,4.0,0.0,2.0,0.0,0.0,18.0,1.0,1.0,4.0,2.0,33.0,38
313260,2018,4.0,0.0,0.0,1.0,0.0,16.0,6.0,0.0,7.0,5.0,42.0,51
313260,2019,3.0,0.0,0.0,0.0,0.0,12.0,0.0,1.0,10.0,2.0,29.0,37
313270,2012,31.0,3.0,5.0,8.0,10.0,37.0,1.0,2.0,22.0,28.0,173.0,398
313270,2013,0.0,0.0,0.0,0.0,0.0,0.0,0.0,0.0,0.0,0.0,191.0,409
313270,2014,7.0,0.0,0.0,8.0,9.0,37.0,17.0,22.0,21.0,25.0,172.0,344
313270,2015,17.0,0.0,4.0,14.0,8.0,24.0,12.0,11.0,26.0,33.0,186.0,372
313270,2016,21.0,1.0,4.0,2.0,2.0,51.0,27.0,14.0,42.0,18.0,220.0,395
313270,2017,23.0,0.0,2.0,5.0,2.0,36.0,18.0,21.0,22.0,26.0,205.0,341
313270,2018,18.0,0.0,6.0,3.0,1.0,41.0,18.0,19.0,25.0,29.0,208.0,334
313270,2019,18.0,1.0,0.0,5.0,2.0,33.0,10.0,22.0,15.0,41.0,191.0,291
313280,2012,2.0,0.0,0.0,0.0,0.0,1.0,0.0,0.0,2.0,0.0,7.0,13
313280,2013,0.0,0.0,0.0,0.0,0.0,0.0,0.0,0.0,0.0,0.0,4.0,13
313280,2014,1.0,0.0,2.0,0.0,0.0,1.0,1.0,1.0,4.0,2.0,12.0,24
313280,2015,1.0,0.0,0.0,0.0,1.0,1.0,2.0,0.0,3.0,1.0,9.0,20
313280,2016,1.0,0.0,0.0,0.0,0.0,1.0,2.0,1.0,2.0,2.0,9.0,16
313280,2017,2.0,0.0,0.0,0.0,0.0,4.0,1.0,0.0,1.0,2.0,10.0,19
313280,2018,1.0,0.0,0.0,0.0,0.0,2.0,1.0,1.0,2.0,0.0,7.0,15
313280,2019,0.0,1.0,0.0,2.0,1.0,4.0,1.0,1.0,1.0,0.0,11.0,22
313290,2012,5.0,0.0,3.0,9.0,9.0,22.0,1.0,1.0,12.0,4.0,68.0,128
313290,2013,0.0,0.0,0.0,0.0,0.0,0.0,0.0,0.0,0.0,0.0,74.0,131
313290,2014,4.0,5.0,5.0,1.0,2.0,16.0,3.0,0.0,18.0,5.0,63.0,116
313290,2015,4.0,0.0,5.0,0.0,0.0,21.0,8.0,3.0,9.0,12.0,63.0,138
313290,2016,7.0,0.0,2.0,1.0,3.0,25.0,7.0,3.0,14.0,2.0,64.0,127
313290,2017,3.0,0.0,0.0,2.0,3.0,20.0,4.0,2.0,15.0,2.0,51.0,117
313290,2018,7.0,1.0,0.0,2.0,2.0,23.0,5.0,4.0,23.0,4.0,71.0,145
313290,2019,3.0,0.0,2.0,4.0,2.0,29.0,6.0,1.0,19.0,4.0,73.0,137
313300,2012,14.0,0.0,2.0,1.0,1.0,31.0,6.0,9.0,45.0,20.0,131.0,164
313300,2013,0.0,0.0,0.0,0.0,0.0,0.0,0.0,0.0,0.0,0.0,131.0,172
313300,2014,6.0,1.0,4.0,1.0,0.0,40.0,14.0,0.0,41.0,5.0,113.0,152
313300,2015,9.0,0.0,0.0,1.0,0.0,42.0,16.0,3.0,40.0,5.0,118.0,168
313300,2016,14.0,0.0,5.0,0.0,0.0,46.0,10.0,1.0,45.0,10.0,132.0,195
313300,2017,13.0,0.0,10.0,0.0,0.0,45.0,23.0,2.0,43.0,7.0,143.0,191
313300,2018,16.0,0.0,4.0,1.0,1.0,53.0,16.0,1.0,56.0,6.0,154.0,211
313300,2019,15.0,0.0,4.0,0.0,0.0,68.0,16.0,1.0,39.0,0.0,143.0,173
313310,2012,15.0,0.0,6.0,2.0,2.0,39.0,6.0,4.0,50.0,11.0,137.0,166
313310,2013,0.0,0.0,0.0,0.0,0.0,0.0,0.0,0.0,0.0,0.0,163.0,202
313310,2014,20.0,0.0,2.0,4.0,2.0,38.0,14.0,4.0,30.0,11.0,128.0,174
313310,2015,22.0,0.0,5.0,5.0,3.0,47.0,12.0,6.0,42.0,6.0,150.0,190
313310,2016,18.0,1.0,0.0,1.0,5.0,44.0,18.0,2.0,28.0,19.0,136.0,163
313310,2017,14.0,0.0,2.0,2.0,5.0,64.0,16.0,5.0,37.0,9.0,154.0,191
313310,2018,10.0,0.0,0.0,3.0,3.0,47.0,18.0,0.0,44.0,2.0,127.0,165
313310,2019,12.0,0.0,2.0,1.0,2.0,54.0,13.0,1.0,45.0,0.0,130.0,167
313320,2012,19.0,0.0,3.0,2.0,0.0,26.0,5.0,0.0,10.0,4.0,75.0,156
313320,2013,0.0,0.0,0.0,0.0,0.0,0.0,0.0,0.0,0.0,0.0,88.0,171
313320,2014,3.0,0.0,1.0,1.0,1.0,29.0,2.0,3.0,18.0,8.0,86.0,177
313320,2015,4.0,2.0,1.0,3.0,4.0,17.0,6.0,2.0,13.0,9.0,78.0,148
313320,2016,5.0,1.0,0.0,7.0,3.0,17.0,3.0,3.0,18.0,5.0,82.0,153
313320,2017,10.0,4.0,0.0,9.0,8.0,26.0,5.0,5.0,21.0,8.0,101.0,170
313320,2018,5.0,2.0,0.0,11.0,16.0,21.0,9.0,6.0,22.0,7.0,104.0,151
313320,2019,7.0,2.0,2.0,14.0,10.0,24.0,6.0,8.0,15.0,20.0,110.0,142
313330,2012,20.0,5.0,7.0,12.0,1.0,23.0,4.0,6.0,13.0,8.0,107.0,270
313330,2013,0.0,0.0,0.0,0.0,0.0,0.0,0.0,0.0,0.0,0.0,119.0,252
313330,2014,15.0,0.0,8.0,5.0,2.0,30.0,10.0,6.0,19.0,22.0,135.0,276
313330,2015,15.0,0.0,10.0,2.0,2.0,23.0,14.0,10.0,19.0,10.0,124.0,279
313330,2016,11.0,1.0,5.0,1.0,2.0,16.0,7.0,4.0,16.0,8.0,74.0,221
313330,2017,7.0,0.0,4.0,3.0,2.0,19.0,2.0,5.0,16.0,5.0,96.0,244
313330,2018,4.0,0.0,4.0,1.0,0.0,2.0,0.0,0.0,1.0,1.0,98.0,221
313330,2019,1.0,0.0,10.0,1.0,0.0,1.0,0.0,0.0,3.0,0.0,121.0,247
313340,2012,12.0,0.0,0.0,3.0,6.0,71.0,0.0,1.0,4.0,8.0,110.0,126
313340,2013,0.0,0.0,0.0,0.0,0.0,0.0,0.0,0.0,0.0,0.0,118.0,127
313340,2014,8.0,0.0,2.0,6.0,2.0,48.0,2.0,8.0,16.0,10.0,103.0,114
313340,2015,4.0,1.0,0.0,1.0,1.0,33.0,2.0,3.0,24.0,15.0,84.0,103
313340,2016,9.0,0.0,6.0,0.0,0.0,31.0,7.0,3.0,27.0,16.0,101.0,117
313340,2017,11.0,1.0,1.0,3.0,3.0,45.0,6.0,7.0,15.0,12.0,105.0,115
313340,2018,9.0,0.0,5.0,1.0,1.0,35.0,4.0,8.0,13.0,23.0,99.0,116
313340,2019,14.0,0.0,0.0,0.0,2.0,32.0,6.0,2.0,24.0,15.0,96.0,112
313350,2012,11.0,1.0,4.0,27.0,22.0,26.0,3.0,0.0,27.0,12.0,137.0,185
313350,2013,0.0,0.0,0.0,0.0,0.0,0.0,0.0,0.0,0.0,0.0,129.0,167
313350,2014,12.0,1.0,2.0,3.0,5.0,50.0,17.0,5.0,47.0,13.0,155.0,199
313350,2015,12.0,1.0,4.0,3.0,2.0,55.0,11.0,9.0,37.0,17.0,151.0,187
313350,2016,9.0,0.0,11.0,1.0,2.0,38.0,6.0,4.0,39.0,18.0,128.0,185
313350,2017,21.0,0.0,6.0,3.0,1.0,52.0,4.0,7.0,45.0,19.0,158.0,205
313350,2018,9.0,1.0,3.0,3.0,0.0,53.0,13.0,4.0,39.0,16.0,146.0,188
313350,2019,17.0,1.0,6.0,2.0,6.0,47.0,9.0,5.0,28.0,23.0,145.0,184
313360,2012,2.0,0.0,2.0,0.0,0.0,30.0,4.0,5.0,16.0,21.0,82.0,117
313360,2013,0.0,0.0,0.0,0.0,0.0,0.0,0.0,0.0,0.0,0.0,101.0,119
313360,2014,8.0,0.0,4.0,1.0,0.0,30.0,5.0,4.0,26.0,9.0,91.0,111
313360,2015,8.0,0.0,4.0,2.0,0.0,21.0,8.0,1.0,15.0,15.0,81.0,100
313360,2016,11.0,0.0,4.0,0.0,0.0,27.0,4.0,13.0,11.0,20.0,101.0,124
313360,2017,13.0,0.0,2.0,3.0,2.0,31.0,6.0,2.0,12.0,21.0,113.0,139
313360,2018,7.0,0.0,1.0,3.0,0.0,21.0,7.0,2.0,18.0,16.0,108.0,136
313360,2019,10.0,0.0,2.0,5.0,2.0,37.0,11.0,6.0,22.0,7.0,107.0,141
313370,2012,9.0,0.0,4.0,2.0,4.0,31.0,3.0,2.0,13.0,19.0,93.0,181
313370,2013,0.0,0.0,0.0,0.0,0.0,0.0,0.0,0.0,0.0,0.0,66.0,151
313370,2014,8.0,0.0,0.0,2.0,2.0,30.0,4.0,2.0,13.0,8.0,71.0,151
313370,2015,7.0,0.0,4.0,2.0,2.0,28.0,2.0,1.0,18.0,7.0,71.0,153
313370,2016,3.0,0.0,2.0,3.0,2.0,26.0,5.0,1.0,11.0,4.0,58.0,139
313370,2017,8.0,0.0,5.0,0.0,1.0,22.0,7.0,0.0,11.0,4.0,60.0,126
313370,2018,4.0,0.0,2.0,2.0,2.0,21.0,6.0,7.0,15.0,12.0,72.0,153
313370,2019,7.0,1.0,0.0,7.0,1.0,32.0,4.0,0.0,9.0,9.0,70.0,129
313375,2012,16.0,1.0,0.0,1.0,0.0,38.0,1.0,5.0,15.0,19.0,101.0,181
313375,2013,0.0,0.0,0.0,0.0,0.0,0.0,0.0,0.0,0.0,0.0,119.0,179
313375,2014,9.0,0.0,0.0,1.0,7.0,40.0,7.0,7.0,27.0,12.0,120.0,175
313375,2015,5.0,0.0,1.0,4.0,0.0,34.0,1.0,11.0,10.0,24.0,107.0,191
313375,2016,10.0,1.0,4.0,0.0,3.0,37.0,1.0,5.0,13.0,26.0,108.0,187
313375,2017,10.0,0.0,4.0,3.0,2.0,35.0,3.0,1.0,16.0,9.0,90.0,157
313375,2018,9.0,1.0,4.0,4.0,3.0,33.0,10.0,3.0,14.0,10.0,92.0,155
313375,2019,10.0,0.0,4.0,2.0,1.0,40.0,5.0,4.0,12.0,5.0,86.0,158
313380,2012,48.0,0.0,22.0,12.0,23.0,152.0,25.0,27.0,147.0,113.0,606.0,1036
313380,2013,0.0,0.0,0.0,0.0,0.0,0.0,0.0,0.0,0.0,0.0,660.0,1132
313380,2014,48.0,0.0,20.0,18.0,10.0,190.0,41.0,30.0,177.0,75.0,614.0,1109
313380,2015,39.0,0.0,17.0,19.0,10.0,197.0,39.0,18.0,130.0,80.0,552.0,1059
313380,2016,32.0,1.0,15.0,16.0,19.0,180.0,58.0,28.0,137.0,52.0,543.0,999
313380,2017,41.0,1.0,23.0,22.0,18.0,179.0,37.0,31.0,142.0,72.0,568.0,1061
313380,2018,48.0,3.0,20.0,9.0,18.0,234.0,31.0,30.0,135.0,92.0,626.0,1048
313380,2019,51.0,9.0,17.0,15.0,20.0,227.0,39.0,44.0,108.0,87.0,621.0,1082
313390,2012,4.0,0.0,0.0,0.0,1.0,16.0,2.0,0.0,6.0,7.0,37.0,47
313390,2013,0.0,0.0,0.0,0.0,0.0,0.0,0.0,0.0,0.0,0.0,42.0,60
313390,2014,2.0,0.0,0.0,3.0,0.0,8.0,5.0,0.0,8.0,12.0,38.0,56
313390,2015,3.0,0.0,0.0,1.0,2.0,12.0,1.0,3.0,15.0,6.0,43.0,58
313390,2016,2.0,0.0,2.0,1.0,2.0,11.0,2.0,1.0,11.0,7.0,39.0,55
313390,2017,0.0,0.0,2.0,0.0,0.0,12.0,1.0,1.0,6.0,1.0,23.0,37
313390,2018,1.0,0.0,2.0,0.0,1.0,15.0,4.0,0.0,12.0,4.0,39.0,54
313390,2019,3.0,0.0,2.0,0.0,0.0,15.0,3.0,1.0,3.0,4.0,31.0,48
313400,2012,9.0,0.0,2.0,1.0,0.0,7.0,3.0,3.0,3.0,5.0,41.0,136
313400,2013,0.0,0.0,0.0,0.0,0.0,0.0,0.0,0.0,0.0,0.0,79.0,165
313400,2014,13.0,0.0,2.0,0.0,1.0,16.0,8.0,3.0,12.0,7.0,81.0,176
313400,2015,4.0,0.0,2.0,1.0,6.0,9.0,11.0,6.0,5.0,4.0,62.0,179
313400,2016,5.0,0.0,0.0,1.0,0.0,18.0,3.0,5.0,13.0,7.0,60.0,165
313400,2017,8.0,0.0,0.0,0.0,1.0,14.0,4.0,1.0,8.0,3.0,52.0,156
313400,2018,1.0,0.0,0.0,1.0,1.0,4.0,1.0,0.0,3.0,1.0,43.0,139
313400,2019,4.0,0.0,2.0,1.0,0.0,5.0,1.0,3.0,3.0,4.0,57.0,135
313410,2012,6.0,0.0,0.0,2.0,2.0,15.0,2.0,4.0,7.0,4.0,42.0,64
313410,2013,0.0,0.0,0.0,0.0,0.0,0.0,0.0,0.0,0.0,0.0,60.0,82
313410,2014,3.0,0.0,2.0,1.0,2.0,18.0,5.0,2.0,13.0,9.0,56.0,77
313410,2015,5.0,2.0,1.0,4.0,0.0,21.0,3.0,2.0,8.0,9.0,57.0,85
313410,2016,4.0,0.0,4.0,0.0,1.0,22.0,2.0,2.0,8.0,5.0,50.0,72
313410,2017,3.0,0.0,4.0,0.0,0.0,28.0,3.0,6.0,12.0,12.0,68.0,91
313410,2018,6.0,0.0,2.0,1.0,3.0,23.0,4.0,2.0,12.0,4.0,57.0,72
313410,2019,3.0,0.0,0.0,0.0,1.0,36.0,5.0,0.0,12.0,3.0,60.0,74
313420,2012,122.0,3.0,18.0,10.0,13.0,325.0,33.0,31.0,176.0,222.0,1018.0,1235
313420,2013,0.0,0.0,0.0,0.0,0.0,0.0,0.0,0.0,0.0,0.0,986.0,1208
313420,2014,75.0,1.0,24.0,13.0,21.0,375.0,53.0,52.0,165.0,208.0,1054.0,1286
313420,2015,72.0,3.0,24.0,23.0,11.0,352.0,55.0,40.0,147.0,166.0,1023.0,1273
313420,2016,57.0,2.0,28.0,5.0,10.0,386.0,58.0,27.0,176.0,145.0,990.0,1244
313420,2017,71.0,2.0,33.0,13.0,13.0,467.0,51.0,35.0,183.0,152.0,1022.0,1247
313420,2018,64.0,4.0,21.0,21.0,8.0,433.0,51.0,44.0,180.0,150.0,979.0,1207
313420,2019,40.0,0.0,16.0,17.0,16.0,425.0,41.0,33.0,189.0,136.0,916.0,1203
313430,2012,3.0,0.0,2.0,0.0,0.0,20.0,3.0,0.0,5.0,15.0,51.0,72
313430,2013,0.0,0.0,0.0,0.0,0.0,0.0,0.0,0.0,0.0,0.0,39.0,68
313430,2014,3.0,0.0,0.0,0.0,0.0,14.0,5.0,4.0,12.0,7.0,45.0,85
313430,2015,1.0,0.0,0.0,0.0,0.0,15.0,2.0,3.0,10.0,12.0,44.0,75
313430,2016,4.0,2.0,2.0,1.0,0.0,18.0,4.0,1.0,9.0,5.0,46.0,72
313430,2017,3.0,0.0,0.0,0.0,1.0,13.0,1.0,2.0,12.0,3.0,35.0,56
313430,2018,3.0,0.0,0.0,0.0,1.0,12.0,3.0,3.0,8.0,0.0,30.0,63
313430,2019,5.0,1.0,3.0,0.0,0.0,14.0,3.0,0.0,13.0,2.0,41.0,72
313440,2012,15.0,0.0,9.0,1.0,2.0,134.0,5.0,31.0,39.0,160.0,417.0,517
313440,2013,0.0,0.0,0.0,0.0,0.0,0.0,0.0,0.0,0.0,0.0,406.0,508
313440,2014,27.0,1.0,7.0,4.0,4.0,163.0,11.0,32.0,40.0,159.0,451.0,549
313440,2015,22.0,0.0,22.0,2.0,3.0,167.0,13.0,42.0,38.0,143.0,458.0,524
313440,2016,38.0,0.0,10.0,3.0,4.0,174.0,24.0,22.0,83.0,106.0,465.0,527
313440,2017,18.0,1.0,7.0,7.0,4.0,193.0,18.0,18.0,115.0,58.0,441.0,500
313440,2018,21.0,0.0,15.0,6.0,7.0,183.0,24.0,32.0,103.0,66.0,457.0,514
313440,2019,30.0,0.0,12.0,10.0,3.0,203.0,33.0,30.0,82.0,66.0,469.0,521
313450,2012,2.0,0.0,0.0,0.0,1.0,4.0,2.0,0.0,1.0,6.0,17.0,31
313450,2013,0.0,0.0,0.0,0.0,0.0,0.0,0.0,0.0,0.0,0.0,24.0,50
313450,2014,0.0,0.0,4.0,0.0,0.0,7.0,2.0,0.0,12.0,4.0,30.0,49
313450,2015,1.0,1.0,0.0,0.0,0.0,7.0,0.0,2.0,1.0,10.0,23.0,46
313450,2016,3.0,1.0,0.0,0.0,0.0,5.0,0.0,0.0,6.0,3.0,18.0,30
313450,2017,4.0,0.0,0.0,1.0,0.0,9.0,1.0,0.0,3.0,2.0,20.0,36
313450,2018,2.0,2.0,0.0,0.0,0.0,8.0,2.0,1.0,9.0,1.0,25.0,39
313450,2019,4.0,0.0,0.0,1.0,0.0,11.0,3.0,0.0,7.0,2.0,28.0,44
313460,2012,12.0,0.0,2.0,3.0,0.0,22.0,5.0,1.0,19.0,12.0,81.0,157
313460,2013,0.0,0.0,0.0,0.0,0.0,0.0,0.0,0.0,0.0,0.0,87.0,184
313460,2014,4.0,0.0,3.0,2.0,1.0,28.0,3.0,7.0,17.0,11.0,77.0,174
313460,2015,1.0,0.0,0.0,4.0,2.0,39.0,8.0,2.0,23.0,11.0,90.0,190
313460,2016,4.0,0.0,1.0,1.0,5.0,36.0,6.0,0.0,12.0,11.0,77.0,206
313460,2017,4.0,1.0,0.0,4.0,2.0,30.0,11.0,5.0,19.0,9.0,85.0,204
313460,2018,9.0,0.0,5.0,1.0,1.0,34.0,6.0,3.0,20.0,3.0,82.0,210
313460,2019,9.0,0.0,6.0,1.0,2.0,38.0,5.0,1.0,19.0,1.0,82.0,189
313470,2012,4.0,0.0,0.0,1.0,2.0,7.0,1.0,3.0,5.0,23.0,58.0,116
313470,2013,0.0,0.0,0.0,0.0,0.0,0.0,0.0,0.0,0.0,0.0,50.0,130
313470,2014,3.0,0.0,2.0,3.0,2.0,7.0,0.0,7.0,1.0,19.0,49.0,119
313470,2015,2.0,0.0,0.0,3.0,0.0,14.0,2.0,7.0,6.0,9.0,48.0,131
313470,2016,3.0,0.0,0.0,4.0,1.0,18.0,0.0,8.0,0.0,30.0,68.0,133
313470,2017,4.0,0.0,0.0,1.0,0.0,23.0,3.0,13.0,2.0,18.0,64.0,123
313470,2018,4.0,0.0,0.0,1.0,0.0,22.0,3.0,3.0,4.0,29.0,66.0,141
313470,2019,3.0,0.0,3.0,0.0,0.0,14.0,0.0,7.0,1.0,26.0,56.0,108
313480,2012,10.0,1.0,2.0,1.0,4.0,9.0,1.0,0.0,18.0,5.0,53.0,101
313480,2013,0.0,0.0,0.0,0.0,0.0,0.0,0.0,0.0,0.0,0.0,48.0,87
313480,2014,2.0,0.0,4.0,4.0,0.0,13.0,6.0,2.0,8.0,2.0,43.0,79
313480,2015,2.0,0.0,0.0,0.0,2.0,16.0,2.0,3.0,15.0,8.0,49.0,76
313480,2016,2.0,0.0,4.0,1.0,0.0,13.0,4.0,1.0,16.0,2.0,44.0,89
313480,2017,3.0,0.0,2.0,3.0,4.0,21.0,4.0,2.0,11.0,5.0,55.0,91
313480,2018,6.0,0.0,1.0,1.0,3.0,22.0,4.0,1.0,10.0,6.0,54.0,94
313480,2019,2.0,0.0,2.0,4.0,1.0,18.0,5.0,5.0,8.0,7.0,54.0,101
313490,2012,43.0,0.0,4.0,2.0,3.0,51.0,12.0,6.0,42.0,45.0,235.0,327
313490,2013,0.0,0.0,0.0,0.0,0.0,0.0,0.0,0.0,0.0,0.0,200.0,291
313490,2014,13.0,0.0,3.0,3.0,2.0,68.0,4.0,21.0,19.0,37.0,191.0,266
313490,2015,13.0,0.0,2.0,3.0,3.0,41.0,0.0,26.0,16.0,50.0,174.0,250
313490,2016,15.0,0.0,4.0,4.0,2.0,83.0,10.0,14.0,23.0,41.0,212.0,290
313490,2017,15.0,0.0,2.0,3.0,1.0,66.0,3.0,21.0,8.0,62.0,194.0,278
313490,2018,19.0,0.0,4.0,3.0,7.0,82.0,5.0,22.0,12.0,79.0,246.0,334
313490,2019,16.0,0.0,5.0,3.0,2.0,78.0,15.0,15.0,57.0,52.0,257.0,345
313500,2012,1.0,0.0,0.0,0.0,1.0,6.0,0.0,0.0,3.0,1.0,13.0,30
313500,2013,0.0,0.0,0.0,0.0,0.0,0.0,0.0,0.0,0.0,0.0,23.0,39
313500,2014,3.0,0.0,0.0,0.0,1.0,5.0,2.0,0.0,5.0,2.0,19.0,35
313500,2015,2.0,0.0,0.0,1.0,0.0,5.0,2.0,0.0,3.0,2.0,15.0,33
313500,2016,2.0,0.0,0.0,0.0,2.0,4.0,2.0,0.0,5.0,1.0,16.0,32
313500,2017,2.0,0.0,0.0,1.0,0.0,5.0,0.0,1.0,2.0,3.0,14.0,29
313500,2018,1.0,0.0,0.0,0.0,2.0,8.0,2.0,2.0,4.0,4.0,23.0,39
313500,2019,1.0,0.0,0.0,0.0,0.0,8.0,2.0,1.0,4.0,0.0,17.0,33
313505,2012,18.0,0.0,4.0,1.0,1.0,44.0,31.0,9.0,53.0,26.0,189.0,572
313505,2013,0.0,0.0,0.0,0.0,0.0,0.0,0.0,0.0,0.0,0.0,224.0,574
313505,2014,24.0,3.0,3.0,4.0,3.0,67.0,40.0,35.0,51.0,23.0,254.0,648
313505,2015,33.0,2.0,11.0,10.0,2.0,71.0,33.0,42.0,37.0,26.0,275.0,604
313505,2016,27.0,4.0,10.0,13.0,1.0,59.0,36.0,20.0,29.0,38.0,245.0,621
313505,2017,33.0,1.0,6.0,11.0,11.0,59.0,40.0,32.0,43.0,28.0,284.0,601
313505,2018,14.0,2.0,5.0,10.0,5.0,81.0,24.0,17.0,38.0,27.0,235.0,633
313505,2019,21.0,0.0,4.0,7.0,0.0,64.0,38.0,19.0,35.0,25.0,225.0,642
313507,2012,5.0,0.0,0.0,1.0,1.0,15.0,1.0,0.0,8.0,9.0,41.0,82
313507,2013,0.0,0.0,0.0,0.0,0.0,0.0,0.0,0.0,0.0,0.0,29.0,65
313507,2014,3.0,0.0,2.0,2.0,1.0,11.0,3.0,2.0,2.0,7.0,34.0,63
313507,2015,3.0,0.0,1.0,0.0,0.0,8.0,4.0,0.0,2.0,3.0,23.0,64
313507,2016,2.0,0.0,2.0,0.0,0.0,5.0,1.0,3.0,3.0,2.0,18.0,63
313507,2017,2.0,0.0,0.0,0.0,1.0,11.0,1.0,1.0,4.0,3.0,26.0,55
313507,2018,2.0,0.0,0.0,0.0,1.0,7.0,3.0,4.0,1.0,6.0,27.0,55
313507,2019,1.0,0.0,0.0,0.0,0.0,10.0,3.0,0.0,8.0,3.0,29.0,53
313510,2012,42.0,1.0,17.0,5.0,2.0,112.0,57.0,22.0,120.0,56.0,438.0,972
313510,2013,0.0,0.0,0.0,0.0,0.0,0.0,0.0,0.0,0.0,0.0,441.0,1017
313510,2014,41.0,1.0,23.0,6.0,10.0,138.0,85.0,24.0,122.0,48.0,500.0,1110
313510,2015,50.0,1.0,19.0,3.0,8.0,118.0,64.0,24.0,117.0,56.0,469.0,1067
313510,2016,46.0,1.0,20.0,8.0,6.0,111.0,61.0,24.0,106.0,59.0,464.0,1050
313510,2017,74.0,0.0,15.0,8.0,9.0,135.0,69.0,37.0,110.0,58.0,527.0,1018
313510,2018,44.0,1.0,6.0,11.0,7.0,130.0,64.0,32.0,90.0,37.0,429.0,1004
313510,2019,47.0,1.0,16.0,8.0,10.0,148.0,41.0,31.0,97.0,41.0,446.0,1048
313520,2012,19.0,2.0,15.0,7.0,10.0,94.0,9.0,13.0,42.0,56.0,285.0,985
313520,2013,0.0,0.0,0.0,0.0,0.0,0.0,0.0,0.0,0.0,0.0,307.0,1013
313520,2014,20.0,1.0,3.0,15.0,3.0,124.0,19.0,24.0,60.0,61.0,334.0,1032
313520,2015,24.0,2.0,5.0,5.0,5.0,119.0,24.0,22.0,57.0,62.0,330.0,952
313520,2016,14.0,1.0,17.0,6.0,6.0,126.0,17.0,35.0,52.0,82.0,360.0,1012
313520,2017,19.0,6.0,11.0,13.0,5.0,138.0,35.0,31.0,48.0,77.0,387.0,1035
313520,2018,28.0,3.0,11.0,16.0,4.0,126.0,26.0,25.0,64.0,70.0,380.0,1053
313520,2019,23.0,7.0,15.0,8.0,14.0,129.0,41.0,24.0,49.0,40.0,351.0,913
313530,2012,3.0,0.0,0.0,1.0,1.0,22.0,0.0,0.0,13.0,1.0,44.0,57
313530,2013,0.0,0.0,0.0,0.0,0.0,0.0,0.0,0.0,0.0,0.0,37.0,41
313530,2014,3.0,0.0,0.0,1.0,0.0,10.0,5.0,2.0,5.0,5.0,35.0,41
313530,2015,2.0,0.0,2.0,0.0,1.0,12.0,5.0,1.0,11.0,1.0,37.0,42
313530,2016,4.0,0.0,0.0,0.0,0.0,14.0,4.0,0.0,9.0,2.0,37.0,44
313530,2017,2.0,0.0,0.0,1.0,0.0,23.0,6.0,1.0,18.0,1.0,57.0,67
313530,2018,4.0,0.0,0.0,0.0,0.0,25.0,6.0,1.0,17.0,0.0,54.0,63
313530,2019,4.0,0.0,0.0,1.0,1.0,20.0,4.0,0.0,9.0,2.0,41.0,50
313535,2012,4.0,1.0,0.0,0.0,1.0,12.0,3.0,4.0,11.0,14.0,52.0,101
313535,2013,0.0,0.0,0.0,0.0,0.0,0.0,0.0,0.0,0.0,0.0,54.0,113
313535,2014,4.0,0.0,0.0,2.0,1.0,15.0,3.0,1.0,9.0,8.0,43.0,97
313535,2015,3.0,0.0,0.0,4.0,1.0,18.0,1.0,5.0,6.0,11.0,52.0,91
313535,2016,0.0,0.0,0.0,1.0,1.0,13.0,1.0,4.0,10.0,10.0,40.0,93
313535,2017,3.0,0.0,2.0,3.0,2.0,19.0,7.0,2.0,6.0,6.0,52.0,107
313535,2018,5.0,0.0,0.0,4.0,1.0,16.0,11.0,4.0,9.0,10.0,62.0,109
313535,2019,4.0,0.0,2.0,3.0,2.0,18.0,7.0,4.0,6.0,5.0,51.0,108
313540,2012,3.0,0.0,0.0,1.0,1.0,5.0,0.0,1.0,11.0,7.0,30.0,51
313540,2013,0.0,0.0,0.0,0.0,0.0,0.0,0.0,0.0,0.0,0.0,24.0,38
313540,2014,1.0,1.0,0.0,1.0,0.0,11.0,4.0,3.0,9.0,11.0,42.0,66
313540,2015,5.0,0.0,0.0,2.0,0.0,16.0,2.0,2.0,14.0,6.0,47.0,77
313540,2016,1.0,0.0,0.0,0.0,1.0,17.0,1.0,4.0,6.0,7.0,37.0,47
313540,2017,1.0,0.0,4.0,2.0,1.0,16.0,3.0,3.0,6.0,5.0,46.0,67
313540,2018,1.0,0.0,2.0,0.0,0.0,14.0,3.0,3.0,3.0,11.0,37.0,56
313540,2019,2.0,0.0,4.0,3.0,0.0,21.0,6.0,2.0,5.0,5.0,52.0,67
313545,2012,4.0,0.0,0.0,1.0,1.0,1.0,0.0,0.0,1.0,1.0,11.0,65
313545,2013,0.0,0.0,0.0,0.0,0.0,0.0,0.0,0.0,0.0,0.0,25.0,85
313545,2014,1.0,0.0,0.0,0.0,1.0,5.0,2.0,1.0,4.0,2.0,17.0,90
313545,2015,3.0,0.0,2.0,0.0,0.0,4.0,2.0,4.0,6.0,4.0,28.0,93
313545,2016,0.0,0.0,2.0,0.0,0.0,2.0,1.0,2.0,3.0,4.0,15.0,63
313545,2017,4.0,0.0,2.0,1.0,1.0,8.0,1.0,2.0,9.0,2.0,32.0,89
313545,2018,5.0,0.0,2.0,0.0,0.0,6.0,5.0,1.0,7.0,4.0,32.0,85
313545,2019,1.0,0.0,0.0,0.0,0.0,8.0,1.0,4.0,3.0,5.0,23.0,68
313550,2012,18.0,0.0,4.0,0.0,1.0,20.0,6.0,0.0,33.0,5.0,91.0,156
313550,2013,0.0,0.0,0.0,0.0,0.0,0.0,0.0,0.0,0.0,0.0,59.0,100
313550,2014,8.0,0.0,2.0,0.0,1.0,16.0,12.0,3.0,21.0,4.0,75.0,126
313550,2015,9.0,0.0,0.0,4.0,2.0,19.0,7.0,0.0,21.0,4.0,70.0,122
313550,2016,5.0,0.0,2.0,2.0,0.0,21.0,15.0,0.0,18.0,4.0,68.0,124
313550,2017,8.0,0.0,6.0,0.0,3.0,18.0,8.0,0.0,35.0,2.0,80.0,125
313550,2018,7.0,1.0,0.0,2.0,1.0,29.0,16.0,0.0,37.0,1.0,95.0,149
313550,2019,3.0,0.0,4.0,1.0,2.0,33.0,17.0,3.0,35.0,5.0,103.0,155
313560,2012,2.0,1.0,1.0,1.0,0.0,17.0,1.0,4.0,6.0,6.0,42.0,104
313560,2013,0.0,0.0,0.0,0.0,0.0,0.0,0.0,0.0,0.0,0.0,33.0,83
313560,2014,4.0,0.0,0.0,0.0,0.0,16.0,5.0,0.0,8.0,8.0,41.0,96
313560,2015,3.0,0.0,2.0,1.0,0.0,15.0,3.0,2.0,6.0,4.0,37.0,85
313560,2016,6.0,0.0,0.0,1.0,0.0,8.0,2.0,2.0,9.0,4.0,32.0,83
313560,2017,2.0,0.0,0.0,4.0,1.0,9.0,8.0,3.0,10.0,3.0,40.0,91
313560,2018,5.0,0.0,2.0,2.0,3.0,13.0,4.0,1.0,7.0,3.0,40.0,78
313560,2019,6.0,0.0,0.0,1.0,1.0,7.0,4.0,3.0,10.0,2.0,34.0,73
313570,2012,4.0,0.0,0.0,1.0,1.0,6.0,3.0,0.0,5.0,0.0,21.0,51
313570,2013,0.0,0.0,0.0,0.0,0.0,0.0,0.0,0.0,0.0,0.0,19.0,57
313570,2014,1.0,0.0,2.0,1.0,0.0,2.0,4.0,0.0,4.0,4.0,19.0,57
313570,2015,0.0,0.0,0.0,0.0,0.0,9.0,2.0,2.0,7.0,2.0,26.0,66
313570,2016,2.0,0.0,0.0,1.0,0.0,7.0,1.0,1.0,3.0,2.0,18.0,54
313570,2017,3.0,0.0,0.0,1.0,1.0,2.0,1.0,1.0,10.0,4.0,24.0,47
313570,2018,4.0,0.0,2.0,0.0,1.0,9.0,2.0,1.0,7.0,1.0,27.0,57
313570,2019,2.0,0.0,0.0,1.0,3.0,6.0,4.0,2.0,7.0,2.0,28.0,62
313580,2012,13.0,0.0,2.0,5.0,2.0,18.0,6.0,2.0,11.0,8.0,78.0,260
313580,2013,0.0,0.0,0.0,0.0,0.0,0.0,0.0,0.0,0.0,0.0,90.0,277
313580,2014,3.0,0.0,2.0,0.0,0.0,3.0,1.0,1.0,1.0,0.0,93.0,293
313580,2015,4.0,0.0,4.0,1.0,1.0,1.0,1.0,0.0,2.0,2.0,113.0,284
313580,2016,1.0,0.0,4.0,0.0,0.0,1.0,0.0,1.0,7.0,1.0,94.0,286
313580,2017,12.0,0.0,7.0,0.0,0.0,24.0,12.0,10.0,25.0,12.0,110.0,279
313580,2018,10.0,0.0,0.0,2.0,0.0,26.0,7.0,11.0,6.0,25.0,110.0,266
313580,2019,18.0,2.0,8.0,3.0,0.0,32.0,12.0,9.0,11.0,17.0,138.0,285
313590,2012,7.0,0.0,0.0,1.0,1.0,5.0,6.0,0.0,7.0,3.0,31.0,50
313590,2013,0.0,0.0,0.0,0.0,0.0,0.0,0.0,0.0,0.0,0.0,38.0,52
313590,2014,0.0,0.0,0.0,2.0,1.0,9.0,6.0,1.0,6.0,6.0,31.0,47
313590,2015,2.0,0.0,2.0,0.0,0.0,9.0,4.0,0.0,10.0,4.0,40.0,61
313590,2016,5.0,0.0,0.0,4.0,1.0,2.0,7.0,1.0,4.0,6.0,30.0,50
313590,2017,3.0,0.0,0.0,3.0,5.0,12.0,4.0,0.0,9.0,5.0,42.0,63
313590,2018,5.0,0.0,2.0,0.0,1.0,9.0,2.0,2.0,13.0,6.0,40.0,55
313590,2019,3.0,0.0,0.0,0.0,1.0,13.0,1.0,1.0,8.0,2.0,29.0,50
313600,2012,0.0,0.0,8.0,0.0,0.0,3.0,1.0,2.0,0.0,1.0,78.0,228
313600,2013,0.0,0.0,0.0,0.0,0.0,0.0,0.0,0.0,0.0,0.0,77.0,198
313600,2014,6.0,0.0,2.0,0.0,1.0,5.0,3.0,7.0,6.0,8.0,87.0,238
313600,2015,0.0,0.0,2.0,0.0,0.0,1.0,0.0,1.0,2.0,1.0,85.0,216
313600,2016,0.0,0.0,0.0,0.0,0.0,2.0,1.0,0.0,1.0,1.0,55.0,190
313600,2017,3.0,0.0,2.0,0.0,0.0,3.0,1.0,0.0,1.0,0.0,53.0,191
313600,2018,4.0,0.0,6.0,1.0,0.0,3.0,0.0,0.0,0.0,1.0,84.0,222
313600,2019,5.0,0.0,4.0,0.0,0.0,1.0,1.0,0.0,2.0,1.0,69.0,189
313610,2012,4.0,0.0,0.0,0.0,0.0,6.0,2.0,1.0,2.0,3.0,18.0,42
313610,2013,0.0,0.0,0.0,0.0,0.0,0.0,0.0,0.0,0.0,0.0,21.0,36
313610,2014,1.0,0.0,0.0,1.0,2.0,9.0,2.0,2.0,3.0,2.0,24.0,49
313610,2015,0.0,0.0,0.0,0.0,1.0,10.0,1.0,3.0,3.0,1.0,19.0,38
313610,2016,2.0,0.0,1.0,0.0,0.0,6.0,0.0,1.0,3.0,2.0,15.0,45
313610,2017,1.0,0.0,0.0,0.0,1.0,6.0,1.0,1.0,1.0,1.0,12.0,34
313610,2018,2.0,0.0,0.0,1.0,2.0,4.0,3.0,2.0,5.0,1.0,20.0,45
313610,2019,0.0,0.0,2.0,1.0,0.0,10.0,2.0,0.0,5.0,1.0,21.0,57
313620,2012,62.0,1.0,11.0,20.0,20.0,156.0,35.0,15.0,135.0,91.0,570.0,991
313620,2013,0.0,0.0,0.0,0.0,0.0,0.0,0.0,0.0,0.0,0.0,649.0,1002
313620,2014,58.0,1.0,23.0,21.0,21.0,149.0,55.0,38.0,137.0,90.0,628.0,949
313620,2015,45.0,2.0,12.0,11.0,8.0,175.0,57.0,28.0,180.0,84.0,619.0,973
313620,2016,35.0,2.0,18.0,13.0,17.0,149.0,38.0,32.0,146.0,87.0,562.0,901
313620,2017,29.0,1.0,23.0,13.0,18.0,146.0,37.0,20.0,169.0,70.0,572.0,876
313620,2018,47.0,0.0,16.0,8.0,10.0,189.0,44.0,23.0,167.0,53.0,597.0,906
313620,2019,46.0,0.0,35.0,12.0,12.0,179.0,43.0,14.0,147.0,55.0,582.0,955
313630,2012,32.0,0.0,10.0,5.0,6.0,83.0,15.0,8.0,65.0,35.0,357.0,628
313630,2013,0.0,0.0,0.0,0.0,0.0,0.0,0.0,0.0,0.0,0.0,399.0,613
313630,2014,51.0,0.0,11.0,7.0,5.0,132.0,38.0,17.0,102.0,68.0,482.0,686
313630,2015,52.0,0.0,3.0,15.0,9.0,132.0,47.0,24.0,80.0,74.0,480.0,710
313630,2016,58.0,2.0,12.0,9.0,11.0,149.0,30.0,53.0,68.0,121.0,513.0,676
313630,2017,44.0,5.0,4.0,5.0,6.0,232.0,19.0,48.0,62.0,71.0,497.0,645
313630,2018,36.0,1.0,4.0,9.0,3.0,241.0,31.0,36.0,48.0,114.0,523.0,657
313630,2019,67.0,1.0,9.0,14.0,7.0,200.0,21.0,91.0,43.0,154.0,607.0,731
313640,2012,1.0,0.0,0.0,1.0,1.0,1.0,0.0,1.0,1.0,2.0,8.0,40
313640,2013,0.0,0.0,0.0,0.0,0.0,0.0,0.0,0.0,0.0,0.0,8.0,33
313640,2014,2.0,0.0,0.0,0.0,0.0,5.0,0.0,0.0,0.0,3.0,10.0,35
313640,2015,0.0,0.0,2.0,0.0,1.0,4.0,1.0,0.0,0.0,3.0,12.0,35
313640,2016,1.0,0.0,2.0,1.0,1.0,4.0,1.0,1.0,0.0,1.0,12.0,35
313640,2017,3.0,0.0,0.0,1.0,0.0,4.0,1.0,1.0,1.0,3.0,16.0,48
313640,2018,0.0,0.0,0.0,2.0,0.0,3.0,0.0,3.0,1.0,3.0,12.0,36
313640,2019,4.0,0.0,0.0,1.0,0.0,4.0,1.0,0.0,5.0,3.0,19.0,44
313650,2012,7.0,0.0,0.0,1.0,4.0,9.0,0.0,9.0,1.0,13.0,49.0,126
313650,2013,0.0,0.0,0.0,0.0,0.0,0.0,0.0,0.0,0.0,0.0,35.0,103
313650,2014,5.0,0.0,0.0,0.0,0.0,8.0,1.0,4.0,1.0,2.0,26.0,128
313650,2015,2.0,0.0,2.0,0.0,0.0,7.0,5.0,3.0,2.0,6.0,32.0,110
313650,2016,1.0,0.0,1.0,0.0,1.0,5.0,0.0,4.0,0.0,5.0,20.0,98
313650,2017,2.0,0.0,2.0,1.0,0.0,8.0,1.0,3.0,2.0,0.0,19.0,112
313650,2018,3.0,0.0,0.0,0.0,0.0,3.0,2.0,5.0,3.0,4.0,24.0,118
313650,2019,2.0,0.0,0.0,0.0,0.0,14.0,4.0,3.0,2.0,4.0,36.0,110
313652,2012,1.0,0.0,0.0,0.0,0.0,3.0,1.0,1.0,1.0,3.0,12.0,54
313652,2013,0.0,0.0,0.0,0.0,0.0,0.0,0.0,0.0,0.0,0.0,25.0,66
313652,2014,0.0,0.0,0.0,1.0,0.0,3.0,2.0,0.0,3.0,4.0,20.0,61
313652,2015,2.0,0.0,0.0,1.0,0.0,7.0,1.0,3.0,0.0,3.0,18.0,43
313652,2016,0.0,0.0,0.0,1.0,0.0,6.0,0.0,4.0,2.0,3.0,18.0,51
313652,2017,0.0,0.0,2.0,1.0,0.0,9.0,5.0,4.0,1.0,4.0,31.0,60
313652,2018,0.0,0.0,2.0,1.0,0.0,6.0,0.0,0.0,0.0,5.0,15.0,40
313652,2019,1.0,0.0,0.0,0.0,0.0,1.0,0.0,1.0,0.0,1.0,13.0,35
313655,2012,6.0,0.0,2.0,1.0,3.0,8.0,0.0,0.0,6.0,5.0,36.0,64
313655,2013,0.0,0.0,0.0,0.0,0.0,0.0,0.0,0.0,0.0,0.0,35.0,65
313655,2014,2.0,0.0,0.0,0.0,0.0,8.0,3.0,4.0,2.0,2.0,26.0,50
313655,2015,2.0,0.0,2.0,1.0,1.0,4.0,2.0,1.0,7.0,5.0,31.0,58
313655,2016,2.0,0.0,0.0,2.0,1.0,4.0,3.0,0.0,6.0,4.0,25.0,51
313655,2017,1.0,0.0,3.0,1.0,1.0,1.0,2.0,1.0,6.0,3.0,21.0,45
313655,2018,2.0,0.0,2.0,0.0,0.0,11.0,3.0,0.0,3.0,4.0,26.0,50
313655,2019,0.0,0.0,0.0,0.0,1.0,11.0,2.0,1.0,9.0,3.0,27.0,47
313657,2012,1.0,0.0,0.0,0.0,2.0,2.0,2.0,0.0,3.0,3.0,13.0,56
313657,2013,0.0,0.0,0.0,0.0,0.0,0.0,0.0,0.0,0.0,0.0,14.0,58
313657,2014,1.0,0.0,0.0,0.0,1.0,8.0,3.0,2.0,2.0,3.0,20.0,46
313657,2015,0.0,0.0,2.0,0.0,0.0,7.0,0.0,1.0,2.0,6.0,18.0,41
313657,2016,1.0,0.0,0.0,0.0,0.0,3.0,2.0,5.0,1.0,4.0,16.0,32
313657,2017,3.0,0.0,0.0,0.0,1.0,3.0,2.0,0.0,0.0,6.0,16.0,44
313657,2018,3.0,0.0,0.0,0.0,0.0,3.0,2.0,1.0,3.0,0.0,14.0,31
313657,2019,1.0,0.0,2.0,0.0,0.0,3.0,2.0,2.0,2.0,4.0,17.0,39
313660,2012,6.0,0.0,0.0,1.0,0.0,7.0,1.0,1.0,1.0,3.0,22.0,66
313660,2013,0.0,0.0,0.0,0.0,0.0,0.0,0.0,0.0,0.0,0.0,19.0,58
313660,2014,1.0,0.0,0.0,0.0,0.0,6.0,1.0,1.0,8.0,5.0,27.0,66
313660,2015,1.0,0.0,1.0,2.0,1.0,6.0,5.0,0.0,2.0,4.0,23.0,68
313660,2016,4.0,0.0,0.0,1.0,0.0,5.0,0.0,0.0,6.0,0.0,20.0,79
313660,2017,4.0,0.0,0.0,1.0,1.0,5.0,2.0,0.0,12.0,0.0,28.0,75
313660,2018,2.0,0.0,0.0,2.0,1.0,7.0,0.0,0.0,3.0,6.0,21.0,67
313660,2019,0.0,0.0,0.0,2.0,0.0,16.0,1.0,1.0,4.0,4.0,29.0,92
313665,2012,42.0,1.0,4.0,3.0,4.0,52.0,10.0,15.0,39.0,25.0,216.0,379
313665,2013,0.0,0.0,0.0,0.0,0.0,0.0,0.0,0.0,0.0,0.0,211.0,361
313665,2014,19.0,0.0,10.0,7.0,9.0,86.0,14.0,41.0,50.0,43.0,282.0,469
313665,2015,20.0,1.0,8.0,8.0,8.0,89.0,9.0,19.0,43.0,28.0,241.0,422
313665,2016,13.0,0.0,11.0,3.0,6.0,74.0,8.0,17.0,40.0,27.0,203.0,385
313665,2017,14.0,0.0,6.0,7.0,12.0,72.0,14.0,10.0,46.0,20.0,203.0,392
313665,2018,19.0,0.0,9.0,6.0,3.0,75.0,14.0,5.0,38.0,10.0,181.0,387
313665,2019,14.0,0.0,6.0,8.0,4.0,79.0,13.0,10.0,35.0,16.0,187.0,408
313670,2012,593.0,40.0,132.0,138.0,184.0,1044.0,283.0,66.0,1258.0,363.0,4351.0,6796
313670,2013,0.0,0.0,0.0,0.0,0.0,0.0,0.0,0.0,0.0,0.0,4143.0,6495
313670,2014,391.0,14.0,168.0,92.0,130.0,1227.0,405.0,129.0,1210.0,367.0,4265.0,6770
313670,2015,364.0,11.0,125.0,88.0,116.0,1168.0,350.0,121.0,1068.0,377.0,3902.0,6722
313670,2016,337.0,20.0,131.0,90.0,97.0,1132.0,303.0,112.0,971.0,351.0,3581.0,6259
313670,2017,328.0,19.0,132.0,92.0,105.0,1242.0,322.0,68.0,1088.0,293.0,3692.0,6586
313670,2018,276.0,10.0,137.0,103.0,99.0,1310.0,326.0,92.0,1014.0,313.0,3684.0,6516
313670,2019,285.0,16.0,140.0,94.0,123.0,1338.0,291.0,104.0,949.0,302.0,3642.0,6458
313680,2012,5.0,0.0,3.0,0.0,2.0,2.0,1.0,0.0,3.0,4.0,21.0,57
313680,2013,0.0,0.0,0.0,0.0,0.0,0.0,0.0,0.0,0.0,0.0,19.0,49
313680,2014,2.0,0.0,0.0,1.0,0.0,5.0,1.0,0.0,3.0,3.0,15.0,39
313680,2015,3.0,0.0,0.0,0.0,0.0,4.0,2.0,0.0,2.0,3.0,14.0,41
313680,2016,2.0,0.0,0.0,0.0,3.0,6.0,0.0,1.0,3.0,2.0,18.0,43
313680,2017,2.0,0.0,2.0,1.0,0.0,8.0,2.0,1.0,4.0,5.0,25.0,50
313680,2018,2.0,0.0,2.0,1.0,0.0,10.0,2.0,1.0,1.0,3.0,22.0,50
313680,2019,0.0,0.0,0.0,1.0,1.0,7.0,0.0,2.0,2.0,3.0,16.0,40
313690,2012,7.0,0.0,5.0,3.0,2.0,40.0,2.0,7.0,23.0,19.0,111.0,136
313690,2013,0.0,0.0,0.0,0.0,0.0,0.0,0.0,0.0,0.0,0.0,112.0,129
313690,2014,4.0,3.0,1.0,2.0,2.0,42.0,6.0,8.0,9.0,33.0,111.0,122
313690,2015,8.0,2.0,4.0,4.0,1.0,52.0,10.0,7.0,31.0,21.0,140.0,155
313690,2016,8.0,0.0,4.0,3.0,0.0,48.0,7.0,7.0,27.0,21.0,125.0,147
313690,2017,5.0,0.0,4.0,4.0,2.0,53.0,9.0,6.0,22.0,29.0,138.0,153
313690,2018,9.0,0.0,2.0,2.0,4.0,39.0,7.0,8.0,27.0,12.0,110.0,123
313690,2019,11.0,0.0,2.0,1.0,3.0,47.0,9.0,4.0,28.0,16.0,122.0,131
313695,2012,3.0,0.0,0.0,0.0,0.0,6.0,0.0,0.0,1.0,1.0,12.0,66
313695,2013,0.0,0.0,0.0,0.0,0.0,0.0,0.0,0.0,0.0,0.0,15.0,70
313695,2014,2.0,0.0,0.0,1.0,1.0,8.0,1.0,17.0,4.0,9.0,44.0,101
313695,2015,2.0,0.0,0.0,5.0,2.0,9.0,0.0,5.0,1.0,9.0,34.0,72
313695,2016,3.0,1.0,0.0,3.0,0.0,4.0,4.0,3.0,3.0,5.0,29.0,63
313695,2017,1.0,0.0,0.0,2.0,1.0,5.0,0.0,8.0,2.0,6.0,26.0,63
313695,2018,6.0,0.0,0.0,0.0,1.0,13.0,3.0,6.0,3.0,7.0,39.0,73
313695,2019,2.0,0.0,0.0,0.0,0.0,7.0,5.0,3.0,0.0,5.0,23.0,56
313700,2012,3.0,0.0,0.0,0.0,2.0,9.0,1.0,2.0,7.0,8.0,33.0,193
313700,2013,0.0,0.0,0.0,0.0,0.0,0.0,0.0,0.0,0.0,0.0,45.0,192
313700,2014,4.0,0.0,0.0,2.0,1.0,13.0,0.0,10.0,14.0,12.0,58.0,219
313700,2015,4.0,0.0,2.0,2.0,0.0,19.0,3.0,3.0,7.0,10.0,51.0,197
313700,2016,4.0,0.0,4.0,1.0,4.0,20.0,5.0,8.0,7.0,8.0,62.0,196
313700,2017,7.0,0.0,1.0,1.0,3.0,14.0,3.0,5.0,11.0,9.0,56.0,200
313700,2018,8.0,0.0,0.0,2.0,2.0,20.0,5.0,2.0,14.0,10.0,64.0,198
313700,2019,6.0,0.0,0.0,6.0,0.0,25.0,5.0,4.0,11.0,12.0,74.0,218
313710,2012,13.0,1.0,2.0,1.0,0.0,19.0,3.0,3.0,17.0,9.0,68.0,99
313710,2013,0.0,0.0,0.0,0.0,0.0,0.0,0.0,0.0,0.0,0.0,34.0,52
313710,2014,3.0,0.0,2.0,1.0,0.0,14.0,4.0,0.0,9.0,0.0,33.0,55
313710,2015,2.0,0.0,0.0,1.0,3.0,8.0,5.0,2.0,8.0,6.0,35.0,59
313710,2016,6.0,0.0,2.0,1.0,1.0,12.0,0.0,1.0,6.0,0.0,29.0,46
313710,2017,3.0,0.0,2.0,2.0,0.0,11.0,5.0,0.0,8.0,3.0,34.0,59
313710,2018,3.0,2.0,1.0,0.0,1.0,20.0,2.0,2.0,4.0,2.0,37.0,64
313710,2019,7.0,0.0,1.0,2.0,0.0,10.0,2.0,2.0,7.0,3.0,34.0,46
313720,2012,45.0,0.0,12.0,5.0,7.0,130.0,38.0,2.0,150.0,17.0,455.0,568
313720,2013,0.0,0.0,0.0,0.0,0.0,0.0,0.0,0.0,0.0,0.0,421.0,509
313720,2014,64.0,0.0,10.0,8.0,4.0,130.0,39.0,15.0,133.0,49.0,496.0,556
313720,2015,49.0,1.0,4.0,6.0,15.0,161.0,42.0,17.0,119.0,52.0,544.0,621
313720,2016,66.0,0.0,10.0,5.0,3.0,145.0,49.0,17.0,148.0,42.0,545.0,623
313720,2017,55.0,0.0,11.0,5.0,6.0,171.0,50.0,9.0,165.0,25.0,524.0,600
313720,2018,60.0,0.0,10.0,8.0,7.0,198.0,46.0,6.0,187.0,12.0,544.0,594
313720,2019,48.0,1.0,13.0,7.0,7.0,224.0,46.0,5.0,185.0,17.0,554.0,663
313730,2012,0.0,0.0,0.0,1.0,0.0,4.0,2.0,0.0,2.0,1.0,10.0,44
313730,2013,0.0,0.0,0.0,0.0,0.0,0.0,0.0,0.0,0.0,0.0,20.0,43
313730,2014,0.0,0.0,0.0,0.0,1.0,3.0,1.0,1.0,2.0,5.0,13.0,45
313730,2015,4.0,0.0,0.0,1.0,0.0,5.0,1.0,0.0,3.0,8.0,22.0,60
313730,2016,2.0,0.0,3.0,1.0,0.0,3.0,1.0,0.0,2.0,2.0,14.0,27
313730,2017,1.0,1.0,3.0,0.0,2.0,6.0,1.0,0.0,3.0,2.0,19.0,38
313730,2018,3.0,0.0,2.0,1.0,0.0,7.0,2.0,0.0,2.0,6.0,23.0,47
313730,2019,0.0,0.0,0.0,1.0,1.0,8.0,0.0,1.0,3.0,2.0,16.0,48
313740,2012,14.0,0.0,4.0,0.0,0.0,22.0,3.0,5.0,9.0,8.0,79.0,113
313740,2013,0.0,0.0,0.0,0.0,0.0,0.0,0.0,0.0,0.0,0.0,100.0,152
313740,2014,9.0,2.0,2.0,1.0,1.0,28.0,14.0,3.0,38.0,8.0,115.0,166
313740,2015,5.0,0.0,3.0,2.0,1.0,25.0,10.0,4.0,23.0,12.0,91.0,150
313740,2016,6.0,1.0,6.0,4.0,2.0,34.0,10.0,7.0,27.0,4.0,112.0,139
313740,2017,9.0,3.0,0.0,1.0,4.0,36.0,11.0,4.0,35.0,9.0,118.0,152
313740,2018,5.0,0.0,4.0,2.0,2.0,39.0,16.0,2.0,25.0,16.0,111.0,142
313740,2019,8.0,0.0,1.0,3.0,1.0,40.0,9.0,7.0,22.0,11.0,102.0,140
313750,2012,12.0,2.0,6.0,3.0,0.0,24.0,3.0,0.0,19.0,9.0,81.0,150
313750,2013,0.0,0.0,0.0,0.0,0.0,0.0,0.0,0.0,0.0,0.0,100.0,169
313750,2014,8.0,0.0,3.0,1.0,1.0,24.0,5.0,4.0,16.0,16.0,78.0,142
313750,2015,7.0,1.0,1.0,2.0,0.0,29.0,8.0,7.0,22.0,11.0,88.0,178
313750,2016,12.0,0.0,2.0,4.0,6.0,25.0,13.0,1.0,43.0,7.0,113.0,184
313750,2017,20.0,0.0,13.0,1.0,2.0,38.0,14.0,6.0,38.0,12.0,144.0,218
313750,2018,17.0,0.0,1.0,3.0,1.0,41.0,11.0,3.0,38.0,7.0,122.0,197
313750,2019,15.0,0.0,3.0,2.0,1.0,46.0,12.0,6.0,28.0,8.0,121.0,207
313753,2012,6.0,0.0,0.0,1.0,0.0,20.0,2.0,3.0,5.0,5.0,44.0,95
313753,2013,0.0,0.0,0.0,0.0,0.0,0.0,0.0,0.0,0.0,0.0,44.0,97
313753,2014,1.0,0.0,1.0,0.0,1.0,13.0,3.0,2.0,5.0,9.0,36.0,74
313753,2015,7.0,0.0,9.0,1.0,1.0,18.0,2.0,3.0,10.0,9.0,62.0,107
313753,2016,5.0,0.0,2.0,3.0,0.0,14.0,4.0,0.0,18.0,3.0,49.0,90
313753,2017,5.0,0.0,1.0,3.0,2.0,23.0,6.0,2.0,19.0,8.0,69.0,124
313753,2018,2.0,0.0,0.0,2.0,0.0,24.0,5.0,4.0,18.0,4.0,59.0,104
313753,2019,3.0,0.0,2.0,3.0,2.0,22.0,3.0,7.0,12.0,5.0,59.0,98
313760,2012,52.0,1.0,14.0,13.0,14.0,107.0,37.0,28.0,107.0,62.0,450.0,753
313760,2013,0.0,0.0,0.0,0.0,0.0,0.0,0.0,0.0,0.0,0.0,420.0,732
313760,2014,26.0,0.0,13.0,17.0,12.0,161.0,25.0,35.0,111.0,65.0,473.0,843
313760,2015,26.0,2.0,21.0,12.0,8.0,174.0,17.0,16.0,93.0,48.0,429.0,847
313760,2016,31.0,0.0,22.0,6.0,13.0,162.0,32.0,16.0,108.0,38.0,432.0,803
313760,2017,30.0,0.0,11.0,10.0,10.0,148.0,29.0,15.0,140.0,36.0,434.0,807
313760,2018,32.0,0.0,13.0,7.0,6.0,192.0,27.0,15.0,109.0,27.0,434.0,827
313760,2019,26.0,0.0,13.0,13.0,13.0,194.0,34.0,14.0,91.0,26.0,426.0,805
313770,2012,29.0,1.0,8.0,2.0,2.0,54.0,0.0,9.0,54.0,25.0,195.0,285
313770,2013,0.0,0.0,0.0,0.0,0.0,0.0,0.0,0.0,0.0,0.0,176.0,240
313770,2014,23.0,2.0,4.0,6.0,2.0,70.0,10.0,21.0,33.0,48.0,228.0,319
313770,2015,9.0,2.0,2.0,3.0,4.0,73.0,5.0,11.0,25.0,36.0,202.0,296
313770,2016,13.0,4.0,2.0,7.0,1.0,66.0,6.0,11.0,18.0,29.0,202.0,289
313770,2017,15.0,3.0,0.0,4.0,0.0,79.0,3.0,27.0,21.0,56.0,227.0,309
313770,2018,16.0,1.0,8.0,5.0,8.0,106.0,7.0,13.0,15.0,58.0,240.0,318
313770,2019,11.0,2.0,5.0,1.0,6.0,105.0,5.0,12.0,27.0,57.0,232.0,352
313780,2012,20.0,0.0,2.0,4.0,5.0,53.0,19.0,4.0,53.0,11.0,173.0,238
313780,2013,0.0,0.0,0.0,0.0,0.0,0.0,0.0,0.0,0.0,0.0,168.0,203
313780,2014,13.0,0.0,2.0,5.0,4.0,62.0,18.0,6.0,39.0,29.0,184.0,236
313780,2015,10.0,1.0,0.0,9.0,6.0,54.0,19.0,3.0,40.0,8.0,167.0,229
313780,2016,14.0,3.0,2.0,12.0,8.0,62.0,15.0,4.0,34.0,12.0,166.0,224
313780,2017,5.0,4.0,0.0,25.0,18.0,56.0,15.0,3.0,35.0,17.0,178.0,234
313780,2018,8.0,4.0,6.0,10.0,10.0,51.0,18.0,5.0,38.0,13.0,163.0,221
313780,2019,11.0,1.0,2.0,11.0,9.0,58.0,11.0,2.0,33.0,19.0,158.0,206
313790,2012,1.0,0.0,0.0,3.0,0.0,6.0,0.0,1.0,11.0,2.0,24.0,37
313790,2013,0.0,0.0,0.0,0.0,0.0,0.0,0.0,0.0,0.0,0.0,26.0,31
313790,2014,1.0,0.0,0.0,1.0,0.0,11.0,4.0,1.0,4.0,4.0,26.0,31
313790,2015,0.0,0.0,0.0,1.0,2.0,15.0,2.0,1.0,6.0,2.0,29.0,38
313790,2016,2.0,0.0,2.0,0.0,1.0,10.0,2.0,2.0,2.0,4.0,25.0,34
313790,2017,1.0,0.0,0.0,0.0,0.0,11.0,0.0,1.0,6.0,3.0,22.0,33
313790,2018,0.0,0.0,0.0,0.0,1.0,11.0,4.0,0.0,6.0,1.0,23.0,27
313790,2019,0.0,0.0,2.0,1.0,0.0,11.0,1.0,2.0,6.0,4.0,27.0,36
313800,2012,21.0,0.0,0.0,0.0,1.0,4.0,0.0,1.0,5.0,2.0,34.0,41
313800,2013,0.0,0.0,0.0,0.0,0.0,0.0,0.0,0.0,0.0,0.0,31.0,34
313800,2014,2.0,0.0,0.0,0.0,1.0,8.0,0.0,1.0,0.0,2.0,25.0,37
313800,2015,3.0,0.0,0.0,2.0,1.0,9.0,0.0,1.0,4.0,2.0,35.0,46
313800,2016,2.0,0.0,0.0,0.0,0.0,7.0,2.0,4.0,2.0,10.0,30.0,36
313800,2017,4.0,0.0,3.0,0.0,0.0,14.0,3.0,3.0,9.0,13.0,54.0,63
313800,2018,5.0,0.0,0.0,0.0,1.0,13.0,2.0,1.0,11.0,3.0,36.0,48
313800,2019,4.0,0.0,0.0,1.0,1.0,14.0,4.0,0.0,5.0,4.0,33.0,38
313810,2012,3.0,0.0,0.0,2.0,0.0,6.0,1.0,1.0,9.0,0.0,26.0,85
313810,2013,0.0,0.0,0.0,0.0,0.0,0.0,0.0,0.0,0.0,0.0,34.0,70
313810,2014,0.0,0.0,0.0,1.0,0.0,6.0,5.0,1.0,8.0,6.0,27.0,67
313810,2015,9.0,0.0,0.0,1.0,2.0,12.0,4.0,1.0,14.0,7.0,50.0,93
313810,2016,1.0,0.0,0.0,2.0,0.0,8.0,7.0,1.0,9.0,5.0,33.0,63
313810,2017,1.0,0.0,4.0,1.0,2.0,14.0,3.0,2.0,9.0,5.0,41.0,74
313810,2018,0.0,0.0,4.0,2.0,1.0,21.0,7.0,2.0,6.0,1.0,44.0,89
313810,2019,1.0,0.0,2.0,1.0,0.0,16.0,4.0,4.0,11.0,4.0,43.0,81
313820,2012,64.0,0.0,19.0,12.0,12.0,299.0,31.0,32.0,216.0,164.0,874.0,1305
313820,2013,0.0,0.0,0.0,0.0,0.0,0.0,0.0,0.0,0.0,0.0,975.0,1452
313820,2014,65.0,1.0,41.0,9.0,5.0,291.0,66.0,49.0,210.0,174.0,924.0,1398
313820,2015,71.0,2.0,24.0,12.0,15.0,330.0,39.0,47.0,130.0,183.0,868.0,1395
313820,2016,66.0,30.0,16.0,10.0,11.0,297.0,68.0,27.0,248.0,86.0,859.0,1300
313820,2017,82.0,4.0,40.0,14.0,23.0,340.0,80.0,30.0,257.0,99.0,969.0,1437
313820,2018,97.0,2.0,22.0,12.0,18.0,348.0,74.0,24.0,299.0,79.0,975.0,1441
313820,2019,101.0,7.0,31.0,12.0,14.0,364.0,92.0,8.0,311.0,38.0,979.0,1456
313830,2012,1.0,0.0,0.0,0.0,0.0,4.0,2.0,0.0,7.0,1.0,15.0,27
313830,2013,0.0,0.0,0.0,0.0,0.0,0.0,0.0,0.0,0.0,0.0,24.0,39
313830,2014,2.0,0.0,0.0,0.0,0.0,6.0,5.0,0.0,4.0,1.0,20.0,37
313830,2015,1.0,0.0,0.0,0.0,0.0,9.0,2.0,0.0,5.0,2.0,19.0,32
313830,2016,3.0,0.0,0.0,0.0,1.0,4.0,2.0,1.0,5.0,0.0,16.0,28
313830,2017,0.0,0.0,2.0,1.0,1.0,6.0,0.0,0.0,7.0,0.0,17.0,31
313830,2018,1.0,0.0,0.0,0.0,1.0,11.0,0.0,1.0,2.0,3.0,19.0,29
313830,2019,4.0,0.0,0.0,0.0,0.0,7.0,1.0,1.0,4.0,0.0,18.0,24
313835,2012,0.0,0.0,4.0,2.0,2.0,7.0,1.0,1.0,1.0,0.0,19.0,60
313835,2013,0.0,0.0,0.0,0.0,0.0,0.0,0.0,0.0,0.0,0.0,19.0,53
313835,2014,1.0,0.0,0.0,0.0,0.0,5.0,3.0,5.0,0.0,3.0,21.0,52
313835,2015,2.0,0.0,0.0,0.0,2.0,4.0,2.0,3.0,3.0,8.0,25.0,54
313835,2016,2.0,0.0,0.0,0.0,0.0,10.0,4.0,4.0,2.0,2.0,26.0,49
313835,2017,2.0,0.0,2.0,0.0,0.0,5.0,0.0,3.0,2.0,6.0,23.0,51
313835,2018,0.0,0.0,4.0,0.0,0.0,4.0,2.0,2.0,3.0,4.0,20.0,45
313835,2019,0.0,0.0,0.0,0.0,0.0,3.0,1.0,1.0,1.0,0.0,10.0,37
313840,2012,62.0,2.0,15.0,6.0,11.0,146.0,21.0,7.0,141.0,67.0,488.0,683
313840,2013,0.0,0.0,0.0,0.0,0.0,0.0,0.0,0.0,0.0,0.0,407.0,593
313840,2014,36.0,0.0,6.0,6.0,9.0,150.0,38.0,23.0,111.0,57.0,440.0,635
313840,2015,24.0,0.0,15.0,3.0,2.0,156.0,24.0,21.0,99.0,57.0,405.0,624
313840,2016,41.0,0.0,14.0,3.0,10.0,136.0,18.0,23.0,69.0,88.0,402.0,616
313840,2017,38.0,0.0,8.0,7.0,10.0,169.0,30.0,24.0,80.0,70.0,436.0,651
313840,2018,32.0,1.0,16.0,24.0,16.0,162.0,18.0,26.0,64.0,80.0,439.0,629
313840,2019,28.0,3.0,6.0,45.0,23.0,144.0,19.0,27.0,41.0,79.0,415.0,610
313850,2012,4.0,0.0,0.0,0.0,0.0,2.0,3.0,0.0,7.0,4.0,21.0,37
313850,2013,0.0,0.0,0.0,0.0,0.0,0.0,0.0,0.0,0.0,0.0,21.0,30
313850,2014,5.0,0.0,0.0,2.0,2.0,11.0,2.0,1.0,3.0,1.0,28.0,42
313850,2015,4.0,1.0,2.0,3.0,2.0,11.0,6.0,0.0,8.0,1.0,39.0,60
313850,2016,2.0,0.0,0.0,4.0,2.0,8.0,1.0,0.0,4.0,1.0,22.0,36
313850,2017,5.0,0.0,0.0,2.0,3.0,9.0,6.0,0.0,7.0,1.0,33.0,42
313850,2018,2.0,0.0,0.0,6.0,2.0,7.0,4.0,0.0,5.0,4.0,30.0,43
313850,2019,1.0,0.0,0.0,5.0,2.0,13.0,1.0,0.0,6.0,4.0,32.0,41
313860,2012,14.0,0.0,0.0,5.0,9.0,24.0,9.0,6.0,26.0,5.0,107.0,178
313860,2013,0.0,0.0,0.0,0.0,0.0,0.0,0.0,0.0,0.0,0.0,87.0,175
313860,2014,8.0,0.0,2.0,2.0,6.0,25.0,17.0,2.0,37.0,5.0,107.0,174
313860,2015,6.0,0.0,1.0,4.0,4.0,25.0,14.0,5.0,24.0,4.0,89.0,180
313860,2016,7.0,0.0,0.0,7.0,3.0,26.0,10.0,1.0,18.0,6.0,80.0,170
313860,2017,5.0,1.0,2.0,5.0,3.0,31.0,9.0,3.0,27.0,2.0,89.0,168
313860,2018,3.0,0.0,1.0,1.0,2.0,35.0,8.0,1.0,22.0,7.0,91.0,178
313860,2019,4.0,0.0,0.0,2.0,1.0,39.0,17.0,2.0,26.0,7.0,100.0,181
313862,2012,4.0,0.0,0.0,0.0,2.0,16.0,0.0,7.0,4.0,23.0,60.0,71
313862,2013,0.0,0.0,0.0,0.0,0.0,0.0,0.0,0.0,0.0,0.0,63.0,80
313862,2014,0.0,0.0,2.0,1.0,1.0,30.0,1.0,9.0,9.0,25.0,79.0,92
313862,2015,8.0,0.0,4.0,1.0,0.0,35.0,2.0,10.0,9.0,25.0,95.0,105
313862,2016,8.0,0.0,2.0,0.0,0.0,36.0,5.0,6.0,21.0,16.0,94.0,102
313862,2017,3.0,0.0,2.0,2.0,0.0,45.0,10.0,5.0,24.0,16.0,108.0,117
313862,2018,4.0,0.0,4.0,3.0,0.0,47.0,7.0,4.0,15.0,7.0,91.0,101
313862,2019,9.0,0.0,0.0,2.0,1.0,39.0,1.0,5.0,19.0,18.0,94.0,103
313865,2012,2.0,0.0,4.0,1.0,0.0,12.0,1.0,4.0,6.0,12.0,44.0,90
313865,2013,0.0,0.0,0.0,0.0,0.0,0.0,0.0,0.0,0.0,0.0,49.0,96
313865,2014,0.0,0.0,1.0,3.0,1.0,11.0,7.0,1.0,6.0,11.0,41.0,94
313865,2015,3.0,1.0,4.0,5.0,0.0,14.0,2.0,2.0,5.0,6.0,43.0,120
313865,2016,5.0,1.0,0.0,0.0,1.0,12.0,4.0,2.0,8.0,11.0,45.0,99
313865,2017,3.0,0.0,3.0,2.0,2.0,19.0,12.0,5.0,18.0,6.0,70.0,132
313865,2018,1.0,0.0,0.0,5.0,0.0,25.0,9.0,5.0,7.0,8.0,61.0,114
313865,2019,3.0,0.0,0.0,2.0,0.0,22.0,7.0,2.0,10.0,9.0,55.0,108
313867,2012,7.0,0.0,4.0,0.0,1.0,10.0,3.0,3.0,21.0,3.0,58.0,78
313867,2013,0.0,0.0,0.0,0.0,0.0,0.0,0.0,0.0,0.0,0.0,66.0,96
313867,2014,3.0,0.0,3.0,0.0,1.0,21.0,10.0,1.0,24.0,1.0,66.0,104
313867,2015,8.0,0.0,0.0,2.0,2.0,15.0,8.0,1.0,15.0,3.0,54.0,87
313867,2016,4.0,3.0,4.0,2.0,2.0,19.0,5.0,3.0,25.0,2.0,69.0,100
313867,2017,6.0,1.0,2.0,0.0,0.0,29.0,1.0,7.0,5.0,22.0,78.0,111
313867,2018,8.0,0.0,0.0,1.0,0.0,23.0,4.0,3.0,22.0,6.0,67.0,94
313867,2019,4.0,0.0,0.0,1.0,1.0,36.0,5.0,1.0,23.0,3.0,74.0,113
313868,2012,8.0,0.0,2.0,1.0,1.0,14.0,2.0,3.0,4.0,4.0,40.0,102
313868,2013,0.0,0.0,0.0,0.0,0.0,0.0,0.0,0.0,0.0,0.0,22.0,67
313868,2014,0.0,0.0,2.0,0.0,2.0,16.0,1.0,1.0,0.0,8.0,31.0,96
313868,2015,3.0,0.0,2.0,1.0,1.0,10.0,2.0,4.0,3.0,5.0,33.0,79
313868,2016,2.0,1.0,0.0,2.0,0.0,14.0,4.0,4.0,4.0,2.0,33.0,90
313868,2017,4.0,1.0,0.0,2.0,1.0,11.0,2.0,3.0,7.0,4.0,35.0,85
313868,2018,4.0,0.0,0.0,0.0,0.0,16.0,3.0,4.0,8.0,7.0,42.0,104
313868,2019,2.0,0.0,2.0,3.0,0.0,10.0,0.0,1.0,3.0,2.0,23.0,73
313870,2012,2.0,0.0,0.0,0.0,0.0,12.0,3.0,0.0,9.0,7.0,34.0,56
313870,2013,0.0,0.0,0.0,0.0,0.0,0.0,0.0,0.0,0.0,0.0,30.0,45
313870,2014,2.0,0.0,4.0,0.0,0.0,13.0,4.0,1.0,5.0,9.0,38.0,55
313870,2015,2.0,1.0,0.0,0.0,0.0,12.0,1.0,4.0,4.0,12.0,36.0,62
313870,2016,1.0,1.0,2.0,1.0,0.0,11.0,2.0,3.0,8.0,1.0,30.0,53
313870,2017,5.0,0.0,0.0,0.0,0.0,10.0,1.0,0.0,7.0,3.0,26.0,42
313870,2018,7.0,0.0,0.0,2.0,0.0,19.0,5.0,3.0,7.0,3.0,46.0,57
313870,2019,6.0,0.0,0.0,1.0,0.0,15.0,3.0,2.0,12.0,1.0,40.0,56
313880,2012,9.0,0.0,0.0,2.0,2.0,29.0,8.0,1.0,26.0,10.0,89.0,208
313880,2013,0.0,0.0,0.0,0.0,0.0,0.0,0.0,0.0,0.0,0.0,72.0,187
313880,2014,9.0,0.0,0.0,4.0,5.0,23.0,10.0,2.0,21.0,4.0,80.0,179
313880,2015,5.0,3.0,5.0,8.0,5.0,27.0,17.0,1.0,22.0,1.0,96.0,181
313880,2016,10.0,0.0,7.0,8.0,4.0,37.0,18.0,3.0,36.0,4.0,129.0,219
313880,2017,16.0,0.0,0.0,5.0,4.0,28.0,16.0,2.0,38.0,2.0,112.0,188
313880,2018,7.0,1.0,0.0,6.0,5.0,24.0,14.0,2.0,26.0,9.0,94.0,181
313880,2019,9.0,0.0,5.0,2.0,1.0,39.0,12.0,3.0,31.0,5.0,107.0,187
313890,2012,1.0,0.0,0.0,2.0,0.0,8.0,1.0,3.0,6.0,3.0,26.0,82
313890,2013,0.0,0.0,0.0,0.0,0.0,0.0,0.0,0.0,0.0,0.0,43.0,90
313890,2014,5.0,0.0,0.0,2.0,2.0,12.0,5.0,9.0,5.0,3.0,43.0,99
313890,2015,2.0,0.0,0.0,0.0,1.0,6.0,2.0,2.0,7.0,15.0,35.0,81
313890,2016,9.0,0.0,0.0,1.0,0.0,10.0,7.0,2.0,6.0,2.0,37.0,84
313890,2017,0.0,0.0,2.0,0.0,4.0,12.0,6.0,1.0,2.0,5.0,32.0,88
313890,2018,0.0,0.0,0.0,1.0,3.0,14.0,3.0,1.0,2.0,1.0,26.0,93
313890,2019,4.0,0.0,0.0,1.0,2.0,11.0,4.0,0.0,4.0,3.0,33.0,84
313900,2012,21.0,2.0,14.0,6.0,6.0,72.0,7.0,5.0,38.0,21.0,283.0,491
313900,2013,0.0,0.0,0.0,0.0,0.0,0.0,0.0,0.0,0.0,0.0,271.0,420
313900,2014,29.0,0.0,6.0,1.0,7.0,82.0,21.0,11.0,62.0,59.0,286.0,470
313900,2015,19.0,1.0,16.0,5.0,3.0,79.0,9.0,21.0,33.0,64.0,255.0,431
313900,2016,22.0,0.0,7.0,3.0,5.0,85.0,19.0,25.0,55.0,57.0,279.0,476
313900,2017,30.0,1.0,15.0,6.0,4.0,92.0,18.0,25.0,56.0,81.0,329.0,512
313900,2018,26.0,1.0,10.0,3.0,2.0,119.0,24.0,18.0,42.0,67.0,318.0,452
313900,2019,30.0,0.0,14.0,6.0,5.0,98.0,20.0,29.0,45.0,83.0,358.0,469
313910,2012,7.0,0.0,5.0,2.0,0.0,4.0,4.0,1.0,6.0,3.0,37.0,55
313910,2013,0.0,0.0,0.0,0.0,0.0,0.0,0.0,0.0,0.0,0.0,37.0,47
313910,2014,1.0,0.0,0.0,0.0,3.0,10.0,4.0,2.0,10.0,2.0,32.0,48
313910,2015,2.0,0.0,0.0,0.0,2.0,12.0,1.0,0.0,9.0,6.0,32.0,43
313910,2016,4.0,0.0,4.0,2.0,0.0,13.0,3.0,4.0,8.0,6.0,44.0,56
313910,2017,4.0,0.0,0.0,0.0,0.0,18.0,4.0,1.0,18.0,6.0,51.0,60
313910,2018,7.0,1.0,1.0,1.0,1.0,14.0,2.0,6.0,9.0,8.0,50.0,59
313910,2019,5.0,0.0,2.0,2.0,2.0,11.0,2.0,4.0,1.0,11.0,42.0,51
313920,2012,11.0,2.0,1.0,5.0,4.0,22.0,2.0,5.0,18.0,16.0,97.0,250
313920,2013,0.0,0.0,0.0,0.0,0.0,0.0,0.0,0.0,0.0,0.0,91.0,224
313920,2014,6.0,2.0,7.0,3.0,3.0,34.0,8.0,9.0,17.0,26.0,122.0,259
313920,2015,5.0,1.0,2.0,1.0,3.0,28.0,15.0,10.0,17.0,29.0,114.0,250
313920,2016,9.0,0.0,2.0,3.0,3.0,23.0,11.0,12.0,20.0,27.0,115.0,244
313920,2017,7.0,0.0,4.0,6.0,4.0,34.0,7.0,10.0,10.0,26.0,113.0,211
313920,2018,8.0,1.0,0.0,4.0,3.0,33.0,6.0,17.0,8.0,28.0,116.0,231
313920,2019,11.0,0.0,2.0,1.0,1.0,37.0,12.0,9.0,14.0,25.0,123.0,216
313925,2012,0.0,0.0,0.0,1.0,0.0,7.0,4.0,0.0,9.0,8.0,35.0,59
313925,2013,0.0,0.0,0.0,0.0,0.0,0.0,0.0,0.0,0.0,0.0,23.0,44
313925,2014,1.0,0.0,0.0,2.0,0.0,10.0,3.0,3.0,2.0,3.0,30.0,47
313925,2015,2.0,2.0,0.0,1.0,1.0,6.0,0.0,2.0,4.0,9.0,33.0,62
313925,2016,4.0,0.0,0.0,0.0,2.0,8.0,2.0,6.0,3.0,11.0,40.0,62
313925,2017,1.0,0.0,3.0,1.0,1.0,13.0,2.0,5.0,2.0,8.0,42.0,65
313925,2018,2.0,0.0,0.0,1.0,1.0,14.0,2.0,3.0,2.0,9.0,44.0,65
313925,2019,1.0,0.0,0.0,1.0,2.0,15.0,5.0,7.0,2.0,9.0,42.0,56
313930,2012,18.0,0.0,3.0,2.0,1.0,26.0,1.0,10.0,1.0,33.0,100.0,329
313930,2013,0.0,0.0,0.0,0.0,0.0,0.0,0.0,0.0,0.0,0.0,122.0,325
313930,2014,14.0,1.0,0.0,3.0,3.0,43.0,4.0,21.0,8.0,41.0,140.0,351
313930,2015,16.0,1.0,1.0,2.0,1.0,30.0,6.0,21.0,2.0,33.0,116.0,308
313930,2016,10.0,0.0,4.0,4.0,3.0,35.0,12.0,12.0,17.0,23.0,129.0,302
313930,2017,13.0,0.0,2.0,4.0,2.0,36.0,1.0,20.0,1.0,36.0,127.0,311
313930,2018,15.0,0.0,2.0,7.0,2.0,32.0,3.0,24.0,5.0,20.0,119.0,280
313930,2019,10.0,0.0,1.0,6.0,3.0,36.0,5.0,13.0,10.0,19.0,111.0,291
313940,2012,157.0,6.0,20.0,13.0,10.0,215.0,85.0,11.0,288.0,36.0,898.0,1332
313940,2013,0.0,0.0,0.0,0.0,0.0,0.0,0.0,0.0,0.0,0.0,893.0,1313
313940,2014,87.0,16.0,23.0,27.0,17.0,262.0,92.0,13.0,241.0,33.0,882.0,1321
313940,2015,64.0,24.0,26.0,24.0,14.0,228.0,85.0,11.0,249.0,25.0,785.0,1333
313940,2016,63.0,39.0,14.0,32.0,21.0,246.0,84.0,8.0,249.0,28.0,829.0,1285
313940,2017,69.0,7.0,20.0,7.0,3.0,320.0,33.0,76.0,77.0,199.0,881.0,1324
313940,2018,74.0,12.0,18.0,17.0,8.0,373.0,82.0,44.0,210.0,77.0,915.0,1427
313940,2019,58.0,10.0,27.0,18.0,8.0,372.0,87.0,5.0,295.0,18.0,899.0,1372
313950,2012,49.0,2.0,3.0,3.0,3.0,33.0,4.0,13.0,19.0,19.0,197.0,285
313950,2013,0.0,0.0,0.0,0.0,0.0,0.0,0.0,0.0,0.0,0.0,203.0,273
313950,2014,19.0,0.0,7.0,3.0,3.0,65.0,12.0,26.0,17.0,44.0,221.0,295
313950,2015,17.0,1.0,3.0,2.0,2.0,52.0,9.0,16.0,30.0,52.0,189.0,288
313950,2016,15.0,5.0,7.0,6.0,3.0,61.0,10.0,14.0,39.0,27.0,193.0,291
313950,2017,16.0,1.0,2.0,1.0,3.0,59.0,6.0,9.0,10.0,44.0,157.0,260
313950,2018,18.0,1.0,4.0,2.0,1.0,80.0,7.0,14.0,45.0,29.0,203.0,327
313950,2019,9.0,2.0,4.0,1.0,1.0,76.0,20.0,3.0,57.0,16.0,192.0,288
313960,2012,23.0,0.0,0.0,4.0,10.0,83.0,10.0,8.0,36.0,50.0,234.0,370
313960,2013,0.0,0.0,0.0,0.0,0.0,0.0,0.0,0.0,0.0,0.0,204.0,309
313960,2014,15.0,2.0,7.0,1.0,6.0,100.0,6.0,18.0,21.0,75.0,266.0,377
313960,2015,13.0,1.0,8.0,3.0,4.0,84.0,7.0,14.0,41.0,65.0,252.0,353
313960,2016,16.0,4.0,5.0,4.0,6.0,80.0,9.0,16.0,23.0,62.0,228.0,321
313960,2017,16.0,3.0,8.0,3.0,4.0,79.0,10.0,18.0,19.0,60.0,227.0,333
313960,2018,12.0,3.0,9.0,7.0,6.0,119.0,11.0,26.0,20.0,53.0,269.0,362
313960,2019,12.0,0.0,5.0,7.0,4.0,91.0,7.0,17.0,36.0,55.0,234.0,338
313970,2012,4.0,0.0,4.0,0.0,1.0,6.0,1.0,0.0,12.0,3.0,34.0,75
313970,2013,0.0,0.0,0.0,0.0,0.0,0.0,0.0,0.0,0.0,0.0,48.0,84
313970,2014,4.0,0.0,2.0,2.0,1.0,13.0,2.0,1.0,13.0,3.0,48.0,79
313970,2015,0.0,1.0,0.0,2.0,1.0,12.0,2.0,4.0,8.0,5.0,35.0,74
313970,2016,2.0,0.0,2.0,3.0,0.0,14.0,9.0,0.0,6.0,2.0,41.0,85
313970,2017,4.0,0.0,2.0,2.0,1.0,5.0,2.0,2.0,4.0,9.0,33.0,67
313970,2018,3.0,0.0,3.0,2.0,1.0,17.0,6.0,1.0,7.0,2.0,43.0,87
313970,2019,5.0,0.0,2.0,3.0,2.0,13.0,1.0,4.0,6.0,5.0,43.0,86
313980,2012,5.0,0.0,2.0,2.0,3.0,17.0,8.0,3.0,16.0,6.0,73.0,143
313980,2013,0.0,0.0,0.0,0.0,0.0,0.0,0.0,0.0,0.0,0.0,54.0,112
313980,2014,10.0,0.0,0.0,1.0,4.0,23.0,6.0,8.0,13.0,7.0,72.0,151
313980,2015,6.0,0.0,3.0,1.0,1.0,20.0,6.0,0.0,21.0,3.0,66.0,138
313980,2016,6.0,0.0,2.0,0.0,3.0,16.0,5.0,4.0,17.0,9.0,64.0,137
313980,2017,8.0,0.0,4.0,3.0,2.0,23.0,6.0,2.0,28.0,7.0,83.0,169
313980,2018,2.0,1.0,1.0,2.0,2.0,32.0,7.0,5.0,20.0,8.0,82.0,166
313980,2019,3.0,0.0,0.0,3.0,4.0,24.0,7.0,1.0,23.0,4.0,71.0,157
313990,2012,14.0,0.0,2.0,3.0,1.0,25.0,2.0,3.0,38.0,4.0,93.0,165
313990,2013,0.0,0.0,0.0,0.0,0.0,0.0,0.0,0.0,0.0,0.0,112.0,196
313990,2014,9.0,0.0,0.0,0.0,0.0,43.0,8.0,6.0,24.0,12.0,102.0,183
313990,2015,7.0,0.0,0.0,2.0,3.0,40.0,9.0,5.0,36.0,11.0,119.0,185
313990,2016,10.0,0.0,4.0,0.0,0.0,44.0,4.0,4.0,15.0,12.0,94.0,166
313990,2017,8.0,0.0,0.0,3.0,1.0,53.0,8.0,4.0,29.0,20.0,126.0,190
313990,2018,6.0,0.0,0.0,3.0,3.0,51.0,11.0,3.0,20.0,8.0,105.0,191
313990,2019,11.0,0.0,0.0,2.0,7.0,43.0,9.0,3.0,21.0,3.0,99.0,173
314000,2012,106.0,2.0,15.0,10.0,21.0,113.0,12.0,7.0,154.0,45.0,575.0,900
314000,2013,0.0,0.0,0.0,0.0,0.0,0.0,0.0,0.0,0.0,0.0,581.0,912
314000,2014,37.0,3.0,23.0,9.0,18.0,144.0,42.0,23.0,143.0,83.0,606.0,948
314000,2015,42.0,1.0,15.0,12.0,11.0,139.0,47.0,23.0,146.0,88.0,567.0,973
314000,2016,40.0,0.0,17.0,15.0,17.0,178.0,45.0,17.0,147.0,56.0,560.0,881
314000,2017,35.0,2.0,13.0,13.0,17.0,153.0,34.0,34.0,104.0,86.0,522.0,833
314000,2018,35.0,0.0,16.0,10.0,13.0,185.0,29.0,26.0,81.0,108.0,519.0,851
314000,2019,45.0,1.0,21.0,11.0,15.0,142.0,29.0,14.0,84.0,81.0,460.0,766
314010,2012,5.0,0.0,0.0,1.0,0.0,6.0,3.0,0.0,7.0,10.0,33.0,53
314010,2013,0.0,0.0,0.0,0.0,0.0,0.0,0.0,0.0,0.0,0.0,32.0,54
314010,2014,2.0,0.0,2.0,5.0,0.0,10.0,3.0,5.0,6.0,5.0,40.0,63
314010,2015,3.0,0.0,0.0,0.0,0.0,8.0,3.0,2.0,7.0,3.0,27.0,50
314010,2016,2.0,1.0,0.0,1.0,2.0,2.0,4.0,0.0,4.0,2.0,19.0,50
314010,2017,0.0,0.0,0.0,1.0,4.0,6.0,0.0,1.0,2.0,6.0,22.0,51
314010,2018,1.0,0.0,0.0,1.0,0.0,13.0,1.0,0.0,7.0,5.0,30.0,63
314010,2019,7.0,0.0,0.0,0.0,2.0,17.0,1.0,1.0,6.0,2.0,36.0,60
314015,2012,13.0,0.0,2.0,2.0,4.0,24.0,4.0,1.0,11.0,6.0,84.0,202
314015,2013,0.0,0.0,0.0,0.0,0.0,0.0,0.0,0.0,0.0,0.0,99.0,238
314015,2014,6.0,0.0,0.0,4.0,2.0,24.0,6.0,5.0,26.0,5.0,80.0,210
314015,2015,13.0,0.0,7.0,5.0,7.0,29.0,14.0,3.0,28.0,7.0,113.0,243
314015,2016,9.0,0.0,2.0,10.0,1.0,25.0,11.0,3.0,20.0,4.0,88.0,212
314015,2017,8.0,1.0,8.0,3.0,3.0,30.0,6.0,5.0,21.0,8.0,94.0,208
314015,2018,10.0,2.0,6.0,5.0,5.0,41.0,11.0,1.0,16.0,14.0,112.0,238
314015,2019,10.0,0.0,8.0,4.0,2.0,41.0,7.0,3.0,18.0,4.0,98.0,203
314020,2012,2.0,0.0,0.0,0.0,0.0,2.0,4.0,0.0,4.0,2.0,16.0,26
314020,2013,0.0,0.0,0.0,0.0,0.0,0.0,0.0,0.0,0.0,0.0,18.0,29
314020,2014,2.0,0.0,0.0,0.0,2.0,3.0,0.0,1.0,5.0,1.0,16.0,22
314020,2015,2.0,0.0,1.0,0.0,0.0,4.0,3.0,0.0,8.0,1.0,20.0,37
314020,2016,1.0,0.0,1.0,0.0,0.0,3.0,1.0,2.0,5.0,3.0,16.0,34
314020,2017,1.0,0.0,0.0,0.0,0.0,7.0,2.0,0.0,5.0,1.0,17.0,32
314020,2018,1.0,0.0,0.0,0.0,0.0,5.0,0.0,1.0,7.0,0.0,14.0,23
314020,2019,1.0,0.0,1.0,0.0,0.0,9.0,1.0,0.0,11.0,2.0,25.0,39
314030,2012,4.0,0.0,5.0,1.0,0.0,8.0,3.0,1.0,4.0,6.0,36.0,57
314030,2013,0.0,0.0,0.0,0.0,0.0,0.0,0.0,0.0,0.0,0.0,24.0,45
314030,2014,2.0,0.0,0.0,0.0,0.0,5.0,1.0,1.0,6.0,9.0,25.0,46
314030,2015,3.0,0.0,4.0,1.0,0.0,8.0,1.0,0.0,4.0,5.0,26.0,57
314030,2016,4.0,0.0,1.0,0.0,0.0,11.0,3.0,0.0,4.0,1.0,24.0,38
314030,2017,2.0,0.0,0.0,1.0,0.0,13.0,2.0,0.0,8.0,2.0,28.0,45
314030,2018,4.0,0.0,2.0,0.0,0.0,11.0,1.0,0.0,6.0,1.0,25.0,57
314030,2019,2.0,0.0,0.0,2.0,2.0,9.0,1.0,1.0,9.0,1.0,27.0,54
314040,2012,0.0,0.0,0.0,0.0,0.0,9.0,1.0,1.0,7.0,1.0,19.0,40
314040,2013,0.0,0.0,0.0,0.0,0.0,0.0,0.0,0.0,0.0,0.0,19.0,31
314040,2014,0.0,0.0,0.0,0.0,0.0,5.0,0.0,2.0,6.0,3.0,16.0,30
314040,2015,0.0,0.0,2.0,0.0,1.0,6.0,3.0,1.0,7.0,0.0,21.0,34
314040,2016,2.0,0.0,0.0,1.0,0.0,9.0,2.0,2.0,1.0,1.0,19.0,36
314040,2017,1.0,0.0,0.0,0.0,0.0,12.0,3.0,1.0,3.0,2.0,23.0,39
314040,2018,1.0,1.0,2.0,2.0,1.0,12.0,3.0,2.0,2.0,4.0,30.0,42
314040,2019,1.0,2.0,0.0,1.0,0.0,14.0,3.0,1.0,7.0,4.0,33.0,45
314050,2012,7.0,0.0,2.0,2.0,2.0,19.0,7.0,5.0,16.0,7.0,68.0,153
314050,2013,0.0,0.0,0.0,0.0,0.0,0.0,0.0,0.0,0.0,0.0,65.0,129
314050,2014,4.0,0.0,3.0,6.0,3.0,23.0,5.0,3.0,17.0,3.0,74.0,146
314050,2015,3.0,1.0,0.0,7.0,1.0,19.0,6.0,2.0,11.0,8.0,58.0,130
314050,2016,9.0,0.0,1.0,5.0,3.0,28.0,7.0,1.0,27.0,5.0,89.0,153
314050,2017,8.0,0.0,0.0,7.0,4.0,33.0,10.0,5.0,19.0,9.0,96.0,155
314050,2018,6.0,0.0,3.0,1.0,1.0,34.0,9.0,2.0,19.0,10.0,85.0,140
314050,2019,8.0,1.0,0.0,3.0,2.0,30.0,8.0,4.0,17.0,6.0,80.0,137
314053,2012,20.0,1.0,0.0,2.0,0.0,17.0,6.0,3.0,21.0,3.0,88.0,128
314053,2013,0.0,0.0,0.0,0.0,0.0,0.0,0.0,0.0,0.0,0.0,78.0,115
314053,2014,9.0,3.0,1.0,0.0,2.0,24.0,9.0,6.0,13.0,13.0,90.0,142
314053,2015,6.0,1.0,3.0,5.0,2.0,8.0,3.0,4.0,12.0,4.0,53.0,105
314053,2016,2.0,4.0,3.0,3.0,2.0,22.0,9.0,2.0,16.0,0.0,69.0,105
314053,2017,4.0,1.0,0.0,2.0,0.0,40.0,0.0,6.0,3.0,18.0,77.0,110
314053,2018,4.0,2.0,2.0,3.0,0.0,32.0,7.0,3.0,18.0,9.0,87.0,138
314053,2019,7.0,0.0,2.0,2.0,0.0,42.0,13.0,4.0,21.0,9.0,104.0,159
314055,2012,10.0,0.0,2.0,2.0,0.0,6.0,3.0,6.0,1.0,15.0,49.0,111
314055,2013,0.0,0.0,0.0,0.0,0.0,0.0,0.0,0.0,0.0,0.0,27.0,79
314055,2014,2.0,0.0,0.0,0.0,0.0,3.0,2.0,0.0,1.0,0.0,8.0,57
314055,2015,2.0,0.0,0.0,0.0,1.0,2.0,4.0,2.0,4.0,1.0,18.0,84
314055,2016,1.0,0.0,0.0,0.0,0.0,2.0,1.0,4.0,3.0,0.0,11.0,82
314055,2017,1.0,0.0,0.0,0.0,1.0,4.0,1.0,1.0,2.0,1.0,11.0,88
314055,2018,2.0,0.0,0.0,0.0,1.0,3.0,1.0,3.0,0.0,2.0,12.0,83
314055,2019,4.0,0.0,0.0,0.0,1.0,12.0,4.0,8.0,3.0,8.0,41.0,104
314060,2012,2.0,0.0,0.0,0.0,1.0,6.0,2.0,1.0,6.0,3.0,23.0,58
314060,2013,0.0,0.0,0.0,0.0,0.0,0.0,0.0,0.0,0.0,0.0,18.0,42
314060,2014,1.0,0.0,0.0,1.0,0.0,2.0,1.0,2.0,3.0,1.0,11.0,34
314060,2015,0.0,1.0,0.0,2.0,0.0,6.0,1.0,1.0,5.0,1.0,23.0,43
314060,2016,2.0,0.0,4.0,0.0,0.0,3.0,0.0,1.0,4.0,3.0,24.0,47
314060,2017,0.0,0.0,1.0,1.0,1.0,4.0,1.0,2.0,1.0,2.0,17.0,62
314060,2018,1.0,0.0,2.0,0.0,0.0,5.0,0.0,1.0,1.0,3.0,17.0,39
314060,2019,1.0,0.0,0.0,0.0,0.0,4.0,1.0,2.0,4.0,2.0,16.0,38
314070,2012,48.0,1.0,5.0,4.0,7.0,72.0,12.0,17.0,44.0,35.0,263.0,407
314070,2013,0.0,0.0,0.0,0.0,0.0,0.0,0.0,0.0,0.0,0.0,261.0,415
314070,2014,25.0,0.0,15.0,5.0,4.0,113.0,12.0,28.0,32.0,66.0,301.0,476
314070,2015,24.0,0.0,10.0,7.0,8.0,93.0,5.0,28.0,30.0,60.0,269.0,477
314070,2016,21.0,0.0,9.0,7.0,8.0,75.0,14.0,21.0,35.0,41.0,235.0,435
314070,2017,18.0,0.0,6.0,10.0,5.0,79.0,18.0,15.0,42.0,34.0,233.0,454
314070,2018,20.0,0.0,15.0,10.0,9.0,97.0,21.0,17.0,50.0,22.0,264.0,484
314070,2019,15.0,2.0,4.0,5.0,10.0,100.0,11.0,14.0,28.0,27.0,224.0,423
314080,2012,18.0,2.0,2.0,3.0,3.0,34.0,8.0,0.0,31.0,4.0,109.0,164
314080,2013,0.0,0.0,0.0,0.0,0.0,0.0,0.0,0.0,0.0,0.0,98.0,158
314080,2014,10.0,1.0,4.0,1.0,3.0,33.0,10.0,4.0,28.0,7.0,103.0,157
314080,2015,12.0,0.0,4.0,1.0,2.0,36.0,12.0,5.0,15.0,9.0,96.0,168
314080,2016,8.0,0.0,1.0,2.0,0.0,28.0,4.0,2.0,18.0,5.0,69.0,120
314080,2017,5.0,1.0,2.0,3.0,2.0,30.0,8.0,0.0,17.0,5.0,73.0,129
314080,2018,8.0,0.0,0.0,2.0,3.0,33.0,10.0,1.0,17.0,4.0,78.0,149
314080,2019,11.0,0.0,2.0,4.0,3.0,32.0,5.0,3.0,24.0,5.0,89.0,156
314085,2012,4.0,0.0,2.0,0.0,0.0,6.0,10.0,2.0,8.0,6.0,39.0,132
314085,2013,0.0,0.0,0.0,0.0,0.0,0.0,0.0,0.0,0.0,0.0,53.0,139
314085,2014,3.0,0.0,2.0,1.0,1.0,13.0,5.0,8.0,9.0,5.0,48.0,148
314085,2015,2.0,0.0,2.0,2.0,0.0,12.0,1.0,9.0,2.0,7.0,38.0,126
314085,2016,4.0,1.0,3.0,2.0,2.0,12.0,7.0,2.0,6.0,1.0,42.0,126
314085,2017,4.0,0.0,2.0,1.0,3.0,6.0,5.0,2.0,8.0,4.0,38.0,101
314085,2018,7.0,0.0,0.0,2.0,1.0,12.0,6.0,7.0,3.0,1.0,40.0,123
314085,2019,1.0,0.0,0.0,1.0,1.0,16.0,4.0,0.0,2.0,6.0,37.0,122
314090,2012,23.0,0.0,4.0,3.0,1.0,34.0,23.0,5.0,44.0,14.0,164.0,281
314090,2013,0.0,0.0,0.0,0.0,0.0,0.0,0.0,0.0,0.0,0.0,155.0,285
314090,2014,12.0,2.0,11.0,9.0,4.0,38.0,18.0,9.0,33.0,15.0,161.0,260
314090,2015,13.0,1.0,2.0,7.0,3.0,39.0,17.0,5.0,27.0,10.0,129.0,287
314090,2016,14.0,13.0,4.0,8.0,5.0,41.0,11.0,2.0,51.0,6.0,165.0,278
314090,2017,11.0,3.0,6.0,6.0,2.0,61.0,14.0,18.0,17.0,32.0,176.0,301
314090,2018,15.0,1.0,2.0,4.0,3.0,76.0,15.0,18.0,22.0,30.0,190.0,310
314090,2019,10.0,0.0,6.0,0.0,1.0,72.0,14.0,9.0,32.0,12.0,156.0,257
314100,2012,5.0,0.0,0.0,3.0,0.0,19.0,15.0,6.0,21.0,12.0,81.0,124
314100,2013,0.0,0.0,0.0,0.0,0.0,0.0,0.0,0.0,0.0,0.0,71.0,112
314100,2014,8.0,1.0,4.0,1.0,0.0,27.0,10.0,4.0,31.0,13.0,103.0,172
314100,2015,2.0,0.0,2.0,0.0,0.0,21.0,8.0,3.0,26.0,13.0,81.0,134
314100,2016,8.0,0.0,0.0,0.0,1.0,31.0,6.0,6.0,22.0,12.0,99.0,142
314100,2017,9.0,0.0,5.0,1.0,1.0,27.0,10.0,5.0,16.0,11.0,93.0,141
314100,2018,6.0,0.0,1.0,0.0,0.0,34.0,5.0,9.0,17.0,21.0,102.0,153
314100,2019,6.0,0.0,4.0,0.0,5.0,27.0,3.0,6.0,11.0,40.0,102.0,152
314110,2012,29.0,1.0,8.0,2.0,7.0,71.0,33.0,14.0,95.0,43.0,342.0,517
314110,2013,0.0,0.0,0.0,0.0,0.0,0.0,0.0,0.0,0.0,0.0,330.0,494
314110,2014,13.0,3.0,14.0,2.0,1.0,118.0,18.0,32.0,100.0,75.0,391.0,565
314110,2015,27.0,0.0,9.0,3.0,2.0,127.0,22.0,23.0,93.0,69.0,379.0,549
314110,2016,11.0,0.0,2.0,1.0,5.0,133.0,16.0,27.0,77.0,72.0,355.0,484
314110,2017,18.0,0.0,2.0,4.0,2.0,138.0,37.0,7.0,104.0,33.0,354.0,502
314110,2018,14.0,0.0,9.0,3.0,1.0,201.0,29.0,10.0,88.0,15.0,381.0,498
314110,2019,24.0,0.0,8.0,2.0,3.0,129.0,49.0,3.0,111.0,14.0,344.0,487
314120,2012,1.0,0.0,3.0,0.0,0.0,7.0,0.0,0.0,1.0,10.0,26.0,30
314120,2013,0.0,0.0,0.0,0.0,0.0,0.0,0.0,0.0,0.0,0.0,22.0,31
314120,2014,1.0,0.0,3.0,0.0,0.0,10.0,1.0,3.0,3.0,11.0,32.0,39
314120,2015,1.0,0.0,0.0,3.0,1.0,6.0,2.0,5.0,2.0,9.0,29.0,34
314120,2016,1.0,0.0,0.0,1.0,1.0,10.0,0.0,1.0,5.0,7.0,26.0,30
314120,2017,1.0,0.0,2.0,0.0,0.0,16.0,0.0,3.0,1.0,18.0,41.0,48
314120,2018,7.0,0.0,2.0,0.0,0.0,7.0,1.0,4.0,4.0,4.0,29.0,35
314120,2019,1.0,0.0,0.0,0.0,0.0,4.0,1.0,3.0,4.0,4.0,17.0,32
314130,2012,2.0,0.0,0.0,0.0,2.0,2.0,0.0,0.0,1.0,0.0,18.0,35
314130,2013,0.0,0.0,0.0,0.0,0.0,0.0,0.0,0.0,0.0,0.0,24.0,36
314130,2014,0.0,0.0,0.0,1.0,0.0,5.0,2.0,0.0,1.0,4.0,15.0,27
314130,2015,2.0,0.0,0.0,0.0,1.0,9.0,1.0,3.0,3.0,12.0,37.0,49
314130,2016,1.0,0.0,2.0,0.0,0.0,14.0,2.0,2.0,6.0,3.0,31.0,41
314130,2017,1.0,1.0,1.0,1.0,0.0,17.0,3.0,1.0,4.0,3.0,32.0,42
314130,2018,2.0,0.0,0.0,0.0,1.0,12.0,2.0,3.0,2.0,3.0,25.0,44
314130,2019,1.0,0.0,0.0,2.0,0.0,13.0,4.0,0.0,11.0,3.0,34.0,41
314140,2012,9.0,2.0,2.0,2.0,7.0,20.0,9.0,8.0,13.0,19.0,97.0,276
314140,2013,0.0,0.0,0.0,0.0,0.0,0.0,0.0,0.0,0.0,0.0,92.0,261
314140,2014,11.0,1.0,2.0,0.0,5.0,16.0,7.0,15.0,5.0,14.0,86.0,255
314140,2015,8.0,0.0,2.0,3.0,4.0,15.0,8.0,13.0,16.0,16.0,93.0,261
314140,2016,10.0,3.0,0.0,5.0,5.0,20.0,12.0,18.0,16.0,13.0,104.0,247
314140,2017,6.0,1.0,0.0,2.0,1.0,26.0,4.0,18.0,14.0,24.0,107.0,250
314140,2018,9.0,1.0,0.0,5.0,6.0,23.0,8.0,12.0,7.0,9.0,103.0,251
314140,2019,12.0,1.0,4.0,2.0,4.0,27.0,11.0,7.0,13.0,16.0,113.0,249
314150,2012,3.0,0.0,0.0,1.0,0.0,5.0,0.0,2.0,5.0,5.0,34.0,57
314150,2013,0.0,0.0,0.0,0.0,0.0,0.0,0.0,0.0,0.0,0.0,41.0,63
314150,2014,1.0,0.0,0.0,0.0,1.0,14.0,3.0,1.0,0.0,17.0,40.0,66
314150,2015,7.0,1.0,0.0,2.0,1.0,15.0,0.0,5.0,4.0,8.0,46.0,62
314150,2016,5.0,1.0,2.0,1.0,0.0,7.0,1.0,1.0,2.0,7.0,33.0,56
314150,2017,1.0,0.0,2.0,1.0,3.0,19.0,0.0,2.0,3.0,8.0,48.0,74
314150,2018,1.0,0.0,0.0,0.0,1.0,11.0,3.0,7.0,3.0,10.0,44.0,65
314150,2019,1.0,0.0,0.0,1.0,0.0,21.0,2.0,0.0,0.0,2.0,28.0,50
314160,2012,4.0,2.0,0.0,2.0,1.0,15.0,1.0,1.0,13.0,11.0,52.0,90
314160,2013,0.0,0.0,0.0,0.0,0.0,0.0,0.0,0.0,0.0,0.0,66.0,98
314160,2014,8.0,1.0,1.0,3.0,2.0,19.0,5.0,9.0,15.0,14.0,81.0,113
314160,2015,1.0,0.0,0.0,2.0,4.0,12.0,10.0,12.0,7.0,14.0,63.0,83
314160,2016,4.0,2.0,2.0,2.0,2.0,13.0,5.0,6.0,13.0,5.0,54.0,78
314160,2017,6.0,0.0,0.0,2.0,1.0,28.0,8.0,6.0,7.0,15.0,75.0,101
314160,2018,5.0,0.0,2.0,0.0,1.0,28.0,4.0,6.0,16.0,12.0,74.0,108
314160,2019,2.0,0.0,2.0,1.0,1.0,19.0,5.0,3.0,4.0,12.0,51.0,77
314170,2012,2.0,1.0,3.0,0.0,2.0,14.0,1.0,4.0,2.0,1.0,31.0,71
314170,2013,0.0,0.0,0.0,0.0,0.0,0.0,0.0,0.0,0.0,0.0,26.0,75
314170,2014,0.0,0.0,2.0,0.0,0.0,9.0,4.0,3.0,3.0,2.0,23.0,56
314170,2015,4.0,0.0,0.0,1.0,2.0,10.0,2.0,2.0,6.0,4.0,31.0,64
314170,2016,3.0,0.0,0.0,3.0,0.0,13.0,4.0,2.0,8.0,2.0,35.0,66
314170,2017,2.0,0.0,3.0,1.0,1.0,9.0,3.0,0.0,5.0,0.0,24.0,57
314170,2018,1.0,1.0,3.0,1.0,1.0,11.0,4.0,0.0,7.0,1.0,30.0,67
314170,2019,1.0,0.0,0.0,1.0,0.0,7.0,4.0,0.0,9.0,1.0,23.0,58
314180,2012,12.0,0.0,3.0,2.0,1.0,18.0,9.0,6.0,16.0,20.0,102.0,361
314180,2013,0.0,0.0,0.0,0.0,0.0,0.0,0.0,0.0,0.0,0.0,103.0,351
314180,2014,8.0,0.0,2.0,4.0,1.0,21.0,13.0,4.0,13.0,8.0,88.0,334
314180,2015,3.0,0.0,6.0,3.0,0.0,15.0,13.0,3.0,13.0,15.0,88.0,348
314180,2016,5.0,0.0,4.0,1.0,3.0,29.0,9.0,5.0,10.0,9.0,83.0,310
314180,2017,8.0,0.0,4.0,4.0,3.0,21.0,10.0,6.0,13.0,14.0,98.0,317
314180,2018,19.0,0.0,6.0,4.0,8.0,24.0,13.0,4.0,8.0,15.0,118.0,311
314180,2019,5.0,0.0,7.0,2.0,1.0,22.0,14.0,11.0,20.0,21.0,118.0,276
314190,2012,2.0,1.0,1.0,0.0,1.0,8.0,4.0,2.0,7.0,6.0,32.0,52
314190,2013,0.0,0.0,0.0,0.0,0.0,0.0,0.0,0.0,0.0,0.0,22.0,40
314190,2014,1.0,0.0,2.0,1.0,0.0,10.0,1.0,2.0,3.0,5.0,25.0,35
314190,2015,2.0,0.0,0.0,0.0,0.0,7.0,1.0,1.0,2.0,9.0,22.0,43
314190,2016,2.0,0.0,2.0,0.0,0.0,5.0,1.0,3.0,3.0,7.0,23.0,31
314190,2017,2.0,1.0,0.0,0.0,0.0,14.0,2.0,2.0,6.0,6.0,33.0,46
314190,2018,2.0,0.0,0.0,0.0,0.0,6.0,2.0,5.0,4.0,15.0,34.0,44
314190,2019,2.0,0.0,2.0,1.0,0.0,12.0,2.0,7.0,5.0,9.0,40.0,49
314200,2012,10.0,0.0,9.0,2.0,5.0,28.0,12.0,0.0,33.0,5.0,108.0,190
314200,2013,0.0,0.0,0.0,0.0,0.0,0.0,0.0,0.0,0.0,0.0,102.0,164
314200,2014,6.0,0.0,0.0,1.0,1.0,33.0,20.0,2.0,31.0,4.0,98.0,174
314200,2015,4.0,0.0,1.0,1.0,1.0,22.0,6.0,3.0,17.0,2.0,60.0,176
314200,2016,6.0,0.0,2.0,3.0,1.0,17.0,3.0,5.0,15.0,10.0,62.0,157
314200,2017,11.0,0.0,4.0,2.0,1.0,34.0,31.0,1.0,42.0,0.0,126.0,184
314200,2018,7.0,0.0,0.0,5.0,3.0,42.0,22.0,2.0,35.0,4.0,121.0,164
314200,2019,7.0,1.0,1.0,6.0,1.0,37.0,12.0,2.0,24.0,7.0,99.0,154
314210,2012,34.0,0.0,1.0,0.0,0.0,24.0,6.0,0.0,13.0,1.0,79.0,105
314210,2013,0.0,0.0,0.0,0.0,0.0,0.0,0.0,0.0,0.0,0.0,31.0,41
314210,2014,2.0,0.0,2.0,1.0,0.0,7.0,2.0,2.0,1.0,0.0,41.0,73
314210,2015,3.0,0.0,2.0,0.0,0.0,5.0,1.0,1.0,0.0,6.0,50.0,78
314210,2016,5.0,0.0,2.0,1.0,1.0,14.0,0.0,6.0,1.0,8.0,43.0,65
314210,2017,4.0,0.0,0.0,0.0,0.0,18.0,2.0,2.0,4.0,9.0,42.0,69
314210,2018,6.0,2.0,1.0,2.0,0.0,14.0,1.0,2.0,12.0,5.0,46.0,65
314210,2019,7.0,0.0,0.0,1.0,0.0,26.0,9.0,5.0,18.0,7.0,73.0,100
314220,2012,34.0,0.0,3.0,1.0,1.0,9.0,4.0,12.0,2.0,17.0,100.0,155
314220,2013,0.0,0.0,0.0,0.0,0.0,0.0,0.0,0.0,0.0,0.0,76.0,112
314220,2014,5.0,0.0,2.0,0.0,0.0,12.0,2.0,8.0,4.0,17.0,107.0,144
314220,2015,4.0,1.0,0.0,1.0,0.0,16.0,2.0,4.0,11.0,12.0,90.0,131
314220,2016,4.0,0.0,1.0,2.0,0.0,19.0,0.0,7.0,2.0,31.0,80.0,123
314220,2017,2.0,0.0,5.0,0.0,1.0,32.0,2.0,11.0,8.0,31.0,115.0,155
314220,2018,4.0,1.0,7.0,0.0,0.0,31.0,3.0,8.0,17.0,38.0,126.0,157
314220,2019,8.0,0.0,0.0,2.0,2.0,24.0,4.0,11.0,14.0,15.0,113.0,149
314225,2012,2.0,0.0,0.0,2.0,1.0,5.0,0.0,2.0,1.0,3.0,17.0,56
314225,2013,0.0,0.0,0.0,0.0,0.0,0.0,0.0,0.0,0.0,0.0,16.0,43
314225,2014,2.0,1.0,0.0,0.0,0.0,4.0,1.0,7.0,1.0,8.0,24.0,54
314225,2015,1.0,0.0,0.0,4.0,0.0,7.0,0.0,4.0,0.0,2.0,18.0,49
314225,2016,5.0,0.0,0.0,0.0,1.0,10.0,4.0,2.0,1.0,5.0,28.0,65
314225,2017,4.0,0.0,0.0,0.0,0.0,3.0,1.0,2.0,0.0,5.0,16.0,51
314225,2018,1.0,0.0,0.0,1.0,0.0,4.0,1.0,4.0,5.0,3.0,21.0,44
314225,2019,2.0,0.0,2.0,0.0,1.0,4.0,2.0,6.0,2.0,3.0,24.0,52
314230,2012,3.0,1.0,0.0,0.0,0.0,8.0,0.0,1.0,5.0,3.0,22.0,40
314230,2013,0.0,0.0,0.0,0.0,0.0,0.0,0.0,0.0,0.0,0.0,22.0,38
314230,2014,3.0,0.0,0.0,0.0,0.0,7.0,3.0,1.0,4.0,4.0,24.0,57
314230,2015,1.0,0.0,0.0,0.0,1.0,9.0,2.0,1.0,8.0,3.0,25.0,54
314230,2016,2.0,0.0,0.0,0.0,0.0,9.0,1.0,1.0,5.0,5.0,23.0,41
314230,2017,1.0,0.0,0.0,0.0,0.0,8.0,0.0,0.0,5.0,2.0,16.0,41
314230,2018,2.0,0.0,2.0,3.0,0.0,12.0,0.0,1.0,7.0,3.0,30.0,61
314230,2019,3.0,0.0,0.0,3.0,3.0,12.0,3.0,1.0,5.0,3.0,33.0,56
314240,2012,5.0,0.0,0.0,1.0,0.0,15.0,5.0,0.0,9.0,2.0,44.0,80
314240,2013,0.0,0.0,0.0,0.0,0.0,0.0,0.0,0.0,0.0,0.0,47.0,80
314240,2014,2.0,1.0,0.0,0.0,0.0,13.0,1.0,1.0,10.0,6.0,38.0,75
314240,2015,5.0,0.0,4.0,5.0,0.0,15.0,0.0,1.0,9.0,1.0,45.0,75
314240,2016,2.0,0.0,0.0,2.0,0.0,16.0,4.0,3.0,17.0,2.0,46.0,83
314240,2017,2.0,0.0,0.0,2.0,0.0,16.0,3.0,1.0,9.0,2.0,35.0,65
314240,2018,7.0,0.0,0.0,1.0,1.0,16.0,2.0,0.0,12.0,2.0,41.0,72
314240,2019,3.0,0.0,2.0,2.0,0.0,15.0,6.0,0.0,15.0,1.0,44.0,80
314250,2012,1.0,0.0,0.0,0.0,0.0,5.0,2.0,0.0,1.0,0.0,9.0,21
314250,2013,0.0,0.0,0.0,0.0,0.0,0.0,0.0,0.0,0.0,0.0,6.0,24
314250,2014,0.0,0.0,0.0,0.0,2.0,5.0,0.0,0.0,3.0,2.0,12.0,20
314250,2015,0.0,0.0,0.0,1.0,1.0,4.0,0.0,0.0,1.0,4.0,11.0,26
314250,2016,2.0,0.0,0.0,1.0,1.0,6.0,0.0,0.0,1.0,4.0,15.0,27
314250,2017,0.0,0.0,0.0,0.0,1.0,4.0,1.0,0.0,2.0,3.0,11.0,28
314250,2018,0.0,0.0,0.0,1.0,0.0,5.0,1.0,0.0,3.0,0.0,10.0,22
314250,2019,0.0,0.0,2.0,0.0,0.0,1.0,1.0,1.0,5.0,2.0,12.0,21
314260,2012,15.0,0.0,2.0,0.0,0.0,15.0,1.0,2.0,11.0,7.0,58.0,90
314260,2013,0.0,0.0,0.0,0.0,0.0,0.0,0.0,0.0,0.0,0.0,53.0,84
314260,2014,9.0,0.0,0.0,3.0,0.0,21.0,3.0,2.0,9.0,8.0,60.0,81
314260,2015,3.0,0.0,0.0,0.0,1.0,22.0,5.0,2.0,14.0,6.0,58.0,92
314260,2016,8.0,0.0,0.0,1.0,0.0,22.0,3.0,1.0,9.0,11.0,60.0,83
314260,2017,9.0,0.0,0.0,1.0,1.0,20.0,3.0,0.0,17.0,6.0,58.0,84
314260,2018,8.0,0.0,4.0,1.0,2.0,19.0,3.0,2.0,15.0,14.0,68.0,99
314260,2019,6.0,0.0,2.0,1.0,0.0,16.0,2.0,1.0,11.0,3.0,42.0,64
314270,2012,7.0,0.0,4.0,1.0,1.0,8.0,6.0,3.0,3.0,4.0,38.0,242
314270,2013,0.0,0.0,0.0,0.0,0.0,0.0,0.0,0.0,0.0,0.0,47.0,234
314270,2014,2.0,1.0,2.0,1.0,2.0,10.0,4.0,5.0,4.0,8.0,39.0,199
314270,2015,2.0,0.0,4.0,3.0,1.0,15.0,1.0,5.0,8.0,13.0,56.0,195
314270,2016,6.0,2.0,5.0,0.0,1.0,12.0,7.0,4.0,12.0,13.0,64.0,206
314270,2017,6.0,3.0,0.0,3.0,2.0,23.0,13.0,13.0,14.0,12.0,91.0,199
314270,2018,8.0,0.0,4.0,1.0,2.0,21.0,13.0,6.0,13.0,21.0,91.0,212
314270,2019,5.0,0.0,0.0,2.0,0.0,22.0,9.0,6.0,7.0,8.0,60.0,192
314280,2012,11.0,0.0,6.0,1.0,8.0,52.0,5.0,12.0,26.0,42.0,166.0,240
314280,2013,0.0,0.0,0.0,0.0,0.0,0.0,0.0,0.0,0.0,0.0,170.0,208
314280,2014,15.0,0.0,4.0,5.0,1.0,65.0,8.0,15.0,28.0,46.0,194.0,246
314280,2015,16.0,0.0,2.0,1.0,3.0,58.0,11.0,15.0,19.0,36.0,167.0,204
314280,2016,12.0,2.0,4.0,17.0,9.0,67.0,8.0,22.0,16.0,47.0,212.0,265
314280,2017,11.0,0.0,4.0,21.0,6.0,72.0,4.0,16.0,14.0,50.0,213.0,279
314280,2018,3.0,0.0,4.0,39.0,22.0,50.0,6.0,10.0,13.0,41.0,200.0,255
314280,2019,5.0,0.0,2.0,40.0,29.0,43.0,4.0,12.0,11.0,18.0,170.0,220
314290,2012,12.0,0.0,1.0,3.0,5.0,25.0,14.0,9.0,18.0,21.0,150.0,247
314290,2013,0.0,0.0,0.0,0.0,0.0,0.0,0.0,0.0,0.0,0.0,150.0,269
314290,2014,8.0,0.0,0.0,9.0,5.0,45.0,11.0,7.0,26.0,17.0,165.0,272
314290,2015,15.0,0.0,9.0,5.0,8.0,40.0,10.0,13.0,12.0,32.0,201.0,309
314290,2016,5.0,0.0,2.0,1.0,1.0,28.0,6.0,18.0,9.0,33.0,130.0,226
314290,2017,7.0,0.0,2.0,2.0,3.0,52.0,6.0,8.0,9.0,30.0,138.0,229
314290,2018,8.0,0.0,4.0,3.0,0.0,52.0,8.0,12.0,17.0,40.0,187.0,302
314290,2019,17.0,0.0,2.0,1.0,1.0,54.0,6.0,22.0,12.0,33.0,152.0,228
314300,2012,15.0,0.0,0.0,4.0,6.0,30.0,4.0,5.0,29.0,5.0,106.0,133
314300,2013,0.0,0.0,0.0,0.0,0.0,0.0,0.0,0.0,0.0,0.0,87.0,130
314300,2014,5.0,0.0,0.0,5.0,5.0,30.0,6.0,6.0,17.0,17.0,92.0,116
314300,2015,9.0,0.0,3.0,2.0,7.0,23.0,8.0,8.0,32.0,18.0,111.0,145
314300,2016,11.0,0.0,4.0,3.0,2.0,36.0,12.0,4.0,41.0,7.0,121.0,143
314300,2017,12.0,1.0,3.0,2.0,2.0,39.0,11.0,1.0,34.0,11.0,116.0,139
314300,2018,8.0,0.0,4.0,3.0,2.0,48.0,19.0,2.0,37.0,7.0,131.0,160
314300,2019,9.0,0.0,2.0,3.0,2.0,39.0,14.0,2.0,23.0,19.0,113.0,135
314310,2012,35.0,61.0,15.0,28.0,25.0,90.0,12.0,41.0,21.0,99.0,430.0,597
314310,2013,0.0,0.0,0.0,0.0,0.0,0.0,0.0,0.0,0.0,0.0,449.0,632
314310,2014,45.0,3.0,2.0,35.0,39.0,127.0,19.0,33.0,48.0,120.0,472.0,621
314310,2015,45.0,0.0,4.0,11.0,8.0,136.0,12.0,26.0,50.0,92.0,384.0,573
314310,2016,30.0,2.0,10.0,8.0,8.0,132.0,23.0,34.0,81.0,78.0,409.0,581
314310,2017,28.0,0.0,9.0,10.0,6.0,154.0,29.0,28.0,48.0,104.0,421.0,604
314310,2018,25.0,1.0,4.0,4.0,6.0,161.0,23.0,28.0,68.0,79.0,403.0,577
314310,2019,23.0,0.0,8.0,4.0,5.0,160.0,32.0,33.0,78.0,82.0,428.0,594
314315,2012,1.0,0.0,0.0,1.0,1.0,3.0,2.0,1.0,1.0,1.0,17.0,60
314315,2013,0.0,0.0,0.0,0.0,0.0,0.0,0.0,0.0,0.0,0.0,20.0,55
314315,2014,1.0,0.0,0.0,0.0,1.0,1.0,0.0,1.0,1.0,3.0,13.0,42
314315,2015,2.0,0.0,0.0,3.0,2.0,1.0,0.0,1.0,2.0,1.0,14.0,68
314315,2016,1.0,0.0,2.0,0.0,1.0,3.0,0.0,0.0,5.0,2.0,14.0,65
314315,2017,0.0,0.0,3.0,0.0,0.0,4.0,0.0,1.0,0.0,0.0,11.0,60
314315,2018,0.0,0.0,0.0,0.0,0.0,1.0,0.0,0.0,1.0,0.0,14.0,54
314315,2019,0.0,0.0,2.0,0.0,0.0,1.0,0.0,0.0,0.0,1.0,30.0,83
314320,2012,13.0,0.0,0.0,0.0,2.0,36.0,4.0,4.0,21.0,24.0,106.0,212
314320,2013,0.0,0.0,0.0,0.0,0.0,0.0,0.0,0.0,0.0,0.0,125.0,251
314320,2014,9.0,1.0,4.0,0.0,2.0,32.0,7.0,7.0,25.0,11.0,99.0,217
314320,2015,3.0,0.0,6.0,0.0,2.0,34.0,12.0,4.0,23.0,15.0,102.0,223
314320,2016,6.0,0.0,2.0,5.0,1.0,37.0,11.0,6.0,23.0,7.0,98.0,204
314320,2017,9.0,0.0,4.0,3.0,7.0,38.0,7.0,5.0,28.0,6.0,110.0,209
314320,2018,8.0,1.0,8.0,6.0,3.0,43.0,7.0,7.0,32.0,12.0,127.0,237
314320,2019,12.0,1.0,4.0,4.0,2.0,43.0,11.0,6.0,19.0,17.0,121.0,241
314330,2012,234.0,12.0,98.0,64.0,89.0,800.0,121.0,137.0,533.0,534.0,2680.0,5831
314330,2013,0.0,0.0,0.0,0.0,0.0,0.0,0.0,0.0,0.0,0.0,2640.0,5770
314330,2014,261.0,6.0,74.0,79.0,72.0,892.0,235.0,199.0,571.0,477.0,2909.0,6297
314330,2015,253.0,10.0,86.0,80.0,71.0,864.0,193.0,196.0,427.0,509.0,2790.0,6326
314330,2016,240.0,13.0,117.0,71.0,89.0,809.0,164.0,179.0,441.0,459.0,2674.0,5916
314330,2017,257.0,17.0,103.0,136.0,108.0,907.0,220.0,165.0,537.0,425.0,2977.0,6275
314330,2018,254.0,13.0,135.0,101.0,118.0,1079.0,241.0,229.0,565.0,497.0,3309.0,6720
314330,2019,299.0,11.0,125.0,108.0,99.0,1002.0,314.0,138.0,618.0,314.0,3046.0,6207
314340,2012,19.0,0.0,9.0,2.0,2.0,41.0,2.0,6.0,23.0,31.0,137.0,199
314340,2013,0.0,0.0,0.0,0.0,0.0,0.0,0.0,0.0,0.0,0.0,142.0,204
314340,2014,7.0,1.0,0.0,3.0,0.0,49.0,10.0,17.0,21.0,43.0,155.0,226
314340,2015,11.0,1.0,5.0,5.0,1.0,60.0,8.0,11.0,28.0,32.0,167.0,224
314340,2016,16.0,1.0,2.0,0.0,2.0,51.0,11.0,6.0,32.0,28.0,154.0,242
314340,2017,10.0,1.0,1.0,2.0,2.0,39.0,6.0,16.0,24.0,31.0,150.0,223
314340,2018,5.0,0.0,4.0,4.0,4.0,60.0,16.0,9.0,30.0,19.0,153.0,226
314340,2019,14.0,0.0,2.0,6.0,1.0,52.0,3.0,12.0,17.0,30.0,146.0,194
314345,2012,0.0,0.0,0.0,1.0,2.0,2.0,1.0,0.0,6.0,3.0,16.0,68
314345,2013,0.0,0.0,0.0,0.0,0.0,0.0,0.0,0.0,0.0,0.0,28.0,89
314345,2014,2.0,0.0,0.0,0.0,2.0,10.0,5.0,2.0,5.0,3.0,30.0,80
314345,2015,4.0,1.0,3.0,0.0,2.0,11.0,3.0,1.0,6.0,5.0,37.0,83
314345,2016,2.0,0.0,0.0,1.0,1.0,6.0,5.0,3.0,11.0,4.0,34.0,65
314345,2017,1.0,0.0,0.0,2.0,1.0,10.0,8.0,2.0,11.0,2.0,37.0,87
314345,2018,4.0,1.0,0.0,1.0,1.0,10.0,4.0,3.0,9.0,4.0,37.0,81
314345,2019,2.0,0.0,6.0,0.0,0.0,11.0,5.0,5.0,7.0,9.0,47.0,71
314350,2012,3.0,0.0,0.0,1.0,1.0,7.0,4.0,0.0,9.0,4.0,29.0,80
314350,2013,0.0,0.0,0.0,0.0,0.0,0.0,0.0,0.0,0.0,0.0,42.0,94
314350,2014,1.0,1.0,1.0,3.0,3.0,10.0,2.0,2.0,5.0,4.0,36.0,94
314350,2015,2.0,0.0,0.0,1.0,2.0,7.0,2.0,0.0,7.0,7.0,33.0,108
314350,2016,2.0,0.0,2.0,0.0,1.0,10.0,2.0,5.0,5.0,7.0,35.0,81
314350,2017,3.0,0.0,2.0,2.0,0.0,11.0,0.0,6.0,6.0,6.0,36.0,85
314350,2018,3.0,0.0,2.0,1.0,1.0,15.0,3.0,6.0,7.0,9.0,47.0,79
314350,2019,2.0,0.0,0.0,2.0,2.0,17.0,3.0,2.0,6.0,4.0,38.0,86
314360,2012,4.0,0.0,0.0,0.0,0.0,4.0,0.0,0.0,4.0,0.0,12.0,30
314360,2013,0.0,0.0,0.0,0.0,0.0,0.0,0.0,0.0,0.0,0.0,12.0,22
314360,2014,1.0,0.0,0.0,2.0,1.0,3.0,0.0,1.0,7.0,2.0,17.0,32
314360,2015,0.0,1.0,0.0,1.0,1.0,5.0,1.0,1.0,5.0,1.0,16.0,35
314360,2016,2.0,0.0,3.0,1.0,3.0,4.0,1.0,0.0,3.0,1.0,18.0,35
314360,2017,4.0,0.0,0.0,1.0,0.0,7.0,1.0,0.0,1.0,0.0,14.0,22
314360,2018,1.0,0.0,1.0,0.0,0.0,9.0,5.0,0.0,5.0,1.0,22.0,39
314360,2019,0.0,0.0,2.0,1.0,0.0,8.0,1.0,0.0,3.0,2.0,17.0,22
314370,2012,1.0,0.0,0.0,0.0,0.0,4.0,1.0,0.0,3.0,2.0,12.0,29
314370,2013,0.0,0.0,0.0,0.0,0.0,0.0,0.0,0.0,0.0,0.0,15.0,30
314370,2014,4.0,0.0,0.0,1.0,0.0,5.0,0.0,0.0,4.0,0.0,16.0,40
314370,2015,2.0,0.0,0.0,1.0,2.0,5.0,1.0,0.0,7.0,0.0,18.0,40
314370,2016,2.0,0.0,0.0,1.0,0.0,5.0,0.0,1.0,3.0,2.0,14.0,26
314370,2017,3.0,0.0,2.0,1.0,1.0,8.0,0.0,1.0,4.0,1.0,21.0,41
314370,2018,1.0,0.0,2.0,0.0,0.0,5.0,1.0,0.0,1.0,0.0,10.0,31
314370,2019,0.0,0.0,2.0,2.0,1.0,8.0,0.0,0.0,4.0,1.0,18.0,35
314380,2012,8.0,1.0,0.0,0.0,0.0,5.0,0.0,1.0,6.0,5.0,31.0,44
314380,2013,0.0,0.0,0.0,0.0,0.0,0.0,0.0,0.0,0.0,0.0,35.0,60
314380,2014,4.0,0.0,2.0,0.0,0.0,13.0,2.0,2.0,12.0,4.0,42.0,55
314380,2015,7.0,0.0,0.0,1.0,1.0,9.0,3.0,3.0,6.0,9.0,43.0,64
314380,2016,8.0,0.0,1.0,0.0,1.0,10.0,4.0,7.0,4.0,8.0,51.0,64
314380,2017,1.0,0.0,0.0,0.0,2.0,17.0,1.0,3.0,0.0,6.0,35.0,54
314380,2018,5.0,0.0,0.0,2.0,2.0,10.0,3.0,0.0,5.0,5.0,36.0,58
314380,2019,5.0,0.0,2.0,0.0,0.0,12.0,0.0,0.0,6.0,4.0,31.0,50
314390,2012,800.0,1.0,7.0,7.0,12.0,19.0,3.0,1.0,9.0,20.0,893.0,1333
314390,2013,0.0,0.0,0.0,0.0,0.0,0.0,0.0,0.0,0.0,0.0,1024.0,1534
314390,2014,18.0,0.0,21.0,1.0,6.0,88.0,18.0,18.0,47.0,65.0,963.0,1367
314390,2015,22.0,0.0,29.0,0.0,1.0,109.0,7.0,17.0,18.0,106.0,983.0,1392
314390,2016,79.0,1.0,8.0,4.0,4.0,283.0,5.0,85.0,27.0,324.0,900.0,1341
314390,2017,63.0,3.0,22.0,10.0,0.0,297.0,30.0,68.0,90.0,207.0,841.0,1256
314390,2018,82.0,11.0,33.0,16.0,16.0,348.0,60.0,38.0,232.0,113.0,957.0,1339
314390,2019,103.0,2.0,24.0,18.0,11.0,295.0,54.0,62.0,153.0,154.0,895.0,1292
314400,2012,16.0,0.0,6.0,4.0,3.0,59.0,18.0,18.0,59.0,50.0,235.0,318
314400,2013,0.0,0.0,0.0,0.0,0.0,0.0,0.0,0.0,0.0,0.0,240.0,325
314400,2014,10.0,1.0,7.0,3.0,5.0,82.0,9.0,41.0,21.0,86.0,272.0,354
314400,2015,9.0,0.0,2.0,1.0,2.0,86.0,13.0,31.0,25.0,83.0,257.0,363
314400,2016,8.0,1.0,4.0,2.0,5.0,101.0,6.0,35.0,7.0,76.0,252.0,339
314400,2017,13.0,2.0,4.0,4.0,1.0,101.0,3.0,31.0,5.0,105.0,273.0,368
314400,2018,10.0,0.0,11.0,6.0,4.0,115.0,2.0,33.0,11.0,93.0,286.0,359
314400,2019,12.0,3.0,4.0,2.0,2.0,114.0,11.0,26.0,36.0,63.0,273.0,361
314410,2012,16.0,1.0,1.0,6.0,3.0,78.0,5.0,8.0,24.0,56.0,200.0,236
314410,2013,0.0,0.0,0.0,0.0,0.0,0.0,0.0,0.0,0.0,0.0,217.0,251
314410,2014,14.0,0.0,4.0,3.0,4.0,90.0,6.0,4.0,39.0,31.0,196.0,233
314410,2015,12.0,1.0,0.0,7.0,6.0,91.0,14.0,4.0,39.0,21.0,195.0,229
314410,2016,16.0,0.0,6.0,4.0,4.0,85.0,15.0,8.0,53.0,33.0,224.0,267
314410,2017,11.0,0.0,6.0,6.0,2.0,111.0,17.0,5.0,48.0,23.0,229.0,263
314410,2018,24.0,0.0,2.0,7.0,4.0,93.0,15.0,4.0,67.0,15.0,231.0,266
314410,2019,12.0,0.0,9.0,8.0,6.0,109.0,8.0,5.0,47.0,19.0,224.0,263
314420,2012,1.0,0.0,1.0,0.0,0.0,6.0,3.0,2.0,4.0,1.0,18.0,34
314420,2013,0.0,0.0,0.0,0.0,0.0,0.0,0.0,0.0,0.0,0.0,14.0,29
314420,2014,1.0,0.0,0.0,1.0,0.0,5.0,1.0,3.0,1.0,2.0,14.0,27
314420,2015,1.0,0.0,0.0,0.0,0.0,4.0,1.0,0.0,3.0,4.0,13.0,28
314420,2016,2.0,0.0,0.0,0.0,0.0,6.0,0.0,1.0,2.0,0.0,13.0,25
314420,2017,1.0,0.0,0.0,1.0,0.0,2.0,0.0,1.0,4.0,0.0,13.0,23
314420,2018,1.0,0.0,0.0,0.0,0.0,2.0,2.0,1.0,4.0,1.0,12.0,24
314420,2019,1.0,0.0,2.0,0.0,0.0,13.0,0.0,0.0,2.0,4.0,22.0,40
314430,2012,6.0,3.0,6.0,126.0,103.0,13.0,3.0,0.0,11.0,4.0,278.0,493
314430,2013,0.0,0.0,0.0,0.0,0.0,0.0,0.0,0.0,0.0,0.0,258.0,525
314430,2014,5.0,2.0,11.0,90.0,64.0,48.0,18.0,6.0,31.0,7.0,286.0,566
314430,2015,22.0,2.0,15.0,88.0,65.0,22.0,15.0,5.0,37.0,11.0,285.0,536
314430,2016,13.0,0.0,11.0,84.0,57.0,26.0,8.0,4.0,19.0,6.0,231.0,468
314430,2017,14.0,0.0,5.0,108.0,81.0,24.0,5.0,2.0,16.0,3.0,259.0,458
314430,2018,25.0,1.0,8.0,49.0,19.0,67.0,24.0,12.0,46.0,24.0,282.0,493
314430,2019,32.0,3.0,12.0,10.0,4.0,103.0,24.0,15.0,60.0,28.0,301.0,475
314435,2012,4.0,0.0,0.0,1.0,0.0,12.0,1.0,2.0,7.0,6.0,35.0,92
314435,2013,0.0,0.0,0.0,0.0,0.0,0.0,0.0,0.0,0.0,0.0,34.0,97
314435,2014,10.0,0.0,4.0,3.0,1.0,5.0,6.0,3.0,8.0,9.0,50.0,116
314435,2015,4.0,0.0,0.0,0.0,2.0,15.0,4.0,4.0,9.0,12.0,50.0,113
314435,2016,3.0,0.0,4.0,0.0,1.0,17.0,3.0,1.0,11.0,5.0,45.0,102
314435,2017,4.0,1.0,2.0,1.0,0.0,10.0,2.0,1.0,13.0,1.0,35.0,84
314435,2018,4.0,0.0,1.0,1.0,2.0,18.0,6.0,1.0,10.0,2.0,45.0,97
314435,2019,2.0,0.0,0.0,2.0,1.0,25.0,6.0,1.0,13.0,4.0,54.0,118
314437,2012,2.0,1.0,0.0,1.0,0.0,6.0,2.0,2.0,8.0,2.0,33.0,51
314437,2013,0.0,0.0,0.0,0.0,0.0,0.0,0.0,0.0,0.0,0.0,22.0,37
314437,2014,3.0,1.0,0.0,0.0,1.0,8.0,2.0,2.0,4.0,4.0,27.0,48
314437,2015,3.0,0.0,2.0,0.0,2.0,3.0,2.0,0.0,8.0,3.0,23.0,40
314437,2016,1.0,0.0,0.0,0.0,1.0,7.0,3.0,2.0,9.0,5.0,28.0,47
314437,2017,0.0,0.0,2.0,0.0,1.0,10.0,2.0,5.0,10.0,4.0,34.0,48
314437,2018,2.0,0.0,2.0,2.0,1.0,10.0,1.0,4.0,2.0,3.0,27.0,41
314437,2019,4.0,0.0,0.0,1.0,0.0,12.0,0.0,1.0,2.0,5.0,25.0,37
314440,2012,1.0,0.0,0.0,1.0,2.0,6.0,1.0,1.0,8.0,3.0,26.0,37
314440,2013,0.0,0.0,0.0,0.0,0.0,0.0,0.0,0.0,0.0,0.0,21.0,28
314440,2014,1.0,0.0,0.0,0.0,1.0,8.0,3.0,0.0,8.0,6.0,28.0,42
314440,2015,0.0,0.0,0.0,1.0,0.0,5.0,3.0,0.0,4.0,2.0,21.0,31
314440,2016,0.0,0.0,0.0,1.0,0.0,8.0,3.0,1.0,11.0,6.0,31.0,39
314440,2017,0.0,0.0,0.0,1.0,0.0,12.0,4.0,1.0,8.0,4.0,32.0,42
314440,2018,3.0,0.0,0.0,0.0,0.0,11.0,1.0,1.0,7.0,6.0,30.0,43
314440,2019,1.0,0.0,0.0,2.0,1.0,14.0,3.0,1.0,6.0,2.0,31.0,34
314450,2012,8.0,0.0,2.0,0.0,0.0,14.0,3.0,5.0,6.0,5.0,50.0,81
314450,2013,0.0,0.0,0.0,0.0,0.0,0.0,0.0,0.0,0.0,0.0,43.0,83
314450,2014,0.0,0.0,2.0,2.0,0.0,14.0,4.0,1.0,8.0,5.0,42.0,66
314450,2015,2.0,1.0,0.0,3.0,2.0,20.0,3.0,3.0,8.0,11.0,60.0,82
314450,2016,1.0,0.0,2.0,1.0,2.0,13.0,4.0,2.0,13.0,3.0,43.0,74
314450,2017,6.0,0.0,4.0,1.0,3.0,11.0,5.0,1.0,16.0,9.0,57.0,84
314450,2018,4.0,0.0,0.0,1.0,1.0,11.0,5.0,1.0,15.0,5.0,43.0,70
314450,2019,5.0,0.0,2.0,1.0,1.0,25.0,5.0,6.0,12.0,4.0,61.0,73
314460,2012,11.0,2.0,6.0,4.0,6.0,50.0,5.0,10.0,33.0,29.0,160.0,273
314460,2013,0.0,0.0,0.0,0.0,0.0,0.0,0.0,0.0,0.0,0.0,149.0,268
314460,2014,14.0,8.0,5.0,5.0,7.0,64.0,18.0,8.0,54.0,32.0,219.0,341
314460,2015,10.0,5.0,7.0,3.0,5.0,54.0,6.0,5.0,41.0,31.0,170.0,299
314460,2016,13.0,8.0,2.0,4.0,3.0,63.0,14.0,2.0,31.0,12.0,152.0,251
314460,2017,15.0,1.0,6.0,4.0,1.0,74.0,30.0,4.0,58.0,16.0,209.0,290
314460,2018,20.0,0.0,10.0,1.0,2.0,53.0,21.0,5.0,40.0,9.0,161.0,260
314460,2019,9.0,1.0,4.0,4.0,1.0,71.0,11.0,3.0,52.0,8.0,164.0,258
314465,2012,4.0,5.0,0.0,1.0,1.0,7.0,4.0,2.0,10.0,6.0,40.0,114
314465,2013,0.0,0.0,0.0,0.0,0.0,0.0,0.0,0.0,0.0,0.0,37.0,110
314465,2014,3.0,0.0,0.0,1.0,0.0,10.0,9.0,8.0,7.0,10.0,49.0,106
314465,2015,6.0,0.0,0.0,0.0,1.0,11.0,10.0,0.0,5.0,4.0,37.0,111
314465,2016,7.0,0.0,0.0,0.0,2.0,10.0,3.0,3.0,11.0,8.0,48.0,84
314465,2017,4.0,1.0,0.0,1.0,1.0,21.0,6.0,1.0,12.0,5.0,54.0,94
314465,2018,4.0,1.0,4.0,2.0,3.0,10.0,6.0,6.0,15.0,12.0,65.0,99
314465,2019,5.0,1.0,5.0,3.0,3.0,9.0,7.0,6.0,6.0,21.0,67.0,113
314467,2012,0.0,0.0,0.0,1.0,0.0,15.0,0.0,0.0,4.0,4.0,35.0,48
314467,2013,0.0,0.0,0.0,0.0,0.0,0.0,0.0,0.0,0.0,0.0,37.0,45
314467,2014,2.0,0.0,0.0,0.0,0.0,17.0,0.0,1.0,6.0,9.0,38.0,44
314467,2015,0.0,1.0,2.0,2.0,0.0,15.0,1.0,4.0,6.0,9.0,42.0,54
314467,2016,2.0,1.0,0.0,0.0,0.0,6.0,2.0,6.0,5.0,6.0,34.0,41
314467,2017,8.0,0.0,0.0,0.0,1.0,17.0,2.0,2.0,2.0,5.0,42.0,53
314467,2018,3.0,0.0,0.0,0.0,2.0,17.0,4.0,1.0,7.0,5.0,41.0,47
314467,2019,3.0,0.0,0.0,0.0,0.0,23.0,0.0,1.0,7.0,6.0,40.0,51
314470,2012,12.0,0.0,2.0,2.0,3.0,24.0,6.0,2.0,24.0,16.0,98.0,224
314470,2013,0.0,0.0,0.0,0.0,0.0,0.0,0.0,0.0,0.0,0.0,129.0,228
314470,2014,10.0,0.0,0.0,3.0,5.0,35.0,12.0,10.0,30.0,22.0,134.0,238
314470,2015,10.0,0.0,8.0,3.0,4.0,33.0,15.0,11.0,33.0,11.0,132.0,237
314470,2016,6.0,0.0,4.0,3.0,4.0,40.0,17.0,4.0,36.0,24.0,142.0,242
314470,2017,12.0,0.0,1.0,0.0,4.0,43.0,16.0,7.0,41.0,15.0,148.0,230
314470,2018,10.0,0.0,6.0,6.0,3.0,46.0,8.0,5.0,30.0,8.0,128.0,215
314470,2019,10.0,0.0,5.0,3.0,2.0,37.0,7.0,2.0,31.0,6.0,110.0,191
314480,2012,106.0,0.0,33.0,9.0,6.0,235.0,22.0,64.0,169.0,201.0,852.0,1312
314480,2013,0.0,0.0,0.0,0.0,0.0,0.0,0.0,0.0,0.0,0.0,829.0,1330
314480,2014,69.0,1.0,22.0,15.0,24.0,312.0,81.0,28.0,247.0,68.0,874.0,1390
314480,2015,78.0,3.0,51.0,17.0,24.0,288.0,81.0,16.0,281.0,41.0,889.0,1512
314480,2016,75.0,2.0,34.0,17.0,30.0,244.0,67.0,9.0,255.0,45.0,779.0,1381
314480,2017,58.0,3.0,45.0,30.0,26.0,289.0,88.0,9.0,242.0,27.0,817.0,1476
314480,2018,66.0,6.0,40.0,18.0,27.0,261.0,82.0,12.0,230.0,29.0,776.0,1480
314480,2019,58.0,1.0,32.0,25.0,38.0,289.0,80.0,25.0,197.0,52.0,801.0,1411
314490,2012,2.0,0.0,0.0,1.0,0.0,2.0,0.0,0.0,2.0,2.0,11.0,25
314490,2013,0.0,0.0,0.0,0.0,0.0,0.0,0.0,0.0,0.0,0.0,21.0,38
314490,2014,2.0,0.0,0.0,3.0,1.0,2.0,2.0,1.0,3.0,3.0,23.0,41
314490,2015,0.0,0.0,0.0,3.0,1.0,5.0,0.0,3.0,3.0,2.0,20.0,47
314490,2016,1.0,1.0,4.0,1.0,1.0,3.0,4.0,1.0,4.0,4.0,29.0,46
314490,2017,2.0,0.0,0.0,0.0,0.0,4.0,1.0,2.0,3.0,5.0,21.0,34
314490,2018,2.0,0.0,0.0,0.0,0.0,5.0,2.0,1.0,6.0,2.0,21.0,38
314490,2019,3.0,0.0,0.0,1.0,0.0,5.0,1.0,2.0,6.0,2.0,26.0,33
314500,2012,5.0,1.0,2.0,2.0,1.0,41.0,3.0,10.0,17.0,41.0,124.0,173
314500,2013,0.0,0.0,0.0,0.0,0.0,0.0,0.0,0.0,0.0,0.0,143.0,178
314500,2014,8.0,0.0,0.0,6.0,1.0,46.0,11.0,5.0,31.0,11.0,124.0,166
314500,2015,8.0,0.0,2.0,4.0,3.0,54.0,21.0,4.0,47.0,6.0,154.0,194
314500,2016,9.0,0.0,6.0,8.0,5.0,38.0,13.0,6.0,29.0,8.0,123.0,171
314500,2017,8.0,0.0,4.0,6.0,7.0,50.0,8.0,4.0,23.0,17.0,131.0,176
314500,2018,8.0,0.0,8.0,8.0,7.0,44.0,11.0,3.0,26.0,15.0,134.0,193
314500,2019,12.0,0.0,8.0,17.0,11.0,52.0,10.0,6.0,27.0,10.0,154.0,213
314505,2012,3.0,0.0,0.0,1.0,1.0,4.0,4.0,6.0,7.0,3.0,29.0,88
314505,2013,0.0,0.0,0.0,0.0,0.0,0.0,0.0,0.0,0.0,0.0,35.0,107
314505,2014,4.0,1.0,0.0,0.0,1.0,9.0,11.0,3.0,7.0,8.0,44.0,105
314505,2015,3.0,0.0,2.0,0.0,0.0,11.0,10.0,2.0,9.0,1.0,39.0,73
314505,2016,5.0,0.0,0.0,0.0,0.0,7.0,13.0,0.0,12.0,8.0,45.0,100
314505,2017,4.0,0.0,4.0,2.0,0.0,12.0,2.0,1.0,12.0,5.0,42.0,101
314505,2018,5.0,0.0,4.0,0.0,0.0,14.0,3.0,3.0,9.0,2.0,41.0,89
314505,2019,6.0,0.0,4.0,1.0,1.0,15.0,6.0,1.0,8.0,5.0,48.0,98
314510,2012,12.0,9.0,3.0,3.0,3.0,72.0,12.0,5.0,56.0,12.0,188.0,221
314510,2013,0.0,0.0,0.0,0.0,0.0,0.0,0.0,0.0,0.0,0.0,178.0,208
314510,2014,4.0,0.0,6.0,6.0,3.0,49.0,9.0,1.0,49.0,6.0,139.0,177
314510,2015,15.0,0.0,7.0,3.0,7.0,71.0,17.0,6.0,44.0,9.0,186.0,227
314510,2016,7.0,0.0,2.0,6.0,0.0,68.0,8.0,5.0,44.0,28.0,170.0,207
314510,2017,10.0,0.0,6.0,0.0,3.0,87.0,28.0,3.0,66.0,4.0,209.0,244
314510,2018,14.0,1.0,4.0,4.0,0.0,80.0,20.0,3.0,50.0,9.0,186.0,218
314510,2019,9.0,0.0,6.0,7.0,3.0,79.0,21.0,3.0,62.0,6.0,196.0,223
314520,2012,95.0,2.0,18.0,11.0,22.0,201.0,42.0,15.0,208.0,87.0,755.0,1320
314520,2013,0.0,0.0,0.0,0.0,0.0,0.0,0.0,0.0,0.0,0.0,762.0,1311
314520,2014,81.0,2.0,17.0,13.0,17.0,232.0,83.0,29.0,217.0,96.0,800.0,1395
314520,2015,74.0,1.0,24.0,11.0,14.0,252.0,66.0,38.0,235.0,117.0,839.0,1461
314520,2016,67.0,2.0,17.0,19.0,27.0,272.0,58.0,41.0,186.0,78.0,798.0,1446
314520,2017,65.0,1.0,28.0,26.0,25.0,280.0,62.0,28.0,197.0,101.0,831.0,1571
314520,2018,87.0,3.0,20.0,34.0,22.0,358.0,107.0,56.0,245.0,103.0,1043.0,1790
314520,2019,100.0,4.0,28.0,19.0,15.0,379.0,123.0,74.0,240.0,159.0,1148.0,1828
314530,2012,14.0,3.0,6.0,7.0,7.0,42.0,13.0,10.0,32.0,37.0,178.0,468
314530,2013,0.0,0.0,0.0,0.0,0.0,0.0,0.0,0.0,0.0,0.0,168.0,404
314530,2014,15.0,0.0,6.0,2.0,3.0,44.0,14.0,10.0,34.0,27.0,158.0,421
314530,2015,5.0,1.0,2.0,2.0,4.0,53.0,15.0,5.0,34.0,24.0,147.0,353
314530,2016,12.0,3.0,5.0,5.0,1.0,47.0,16.0,10.0,27.0,17.0,146.0,363
314530,2017,19.0,1.0,4.0,7.0,8.0,53.0,19.0,16.0,43.0,29.0,203.0,395
314530,2018,19.0,5.0,11.0,3.0,6.0,60.0,27.0,16.0,38.0,28.0,218.0,420
314530,2019,14.0,1.0,4.0,4.0,6.0,67.0,15.0,16.0,28.0,39.0,199.0,394
314535,2012,3.0,0.0,0.0,0.0,1.0,12.0,3.0,0.0,7.0,6.0,32.0,102
314535,2013,0.0,0.0,0.0,0.0,0.0,0.0,0.0,0.0,0.0,0.0,32.0,129
314535,2014,2.0,0.0,0.0,0.0,1.0,12.0,3.0,3.0,4.0,13.0,38.0,125
314535,2015,3.0,0.0,1.0,1.0,1.0,10.0,2.0,3.0,14.0,8.0,44.0,134
314535,2016,1.0,0.0,0.0,1.0,2.0,12.0,5.0,4.0,7.0,5.0,39.0,127
314535,2017,4.0,0.0,0.0,2.0,2.0,7.0,5.0,1.0,7.0,4.0,32.0,115
314535,2018,3.0,1.0,0.0,2.0,0.0,22.0,7.0,2.0,11.0,8.0,58.0,148
314535,2019,2.0,0.0,4.0,4.0,3.0,14.0,8.0,2.0,15.0,6.0,58.0,139
314537,2012,3.0,0.0,0.0,0.0,1.0,11.0,2.0,2.0,5.0,2.0,30.0,67
314537,2013,0.0,0.0,0.0,0.0,0.0,0.0,0.0,0.0,0.0,0.0,22.0,66
314537,2014,2.0,0.0,2.0,2.0,1.0,8.0,3.0,4.0,3.0,4.0,29.0,49
314537,2015,2.0,0.0,0.0,0.0,0.0,8.0,1.0,3.0,6.0,2.0,26.0,62
314537,2016,0.0,0.0,0.0,1.0,0.0,6.0,2.0,3.0,5.0,8.0,25.0,48
314537,2017,3.0,0.0,0.0,2.0,1.0,7.0,1.0,4.0,6.0,10.0,39.0,70
314537,2018,3.0,0.0,0.0,0.0,1.0,10.0,1.0,4.0,6.0,2.0,30.0,55
314537,2019,5.0,2.0,4.0,0.0,0.0,9.0,1.0,1.0,1.0,1.0,26.0,46
314540,2012,2.0,0.0,0.0,0.0,0.0,3.0,0.0,2.0,3.0,1.0,12.0,19
314540,2013,0.0,0.0,0.0,0.0,0.0,0.0,0.0,0.0,0.0,0.0,9.0,16
314540,2014,1.0,0.0,0.0,0.0,0.0,4.0,3.0,0.0,2.0,0.0,10.0,19
314540,2015,0.0,0.0,1.0,0.0,0.0,3.0,0.0,1.0,1.0,0.0,6.0,12
314540,2016,0.0,0.0,2.0,0.0,0.0,2.0,1.0,1.0,2.0,0.0,8.0,17
314540,2017,1.0,0.0,0.0,0.0,0.0,2.0,1.0,0.0,1.0,0.0,5.0,11
314540,2018,0.0,0.0,0.0,0.0,0.0,2.0,2.0,0.0,3.0,0.0,7.0,15
314540,2019,0.0,0.0,0.0,0.0,1.0,2.0,0.0,0.0,4.0,0.0,7.0,18
314545,2012,1.0,0.0,0.0,3.0,1.0,14.0,0.0,0.0,4.0,5.0,29.0,84
314545,2013,0.0,0.0,0.0,0.0,0.0,0.0,0.0,0.0,0.0,0.0,32.0,85
314545,2014,3.0,0.0,0.0,4.0,0.0,6.0,1.0,6.0,0.0,8.0,31.0,74
314545,2015,2.0,0.0,2.0,0.0,1.0,15.0,1.0,2.0,4.0,7.0,35.0,79
314545,2016,0.0,0.0,0.0,1.0,1.0,9.0,3.0,4.0,0.0,5.0,23.0,70
314545,2017,2.0,0.0,0.0,1.0,1.0,5.0,0.0,3.0,0.0,7.0,22.0,69
314545,2018,1.0,0.0,0.0,0.0,0.0,11.0,1.0,4.0,5.0,7.0,32.0,72
314545,2019,2.0,0.0,0.0,0.0,1.0,18.0,3.0,1.0,4.0,5.0,40.0,82
314550,2012,1.0,0.0,0.0,0.0,0.0,10.0,1.0,0.0,0.0,2.0,18.0,27
314550,2013,0.0,0.0,0.0,0.0,0.0,0.0,0.0,0.0,0.0,0.0,14.0,26
314550,2014,0.0,0.0,2.0,0.0,0.0,11.0,0.0,2.0,1.0,2.0,18.0,31
314550,2015,3.0,0.0,0.0,0.0,0.0,3.0,0.0,3.0,1.0,3.0,14.0,25
314550,2016,1.0,0.0,2.0,0.0,0.0,6.0,1.0,1.0,3.0,1.0,15.0,32
314550,2017,2.0,0.0,2.0,1.0,0.0,8.0,3.0,0.0,5.0,2.0,23.0,31
314550,2018,0.0,0.0,0.0,0.0,0.0,7.0,1.0,2.0,4.0,3.0,17.0,27
314550,2019,3.0,0.0,2.0,1.0,0.0,5.0,2.0,1.0,4.0,1.0,19.0,34
314560,2012,28.0,0.0,8.0,0.0,6.0,78.0,2.0,18.0,13.0,54.0,258.0,423
314560,2013,0.0,0.0,0.0,0.0,0.0,0.0,0.0,0.0,0.0,0.0,268.0,434
314560,2014,21.0,0.0,7.0,1.0,1.0,80.0,2.0,30.0,11.0,92.0,264.0,424
314560,2015,27.0,1.0,14.0,2.0,3.0,85.0,1.0,31.0,5.0,87.0,266.0,431
314560,2016,20.0,0.0,4.0,0.0,3.0,78.0,1.0,47.0,7.0,114.0,275.0,425
314560,2017,12.0,0.0,3.0,0.0,1.0,96.0,1.0,39.0,3.0,102.0,259.0,388
314560,2018,12.0,0.0,8.0,0.0,0.0,97.0,3.0,57.0,3.0,118.0,300.0,437
314560,2019,21.0,0.0,15.0,1.0,1.0,95.0,1.0,34.0,7.0,114.0,289.0,441
314570,2012,3.0,0.0,0.0,0.0,1.0,5.0,0.0,1.0,0.0,0.0,10.0,16
314570,2013,0.0,0.0,0.0,0.0,0.0,0.0,0.0,0.0,0.0,0.0,9.0,13
314570,2014,1.0,0.0,0.0,0.0,0.0,4.0,0.0,2.0,1.0,0.0,13.0,16
314570,2015,0.0,0.0,0.0,1.0,0.0,0.0,1.0,1.0,2.0,0.0,6.0,12
314570,2016,0.0,0.0,0.0,1.0,0.0,8.0,3.0,0.0,2.0,0.0,14.0,22
314570,2017,1.0,0.0,0.0,0.0,0.0,2.0,0.0,1.0,2.0,2.0,8.0,12
314570,2018,1.0,0.0,0.0,0.0,0.0,7.0,0.0,0.0,3.0,2.0,13.0,22
314570,2019,0.0,0.0,0.0,0.0,0.0,5.0,0.0,0.0,4.0,2.0,11.0,17
314580,2012,1.0,0.0,0.0,0.0,0.0,5.0,1.0,1.0,7.0,0.0,15.0,31
314580,2013,0.0,0.0,0.0,0.0,0.0,0.0,0.0,0.0,0.0,0.0,13.0,27
314580,2014,1.0,0.0,0.0,0.0,0.0,6.0,1.0,2.0,1.0,2.0,13.0,24
314580,2015,1.0,0.0,0.0,0.0,0.0,7.0,1.0,0.0,7.0,0.0,17.0,30
314580,2016,2.0,0.0,0.0,1.0,0.0,4.0,1.0,0.0,3.0,1.0,12.0,34
314580,2017,0.0,0.0,3.0,1.0,2.0,4.0,1.0,1.0,6.0,0.0,18.0,35
314580,2018,4.0,0.0,2.0,0.0,0.0,4.0,0.0,0.0,4.0,2.0,16.0,34
314580,2019,1.0,0.0,0.0,0.0,0.0,3.0,0.0,4.0,0.0,2.0,10.0,26
314585,2012,6.0,0.0,0.0,0.0,0.0,12.0,2.0,3.0,10.0,3.0,38.0,67
314585,2013,0.0,0.0,0.0,0.0,0.0,0.0,0.0,0.0,0.0,0.0,31.0,50
314585,2014,4.0,0.0,0.0,0.0,1.0,15.0,9.0,1.0,11.0,3.0,44.0,65
314585,2015,4.0,0.0,2.0,1.0,1.0,9.0,10.0,0.0,17.0,1.0,46.0,80
314585,2016,2.0,0.0,0.0,0.0,1.0,13.0,6.0,0.0,9.0,0.0,31.0,47
314585,2017,4.0,0.0,0.0,0.0,2.0,9.0,3.0,0.0,9.0,1.0,29.0,52
314585,2018,3.0,0.0,1.0,2.0,0.0,14.0,6.0,0.0,12.0,1.0,39.0,67
314585,2019,5.0,0.0,2.0,0.0,1.0,7.0,3.0,0.0,14.0,0.0,32.0,51
314587,2012,18.0,0.0,2.0,2.0,3.0,18.0,1.0,1.0,12.0,6.0,83.0,111
314587,2013,0.0,0.0,0.0,0.0,0.0,0.0,0.0,0.0,0.0,0.0,74.0,101
314587,2014,4.0,0.0,0.0,0.0,0.0,30.0,5.0,9.0,3.0,23.0,88.0,121
314587,2015,5.0,1.0,0.0,1.0,1.0,57.0,0.0,11.0,4.0,1.0,82.0,115
314587,2016,8.0,0.0,1.0,0.0,0.0,76.0,1.0,14.0,1.0,0.0,102.0,134
314587,2017,8.0,1.0,2.0,0.0,0.0,72.0,1.0,7.0,4.0,1.0,98.0,120
314587,2018,2.0,0.0,4.0,1.0,0.0,31.0,0.0,1.0,4.0,22.0,78.0,109
314587,2019,3.0,0.0,2.0,0.0,0.0,32.0,1.0,8.0,5.0,17.0,81.0,110
314590,2012,53.0,1.0,8.0,6.0,3.0,98.0,16.0,8.0,62.0,49.0,365.0,533
314590,2013,0.0,0.0,0.0,0.0,0.0,0.0,0.0,0.0,0.0,0.0,353.0,522
314590,2014,22.0,2.0,11.0,7.0,3.0,148.0,15.0,22.0,45.0,101.0,383.0,556
314590,2015,14.0,1.0,15.0,4.0,4.0,134.0,11.0,27.0,50.0,114.0,374.0,543
314590,2016,20.0,0.0,9.0,4.0,5.0,157.0,18.0,44.0,29.0,118.0,406.0,563
314590,2017,18.0,0.0,6.0,5.0,5.0,153.0,15.0,34.0,24.0,114.0,379.0,528
314590,2018,23.0,0.0,4.0,4.0,9.0,141.0,10.0,38.0,28.0,98.0,355.0,486
314590,2019,22.0,0.0,3.0,12.0,6.0,170.0,12.0,41.0,11.0,97.0,384.0,551
314600,2012,30.0,2.0,6.0,3.0,4.0,71.0,2.0,9.0,22.0,60.0,223.0,326
314600,2013,0.0,0.0,0.0,0.0,0.0,0.0,0.0,0.0,0.0,0.0,225.0,303
314600,2014,20.0,0.0,2.0,5.0,4.0,88.0,5.0,23.0,13.0,95.0,279.0,343
314600,2015,29.0,0.0,7.0,4.0,5.0,81.0,5.0,19.0,13.0,70.0,265.0,306
314600,2016,36.0,0.0,7.0,5.0,3.0,78.0,7.0,17.0,16.0,66.0,262.0,330
314600,2017,24.0,0.0,11.0,2.0,4.0,89.0,9.0,13.0,28.0,76.0,294.0,383
314600,2018,23.0,1.0,6.0,1.0,5.0,90.0,2.0,16.0,19.0,68.0,239.0,304
314600,2019,25.0,0.0,6.0,3.0,5.0,96.0,4.0,19.0,28.0,65.0,261.0,328
314610,2012,67.0,1.0,12.0,8.0,12.0,124.0,21.0,6.0,107.0,71.0,497.0,896
314610,2013,0.0,0.0,0.0,0.0,0.0,0.0,0.0,0.0,0.0,0.0,546.0,882
314610,2014,55.0,3.0,21.0,8.0,11.0,161.0,41.0,26.0,137.0,106.0,628.0,946
314610,2015,39.0,0.0,8.0,11.0,10.0,176.0,37.0,44.0,127.0,90.0,575.0,911
314610,2016,45.0,0.0,7.0,15.0,14.0,160.0,47.0,22.0,113.0,69.0,504.0,868
314610,2017,43.0,1.0,22.0,14.0,12.0,155.0,33.0,31.0,75.0,101.0,491.0,854
314610,2018,46.0,0.0,26.0,12.0,14.0,156.0,21.0,26.0,87.0,82.0,473.0,871
314610,2019,51.0,2.0,10.0,15.0,7.0,165.0,35.0,10.0,89.0,51.0,439.0,768
314620,2012,2.0,0.0,3.0,2.0,2.0,14.0,1.0,0.0,4.0,2.0,31.0,106
314620,2013,0.0,0.0,0.0,0.0,0.0,0.0,0.0,0.0,0.0,0.0,31.0,79
314620,2014,3.0,0.0,0.0,2.0,0.0,9.0,5.0,2.0,3.0,2.0,26.0,72
314620,2015,4.0,0.0,2.0,0.0,3.0,17.0,3.0,2.0,5.0,7.0,45.0,111
314620,2016,3.0,0.0,0.0,1.0,2.0,13.0,5.0,2.0,9.0,3.0,40.0,101
314620,2017,6.0,0.0,2.0,1.0,1.0,9.0,5.0,2.0,2.0,6.0,42.0,104
314620,2018,1.0,0.0,0.0,1.0,1.0,15.0,3.0,0.0,6.0,2.0,32.0,86
314620,2019,4.0,0.0,0.0,2.0,2.0,18.0,1.0,3.0,4.0,3.0,41.0,89
314625,2012,4.0,0.0,0.0,0.0,1.0,10.0,3.0,2.0,2.0,9.0,31.0,86
314625,2013,0.0,0.0,0.0,0.0,0.0,0.0,0.0,0.0,0.0,0.0,26.0,80
314625,2014,5.0,0.0,4.0,1.0,0.0,17.0,4.0,4.0,5.0,9.0,54.0,99
314625,2015,4.0,0.0,0.0,1.0,0.0,9.0,6.0,1.0,9.0,5.0,38.0,80
314625,2016,3.0,0.0,2.0,0.0,1.0,11.0,5.0,6.0,6.0,7.0,42.0,74
314625,2017,4.0,1.0,6.0,0.0,1.0,8.0,5.0,0.0,7.0,7.0,49.0,80
314625,2018,3.0,0.0,1.0,1.0,0.0,11.0,2.0,4.0,7.0,5.0,38.0,67
314625,2019,3.0,0.0,0.0,0.0,2.0,9.0,3.0,7.0,4.0,5.0,34.0,60
314630,2012,11.0,0.0,1.0,3.0,5.0,22.0,10.0,3.0,18.0,12.0,91.0,283
314630,2013,0.0,0.0,0.0,0.0,0.0,0.0,0.0,0.0,0.0,0.0,91.0,284
314630,2014,9.0,0.0,0.0,1.0,3.0,17.0,8.0,17.0,18.0,20.0,104.0,250
314630,2015,5.0,0.0,2.0,2.0,1.0,23.0,7.0,8.0,21.0,20.0,94.0,256
314630,2016,17.0,1.0,5.0,4.0,0.0,23.0,9.0,8.0,16.0,10.0,104.0,273
314630,2017,10.0,0.0,6.0,1.0,1.0,31.0,13.0,12.0,29.0,15.0,122.0,250
314630,2018,8.0,2.0,5.0,3.0,2.0,36.0,20.0,18.0,21.0,16.0,133.0,274
314630,2019,10.0,1.0,0.0,4.0,1.0,28.0,16.0,11.0,21.0,14.0,113.0,239
314640,2012,1.0,0.0,0.0,2.0,0.0,8.0,2.0,1.0,4.0,0.0,18.0,43
314640,2013,0.0,0.0,0.0,0.0,0.0,0.0,0.0,0.0,0.0,0.0,15.0,32
314640,2014,2.0,0.0,4.0,3.0,0.0,2.0,0.0,1.0,2.0,3.0,18.0,32
314640,2015,1.0,0.0,1.0,0.0,3.0,7.0,3.0,0.0,5.0,1.0,21.0,35
314640,2016,1.0,0.0,0.0,3.0,0.0,7.0,4.0,4.0,6.0,2.0,27.0,50
314640,2017,3.0,0.0,0.0,1.0,3.0,5.0,0.0,3.0,3.0,1.0,19.0,27
314640,2018,1.0,0.0,2.0,0.0,1.0,10.0,1.0,2.0,1.0,4.0,22.0,38
314640,2019,1.0,0.0,2.0,1.0,0.0,12.0,3.0,2.0,3.0,2.0,26.0,34
314650,2012,3.0,4.0,4.0,0.0,1.0,18.0,3.0,1.0,10.0,6.0,55.0,86
314650,2013,0.0,0.0,0.0,0.0,0.0,0.0,0.0,0.0,0.0,0.0,43.0,62
314650,2014,6.0,2.0,0.0,2.0,1.0,23.0,6.0,1.0,9.0,7.0,57.0,80
314650,2015,6.0,3.0,0.0,1.0,2.0,18.0,15.0,0.0,24.0,2.0,71.0,77
314650,2016,8.0,1.0,1.0,1.0,3.0,22.0,10.0,1.0,25.0,4.0,77.0,89
314650,2017,2.0,0.0,2.0,8.0,1.0,23.0,8.0,0.0,26.0,2.0,72.0,87
314650,2018,3.0,0.0,2.0,4.0,1.0,18.0,11.0,1.0,19.0,4.0,66.0,80
314650,2019,10.0,0.0,2.0,3.0,1.0,37.0,10.0,1.0,26.0,2.0,93.0,106
314655,2012,1.0,0.0,0.0,1.0,1.0,7.0,3.0,3.0,7.0,5.0,28.0,63
314655,2013,0.0,0.0,0.0,0.0,0.0,0.0,0.0,0.0,0.0,0.0,26.0,70
314655,2014,2.0,0.0,0.0,0.0,0.0,4.0,5.0,0.0,5.0,1.0,17.0,71
314655,2015,2.0,0.0,0.0,0.0,0.0,14.0,5.0,0.0,6.0,1.0,28.0,68
314655,2016,3.0,0.0,0.0,0.0,0.0,13.0,2.0,0.0,6.0,5.0,30.0,55
314655,2017,4.0,0.0,0.0,0.0,1.0,4.0,6.0,1.0,6.0,5.0,27.0,62
314655,2018,1.0,0.0,0.0,0.0,1.0,8.0,2.0,2.0,4.0,0.0,18.0,60
314655,2019,2.0,0.0,0.0,0.0,1.0,4.0,2.0,1.0,2.0,2.0,14.0,57
314660,2012,2.0,0.0,2.0,0.0,0.0,2.0,0.0,0.0,1.0,2.0,13.0,18
314660,2013,0.0,0.0,0.0,0.0,0.0,0.0,0.0,0.0,0.0,0.0,8.0,14
314660,2014,1.0,0.0,4.0,3.0,0.0,3.0,0.0,0.0,0.0,0.0,12.0,17
314660,2015,1.0,0.0,0.0,2.0,0.0,2.0,0.0,1.0,1.0,0.0,7.0,12
314660,2016,1.0,0.0,2.0,3.0,0.0,1.0,0.0,0.0,3.0,1.0,12.0,22
314660,2017,1.0,0.0,0.0,0.0,1.0,4.0,0.0,1.0,1.0,0.0,9.0,13
314660,2018,0.0,0.0,0.0,0.0,0.0,5.0,1.0,0.0,2.0,2.0,10.0,13
314660,2019,2.0,0.0,0.0,0.0,1.0,3.0,1.0,0.0,0.0,0.0,7.0,12
314670,2012,10.0,0.0,0.0,0.0,2.0,11.0,1.0,3.0,3.0,8.0,39.0,48
314670,2013,0.0,0.0,0.0,0.0,0.0,0.0,0.0,0.0,0.0,0.0,35.0,46
314670,2014,4.0,0.0,0.0,2.0,1.0,14.0,3.0,7.0,8.0,7.0,48.0,58
314670,2015,6.0,0.0,0.0,2.0,2.0,8.0,3.0,4.0,7.0,11.0,46.0,58
314670,2016,7.0,0.0,0.0,0.0,0.0,22.0,2.0,4.0,4.0,10.0,49.0,56
314670,2017,6.0,0.0,0.0,2.0,0.0,12.0,2.0,3.0,4.0,14.0,46.0,65
314670,2018,2.0,0.0,0.0,2.0,1.0,7.0,1.0,3.0,2.0,11.0,29.0,37
314670,2019,6.0,0.0,2.0,1.0,0.0,17.0,0.0,2.0,4.0,10.0,44.0,56
314675,2012,2.0,0.0,0.0,2.0,0.0,2.0,0.0,0.0,3.0,8.0,25.0,74
314675,2013,0.0,0.0,0.0,0.0,0.0,0.0,0.0,0.0,0.0,0.0,16.0,59
314675,2014,0.0,0.0,1.0,1.0,0.0,2.0,3.0,0.0,3.0,1.0,14.0,76
314675,2015,1.0,0.0,2.0,1.0,0.0,6.0,0.0,1.0,5.0,1.0,20.0,71
314675,2016,0.0,0.0,0.0,1.0,0.0,0.0,1.0,0.0,0.0,0.0,5.0,61
314675,2017,0.0,0.0,0.0,0.0,0.0,1.0,1.0,0.0,0.0,0.0,11.0,82
314675,2018,1.0,0.0,2.0,0.0,0.0,2.0,0.0,0.0,1.0,0.0,25.0,83
314675,2019,0.0,0.0,0.0,0.0,0.0,1.0,0.0,1.0,1.0,2.0,18.0,73
314690,2012,11.0,1.0,1.0,0.0,0.0,27.0,6.0,0.0,18.0,9.0,75.0,173
314690,2013,0.0,0.0,0.0,0.0,0.0,0.0,0.0,0.0,0.0,0.0,88.0,193
314690,2014,9.0,0.0,0.0,1.0,2.0,27.0,3.0,1.0,19.0,7.0,78.0,188
314690,2015,5.0,0.0,4.0,0.0,0.0,26.0,11.0,5.0,19.0,5.0,80.0,193
314690,2016,6.0,0.0,2.0,0.0,2.0,23.0,9.0,5.0,11.0,10.0,76.0,167
314690,2017,5.0,0.0,4.0,2.0,3.0,24.0,10.0,4.0,16.0,5.0,75.0,177
314690,2018,8.0,0.0,0.0,1.0,0.0,32.0,11.0,4.0,16.0,13.0,86.0,185
314690,2019,1.0,0.0,4.0,1.0,4.0,27.0,6.0,2.0,18.0,5.0,70.0,168
314700,2012,153.0,2.0,24.0,22.0,19.0,121.0,21.0,34.0,68.0,123.0,641.0,1279
314700,2013,0.0,0.0,0.0,0.0,0.0,0.0,0.0,0.0,0.0,0.0,713.0,1224
314700,2014,62.0,3.0,15.0,14.0,14.0,233.0,66.0,66.0,148.0,143.0,765.0,1330
314700,2015,56.0,5.0,14.0,14.0,21.0,246.0,73.0,43.0,182.0,101.0,757.0,1384
314700,2016,87.0,5.0,15.0,16.0,13.0,241.0,68.0,36.0,199.0,105.0,785.0,1304
314700,2017,106.0,3.0,34.0,12.0,23.0,292.0,88.0,77.0,194.0,157.0,987.0,1387
314700,2018,98.0,3.0,29.0,29.0,16.0,289.0,120.0,69.0,232.0,156.0,1041.0,1439
314700,2019,120.0,2.0,32.0,22.0,22.0,309.0,106.0,86.0,214.0,151.0,1085.0,1448
314710,2012,49.0,0.0,22.0,6.0,8.0,188.0,21.0,2.0,217.0,22.0,556.0,1076
314710,2013,0.0,0.0,0.0,0.0,0.0,0.0,0.0,0.0,0.0,0.0,581.0,1122
314710,2014,59.0,0.0,20.0,8.0,2.0,204.0,43.0,40.0,137.0,134.0,656.0,1201
314710,2015,42.0,0.0,18.0,24.0,19.0,200.0,77.0,6.0,205.0,19.0,616.0,1196
314710,2016,43.0,0.0,25.0,30.0,23.0,195.0,45.0,23.0,154.0,57.0,600.0,1118
314710,2017,54.0,1.0,19.0,24.0,25.0,194.0,62.0,25.0,148.0,91.0,643.0,1138
314710,2018,40.0,0.0,28.0,17.0,8.0,223.0,36.0,20.0,153.0,97.0,624.0,1161
314710,2019,38.0,1.0,29.0,9.0,10.0,236.0,29.0,68.0,95.0,156.0,676.0,1115
314720,2012,20.0,2.0,1.0,6.0,4.0,48.0,12.0,1.0,46.0,11.0,156.0,244
314720,2013,0.0,0.0,0.0,0.0,0.0,0.0,0.0,0.0,0.0,0.0,144.0,243
314720,2014,17.0,0.0,0.0,4.0,2.0,52.0,18.0,3.0,40.0,11.0,152.0,237
314720,2015,18.0,0.0,4.0,5.0,6.0,55.0,19.0,6.0,38.0,21.0,173.0,246
314720,2016,9.0,1.0,6.0,2.0,5.0,51.0,18.0,4.0,50.0,9.0,155.0,246
314720,2017,13.0,0.0,1.0,4.0,4.0,61.0,11.0,11.0,47.0,13.0,170.0,270
314720,2018,19.0,0.0,10.0,5.0,6.0,77.0,20.0,4.0,38.0,23.0,202.0,284
314720,2019,7.0,0.0,4.0,4.0,3.0,79.0,15.0,2.0,39.0,9.0,163.0,250
314730,2012,13.0,1.0,2.0,5.0,2.0,54.0,10.0,0.0,37.0,10.0,177.0,213
314730,2013,0.0,0.0,0.0,0.0,0.0,0.0,0.0,0.0,0.0,0.0,196.0,245
314730,2014,6.0,1.0,0.0,4.0,3.0,35.0,6.0,2.0,30.0,15.0,190.0,236
314730,2015,11.0,0.0,4.0,5.0,6.0,46.0,13.0,7.0,40.0,16.0,151.0,191
314730,2016,8.0,3.0,4.0,4.0,4.0,60.0,8.0,6.0,31.0,14.0,144.0,195
314730,2017,10.0,1.0,6.0,12.0,11.0,47.0,9.0,2.0,51.0,10.0,162.0,210
314730,2018,8.0,3.0,6.0,18.0,7.0,52.0,8.0,4.0,30.0,13.0,155.0,214
314730,2019,7.0,0.0,7.0,20.0,10.0,57.0,14.0,3.0,21.0,20.0,160.0,197
314740,2012,12.0,0.0,0.0,3.0,8.0,27.0,4.0,3.0,30.0,11.0,105.0,274
314740,2013,0.0,0.0,0.0,0.0,0.0,0.0,0.0,0.0,0.0,0.0,143.0,341
314740,2014,11.0,0.0,6.0,3.0,3.0,25.0,8.0,5.0,20.0,11.0,106.0,283
314740,2015,9.0,0.0,6.0,5.0,4.0,35.0,4.0,4.0,35.0,17.0,136.0,327
314740,2016,12.0,1.0,1.0,4.0,5.0,40.0,9.0,10.0,20.0,12.0,117.0,274
314740,2017,5.0,0.0,10.0,4.0,2.0,43.0,15.0,2.0,35.0,17.0,136.0,305
314740,2018,10.0,1.0,5.0,1.0,4.0,48.0,10.0,7.0,26.0,8.0,125.0,285
314740,2019,13.0,1.0,2.0,9.0,2.0,50.0,18.0,9.0,30.0,14.0,151.0,343
314750,2012,1.0,0.0,0.0,0.0,0.0,3.0,0.0,0.0,0.0,0.0,7.0,12
314750,2013,0.0,0.0,0.0,0.0,0.0,0.0,0.0,0.0,0.0,0.0,7.0,16
314750,2014,1.0,0.0,0.0,0.0,0.0,2.0,1.0,0.0,1.0,0.0,5.0,19
314750,2015,0.0,0.0,0.0,0.0,0.0,2.0,2.0,0.0,2.0,1.0,7.0,15
314750,2016,1.0,0.0,0.0,0.0,0.0,3.0,0.0,0.0,1.0,2.0,7.0,13
314750,2017,0.0,0.0,0.0,0.0,0.0,2.0,0.0,0.0,2.0,1.0,5.0,13
314750,2018,1.0,0.0,3.0,1.0,0.0,2.0,0.0,0.0,1.0,2.0,10.0,17
314750,2019,1.0,0.0,0.0,0.0,0.0,4.0,0.0,0.0,2.0,1.0,8.0,11
314760,2012,9.0,0.0,8.0,1.0,1.0,40.0,8.0,1.0,38.0,0.0,116.0,201
314760,2013,0.0,0.0,0.0,0.0,0.0,0.0,0.0,0.0,0.0,0.0,107.0,177
314760,2014,7.0,0.0,2.0,5.0,2.0,23.0,15.0,2.0,33.0,8.0,101.0,163
314760,2015,11.0,0.0,2.0,1.0,1.0,39.0,12.0,4.0,27.0,13.0,116.0,193
314760,2016,7.0,0.0,1.0,1.0,4.0,48.0,21.0,5.0,36.0,12.0,136.0,187
314760,2017,8.0,0.0,0.0,1.0,6.0,48.0,11.0,7.0,47.0,14.0,142.0,196
314760,2018,6.0,0.0,8.0,2.0,1.0,52.0,17.0,2.0,59.0,6.0,153.0,207
314760,2019,7.0,0.0,1.0,3.0,1.0,51.0,21.0,2.0,46.0,8.0,140.0,189
314770,2012,7.0,0.0,0.0,1.0,0.0,16.0,2.0,0.0,10.0,4.0,43.0,70
314770,2013,0.0,0.0,0.0,0.0,0.0,0.0,0.0,0.0,0.0,0.0,37.0,59
314770,2014,1.0,0.0,4.0,1.0,0.0,1.0,0.0,1.0,2.0,5.0,40.0,65
314770,2015,1.0,0.0,0.0,0.0,0.0,5.0,4.0,0.0,3.0,3.0,34.0,61
314770,2016,2.0,0.0,2.0,0.0,1.0,9.0,5.0,2.0,4.0,3.0,28.0,52
314770,2017,4.0,0.0,2.0,1.0,0.0,13.0,1.0,5.0,3.0,12.0,41.0,64
314770,2018,4.0,0.0,0.0,1.0,0.0,18.0,2.0,0.0,8.0,9.0,43.0,67
314770,2019,2.0,0.0,0.0,0.0,0.0,18.0,3.0,2.0,10.0,8.0,43.0,56
314780,2012,2.0,0.0,0.0,0.0,0.0,6.0,2.0,0.0,1.0,1.0,12.0,14
314780,2013,0.0,0.0,0.0,0.0,0.0,0.0,0.0,0.0,0.0,0.0,14.0,20
314780,2014,2.0,0.0,0.0,1.0,0.0,6.0,3.0,0.0,5.0,1.0,19.0,25
314780,2015,2.0,0.0,0.0,0.0,1.0,7.0,0.0,0.0,3.0,2.0,15.0,19
314780,2016,0.0,0.0,0.0,1.0,0.0,3.0,1.0,1.0,2.0,2.0,10.0,13
314780,2017,0.0,1.0,0.0,0.0,2.0,7.0,2.0,0.0,5.0,1.0,18.0,21
314780,2018,2.0,0.0,0.0,1.0,0.0,8.0,0.0,1.0,4.0,1.0,17.0,21
314780,2019,1.0,0.0,0.0,0.0,1.0,4.0,0.0,0.0,3.0,0.0,9.0,11
314790,2012,106.0,1.0,14.0,22.0,31.0,179.0,30.0,8.0,123.0,55.0,618.0,1534
314790,2013,0.0,0.0,0.0,0.0,0.0,0.0,0.0,0.0,0.0,0.0,579.0,1387
314790,2014,52.0,2.0,26.0,29.0,32.0,159.0,49.0,16.0,142.0,48.0,671.0,1477
314790,2015,49.0,2.0,30.0,23.0,19.0,133.0,44.0,13.0,121.0,36.0,579.0,1417
314790,2016,57.0,3.0,30.0,29.0,14.0,190.0,49.0,13.0,156.0,58.0,656.0,1417
314790,2017,74.0,5.0,35.0,22.0,16.0,190.0,57.0,13.0,148.0,70.0,689.0,1487
314790,2018,109.0,4.0,32.0,15.0,17.0,208.0,67.0,26.0,155.0,64.0,704.0,1480
314790,2019,84.0,4.0,26.0,16.0,17.0,211.0,61.0,37.0,149.0,62.0,676.0,1374
314795,2012,0.0,0.0,4.0,0.0,0.0,6.0,5.0,2.0,6.0,3.0,26.0,68
314795,2013,0.0,0.0,0.0,0.0,0.0,0.0,0.0,0.0,0.0,0.0,28.0,56
314795,2014,1.0,0.0,0.0,0.0,0.0,11.0,0.0,1.0,2.0,4.0,19.0,53
314795,2015,2.0,0.0,0.0,0.0,0.0,10.0,4.0,3.0,2.0,5.0,28.0,57
314795,2016,2.0,0.0,2.0,0.0,2.0,6.0,2.0,4.0,4.0,2.0,24.0,64
314795,2017,2.0,0.0,0.0,1.0,1.0,7.0,5.0,0.0,6.0,1.0,23.0,50
314795,2018,2.0,0.0,2.0,0.0,2.0,9.0,5.0,1.0,7.0,3.0,31.0,49
314795,2019,0.0,0.0,0.0,2.0,0.0,8.0,3.0,1.0,5.0,6.0,25.0,56
314800,2012,106.0,7.0,30.0,21.0,25.0,294.0,55.0,35.0,272.0,116.0,982.0,1677
314800,2013,0.0,0.0,0.0,0.0,0.0,0.0,0.0,0.0,0.0,0.0,1021.0,1690
314800,2014,104.0,5.0,31.0,26.0,28.0,380.0,99.0,68.0,299.0,142.0,1203.0,1843
314800,2015,149.0,1.0,45.0,34.0,24.0,326.0,101.0,49.0,332.0,127.0,1205.0,1904
314800,2016,123.0,4.0,27.0,35.0,29.0,364.0,105.0,21.0,340.0,49.0,1097.0,1781
314800,2017,106.0,2.0,36.0,28.0,30.0,398.0,106.0,33.0,333.0,84.0,1157.0,1897
314800,2018,106.0,2.0,28.0,26.0,34.0,465.0,130.0,38.0,318.0,85.0,1232.0,1967
314800,2019,108.0,2.0,28.0,42.0,41.0,421.0,120.0,37.0,304.0,96.0,1199.0,1852
314810,2012,59.0,0.0,18.0,7.0,11.0,225.0,67.0,10.0,247.0,35.0,718.0,1186
314810,2013,0.0,0.0,0.0,0.0,0.0,0.0,0.0,0.0,0.0,0.0,796.0,1241
314810,2014,70.0,3.0,12.0,9.0,3.0,250.0,121.0,21.0,286.0,52.0,833.0,1222
314810,2015,85.0,3.0,22.0,17.0,20.0,270.0,82.0,39.0,205.0,90.0,837.0,1252
314810,2016,73.0,5.0,21.0,10.0,14.0,323.0,62.0,36.0,185.0,105.0,836.0,1204
314810,2017,80.0,1.0,35.0,15.0,8.0,328.0,81.0,34.0,200.0,121.0,908.0,1286
314810,2018,69.0,4.0,28.0,22.0,10.0,325.0,91.0,17.0,236.0,63.0,867.0,1296
314810,2019,73.0,5.0,25.0,21.0,13.0,363.0,75.0,18.0,266.0,72.0,932.0,1325
314820,2012,27.0,0.0,0.0,0.0,0.0,4.0,0.0,0.0,0.0,1.0,33.0,56
314820,2013,0.0,0.0,0.0,0.0,0.0,0.0,0.0,0.0,0.0,0.0,22.0,40
314820,2014,2.0,0.0,0.0,0.0,0.0,4.0,0.0,1.0,7.0,1.0,45.0,65
314820,2015,2.0,0.0,0.0,0.0,1.0,2.0,0.0,1.0,0.0,4.0,33.0,48
314820,2016,1.0,0.0,0.0,0.0,0.0,12.0,1.0,2.0,1.0,10.0,28.0,49
314820,2017,1.0,0.0,0.0,0.0,0.0,7.0,1.0,2.0,3.0,14.0,29.0,42
314820,2018,3.0,2.0,0.0,0.0,0.0,7.0,3.0,0.0,3.0,1.0,19.0,33
314820,2019,2.0,0.0,0.0,0.0,1.0,8.0,1.0,0.0,4.0,6.0,22.0,30
314830,2012,9.0,0.0,0.0,0.0,0.0,16.0,1.0,7.0,6.0,16.0,60.0,86
314830,2013,0.0,0.0,0.0,0.0,0.0,0.0,0.0,0.0,0.0,0.0,58.0,93
314830,2014,6.0,0.0,0.0,0.0,1.0,25.0,3.0,5.0,2.0,20.0,64.0,98
314830,2015,2.0,0.0,2.0,1.0,0.0,18.0,3.0,5.0,2.0,16.0,49.0,87
314830,2016,5.0,0.0,0.0,0.0,2.0,22.0,1.0,3.0,4.0,14.0,51.0,89
314830,2017,5.0,0.0,3.0,0.0,1.0,21.0,2.0,5.0,4.0,12.0,53.0,78
314830,2018,6.0,0.0,4.0,0.0,2.0,22.0,6.0,7.0,8.0,9.0,64.0,106
314830,2019,5.0,0.0,0.0,0.0,0.0,29.0,2.0,9.0,8.0,16.0,69.0,104
314840,2012,3.0,2.0,0.0,4.0,1.0,2.0,1.0,1.0,1.0,0.0,16.0,49
314840,2013,0.0,0.0,0.0,0.0,0.0,0.0,0.0,0.0,0.0,0.0,21.0,57
314840,2014,1.0,0.0,0.0,2.0,2.0,4.0,1.0,0.0,2.0,2.0,14.0,41
314840,2015,1.0,1.0,2.0,12.0,8.0,3.0,5.0,0.0,3.0,1.0,36.0,56
314840,2016,1.0,0.0,2.0,2.0,2.0,4.0,4.0,2.0,5.0,4.0,26.0,43
314840,2017,0.0,0.0,2.0,0.0,2.0,14.0,0.0,1.0,3.0,5.0,29.0,50
314840,2018,1.0,0.0,0.0,2.0,1.0,8.0,2.0,2.0,7.0,2.0,43.0,64
314840,2019,4.0,0.0,0.0,0.0,0.0,4.0,4.0,2.0,2.0,6.0,27.0,41
314850,2012,3.0,0.0,2.0,1.0,0.0,6.0,2.0,4.0,5.0,5.0,28.0,93
314850,2013,0.0,0.0,0.0,0.0,0.0,0.0,0.0,0.0,0.0,0.0,27.0,106
314850,2014,1.0,0.0,0.0,1.0,0.0,9.0,1.0,1.0,1.0,4.0,18.0,84
314850,2015,2.0,0.0,0.0,2.0,0.0,3.0,0.0,4.0,2.0,4.0,19.0,80
314850,2016,1.0,0.0,0.0,1.0,1.0,11.0,4.0,1.0,3.0,5.0,29.0,85
314850,2017,1.0,0.0,0.0,1.0,1.0,15.0,1.0,3.0,7.0,4.0,33.0,86
314850,2018,3.0,0.0,0.0,0.0,0.0,4.0,2.0,2.0,5.0,3.0,22.0,82
314850,2019,3.0,0.0,2.0,2.0,0.0,9.0,4.0,0.0,6.0,1.0,29.0,87
314860,2012,19.0,0.0,4.0,3.0,1.0,22.0,14.0,3.0,20.0,16.0,110.0,240
314860,2013,0.0,0.0,0.0,0.0,0.0,0.0,0.0,0.0,0.0,0.0,74.0,148
314860,2014,8.0,1.0,2.0,1.0,0.0,32.0,3.0,19.0,5.0,13.0,108.0,200
314860,2015,6.0,0.0,2.0,2.0,0.0,40.0,5.0,13.0,6.0,23.0,114.0,212
314860,2016,7.0,0.0,2.0,0.0,2.0,27.0,4.0,21.0,3.0,25.0,117.0,208
314860,2017,4.0,0.0,4.0,3.0,5.0,16.0,6.0,3.0,18.0,14.0,126.0,208
314860,2018,5.0,2.0,4.0,1.0,5.0,46.0,19.0,5.0,35.0,17.0,140.0,222
314860,2019,7.0,0.0,4.0,4.0,5.0,36.0,17.0,18.0,23.0,25.0,141.0,230
314870,2012,11.0,0.0,0.0,2.0,2.0,12.0,11.0,7.0,19.0,21.0,116.0,333
314870,2013,0.0,0.0,0.0,0.0,0.0,0.0,0.0,0.0,0.0,0.0,135.0,355
314870,2014,4.0,0.0,2.0,2.0,1.0,4.0,3.0,7.0,6.0,3.0,136.0,337
314870,2015,7.0,1.0,10.0,0.0,1.0,2.0,1.0,0.0,2.0,0.0,118.0,360
314870,2016,3.0,0.0,4.0,0.0,0.0,5.0,0.0,2.0,2.0,0.0,102.0,308
314870,2017,8.0,0.0,4.0,2.0,0.0,2.0,2.0,1.0,4.0,0.0,111.0,299
314870,2018,6.0,0.0,2.0,0.0,1.0,6.0,2.0,0.0,1.0,0.0,134.0,318
314870,2019,3.0,0.0,2.0,0.0,1.0,2.0,3.0,2.0,0.0,2.0,148.0,326
314875,2012,9.0,0.0,4.0,2.0,0.0,16.0,0.0,2.0,5.0,4.0,65.0,111
314875,2013,0.0,0.0,0.0,0.0,0.0,0.0,0.0,0.0,0.0,0.0,61.0,101
314875,2014,5.0,0.0,0.0,1.0,0.0,13.0,1.0,9.0,9.0,9.0,63.0,87
314875,2015,4.0,0.0,0.0,0.0,0.0,41.0,2.0,8.0,4.0,1.0,61.0,91
314875,2016,5.0,1.0,0.0,1.0,0.0,42.0,1.0,6.0,4.0,0.0,62.0,87
314875,2017,5.0,1.0,5.0,1.0,0.0,53.0,0.0,6.0,0.0,3.0,74.0,104
314875,2018,3.0,0.0,2.0,0.0,0.0,23.0,1.0,2.0,5.0,19.0,75.0,108
314875,2019,6.0,0.0,2.0,0.0,0.0,33.0,6.0,3.0,5.0,12.0,77.0,111
314880,2012,0.0,0.0,0.0,0.0,1.0,10.0,2.0,4.0,2.0,6.0,25.0,37
314880,2013,0.0,0.0,0.0,0.0,0.0,0.0,0.0,0.0,0.0,0.0,22.0,37
314880,2014,1.0,0.0,2.0,1.0,0.0,10.0,2.0,3.0,4.0,7.0,30.0,42
314880,2015,2.0,1.0,0.0,1.0,1.0,6.0,1.0,2.0,2.0,0.0,16.0,30
314880,2016,3.0,0.0,0.0,0.0,0.0,5.0,1.0,2.0,7.0,2.0,21.0,35
314880,2017,1.0,0.0,0.0,0.0,1.0,7.0,0.0,0.0,3.0,6.0,18.0,31
314880,2018,3.0,0.0,0.0,0.0,1.0,8.0,1.0,0.0,1.0,6.0,20.0,30
314880,2019,1.0,0.0,0.0,0.0,0.0,7.0,0.0,1.0,1.0,5.0,15.0,21
314890,2012,1.0,0.0,0.0,1.0,0.0,8.0,2.0,0.0,14.0,3.0,30.0,40
314890,2013,0.0,0.0,0.0,0.0,0.0,0.0,0.0,0.0,0.0,0.0,19.0,30
314890,2014,1.0,0.0,0.0,0.0,0.0,4.0,3.0,0.0,7.0,5.0,21.0,34
314890,2015,3.0,0.0,4.0,0.0,0.0,5.0,2.0,1.0,5.0,2.0,23.0,38
314890,2016,4.0,0.0,0.0,0.0,0.0,12.0,1.0,0.0,5.0,1.0,23.0,34
314890,2017,2.0,0.0,0.0,0.0,2.0,8.0,4.0,0.0,8.0,0.0,24.0,37
314890,2018,3.0,0.0,1.0,1.0,1.0,4.0,5.0,0.0,8.0,0.0,23.0,37
314890,2019,2.0,0.0,0.0,1.0,0.0,9.0,1.0,0.0,4.0,0.0,17.0,29
314900,2012,2.0,0.0,1.0,0.0,0.0,2.0,0.0,0.0,1.0,0.0,16.0,27
314900,2013,0.0,0.0,0.0,0.0,0.0,0.0,0.0,0.0,0.0,0.0,25.0,31
314900,2014,2.0,0.0,0.0,0.0,0.0,6.0,1.0,1.0,1.0,8.0,22.0,27
314900,2015,2.0,0.0,2.0,0.0,0.0,27.0,0.0,2.0,0.0,1.0,34.0,39
314900,2016,3.0,0.0,0.0,1.0,0.0,17.0,1.0,3.0,0.0,1.0,26.0,34
314900,2017,1.0,0.0,0.0,0.0,0.0,21.0,0.0,1.0,0.0,0.0,23.0,29
314900,2018,3.0,0.0,0.0,0.0,0.0,11.0,0.0,0.0,3.0,3.0,20.0,29
314900,2019,1.0,0.0,0.0,0.0,0.0,6.0,1.0,3.0,1.0,5.0,23.0,32
314910,2012,7.0,0.0,7.0,0.0,1.0,25.0,11.0,0.0,11.0,3.0,71.0,125
314910,2013,0.0,0.0,0.0,0.0,0.0,0.0,0.0,0.0,0.0,0.0,67.0,117
314910,2014,5.0,0.0,0.0,2.0,0.0,24.0,5.0,2.0,21.0,7.0,66.0,132
314910,2015,3.0,0.0,2.0,1.0,1.0,27.0,6.0,0.0,18.0,7.0,70.0,122
314910,2016,6.0,0.0,4.0,2.0,1.0,19.0,1.0,3.0,13.0,18.0,67.0,130
314910,2017,8.0,0.0,3.0,1.0,1.0,30.0,4.0,7.0,15.0,9.0,79.0,154
314910,2018,9.0,0.0,0.0,1.0,3.0,22.0,4.0,2.0,12.0,6.0,60.0,124
314910,2019,5.0,0.0,2.0,3.0,10.0,25.0,1.0,2.0,8.0,2.0,59.0,128
314915,2012,7.0,0.0,2.0,1.0,1.0,12.0,5.0,4.0,5.0,10.0,49.0,141
314915,2013,0.0,0.0,0.0,0.0,0.0,0.0,0.0,0.0,0.0,0.0,41.0,131
314915,2014,1.0,0.0,2.0,5.0,1.0,25.0,2.0,1.0,9.0,10.0,56.0,150
314915,2015,2.0,0.0,2.0,0.0,1.0,18.0,4.0,3.0,6.0,4.0,42.0,118
314915,2016,3.0,0.0,1.0,0.0,0.0,11.0,3.0,4.0,7.0,6.0,35.0,118
314915,2017,3.0,1.0,4.0,0.0,2.0,24.0,3.0,0.0,3.0,6.0,48.0,122
314915,2018,2.0,0.0,0.0,2.0,1.0,23.0,3.0,2.0,6.0,5.0,44.0,110
314915,2019,0.0,0.0,3.0,3.0,1.0,23.0,3.0,5.0,6.0,5.0,50.0,124
314920,2012,4.0,0.0,0.0,0.0,0.0,4.0,0.0,0.0,7.0,1.0,16.0,31
314920,2013,0.0,0.0,0.0,0.0,0.0,0.0,0.0,0.0,0.0,0.0,23.0,30
314920,2014,3.0,0.0,0.0,1.0,2.0,5.0,2.0,0.0,8.0,3.0,24.0,31
314920,2015,0.0,0.0,0.0,2.0,1.0,9.0,0.0,1.0,6.0,5.0,25.0,27
314920,2016,2.0,0.0,0.0,2.0,1.0,13.0,3.0,1.0,3.0,1.0,26.0,43
314920,2017,1.0,0.0,0.0,1.0,0.0,6.0,1.0,1.0,5.0,1.0,16.0,33
314920,2018,0.0,0.0,0.0,1.0,1.0,11.0,1.0,1.0,4.0,1.0,20.0,30
314920,2019,1.0,0.0,2.0,0.0,0.0,7.0,0.0,0.0,3.0,1.0,14.0,25
314930,2012,55.0,5.0,16.0,5.0,5.0,170.0,44.0,25.0,191.0,70.0,608.0,849
314930,2013,0.0,0.0,0.0,0.0,0.0,0.0,0.0,0.0,0.0,0.0,558.0,746
314930,2014,19.0,0.0,13.0,0.0,9.0,193.0,34.0,43.0,155.0,111.0,596.0,819
314930,2015,23.0,0.0,10.0,2.0,7.0,207.0,39.0,43.0,159.0,127.0,634.0,851
314930,2016,19.0,0.0,8.0,6.0,7.0,249.0,43.0,40.0,139.0,133.0,648.0,834
314930,2017,33.0,0.0,17.0,6.0,7.0,202.0,66.0,11.0,196.0,39.0,585.0,770
314930,2018,24.0,1.0,10.0,8.0,3.0,290.0,67.0,7.0,174.0,23.0,640.0,828
314930,2019,28.0,1.0,11.0,4.0,6.0,220.0,56.0,13.0,171.0,21.0,533.0,732
314940,2012,1.0,1.0,0.0,1.0,0.0,1.0,1.0,0.0,2.0,2.0,9.0,18
314940,2013,0.0,0.0,0.0,0.0,0.0,0.0,0.0,0.0,0.0,0.0,9.0,15
314940,2014,1.0,0.0,0.0,0.0,0.0,6.0,0.0,0.0,2.0,1.0,10.0,19
314940,2015,0.0,0.0,0.0,0.0,1.0,1.0,2.0,0.0,3.0,1.0,8.0,17
314940,2016,0.0,0.0,0.0,0.0,1.0,3.0,0.0,0.0,0.0,0.0,4.0,13
314940,2017,0.0,0.0,0.0,0.0,0.0,1.0,0.0,0.0,1.0,0.0,2.0,5
314940,2018,1.0,0.0,2.0,0.0,0.0,0.0,2.0,0.0,1.0,2.0,9.0,19
314940,2019,1.0,0.0,0.0,0.0,0.0,3.0,2.0,0.0,3.0,0.0,9.0,16
314950,2012,1.0,0.0,0.0,1.0,0.0,3.0,3.0,1.0,10.0,2.0,23.0,30
314950,2013,0.0,0.0,0.0,0.0,0.0,0.0,0.0,0.0,0.0,0.0,19.0,39
314950,2014,2.0,0.0,0.0,0.0,0.0,4.0,1.0,0.0,8.0,2.0,17.0,32
314950,2015,1.0,0.0,0.0,0.0,0.0,7.0,2.0,0.0,9.0,2.0,21.0,50
314950,2016,2.0,0.0,2.0,1.0,1.0,8.0,1.0,0.0,5.0,0.0,20.0,46
314950,2017,2.0,0.0,0.0,0.0,0.0,10.0,3.0,1.0,2.0,0.0,18.0,27
314950,2018,2.0,0.0,0.0,0.0,0.0,6.0,1.0,1.0,5.0,1.0,17.0,36
314950,2019,3.0,0.0,0.0,1.0,2.0,7.0,1.0,2.0,5.0,1.0,22.0,39
314960,2012,0.0,0.0,0.0,1.0,0.0,9.0,2.0,0.0,8.0,0.0,21.0,51
314960,2013,0.0,0.0,0.0,0.0,0.0,0.0,0.0,0.0,0.0,0.0,25.0,49
314960,2014,2.0,0.0,1.0,0.0,0.0,4.0,2.0,2.0,7.0,5.0,23.0,50
314960,2015,2.0,0.0,0.0,0.0,0.0,6.0,1.0,2.0,8.0,1.0,21.0,54
314960,2016,2.0,0.0,0.0,0.0,0.0,8.0,0.0,1.0,3.0,2.0,16.0,42
314960,2017,1.0,0.0,0.0,3.0,1.0,8.0,1.0,2.0,3.0,4.0,24.0,42
314960,2018,0.0,0.0,0.0,1.0,0.0,8.0,0.0,1.0,7.0,2.0,20.0,44
314960,2019,2.0,0.0,2.0,0.0,1.0,9.0,0.0,1.0,3.0,1.0,19.0,41
314970,2012,8.0,0.0,0.0,0.0,2.0,23.0,11.0,1.0,22.0,6.0,73.0,136
314970,2013,0.0,0.0,0.0,0.0,0.0,0.0,0.0,0.0,0.0,0.0,85.0,164
314970,2014,10.0,0.0,0.0,0.0,2.0,25.0,12.0,7.0,31.0,7.0,94.0,167
314970,2015,7.0,0.0,2.0,3.0,0.0,25.0,12.0,1.0,25.0,2.0,78.0,145
314970,2016,8.0,0.0,5.0,1.0,2.0,22.0,12.0,1.0,17.0,9.0,78.0,157
314970,2017,3.0,0.0,10.0,2.0,6.0,31.0,3.0,2.0,16.0,2.0,75.0,139
314970,2018,9.0,0.0,4.0,4.0,3.0,30.0,11.0,2.0,24.0,1.0,88.0,188
314970,2019,11.0,0.0,8.0,3.0,2.0,29.0,8.0,2.0,17.0,5.0,85.0,171
314980,2012,10.0,0.0,0.0,2.0,3.0,22.0,5.0,2.0,14.0,6.0,92.0,173
314980,2013,0.0,0.0,0.0,0.0,0.0,0.0,0.0,0.0,0.0,0.0,104.0,204
314980,2014,3.0,0.0,2.0,6.0,0.0,34.0,8.0,4.0,25.0,9.0,93.0,177
314980,2015,7.0,0.0,2.0,2.0,3.0,36.0,3.0,10.0,14.0,19.0,99.0,178
314980,2016,9.0,0.0,4.0,6.0,1.0,31.0,14.0,1.0,17.0,15.0,101.0,196
314980,2017,10.0,1.0,0.0,0.0,0.0,48.0,8.0,3.0,32.0,11.0,113.0,203
314980,2018,10.0,0.0,6.0,5.0,1.0,52.0,9.0,10.0,20.0,16.0,129.0,233
314980,2019,7.0,0.0,6.0,5.0,2.0,50.0,15.0,2.0,24.0,20.0,131.0,235
314990,2012,7.0,1.0,2.0,3.0,2.0,45.0,17.0,5.0,37.0,18.0,137.0,167
314990,2013,0.0,0.0,0.0,0.0,0.0,0.0,0.0,0.0,0.0,0.0,154.0,212
314990,2014,7.0,0.0,4.0,2.0,1.0,73.0,18.0,2.0,64.0,22.0,194.0,245
314990,2015,5.0,0.0,4.0,4.0,3.0,66.0,18.0,6.0,38.0,25.0,169.0,218
314990,2016,9.0,5.0,4.0,2.0,1.0,47.0,16.0,7.0,42.0,13.0,146.0,189
314990,2017,10.0,0.0,6.0,2.0,3.0,56.0,9.0,2.0,30.0,18.0,136.0,176
314990,2018,10.0,2.0,3.0,3.0,0.0,61.0,26.0,2.0,39.0,7.0,153.0,193
314990,2019,17.0,0.0,6.0,5.0,2.0,58.0,19.0,1.0,44.0,3.0,155.0,199
314995,2012,4.0,1.0,4.0,0.0,2.0,12.0,10.0,1.0,17.0,10.0,63.0,122
314995,2013,0.0,0.0,0.0,0.0,0.0,0.0,0.0,0.0,0.0,0.0,37.0,96
314995,2014,1.0,1.0,0.0,2.0,1.0,11.0,5.0,4.0,17.0,5.0,48.0,87
314995,2015,2.0,0.0,2.0,0.0,0.0,17.0,7.0,0.0,13.0,6.0,48.0,100
314995,2016,2.0,0.0,0.0,1.0,0.0,11.0,3.0,2.0,6.0,5.0,34.0,98
314995,2017,4.0,0.0,2.0,2.0,1.0,12.0,8.0,1.0,7.0,4.0,43.0,113
314995,2018,1.0,0.0,0.0,0.0,0.0,20.0,2.0,5.0,11.0,8.0,48.0,111
314995,2019,2.0,0.0,4.0,1.0,1.0,25.0,7.0,0.0,8.0,7.0,55.0,108
315000,2012,3.0,0.0,2.0,1.0,0.0,6.0,0.0,0.0,1.0,1.0,17.0,33
315000,2013,0.0,0.0,0.0,0.0,0.0,0.0,0.0,0.0,0.0,0.0,15.0,32
315000,2014,3.0,0.0,0.0,2.0,0.0,7.0,1.0,2.0,2.0,1.0,20.0,50
315000,2015,1.0,0.0,0.0,1.0,3.0,5.0,4.0,3.0,5.0,3.0,30.0,49
315000,2016,4.0,0.0,2.0,0.0,0.0,7.0,7.0,2.0,10.0,3.0,38.0,52
315000,2017,1.0,0.0,0.0,0.0,0.0,10.0,5.0,4.0,4.0,0.0,28.0,54
315000,2018,3.0,0.0,0.0,0.0,2.0,6.0,3.0,1.0,1.0,4.0,24.0,42
315000,2019,2.0,0.0,0.0,1.0,0.0,8.0,3.0,5.0,4.0,8.0,36.0,53
315010,2012,0.0,0.0,0.0,0.0,0.0,3.0,1.0,0.0,6.0,1.0,11.0,19
315010,2013,0.0,0.0,0.0,0.0,0.0,0.0,0.0,0.0,0.0,0.0,14.0,26
315010,2014,2.0,0.0,0.0,1.0,0.0,7.0,2.0,1.0,4.0,3.0,20.0,28
315010,2015,1.0,0.0,2.0,1.0,0.0,2.0,3.0,1.0,2.0,1.0,13.0,27
315010,2016,0.0,1.0,0.0,0.0,0.0,6.0,1.0,0.0,2.0,1.0,12.0,31
315010,2017,0.0,0.0,0.0,0.0,0.0,4.0,0.0,0.0,5.0,0.0,9.0,16
315010,2018,1.0,0.0,2.0,0.0,0.0,2.0,1.0,0.0,4.0,2.0,12.0,22
315010,2019,1.0,0.0,0.0,1.0,2.0,2.0,3.0,0.0,3.0,2.0,14.0,21
315015,2012,7.0,0.0,0.0,1.0,1.0,20.0,7.0,2.0,20.0,4.0,71.0,126
315015,2013,0.0,0.0,0.0,0.0,0.0,0.0,0.0,0.0,0.0,0.0,69.0,125
315015,2014,8.0,0.0,0.0,2.0,2.0,23.0,10.0,5.0,11.0,11.0,84.0,124
315015,2015,2.0,0.0,2.0,1.0,1.0,17.0,8.0,1.0,21.0,7.0,68.0,130
315015,2016,8.0,1.0,2.0,1.0,4.0,30.0,10.0,3.0,23.0,5.0,88.0,147
315015,2017,6.0,2.0,3.0,3.0,1.0,26.0,9.0,2.0,23.0,5.0,81.0,127
315015,2018,6.0,1.0,0.0,1.0,0.0,33.0,7.0,2.0,16.0,10.0,76.0,111
315015,2019,7.0,0.0,0.0,1.0,2.0,32.0,7.0,1.0,25.0,7.0,83.0,129
315020,2012,3.0,0.0,5.0,0.0,0.0,6.0,2.0,1.0,10.0,0.0,28.0,54
315020,2013,0.0,0.0,0.0,0.0,0.0,0.0,0.0,0.0,0.0,0.0,23.0,50
315020,2014,0.0,0.0,2.0,0.0,0.0,9.0,6.0,0.0,8.0,1.0,26.0,50
315020,2015,2.0,0.0,2.0,0.0,1.0,5.0,3.0,0.0,8.0,0.0,22.0,49
315020,2016,2.0,0.0,0.0,3.0,0.0,5.0,4.0,0.0,6.0,0.0,20.0,54
315020,2017,1.0,0.0,0.0,0.0,0.0,8.0,5.0,0.0,10.0,1.0,25.0,43
315020,2018,3.0,0.0,2.0,0.0,3.0,4.0,7.0,0.0,9.0,1.0,29.0,64
315020,2019,1.0,0.0,2.0,0.0,1.0,12.0,4.0,0.0,9.0,0.0,29.0,63
315030,2012,4.0,1.0,0.0,4.0,2.0,3.0,2.0,2.0,7.0,2.0,29.0,51
315030,2013,0.0,0.0,0.0,0.0,0.0,0.0,0.0,0.0,0.0,0.0,20.0,33
315030,2014,3.0,0.0,0.0,0.0,1.0,9.0,7.0,1.0,5.0,6.0,33.0,48
315030,2015,3.0,0.0,0.0,1.0,0.0,5.0,4.0,0.0,8.0,1.0,22.0,35
315030,2016,0.0,0.0,2.0,2.0,0.0,5.0,5.0,1.0,5.0,7.0,27.0,42
315030,2017,1.0,0.0,0.0,0.0,1.0,8.0,4.0,3.0,7.0,8.0,32.0,49
315030,2018,2.0,0.0,3.0,1.0,0.0,12.0,1.0,1.0,7.0,6.0,33.0,51
315030,2019,2.0,0.0,0.0,3.0,0.0,8.0,3.0,2.0,3.0,2.0,23.0,44
315040,2012,4.0,0.0,2.0,1.0,1.0,7.0,2.0,1.0,3.0,2.0,24.0,43
315040,2013,0.0,0.0,0.0,0.0,0.0,0.0,0.0,0.0,0.0,0.0,18.0,40
315040,2014,4.0,0.0,0.0,1.0,1.0,3.0,3.0,1.0,6.0,1.0,21.0,39
315040,2015,3.0,0.0,0.0,1.0,1.0,6.0,0.0,2.0,6.0,5.0,24.0,53
315040,2016,1.0,0.0,0.0,1.0,3.0,2.0,2.0,1.0,7.0,2.0,19.0,52
315040,2017,2.0,0.0,0.0,0.0,1.0,11.0,0.0,2.0,10.0,4.0,30.0,53
315040,2018,1.0,0.0,0.0,1.0,0.0,7.0,2.0,1.0,4.0,3.0,19.0,50
315040,2019,2.0,0.0,0.0,0.0,0.0,5.0,1.0,1.0,4.0,5.0,18.0,39
315050,2012,3.0,0.0,0.0,5.0,2.0,12.0,0.0,3.0,10.0,13.0,49.0,76
315050,2013,0.0,0.0,0.0,0.0,0.0,0.0,0.0,0.0,0.0,0.0,47.0,73
315050,2014,2.0,0.0,0.0,0.0,1.0,20.0,1.0,5.0,8.0,15.0,52.0,71
315050,2015,0.0,0.0,0.0,3.0,5.0,12.0,2.0,9.0,3.0,5.0,39.0,69
315050,2016,2.0,0.0,1.0,3.0,3.0,19.0,1.0,4.0,3.0,12.0,48.0,69
315050,2017,1.0,1.0,2.0,3.0,1.0,13.0,0.0,4.0,6.0,19.0,50.0,67
315050,2018,4.0,0.0,0.0,2.0,0.0,13.0,0.0,2.0,3.0,10.0,36.0,56
315050,2019,2.0,0.0,0.0,1.0,0.0,12.0,2.0,5.0,8.0,10.0,40.0,72
315053,2012,3.0,0.0,0.0,1.0,0.0,3.0,1.0,1.0,2.0,5.0,21.0,41
315053,2013,0.0,0.0,0.0,0.0,0.0,0.0,0.0,0.0,0.0,0.0,26.0,63
315053,2014,2.0,0.0,0.0,0.0,1.0,8.0,2.0,2.0,5.0,2.0,23.0,48
315053,2015,3.0,0.0,0.0,1.0,0.0,10.0,3.0,0.0,4.0,4.0,29.0,60
315053,2016,1.0,0.0,0.0,0.0,0.0,8.0,8.0,1.0,7.0,2.0,27.0,56
315053,2017,4.0,1.0,0.0,3.0,0.0,13.0,3.0,1.0,8.0,2.0,35.0,66
315053,2018,3.0,0.0,2.0,1.0,3.0,4.0,2.0,1.0,7.0,2.0,25.0,53
315053,2019,1.0,0.0,0.0,0.0,0.0,18.0,2.0,2.0,5.0,1.0,29.0,59
315057,2012,1.0,0.0,0.0,1.0,0.0,5.0,1.0,0.0,3.0,6.0,20.0,68
315057,2013,0.0,0.0,0.0,0.0,0.0,0.0,0.0,0.0,0.0,0.0,34.0,80
315057,2014,4.0,0.0,2.0,3.0,0.0,7.0,4.0,4.0,5.0,3.0,32.0,104
315057,2015,3.0,0.0,3.0,4.0,1.0,9.0,5.0,6.0,7.0,7.0,46.0,97
315057,2016,3.0,0.0,0.0,2.0,1.0,17.0,0.0,4.0,9.0,7.0,44.0,85
315057,2017,1.0,0.0,0.0,1.0,1.0,22.0,2.0,1.0,4.0,8.0,41.0,112
315057,2018,4.0,0.0,0.0,0.0,0.0,19.0,3.0,3.0,5.0,3.0,37.0,91
315057,2019,8.0,0.0,2.0,1.0,1.0,22.0,4.0,1.0,3.0,1.0,44.0,98
315060,2012,2.0,0.0,0.0,0.0,2.0,9.0,1.0,1.0,13.0,2.0,31.0,45
315060,2013,0.0,0.0,0.0,0.0,0.0,0.0,0.0,0.0,0.0,0.0,39.0,64
315060,2014,1.0,0.0,0.0,0.0,2.0,6.0,4.0,0.0,3.0,3.0,22.0,37
315060,2015,1.0,0.0,0.0,0.0,1.0,8.0,2.0,0.0,6.0,5.0,23.0,49
315060,2016,4.0,0.0,2.0,2.0,0.0,10.0,4.0,4.0,5.0,12.0,43.0,65
315060,2017,6.0,0.0,2.0,0.0,0.0,9.0,0.0,3.0,4.0,12.0,36.0,54
315060,2018,3.0,0.0,2.0,0.0,0.0,12.0,2.0,1.0,5.0,10.0,35.0,59
315060,2019,2.0,0.0,0.0,0.0,1.0,10.0,3.0,4.0,9.0,11.0,40.0,67
315070,2012,6.0,0.0,4.0,0.0,2.0,14.0,4.0,0.0,9.0,13.0,52.0,67
315070,2013,0.0,0.0,0.0,0.0,0.0,0.0,0.0,0.0,0.0,0.0,44.0,67
315070,2014,4.0,1.0,4.0,1.0,3.0,9.0,4.0,2.0,10.0,7.0,48.0,68
315070,2015,3.0,1.0,0.0,0.0,2.0,21.0,6.0,2.0,9.0,13.0,58.0,82
315070,2016,3.0,0.0,4.0,1.0,0.0,21.0,3.0,4.0,10.0,11.0,60.0,95
315070,2017,2.0,0.0,2.0,2.0,1.0,30.0,4.0,2.0,15.0,6.0,65.0,91
315070,2018,0.0,0.0,2.0,4.0,1.0,30.0,7.0,4.0,10.0,10.0,68.0,100
315070,2019,0.0,1.0,0.0,2.0,0.0,22.0,8.0,6.0,10.0,5.0,54.0,71
315080,2012,9.0,0.0,0.0,0.0,4.0,20.0,4.0,3.0,19.0,14.0,75.0,139
315080,2013,0.0,0.0,0.0,0.0,0.0,0.0,0.0,0.0,0.0,0.0,83.0,160
315080,2014,6.0,0.0,5.0,2.0,2.0,28.0,9.0,5.0,17.0,14.0,88.0,158
315080,2015,8.0,0.0,0.0,2.0,0.0,17.0,13.0,3.0,17.0,13.0,75.0,150
315080,2016,2.0,0.0,0.0,1.0,3.0,26.0,10.0,1.0,16.0,11.0,70.0,149
315080,2017,5.0,0.0,2.0,2.0,1.0,26.0,10.0,2.0,16.0,19.0,84.0,151
315080,2018,8.0,0.0,1.0,2.0,4.0,33.0,10.0,5.0,21.0,13.0,97.0,158
315080,2019,15.0,0.0,2.0,4.0,3.0,22.0,4.0,6.0,21.0,14.0,91.0,148
315090,2012,3.0,0.0,0.0,2.0,2.0,20.0,2.0,0.0,14.0,3.0,47.0,77
315090,2013,0.0,0.0,0.0,0.0,0.0,0.0,0.0,0.0,0.0,0.0,26.0,51
315090,2014,4.0,0.0,0.0,1.0,0.0,10.0,6.0,2.0,5.0,3.0,31.0,64
315090,2015,3.0,0.0,2.0,0.0,1.0,14.0,1.0,4.0,11.0,7.0,45.0,64
315090,2016,2.0,0.0,0.0,1.0,0.0,9.0,1.0,1.0,3.0,4.0,22.0,41
315090,2017,2.0,1.0,0.0,0.0,2.0,15.0,1.0,2.0,8.0,6.0,38.0,62
315090,2018,1.0,0.0,2.0,0.0,1.0,13.0,3.0,0.0,7.0,6.0,33.0,60
315090,2019,3.0,0.0,0.0,0.0,4.0,17.0,1.0,0.0,9.0,4.0,38.0,64
315100,2012,8.0,0.0,4.0,0.0,3.0,18.0,2.0,0.0,26.0,6.0,68.0,110
315100,2013,0.0,0.0,0.0,0.0,0.0,0.0,0.0,0.0,0.0,0.0,75.0,122
315100,2014,6.0,0.0,2.0,0.0,0.0,30.0,3.0,1.0,20.0,9.0,72.0,105
315100,2015,1.0,0.0,4.0,1.0,2.0,27.0,4.0,1.0,14.0,10.0,65.0,106
315100,2016,6.0,0.0,0.0,0.0,0.0,39.0,9.0,2.0,10.0,14.0,82.0,131
315100,2017,7.0,0.0,0.0,3.0,2.0,22.0,4.0,6.0,9.0,11.0,64.0,101
315100,2018,5.0,0.0,0.0,1.0,1.0,32.0,4.0,1.0,19.0,5.0,68.0,104
315100,2019,4.0,1.0,0.0,2.0,1.0,27.0,2.0,2.0,18.0,8.0,66.0,123
315110,2012,25.0,0.0,1.0,8.0,5.0,17.0,1.0,4.0,11.0,27.0,132.0,144
315110,2013,0.0,0.0,0.0,0.0,0.0,0.0,0.0,0.0,0.0,0.0,123.0,137
315110,2014,5.0,0.0,2.0,2.0,2.0,76.0,6.0,4.0,21.0,32.0,158.0,175
315110,2015,8.0,1.0,2.0,0.0,0.0,41.0,8.0,6.0,22.0,31.0,124.0,146
315110,2016,1.0,0.0,6.0,0.0,0.0,45.0,3.0,6.0,18.0,20.0,126.0,142
315110,2017,12.0,0.0,2.0,0.0,1.0,61.0,7.0,5.0,29.0,40.0,160.0,168
315110,2018,15.0,0.0,5.0,2.0,2.0,55.0,7.0,13.0,20.0,24.0,152.0,166
315110,2019,14.0,0.0,1.0,0.0,0.0,67.0,2.0,6.0,17.0,42.0,149.0,163
315120,2012,34.0,1.0,19.0,18.0,20.0,146.0,11.0,11.0,73.0,45.0,403.0,812
315120,2013,0.0,0.0,0.0,0.0,0.0,0.0,0.0,0.0,0.0,0.0,474.0,839
315120,2014,41.0,1.0,15.0,4.0,4.0,208.0,31.0,29.0,86.0,83.0,507.0,910
315120,2015,42.0,1.0,10.0,8.0,2.0,209.0,31.0,14.0,83.0,64.0,468.0,875
315120,2016,19.0,0.0,14.0,8.0,5.0,173.0,26.0,12.0,96.0,57.0,410.0,763
315120,2017,20.0,3.0,23.0,10.0,10.0,197.0,43.0,11.0,105.0,28.0,452.0,849
315120,2018,28.0,0.0,10.0,10.0,8.0,205.0,54.0,12.0,111.0,39.0,477.0,852
315120,2019,27.0,0.0,16.0,13.0,9.0,167.0,41.0,16.0,101.0,36.0,426.0,757
315130,2012,10.0,0.0,2.0,0.0,3.0,36.0,8.0,6.0,9.0,42.0,118.0,143
315130,2013,0.0,0.0,0.0,0.0,0.0,0.0,0.0,0.0,0.0,0.0,122.0,149
315130,2014,14.0,1.0,1.0,0.0,2.0,33.0,6.0,5.0,14.0,24.0,101.0,131
315130,2015,5.0,0.0,4.0,1.0,0.0,39.0,2.0,6.0,7.0,27.0,100.0,127
315130,2016,7.0,0.0,4.0,1.0,2.0,33.0,1.0,9.0,4.0,33.0,94.0,120
315130,2017,8.0,0.0,2.0,0.0,1.0,43.0,1.0,7.0,4.0,27.0,95.0,119
315130,2018,8.0,0.0,4.0,1.0,0.0,42.0,0.0,12.0,2.0,35.0,104.0,123
315130,2019,4.0,0.0,2.0,0.0,0.0,47.0,1.0,11.0,5.0,21.0,91.0,123
315140,2012,41.0,0.0,4.0,3.0,6.0,79.0,26.0,7.0,99.0,22.0,288.0,352
315140,2013,0.0,0.0,0.0,0.0,0.0,0.0,0.0,0.0,0.0,0.0,256.0,337
315140,2014,12.0,0.0,6.0,3.0,5.0,73.0,40.0,4.0,93.0,4.0,240.0,309
315140,2015,20.0,1.0,0.0,1.0,2.0,90.0,50.0,4.0,108.0,7.0,286.0,365
315140,2016,21.0,0.0,2.0,4.0,7.0,82.0,39.0,0.0,98.0,5.0,262.0,330
315140,2017,26.0,0.0,10.0,8.0,3.0,90.0,50.0,1.0,82.0,3.0,274.0,348
315140,2018,26.0,0.0,7.0,1.0,2.0,98.0,30.0,4.0,78.0,19.0,266.0,343
315140,2019,23.0,0.0,11.0,6.0,3.0,102.0,33.0,6.0,70.0,14.0,268.0,337
315150,2012,17.0,0.0,6.0,6.0,4.0,69.0,6.0,13.0,38.0,78.0,250.0,380
315150,2013,0.0,0.0,0.0,0.0,0.0,0.0,0.0,0.0,0.0,0.0,264.0,388
315150,2014,13.0,0.0,10.0,7.0,7.0,68.0,19.0,33.0,35.0,62.0,255.0,371
315150,2015,17.0,0.0,8.0,14.0,9.0,81.0,9.0,41.0,14.0,100.0,296.0,399
315150,2016,25.0,0.0,2.0,9.0,6.0,92.0,5.0,66.0,3.0,107.0,317.0,383
315150,2017,18.0,0.0,16.0,2.0,7.0,96.0,1.0,53.0,6.0,132.0,336.0,433
315150,2018,31.0,1.0,4.0,6.0,2.0,79.0,3.0,20.0,10.0,82.0,293.0,405
315150,2019,29.0,0.0,6.0,6.0,6.0,127.0,8.0,53.0,12.0,122.0,369.0,437
315160,2012,4.0,0.0,0.0,4.0,2.0,41.0,3.0,7.0,15.0,15.0,125.0,167
315160,2013,0.0,0.0,0.0,0.0,0.0,0.0,0.0,0.0,0.0,0.0,89.0,120
315160,2014,9.0,0.0,4.0,3.0,3.0,43.0,3.0,8.0,23.0,14.0,111.0,150
315160,2015,12.0,0.0,2.0,2.0,0.0,48.0,16.0,4.0,15.0,13.0,113.0,152
315160,2016,7.0,0.0,0.0,0.0,1.0,32.0,4.0,3.0,27.0,11.0,87.0,126
315160,2017,8.0,0.0,6.0,2.0,1.0,45.0,10.0,4.0,17.0,16.0,109.0,128
315160,2018,8.0,0.0,6.0,2.0,0.0,49.0,4.0,4.0,17.0,13.0,103.0,136
315160,2019,13.0,1.0,1.0,3.0,1.0,35.0,6.0,4.0,14.0,13.0,91.0,130
315170,2012,8.0,0.0,5.0,1.0,1.0,44.0,11.0,0.0,43.0,10.0,128.0,177
315170,2013,0.0,0.0,0.0,0.0,0.0,0.0,0.0,0.0,0.0,0.0,111.0,158
315170,2014,14.0,0.0,0.0,3.0,5.0,36.0,15.0,4.0,21.0,13.0,113.0,155
315170,2015,10.0,2.0,7.0,2.0,2.0,40.0,12.0,2.0,34.0,11.0,124.0,153
315170,2016,10.0,1.0,4.0,3.0,2.0,41.0,10.0,4.0,44.0,13.0,134.0,178
315170,2017,7.0,0.0,2.0,1.0,3.0,47.0,12.0,4.0,26.0,20.0,123.0,163
315170,2018,9.0,0.0,0.0,2.0,0.0,48.0,9.0,8.0,24.0,21.0,121.0,160
315170,2019,9.0,0.0,2.0,4.0,2.0,47.0,9.0,3.0,28.0,24.0,132.0,176
315180,2012,254.0,0.0,38.0,36.0,39.0,369.0,37.0,51.0,295.0,193.0,1363.0,2020
315180,2013,0.0,0.0,0.0,0.0,0.0,0.0,0.0,0.0,0.0,0.0,1403.0,1970
315180,2014,96.0,0.0,51.0,30.0,35.0,396.0,84.0,54.0,292.0,184.0,1399.0,2021
315180,2015,121.0,2.0,47.0,29.0,34.0,453.0,68.0,74.0,210.0,277.0,1413.0,2069
315180,2016,90.0,2.0,40.0,23.0,22.0,454.0,51.0,95.0,139.0,327.0,1276.0,1873
315180,2017,85.0,1.0,56.0,23.0,35.0,456.0,75.0,64.0,213.0,250.0,1277.0,1934
315180,2018,99.0,3.0,35.0,35.0,27.0,467.0,67.0,55.0,267.0,204.0,1266.0,1899
315180,2019,110.0,1.0,37.0,29.0,34.0,466.0,104.0,36.0,277.0,142.0,1254.0,1904
315190,2012,14.0,1.0,0.0,4.0,7.0,21.0,1.0,4.0,6.0,13.0,84.0,113
315190,2013,0.0,0.0,0.0,0.0,0.0,0.0,0.0,0.0,0.0,0.0,77.0,89
315190,2014,3.0,0.0,0.0,3.0,3.0,33.0,1.0,8.0,4.0,11.0,67.0,86
315190,2015,6.0,0.0,1.0,7.0,5.0,30.0,2.0,11.0,2.0,24.0,89.0,107
315190,2016,7.0,0.0,0.0,1.0,1.0,19.0,2.0,6.0,9.0,18.0,63.0,75
315190,2017,4.0,0.0,2.0,1.0,0.0,21.0,0.0,2.0,3.0,13.0,51.0,71
315190,2018,9.0,1.0,2.0,2.0,0.0,37.0,0.0,11.0,6.0,19.0,87.0,112
315190,2019,4.0,0.0,0.0,1.0,2.0,29.0,2.0,3.0,8.0,21.0,70.0,86
315200,2012,15.0,5.0,7.0,7.0,8.0,43.0,6.0,9.0,13.0,24.0,141.0,406
315200,2013,0.0,0.0,0.0,0.0,0.0,0.0,0.0,0.0,0.0,0.0,149.0,411
315200,2014,8.0,3.0,0.0,9.0,8.0,43.0,10.0,13.0,18.0,36.0,155.0,437
315200,2015,10.0,0.0,4.0,7.0,8.0,37.0,10.0,9.0,30.0,27.0,144.0,436
315200,2016,12.0,2.0,12.0,7.0,4.0,55.0,16.0,8.0,34.0,24.0,176.0,422
315200,2017,14.0,1.0,6.0,1.0,5.0,48.0,24.0,10.0,44.0,29.0,184.0,410
315200,2018,14.0,0.0,0.0,8.0,6.0,58.0,30.0,17.0,44.0,23.0,203.0,440
315200,2019,10.0,1.0,1.0,2.0,6.0,54.0,27.0,16.0,51.0,33.0,204.0,429
315210,2012,62.0,0.0,17.0,2.0,3.0,137.0,24.0,7.0,135.0,68.0,471.0,706
315210,2013,0.0,0.0,0.0,0.0,0.0,0.0,0.0,0.0,0.0,0.0,395.0,652
315210,2014,45.0,1.0,13.0,6.0,9.0,125.0,60.0,3.0,160.0,18.0,453.0,692
315210,2015,41.0,1.0,17.0,1.0,8.0,124.0,52.0,0.0,163.0,9.0,429.0,695
315210,2016,39.0,0.0,8.0,6.0,10.0,122.0,55.0,2.0,190.0,13.0,456.0,712
315210,2017,34.0,0.0,14.0,10.0,10.0,157.0,60.0,0.0,172.0,8.0,470.0,741
315210,2018,27.0,1.0,21.0,7.0,11.0,134.0,60.0,2.0,162.0,3.0,430.0,662
315210,2019,32.0,0.0,14.0,11.0,10.0,154.0,71.0,3.0,155.0,6.0,456.0,714
315213,2012,4.0,1.0,2.0,3.0,2.0,7.0,2.0,1.0,4.0,4.0,31.0,59
315213,2013,0.0,0.0,0.0,0.0,0.0,0.0,0.0,0.0,0.0,0.0,25.0,58
315213,2014,1.0,0.0,0.0,0.0,0.0,6.0,1.0,1.0,7.0,9.0,25.0,58
315213,2015,2.0,0.0,0.0,1.0,0.0,8.0,1.0,3.0,8.0,6.0,29.0,62
315213,2016,1.0,0.0,0.0,0.0,1.0,12.0,2.0,3.0,5.0,3.0,27.0,57
315213,2017,1.0,0.0,2.0,3.0,1.0,10.0,4.0,0.0,4.0,3.0,28.0,58
315213,2018,1.0,0.0,0.0,0.0,0.0,5.0,2.0,2.0,4.0,0.0,14.0,47
315213,2019,2.0,0.0,0.0,1.0,0.0,21.0,5.0,0.0,6.0,0.0,35.0,68
315217,2012,6.0,0.0,5.0,1.0,4.0,3.0,5.0,6.0,8.0,4.0,44.0,129
315217,2013,0.0,0.0,0.0,0.0,0.0,0.0,0.0,0.0,0.0,0.0,61.0,149
315217,2014,6.0,0.0,0.0,1.0,0.0,14.0,3.0,2.0,3.0,5.0,44.0,140
315217,2015,5.0,0.0,6.0,2.0,0.0,13.0,1.0,5.0,13.0,6.0,53.0,156
315217,2016,5.0,0.0,1.0,1.0,2.0,14.0,3.0,2.0,5.0,4.0,42.0,139
315217,2017,2.0,0.0,0.0,1.0,2.0,13.0,4.0,5.0,8.0,3.0,47.0,147
315217,2018,2.0,0.0,1.0,3.0,0.0,2.0,4.0,1.0,4.0,0.0,51.0,148
315217,2019,1.0,0.0,1.0,0.0,0.0,7.0,1.0,2.0,1.0,2.0,61.0,160
315220,2012,33.0,0.0,6.0,7.0,3.0,66.0,38.0,5.0,111.0,19.0,288.0,487
315220,2013,0.0,0.0,0.0,0.0,0.0,0.0,0.0,0.0,0.0,0.0,298.0,473
315220,2014,19.0,0.0,9.0,4.0,2.0,78.0,45.0,12.0,76.0,34.0,281.0,525
315220,2015,15.0,1.0,9.0,6.0,1.0,61.0,29.0,10.0,62.0,20.0,223.0,436
315220,2016,13.0,0.0,7.0,8.0,1.0,74.0,34.0,10.0,51.0,24.0,226.0,446
315220,2017,26.0,0.0,4.0,4.0,1.0,77.0,32.0,12.0,69.0,21.0,251.0,432
315220,2018,29.0,0.0,6.0,4.0,2.0,92.0,33.0,15.0,80.0,11.0,274.0,501
315220,2019,16.0,0.0,4.0,6.0,11.0,101.0,27.0,1.0,61.0,20.0,251.0,457
315230,2012,3.0,0.0,4.0,2.0,1.0,18.0,3.0,5.0,11.0,13.0,66.0,106
315230,2013,0.0,0.0,0.0,0.0,0.0,0.0,0.0,0.0,0.0,0.0,57.0,86
315230,2014,4.0,0.0,0.0,0.0,1.0,22.0,3.0,11.0,10.0,12.0,64.0,110
315230,2015,3.0,0.0,3.0,0.0,0.0,22.0,3.0,6.0,8.0,15.0,63.0,105
315230,2016,5.0,0.0,0.0,2.0,1.0,15.0,0.0,3.0,6.0,10.0,43.0,82
315230,2017,4.0,0.0,0.0,1.0,0.0,19.0,6.0,6.0,13.0,14.0,63.0,103
315230,2018,1.0,0.0,0.0,0.0,0.0,31.0,4.0,3.0,13.0,12.0,64.0,99
315230,2019,1.0,1.0,3.0,3.0,1.0,22.0,2.0,4.0,13.0,13.0,63.0,91
315240,2012,9.0,0.0,1.0,1.0,0.0,32.0,3.0,4.0,16.0,8.0,74.0,199
315240,2013,0.0,0.0,0.0,0.0,0.0,0.0,0.0,0.0,0.0,0.0,68.0,185
315240,2014,5.0,0.0,0.0,2.0,1.0,21.0,7.0,6.0,8.0,19.0,70.0,194
315240,2015,6.0,1.0,3.0,5.0,2.0,16.0,2.0,3.0,5.0,11.0,60.0,161
315240,2016,3.0,0.0,2.0,3.0,0.0,17.0,5.0,6.0,7.0,11.0,55.0,158
315240,2017,6.0,0.0,3.0,0.0,0.0,24.0,2.0,3.0,11.0,13.0,65.0,153
315240,2018,4.0,0.0,4.0,7.0,1.0,15.0,12.0,6.0,12.0,11.0,79.0,169
315240,2019,5.0,0.0,4.0,4.0,2.0,25.0,9.0,2.0,18.0,11.0,82.0,176
315250,2012,159.0,4.0,48.0,24.0,21.0,321.0,65.0,25.0,311.0,137.0,1228.0,1835
315250,2013,0.0,0.0,0.0,0.0,0.0,0.0,0.0,0.0,0.0,0.0,1311.0,1885
315250,2014,109.0,7.0,31.0,16.0,16.0,414.0,114.0,59.0,373.0,178.0,1362.0,1971
315250,2015,142.0,3.0,57.0,21.0,24.0,403.0,93.0,34.0,313.0,173.0,1306.0,2029
315250,2016,110.0,4.0,52.0,17.0,19.0,397.0,95.0,52.0,266.0,156.0,1218.0,1819
315250,2017,91.0,1.0,41.0,14.0,17.0,435.0,109.0,52.0,348.0,128.0,1319.0,1947
315250,2018,114.0,3.0,41.0,18.0,15.0,460.0,80.0,51.0,322.0,129.0,1286.0,1917
315250,2019,110.0,2.0,53.0,23.0,16.0,414.0,100.0,31.0,299.0,134.0,1262.0,1920
315260,2012,6.0,0.0,2.0,1.0,2.0,15.0,0.0,2.0,15.0,4.0,54.0,64
315260,2013,0.0,0.0,0.0,0.0,0.0,0.0,0.0,0.0,0.0,0.0,69.0,81
315260,2014,5.0,0.0,0.0,1.0,0.0,17.0,3.0,5.0,11.0,13.0,56.0,64
315260,2015,4.0,0.0,0.0,1.0,1.0,26.0,2.0,2.0,5.0,13.0,54.0,66
315260,2016,6.0,0.0,0.0,2.0,0.0,28.0,1.0,1.0,16.0,7.0,61.0,70
315260,2017,1.0,0.0,2.0,0.0,0.0,26.0,4.0,0.0,16.0,5.0,54.0,64
315260,2018,3.0,1.0,2.0,0.0,0.0,29.0,4.0,1.0,9.0,5.0,54.0,77
315260,2019,6.0,0.0,2.0,0.0,1.0,28.0,2.0,1.0,7.0,8.0,55.0,65
315270,2012,9.0,0.0,2.0,0.0,1.0,9.0,2.0,1.0,11.0,6.0,50.0,81
315270,2013,0.0,0.0,0.0,0.0,0.0,0.0,0.0,0.0,0.0,0.0,69.0,110
315270,2014,3.0,0.0,6.0,1.0,2.0,18.0,6.0,3.0,13.0,12.0,70.0,93
315270,2015,4.0,0.0,4.0,1.0,1.0,22.0,8.0,2.0,12.0,4.0,69.0,93
315270,2016,3.0,0.0,6.0,2.0,1.0,12.0,8.0,1.0,11.0,3.0,52.0,73
315270,2017,3.0,0.0,2.0,3.0,1.0,17.0,10.0,5.0,9.0,6.0,58.0,78
315270,2018,2.0,3.0,1.0,1.0,2.0,19.0,5.0,3.0,12.0,12.0,62.0,84
315270,2019,5.0,0.0,0.0,0.0,0.0,14.0,0.0,4.0,11.0,10.0,50.0,76
315280,2012,19.0,0.0,8.0,5.0,3.0,97.0,31.0,2.0,115.0,10.0,290.0,325
315280,2013,0.0,0.0,0.0,0.0,0.0,0.0,0.0,0.0,0.0,0.0,300.0,328
315280,2014,15.0,0.0,6.0,1.0,1.0,133.0,35.0,5.0,106.0,13.0,315.0,335
315280,2015,29.0,0.0,4.0,6.0,4.0,160.0,39.0,3.0,97.0,8.0,350.0,382
315280,2016,12.0,0.0,8.0,4.0,2.0,153.0,45.0,2.0,106.0,9.0,343.0,371
315280,2017,16.0,0.0,3.0,8.0,4.0,141.0,42.0,5.0,109.0,5.0,335.0,364
315280,2018,16.0,0.0,6.0,7.0,4.0,132.0,42.0,3.0,105.0,20.0,336.0,364
315280,2019,14.0,0.0,6.0,4.0,4.0,107.0,23.0,2.0,94.0,17.0,275.0,301
315290,2012,7.0,1.0,4.0,3.0,2.0,16.0,0.0,0.0,15.0,6.0,63.0,91
315290,2013,0.0,0.0,0.0,0.0,0.0,0.0,0.0,0.0,0.0,0.0,56.0,86
315290,2014,6.0,0.0,0.0,2.0,1.0,16.0,1.0,0.0,14.0,8.0,54.0,84
315290,2015,7.0,0.0,2.0,2.0,1.0,13.0,0.0,1.0,12.0,4.0,48.0,86
315290,2016,5.0,0.0,0.0,3.0,2.0,19.0,1.0,2.0,5.0,3.0,41.0,77
315290,2017,2.0,0.0,0.0,1.0,1.0,18.0,2.0,0.0,20.0,4.0,50.0,80
315290,2018,2.0,0.0,2.0,1.0,2.0,15.0,5.0,0.0,7.0,2.0,36.0,65
315290,2019,8.0,1.0,0.0,1.0,1.0,17.0,1.0,1.0,8.0,3.0,41.0,69
315300,2012,2.0,0.0,0.0,0.0,0.0,10.0,3.0,0.0,14.0,1.0,32.0,40
315300,2013,0.0,0.0,0.0,0.0,0.0,0.0,0.0,0.0,0.0,0.0,22.0,26
315300,2014,4.0,1.0,1.0,1.0,0.0,10.0,1.0,2.0,11.0,0.0,33.0,40
315300,2015,4.0,0.0,0.0,0.0,0.0,10.0,1.0,0.0,7.0,2.0,24.0,38
315300,2016,0.0,1.0,4.0,0.0,0.0,11.0,2.0,0.0,8.0,2.0,31.0,41
315300,2017,1.0,0.0,2.0,0.0,1.0,13.0,2.0,1.0,9.0,5.0,34.0,51
315300,2018,1.0,0.0,5.0,0.0,0.0,12.0,2.0,1.0,9.0,1.0,31.0,42
315300,2019,0.0,0.0,2.0,2.0,0.0,11.0,3.0,2.0,8.0,2.0,31.0,41
315310,2012,3.0,0.0,0.0,1.0,2.0,8.0,1.0,4.0,4.0,9.0,35.0,51
315310,2013,0.0,0.0,0.0,0.0,0.0,0.0,0.0,0.0,0.0,0.0,23.0,40
315310,2014,6.0,0.0,0.0,1.0,0.0,8.0,1.0,0.0,4.0,4.0,25.0,41
315310,2015,3.0,0.0,2.0,0.0,1.0,11.0,6.0,2.0,3.0,5.0,33.0,58
315310,2016,2.0,0.0,0.0,0.0,2.0,9.0,2.0,1.0,3.0,4.0,23.0,40
315310,2017,3.0,0.0,2.0,0.0,0.0,12.0,2.0,1.0,3.0,6.0,29.0,48
315310,2018,3.0,0.0,2.0,0.0,2.0,12.0,5.0,2.0,4.0,5.0,35.0,50
315310,2019,2.0,0.0,0.0,0.0,0.0,8.0,1.0,1.0,0.0,7.0,19.0,32
315320,2012,1.0,0.0,0.0,0.0,0.0,5.0,0.0,0.0,6.0,3.0,15.0,35
315320,2013,0.0,0.0,0.0,0.0,0.0,0.0,0.0,0.0,0.0,0.0,17.0,39
315320,2014,0.0,0.0,0.0,0.0,0.0,6.0,2.0,1.0,4.0,1.0,14.0,35
315320,2015,1.0,0.0,0.0,1.0,1.0,9.0,1.0,0.0,3.0,1.0,17.0,33
315320,2016,0.0,0.0,0.0,0.0,0.0,3.0,1.0,0.0,4.0,4.0,12.0,28
315320,2017,1.0,0.0,2.0,2.0,1.0,6.0,3.0,2.0,5.0,3.0,25.0,40
315320,2018,0.0,0.0,0.0,0.0,1.0,6.0,2.0,1.0,7.0,0.0,17.0,36
315320,2019,2.0,0.0,0.0,1.0,3.0,9.0,2.0,0.0,3.0,5.0,25.0,41
315330,2012,2.0,0.0,2.0,1.0,0.0,5.0,0.0,2.0,5.0,3.0,20.0,47
315330,2013,0.0,0.0,0.0,0.0,0.0,0.0,0.0,0.0,0.0,0.0,11.0,36
315330,2014,1.0,0.0,0.0,0.0,0.0,5.0,5.0,1.0,4.0,0.0,19.0,55
315330,2015,4.0,0.0,0.0,0.0,0.0,7.0,2.0,0.0,0.0,1.0,19.0,45
315330,2016,0.0,0.0,2.0,2.0,0.0,3.0,0.0,1.0,1.0,2.0,12.0,37
315330,2017,3.0,0.0,0.0,0.0,0.0,5.0,0.0,2.0,3.0,2.0,15.0,45
315330,2018,4.0,1.0,0.0,0.0,0.0,6.0,0.0,0.0,1.0,2.0,15.0,35
315330,2019,2.0,0.0,0.0,0.0,0.0,7.0,2.0,0.0,1.0,0.0,14.0,42
315340,2012,6.0,1.0,0.0,5.0,7.0,28.0,8.0,5.0,22.0,16.0,104.0,193
315340,2013,0.0,0.0,0.0,0.0,0.0,0.0,0.0,0.0,0.0,0.0,90.0,189
315340,2014,12.0,0.0,3.0,3.0,4.0,27.0,11.0,4.0,21.0,9.0,94.0,190
315340,2015,9.0,1.0,3.0,12.0,3.0,28.0,13.0,5.0,16.0,8.0,100.0,200
315340,2016,3.0,1.0,4.0,6.0,2.0,23.0,20.0,2.0,31.0,7.0,99.0,182
315340,2017,14.0,0.0,2.0,3.0,3.0,32.0,14.0,5.0,22.0,7.0,102.0,198
315340,2018,9.0,2.0,4.0,2.0,3.0,36.0,14.0,6.0,30.0,5.0,111.0,195
315340,2019,7.0,0.0,3.0,4.0,0.0,42.0,7.0,3.0,23.0,5.0,94.0,173
315350,2012,17.0,0.0,2.0,0.0,0.0,21.0,2.0,7.0,6.0,6.0,80.0,101
315350,2013,0.0,0.0,0.0,0.0,0.0,0.0,0.0,0.0,0.0,0.0,96.0,113
315350,2014,12.0,0.0,4.0,0.0,2.0,22.0,4.0,6.0,8.0,23.0,92.0,116
315350,2015,5.0,1.0,2.0,1.0,0.0,32.0,3.0,12.0,6.0,14.0,77.0,103
315350,2016,6.0,3.0,2.0,3.0,0.0,20.0,4.0,11.0,13.0,7.0,72.0,98
315350,2017,3.0,1.0,3.0,0.0,1.0,34.0,4.0,7.0,3.0,8.0,65.0,101
315350,2018,5.0,0.0,0.0,3.0,0.0,23.0,4.0,5.0,5.0,12.0,62.0,94
315350,2019,6.0,1.0,2.0,0.0,1.0,28.0,3.0,6.0,8.0,26.0,90.0,123
315360,2012,6.0,0.0,2.0,0.0,2.0,17.0,3.0,1.0,18.0,4.0,58.0,140
315360,2013,0.0,0.0,0.0,0.0,0.0,0.0,0.0,0.0,0.0,0.0,70.0,145
315360,2014,8.0,0.0,0.0,1.0,2.0,17.0,4.0,6.0,12.0,4.0,65.0,156
315360,2015,5.0,0.0,0.0,2.0,1.0,25.0,5.0,8.0,22.0,13.0,87.0,182
315360,2016,4.0,0.0,4.0,1.0,0.0,16.0,5.0,5.0,14.0,10.0,65.0,136
315360,2017,5.0,0.0,0.0,0.0,5.0,23.0,5.0,5.0,15.0,9.0,70.0,126
315360,2018,4.0,0.0,4.0,2.0,0.0,27.0,11.0,1.0,15.0,5.0,73.0,158
315360,2019,9.0,0.0,6.0,3.0,3.0,24.0,15.0,5.0,13.0,3.0,82.0,135
315370,2012,2.0,0.0,0.0,0.0,3.0,2.0,1.0,0.0,5.0,0.0,13.0,32
315370,2013,0.0,0.0,0.0,0.0,0.0,0.0,0.0,0.0,0.0,0.0,14.0,32
315370,2014,2.0,0.0,0.0,6.0,5.0,1.0,0.0,0.0,4.0,0.0,18.0,35
315370,2015,1.0,0.0,0.0,8.0,8.0,1.0,0.0,0.0,2.0,0.0,20.0,35
315370,2016,0.0,0.0,0.0,5.0,5.0,0.0,1.0,0.0,0.0,0.0,11.0,22
315370,2017,0.0,1.0,1.0,6.0,4.0,2.0,2.0,2.0,0.0,1.0,19.0,34
315370,2018,4.0,0.0,0.0,0.0,0.0,6.0,0.0,3.0,2.0,5.0,20.0,32
315370,2019,3.0,0.0,0.0,1.0,0.0,8.0,1.0,0.0,6.0,1.0,20.0,33
315380,2012,1.0,0.0,0.0,0.0,0.0,0.0,1.0,0.0,6.0,1.0,9.0,12
315380,2013,0.0,0.0,0.0,0.0,0.0,0.0,0.0,0.0,0.0,0.0,11.0,15
315380,2014,1.0,0.0,0.0,0.0,0.0,2.0,1.0,0.0,1.0,0.0,5.0,8
315380,2015,1.0,0.0,0.0,0.0,0.0,6.0,0.0,1.0,1.0,1.0,10.0,13
315380,2016,0.0,0.0,0.0,0.0,0.0,2.0,0.0,2.0,7.0,1.0,12.0,19
315380,2017,0.0,0.0,0.0,0.0,1.0,3.0,0.0,0.0,3.0,0.0,7.0,11
315380,2018,2.0,0.0,0.0,0.0,0.0,6.0,0.0,0.0,1.0,1.0,10.0,14
315380,2019,1.0,0.0,0.0,0.0,0.0,3.0,2.0,0.0,5.0,1.0,13.0,20
315390,2012,18.0,0.0,3.0,2.0,1.0,28.0,3.0,12.0,10.0,39.0,117.0,199
315390,2013,0.0,0.0,0.0,0.0,0.0,0.0,0.0,0.0,0.0,0.0,127.0,225
315390,2014,13.0,0.0,4.0,1.0,2.0,31.0,12.0,9.0,44.0,14.0,131.0,227
315390,2015,6.0,0.0,0.0,0.0,3.0,22.0,8.0,5.0,30.0,5.0,80.0,180
315390,2016,11.0,0.0,0.0,2.0,8.0,41.0,15.0,2.0,36.0,3.0,118.0,208
315390,2017,10.0,0.0,2.0,5.0,3.0,34.0,12.0,2.0,28.0,1.0,98.0,197
315390,2018,8.0,1.0,4.0,2.0,1.0,43.0,10.0,0.0,27.0,2.0,98.0,179
315390,2019,15.0,0.0,5.0,3.0,2.0,28.0,5.0,4.0,19.0,9.0,91.0,187
315400,2012,15.0,0.0,2.0,3.0,3.0,37.0,3.0,4.0,9.0,60.0,141.0,234
315400,2013,0.0,0.0,0.0,0.0,0.0,0.0,0.0,0.0,0.0,0.0,146.0,222
315400,2014,24.0,0.0,6.0,0.0,6.0,67.0,4.0,12.0,19.0,53.0,196.0,275
315400,2015,9.0,0.0,5.0,5.0,7.0,62.0,4.0,26.0,8.0,70.0,200.0,260
315400,2016,13.0,0.0,5.0,6.0,6.0,45.0,4.0,23.0,6.0,55.0,165.0,213
315400,2017,14.0,1.0,3.0,3.0,6.0,71.0,5.0,22.0,15.0,67.0,208.0,270
315400,2018,9.0,0.0,2.0,8.0,7.0,73.0,4.0,31.0,4.0,68.0,206.0,258
315400,2019,16.0,0.0,4.0,9.0,4.0,86.0,2.0,20.0,7.0,71.0,220.0,269
315410,2012,17.0,1.0,0.0,0.0,0.0,12.0,0.0,0.0,6.0,5.0,71.0,85
315410,2013,0.0,0.0,0.0,0.0,0.0,0.0,0.0,0.0,0.0,0.0,73.0,95
315410,2014,3.0,0.0,1.0,0.0,0.0,26.0,9.0,4.0,14.0,11.0,72.0,99
315410,2015,3.0,1.0,2.0,6.0,5.0,21.0,1.0,4.0,12.0,14.0,74.0,104
315410,2016,5.0,0.0,0.0,2.0,0.0,27.0,2.0,4.0,9.0,12.0,62.0,85
315410,2017,9.0,0.0,2.0,1.0,1.0,30.0,2.0,11.0,6.0,22.0,84.0,98
315410,2018,3.0,0.0,2.0,1.0,5.0,24.0,2.0,6.0,5.0,17.0,66.0,86
315410,2019,2.0,0.0,0.0,1.0,1.0,29.0,0.0,12.0,5.0,18.0,69.0,87
315415,2012,14.0,0.0,2.0,1.0,0.0,17.0,8.0,0.0,26.0,5.0,75.0,106
315415,2013,0.0,0.0,0.0,0.0,0.0,0.0,0.0,0.0,0.0,0.0,50.0,84
315415,2014,10.0,4.0,0.0,2.0,2.0,16.0,7.0,2.0,21.0,3.0,72.0,118
315415,2015,3.0,1.0,0.0,1.0,0.0,15.0,5.0,0.0,16.0,2.0,46.0,81
315415,2016,5.0,5.0,0.0,0.0,1.0,15.0,7.0,1.0,19.0,1.0,56.0,95
315415,2017,7.0,2.0,0.0,0.0,0.0,20.0,1.0,3.0,5.0,12.0,58.0,104
315415,2018,1.0,1.0,0.0,0.0,0.0,21.0,6.0,2.0,20.0,10.0,61.0,104
315415,2019,2.0,1.0,4.0,2.0,0.0,29.0,16.0,0.0,16.0,2.0,72.0,135
315420,2012,5.0,0.0,4.0,2.0,1.0,16.0,2.0,4.0,11.0,4.0,66.0,147
315420,2013,0.0,0.0,0.0,0.0,0.0,0.0,0.0,0.0,0.0,0.0,70.0,139
315420,2014,8.0,0.0,5.0,4.0,1.0,22.0,5.0,3.0,11.0,7.0,84.0,148
315420,2015,9.0,0.0,0.0,3.0,1.0,18.0,5.0,3.0,10.0,6.0,59.0,128
315420,2016,4.0,0.0,2.0,1.0,1.0,19.0,4.0,4.0,12.0,6.0,61.0,112
315420,2017,3.0,0.0,7.0,1.0,0.0,24.0,4.0,2.0,6.0,11.0,63.0,114
315420,2018,6.0,0.0,2.0,3.0,1.0,25.0,2.0,7.0,7.0,8.0,61.0,99
315420,2019,4.0,0.0,0.0,1.0,5.0,11.0,3.0,5.0,10.0,10.0,49.0,89
315430,2012,14.0,1.0,5.0,3.0,4.0,56.0,10.0,3.0,36.0,15.0,149.0,223
315430,2013,0.0,0.0,0.0,0.0,0.0,0.0,0.0,0.0,0.0,0.0,127.0,185
315430,2014,9.0,0.0,4.0,6.0,1.0,63.0,18.0,9.0,41.0,16.0,168.0,221
315430,2015,11.0,1.0,4.0,5.0,5.0,56.0,4.0,8.0,39.0,18.0,154.0,219
315430,2016,5.0,0.0,2.0,6.0,4.0,48.0,13.0,8.0,30.0,21.0,143.0,188
315430,2017,18.0,1.0,2.0,3.0,2.0,59.0,12.0,6.0,38.0,15.0,158.0,205
315430,2018,12.0,0.0,6.0,4.0,2.0,68.0,17.0,7.0,47.0,19.0,183.0,225
315430,2019,9.0,1.0,4.0,4.0,5.0,66.0,17.0,2.0,40.0,17.0,167.0,210
315440,2012,2.0,0.0,5.0,3.0,3.0,7.0,3.0,0.0,9.0,2.0,34.0,48
315440,2013,0.0,0.0,0.0,0.0,0.0,0.0,0.0,0.0,0.0,0.0,46.0,53
315440,2014,1.0,0.0,0.0,13.0,5.0,8.0,1.0,0.0,4.0,2.0,36.0,53
315440,2015,2.0,0.0,1.0,12.0,6.0,5.0,1.0,1.0,5.0,0.0,34.0,52
315440,2016,3.0,0.0,0.0,6.0,1.0,12.0,2.0,1.0,3.0,3.0,32.0,40
315440,2017,5.0,0.0,5.0,0.0,1.0,8.0,5.0,0.0,9.0,6.0,39.0,52
315440,2018,1.0,0.0,0.0,3.0,1.0,7.0,2.0,0.0,6.0,5.0,25.0,42
315440,2019,3.0,0.0,0.0,1.0,2.0,20.0,1.0,0.0,12.0,6.0,45.0,60
315445,2012,5.0,1.0,2.0,1.0,0.0,7.0,1.0,0.0,7.0,1.0,42.0,116
315445,2013,0.0,0.0,0.0,0.0,0.0,0.0,0.0,0.0,0.0,0.0,18.0,70
315445,2014,1.0,1.0,0.0,2.0,1.0,4.0,1.0,5.0,2.0,5.0,27.0,75
315445,2015,3.0,0.0,0.0,1.0,1.0,10.0,4.0,5.0,8.0,7.0,39.0,81
315445,2016,1.0,0.0,0.0,0.0,0.0,11.0,5.0,1.0,5.0,5.0,28.0,72
315445,2017,0.0,0.0,2.0,1.0,0.0,15.0,5.0,5.0,6.0,3.0,37.0,75
315445,2018,4.0,0.0,4.0,1.0,0.0,11.0,5.0,2.0,15.0,1.0,43.0,67
315445,2019,4.0,0.0,2.0,0.0,0.0,21.0,4.0,2.0,10.0,7.0,50.0,84
315450,2012,5.0,0.0,2.0,0.0,2.0,16.0,9.0,3.0,16.0,4.0,57.0,127
315450,2013,0.0,0.0,0.0,0.0,0.0,0.0,0.0,0.0,0.0,0.0,55.0,127
315450,2014,6.0,0.0,4.0,3.0,1.0,15.0,8.0,2.0,18.0,4.0,62.0,130
315450,2015,4.0,1.0,2.0,1.0,0.0,7.0,4.0,2.0,10.0,1.0,36.0,118
315450,2016,4.0,0.0,2.0,0.0,0.0,15.0,5.0,1.0,7.0,8.0,46.0,114
315450,2017,4.0,0.0,5.0,1.0,1.0,14.0,5.0,1.0,12.0,6.0,51.0,104
315450,2018,1.0,0.0,0.0,0.0,1.0,14.0,15.0,4.0,7.0,5.0,51.0,111
315450,2019,8.0,1.0,0.0,1.0,0.0,23.0,9.0,0.0,15.0,3.0,61.0,130
315460,2012,218.0,1.0,65.0,70.0,62.0,566.0,124.0,68.0,435.0,193.0,1855.0,4739
315460,2013,0.0,0.0,0.0,0.0,0.0,0.0,0.0,0.0,0.0,0.0,1959.0,4812
315460,2014,156.0,7.0,75.0,157.0,96.0,572.0,171.0,75.0,465.0,159.0,1955.0,4950
315460,2015,174.0,10.0,77.0,356.0,205.0,527.0,149.0,57.0,402.0,122.0,2101.0,5220
315460,2016,153.0,2.0,60.0,128.0,59.0,623.0,198.0,66.0,404.0,144.0,1863.0,4893
315460,2017,162.0,6.0,71.0,89.0,76.0,628.0,181.0,38.0,464.0,79.0,1803.0,4833
315460,2018,171.0,1.0,81.0,98.0,60.0,587.0,195.0,43.0,378.0,90.0,1708.0,4616
315460,2019,175.0,4.0,63.0,96.0,52.0,586.0,157.0,68.0,365.0,106.0,1677.0,4486
315470,2012,1.0,0.0,0.0,1.0,1.0,12.0,1.0,0.0,6.0,3.0,28.0,40
315470,2013,0.0,0.0,0.0,0.0,0.0,0.0,0.0,0.0,0.0,0.0,19.0,33
315470,2014,1.0,0.0,4.0,0.0,0.0,14.0,1.0,2.0,8.0,6.0,36.0,48
315470,2015,2.0,0.0,0.0,0.0,0.0,8.0,1.0,3.0,3.0,7.0,24.0,38
315470,2016,1.0,1.0,4.0,0.0,0.0,14.0,4.0,1.0,7.0,2.0,34.0,48
315470,2017,4.0,0.0,0.0,0.0,0.0,14.0,1.0,1.0,6.0,2.0,28.0,41
315470,2018,4.0,0.0,0.0,0.0,1.0,9.0,3.0,2.0,10.0,2.0,31.0,41
315470,2019,1.0,0.0,0.0,0.0,0.0,14.0,0.0,0.0,13.0,1.0,29.0,40
315480,2012,12.0,0.0,2.0,0.0,0.0,23.0,0.0,10.0,12.0,28.0,87.0,146
315480,2013,0.0,0.0,0.0,0.0,0.0,0.0,0.0,0.0,0.0,0.0,61.0,127
315480,2014,5.0,0.0,2.0,0.0,0.0,24.0,5.0,3.0,14.0,7.0,60.0,129
315480,2015,0.0,0.0,2.0,2.0,1.0,14.0,6.0,2.0,25.0,4.0,56.0,122
315480,2016,7.0,0.0,5.0,1.0,0.0,24.0,9.0,1.0,26.0,2.0,75.0,138
315480,2017,4.0,0.0,5.0,3.0,0.0,24.0,9.0,1.0,22.0,4.0,73.0,148
315480,2018,5.0,0.0,2.0,3.0,2.0,28.0,9.0,0.0,15.0,1.0,65.0,126
315480,2019,7.0,0.0,4.0,1.0,3.0,32.0,6.0,1.0,11.0,4.0,70.0,123
315490,2012,20.0,0.0,2.0,2.0,2.0,25.0,6.0,2.0,31.0,11.0,106.0,176
315490,2013,0.0,0.0,0.0,0.0,0.0,0.0,0.0,0.0,0.0,0.0,104.0,183
315490,2014,7.0,0.0,2.0,0.0,2.0,29.0,18.0,1.0,19.0,3.0,103.0,174
315490,2015,7.0,0.0,0.0,0.0,1.0,20.0,12.0,0.0,21.0,3.0,87.0,159
315490,2016,4.0,0.0,2.0,2.0,3.0,19.0,13.0,1.0,25.0,3.0,81.0,144
315490,2017,6.0,0.0,4.0,2.0,3.0,34.0,14.0,2.0,24.0,2.0,92.0,143
315490,2018,6.0,0.0,0.0,2.0,4.0,35.0,8.0,1.0,33.0,3.0,94.0,142
315490,2019,4.0,0.0,4.0,4.0,4.0,35.0,9.0,1.0,22.0,1.0,94.0,156
315500,2012,1.0,0.0,0.0,0.0,0.0,0.0,1.0,0.0,3.0,1.0,8.0,19
315500,2013,0.0,0.0,0.0,0.0,0.0,0.0,0.0,0.0,0.0,0.0,10.0,18
315500,2014,0.0,0.0,0.0,0.0,0.0,4.0,2.0,1.0,5.0,0.0,12.0,19
315500,2015,3.0,0.0,0.0,0.0,0.0,2.0,0.0,0.0,5.0,1.0,11.0,15
315500,2016,1.0,0.0,0.0,0.0,0.0,4.0,3.0,0.0,6.0,0.0,14.0,23
315500,2017,1.0,0.0,0.0,0.0,0.0,3.0,1.0,0.0,5.0,0.0,10.0,14
315500,2018,2.0,0.0,2.0,0.0,1.0,6.0,1.0,0.0,6.0,0.0,18.0,21
315500,2019,1.0,0.0,4.0,1.0,0.0,3.0,3.0,1.0,5.0,0.0,18.0,28
315510,2012,1.0,0.0,0.0,0.0,0.0,2.0,1.0,0.0,3.0,5.0,19.0,64
315510,2013,0.0,0.0,0.0,0.0,0.0,0.0,0.0,0.0,0.0,0.0,21.0,71
315510,2014,1.0,0.0,0.0,0.0,0.0,1.0,0.0,3.0,1.0,2.0,11.0,57
315510,2015,0.0,0.0,0.0,0.0,0.0,3.0,2.0,1.0,2.0,1.0,12.0,57
315510,2016,0.0,0.0,1.0,0.0,0.0,0.0,1.0,0.0,1.0,0.0,10.0,43
315510,2017,0.0,0.0,2.0,0.0,0.0,2.0,1.0,0.0,0.0,0.0,18.0,66
315510,2018,0.0,0.0,0.0,0.0,0.0,2.0,0.0,1.0,0.0,0.0,10.0,61
315510,2019,0.0,0.0,0.0,1.0,0.0,1.0,0.0,1.0,0.0,0.0,16.0,63
315520,2012,2.0,0.0,0.0,1.0,0.0,5.0,0.0,0.0,3.0,2.0,13.0,23
315520,2013,0.0,0.0,0.0,0.0,0.0,0.0,0.0,0.0,0.0,0.0,25.0,35
315520,2014,2.0,0.0,0.0,0.0,1.0,7.0,3.0,1.0,9.0,4.0,27.0,40
315520,2015,2.0,0.0,2.0,2.0,0.0,9.0,2.0,1.0,6.0,5.0,29.0,37
315520,2016,2.0,0.0,0.0,2.0,1.0,10.0,0.0,0.0,3.0,0.0,18.0,32
315520,2017,3.0,0.0,0.0,2.0,0.0,2.0,1.0,2.0,7.0,3.0,20.0,25
315520,2018,1.0,0.0,2.0,0.0,0.0,10.0,3.0,2.0,8.0,3.0,29.0,39
315520,2019,3.0,0.0,0.0,0.0,2.0,9.0,5.0,0.0,12.0,2.0,33.0,45
315530,2012,4.0,0.0,0.0,1.0,0.0,2.0,0.0,0.0,2.0,1.0,15.0,39
315530,2013,0.0,0.0,0.0,0.0,0.0,0.0,0.0,0.0,0.0,0.0,16.0,42
315530,2014,1.0,0.0,0.0,0.0,1.0,6.0,1.0,1.0,6.0,1.0,17.0,43
315530,2015,0.0,0.0,0.0,0.0,0.0,4.0,0.0,1.0,8.0,2.0,15.0,52
315530,2016,3.0,0.0,0.0,1.0,1.0,5.0,2.0,4.0,3.0,0.0,19.0,43
315530,2017,1.0,0.0,0.0,1.0,0.0,3.0,1.0,0.0,5.0,0.0,11.0,55
315530,2018,1.0,0.0,2.0,0.0,0.0,4.0,2.0,1.0,4.0,2.0,16.0,38
315530,2019,3.0,0.0,0.0,1.0,1.0,7.0,2.0,2.0,6.0,1.0,23.0,50
315540,2012,10.0,2.0,0.0,1.0,4.0,5.0,0.0,3.0,10.0,5.0,41.0,84
315540,2013,0.0,0.0,0.0,0.0,0.0,0.0,0.0,0.0,0.0,0.0,40.0,98
315540,2014,3.0,0.0,1.0,1.0,1.0,11.0,3.0,2.0,12.0,2.0,38.0,81
315540,2015,3.0,0.0,4.0,2.0,0.0,11.0,5.0,0.0,8.0,5.0,39.0,80
315540,2016,3.0,0.0,0.0,1.0,2.0,8.0,2.0,3.0,8.0,3.0,30.0,65
315540,2017,2.0,1.0,0.0,3.0,2.0,9.0,7.0,2.0,13.0,5.0,45.0,93
315540,2018,3.0,0.0,0.0,1.0,1.0,17.0,3.0,0.0,10.0,1.0,36.0,78
315540,2019,2.0,1.0,0.0,3.0,2.0,19.0,6.0,1.0,12.0,3.0,49.0,97
315550,2012,11.0,0.0,2.0,0.0,0.0,32.0,10.0,2.0,25.0,15.0,98.0,130
315550,2013,0.0,0.0,0.0,0.0,0.0,0.0,0.0,0.0,0.0,0.0,100.0,135
315550,2014,7.0,0.0,4.0,2.0,1.0,31.0,9.0,2.0,20.0,6.0,85.0,118
315550,2015,7.0,0.0,0.0,2.0,2.0,44.0,6.0,12.0,12.0,17.0,103.0,138
315550,2016,4.0,1.0,3.0,0.0,2.0,41.0,6.0,2.0,23.0,10.0,92.0,147
315550,2017,5.0,0.0,2.0,1.0,3.0,41.0,4.0,4.0,11.0,6.0,77.0,144
315550,2018,5.0,0.0,0.0,2.0,1.0,32.0,6.0,7.0,23.0,16.0,92.0,135
315550,2019,9.0,0.0,2.0,6.0,2.0,46.0,6.0,8.0,20.0,10.0,109.0,169
315560,2012,14.0,0.0,6.0,2.0,4.0,55.0,28.0,4.0,48.0,24.0,187.0,373
315560,2013,0.0,0.0,0.0,0.0,0.0,0.0,0.0,0.0,0.0,0.0,188.0,392
315560,2014,17.0,2.0,2.0,2.0,7.0,67.0,30.0,8.0,46.0,15.0,197.0,428
315560,2015,11.0,1.0,2.0,7.0,2.0,55.0,25.0,7.0,54.0,18.0,188.0,408
315560,2016,13.0,2.0,10.0,12.0,2.0,58.0,26.0,4.0,67.0,17.0,217.0,397
315560,2017,17.0,3.0,2.0,2.0,3.0,60.0,27.0,7.0,58.0,17.0,203.0,372
315560,2018,17.0,1.0,9.0,5.0,4.0,65.0,34.0,14.0,42.0,22.0,213.0,402
315560,2019,26.0,0.0,10.0,5.0,4.0,68.0,25.0,9.0,47.0,29.0,224.0,383
315570,2012,7.0,1.0,5.0,5.0,2.0,29.0,4.0,2.0,22.0,12.0,98.0,164
315570,2013,0.0,0.0,0.0,0.0,0.0,0.0,0.0,0.0,0.0,0.0,85.0,159
315570,2014,6.0,1.0,2.0,3.0,2.0,23.0,6.0,4.0,21.0,14.0,89.0,147
315570,2015,5.0,0.0,2.0,2.0,2.0,29.0,8.0,3.0,22.0,5.0,82.0,162
315570,2016,7.0,0.0,1.0,1.0,2.0,23.0,6.0,7.0,27.0,19.0,96.0,152
315570,2017,3.0,0.0,2.0,5.0,1.0,20.0,13.0,7.0,19.0,14.0,94.0,158
315570,2018,10.0,0.0,1.0,7.0,3.0,32.0,7.0,1.0,23.0,7.0,94.0,154
315570,2019,7.0,0.0,2.0,3.0,0.0,25.0,4.0,5.0,16.0,14.0,79.0,149
315580,2012,11.0,1.0,8.0,2.0,5.0,46.0,7.0,8.0,21.0,38.0,149.0,199
315580,2013,0.0,0.0,0.0,0.0,0.0,0.0,0.0,0.0,0.0,0.0,141.0,179
315580,2014,13.0,1.0,2.0,1.0,4.0,41.0,10.0,15.0,23.0,24.0,135.0,191
315580,2015,10.0,1.0,4.0,2.0,3.0,57.0,13.0,15.0,22.0,29.0,157.0,217
315580,2016,8.0,0.0,4.0,0.0,4.0,33.0,7.0,8.0,19.0,27.0,111.0,170
315580,2017,12.0,1.0,8.0,6.0,3.0,58.0,4.0,10.0,28.0,36.0,166.0,215
315580,2018,3.0,1.0,4.0,3.0,1.0,60.0,12.0,10.0,23.0,37.0,154.0,204
315580,2019,10.0,1.0,3.0,2.0,2.0,41.0,6.0,6.0,19.0,33.0,124.0,174
315590,2012,3.0,0.0,0.0,0.0,1.0,6.0,5.0,0.0,2.0,3.0,26.0,36
315590,2013,0.0,0.0,0.0,0.0,0.0,0.0,0.0,0.0,0.0,0.0,21.0,31
315590,2014,7.0,0.0,0.0,0.0,0.0,8.0,2.0,0.0,3.0,3.0,23.0,36
315590,2015,5.0,0.0,3.0,3.0,0.0,9.0,1.0,2.0,5.0,1.0,32.0,55
315590,2016,3.0,0.0,0.0,0.0,1.0,4.0,4.0,2.0,7.0,2.0,23.0,36
315590,2017,5.0,1.0,0.0,0.0,1.0,7.0,1.0,0.0,8.0,3.0,26.0,45
315590,2018,0.0,0.0,0.0,0.0,0.0,15.0,1.0,3.0,3.0,3.0,25.0,39
315590,2019,5.0,0.0,0.0,0.0,0.0,10.0,1.0,0.0,4.0,3.0,23.0,38
315600,2012,14.0,0.0,4.0,1.0,0.0,14.0,4.0,1.0,7.0,4.0,63.0,197
315600,2013,0.0,0.0,0.0,0.0,0.0,0.0,0.0,0.0,0.0,0.0,61.0,157
315600,2014,6.0,0.0,0.0,4.0,1.0,10.0,6.0,4.0,4.0,8.0,50.0,142
315600,2015,3.0,0.0,2.0,1.0,0.0,8.0,4.0,9.0,4.0,9.0,42.0,143
315600,2016,0.0,0.0,0.0,1.0,1.0,25.0,3.0,1.0,12.0,10.0,53.0,157
315600,2017,1.0,0.0,2.0,2.0,1.0,13.0,2.0,8.0,7.0,9.0,46.0,135
315600,2018,0.0,0.0,2.0,2.0,1.0,14.0,5.0,2.0,4.0,7.0,37.0,122
315600,2019,3.0,0.0,2.0,0.0,0.0,13.0,2.0,1.0,5.0,13.0,40.0,132
315610,2012,7.0,0.0,0.0,0.0,2.0,7.0,0.0,1.0,3.0,2.0,29.0,39
315610,2013,0.0,0.0,0.0,0.0,0.0,0.0,0.0,0.0,0.0,0.0,26.0,39
315610,2014,1.0,1.0,1.0,0.0,0.0,6.0,4.0,3.0,5.0,5.0,32.0,44
315610,2015,0.0,0.0,1.0,2.0,1.0,8.0,2.0,0.0,7.0,4.0,29.0,39
315610,2016,1.0,0.0,0.0,0.0,0.0,9.0,2.0,1.0,11.0,4.0,31.0,42
315610,2017,3.0,0.0,0.0,0.0,0.0,14.0,3.0,2.0,6.0,4.0,33.0,45
315610,2018,2.0,0.0,2.0,1.0,1.0,14.0,8.0,0.0,10.0,11.0,49.0,56
315610,2019,4.0,0.0,0.0,0.0,2.0,11.0,3.0,2.0,2.0,9.0,33.0,48
315620,2012,6.0,0.0,0.0,0.0,0.0,5.0,2.0,0.0,4.0,3.0,26.0,36
315620,2013,0.0,0.0,0.0,0.0,0.0,0.0,0.0,0.0,0.0,0.0,17.0,29
315620,2014,0.0,0.0,0.0,0.0,0.0,1.0,1.0,1.0,1.0,2.0,6.0,15
315620,2015,0.0,0.0,0.0,0.0,0.0,2.0,0.0,1.0,1.0,1.0,15.0,31
315620,2016,2.0,0.0,1.0,0.0,0.0,6.0,0.0,2.0,1.0,0.0,17.0,28
315620,2017,1.0,0.0,0.0,1.0,0.0,4.0,1.0,1.0,7.0,2.0,18.0,28
315620,2018,0.0,0.0,0.0,0.0,0.0,6.0,2.0,1.0,4.0,2.0,16.0,25
315620,2019,0.0,0.0,0.0,0.0,0.0,10.0,1.0,1.0,5.0,1.0,18.0,26
315630,2012,12.0,0.0,3.0,1.0,1.0,37.0,4.0,1.0,20.0,23.0,102.0,116
315630,2013,0.0,0.0,0.0,0.0,0.0,0.0,0.0,0.0,0.0,0.0,98.0,111
315630,2014,11.0,0.0,8.0,0.0,0.0,40.0,5.0,3.0,5.0,25.0,98.0,111
315630,2015,8.0,0.0,6.0,1.0,0.0,40.0,4.0,8.0,12.0,33.0,114.0,134
315630,2016,6.0,0.0,0.0,3.0,1.0,44.0,0.0,9.0,5.0,39.0,108.0,119
315630,2017,9.0,0.0,2.0,0.0,2.0,27.0,1.0,7.0,6.0,34.0,88.0,106
315630,2018,16.0,0.0,0.0,1.0,1.0,33.0,3.0,8.0,8.0,37.0,109.0,125
315630,2019,7.0,0.0,6.0,2.0,0.0,47.0,1.0,4.0,3.0,31.0,101.0,124
315640,2012,2.0,5.0,2.0,1.0,5.0,4.0,1.0,4.0,1.0,4.0,29.0,38
315640,2013,0.0,0.0,0.0,0.0,0.0,0.0,0.0,0.0,0.0,0.0,23.0,40
315640,2014,3.0,0.0,0.0,7.0,3.0,4.0,3.0,0.0,5.0,5.0,30.0,40
315640,2015,2.0,0.0,0.0,0.0,0.0,8.0,1.0,3.0,4.0,4.0,22.0,38
315640,2016,2.0,0.0,0.0,2.0,0.0,10.0,2.0,2.0,2.0,2.0,22.0,31
315640,2017,1.0,0.0,0.0,0.0,0.0,8.0,1.0,4.0,3.0,3.0,20.0,33
315640,2018,1.0,0.0,0.0,0.0,0.0,8.0,1.0,1.0,6.0,9.0,28.0,43
315640,2019,2.0,0.0,2.0,1.0,1.0,17.0,3.0,1.0,3.0,2.0,32.0,39
315645,2012,25.0,0.0,0.0,0.0,0.0,0.0,1.0,0.0,2.0,1.0,30.0,61
315645,2013,0.0,0.0,0.0,0.0,0.0,0.0,0.0,0.0,0.0,0.0,16.0,29
315645,2014,1.0,0.0,0.0,0.0,0.0,1.0,0.0,1.0,3.0,1.0,22.0,46
315645,2015,0.0,0.0,0.0,0.0,0.0,1.0,0.0,2.0,1.0,3.0,23.0,44
315645,2016,1.0,0.0,0.0,0.0,0.0,5.0,0.0,0.0,0.0,3.0,10.0,29
315645,2017,1.0,0.0,0.0,0.0,0.0,13.0,2.0,6.0,5.0,7.0,35.0,50
315645,2018,3.0,0.0,2.0,0.0,0.0,16.0,7.0,0.0,9.0,6.0,44.0,62
315645,2019,2.0,0.0,0.0,0.0,2.0,9.0,3.0,1.0,3.0,9.0,30.0,45
315650,2012,5.0,0.0,2.0,1.0,0.0,9.0,0.0,2.0,6.0,8.0,33.0,89
315650,2013,0.0,0.0,0.0,0.0,0.0,0.0,0.0,0.0,0.0,0.0,24.0,76
315650,2014,1.0,1.0,2.0,0.0,0.0,10.0,2.0,5.0,2.0,7.0,32.0,72
315650,2015,4.0,0.0,2.0,1.0,0.0,12.0,2.0,9.0,4.0,8.0,42.0,82
315650,2016,1.0,0.0,0.0,2.0,0.0,11.0,3.0,1.0,4.0,3.0,26.0,57
315650,2017,1.0,0.0,0.0,0.0,0.0,6.0,2.0,2.0,0.0,1.0,18.0,42
315650,2018,3.0,0.0,0.0,2.0,1.0,14.0,2.0,2.0,8.0,4.0,40.0,73
315650,2019,2.0,0.0,0.0,0.0,1.0,7.0,4.0,3.0,2.0,11.0,31.0,58
315660,2012,3.0,0.0,0.0,3.0,3.0,8.0,2.0,5.0,2.0,23.0,52.0,111
315660,2013,0.0,0.0,0.0,0.0,0.0,0.0,0.0,0.0,0.0,0.0,48.0,95
315660,2014,0.0,0.0,3.0,3.0,0.0,7.0,0.0,6.0,3.0,13.0,38.0,92
315660,2015,0.0,2.0,0.0,3.0,2.0,8.0,0.0,4.0,1.0,9.0,30.0,81
315660,2016,2.0,0.0,1.0,3.0,0.0,10.0,0.0,9.0,2.0,11.0,39.0,90
315660,2017,4.0,1.0,0.0,3.0,0.0,19.0,1.0,6.0,0.0,14.0,49.0,94
315660,2018,3.0,0.0,0.0,0.0,1.0,7.0,0.0,9.0,1.0,13.0,37.0,87
315660,2019,2.0,0.0,0.0,0.0,2.0,22.0,1.0,8.0,3.0,5.0,48.0,105
315670,2012,84.0,2.0,29.0,19.0,22.0,235.0,68.0,22.0,258.0,55.0,799.0,1823
315670,2013,0.0,0.0,0.0,0.0,0.0,0.0,0.0,0.0,0.0,0.0,800.0,1797
315670,2014,70.0,2.0,30.0,34.0,27.0,243.0,90.0,22.0,242.0,48.0,817.0,1855
315670,2015,58.0,1.0,25.0,15.0,17.0,258.0,75.0,14.0,201.0,41.0,714.0,1809
315670,2016,63.0,1.0,30.0,18.0,18.0,253.0,69.0,4.0,222.0,19.0,701.0,1763
315670,2017,68.0,0.0,42.0,26.0,22.0,242.0,76.0,10.0,233.0,13.0,734.0,1845
315670,2018,81.0,1.0,34.0,23.0,18.0,246.0,70.0,15.0,209.0,23.0,721.0,1807
315670,2019,68.0,1.0,15.0,19.0,20.0,238.0,65.0,21.0,167.0,24.0,639.0,1639
315680,2012,11.0,0.0,8.0,1.0,3.0,13.0,5.0,3.0,12.0,12.0,78.0,213
315680,2013,0.0,0.0,0.0,0.0,0.0,0.0,0.0,0.0,0.0,0.0,91.0,197
315680,2014,1.0,4.0,4.0,6.0,4.0,24.0,6.0,5.0,7.0,14.0,95.0,183
315680,2015,5.0,2.0,5.0,4.0,3.0,11.0,8.0,4.0,4.0,8.0,73.0,157
315680,2016,8.0,2.0,6.0,6.0,3.0,18.0,5.0,6.0,8.0,11.0,86.0,176
315680,2017,1.0,0.0,2.0,5.0,4.0,16.0,7.0,1.0,12.0,12.0,82.0,164
315680,2018,6.0,0.0,0.0,2.0,1.0,13.0,5.0,2.0,11.0,7.0,75.0,149
315680,2019,4.0,0.0,0.0,4.0,1.0,14.0,3.0,7.0,19.0,10.0,82.0,165
315690,2012,11.0,0.0,8.0,3.0,7.0,59.0,14.0,7.0,48.0,24.0,183.0,303
315690,2013,0.0,0.0,0.0,0.0,0.0,0.0,0.0,0.0,0.0,0.0,197.0,303
315690,2014,9.0,2.0,2.0,5.0,4.0,76.0,23.0,8.0,57.0,16.0,203.0,332
315690,2015,13.0,2.0,10.0,4.0,9.0,62.0,18.0,5.0,40.0,22.0,188.0,310
315690,2016,17.0,3.0,6.0,4.0,7.0,69.0,25.0,3.0,45.0,20.0,203.0,333
315690,2017,10.0,2.0,3.0,7.0,7.0,94.0,17.0,7.0,56.0,9.0,213.0,329
315690,2018,19.0,1.0,5.0,6.0,4.0,94.0,23.0,7.0,53.0,25.0,237.0,325
315690,2019,13.0,0.0,3.0,2.0,7.0,96.0,27.0,5.0,49.0,12.0,214.0,319
315700,2012,34.0,0.0,2.0,6.0,5.0,53.0,8.0,17.0,37.0,54.0,220.0,494
315700,2013,0.0,0.0,0.0,0.0,0.0,0.0,0.0,0.0,0.0,0.0,270.0,533
315700,2014,36.0,1.0,4.0,8.0,10.0,85.0,11.0,29.0,36.0,92.0,327.0,559
315700,2015,27.0,1.0,6.0,6.0,5.0,99.0,18.0,29.0,24.0,72.0,316.0,550
315700,2016,28.0,2.0,9.0,9.0,8.0,74.0,17.0,36.0,39.0,89.0,314.0,504
315700,2017,35.0,2.0,3.0,6.0,3.0,83.0,19.0,17.0,37.0,61.0,307.0,488
315700,2018,21.0,1.0,6.0,17.0,7.0,88.0,22.0,12.0,39.0,62.0,320.0,553
315700,2019,25.0,5.0,6.0,6.0,3.0,110.0,15.0,26.0,34.0,62.0,310.0,513
315710,2012,7.0,0.0,0.0,2.0,0.0,5.0,2.0,3.0,3.0,4.0,28.0,81
315710,2013,0.0,0.0,0.0,0.0,0.0,0.0,0.0,0.0,0.0,0.0,37.0,78
315710,2014,3.0,0.0,4.0,1.0,0.0,7.0,3.0,2.0,3.0,8.0,35.0,91
315710,2015,1.0,0.0,0.0,4.0,2.0,8.0,0.0,2.0,1.0,4.0,28.0,73
315710,2016,2.0,0.0,0.0,0.0,0.0,10.0,1.0,2.0,1.0,9.0,31.0,79
315710,2017,3.0,0.0,0.0,1.0,0.0,13.0,0.0,10.0,3.0,13.0,46.0,83
315710,2018,1.0,0.0,3.0,1.0,1.0,8.0,1.0,3.0,1.0,6.0,26.0,51
315710,2019,4.0,0.0,0.0,1.0,0.0,7.0,3.0,6.0,0.0,10.0,34.0,62
315720,2012,18.0,0.0,0.0,7.0,5.0,56.0,6.0,5.0,62.0,15.0,185.0,362
315720,2013,0.0,0.0,0.0,0.0,0.0,0.0,0.0,0.0,0.0,0.0,206.0,448
315720,2014,18.0,0.0,14.0,13.0,5.0,65.0,20.0,9.0,54.0,29.0,231.0,422
315720,2015,21.0,0.0,5.0,4.0,5.0,74.0,18.0,8.0,62.0,18.0,225.0,468
315720,2016,20.0,0.0,10.0,4.0,7.0,67.0,17.0,3.0,67.0,16.0,211.0,420
315720,2017,20.0,0.0,2.0,9.0,7.0,67.0,23.0,6.0,64.0,15.0,213.0,414
315720,2018,20.0,0.0,0.0,6.0,6.0,79.0,28.0,4.0,70.0,11.0,224.0,387
315720,2019,18.0,0.0,4.0,5.0,6.0,86.0,28.0,0.0,60.0,6.0,214.0,391
315725,2012,5.0,0.0,0.0,1.0,4.0,20.0,9.0,0.0,13.0,3.0,59.0,94
315725,2013,0.0,0.0,0.0,0.0,0.0,0.0,0.0,0.0,0.0,0.0,58.0,93
315725,2014,14.0,0.0,0.0,0.0,0.0,13.0,6.0,3.0,14.0,11.0,69.0,108
315725,2015,7.0,1.0,2.0,3.0,0.0,9.0,5.0,3.0,18.0,6.0,63.0,94
315725,2016,5.0,2.0,0.0,3.0,1.0,18.0,8.0,4.0,22.0,4.0,69.0,113
315725,2017,4.0,0.0,0.0,2.0,2.0,18.0,6.0,0.0,9.0,5.0,51.0,77
315725,2018,6.0,1.0,1.0,3.0,1.0,28.0,11.0,6.0,21.0,7.0,87.0,127
315725,2019,3.0,0.0,1.0,1.0,0.0,30.0,9.0,4.0,21.0,9.0,78.0,121
315727,2012,1.0,0.0,2.0,1.0,2.0,3.0,2.0,0.0,2.0,1.0,14.0,30
315727,2013,0.0,0.0,0.0,0.0,0.0,0.0,0.0,0.0,0.0,0.0,11.0,33
315727,2014,1.0,0.0,0.0,0.0,1.0,3.0,1.0,0.0,3.0,1.0,11.0,34
315727,2015,1.0,0.0,1.0,0.0,0.0,5.0,1.0,0.0,3.0,0.0,13.0,20
315727,2016,1.0,0.0,2.0,1.0,0.0,3.0,4.0,1.0,3.0,2.0,17.0,31
315727,2017,1.0,0.0,2.0,1.0,0.0,2.0,2.0,1.0,1.0,0.0,10.0,25
315727,2018,0.0,0.0,0.0,1.0,0.0,3.0,1.0,0.0,7.0,2.0,14.0,25
315727,2019,1.0,1.0,2.0,0.0,0.0,8.0,0.0,0.0,3.0,3.0,18.0,33
315730,2012,3.0,4.0,2.0,2.0,5.0,3.0,2.0,0.0,1.0,3.0,26.0,40
315730,2013,0.0,0.0,0.0,0.0,0.0,0.0,0.0,0.0,0.0,0.0,22.0,40
315730,2014,3.0,0.0,0.0,3.0,3.0,3.0,0.0,0.0,3.0,1.0,16.0,34
315730,2015,1.0,0.0,2.0,8.0,3.0,8.0,4.0,0.0,2.0,7.0,35.0,42
315730,2016,0.0,0.0,0.0,4.0,1.0,7.0,1.0,3.0,3.0,4.0,30.0,40
315730,2017,5.0,0.0,0.0,2.0,1.0,6.0,1.0,2.0,4.0,3.0,24.0,32
315730,2018,2.0,0.0,3.0,2.0,0.0,8.0,2.0,1.0,6.0,3.0,27.0,40
315730,2019,5.0,0.0,0.0,2.0,2.0,5.0,2.0,0.0,8.0,2.0,26.0,39
315733,2012,17.0,0.0,1.0,0.0,1.0,7.0,2.0,2.0,3.0,3.0,43.0,74
315733,2013,0.0,0.0,0.0,0.0,0.0,0.0,0.0,0.0,0.0,0.0,58.0,86
315733,2014,6.0,0.0,0.0,0.0,2.0,17.0,7.0,1.0,19.0,10.0,67.0,102
315733,2015,5.0,0.0,0.0,0.0,2.0,14.0,10.0,3.0,16.0,7.0,62.0,81
315733,2016,5.0,0.0,0.0,0.0,2.0,17.0,5.0,4.0,14.0,9.0,65.0,92
315733,2017,6.0,0.0,4.0,0.0,3.0,17.0,6.0,2.0,22.0,9.0,72.0,101
315733,2018,4.0,1.0,1.0,1.0,0.0,17.0,11.0,3.0,12.0,9.0,59.0,76
315733,2019,7.0,0.0,2.0,2.0,3.0,20.0,7.0,3.0,11.0,14.0,69.0,95
315737,2012,2.0,0.0,0.0,0.0,0.0,6.0,0.0,1.0,4.0,4.0,18.0,56
315737,2013,0.0,0.0,0.0,0.0,0.0,0.0,0.0,0.0,0.0,0.0,13.0,40
315737,2014,2.0,0.0,0.0,0.0,2.0,6.0,1.0,2.0,5.0,11.0,30.0,53
315737,2015,0.0,0.0,0.0,0.0,0.0,6.0,0.0,1.0,3.0,6.0,19.0,45
315737,2016,0.0,0.0,0.0,0.0,0.0,8.0,1.0,3.0,7.0,3.0,22.0,45
315737,2017,0.0,1.0,0.0,0.0,0.0,5.0,2.0,1.0,3.0,4.0,17.0,28
315737,2018,0.0,0.0,0.0,0.0,0.0,7.0,0.0,1.0,2.0,2.0,16.0,34
315737,2019,2.0,0.0,0.0,0.0,0.0,3.0,5.0,3.0,6.0,6.0,26.0,45
315740,2012,3.0,0.0,0.0,0.0,1.0,4.0,2.0,0.0,9.0,2.0,21.0,39
315740,2013,0.0,0.0,0.0,0.0,0.0,0.0,0.0,0.0,0.0,0.0,37.0,47
315740,2014,3.0,0.0,2.0,0.0,0.0,8.0,4.0,2.0,9.0,1.0,30.0,42
315740,2015,0.0,0.0,0.0,0.0,2.0,7.0,3.0,0.0,12.0,0.0,25.0,39
315740,2016,1.0,0.0,0.0,1.0,1.0,3.0,7.0,0.0,6.0,1.0,21.0,44
315740,2017,1.0,0.0,0.0,2.0,1.0,6.0,3.0,0.0,8.0,0.0,21.0,40
315740,2018,1.0,0.0,0.0,1.0,1.0,9.0,5.0,1.0,8.0,0.0,27.0,42
315740,2019,4.0,0.0,0.0,1.0,0.0,7.0,5.0,0.0,12.0,1.0,31.0,46
315750,2012,1.0,1.0,0.0,0.0,2.0,11.0,6.0,5.0,4.0,6.0,37.0,64
315750,2013,0.0,0.0,0.0,0.0,0.0,0.0,0.0,0.0,0.0,0.0,30.0,61
315750,2014,1.0,0.0,3.0,1.0,2.0,10.0,2.0,4.0,2.0,4.0,30.0,71
315750,2015,0.0,0.0,0.0,0.0,0.0,9.0,4.0,3.0,6.0,3.0,25.0,60
315750,2016,1.0,0.0,2.0,0.0,0.0,10.0,3.0,0.0,4.0,1.0,24.0,55
315750,2017,3.0,0.0,2.0,4.0,0.0,10.0,3.0,1.0,4.0,3.0,31.0,63
315750,2018,1.0,1.0,0.0,0.0,1.0,9.0,2.0,1.0,8.0,1.0,24.0,53
315750,2019,2.0,0.0,0.0,0.0,0.0,13.0,1.0,1.0,2.0,2.0,21.0,51
315760,2012,2.0,3.0,0.0,0.0,1.0,5.0,1.0,1.0,4.0,1.0,23.0,53
315760,2013,0.0,0.0,0.0,0.0,0.0,0.0,0.0,0.0,0.0,0.0,27.0,54
315760,2014,3.0,0.0,0.0,0.0,1.0,8.0,3.0,1.0,1.0,5.0,22.0,46
315760,2015,0.0,0.0,0.0,0.0,0.0,6.0,3.0,1.0,7.0,2.0,19.0,36
315760,2016,0.0,0.0,0.0,1.0,1.0,13.0,1.0,2.0,5.0,2.0,25.0,43
315760,2017,3.0,0.0,0.0,0.0,0.0,11.0,3.0,0.0,5.0,1.0,23.0,51
315760,2018,2.0,0.0,2.0,1.0,0.0,11.0,4.0,0.0,5.0,3.0,28.0,42
315760,2019,0.0,0.0,2.0,0.0,0.0,11.0,2.0,2.0,2.0,1.0,20.0,46
315765,2012,4.0,0.0,0.0,0.0,0.0,2.0,2.0,4.0,9.0,3.0,25.0,100
315765,2013,0.0,0.0,0.0,0.0,0.0,0.0,0.0,0.0,0.0,0.0,30.0,113
315765,2014,2.0,1.0,2.0,0.0,1.0,8.0,1.0,3.0,2.0,4.0,26.0,119
315765,2015,1.0,0.0,0.0,1.0,0.0,10.0,0.0,1.0,7.0,4.0,25.0,94
315765,2016,0.0,0.0,1.0,0.0,2.0,5.0,2.0,0.0,1.0,4.0,18.0,95
315765,2017,2.0,0.0,0.0,0.0,0.0,5.0,1.0,2.0,3.0,5.0,20.0,94
315765,2018,4.0,0.0,1.0,0.0,0.0,9.0,0.0,2.0,3.0,2.0,23.0,93
315765,2019,1.0,0.0,0.0,0.0,0.0,5.0,3.0,0.0,2.0,0.0,12.0,94
315770,2012,8.0,0.0,7.0,2.0,1.0,28.0,6.0,5.0,21.0,11.0,92.0,152
315770,2013,0.0,0.0,0.0,0.0,0.0,0.0,0.0,0.0,0.0,0.0,84.0,113
315770,2014,8.0,0.0,2.0,8.0,10.0,45.0,6.0,2.0,32.0,16.0,134.0,188
315770,2015,16.0,3.0,2.0,12.0,5.0,41.0,4.0,2.0,25.0,10.0,124.0,192
315770,2016,3.0,0.0,2.0,6.0,6.0,33.0,7.0,5.0,18.0,26.0,110.0,187
315770,2017,9.0,0.0,4.0,3.0,4.0,38.0,9.0,5.0,26.0,15.0,114.0,198
315770,2018,4.0,0.0,5.0,1.0,3.0,51.0,18.0,2.0,34.0,13.0,131.0,192
315770,2019,11.0,0.0,2.0,3.0,1.0,52.0,15.0,4.0,26.0,11.0,125.0,206
315780,2012,180.0,5.0,74.0,70.0,67.0,485.0,171.0,79.0,517.0,221.0,1980.0,3202
315780,2013,0.0,0.0,0.0,0.0,0.0,0.0,0.0,0.0,0.0,0.0,1672.0,3237
315780,2014,101.0,0.0,54.0,47.0,39.0,525.0,131.0,59.0,340.0,118.0,1425.0,3232
315780,2015,110.0,1.0,49.0,37.0,29.0,509.0,98.0,59.0,332.0,75.0,1312.0,3161
315780,2016,89.0,0.0,54.0,27.0,32.0,464.0,108.0,37.0,308.0,69.0,1195.0,3009
315780,2017,124.0,2.0,45.0,29.0,38.0,525.0,101.0,26.0,327.0,57.0,1278.0,3131
315780,2018,138.0,1.0,54.0,43.0,29.0,496.0,94.0,33.0,310.0,81.0,1282.0,3127
315780,2019,105.0,3.0,37.0,42.0,41.0,508.0,103.0,32.0,269.0,68.0,1208.0,2992
315790,2012,13.0,0.0,6.0,4.0,5.0,47.0,22.0,6.0,46.0,12.0,173.0,240
315790,2013,0.0,0.0,0.0,0.0,0.0,0.0,0.0,0.0,0.0,0.0,172.0,227
315790,2014,12.0,6.0,5.0,4.0,7.0,56.0,8.0,22.0,21.0,28.0,176.0,250
315790,2015,12.0,2.0,4.0,8.0,6.0,52.0,10.0,8.0,27.0,7.0,139.0,239
315790,2016,12.0,9.0,4.0,8.0,6.0,61.0,12.0,0.0,23.0,9.0,156.0,251
315790,2017,8.0,1.0,1.0,3.0,1.0,71.0,5.0,5.0,6.0,21.0,145.0,224
315790,2018,5.0,3.0,4.0,3.0,3.0,74.0,14.0,11.0,37.0,13.0,174.0,254
315790,2019,13.0,1.0,4.0,6.0,2.0,68.0,10.0,3.0,42.0,12.0,163.0,250
315800,2012,4.0,0.0,0.0,0.0,3.0,11.0,1.0,0.0,8.0,3.0,46.0,125
315800,2013,0.0,0.0,0.0,0.0,0.0,0.0,0.0,0.0,0.0,0.0,68.0,150
315800,2014,5.0,0.0,4.0,2.0,1.0,15.0,7.0,5.0,18.0,14.0,74.0,151
315800,2015,12.0,0.0,6.0,0.0,1.0,24.0,6.0,6.0,13.0,10.0,80.0,152
315800,2016,9.0,0.0,0.0,1.0,1.0,24.0,9.0,6.0,19.0,11.0,80.0,143
315800,2017,3.0,1.0,8.0,3.0,3.0,20.0,4.0,3.0,14.0,4.0,63.0,136
315800,2018,4.0,0.0,0.0,1.0,2.0,27.0,5.0,1.0,16.0,4.0,60.0,133
315800,2019,3.0,0.0,1.0,1.0,3.0,25.0,6.0,1.0,10.0,5.0,56.0,123
315810,2012,4.0,0.0,1.0,1.0,2.0,5.0,1.0,0.0,1.0,7.0,23.0,44
315810,2013,0.0,0.0,0.0,0.0,0.0,0.0,0.0,0.0,0.0,0.0,22.0,39
315810,2014,1.0,0.0,2.0,0.0,0.0,3.0,1.0,3.0,3.0,5.0,19.0,47
315810,2015,1.0,0.0,0.0,0.0,0.0,2.0,0.0,0.0,0.0,5.0,9.0,37
315810,2016,1.0,0.0,0.0,0.0,0.0,6.0,0.0,2.0,1.0,5.0,19.0,47
315810,2017,1.0,0.0,3.0,0.0,1.0,7.0,0.0,5.0,1.0,7.0,25.0,47
315810,2018,2.0,0.0,2.0,1.0,0.0,10.0,0.0,3.0,1.0,8.0,27.0,54
315810,2019,2.0,0.0,4.0,0.0,0.0,10.0,5.0,12.0,0.0,8.0,41.0,66
315820,2012,15.0,0.0,3.0,1.0,1.0,18.0,5.0,5.0,15.0,19.0,93.0,218
315820,2013,0.0,0.0,0.0,0.0,0.0,0.0,0.0,0.0,0.0,0.0,73.0,180
315820,2014,2.0,0.0,2.0,1.0,2.0,30.0,7.0,6.0,21.0,9.0,83.0,182
315820,2015,8.0,0.0,2.0,3.0,5.0,19.0,8.0,6.0,13.0,10.0,83.0,150
315820,2016,8.0,1.0,4.0,3.0,1.0,10.0,7.0,5.0,12.0,13.0,73.0,171
315820,2017,3.0,0.0,2.0,5.0,2.0,32.0,4.0,7.0,14.0,20.0,96.0,194
315820,2018,10.0,0.0,4.0,2.0,0.0,32.0,17.0,3.0,16.0,13.0,97.0,181
315820,2019,13.0,0.0,2.0,0.0,0.0,28.0,10.0,10.0,26.0,18.0,107.0,173
315830,2012,9.0,1.0,0.0,0.0,0.0,8.0,5.0,2.0,9.0,7.0,43.0,74
315830,2013,0.0,0.0,0.0,0.0,0.0,0.0,0.0,0.0,0.0,0.0,67.0,79
315830,2014,4.0,0.0,4.0,2.0,0.0,15.0,5.0,2.0,15.0,11.0,58.0,84
315830,2015,5.0,0.0,6.0,0.0,0.0,18.0,6.0,6.0,11.0,11.0,63.0,84
315830,2016,5.0,1.0,0.0,1.0,0.0,14.0,5.0,5.0,18.0,4.0,53.0,70
315830,2017,5.0,1.0,2.0,3.0,2.0,18.0,6.0,1.0,11.0,3.0,52.0,76
315830,2018,8.0,0.0,4.0,1.0,1.0,23.0,2.0,1.0,5.0,10.0,55.0,80
315830,2019,11.0,0.0,2.0,0.0,0.0,20.0,3.0,1.0,5.0,7.0,49.0,78
315840,2012,2.0,0.0,0.0,3.0,1.0,11.0,0.0,1.0,7.0,5.0,32.0,38
315840,2013,0.0,0.0,0.0,0.0,0.0,0.0,0.0,0.0,0.0,0.0,33.0,41
315840,2014,2.0,0.0,0.0,0.0,0.0,7.0,1.0,0.0,3.0,1.0,14.0,18
315840,2015,1.0,0.0,0.0,0.0,0.0,5.0,2.0,2.0,1.0,1.0,21.0,23
315840,2016,1.0,0.0,0.0,0.0,1.0,3.0,0.0,0.0,5.0,0.0,10.0,12
315840,2017,1.0,0.0,0.0,0.0,0.0,9.0,1.0,2.0,7.0,6.0,26.0,29
315840,2018,0.0,0.0,0.0,0.0,0.0,13.0,0.0,0.0,5.0,3.0,21.0,26
315840,2019,1.0,1.0,0.0,0.0,1.0,10.0,1.0,0.0,3.0,1.0,22.0,26
315850,2012,7.0,0.0,0.0,0.0,0.0,5.0,1.0,0.0,3.0,3.0,19.0,62
315850,2013,0.0,0.0,0.0,0.0,0.0,0.0,0.0,0.0,0.0,0.0,22.0,55
315850,2014,1.0,0.0,0.0,0.0,0.0,9.0,0.0,2.0,8.0,5.0,26.0,54
315850,2015,1.0,0.0,6.0,0.0,0.0,4.0,2.0,3.0,9.0,3.0,30.0,62
315850,2016,1.0,0.0,0.0,2.0,0.0,11.0,2.0,3.0,3.0,1.0,23.0,60
315850,2017,0.0,0.0,0.0,1.0,0.0,15.0,5.0,0.0,2.0,4.0,28.0,55
315850,2018,2.0,0.0,0.0,2.0,0.0,7.0,3.0,0.0,2.0,4.0,20.0,53
315850,2019,1.0,0.0,0.0,0.0,0.0,11.0,4.0,1.0,4.0,4.0,25.0,61
315860,2012,4.0,0.0,4.0,0.0,0.0,8.0,4.0,1.0,2.0,1.0,24.0,44
315860,2013,0.0,0.0,0.0,0.0,0.0,0.0,0.0,0.0,0.0,0.0,21.0,46
315860,2014,2.0,0.0,0.0,0.0,1.0,4.0,5.0,2.0,4.0,1.0,19.0,43
315860,2015,3.0,0.0,2.0,0.0,2.0,7.0,1.0,2.0,3.0,1.0,22.0,45
315860,2016,4.0,0.0,0.0,1.0,1.0,7.0,1.0,1.0,5.0,2.0,22.0,43
315860,2017,0.0,0.0,2.0,0.0,1.0,5.0,1.0,2.0,2.0,2.0,15.0,36
315860,2018,2.0,0.0,0.0,1.0,0.0,6.0,0.0,0.0,3.0,0.0,13.0,31
315860,2019,1.0,0.0,0.0,0.0,1.0,7.0,2.0,0.0,2.0,1.0,14.0,30
315870,2012,2.0,1.0,0.0,3.0,2.0,1.0,1.0,1.0,5.0,1.0,20.0,30
315870,2013,0.0,0.0,0.0,0.0,0.0,0.0,0.0,0.0,0.0,0.0,21.0,30
315870,2014,1.0,1.0,2.0,0.0,2.0,4.0,0.0,0.0,2.0,0.0,13.0,20
315870,2015,2.0,0.0,0.0,2.0,6.0,0.0,0.0,0.0,3.0,1.0,15.0,24
315870,2016,2.0,0.0,0.0,5.0,0.0,2.0,0.0,1.0,1.0,0.0,14.0,18
315870,2017,2.0,0.0,3.0,1.0,2.0,2.0,0.0,1.0,4.0,1.0,16.0,23
315870,2018,0.0,0.0,0.0,0.0,0.0,5.0,5.0,1.0,2.0,2.0,15.0,24
315870,2019,1.0,0.0,0.0,1.0,0.0,3.0,1.0,0.0,1.0,2.0,9.0,18
315880,2012,3.0,0.0,0.0,0.0,0.0,14.0,2.0,0.0,6.0,7.0,32.0,40
315880,2013,0.0,0.0,0.0,0.0,0.0,0.0,0.0,0.0,0.0,0.0,45.0,52
315880,2014,1.0,0.0,2.0,2.0,2.0,4.0,8.0,5.0,1.0,11.0,36.0,42
315880,2015,5.0,0.0,0.0,0.0,1.0,14.0,2.0,2.0,10.0,13.0,47.0,56
315880,2016,3.0,0.0,0.0,0.0,1.0,11.0,6.0,2.0,18.0,5.0,46.0,54
315880,2017,4.0,0.0,0.0,0.0,0.0,27.0,3.0,1.0,11.0,4.0,50.0,64
315880,2018,2.0,0.0,0.0,0.0,0.0,17.0,4.0,3.0,6.0,10.0,42.0,51
315880,2019,0.0,0.0,0.0,0.0,2.0,18.0,1.0,3.0,6.0,14.0,44.0,53
315890,2012,8.0,0.0,0.0,0.0,1.0,14.0,7.0,1.0,20.0,3.0,59.0,99
315890,2013,0.0,0.0,0.0,0.0,0.0,0.0,0.0,0.0,0.0,0.0,70.0,105
315890,2014,9.0,1.0,1.0,5.0,0.0,15.0,11.0,3.0,21.0,1.0,72.0,108
315890,2015,2.0,1.0,2.0,1.0,1.0,22.0,12.0,3.0,17.0,2.0,65.0,110
315890,2016,6.0,5.0,4.0,4.0,2.0,13.0,5.0,1.0,34.0,3.0,80.0,120
315890,2017,5.0,0.0,0.0,0.0,4.0,23.0,4.0,3.0,6.0,16.0,66.0,110
315890,2018,2.0,0.0,2.0,2.0,3.0,49.0,9.0,4.0,15.0,10.0,96.0,154
315890,2019,11.0,2.0,5.0,1.0,1.0,25.0,8.0,1.0,23.0,1.0,78.0,136
315895,2012,24.0,1.0,4.0,12.0,7.0,65.0,6.0,10.0,65.0,33.0,242.0,463
315895,2013,0.0,0.0,0.0,0.0,0.0,0.0,0.0,0.0,0.0,0.0,280.0,501
315895,2014,24.0,0.0,21.0,12.0,11.0,103.0,19.0,19.0,57.0,50.0,324.0,595
315895,2015,19.0,0.0,6.0,10.0,13.0,112.0,33.0,16.0,77.0,56.0,345.0,595
315895,2016,24.0,2.0,15.0,11.0,6.0,122.0,19.0,17.0,94.0,50.0,362.0,630
315895,2017,32.0,1.0,22.0,5.0,6.0,128.0,27.0,12.0,115.0,44.0,393.0,673
315895,2018,29.0,2.0,24.0,17.0,18.0,124.0,34.0,12.0,100.0,30.0,392.0,718
315895,2019,37.0,1.0,24.0,13.0,11.0,143.0,36.0,14.0,111.0,34.0,426.0,738
315900,2012,7.0,0.0,0.0,1.0,3.0,5.0,1.0,1.0,3.0,2.0,23.0,43
315900,2013,0.0,0.0,0.0,0.0,0.0,0.0,0.0,0.0,0.0,0.0,23.0,41
315900,2014,3.0,0.0,2.0,1.0,1.0,7.0,4.0,2.0,3.0,5.0,29.0,51
315900,2015,2.0,0.0,0.0,0.0,0.0,12.0,3.0,2.0,3.0,4.0,26.0,59
315900,2016,1.0,0.0,0.0,1.0,0.0,9.0,3.0,1.0,5.0,1.0,22.0,51
315900,2017,2.0,0.0,0.0,1.0,0.0,7.0,6.0,1.0,5.0,2.0,24.0,52
315900,2018,2.0,0.0,4.0,1.0,0.0,15.0,2.0,0.0,6.0,0.0,30.0,62
315900,2019,2.0,0.0,0.0,1.0,0.0,10.0,5.0,1.0,4.0,1.0,24.0,50
315910,2012,2.0,0.0,0.0,0.0,1.0,8.0,1.0,2.0,6.0,5.0,25.0,40
315910,2013,0.0,0.0,0.0,0.0,0.0,0.0,0.0,0.0,0.0,0.0,23.0,31
315910,2014,0.0,0.0,0.0,0.0,2.0,6.0,3.0,0.0,3.0,4.0,18.0,27
315910,2015,1.0,0.0,2.0,2.0,3.0,9.0,2.0,0.0,9.0,2.0,30.0,36
315910,2016,2.0,0.0,0.0,0.0,1.0,5.0,1.0,1.0,7.0,4.0,21.0,35
315910,2017,0.0,0.0,0.0,0.0,0.0,8.0,0.0,1.0,6.0,2.0,17.0,32
315910,2018,1.0,0.0,0.0,0.0,0.0,12.0,5.0,1.0,3.0,2.0,24.0,32
315910,2019,2.0,0.0,0.0,0.0,0.0,10.0,2.0,0.0,5.0,3.0,22.0,28
315920,2012,6.0,0.0,3.0,0.0,0.0,25.0,7.0,3.0,16.0,10.0,72.0,93
315920,2013,0.0,0.0,0.0,0.0,0.0,0.0,0.0,0.0,0.0,0.0,70.0,79
315920,2014,4.0,0.0,2.0,1.0,0.0,22.0,5.0,1.0,17.0,5.0,58.0,73
315920,2015,2.0,0.0,0.0,4.0,3.0,18.0,0.0,0.0,23.0,9.0,60.0,68
315920,2016,2.0,0.0,0.0,1.0,0.0,35.0,1.0,1.0,14.0,4.0,58.0,66
315920,2017,4.0,0.0,0.0,1.0,0.0,34.0,5.0,2.0,18.0,9.0,74.0,89
315920,2018,6.0,0.0,0.0,1.0,2.0,25.0,5.0,2.0,16.0,6.0,63.0,78
315920,2019,6.0,0.0,0.0,3.0,3.0,31.0,4.0,1.0,16.0,9.0,73.0,86
315930,2012,9.0,0.0,0.0,1.0,1.0,8.0,5.0,3.0,4.0,4.0,38.0,51
315930,2013,0.0,0.0,0.0,0.0,0.0,0.0,0.0,0.0,0.0,0.0,32.0,41
315930,2014,0.0,0.0,0.0,0.0,0.0,9.0,3.0,1.0,8.0,4.0,25.0,30
315930,2015,3.0,0.0,0.0,1.0,0.0,13.0,3.0,1.0,5.0,2.0,29.0,49
315930,2016,1.0,1.0,0.0,0.0,0.0,18.0,4.0,3.0,3.0,2.0,32.0,41
315930,2017,4.0,0.0,0.0,0.0,2.0,13.0,2.0,0.0,7.0,3.0,31.0,44
315930,2018,2.0,0.0,0.0,1.0,1.0,13.0,1.0,1.0,6.0,0.0,25.0,33
315930,2019,3.0,0.0,0.0,1.0,0.0,8.0,4.0,1.0,5.0,3.0,26.0,36
315935,2012,8.0,1.0,0.0,2.0,1.0,9.0,11.0,3.0,14.0,0.0,58.0,105
315935,2013,0.0,0.0,0.0,0.0,0.0,0.0,0.0,0.0,0.0,0.0,57.0,106
315935,2014,5.0,0.0,0.0,0.0,1.0,24.0,7.0,2.0,16.0,5.0,64.0,92
315935,2015,5.0,1.0,0.0,1.0,1.0,13.0,3.0,1.0,17.0,5.0,56.0,102
315935,2016,1.0,2.0,0.0,0.0,3.0,23.0,7.0,1.0,19.0,1.0,58.0,103
315935,2017,6.0,0.0,3.0,1.0,1.0,18.0,5.0,1.0,14.0,1.0,53.0,90
315935,2018,3.0,1.0,2.0,3.0,2.0,19.0,3.0,4.0,16.0,4.0,57.0,91
315935,2019,6.0,0.0,3.0,1.0,0.0,25.0,10.0,6.0,14.0,8.0,74.0,110
315940,2012,3.0,0.0,0.0,5.0,3.0,2.0,0.0,1.0,0.0,1.0,20.0,32
315940,2013,0.0,0.0,0.0,0.0,0.0,0.0,0.0,0.0,0.0,0.0,30.0,40
315940,2014,1.0,0.0,2.0,3.0,6.0,4.0,2.0,1.0,3.0,1.0,25.0,40
315940,2015,1.0,0.0,0.0,2.0,6.0,5.0,2.0,1.0,1.0,0.0,19.0,35
315940,2016,0.0,0.0,0.0,4.0,1.0,3.0,0.0,0.0,3.0,1.0,12.0,23
315940,2017,3.0,0.0,0.0,2.0,3.0,5.0,0.0,0.0,6.0,2.0,21.0,30
315940,2018,0.0,0.0,0.0,2.0,3.0,6.0,1.0,0.0,1.0,2.0,15.0,27
315940,2019,3.0,0.0,0.0,2.0,1.0,6.0,1.0,1.0,1.0,0.0,15.0,25
315950,2012,2.0,0.0,0.0,0.0,3.0,16.0,3.0,2.0,12.0,8.0,47.0,79
315950,2013,0.0,0.0,0.0,0.0,0.0,0.0,0.0,0.0,0.0,0.0,30.0,46
315950,2014,4.0,0.0,2.0,0.0,1.0,22.0,6.0,3.0,8.0,12.0,58.0,81
315950,2015,4.0,1.0,4.0,2.0,2.0,23.0,2.0,1.0,8.0,7.0,56.0,87
315950,2016,4.0,0.0,0.0,0.0,0.0,23.0,5.0,1.0,10.0,7.0,50.0,72
315950,2017,7.0,0.0,0.0,0.0,2.0,22.0,2.0,5.0,13.0,8.0,59.0,77
315950,2018,6.0,0.0,0.0,0.0,1.0,19.0,8.0,4.0,21.0,8.0,67.0,92
315950,2019,1.0,0.0,2.0,0.0,2.0,29.0,5.0,2.0,24.0,6.0,71.0,85
315960,2012,29.0,3.0,15.0,17.0,10.0,71.0,19.0,4.0,66.0,28.0,318.0,503
315960,2013,0.0,0.0,0.0,0.0,0.0,0.0,0.0,0.0,0.0,0.0,408.0,552
315960,2014,30.0,5.0,6.0,10.0,6.0,122.0,30.0,10.0,74.0,36.0,349.0,525
315960,2015,39.0,1.0,12.0,8.0,3.0,132.0,23.0,6.0,78.0,25.0,338.0,498
315960,2016,30.0,1.0,4.0,6.0,6.0,94.0,19.0,9.0,56.0,31.0,292.0,471
315960,2017,25.0,1.0,7.0,7.0,7.0,132.0,22.0,9.0,86.0,36.0,373.0,529
315960,2018,23.0,2.0,16.0,7.0,5.0,86.0,14.0,8.0,65.0,39.0,373.0,533
315960,2019,26.0,1.0,12.0,2.0,4.0,115.0,23.0,7.0,66.0,25.0,330.0,472
315970,2012,1.0,0.0,0.0,0.0,1.0,6.0,1.0,0.0,1.0,7.0,21.0,30
315970,2013,0.0,0.0,0.0,0.0,0.0,0.0,0.0,0.0,0.0,0.0,17.0,28
315970,2014,3.0,0.0,2.0,0.0,0.0,10.0,2.0,2.0,2.0,5.0,26.0,37
315970,2015,0.0,0.0,1.0,1.0,0.0,4.0,1.0,5.0,0.0,7.0,20.0,32
315970,2016,1.0,0.0,0.0,2.0,0.0,8.0,2.0,0.0,2.0,9.0,24.0,32
315970,2017,0.0,0.0,2.0,1.0,1.0,10.0,0.0,3.0,2.0,7.0,26.0,39
315970,2018,0.0,0.0,2.0,0.0,1.0,8.0,3.0,0.0,2.0,4.0,20.0,38
315970,2019,1.0,0.0,2.0,0.0,0.0,8.0,1.0,1.0,5.0,2.0,20.0,31
315980,2012,50.0,0.0,2.0,16.0,12.0,73.0,0.0,16.0,11.0,54.0,237.0,255
315980,2013,0.0,0.0,0.0,0.0,0.0,0.0,0.0,0.0,0.0,0.0,231.0,252
315980,2014,18.0,0.0,0.0,41.0,28.0,56.0,1.0,20.0,9.0,49.0,236.0,260
315980,2015,16.0,0.0,4.0,52.0,49.0,53.0,4.0,12.0,7.0,51.0,257.0,280
315980,2016,43.0,0.0,1.0,14.0,16.0,92.0,2.0,25.0,11.0,78.0,293.0,312
315980,2017,51.0,0.0,2.0,47.0,18.0,62.0,3.0,11.0,11.0,44.0,249.0,274
315980,2018,25.0,0.0,2.0,47.0,22.0,79.0,1.0,18.0,13.0,52.0,260.0,287
315980,2019,25.0,0.0,5.0,15.0,7.0,102.0,5.0,11.0,21.0,48.0,239.0,257
315990,2012,22.0,0.0,6.0,3.0,5.0,45.0,11.0,0.0,40.0,20.0,166.0,229
315990,2013,0.0,0.0,0.0,0.0,0.0,0.0,0.0,0.0,0.0,0.0,149.0,195
315990,2014,20.0,0.0,2.0,6.0,4.0,42.0,16.0,9.0,35.0,21.0,167.0,217
315990,2015,12.0,0.0,5.0,1.0,1.0,45.0,5.0,6.0,29.0,27.0,146.0,199
315990,2016,16.0,0.0,5.0,1.0,6.0,44.0,16.0,7.0,31.0,17.0,144.0,191
315990,2017,12.0,0.0,4.0,5.0,1.0,48.0,13.0,6.0,41.0,5.0,136.0,197
315990,2018,12.0,0.0,1.0,4.0,3.0,52.0,8.0,7.0,44.0,9.0,140.0,187
315990,2019,9.0,0.0,3.0,5.0,3.0,58.0,13.0,0.0,55.0,7.0,153.0,212
316000,2012,5.0,0.0,0.0,0.0,0.0,1.0,1.0,1.0,5.0,6.0,19.0,32
316000,2013,0.0,0.0,0.0,0.0,0.0,0.0,0.0,0.0,0.0,0.0,17.0,25
316000,2014,1.0,0.0,1.0,0.0,1.0,6.0,2.0,1.0,7.0,4.0,23.0,30
316000,2015,2.0,0.0,0.0,0.0,0.0,3.0,2.0,1.0,2.0,1.0,11.0,17
316000,2016,3.0,0.0,1.0,3.0,0.0,4.0,1.0,0.0,6.0,1.0,19.0,25
316000,2017,2.0,0.0,0.0,0.0,0.0,6.0,1.0,2.0,6.0,3.0,20.0,32
316000,2018,2.0,0.0,0.0,0.0,1.0,7.0,3.0,0.0,6.0,9.0,28.0,36
316000,2019,3.0,0.0,0.0,0.0,2.0,4.0,1.0,1.0,4.0,3.0,18.0,24
316010,2012,5.0,0.0,0.0,1.0,0.0,14.0,2.0,1.0,13.0,3.0,42.0,72
316010,2013,0.0,0.0,0.0,0.0,0.0,0.0,0.0,0.0,0.0,0.0,28.0,60
316010,2014,1.0,0.0,0.0,0.0,0.0,8.0,5.0,1.0,9.0,0.0,27.0,57
316010,2015,1.0,0.0,0.0,0.0,1.0,12.0,5.0,1.0,10.0,3.0,36.0,60
316010,2016,5.0,0.0,2.0,1.0,0.0,9.0,2.0,1.0,4.0,0.0,26.0,47
316010,2017,4.0,0.0,0.0,1.0,1.0,15.0,8.0,0.0,11.0,1.0,42.0,65
316010,2018,1.0,0.0,0.0,0.0,0.0,12.0,5.0,0.0,14.0,0.0,33.0,52
316010,2019,2.0,1.0,2.0,1.0,0.0,7.0,5.0,0.0,11.0,0.0,29.0,53
316020,2012,1.0,0.0,0.0,0.0,1.0,3.0,0.0,0.0,4.0,2.0,12.0,49
316020,2013,0.0,0.0,0.0,0.0,0.0,0.0,0.0,0.0,0.0,0.0,12.0,40
316020,2014,1.0,0.0,0.0,1.0,0.0,4.0,0.0,0.0,0.0,5.0,11.0,37
316020,2015,3.0,0.0,0.0,0.0,0.0,2.0,1.0,1.0,1.0,6.0,14.0,41
316020,2016,0.0,0.0,0.0,1.0,0.0,0.0,0.0,0.0,0.0,10.0,12.0,34
316020,2017,2.0,0.0,0.0,2.0,1.0,6.0,1.0,2.0,1.0,3.0,20.0,53
316020,2018,1.0,0.0,0.0,0.0,0.0,4.0,0.0,3.0,0.0,4.0,12.0,32
316020,2019,1.0,0.0,2.0,0.0,0.0,3.0,2.0,1.0,1.0,8.0,18.0,47
316030,2012,8.0,0.0,2.0,0.0,3.0,16.0,1.0,8.0,5.0,14.0,68.0,150
316030,2013,0.0,0.0,0.0,0.0,0.0,0.0,0.0,0.0,0.0,0.0,60.0,127
316030,2014,0.0,0.0,0.0,1.0,1.0,13.0,1.0,11.0,3.0,19.0,53.0,122
316030,2015,2.0,1.0,0.0,1.0,0.0,11.0,2.0,4.0,0.0,6.0,34.0,113
316030,2016,7.0,0.0,4.0,1.0,0.0,5.0,1.0,9.0,0.0,19.0,50.0,141
316030,2017,3.0,0.0,0.0,0.0,1.0,17.0,0.0,5.0,2.0,23.0,52.0,123
316030,2018,5.0,0.0,2.0,1.0,0.0,18.0,4.0,8.0,4.0,17.0,60.0,137
316030,2019,7.0,1.0,0.0,1.0,0.0,19.0,3.0,10.0,3.0,21.0,67.0,127
316040,2012,31.0,0.0,7.0,3.0,3.0,95.0,5.0,23.0,23.0,57.0,250.0,312
316040,2013,0.0,0.0,0.0,0.0,0.0,0.0,0.0,0.0,0.0,0.0,290.0,344
316040,2014,31.0,1.0,2.0,2.0,2.0,104.0,11.0,39.0,19.0,81.0,301.0,380
316040,2015,32.0,0.0,9.0,3.0,1.0,110.0,2.0,31.0,27.0,61.0,286.0,355
316040,2016,45.0,0.0,5.0,2.0,1.0,99.0,32.0,10.0,74.0,24.0,295.0,335
316040,2017,32.0,0.0,8.0,4.0,2.0,100.0,28.0,14.0,95.0,26.0,313.0,357
316040,2018,31.0,1.0,10.0,1.0,3.0,125.0,24.0,7.0,87.0,15.0,307.0,358
316040,2019,31.0,0.0,2.0,4.0,0.0,112.0,34.0,2.0,88.0,6.0,279.0,312
316045,2012,4.0,0.0,0.0,1.0,4.0,11.0,6.0,0.0,3.0,5.0,47.0,101
316045,2013,0.0,0.0,0.0,0.0,0.0,0.0,0.0,0.0,0.0,0.0,23.0,67
316045,2014,2.0,0.0,2.0,2.0,2.0,16.0,4.0,1.0,6.0,5.0,41.0,82
316045,2015,2.0,1.0,0.0,0.0,2.0,16.0,4.0,2.0,12.0,6.0,46.0,79
316045,2016,4.0,0.0,0.0,2.0,0.0,13.0,4.0,4.0,7.0,2.0,39.0,80
316045,2017,1.0,0.0,0.0,1.0,0.0,12.0,3.0,0.0,4.0,8.0,34.0,67
316045,2018,1.0,0.0,2.0,0.0,1.0,15.0,5.0,1.0,7.0,3.0,37.0,93
316045,2019,3.0,0.0,2.0,1.0,0.0,13.0,3.0,4.0,11.0,4.0,42.0,86
316050,2012,0.0,0.0,0.0,0.0,0.0,0.0,1.0,0.0,2.0,1.0,6.0,17
316050,2013,0.0,0.0,0.0,0.0,0.0,0.0,0.0,0.0,0.0,0.0,9.0,23
316050,2014,1.0,0.0,0.0,1.0,0.0,4.0,2.0,0.0,2.0,0.0,10.0,14
316050,2015,0.0,0.0,0.0,0.0,0.0,1.0,1.0,0.0,4.0,1.0,8.0,22
316050,2016,0.0,0.0,0.0,1.0,0.0,1.0,2.0,0.0,3.0,0.0,7.0,11
316050,2017,0.0,0.0,0.0,0.0,0.0,3.0,0.0,1.0,0.0,1.0,5.0,16
316050,2018,0.0,0.0,0.0,0.0,0.0,7.0,0.0,1.0,0.0,1.0,9.0,20
316050,2019,1.0,0.0,0.0,0.0,0.0,2.0,1.0,0.0,1.0,1.0,6.0,13
316060,2012,4.0,0.0,2.0,0.0,0.0,8.0,0.0,0.0,1.0,0.0,15.0,29
316060,2013,0.0,0.0,0.0,0.0,0.0,0.0,0.0,0.0,0.0,0.0,10.0,23
316060,2014,2.0,0.0,0.0,1.0,2.0,5.0,0.0,0.0,10.0,0.0,20.0,36
316060,2015,0.0,0.0,0.0,0.0,1.0,5.0,2.0,0.0,2.0,4.0,14.0,23
316060,2016,0.0,0.0,0.0,0.0,0.0,5.0,2.0,0.0,4.0,1.0,12.0,26
316060,2017,3.0,0.0,0.0,1.0,0.0,3.0,0.0,0.0,7.0,3.0,17.0,30
316060,2018,0.0,0.0,0.0,1.0,0.0,6.0,3.0,0.0,7.0,0.0,17.0,29
316060,2019,0.0,0.0,0.0,0.0,0.0,4.0,1.0,0.0,5.0,0.0,10.0,23
316070,2012,59.0,2.0,15.0,11.0,16.0,58.0,12.0,16.0,55.0,59.0,329.0,521
316070,2013,0.0,0.0,0.0,0.0,0.0,0.0,0.0,0.0,0.0,0.0,336.0,510
316070,2014,34.0,0.0,4.0,2.0,10.0,84.0,23.0,22.0,67.0,56.0,395.0,583
316070,2015,24.0,3.0,2.0,6.0,9.0,77.0,26.0,14.0,54.0,44.0,300.0,491
316070,2016,41.0,3.0,9.0,4.0,13.0,96.0,22.0,11.0,76.0,37.0,317.0,509
316070,2017,30.0,0.0,5.0,8.0,1.0,109.0,19.0,19.0,62.0,34.0,289.0,482
316070,2018,23.0,1.0,8.0,5.0,5.0,108.0,28.0,21.0,68.0,45.0,313.0,500
316070,2019,29.0,0.0,11.0,9.0,6.0,114.0,37.0,6.0,73.0,43.0,328.0,489
316080,2012,1.0,0.0,2.0,2.0,1.0,12.0,4.0,1.0,9.0,4.0,38.0,67
316080,2013,0.0,0.0,0.0,0.0,0.0,0.0,0.0,0.0,0.0,0.0,23.0,64
316080,2014,2.0,0.0,2.0,0.0,0.0,10.0,2.0,3.0,6.0,4.0,32.0,74
316080,2015,2.0,0.0,0.0,0.0,1.0,12.0,3.0,1.0,6.0,6.0,34.0,67
316080,2016,5.0,0.0,0.0,0.0,0.0,15.0,2.0,3.0,1.0,7.0,33.0,69
316080,2017,4.0,0.0,0.0,2.0,0.0,8.0,3.0,1.0,9.0,4.0,31.0,66
316080,2018,0.0,0.0,2.0,3.0,2.0,12.0,1.0,3.0,9.0,5.0,37.0,75
316080,2019,4.0,0.0,0.0,3.0,0.0,14.0,4.0,3.0,7.0,1.0,36.0,75
316090,2012,0.0,0.0,0.0,0.0,0.0,6.0,0.0,0.0,4.0,4.0,19.0,29
316090,2013,0.0,0.0,0.0,0.0,0.0,0.0,0.0,0.0,0.0,0.0,39.0,48
316090,2014,2.0,0.0,1.0,1.0,1.0,7.0,3.0,0.0,4.0,5.0,24.0,42
316090,2015,3.0,0.0,2.0,0.0,0.0,11.0,3.0,1.0,7.0,4.0,32.0,50
316090,2016,1.0,0.0,2.0,4.0,0.0,3.0,2.0,3.0,5.0,7.0,29.0,44
316090,2017,2.0,0.0,0.0,1.0,0.0,10.0,5.0,0.0,3.0,5.0,27.0,42
316090,2018,1.0,0.0,0.0,1.0,1.0,6.0,3.0,1.0,3.0,1.0,17.0,30
316090,2019,1.0,0.0,2.0,1.0,0.0,5.0,2.0,0.0,5.0,5.0,21.0,29
316095,2012,9.0,0.0,4.0,1.0,0.0,10.0,2.0,6.0,8.0,2.0,48.0,75
316095,2013,0.0,0.0,0.0,0.0,0.0,0.0,0.0,0.0,0.0,0.0,48.0,71
316095,2014,3.0,0.0,0.0,2.0,0.0,7.0,1.0,4.0,7.0,4.0,53.0,81
316095,2015,4.0,1.0,0.0,1.0,2.0,18.0,7.0,0.0,18.0,5.0,67.0,89
316095,2016,5.0,0.0,2.0,3.0,0.0,22.0,4.0,1.0,22.0,2.0,62.0,85
316095,2017,8.0,4.0,0.0,2.0,1.0,24.0,10.0,0.0,17.0,2.0,70.0,96
316095,2018,3.0,1.0,2.0,5.0,1.0,17.0,3.0,2.0,15.0,7.0,56.0,78
316095,2019,3.0,3.0,2.0,0.0,0.0,32.0,14.0,2.0,14.0,4.0,74.0,103
316100,2012,13.0,0.0,0.0,1.0,6.0,37.0,4.0,3.0,27.0,14.0,108.0,212
316100,2013,0.0,0.0,0.0,0.0,0.0,0.0,0.0,0.0,0.0,0.0,106.0,185
316100,2014,6.0,1.0,8.0,1.0,2.0,26.0,7.0,4.0,27.0,15.0,107.0,191
316100,2015,9.0,0.0,2.0,1.0,4.0,45.0,6.0,3.0,16.0,10.0,103.0,190
316100,2016,6.0,0.0,3.0,1.0,2.0,21.0,8.0,7.0,19.0,11.0,81.0,149
316100,2017,7.0,0.0,2.0,4.0,3.0,28.0,6.0,3.0,19.0,14.0,94.0,174
316100,2018,7.0,0.0,4.0,4.0,3.0,33.0,5.0,1.0,26.0,10.0,97.0,166
316100,2019,3.0,0.0,2.0,2.0,2.0,35.0,4.0,2.0,22.0,11.0,88.0,152
316105,2012,5.0,0.0,0.0,0.0,0.0,8.0,1.0,0.0,2.0,5.0,22.0,32
316105,2013,0.0,0.0,0.0,0.0,0.0,0.0,0.0,0.0,0.0,0.0,20.0,34
316105,2014,3.0,0.0,0.0,0.0,0.0,9.0,1.0,2.0,3.0,5.0,26.0,39
316105,2015,2.0,0.0,0.0,0.0,0.0,9.0,1.0,3.0,1.0,5.0,21.0,36
316105,2016,5.0,0.0,1.0,0.0,0.0,8.0,2.0,3.0,0.0,8.0,28.0,37
316105,2017,4.0,0.0,0.0,0.0,2.0,9.0,2.0,0.0,1.0,2.0,24.0,41
316105,2018,1.0,0.0,2.0,1.0,1.0,8.0,1.0,3.0,1.0,2.0,27.0,48
316105,2019,2.0,0.0,2.0,1.0,1.0,13.0,0.0,1.0,3.0,1.0,24.0,32
316110,2012,35.0,0.0,9.0,6.0,4.0,86.0,17.0,12.0,38.0,37.0,304.0,812
316110,2013,0.0,0.0,0.0,0.0,0.0,0.0,0.0,0.0,0.0,0.0,359.0,864
316110,2014,25.0,2.0,15.0,3.0,10.0,86.0,30.0,32.0,46.0,81.0,351.0,894
316110,2015,35.0,0.0,9.0,13.0,10.0,118.0,37.0,34.0,54.0,61.0,389.0,939
316110,2016,33.0,2.0,6.0,3.0,5.0,104.0,26.0,21.0,52.0,56.0,321.0,754
316110,2017,30.0,3.0,21.0,15.0,5.0,116.0,23.0,45.0,53.0,90.0,411.0,837
316110,2018,38.0,1.0,13.0,7.0,9.0,133.0,41.0,28.0,54.0,48.0,383.0,846
316110,2019,36.0,1.0,10.0,9.0,16.0,129.0,34.0,14.0,54.0,30.0,335.0,787
316120,2012,3.0,0.0,0.0,0.0,0.0,16.0,2.0,1.0,4.0,9.0,42.0,65
316120,2013,0.0,0.0,0.0,0.0,0.0,0.0,0.0,0.0,0.0,0.0,43.0,66
316120,2014,2.0,0.0,1.0,1.0,1.0,9.0,1.0,2.0,2.0,8.0,27.0,54
316120,2015,2.0,0.0,2.0,0.0,0.0,10.0,0.0,4.0,4.0,19.0,42.0,65
316120,2016,4.0,0.0,0.0,0.0,0.0,15.0,0.0,4.0,1.0,15.0,39.0,61
316120,2017,4.0,0.0,0.0,0.0,0.0,18.0,0.0,7.0,1.0,19.0,49.0,76
316120,2018,8.0,0.0,0.0,0.0,0.0,14.0,2.0,6.0,5.0,20.0,55.0,75
316120,2019,3.0,0.0,0.0,0.0,1.0,21.0,0.0,5.0,1.0,17.0,49.0,75
316130,2012,7.0,0.0,0.0,1.0,0.0,29.0,2.0,3.0,5.0,8.0,57.0,72
316130,2013,0.0,0.0,0.0,0.0,0.0,0.0,0.0,0.0,0.0,0.0,58.0,75
316130,2014,0.0,0.0,0.0,2.0,1.0,21.0,3.0,5.0,6.0,5.0,43.0,57
316130,2015,1.0,0.0,0.0,2.0,0.0,20.0,5.0,5.0,11.0,15.0,63.0,72
316130,2016,3.0,0.0,3.0,1.0,1.0,19.0,4.0,3.0,9.0,13.0,57.0,62
316130,2017,4.0,1.0,0.0,1.0,1.0,30.0,4.0,2.0,19.0,7.0,69.0,81
316130,2018,4.0,0.0,0.0,1.0,2.0,28.0,2.0,5.0,10.0,9.0,61.0,68
316130,2019,5.0,0.0,0.0,1.0,0.0,15.0,2.0,4.0,4.0,4.0,35.0,43
316140,2012,10.0,0.0,0.0,0.0,1.0,17.0,3.0,0.0,12.0,2.0,47.0,56
316140,2013,0.0,0.0,0.0,0.0,0.0,0.0,0.0,0.0,0.0,0.0,21.0,35
316140,2014,2.0,0.0,1.0,0.0,0.0,3.0,0.0,1.0,2.0,4.0,27.0,58
316140,2015,5.0,0.0,0.0,0.0,0.0,12.0,0.0,0.0,2.0,4.0,39.0,56
316140,2016,4.0,0.0,2.0,1.0,0.0,13.0,2.0,2.0,4.0,0.0,28.0,41
316140,2017,3.0,0.0,0.0,0.0,1.0,16.0,1.0,2.0,7.0,3.0,34.0,47
316140,2018,3.0,1.0,0.0,2.0,0.0,13.0,2.0,0.0,7.0,1.0,30.0,46
316140,2019,3.0,0.0,2.0,1.0,1.0,12.0,2.0,2.0,3.0,5.0,32.0,49
316150,2012,9.0,0.0,1.0,2.0,1.0,20.0,8.0,0.0,21.0,4.0,68.0,92
316150,2013,0.0,0.0,0.0,0.0,0.0,0.0,0.0,0.0,0.0,0.0,61.0,83
316150,2014,5.0,0.0,4.0,3.0,1.0,28.0,7.0,3.0,22.0,7.0,82.0,100
316150,2015,5.0,0.0,0.0,0.0,0.0,23.0,12.0,3.0,18.0,5.0,68.0,97
316150,2016,3.0,1.0,2.0,2.0,1.0,20.0,5.0,2.0,27.0,6.0,72.0,95
316150,2017,5.0,0.0,2.0,1.0,1.0,21.0,5.0,3.0,18.0,11.0,68.0,93
316150,2018,9.0,0.0,0.0,1.0,2.0,18.0,6.0,3.0,17.0,16.0,72.0,96
316150,2019,4.0,0.0,4.0,0.0,0.0,37.0,6.0,4.0,16.0,11.0,83.0,107
316160,2012,0.0,0.0,2.0,0.0,0.0,7.0,1.0,0.0,1.0,6.0,17.0,49
316160,2013,0.0,0.0,0.0,0.0,0.0,0.0,0.0,0.0,0.0,0.0,34.0,59
316160,2014,0.0,0.0,0.0,1.0,0.0,7.0,6.0,3.0,3.0,3.0,23.0,35
316160,2015,0.0,0.0,0.0,0.0,1.0,10.0,1.0,1.0,4.0,3.0,20.0,40
316160,2016,1.0,0.0,0.0,0.0,1.0,2.0,1.0,0.0,4.0,1.0,11.0,52
316160,2017,0.0,0.0,0.0,1.0,0.0,6.0,0.0,0.0,3.0,1.0,12.0,43
316160,2018,1.0,0.0,2.0,1.0,0.0,7.0,1.0,1.0,3.0,5.0,21.0,47
316160,2019,1.0,0.0,2.0,1.0,0.0,3.0,2.0,1.0,7.0,1.0,18.0,31
316165,2012,2.0,0.0,0.0,0.0,1.0,10.0,2.0,2.0,4.0,5.0,27.0,37
316165,2013,0.0,0.0,0.0,0.0,0.0,0.0,0.0,0.0,0.0,0.0,19.0,36
316165,2014,0.0,0.0,0.0,1.0,0.0,5.0,3.0,2.0,3.0,7.0,22.0,39
316165,2015,1.0,0.0,0.0,0.0,2.0,9.0,0.0,0.0,5.0,2.0,20.0,38
316165,2016,4.0,0.0,0.0,1.0,0.0,4.0,1.0,1.0,2.0,5.0,19.0,38
316165,2017,0.0,0.0,0.0,1.0,0.0,12.0,1.0,0.0,1.0,1.0,20.0,39
316165,2018,2.0,0.0,2.0,0.0,0.0,11.0,1.0,1.0,2.0,3.0,23.0,38
316165,2019,4.0,0.0,2.0,0.0,0.0,12.0,3.0,1.0,6.0,1.0,29.0,48
316170,2012,3.0,0.0,0.0,0.0,1.0,1.0,2.0,0.0,3.0,0.0,11.0,44
316170,2013,0.0,0.0,0.0,0.0,0.0,0.0,0.0,0.0,0.0,0.0,28.0,59
316170,2014,2.0,0.0,0.0,2.0,0.0,11.0,4.0,3.0,3.0,3.0,29.0,57
316170,2015,7.0,0.0,0.0,0.0,1.0,11.0,2.0,9.0,2.0,2.0,34.0,75
316170,2016,6.0,0.0,0.0,2.0,0.0,7.0,3.0,3.0,5.0,0.0,26.0,55
316170,2017,3.0,0.0,0.0,0.0,0.0,10.0,5.0,4.0,2.0,3.0,27.0,59
316170,2018,1.0,0.0,1.0,3.0,1.0,18.0,8.0,1.0,6.0,2.0,41.0,74
316170,2019,7.0,0.0,2.0,1.0,1.0,9.0,7.0,1.0,4.0,4.0,36.0,64
316180,2012,11.0,0.0,2.0,5.0,3.0,26.0,6.0,0.0,28.0,6.0,88.0,150
316180,2013,0.0,0.0,0.0,0.0,0.0,0.0,0.0,0.0,0.0,0.0,68.0,141
316180,2014,7.0,0.0,0.0,2.0,2.0,18.0,8.0,0.0,25.0,3.0,65.0,140
316180,2015,9.0,0.0,0.0,1.0,2.0,23.0,6.0,0.0,25.0,1.0,68.0,141
316180,2016,10.0,1.0,3.0,1.0,0.0,29.0,10.0,1.0,15.0,5.0,75.0,144
316180,2017,3.0,0.0,0.0,1.0,2.0,30.0,2.0,0.0,22.0,2.0,62.0,121
316180,2018,9.0,0.0,6.0,2.0,2.0,20.0,12.0,1.0,16.0,2.0,70.0,145
316180,2019,12.0,0.0,6.0,3.0,0.0,22.0,8.0,0.0,21.0,3.0,75.0,144
316190,2012,5.0,0.0,2.0,1.0,3.0,13.0,3.0,9.0,16.0,2.0,61.0,122
316190,2013,0.0,0.0,0.0,0.0,0.0,0.0,0.0,0.0,0.0,0.0,84.0,135
316190,2014,7.0,0.0,2.0,2.0,0.0,21.0,7.0,2.0,16.0,10.0,72.0,139
316190,2015,9.0,0.0,4.0,3.0,2.0,29.0,6.0,7.0,15.0,8.0,84.0,148
316190,2016,7.0,1.0,0.0,1.0,1.0,25.0,8.0,4.0,21.0,7.0,75.0,137
316190,2017,3.0,0.0,2.0,2.0,5.0,23.0,6.0,3.0,19.0,11.0,78.0,147
316190,2018,2.0,0.0,2.0,0.0,0.0,37.0,8.0,1.0,17.0,5.0,77.0,138
316190,2019,8.0,1.0,0.0,1.0,0.0,40.0,6.0,2.0,24.0,3.0,85.0,160
316200,2012,169.0,0.0,2.0,0.0,0.0,13.0,2.0,0.0,7.0,8.0,213.0,343
316200,2013,0.0,0.0,0.0,0.0,0.0,0.0,0.0,0.0,0.0,0.0,246.0,367
316200,2014,15.0,0.0,2.0,5.0,3.0,87.0,8.0,7.0,41.0,44.0,214.0,350
316200,2015,21.0,0.0,2.0,7.0,2.0,84.0,10.0,9.0,41.0,38.0,219.0,332
316200,2016,19.0,0.0,6.0,4.0,1.0,102.0,14.0,10.0,39.0,31.0,227.0,378
316200,2017,15.0,0.0,5.0,7.0,6.0,70.0,16.0,7.0,52.0,26.0,204.0,290
316200,2018,19.0,0.0,2.0,3.0,5.0,89.0,19.0,2.0,56.0,14.0,211.0,329
316200,2019,21.0,1.0,6.0,2.0,3.0,96.0,21.0,9.0,39.0,23.0,222.0,340
316210,2012,28.0,0.0,7.0,3.0,1.0,126.0,2.0,5.0,35.0,135.0,387.0,537
316210,2013,0.0,0.0,0.0,0.0,0.0,0.0,0.0,0.0,0.0,0.0,421.0,551
316210,2014,32.0,1.0,16.0,7.0,4.0,137.0,9.0,37.0,34.0,148.0,426.0,593
316210,2015,15.0,1.0,14.0,9.0,5.0,174.0,10.0,50.0,24.0,127.0,433.0,628
316210,2016,28.0,1.0,13.0,12.0,4.0,169.0,16.0,39.0,41.0,119.0,442.0,631
316210,2017,23.0,0.0,14.0,8.0,5.0,160.0,8.0,37.0,26.0,154.0,435.0,689
316210,2018,40.0,1.0,17.0,15.0,6.0,225.0,13.0,52.0,29.0,160.0,558.0,794
316210,2019,40.0,1.0,11.0,3.0,2.0,223.0,23.0,35.0,49.0,117.0,504.0,760
316220,2012,5.0,0.0,0.0,2.0,2.0,14.0,3.0,2.0,8.0,4.0,44.0,75
316220,2013,0.0,0.0,0.0,0.0,0.0,0.0,0.0,0.0,0.0,0.0,28.0,78
316220,2014,2.0,0.0,0.0,3.0,0.0,8.0,4.0,1.0,7.0,2.0,32.0,85
316220,2015,0.0,0.0,0.0,2.0,0.0,9.0,2.0,0.0,4.0,3.0,24.0,79
316220,2016,4.0,0.0,2.0,2.0,1.0,9.0,2.0,0.0,11.0,5.0,40.0,87
316220,2017,3.0,0.0,2.0,2.0,1.0,15.0,3.0,2.0,12.0,2.0,46.0,89
316220,2018,3.0,0.0,1.0,4.0,0.0,19.0,6.0,0.0,7.0,4.0,44.0,89
316220,2019,3.0,0.0,1.0,0.0,1.0,12.0,3.0,0.0,11.0,2.0,33.0,80
316225,2012,0.0,1.0,0.0,1.0,0.0,5.0,0.0,0.0,2.0,1.0,11.0,40
316225,2013,0.0,0.0,0.0,0.0,0.0,0.0,0.0,0.0,0.0,0.0,14.0,54
316225,2014,0.0,0.0,0.0,0.0,1.0,6.0,0.0,3.0,1.0,1.0,12.0,38
316225,2015,0.0,0.0,0.0,0.0,0.0,7.0,1.0,1.0,1.0,1.0,11.0,44
316225,2016,0.0,0.0,0.0,1.0,0.0,5.0,5.0,0.0,0.0,1.0,13.0,34
316225,2017,0.0,0.0,0.0,0.0,0.0,0.0,0.0,0.0,3.0,2.0,5.0,39
316225,2018,2.0,0.0,2.0,2.0,2.0,3.0,2.0,1.0,2.0,12.0,29.0,70
316225,2019,0.0,0.0,2.0,0.0,1.0,9.0,2.0,1.0,3.0,4.0,22.0,63
316230,2012,2.0,0.0,0.0,1.0,0.0,3.0,0.0,0.0,8.0,3.0,18.0,31
316230,2013,0.0,0.0,0.0,0.0,0.0,0.0,0.0,0.0,0.0,0.0,15.0,31
316230,2014,1.0,0.0,0.0,0.0,0.0,4.0,2.0,0.0,5.0,4.0,16.0,22
316230,2015,1.0,0.0,2.0,1.0,0.0,4.0,1.0,0.0,4.0,3.0,19.0,29
316230,2016,4.0,0.0,0.0,0.0,0.0,7.0,1.0,0.0,5.0,2.0,20.0,25
316230,2017,3.0,0.0,0.0,0.0,0.0,10.0,2.0,2.0,4.0,2.0,25.0,38
316230,2018,1.0,0.0,0.0,1.0,1.0,8.0,1.0,1.0,6.0,1.0,24.0,36
316230,2019,2.0,0.0,0.0,1.0,1.0,7.0,0.0,0.0,9.0,1.0,21.0,31
316240,2012,8.0,1.0,9.0,5.0,3.0,27.0,3.0,6.0,8.0,23.0,106.0,294
316240,2013,0.0,0.0,0.0,0.0,0.0,0.0,0.0,0.0,0.0,0.0,103.0,309
316240,2014,2.0,0.0,1.0,5.0,0.0,26.0,5.0,12.0,8.0,22.0,101.0,289
316240,2015,5.0,0.0,4.0,2.0,2.0,25.0,6.0,8.0,14.0,13.0,81.0,247
316240,2016,6.0,0.0,6.0,1.0,0.0,31.0,5.0,8.0,18.0,9.0,87.0,237
316240,2017,9.0,2.0,2.0,4.0,6.0,43.0,12.0,7.0,19.0,18.0,123.0,298
316240,2018,14.0,0.0,0.0,4.0,2.0,40.0,7.0,8.0,17.0,13.0,108.0,245
316240,2019,8.0,1.0,4.0,1.0,3.0,33.0,4.0,11.0,15.0,11.0,92.0,261
316245,2012,8.0,0.0,2.0,1.0,1.0,9.0,0.0,7.0,2.0,15.0,47.0,255
316245,2013,0.0,0.0,0.0,0.0,0.0,0.0,0.0,0.0,0.0,0.0,54.0,255
316245,2014,7.0,2.0,1.0,2.0,2.0,24.0,2.0,8.0,6.0,19.0,75.0,291
316245,2015,6.0,0.0,2.0,1.0,1.0,24.0,2.0,16.0,5.0,15.0,73.0,278
316245,2016,10.0,1.0,3.0,0.0,0.0,15.0,5.0,7.0,10.0,12.0,63.0,271
316245,2017,8.0,0.0,2.0,0.0,2.0,17.0,3.0,6.0,3.0,11.0,54.0,264
316245,2018,4.0,1.0,8.0,6.0,1.0,29.0,5.0,17.0,6.0,13.0,93.0,300
316245,2019,5.0,0.0,5.0,5.0,3.0,26.0,4.0,7.0,6.0,13.0,79.0,246
316250,2012,158.0,2.0,19.0,9.0,15.0,122.0,54.0,15.0,126.0,73.0,726.0,932
316250,2013,0.0,0.0,0.0,0.0,0.0,0.0,0.0,0.0,0.0,0.0,752.0,998
316250,2014,53.0,0.0,14.0,9.0,13.0,168.0,62.0,29.0,180.0,105.0,709.0,951
316250,2015,50.0,0.0,18.0,13.0,20.0,185.0,76.0,32.0,224.0,69.0,757.0,993
316250,2016,56.0,1.0,29.0,16.0,14.0,201.0,62.0,29.0,193.0,73.0,760.0,1006
316250,2017,57.0,2.0,15.0,12.0,14.0,207.0,91.0,22.0,207.0,94.0,753.0,974
316250,2018,84.0,4.0,10.0,26.0,21.0,236.0,50.0,42.0,203.0,94.0,771.0,1008
316250,2019,69.0,2.0,19.0,14.0,15.0,235.0,38.0,46.0,119.0,165.0,730.0,987
316255,2012,11.0,2.0,7.0,3.0,3.0,29.0,8.0,2.0,46.0,7.0,139.0,189
316255,2013,0.0,0.0,0.0,0.0,0.0,0.0,0.0,0.0,0.0,0.0,120.0,158
316255,2014,7.0,1.0,2.0,0.0,0.0,40.0,13.0,6.0,23.0,15.0,113.0,164
316255,2015,11.0,1.0,4.0,3.0,2.0,55.0,12.0,2.0,22.0,10.0,123.0,199
316255,2016,13.0,3.0,0.0,3.0,3.0,58.0,10.0,1.0,24.0,1.0,120.0,160
316255,2017,7.0,1.0,3.0,0.0,2.0,57.0,3.0,7.0,18.0,18.0,123.0,174
316255,2018,8.0,0.0,8.0,0.0,0.0,58.0,17.0,3.0,49.0,11.0,163.0,223
316255,2019,9.0,1.0,1.0,1.0,0.0,49.0,18.0,4.0,23.0,11.0,119.0,171
316257,2012,2.0,1.0,0.0,0.0,0.0,13.0,0.0,1.0,5.0,6.0,30.0,53
316257,2013,0.0,0.0,0.0,0.0,0.0,0.0,0.0,0.0,0.0,0.0,40.0,69
316257,2014,4.0,1.0,1.0,2.0,0.0,10.0,1.0,7.0,2.0,12.0,41.0,65
316257,2015,0.0,0.0,0.0,1.0,0.0,23.0,1.0,13.0,4.0,16.0,60.0,84
316257,2016,4.0,2.0,0.0,0.0,0.0,16.0,0.0,3.0,0.0,21.0,49.0,82
316257,2017,5.0,0.0,2.0,2.0,0.0,17.0,0.0,11.0,2.0,17.0,57.0,80
316257,2018,4.0,0.0,0.0,1.0,2.0,20.0,0.0,5.0,3.0,22.0,58.0,83
316257,2019,3.0,0.0,4.0,1.0,2.0,31.0,1.0,2.0,6.0,12.0,62.0,83
316260,2012,7.0,1.0,0.0,0.0,2.0,18.0,0.0,3.0,10.0,4.0,46.0,97
316260,2013,0.0,0.0,0.0,0.0,0.0,0.0,0.0,0.0,0.0,0.0,48.0,79
316260,2014,2.0,0.0,0.0,1.0,2.0,11.0,3.0,1.0,6.0,6.0,54.0,106
316260,2015,6.0,0.0,2.0,1.0,3.0,14.0,7.0,1.0,8.0,6.0,53.0,106
316260,2016,2.0,0.0,3.0,1.0,6.0,16.0,4.0,1.0,12.0,2.0,48.0,90
316260,2017,3.0,3.0,2.0,0.0,3.0,18.0,4.0,0.0,13.0,4.0,52.0,119
316260,2018,2.0,1.0,0.0,3.0,0.0,24.0,8.0,3.0,11.0,7.0,59.0,124
316260,2019,3.0,2.0,4.0,4.0,0.0,24.0,5.0,1.0,15.0,3.0,61.0,116
316265,2012,2.0,0.0,0.0,0.0,0.0,1.0,1.0,1.0,0.0,2.0,7.0,36
316265,2013,0.0,0.0,0.0,0.0,0.0,0.0,0.0,0.0,0.0,0.0,12.0,45
316265,2014,0.0,0.0,0.0,2.0,0.0,7.0,1.0,1.0,0.0,0.0,13.0,42
316265,2015,2.0,0.0,0.0,0.0,1.0,5.0,0.0,1.0,1.0,3.0,13.0,49
316265,2016,2.0,0.0,0.0,1.0,2.0,1.0,3.0,0.0,0.0,0.0,10.0,38
316265,2017,2.0,1.0,2.0,0.0,0.0,2.0,1.0,1.0,1.0,2.0,13.0,40
316265,2018,2.0,0.0,2.0,0.0,1.0,5.0,0.0,2.0,2.0,5.0,21.0,41
316265,2019,2.0,0.0,0.0,0.0,1.0,3.0,2.0,0.0,0.0,1.0,11.0,47
316270,2012,3.0,4.0,2.0,7.0,6.0,21.0,8.0,4.0,27.0,10.0,94.0,260
316270,2013,0.0,0.0,0.0,0.0,0.0,0.0,0.0,0.0,0.0,0.0,96.0,282
316270,2014,9.0,5.0,2.0,3.0,9.0,37.0,15.0,11.0,25.0,21.0,139.0,273
316270,2015,10.0,2.0,0.0,8.0,2.0,21.0,13.0,9.0,25.0,18.0,114.0,278
316270,2016,6.0,1.0,2.0,4.0,4.0,39.0,10.0,10.0,18.0,35.0,131.0,262
316270,2017,8.0,3.0,2.0,8.0,5.0,36.0,14.0,12.0,14.0,31.0,135.0,243
316270,2018,12.0,5.0,2.0,4.0,6.0,31.0,12.0,18.0,16.0,35.0,143.0,270
316270,2019,13.0,3.0,6.0,5.0,1.0,36.0,15.0,11.0,10.0,27.0,129.0,254
316280,2012,7.0,0.0,0.0,6.0,4.0,16.0,5.0,1.0,17.0,10.0,68.0,200
316280,2013,0.0,0.0,0.0,0.0,0.0,0.0,0.0,0.0,0.0,0.0,68.0,182
316280,2014,6.0,3.0,2.0,9.0,5.0,30.0,4.0,8.0,7.0,13.0,92.0,207
316280,2015,10.0,3.0,2.0,23.0,13.0,12.0,5.0,6.0,12.0,7.0,97.0,196
316280,2016,8.0,0.0,2.0,14.0,7.0,32.0,9.0,11.0,12.0,13.0,115.0,201
316280,2017,7.0,1.0,1.0,2.0,4.0,28.0,13.0,13.0,13.0,18.0,123.0,212
316280,2018,6.0,0.0,3.0,4.0,3.0,22.0,8.0,11.0,12.0,9.0,131.0,196
316280,2019,6.0,0.0,2.0,7.0,3.0,27.0,18.0,13.0,23.0,19.0,152.0,241
316290,2012,41.0,0.0,6.0,4.0,2.0,29.0,4.0,2.0,22.0,28.0,193.0,285
316290,2013,0.0,0.0,0.0,0.0,0.0,0.0,0.0,0.0,0.0,0.0,138.0,256
316290,2014,13.0,0.0,6.0,5.0,2.0,48.0,12.0,7.0,38.0,13.0,178.0,314
316290,2015,11.0,1.0,0.0,1.0,4.0,21.0,5.0,3.0,15.0,10.0,171.0,324
316290,2016,12.0,0.0,8.0,3.0,0.0,49.0,9.0,15.0,37.0,26.0,185.0,300
316290,2017,11.0,0.0,8.0,5.0,7.0,62.0,12.0,14.0,33.0,38.0,200.0,291
316290,2018,17.0,0.0,5.0,3.0,2.0,64.0,17.0,14.0,27.0,42.0,206.0,296
316290,2019,11.0,0.0,8.0,4.0,3.0,71.0,15.0,9.0,42.0,24.0,197.0,294
316292,2012,17.0,1.0,8.0,3.0,10.0,25.0,5.0,9.0,26.0,13.0,145.0,388
316292,2013,0.0,0.0,0.0,0.0,0.0,0.0,0.0,0.0,0.0,0.0,148.0,378
316292,2014,15.0,0.0,7.0,10.0,6.0,40.0,18.0,4.0,39.0,11.0,153.0,415
316292,2015,11.0,0.0,6.0,9.0,4.0,51.0,17.0,2.0,31.0,5.0,142.0,393
316292,2016,11.0,0.0,5.0,7.0,7.0,49.0,15.0,7.0,42.0,8.0,155.0,371
316292,2017,24.0,0.0,10.0,5.0,1.0,55.0,18.0,8.0,35.0,9.0,167.0,420
316292,2018,7.0,0.0,9.0,9.0,7.0,65.0,19.0,3.0,33.0,3.0,157.0,371
316292,2019,18.0,1.0,3.0,11.0,4.0,64.0,20.0,5.0,35.0,11.0,176.0,453
316294,2012,9.0,0.0,2.0,2.0,1.0,7.0,3.0,1.0,5.0,3.0,37.0,74
316294,2013,0.0,0.0,0.0,0.0,0.0,0.0,0.0,0.0,0.0,0.0,38.0,78
316294,2014,3.0,0.0,0.0,0.0,0.0,7.0,2.0,1.0,11.0,5.0,34.0,70
316294,2015,1.0,0.0,1.0,2.0,2.0,12.0,0.0,3.0,6.0,1.0,37.0,87
316294,2016,5.0,0.0,0.0,0.0,1.0,6.0,4.0,1.0,6.0,3.0,31.0,80
316294,2017,1.0,0.0,2.0,3.0,2.0,15.0,3.0,1.0,11.0,4.0,45.0,94
316294,2018,4.0,0.0,2.0,4.0,1.0,19.0,5.0,1.0,13.0,5.0,54.0,109
316294,2019,6.0,0.0,5.0,0.0,0.0,16.0,1.0,2.0,11.0,2.0,44.0,91
316295,2012,18.0,0.0,0.0,1.0,4.0,38.0,10.0,3.0,44.0,14.0,150.0,263
316295,2013,0.0,0.0,0.0,0.0,0.0,0.0,0.0,0.0,0.0,0.0,181.0,322
316295,2014,24.0,1.0,4.0,4.0,2.0,46.0,8.0,14.0,34.0,40.0,178.0,323
316295,2015,16.0,0.0,9.0,2.0,6.0,70.0,7.0,14.0,36.0,29.0,189.0,353
316295,2016,9.0,1.0,0.0,6.0,3.0,65.0,11.0,9.0,45.0,30.0,179.0,320
316295,2017,19.0,0.0,2.0,8.0,4.0,63.0,19.0,10.0,47.0,25.0,200.0,343
316295,2018,13.0,1.0,4.0,4.0,3.0,74.0,19.0,4.0,44.0,8.0,180.0,367
316295,2019,14.0,0.0,6.0,6.0,4.0,81.0,14.0,2.0,43.0,9.0,180.0,345
316300,2012,4.0,0.0,2.0,0.0,0.0,6.0,4.0,2.0,5.0,4.0,28.0,60
316300,2013,0.0,0.0,0.0,0.0,0.0,0.0,0.0,0.0,0.0,0.0,33.0,56
316300,2014,3.0,0.0,0.0,2.0,0.0,14.0,3.0,1.0,3.0,3.0,30.0,55
316300,2015,7.0,0.0,0.0,3.0,2.0,11.0,1.0,3.0,4.0,2.0,34.0,66
316300,2016,2.0,0.0,0.0,0.0,0.0,10.0,5.0,3.0,2.0,1.0,24.0,53
316300,2017,2.0,0.0,2.0,2.0,0.0,9.0,4.0,1.0,5.0,3.0,28.0,60
316300,2018,1.0,0.0,4.0,0.0,0.0,11.0,7.0,1.0,6.0,3.0,34.0,65
316300,2019,2.0,0.0,0.0,0.0,0.0,11.0,0.0,2.0,6.0,4.0,25.0,63
316310,2012,2.0,0.0,0.0,0.0,0.0,6.0,1.0,0.0,5.0,0.0,15.0,44
316310,2013,0.0,0.0,0.0,0.0,0.0,0.0,0.0,0.0,0.0,0.0,19.0,33
316310,2014,4.0,0.0,0.0,1.0,0.0,5.0,1.0,2.0,5.0,3.0,21.0,49
316310,2015,4.0,0.0,0.0,2.0,0.0,13.0,2.0,1.0,12.0,0.0,34.0,65
316310,2016,0.0,0.0,2.0,0.0,1.0,6.0,0.0,1.0,3.0,2.0,15.0,38
316310,2017,0.0,0.0,4.0,0.0,2.0,6.0,1.0,1.0,5.0,2.0,21.0,42
316310,2018,1.0,0.0,2.0,0.0,1.0,6.0,2.0,0.0,2.0,1.0,15.0,32
316310,2019,1.0,0.0,0.0,0.0,0.0,8.0,3.0,4.0,1.0,8.0,25.0,53
316320,2012,2.0,0.0,2.0,0.0,1.0,10.0,4.0,1.0,9.0,4.0,34.0,45
316320,2013,0.0,0.0,0.0,0.0,0.0,0.0,0.0,0.0,0.0,0.0,26.0,45
316320,2014,5.0,0.0,0.0,0.0,0.0,8.0,4.0,1.0,13.0,3.0,34.0,56
316320,2015,0.0,0.0,2.0,1.0,0.0,4.0,6.0,1.0,12.0,4.0,32.0,51
316320,2016,1.0,0.0,0.0,0.0,1.0,20.0,1.0,3.0,2.0,3.0,31.0,51
316320,2017,4.0,2.0,2.0,0.0,0.0,6.0,1.0,2.0,4.0,4.0,25.0,56
316320,2018,3.0,1.0,0.0,0.0,0.0,12.0,2.0,1.0,6.0,6.0,31.0,50
316320,2019,3.0,0.0,2.0,1.0,2.0,15.0,3.0,3.0,8.0,5.0,42.0,59
316330,2012,6.0,0.0,0.0,0.0,0.0,10.0,0.0,0.0,6.0,6.0,28.0,46
316330,2013,0.0,0.0,0.0,0.0,0.0,0.0,0.0,0.0,0.0,0.0,24.0,43
316330,2014,1.0,0.0,2.0,3.0,1.0,6.0,3.0,3.0,3.0,6.0,30.0,48
316330,2015,4.0,0.0,3.0,0.0,0.0,7.0,2.0,0.0,4.0,2.0,22.0,40
316330,2016,4.0,0.0,1.0,1.0,1.0,14.0,1.0,2.0,4.0,7.0,37.0,65
316330,2017,2.0,0.0,2.0,0.0,1.0,11.0,4.0,4.0,3.0,5.0,35.0,49
316330,2018,2.0,0.0,1.0,0.0,0.0,12.0,3.0,4.0,3.0,4.0,36.0,47
316330,2019,1.0,0.0,0.0,3.0,0.0,10.0,0.0,2.0,4.0,4.0,25.0,34
316340,2012,5.0,0.0,2.0,0.0,0.0,6.0,5.0,1.0,8.0,3.0,35.0,70
316340,2013,0.0,0.0,0.0,0.0,0.0,0.0,0.0,0.0,0.0,0.0,37.0,61
316340,2014,4.0,0.0,2.0,1.0,2.0,8.0,4.0,1.0,10.0,3.0,40.0,59
316340,2015,4.0,0.0,0.0,3.0,0.0,11.0,3.0,2.0,8.0,1.0,40.0,61
316340,2016,2.0,0.0,3.0,0.0,0.0,7.0,6.0,0.0,7.0,1.0,29.0,52
316340,2017,2.0,0.0,0.0,0.0,0.0,8.0,2.0,1.0,8.0,1.0,22.0,49
316340,2018,1.0,0.0,5.0,0.0,0.0,7.0,3.0,0.0,5.0,1.0,22.0,43
316340,2019,4.0,0.0,0.0,0.0,0.0,13.0,2.0,0.0,9.0,2.0,31.0,62
316350,2012,4.0,0.0,0.0,8.0,2.0,7.0,4.0,2.0,2.0,6.0,35.0,72
316350,2013,0.0,0.0,0.0,0.0,0.0,0.0,0.0,0.0,0.0,0.0,20.0,48
316350,2014,3.0,0.0,0.0,2.0,1.0,7.0,1.0,5.0,0.0,7.0,29.0,53
316350,2015,0.0,2.0,0.0,4.0,3.0,8.0,2.0,2.0,0.0,5.0,30.0,69
316350,2016,2.0,0.0,0.0,4.0,2.0,4.0,2.0,3.0,2.0,2.0,22.0,59
316350,2017,3.0,0.0,2.0,0.0,1.0,7.0,3.0,5.0,6.0,0.0,35.0,74
316350,2018,3.0,0.0,2.0,1.0,2.0,9.0,1.0,7.0,3.0,5.0,34.0,84
316350,2019,1.0,0.0,2.0,3.0,1.0,6.0,3.0,5.0,6.0,2.0,31.0,45
316360,2012,0.0,0.0,0.0,0.0,1.0,3.0,1.0,1.0,6.0,5.0,20.0,34
316360,2013,0.0,0.0,0.0,0.0,0.0,0.0,0.0,0.0,0.0,0.0,25.0,34
316360,2014,2.0,0.0,0.0,0.0,0.0,7.0,4.0,2.0,5.0,4.0,25.0,37
316360,2015,2.0,0.0,0.0,0.0,0.0,8.0,0.0,3.0,4.0,3.0,21.0,37
316360,2016,1.0,1.0,2.0,0.0,2.0,7.0,9.0,0.0,8.0,0.0,30.0,44
316360,2017,3.0,0.0,2.0,1.0,0.0,7.0,1.0,4.0,6.0,3.0,30.0,38
316360,2018,2.0,0.0,0.0,0.0,1.0,12.0,3.0,1.0,2.0,3.0,24.0,36
316360,2019,2.0,0.0,2.0,0.0,0.0,11.0,3.0,0.0,6.0,0.0,24.0,44
316370,2012,24.0,2.0,15.0,7.0,8.0,116.0,4.0,3.0,61.0,60.0,389.0,532
316370,2013,0.0,0.0,0.0,0.0,0.0,0.0,0.0,0.0,0.0,0.0,362.0,515
316370,2014,22.0,1.0,7.0,9.0,6.0,147.0,20.0,17.0,74.0,60.0,373.0,560
316370,2015,38.0,0.0,9.0,4.0,5.0,154.0,19.0,11.0,73.0,63.0,380.0,568
316370,2016,34.0,2.0,14.0,7.0,2.0,122.0,18.0,15.0,81.0,53.0,348.0,546
316370,2017,38.0,0.0,13.0,4.0,5.0,170.0,19.0,18.0,79.0,42.0,388.0,539
316370,2018,44.0,0.0,10.0,5.0,3.0,157.0,28.0,11.0,86.0,49.0,393.0,543
316370,2019,30.0,0.0,6.0,7.0,5.0,130.0,19.0,10.0,55.0,35.0,297.0,500
316380,2012,1.0,0.0,0.0,0.0,1.0,17.0,2.0,6.0,6.0,12.0,50.0,75
316380,2013,0.0,0.0,0.0,0.0,0.0,0.0,0.0,0.0,0.0,0.0,47.0,62
316380,2014,2.0,0.0,0.0,0.0,0.0,13.0,9.0,5.0,9.0,11.0,50.0,78
316380,2015,3.0,0.0,0.0,0.0,1.0,16.0,0.0,4.0,5.0,8.0,38.0,62
316380,2016,2.0,0.0,3.0,0.0,0.0,14.0,3.0,6.0,8.0,10.0,46.0,69
316380,2017,2.0,0.0,2.0,2.0,0.0,21.0,5.0,3.0,6.0,4.0,45.0,59
316380,2018,2.0,0.0,0.0,0.0,0.0,11.0,4.0,6.0,7.0,11.0,41.0,58
316380,2019,1.0,0.0,0.0,2.0,2.0,11.0,3.0,1.0,7.0,14.0,42.0,58
316390,2012,2.0,0.0,0.0,3.0,0.0,8.0,4.0,1.0,15.0,1.0,35.0,55
316390,2013,0.0,0.0,0.0,0.0,0.0,0.0,0.0,0.0,0.0,0.0,33.0,47
316390,2014,0.0,0.0,2.0,0.0,0.0,9.0,1.0,0.0,7.0,3.0,22.0,40
316390,2015,1.0,0.0,3.0,1.0,0.0,10.0,1.0,0.0,6.0,1.0,26.0,40
316390,2016,6.0,0.0,0.0,1.0,1.0,19.0,0.0,0.0,7.0,1.0,35.0,53
316390,2017,4.0,0.0,6.0,3.0,0.0,11.0,2.0,3.0,8.0,9.0,46.0,61
316390,2018,0.0,1.0,0.0,1.0,1.0,10.0,6.0,3.0,8.0,0.0,31.0,39
316390,2019,2.0,0.0,5.0,2.0,1.0,14.0,2.0,0.0,12.0,4.0,42.0,55
316400,2012,6.0,0.0,0.0,1.0,1.0,10.0,1.0,1.0,1.0,19.0,40.0,77
316400,2013,0.0,0.0,0.0,0.0,0.0,0.0,0.0,0.0,0.0,0.0,67.0,98
316400,2014,4.0,1.0,2.0,1.0,2.0,11.0,1.0,7.0,8.0,21.0,58.0,84
316400,2015,2.0,2.0,4.0,1.0,1.0,13.0,2.0,4.0,4.0,15.0,51.0,78
316400,2016,7.0,0.0,5.0,1.0,0.0,13.0,8.0,4.0,11.0,7.0,57.0,80
316400,2017,2.0,0.0,3.0,2.0,1.0,21.0,2.0,0.0,7.0,8.0,46.0,77
316400,2018,4.0,0.0,4.0,1.0,3.0,20.0,2.0,5.0,2.0,15.0,56.0,80
316400,2019,3.0,0.0,0.0,1.0,1.0,26.0,0.0,11.0,2.0,21.0,65.0,89
316410,2012,4.0,0.0,2.0,0.0,0.0,4.0,1.0,0.0,3.0,3.0,24.0,57
316410,2013,0.0,0.0,0.0,0.0,0.0,0.0,0.0,0.0,0.0,0.0,32.0,64
316410,2014,2.0,1.0,0.0,1.0,0.0,6.0,0.0,5.0,4.0,5.0,31.0,54
316410,2015,1.0,0.0,5.0,1.0,3.0,10.0,5.0,2.0,4.0,6.0,41.0,64
316410,2016,1.0,0.0,0.0,7.0,1.0,2.0,3.0,3.0,2.0,6.0,31.0,51
316410,2017,1.0,0.0,0.0,2.0,1.0,8.0,4.0,3.0,4.0,6.0,38.0,66
316410,2018,3.0,0.0,3.0,0.0,1.0,9.0,1.0,2.0,7.0,2.0,31.0,64
316410,2019,2.0,0.0,3.0,0.0,3.0,14.0,2.0,5.0,3.0,8.0,41.0,63
316420,2012,4.0,0.0,1.0,0.0,3.0,6.0,4.0,4.0,3.0,4.0,30.0,127
316420,2013,0.0,0.0,0.0,0.0,0.0,0.0,0.0,0.0,0.0,0.0,28.0,113
316420,2014,2.0,1.0,0.0,1.0,0.0,18.0,2.0,2.0,3.0,4.0,34.0,129
316420,2015,5.0,0.0,1.0,3.0,2.0,10.0,4.0,6.0,4.0,7.0,43.0,135
316420,2016,2.0,0.0,2.0,1.0,1.0,14.0,4.0,2.0,8.0,3.0,37.0,110
316420,2017,4.0,0.0,0.0,1.0,2.0,13.0,1.0,3.0,11.0,8.0,43.0,118
316420,2018,2.0,0.0,0.0,1.0,0.0,14.0,4.0,2.0,8.0,4.0,36.0,114
316420,2019,2.0,0.0,0.0,2.0,1.0,17.0,3.0,2.0,2.0,4.0,33.0,95
316430,2012,4.0,0.0,0.0,1.0,2.0,11.0,0.0,5.0,5.0,9.0,38.0,54
316430,2013,0.0,0.0,0.0,0.0,0.0,0.0,0.0,0.0,0.0,0.0,45.0,53
316430,2014,0.0,0.0,0.0,2.0,2.0,12.0,1.0,6.0,4.0,11.0,39.0,55
316430,2015,0.0,0.0,4.0,1.0,1.0,15.0,0.0,4.0,7.0,13.0,46.0,67
316430,2016,4.0,0.0,0.0,0.0,2.0,9.0,1.0,6.0,4.0,10.0,36.0,47
316430,2017,4.0,0.0,0.0,0.0,0.0,22.0,0.0,2.0,4.0,15.0,47.0,63
316430,2018,3.0,1.0,0.0,2.0,4.0,19.0,1.0,5.0,3.0,14.0,61.0,86
316430,2019,4.0,0.0,0.0,1.0,0.0,20.0,2.0,7.0,4.0,15.0,53.0,70
316440,2012,5.0,0.0,4.0,2.0,0.0,8.0,2.0,2.0,5.0,1.0,33.0,72
316440,2013,0.0,0.0,0.0,0.0,0.0,0.0,0.0,0.0,0.0,0.0,31.0,69
316440,2014,5.0,0.0,2.0,0.0,3.0,11.0,3.0,1.0,8.0,9.0,45.0,79
316440,2015,3.0,0.0,2.0,3.0,2.0,9.0,1.0,3.0,5.0,5.0,35.0,81
316440,2016,1.0,0.0,0.0,0.0,0.0,9.0,2.0,0.0,7.0,4.0,26.0,62
316440,2017,3.0,0.0,1.0,1.0,2.0,17.0,4.0,1.0,7.0,2.0,44.0,84
316440,2018,1.0,1.0,1.0,0.0,1.0,10.0,0.0,2.0,5.0,6.0,32.0,70
316440,2019,1.0,0.0,2.0,0.0,0.0,12.0,1.0,1.0,5.0,1.0,27.0,72
316443,2012,7.0,0.0,0.0,0.0,0.0,7.0,1.0,6.0,0.0,14.0,35.0,44
316443,2013,0.0,0.0,0.0,0.0,0.0,0.0,0.0,0.0,0.0,0.0,23.0,24
316443,2014,2.0,0.0,2.0,1.0,0.0,6.0,0.0,5.0,1.0,6.0,26.0,30
316443,2015,0.0,0.0,0.0,0.0,0.0,5.0,0.0,2.0,5.0,11.0,29.0,33
316443,2016,0.0,0.0,0.0,0.0,2.0,7.0,0.0,2.0,0.0,5.0,17.0,19
316443,2017,4.0,0.0,0.0,0.0,1.0,4.0,1.0,1.0,2.0,4.0,17.0,21
316443,2018,1.0,1.0,0.0,0.0,0.0,6.0,0.0,1.0,2.0,4.0,16.0,21
316443,2019,2.0,0.0,2.0,0.0,1.0,14.0,2.0,2.0,0.0,5.0,32.0,39
316447,2012,5.0,0.0,0.0,1.0,1.0,19.0,1.0,4.0,11.0,8.0,59.0,94
316447,2013,0.0,0.0,0.0,0.0,0.0,0.0,0.0,0.0,0.0,0.0,59.0,94
316447,2014,4.0,0.0,0.0,2.0,1.0,9.0,3.0,1.0,4.0,8.0,54.0,100
316447,2015,3.0,0.0,0.0,1.0,1.0,10.0,2.0,0.0,10.0,6.0,49.0,85
316447,2016,5.0,0.0,0.0,2.0,0.0,16.0,8.0,0.0,16.0,1.0,49.0,78
316447,2017,8.0,3.0,0.0,1.0,0.0,13.0,3.0,0.0,12.0,3.0,45.0,79
316447,2018,3.0,2.0,3.0,3.0,1.0,23.0,7.0,4.0,5.0,17.0,68.0,104
316447,2019,6.0,1.0,2.0,0.0,0.0,17.0,10.0,5.0,7.0,8.0,56.0,85
316450,2012,5.0,0.0,0.0,2.0,1.0,7.0,6.0,1.0,8.0,9.0,42.0,101
316450,2013,0.0,0.0,0.0,0.0,0.0,0.0,0.0,0.0,0.0,0.0,38.0,99
316450,2014,4.0,0.0,1.0,1.0,0.0,14.0,3.0,3.0,6.0,6.0,43.0,107
316450,2015,1.0,0.0,0.0,2.0,0.0,10.0,2.0,2.0,4.0,6.0,34.0,99
316450,2016,6.0,0.0,0.0,0.0,2.0,8.0,1.0,4.0,3.0,6.0,32.0,86
316450,2017,4.0,0.0,0.0,4.0,0.0,12.0,5.0,1.0,5.0,8.0,43.0,92
316450,2018,3.0,0.0,1.0,1.0,3.0,11.0,4.0,2.0,10.0,7.0,48.0,102
316450,2019,6.0,0.0,0.0,1.0,2.0,17.0,6.0,3.0,10.0,13.0,59.0,107
316460,2012,7.0,0.0,0.0,1.0,1.0,7.0,2.0,1.0,13.0,8.0,40.0,71
316460,2013,0.0,0.0,0.0,0.0,0.0,0.0,0.0,0.0,0.0,0.0,48.0,79
316460,2014,5.0,0.0,2.0,3.0,3.0,18.0,8.0,2.0,13.0,7.0,61.0,110
316460,2015,6.0,0.0,8.0,0.0,1.0,21.0,7.0,3.0,10.0,6.0,63.0,113
316460,2016,3.0,1.0,0.0,1.0,0.0,17.0,8.0,2.0,14.0,2.0,48.0,103
316460,2017,2.0,0.0,2.0,3.0,3.0,27.0,6.0,1.0,12.0,4.0,60.0,116
316460,2018,3.0,0.0,0.0,1.0,0.0,30.0,5.0,0.0,20.0,3.0,62.0,139
316460,2019,5.0,0.0,2.0,3.0,2.0,26.0,6.0,2.0,24.0,2.0,72.0,137
316470,2012,48.0,1.0,11.0,4.0,14.0,127.0,2.0,1.0,120.0,56.0,407.0,827
316470,2013,0.0,0.0,0.0,0.0,0.0,0.0,0.0,0.0,0.0,0.0,478.0,893
316470,2014,41.0,0.0,12.0,20.0,12.0,129.0,24.0,28.0,106.0,70.0,445.0,854
316470,2015,29.0,2.0,12.0,16.0,18.0,163.0,22.0,21.0,110.0,78.0,477.0,954
316470,2016,37.0,0.0,8.0,12.0,11.0,148.0,40.0,12.0,106.0,51.0,425.0,821
316470,2017,28.0,0.0,20.0,17.0,13.0,176.0,38.0,20.0,131.0,55.0,511.0,923
316470,2018,22.0,2.0,25.0,17.0,10.0,196.0,30.0,19.0,119.0,57.0,497.0,939
316470,2019,30.0,2.0,28.0,13.0,7.0,175.0,26.0,34.0,83.0,75.0,487.0,965
316480,2012,3.0,0.0,0.0,0.0,0.0,3.0,0.0,0.0,2.0,1.0,11.0,24
316480,2013,0.0,0.0,0.0,0.0,0.0,0.0,0.0,0.0,0.0,0.0,9.0,15
316480,2014,0.0,0.0,0.0,0.0,0.0,1.0,0.0,0.0,5.0,1.0,7.0,17
316480,2015,1.0,0.0,0.0,0.0,0.0,5.0,0.0,1.0,1.0,2.0,11.0,17
316480,2016,0.0,0.0,0.0,0.0,0.0,3.0,1.0,0.0,1.0,1.0,6.0,13
316480,2017,1.0,0.0,0.0,0.0,0.0,3.0,0.0,0.0,6.0,2.0,12.0,15
316480,2018,0.0,0.0,0.0,0.0,0.0,0.0,0.0,0.0,0.0,0.0,0.0,5
316480,2019,1.0,0.0,0.0,0.0,0.0,0.0,0.0,0.0,2.0,0.0,3.0,9
316490,2012,0.0,0.0,1.0,0.0,0.0,5.0,1.0,0.0,2.0,1.0,12.0,17
316490,2013,0.0,0.0,0.0,0.0,0.0,0.0,0.0,0.0,0.0,0.0,22.0,26
316490,2014,2.0,0.0,0.0,0.0,0.0,13.0,1.0,1.0,3.0,5.0,25.0,29
316490,2015,2.0,0.0,0.0,0.0,0.0,7.0,1.0,1.0,4.0,0.0,15.0,16
316490,2016,0.0,0.0,2.0,0.0,0.0,4.0,2.0,0.0,1.0,0.0,9.0,18
316490,2017,0.0,0.0,0.0,2.0,0.0,7.0,2.0,0.0,2.0,0.0,13.0,17
316490,2018,1.0,0.0,0.0,0.0,0.0,15.0,1.0,0.0,2.0,1.0,20.0,24
316490,2019,1.0,0.0,0.0,0.0,0.0,9.0,1.0,0.0,5.0,0.0,16.0,24
316500,2012,7.0,1.0,4.0,2.0,2.0,17.0,5.0,2.0,15.0,5.0,71.0,103
316500,2013,0.0,0.0,0.0,0.0,0.0,0.0,0.0,0.0,0.0,0.0,77.0,117
316500,2014,6.0,1.0,2.0,1.0,2.0,23.0,7.0,5.0,18.0,10.0,80.0,115
316500,2015,6.0,0.0,2.0,0.0,1.0,24.0,7.0,4.0,16.0,8.0,75.0,129
316500,2016,9.0,0.0,0.0,0.0,1.0,13.0,8.0,4.0,14.0,4.0,59.0,90
316500,2017,4.0,0.0,4.0,6.0,1.0,30.0,9.0,3.0,15.0,8.0,85.0,129
316500,2018,6.0,0.0,1.0,4.0,0.0,26.0,3.0,3.0,8.0,9.0,82.0,112
316500,2019,4.0,0.0,2.0,3.0,2.0,25.0,2.0,4.0,6.0,12.0,80.0,116
316510,2012,3.0,0.0,0.0,0.0,0.0,7.0,1.0,0.0,8.0,11.0,32.0,84
316510,2013,0.0,0.0,0.0,0.0,0.0,0.0,0.0,0.0,0.0,0.0,37.0,80
316510,2014,4.0,0.0,2.0,1.0,2.0,17.0,0.0,2.0,5.0,4.0,38.0,98
316510,2015,4.0,0.0,0.0,0.0,1.0,17.0,1.0,1.0,6.0,4.0,35.0,95
316510,2016,5.0,0.0,2.0,1.0,1.0,16.0,2.0,2.0,9.0,1.0,39.0,87
316510,2017,0.0,0.0,0.0,3.0,0.0,12.0,3.0,2.0,4.0,2.0,27.0,66
316510,2018,0.0,0.0,2.0,2.0,1.0,14.0,1.0,0.0,6.0,6.0,33.0,83
316510,2019,0.0,0.0,5.0,1.0,0.0,12.0,1.0,1.0,11.0,6.0,38.0,84
316520,2012,2.0,0.0,0.0,0.0,1.0,15.0,2.0,1.0,11.0,7.0,41.0,73
316520,2013,0.0,0.0,0.0,0.0,0.0,0.0,0.0,0.0,0.0,0.0,34.0,80
316520,2014,2.0,0.0,0.0,0.0,0.0,11.0,3.0,2.0,10.0,6.0,37.0,66
316520,2015,0.0,0.0,0.0,3.0,0.0,14.0,1.0,2.0,3.0,5.0,32.0,68
316520,2016,2.0,0.0,0.0,1.0,0.0,13.0,2.0,3.0,8.0,11.0,41.0,78
316520,2017,3.0,0.0,0.0,3.0,2.0,10.0,3.0,2.0,9.0,6.0,38.0,69
316520,2018,6.0,0.0,0.0,1.0,1.0,14.0,6.0,3.0,3.0,4.0,38.0,70
316520,2019,3.0,0.0,0.0,1.0,1.0,21.0,6.0,4.0,13.0,2.0,51.0,91
316530,2012,6.0,0.0,2.0,0.0,0.0,20.0,2.0,5.0,5.0,13.0,54.0,78
316530,2013,0.0,0.0,0.0,0.0,0.0,0.0,0.0,0.0,0.0,0.0,25.0,37
316530,2014,3.0,0.0,3.0,1.0,1.0,16.0,4.0,2.0,3.0,21.0,59.0,92
316530,2015,5.0,1.0,0.0,2.0,2.0,18.0,3.0,2.0,4.0,15.0,58.0,77
316530,2016,9.0,0.0,0.0,1.0,2.0,18.0,2.0,1.0,3.0,25.0,63.0,84
316530,2017,6.0,0.0,0.0,0.0,1.0,19.0,1.0,6.0,0.0,16.0,56.0,78
316530,2018,6.0,0.0,1.0,1.0,1.0,19.0,1.0,13.0,1.0,21.0,64.0,80
316530,2019,7.0,0.0,0.0,2.0,3.0,15.0,0.0,10.0,4.0,17.0,62.0,79
316540,2012,3.0,0.0,0.0,16.0,9.0,2.0,0.0,0.0,2.0,0.0,39.0,66
316540,2013,0.0,0.0,0.0,0.0,0.0,0.0,0.0,0.0,0.0,0.0,37.0,70
316540,2014,2.0,0.0,0.0,19.0,8.0,2.0,3.0,1.0,6.0,0.0,44.0,80
316540,2015,2.0,0.0,0.0,10.0,10.0,7.0,9.0,3.0,7.0,3.0,51.0,76
316540,2016,3.0,0.0,0.0,16.0,10.0,6.0,3.0,2.0,5.0,1.0,46.0,69
316540,2017,4.0,0.0,1.0,18.0,15.0,5.0,2.0,1.0,7.0,1.0,54.0,76
316540,2018,0.0,0.0,0.0,27.0,13.0,3.0,4.0,0.0,1.0,1.0,49.0,73
316540,2019,1.0,0.0,0.0,25.0,15.0,6.0,1.0,0.0,2.0,1.0,51.0,73
316550,2012,4.0,0.0,2.0,1.0,0.0,10.0,3.0,1.0,11.0,5.0,41.0,75
316550,2013,0.0,0.0,0.0,0.0,0.0,0.0,0.0,0.0,0.0,0.0,38.0,68
316550,2014,4.0,0.0,0.0,1.0,1.0,15.0,1.0,3.0,10.0,12.0,49.0,86
316550,2015,0.0,0.0,0.0,2.0,1.0,7.0,3.0,2.0,11.0,9.0,37.0,74
316550,2016,4.0,0.0,2.0,1.0,0.0,13.0,11.0,0.0,6.0,4.0,44.0,78
316550,2017,1.0,1.0,2.0,0.0,2.0,10.0,5.0,1.0,8.0,5.0,36.0,78
316550,2018,2.0,0.0,0.0,0.0,0.0,8.0,2.0,2.0,6.0,8.0,31.0,56
316550,2019,4.0,1.0,0.0,1.0,2.0,15.0,9.0,0.0,6.0,3.0,41.0,80
316553,2012,20.0,1.0,6.0,10.0,3.0,48.0,14.0,7.0,59.0,20.0,206.0,437
316553,2013,0.0,0.0,0.0,0.0,0.0,0.0,0.0,0.0,0.0,0.0,234.0,498
316553,2014,21.0,2.0,7.0,10.0,5.0,87.0,23.0,8.0,74.0,14.0,254.0,495
316553,2015,28.0,0.0,5.0,6.0,7.0,86.0,28.0,10.0,102.0,12.0,287.0,582
316553,2016,22.0,1.0,11.0,7.0,10.0,83.0,29.0,1.0,68.0,18.0,252.0,527
316553,2017,18.0,0.0,10.0,9.0,8.0,86.0,29.0,3.0,74.0,16.0,254.0,543
316553,2018,24.0,2.0,5.0,14.0,9.0,80.0,34.0,5.0,77.0,6.0,256.0,545
316553,2019,25.0,1.0,8.0,10.0,9.0,86.0,24.0,3.0,58.0,17.0,245.0,516
316555,2012,6.0,0.0,6.0,1.0,1.0,14.0,1.0,6.0,6.0,2.0,46.0,185
316555,2013,0.0,0.0,0.0,0.0,0.0,0.0,0.0,0.0,0.0,0.0,53.0,189
316555,2014,3.0,0.0,0.0,1.0,1.0,11.0,4.0,3.0,4.0,5.0,33.0,166
316555,2015,4.0,0.0,0.0,1.0,1.0,15.0,2.0,4.0,3.0,13.0,43.0,171
316555,2016,2.0,0.0,0.0,5.0,0.0,14.0,1.0,5.0,3.0,8.0,40.0,134
316555,2017,1.0,0.0,2.0,0.0,1.0,15.0,7.0,6.0,2.0,10.0,45.0,170
316555,2018,1.0,0.0,0.0,1.0,0.0,20.0,4.0,6.0,5.0,7.0,45.0,141
316555,2019,2.0,0.0,1.0,1.0,1.0,23.0,7.0,6.0,8.0,7.0,61.0,148
316556,2012,1.0,1.0,0.0,0.0,0.0,4.0,0.0,0.0,2.0,2.0,11.0,18
316556,2013,0.0,0.0,0.0,0.0,0.0,0.0,0.0,0.0,0.0,0.0,11.0,16
316556,2014,0.0,0.0,0.0,0.0,1.0,6.0,1.0,0.0,2.0,0.0,11.0,20
316556,2015,0.0,0.0,0.0,0.0,0.0,1.0,4.0,1.0,1.0,1.0,8.0,14
316556,2016,0.0,0.0,0.0,0.0,0.0,5.0,0.0,0.0,4.0,0.0,9.0,18
316556,2017,0.0,0.0,0.0,0.0,0.0,3.0,4.0,0.0,4.0,0.0,12.0,22
316556,2018,0.0,0.0,0.0,0.0,0.0,0.0,1.0,0.0,1.0,0.0,2.0,10
316556,2019,0.0,0.0,0.0,1.0,0.0,3.0,1.0,0.0,6.0,1.0,12.0,19
316557,2012,8.0,0.0,2.0,3.0,2.0,15.0,4.0,0.0,13.0,2.0,56.0,85
316557,2013,0.0,0.0,0.0,0.0,0.0,0.0,0.0,0.0,0.0,0.0,46.0,80
316557,2014,5.0,0.0,2.0,1.0,0.0,21.0,3.0,0.0,10.0,8.0,53.0,87
316557,2015,1.0,0.0,0.0,1.0,0.0,21.0,3.0,2.0,6.0,12.0,53.0,94
316557,2016,3.0,1.0,2.0,1.0,0.0,23.0,5.0,1.0,8.0,14.0,63.0,109
316557,2017,8.0,0.0,2.0,0.0,0.0,20.0,7.0,1.0,8.0,13.0,61.0,101
316557,2018,10.0,0.0,3.0,1.0,0.0,23.0,6.0,4.0,10.0,10.0,72.0,101
316557,2019,5.0,0.0,0.0,1.0,0.0,27.0,3.0,3.0,5.0,8.0,64.0,109
316560,2012,1.0,0.0,0.0,0.0,1.0,4.0,0.0,0.0,3.0,1.0,11.0,30
316560,2013,0.0,0.0,0.0,0.0,0.0,0.0,0.0,0.0,0.0,0.0,14.0,26
316560,2014,2.0,1.0,1.0,0.0,2.0,4.0,2.0,0.0,3.0,3.0,19.0,34
316560,2015,3.0,0.0,0.0,0.0,0.0,5.0,1.0,0.0,4.0,1.0,14.0,32
316560,2016,0.0,3.0,0.0,0.0,0.0,3.0,1.0,0.0,0.0,1.0,10.0,28
316560,2017,1.0,0.0,0.0,0.0,1.0,4.0,2.0,2.0,2.0,0.0,12.0,26
316560,2018,0.0,0.0,2.0,0.0,0.0,5.0,1.0,1.0,3.0,1.0,13.0,20
316560,2019,2.0,0.0,0.0,1.0,0.0,3.0,0.0,1.0,3.0,0.0,11.0,25
316570,2012,8.0,0.0,2.0,1.0,0.0,20.0,1.0,3.0,4.0,29.0,68.0,78
316570,2013,0.0,0.0,0.0,0.0,0.0,0.0,0.0,0.0,0.0,0.0,67.0,75
316570,2014,6.0,0.0,2.0,0.0,0.0,20.0,0.0,6.0,4.0,30.0,69.0,82
316570,2015,7.0,0.0,4.0,1.0,0.0,24.0,0.0,8.0,2.0,27.0,73.0,85
316570,2016,3.0,1.0,0.0,0.0,2.0,26.0,0.0,11.0,1.0,18.0,62.0,77
316570,2017,2.0,0.0,2.0,3.0,2.0,26.0,2.0,9.0,3.0,22.0,72.0,91
316570,2018,9.0,0.0,1.0,0.0,2.0,32.0,3.0,5.0,2.0,17.0,72.0,89
316570,2019,5.0,0.0,0.0,0.0,1.0,24.0,0.0,6.0,0.0,28.0,64.0,86
316580,2012,1.0,0.0,0.0,0.0,0.0,2.0,0.0,0.0,3.0,0.0,7.0,14
316580,2013,0.0,0.0,0.0,0.0,0.0,0.0,0.0,0.0,0.0,0.0,7.0,10
316580,2014,1.0,0.0,4.0,0.0,0.0,2.0,0.0,0.0,1.0,0.0,8.0,14
316580,2015,0.0,3.0,2.0,1.0,0.0,1.0,1.0,0.0,1.0,2.0,12.0,15
316580,2016,1.0,0.0,0.0,0.0,0.0,2.0,0.0,0.0,1.0,1.0,5.0,6
316580,2017,0.0,0.0,0.0,0.0,0.0,2.0,0.0,0.0,2.0,1.0,5.0,11
316580,2018,2.0,0.0,0.0,0.0,0.0,0.0,1.0,0.0,3.0,2.0,9.0,10
316580,2019,1.0,0.0,0.0,0.0,0.0,2.0,2.0,0.0,1.0,1.0,9.0,11
316590,2012,2.0,0.0,0.0,1.0,1.0,3.0,1.0,1.0,4.0,2.0,15.0,46
316590,2013,0.0,0.0,0.0,0.0,0.0,0.0,0.0,0.0,0.0,0.0,17.0,43
316590,2014,1.0,0.0,2.0,0.0,0.0,3.0,3.0,0.0,5.0,1.0,16.0,36
316590,2015,1.0,0.0,2.0,0.0,0.0,2.0,3.0,1.0,3.0,4.0,18.0,34
316590,2016,2.0,0.0,0.0,0.0,0.0,5.0,1.0,1.0,5.0,1.0,16.0,45
316590,2017,1.0,0.0,0.0,1.0,0.0,5.0,2.0,0.0,3.0,0.0,13.0,39
316590,2018,2.0,1.0,0.0,0.0,0.0,2.0,1.0,0.0,5.0,0.0,11.0,37
316590,2019,2.0,0.0,2.0,1.0,0.0,4.0,0.0,0.0,3.0,0.0,12.0,40
316600,2012,2.0,1.0,2.0,1.0,2.0,6.0,4.0,2.0,14.0,10.0,44.0,62
316600,2013,0.0,0.0,0.0,0.0,0.0,0.0,0.0,0.0,0.0,0.0,33.0,47
316600,2014,0.0,0.0,2.0,2.0,2.0,20.0,2.0,3.0,2.0,11.0,44.0,61
316600,2015,3.0,0.0,4.0,1.0,0.0,10.0,10.0,0.0,13.0,10.0,53.0,72
316600,2016,3.0,0.0,3.0,2.0,1.0,16.0,6.0,2.0,10.0,4.0,47.0,63
316600,2017,1.0,0.0,1.0,2.0,1.0,14.0,6.0,0.0,8.0,0.0,33.0,43
316600,2018,2.0,0.0,3.0,2.0,0.0,13.0,7.0,1.0,8.0,4.0,40.0,55
316600,2019,5.0,0.0,0.0,1.0,1.0,23.0,2.0,1.0,5.0,3.0,41.0,58
316610,2012,2.0,0.0,0.0,0.0,0.0,5.0,0.0,0.0,2.0,1.0,10.0,36
316610,2013,0.0,0.0,0.0,0.0,0.0,0.0,0.0,0.0,0.0,0.0,14.0,35
316610,2014,0.0,0.0,2.0,1.0,0.0,4.0,2.0,1.0,4.0,1.0,17.0,47
316610,2015,4.0,0.0,2.0,0.0,1.0,3.0,1.0,1.0,0.0,7.0,19.0,45
316610,2016,3.0,0.0,0.0,2.0,0.0,4.0,0.0,1.0,0.0,4.0,14.0,46
316610,2017,0.0,0.0,0.0,0.0,0.0,5.0,0.0,2.0,2.0,1.0,10.0,32
316610,2018,1.0,0.0,0.0,0.0,1.0,7.0,1.0,0.0,2.0,0.0,12.0,40
316610,2019,1.0,1.0,2.0,0.0,1.0,6.0,2.0,2.0,4.0,3.0,22.0,44
316620,2012,3.0,2.0,2.0,2.0,4.0,8.0,3.0,1.0,12.0,9.0,53.0,92
316620,2013,0.0,0.0,0.0,0.0,0.0,0.0,0.0,0.0,0.0,0.0,41.0,66
316620,2014,3.0,0.0,4.0,16.0,7.0,8.0,4.0,2.0,9.0,5.0,62.0,92
316620,2015,5.0,0.0,5.0,11.0,12.0,8.0,0.0,1.0,15.0,0.0,60.0,83
316620,2016,3.0,1.0,0.0,8.0,7.0,10.0,2.0,4.0,12.0,7.0,60.0,83
316620,2017,7.0,0.0,5.0,9.0,4.0,14.0,1.0,3.0,16.0,4.0,66.0,106
316620,2018,5.0,0.0,1.0,1.0,2.0,11.0,4.0,4.0,10.0,5.0,44.0,78
316620,2019,8.0,0.0,3.0,1.0,4.0,21.0,0.0,1.0,13.0,7.0,58.0,94
316630,2012,8.0,0.0,2.0,2.0,0.0,12.0,6.0,6.0,13.0,7.0,59.0,96
316630,2013,0.0,0.0,0.0,0.0,0.0,0.0,0.0,0.0,0.0,0.0,45.0,79
316630,2014,9.0,0.0,0.0,2.0,1.0,19.0,5.0,6.0,9.0,7.0,59.0,99
316630,2015,8.0,0.0,0.0,1.0,0.0,20.0,5.0,1.0,19.0,1.0,67.0,106
316630,2016,3.0,2.0,2.0,2.0,0.0,18.0,6.0,1.0,27.0,3.0,67.0,109
316630,2017,2.0,0.0,0.0,0.0,1.0,27.0,7.0,0.0,20.0,0.0,58.0,87
316630,2018,3.0,0.0,0.0,2.0,2.0,32.0,8.0,0.0,20.0,1.0,70.0,103
316630,2019,6.0,0.0,2.0,2.0,1.0,28.0,6.0,0.0,15.0,0.0,61.0,108
316640,2012,1.0,0.0,0.0,1.0,0.0,2.0,1.0,0.0,2.0,2.0,10.0,17
316640,2013,0.0,0.0,0.0,0.0,0.0,0.0,0.0,0.0,0.0,0.0,9.0,14
316640,2014,1.0,0.0,0.0,2.0,1.0,3.0,1.0,1.0,4.0,0.0,13.0,15
316640,2015,1.0,0.0,0.0,0.0,0.0,5.0,0.0,0.0,3.0,2.0,11.0,15
316640,2016,2.0,0.0,0.0,0.0,1.0,5.0,3.0,0.0,0.0,0.0,11.0,16
316640,2017,1.0,0.0,0.0,0.0,2.0,2.0,3.0,0.0,5.0,1.0,14.0,18
316640,2018,1.0,0.0,0.0,2.0,2.0,4.0,2.0,0.0,2.0,4.0,17.0,23
316640,2019,1.0,0.0,0.0,5.0,2.0,8.0,0.0,0.0,6.0,0.0,22.0,26
316650,2012,3.0,0.0,0.0,2.0,1.0,4.0,2.0,0.0,2.0,3.0,18.0,60
316650,2013,0.0,0.0,0.0,0.0,0.0,0.0,0.0,0.0,0.0,0.0,15.0,50
316650,2014,1.0,0.0,0.0,0.0,0.0,3.0,0.0,2.0,3.0,3.0,12.0,41
316650,2015,0.0,0.0,2.0,2.0,1.0,5.0,2.0,0.0,4.0,3.0,20.0,56
316650,2016,3.0,0.0,0.0,0.0,1.0,5.0,3.0,2.0,3.0,1.0,19.0,64
316650,2017,1.0,0.0,0.0,0.0,0.0,5.0,2.0,0.0,0.0,1.0,9.0,44
316650,2018,3.0,0.0,0.0,0.0,0.0,4.0,0.0,1.0,1.0,0.0,10.0,58
316650,2019,0.0,0.0,0.0,0.0,1.0,5.0,1.0,0.0,4.0,1.0,13.0,56
316660,2012,0.0,0.0,0.0,1.0,0.0,2.0,0.0,0.0,0.0,0.0,4.0,9
316660,2013,0.0,0.0,0.0,0.0,0.0,0.0,0.0,0.0,0.0,0.0,6.0,8
316660,2014,0.0,0.0,0.0,4.0,1.0,1.0,1.0,0.0,0.0,0.0,8.0,9
316660,2015,1.0,0.0,0.0,1.0,0.0,1.0,1.0,0.0,0.0,0.0,4.0,4
316660,2016,0.0,0.0,0.0,0.0,0.0,0.0,0.0,0.0,0.0,1.0,1.0,6
316660,2017,0.0,0.0,0.0,0.0,0.0,0.0,1.0,0.0,0.0,1.0,2.0,4
316660,2018,0.0,0.0,0.0,0.0,0.0,2.0,0.0,0.0,1.0,1.0,4.0,7
316660,2019,0.0,0.0,0.0,0.0,0.0,1.0,0.0,0.0,1.0,0.0,2.0,6
316670,2012,3.0,0.0,3.0,9.0,20.0,3.0,1.0,0.0,5.0,1.0,45.0,96
316670,2013,0.0,0.0,0.0,0.0,0.0,0.0,0.0,0.0,0.0,0.0,40.0,105
316670,2014,1.0,0.0,2.0,11.0,7.0,5.0,1.0,1.0,3.0,3.0,34.0,90
316670,2015,1.0,0.0,4.0,11.0,9.0,4.0,0.0,3.0,4.0,1.0,37.0,83
316670,2016,2.0,0.0,0.0,19.0,9.0,4.0,3.0,2.0,4.0,0.0,43.0,91
316670,2017,1.0,0.0,1.0,16.0,7.0,6.0,5.0,2.0,0.0,1.0,39.0,75
316670,2018,1.0,0.0,0.0,6.0,1.0,12.0,5.0,2.0,6.0,3.0,36.0,80
316670,2019,6.0,1.0,1.0,1.0,0.0,18.0,5.0,4.0,5.0,5.0,47.0,95
316680,2012,6.0,0.0,0.0,2.0,0.0,21.0,1.0,2.0,21.0,11.0,69.0,123
316680,2013,0.0,0.0,0.0,0.0,0.0,0.0,0.0,0.0,0.0,0.0,70.0,126
316680,2014,4.0,0.0,0.0,2.0,0.0,23.0,9.0,3.0,15.0,7.0,64.0,134
316680,2015,6.0,0.0,2.0,0.0,1.0,35.0,8.0,8.0,17.0,18.0,95.0,169
316680,2016,14.0,0.0,2.0,1.0,1.0,32.0,12.0,2.0,18.0,2.0,84.0,138
316680,2017,14.0,1.0,1.0,1.0,0.0,41.0,8.0,5.0,25.0,10.0,106.0,177
316680,2018,8.0,0.0,1.0,1.0,1.0,41.0,8.0,6.0,15.0,5.0,86.0,174
316680,2019,5.0,0.0,0.0,2.0,2.0,44.0,14.0,2.0,18.0,11.0,98.0,178
316690,2012,6.0,0.0,2.0,2.0,1.0,15.0,7.0,1.0,20.0,1.0,56.0,91
316690,2013,0.0,0.0,0.0,0.0,0.0,0.0,0.0,0.0,0.0,0.0,53.0,94
316690,2014,3.0,0.0,0.0,1.0,2.0,26.0,8.0,1.0,19.0,3.0,67.0,104
316690,2015,3.0,0.0,4.0,2.0,1.0,25.0,7.0,1.0,9.0,2.0,57.0,109
316690,2016,4.0,0.0,4.0,1.0,0.0,27.0,4.0,1.0,12.0,3.0,56.0,88
316690,2017,3.0,0.0,0.0,4.0,1.0,21.0,4.0,0.0,9.0,5.0,48.0,92
316690,2018,7.0,0.0,2.0,1.0,2.0,22.0,8.0,0.0,12.0,3.0,57.0,104
316690,2019,9.0,0.0,0.0,0.0,0.0,24.0,4.0,0.0,15.0,1.0,54.0,85
316695,2012,2.0,0.0,0.0,1.0,0.0,3.0,5.0,0.0,4.0,1.0,16.0,42
316695,2013,0.0,0.0,0.0,0.0,0.0,0.0,0.0,0.0,0.0,0.0,30.0,59
316695,2014,3.0,0.0,0.0,0.0,0.0,4.0,11.0,0.0,6.0,0.0,25.0,52
316695,2015,4.0,0.0,0.0,0.0,2.0,6.0,2.0,1.0,2.0,3.0,20.0,50
316695,2016,2.0,0.0,0.0,0.0,0.0,7.0,2.0,1.0,6.0,3.0,21.0,43
316695,2017,1.0,0.0,0.0,0.0,0.0,6.0,2.0,1.0,7.0,2.0,19.0,43
316695,2018,1.0,0.0,0.0,0.0,1.0,7.0,1.0,1.0,2.0,1.0,14.0,40
316695,2019,2.0,0.0,0.0,0.0,1.0,6.0,4.0,2.0,6.0,3.0,24.0,49
316700,2012,4.0,0.0,0.0,0.0,0.0,3.0,0.0,1.0,5.0,2.0,15.0,19
316700,2013,0.0,0.0,0.0,0.0,0.0,0.0,0.0,0.0,0.0,0.0,15.0,19
316700,2014,0.0,0.0,0.0,0.0,0.0,6.0,0.0,1.0,5.0,0.0,13.0,16
316700,2015,0.0,0.0,0.0,1.0,1.0,2.0,0.0,0.0,3.0,0.0,7.0,12
316700,2016,1.0,0.0,0.0,1.0,1.0,3.0,4.0,0.0,1.0,2.0,13.0,27
316700,2017,2.0,0.0,0.0,1.0,2.0,5.0,3.0,0.0,7.0,1.0,21.0,28
316700,2018,4.0,0.0,0.0,2.0,2.0,6.0,0.0,0.0,0.0,0.0,14.0,17
316700,2019,1.0,0.0,0.0,1.0,4.0,2.0,2.0,0.0,7.0,1.0,18.0,20
316710,2012,9.0,0.0,2.0,2.0,2.0,17.0,2.0,2.0,10.0,16.0,70.0,228
316710,2013,0.0,0.0,0.0,0.0,0.0,0.0,0.0,0.0,0.0,0.0,75.0,245
316710,2014,13.0,0.0,10.0,1.0,6.0,27.0,2.0,15.0,7.0,21.0,105.0,266
316710,2015,13.0,0.0,7.0,4.0,2.0,18.0,4.0,5.0,6.0,32.0,100.0,270
316710,2016,18.0,0.0,5.0,3.0,1.0,21.0,1.0,14.0,3.0,33.0,109.0,280
316710,2017,9.0,0.0,6.0,0.0,3.0,26.0,4.0,8.0,5.0,37.0,107.0,264
316710,2018,9.0,1.0,1.0,2.0,4.0,23.0,3.0,18.0,8.0,37.0,114.0,266
316710,2019,12.0,0.0,6.0,3.0,6.0,21.0,3.0,9.0,10.0,29.0,104.0,261
316720,2012,177.0,4.0,39.0,17.0,35.0,350.0,63.0,29.0,401.0,154.0,1356.0,2906
316720,2013,0.0,0.0,0.0,0.0,0.0,0.0,0.0,0.0,0.0,0.0,1401.0,2934
316720,2014,117.0,2.0,59.0,29.0,30.0,381.0,119.0,52.0,317.0,168.0,1428.0,2990
316720,2015,112.0,1.0,56.0,40.0,42.0,415.0,146.0,47.0,388.0,168.0,1513.0,2985
316720,2016,97.0,0.0,58.0,27.0,30.0,363.0,114.0,54.0,276.0,179.0,1269.0,2599
316720,2017,105.0,1.0,52.0,26.0,44.0,426.0,114.0,63.0,324.0,169.0,1363.0,2719
316720,2018,112.0,2.0,48.0,39.0,42.0,485.0,135.0,59.0,377.0,173.0,1520.0,2821
316720,2019,114.0,1.0,42.0,59.0,43.0,420.0,136.0,57.0,341.0,115.0,1344.0,2677
316730,2012,1.0,0.0,0.0,0.0,0.0,6.0,0.0,3.0,0.0,3.0,13.0,19
316730,2013,0.0,0.0,0.0,0.0,0.0,0.0,0.0,0.0,0.0,0.0,21.0,26
316730,2014,1.0,0.0,0.0,0.0,1.0,6.0,2.0,1.0,3.0,3.0,17.0,23
316730,2015,3.0,0.0,0.0,0.0,1.0,2.0,1.0,3.0,1.0,2.0,14.0,23
316730,2016,1.0,0.0,0.0,0.0,0.0,4.0,1.0,1.0,5.0,2.0,14.0,23
316730,2017,0.0,0.0,0.0,0.0,0.0,4.0,2.0,1.0,4.0,5.0,16.0,28
316730,2018,0.0,1.0,0.0,0.0,0.0,2.0,0.0,0.0,1.0,4.0,8.0,20
316730,2019,0.0,0.0,2.0,1.0,0.0,6.0,0.0,0.0,0.0,3.0,12.0,20
316740,2012,7.0,1.0,4.0,0.0,0.0,5.0,1.0,1.0,3.0,4.0,31.0,51
316740,2013,0.0,0.0,0.0,0.0,0.0,0.0,0.0,0.0,0.0,0.0,35.0,59
316740,2014,3.0,0.0,0.0,0.0,0.0,10.0,4.0,4.0,9.0,3.0,36.0,67
316740,2015,0.0,0.0,0.0,0.0,2.0,5.0,5.0,0.0,10.0,7.0,31.0,59
316740,2016,1.0,0.0,4.0,1.0,1.0,15.0,4.0,4.0,11.0,4.0,48.0,78
316740,2017,3.0,0.0,2.0,0.0,0.0,12.0,1.0,2.0,8.0,4.0,33.0,52
316740,2018,6.0,0.0,2.0,0.0,2.0,15.0,3.0,1.0,10.0,5.0,45.0,70
316740,2019,5.0,0.0,2.0,0.0,0.0,16.0,2.0,0.0,7.0,6.0,43.0,64
316750,2012,2.0,0.0,0.0,2.0,0.0,3.0,4.0,1.0,5.0,1.0,22.0,33
316750,2013,0.0,0.0,0.0,0.0,0.0,0.0,0.0,0.0,0.0,0.0,14.0,23
316750,2014,3.0,0.0,4.0,1.0,2.0,4.0,4.0,0.0,3.0,2.0,25.0,40
316750,2015,2.0,0.0,0.0,1.0,0.0,8.0,5.0,0.0,1.0,1.0,20.0,35
316750,2016,3.0,0.0,0.0,0.0,0.0,3.0,1.0,0.0,6.0,1.0,14.0,22
316750,2017,1.0,0.0,1.0,0.0,0.0,6.0,0.0,0.0,6.0,1.0,15.0,33
316750,2018,1.0,0.0,2.0,0.0,1.0,3.0,1.0,1.0,0.0,1.0,10.0,21
316750,2019,2.0,0.0,0.0,1.0,0.0,7.0,0.0,0.0,4.0,1.0,15.0,30
316760,2012,26.0,2.0,2.0,0.0,1.0,46.0,17.0,2.0,52.0,10.0,176.0,269
316760,2013,0.0,0.0,0.0,0.0,0.0,0.0,0.0,0.0,0.0,0.0,174.0,268
316760,2014,11.0,6.0,0.0,3.0,3.0,46.0,20.0,1.0,50.0,6.0,153.0,265
316760,2015,15.0,5.0,0.0,5.0,5.0,37.0,19.0,2.0,49.0,5.0,149.0,281
316760,2016,11.0,10.0,2.0,10.0,2.0,61.0,13.0,1.0,61.0,8.0,196.0,297
316760,2017,10.0,0.0,7.0,1.0,2.0,75.0,10.0,17.0,16.0,40.0,194.0,308
316760,2018,18.0,3.0,9.0,3.0,1.0,84.0,26.0,12.0,46.0,14.0,218.0,336
316760,2019,14.0,1.0,5.0,1.0,2.0,100.0,27.0,1.0,70.0,6.0,228.0,364
316770,2012,2.0,0.0,2.0,1.0,1.0,12.0,3.0,1.0,6.0,2.0,32.0,60
316770,2013,0.0,0.0,0.0,0.0,0.0,0.0,0.0,0.0,0.0,0.0,28.0,56
316770,2014,0.0,0.0,0.0,0.0,0.0,10.0,1.0,5.0,6.0,4.0,27.0,57
316770,2015,0.0,0.0,0.0,1.0,0.0,12.0,1.0,1.0,4.0,5.0,25.0,61
316770,2016,3.0,1.0,1.0,2.0,0.0,10.0,2.0,1.0,4.0,2.0,26.0,55
316770,2017,1.0,0.0,0.0,1.0,2.0,11.0,4.0,2.0,3.0,1.0,26.0,59
316770,2018,3.0,0.0,2.0,1.0,0.0,8.0,0.0,0.0,6.0,8.0,32.0,56
316770,2019,2.0,0.0,2.0,0.0,1.0,17.0,3.0,1.0,1.0,3.0,30.0,55
316780,2012,4.0,0.0,0.0,1.0,1.0,10.0,3.0,1.0,6.0,5.0,37.0,61
316780,2013,0.0,0.0,0.0,0.0,0.0,0.0,0.0,0.0,0.0,0.0,47.0,69
316780,2014,3.0,0.0,4.0,0.0,0.0,20.0,1.0,2.0,7.0,4.0,43.0,65
316780,2015,1.0,0.0,0.0,0.0,0.0,18.0,2.0,2.0,12.0,5.0,42.0,67
316780,2016,4.0,0.0,2.0,1.0,0.0,22.0,1.0,1.0,9.0,7.0,47.0,72
316780,2017,6.0,0.0,1.0,0.0,0.0,14.0,4.0,2.0,7.0,3.0,37.0,62
316780,2018,3.0,0.0,0.0,0.0,1.0,21.0,6.0,1.0,8.0,3.0,43.0,58
316780,2019,1.0,0.0,0.0,0.0,0.0,12.0,3.0,0.0,4.0,1.0,21.0,55
316790,2012,0.0,0.0,0.0,0.0,1.0,6.0,0.0,3.0,4.0,4.0,19.0,31
316790,2013,0.0,0.0,0.0,0.0,0.0,0.0,0.0,0.0,0.0,0.0,19.0,25
316790,2014,1.0,0.0,0.0,1.0,0.0,8.0,3.0,3.0,8.0,9.0,34.0,51
316790,2015,0.0,0.0,0.0,0.0,0.0,10.0,1.0,1.0,4.0,7.0,23.0,35
316790,2016,2.0,0.0,2.0,3.0,0.0,6.0,1.0,2.0,8.0,2.0,27.0,39
316790,2017,2.0,0.0,0.0,1.0,0.0,6.0,0.0,0.0,5.0,9.0,23.0,35
316790,2018,2.0,1.0,2.0,3.0,1.0,10.0,2.0,1.0,6.0,2.0,30.0,51
316790,2019,0.0,0.0,0.0,2.0,0.0,12.0,1.0,0.0,11.0,4.0,30.0,43
316800,2012,16.0,5.0,3.0,10.0,17.0,50.0,23.0,1.0,59.0,4.0,208.0,468
316800,2013,0.0,0.0,0.0,0.0,0.0,0.0,0.0,0.0,0.0,0.0,208.0,418
316800,2014,25.0,0.0,1.0,7.0,7.0,57.0,32.0,6.0,70.0,38.0,245.0,490
316800,2015,18.0,3.0,11.0,8.0,7.0,58.0,31.0,9.0,56.0,24.0,232.0,447
316800,2016,15.0,1.0,4.0,11.0,6.0,59.0,30.0,6.0,60.0,27.0,230.0,443
316800,2017,17.0,4.0,9.0,9.0,7.0,64.0,33.0,10.0,71.0,22.0,250.0,478
316800,2018,19.0,4.0,8.0,7.0,8.0,72.0,29.0,7.0,57.0,22.0,236.0,432
316800,2019,30.0,1.0,4.0,6.0,10.0,72.0,24.0,22.0,55.0,38.0,266.0,448
316805,2012,3.0,0.0,0.0,0.0,0.0,11.0,2.0,6.0,3.0,7.0,36.0,40
316805,2013,0.0,0.0,0.0,0.0,0.0,0.0,0.0,0.0,0.0,0.0,33.0,36
316805,2014,5.0,0.0,2.0,0.0,0.0,10.0,4.0,1.0,10.0,4.0,36.0,37
316805,2015,0.0,0.0,2.0,2.0,0.0,13.0,4.0,5.0,8.0,12.0,48.0,51
316805,2016,1.0,1.0,2.0,2.0,1.0,17.0,2.0,6.0,4.0,8.0,44.0,47
316805,2017,3.0,0.0,0.0,0.0,1.0,13.0,0.0,5.0,3.0,7.0,33.0,36
316805,2018,0.0,0.0,0.0,0.0,0.0,19.0,1.0,3.0,0.0,12.0,36.0,40
316805,2019,4.0,1.0,0.0,1.0,0.0,11.0,3.0,6.0,5.0,4.0,35.0,37
316810,2012,3.0,1.0,0.0,1.0,1.0,17.0,2.0,2.0,22.0,1.0,51.0,56
316810,2013,0.0,0.0,0.0,0.0,0.0,0.0,0.0,0.0,0.0,0.0,33.0,38
316810,2014,3.0,0.0,0.0,1.0,0.0,12.0,1.0,1.0,5.0,1.0,25.0,33
316810,2015,2.0,0.0,0.0,1.0,2.0,11.0,3.0,1.0,10.0,3.0,35.0,45
316810,2016,6.0,1.0,0.0,2.0,0.0,15.0,4.0,5.0,3.0,3.0,41.0,52
316810,2017,2.0,0.0,0.0,2.0,0.0,12.0,4.0,0.0,12.0,3.0,35.0,46
316810,2018,2.0,0.0,2.0,2.0,0.0,22.0,5.0,2.0,11.0,4.0,52.0,62
316810,2019,2.0,0.0,2.0,1.0,2.0,21.0,1.0,4.0,10.0,2.0,46.0,62
316820,2012,0.0,0.0,0.0,0.0,0.0,1.0,0.0,0.0,0.0,0.0,8.0,15
316820,2013,0.0,0.0,0.0,0.0,0.0,0.0,0.0,0.0,0.0,0.0,5.0,12
316820,2014,0.0,0.0,0.0,0.0,0.0,2.0,0.0,1.0,0.0,0.0,6.0,8
316820,2015,0.0,0.0,0.0,0.0,0.0,0.0,1.0,1.0,1.0,4.0,10.0,12
316820,2016,1.0,0.0,0.0,0.0,0.0,1.0,1.0,0.0,1.0,0.0,5.0,8
316820,2017,1.0,0.0,0.0,0.0,0.0,4.0,2.0,1.0,2.0,0.0,10.0,13
316820,2018,0.0,0.0,0.0,0.0,0.0,3.0,0.0,2.0,0.0,3.0,8.0,10
316820,2019,0.0,0.0,0.0,0.0,0.0,6.0,1.0,0.0,1.0,1.0,9.0,15
316830,2012,2.0,0.0,0.0,1.0,0.0,8.0,1.0,1.0,6.0,0.0,20.0,38
316830,2013,0.0,0.0,0.0,0.0,0.0,0.0,0.0,0.0,0.0,0.0,15.0,34
316830,2014,0.0,0.0,0.0,2.0,1.0,4.0,0.0,0.0,2.0,2.0,11.0,42
316830,2015,1.0,0.0,4.0,0.0,0.0,3.0,0.0,0.0,3.0,1.0,13.0,34
316830,2016,0.0,0.0,0.0,1.0,0.0,2.0,1.0,2.0,1.0,0.0,7.0,36
316830,2017,3.0,0.0,0.0,0.0,2.0,4.0,2.0,1.0,4.0,0.0,16.0,38
316830,2018,1.0,0.0,2.0,0.0,0.0,3.0,5.0,1.0,0.0,0.0,12.0,38
316830,2019,0.0,0.0,0.0,1.0,0.0,8.0,3.0,0.0,3.0,2.0,17.0,48
316840,2012,8.0,0.0,2.0,3.0,1.0,22.0,4.0,3.0,6.0,10.0,82.0,138
316840,2013,0.0,0.0,0.0,0.0,0.0,0.0,0.0,0.0,0.0,0.0,93.0,149
316840,2014,5.0,0.0,8.0,6.0,2.0,42.0,6.0,7.0,11.0,23.0,111.0,184
316840,2015,5.0,0.0,1.0,2.0,4.0,33.0,5.0,5.0,9.0,10.0,79.0,159
316840,2016,3.0,0.0,2.0,4.0,2.0,33.0,4.0,2.0,10.0,3.0,68.0,138
316840,2017,5.0,1.0,4.0,3.0,1.0,21.0,7.0,3.0,15.0,8.0,73.0,139
316840,2018,4.0,0.0,2.0,4.0,4.0,33.0,7.0,2.0,15.0,7.0,79.0,148
316840,2019,2.0,0.0,0.0,4.0,3.0,30.0,7.0,4.0,11.0,8.0,70.0,116
316850,2012,3.0,0.0,4.0,4.0,2.0,21.0,5.0,5.0,15.0,28.0,101.0,128
316850,2013,0.0,0.0,0.0,0.0,0.0,0.0,0.0,0.0,0.0,0.0,80.0,123
316850,2014,3.0,1.0,3.0,1.0,2.0,33.0,5.0,7.0,16.0,14.0,86.0,116
316850,2015,6.0,0.0,2.0,0.0,5.0,29.0,4.0,7.0,10.0,28.0,91.0,126
316850,2016,5.0,0.0,0.0,2.0,2.0,28.0,3.0,5.0,11.0,16.0,72.0,101
316850,2017,11.0,0.0,3.0,0.0,1.0,22.0,6.0,3.0,18.0,17.0,82.0,120
316850,2018,7.0,0.0,6.0,0.0,5.0,33.0,5.0,5.0,13.0,12.0,87.0,113
316850,2019,12.0,0.0,0.0,2.0,3.0,30.0,4.0,9.0,9.0,19.0,88.0,115
316860,2012,89.0,1.0,22.0,15.0,26.0,195.0,47.0,21.0,224.0,93.0,734.0,1796
316860,2013,0.0,0.0,0.0,0.0,0.0,0.0,0.0,0.0,0.0,0.0,815.0,1824
316860,2014,73.0,0.0,34.0,18.0,24.0,282.0,69.0,62.0,154.0,169.0,900.0,1946
316860,2015,74.0,1.0,41.0,21.0,27.0,261.0,66.0,61.0,181.0,145.0,888.0,1923
316860,2016,68.0,3.0,45.0,30.0,18.0,251.0,79.0,59.0,165.0,142.0,883.0,1824
316860,2017,84.0,0.0,28.0,30.0,23.0,313.0,105.0,68.0,207.0,118.0,985.0,1964
316860,2018,78.0,4.0,27.0,38.0,35.0,320.0,92.0,55.0,213.0,102.0,1015.0,2007
316860,2019,98.0,0.0,50.0,34.0,23.0,281.0,123.0,43.0,227.0,106.0,1022.0,1879
316870,2012,74.0,1.0,21.0,13.0,13.0,174.0,21.0,28.0,110.0,121.0,672.0,1098
316870,2013,0.0,0.0,0.0,0.0,0.0,0.0,0.0,0.0,0.0,0.0,686.0,1083
316870,2014,90.0,0.0,22.0,5.0,15.0,211.0,44.0,60.0,136.0,157.0,770.0,1096
316870,2015,49.0,1.0,30.0,18.0,19.0,239.0,42.0,55.0,122.0,167.0,745.0,1106
316870,2016,39.0,1.0,10.0,12.0,16.0,200.0,44.0,38.0,148.0,105.0,615.0,980
316870,2017,57.0,1.0,22.0,18.0,9.0,223.0,49.0,31.0,147.0,68.0,625.0,980
316870,2018,52.0,3.0,18.0,11.0,21.0,231.0,58.0,27.0,180.0,64.0,666.0,1031
316870,2019,41.0,2.0,12.0,10.0,16.0,264.0,58.0,17.0,137.0,53.0,612.0,961
316880,2012,13.0,0.0,2.0,0.0,0.0,11.0,1.0,0.0,11.0,5.0,52.0,72
316880,2013,0.0,0.0,0.0,0.0,0.0,0.0,0.0,0.0,0.0,0.0,56.0,77
316880,2014,3.0,0.0,7.0,1.0,0.0,19.0,6.0,1.0,11.0,8.0,63.0,90
316880,2015,6.0,0.0,1.0,1.0,1.0,13.0,4.0,3.0,12.0,8.0,56.0,84
316880,2016,10.0,0.0,6.0,0.0,3.0,18.0,6.0,0.0,12.0,13.0,77.0,104
316880,2017,5.0,1.0,0.0,2.0,2.0,17.0,3.0,1.0,19.0,9.0,60.0,82
316880,2018,5.0,0.0,0.0,2.0,1.0,21.0,4.0,1.0,13.0,3.0,50.0,74
316880,2019,7.0,1.0,2.0,1.0,2.0,20.0,7.0,5.0,6.0,12.0,63.0,87
316890,2012,1.0,0.0,0.0,0.0,0.0,8.0,1.0,0.0,4.0,12.0,31.0,48
316890,2013,0.0,0.0,0.0,0.0,0.0,0.0,0.0,0.0,0.0,0.0,38.0,47
316890,2014,1.0,0.0,1.0,1.0,0.0,16.0,2.0,9.0,4.0,10.0,45.0,64
316890,2015,3.0,0.0,0.0,1.0,1.0,22.0,1.0,6.0,6.0,14.0,55.0,71
316890,2016,3.0,0.0,0.0,0.0,0.0,16.0,4.0,3.0,8.0,5.0,39.0,62
316890,2017,2.0,0.0,0.0,2.0,2.0,24.0,2.0,2.0,5.0,22.0,61.0,78
316890,2018,1.0,0.0,2.0,0.0,1.0,24.0,3.0,2.0,12.0,15.0,60.0,77
316890,2019,5.0,0.0,0.0,0.0,0.0,26.0,3.0,3.0,11.0,14.0,62.0,87
316900,2012,21.0,0.0,2.0,2.0,2.0,22.0,1.0,18.0,8.0,76.0,155.0,193
316900,2013,0.0,0.0,0.0,0.0,0.0,0.0,0.0,0.0,0.0,0.0,180.0,202
316900,2014,20.0,0.0,10.0,1.0,2.0,50.0,5.0,14.0,22.0,48.0,175.0,198
316900,2015,25.0,0.0,8.0,1.0,1.0,45.0,1.0,11.0,1.0,56.0,154.0,196
316900,2016,18.0,0.0,0.0,0.0,1.0,39.0,2.0,16.0,6.0,63.0,147.0,182
316900,2017,22.0,0.0,3.0,5.0,8.0,56.0,1.0,19.0,16.0,53.0,184.0,214
316900,2018,12.0,0.0,5.0,0.0,6.0,50.0,4.0,13.0,5.0,54.0,152.0,189
316900,2019,5.0,0.0,6.0,3.0,0.0,65.0,1.0,17.0,6.0,44.0,147.0,187
316905,2012,5.0,0.0,0.0,0.0,0.0,4.0,1.0,1.0,6.0,0.0,25.0,33
316905,2013,0.0,0.0,0.0,0.0,0.0,0.0,0.0,0.0,0.0,0.0,16.0,21
316905,2014,2.0,0.0,2.0,1.0,1.0,4.0,2.0,1.0,13.0,2.0,29.0,39
316905,2015,1.0,0.0,0.0,1.0,1.0,9.0,2.0,0.0,7.0,2.0,23.0,28
316905,2016,2.0,0.0,0.0,2.0,0.0,6.0,3.0,1.0,5.0,2.0,23.0,29
316905,2017,1.0,1.0,0.0,1.0,0.0,8.0,3.0,2.0,7.0,3.0,26.0,34
316905,2018,2.0,0.0,0.0,1.0,0.0,14.0,0.0,1.0,9.0,1.0,29.0,42
316905,2019,0.0,0.0,0.0,0.0,0.0,7.0,2.0,2.0,7.0,3.0,21.0,38
316910,2012,5.0,0.0,2.0,0.0,1.0,12.0,3.0,4.0,10.0,21.0,63.0,93
316910,2013,0.0,0.0,0.0,0.0,0.0,0.0,0.0,0.0,0.0,0.0,49.0,65
316910,2014,7.0,0.0,4.0,1.0,0.0,23.0,3.0,2.0,6.0,6.0,52.0,72
316910,2015,3.0,0.0,0.0,0.0,0.0,12.0,5.0,2.0,5.0,6.0,37.0,48
316910,2016,4.0,0.0,2.0,0.0,0.0,17.0,3.0,9.0,3.0,10.0,53.0,70
316910,2017,3.0,0.0,0.0,0.0,0.0,17.0,2.0,2.0,7.0,10.0,49.0,64
316910,2018,2.0,0.0,3.0,1.0,0.0,13.0,3.0,1.0,6.0,5.0,46.0,55
316910,2019,8.0,0.0,0.0,1.0,2.0,29.0,12.0,4.0,14.0,4.0,76.0,92
316920,2012,10.0,0.0,1.0,0.0,1.0,22.0,1.0,2.0,12.0,5.0,84.0,104
316920,2013,0.0,0.0,0.0,0.0,0.0,0.0,0.0,0.0,0.0,0.0,70.0,89
316920,2014,4.0,0.0,7.0,1.0,0.0,24.0,1.0,6.0,7.0,16.0,101.0,114
316920,2015,8.0,0.0,2.0,0.0,0.0,64.0,3.0,3.0,2.0,1.0,86.0,100
316920,2016,4.0,0.0,0.0,0.0,1.0,68.0,0.0,10.0,0.0,2.0,85.0,96
316920,2017,4.0,0.0,0.0,1.0,0.0,62.0,0.0,1.0,0.0,4.0,72.0,88
316920,2018,6.0,1.0,4.0,1.0,0.0,25.0,0.0,2.0,2.0,17.0,81.0,99
316920,2019,4.0,0.0,0.0,0.0,0.0,28.0,0.0,1.0,1.0,14.0,59.0,84
316930,2012,75.0,1.0,17.0,8.0,10.0,187.0,43.0,12.0,159.0,81.0,636.0,1031
316930,2013,0.0,0.0,0.0,0.0,0.0,0.0,0.0,0.0,0.0,0.0,607.0,1004
316930,2014,68.0,0.0,28.0,2.0,2.0,218.0,46.0,26.0,152.0,65.0,674.0,1077
316930,2015,47.0,0.0,20.0,16.0,2.0,199.0,31.0,28.0,131.0,91.0,651.0,1068
316930,2016,69.0,2.0,25.0,18.0,7.0,225.0,32.0,43.0,96.0,125.0,642.0,1026
316930,2017,63.0,0.0,37.0,19.0,16.0,217.0,53.0,16.0,147.0,73.0,648.0,1077
316930,2018,64.0,1.0,24.0,92.0,56.0,221.0,45.0,14.0,98.0,58.0,673.0,1085
316930,2019,60.0,2.0,25.0,24.0,20.0,243.0,52.0,10.0,137.0,11.0,584.0,1010
316935,2012,25.0,2.0,3.0,8.0,2.0,53.0,11.0,8.0,27.0,27.0,177.0,391
316935,2013,0.0,0.0,0.0,0.0,0.0,0.0,0.0,0.0,0.0,0.0,204.0,374
316935,2014,13.0,0.0,8.0,6.0,3.0,63.0,18.0,13.0,32.0,29.0,194.0,381
316935,2015,12.0,0.0,6.0,10.0,5.0,57.0,12.0,9.0,30.0,32.0,191.0,399
316935,2016,12.0,0.0,11.0,8.0,4.0,65.0,16.0,22.0,24.0,32.0,195.0,366
316935,2017,8.0,1.0,2.0,5.0,6.0,56.0,7.0,19.0,29.0,50.0,183.0,340
316935,2018,25.0,0.0,9.0,6.0,0.0,57.0,11.0,16.0,40.0,45.0,210.0,379
316935,2019,29.0,0.0,13.0,6.0,7.0,74.0,17.0,13.0,42.0,43.0,249.0,379
316940,2012,74.0,0.0,9.0,5.0,9.0,134.0,34.0,24.0,114.0,79.0,500.0,775
316940,2013,0.0,0.0,0.0,0.0,0.0,0.0,0.0,0.0,0.0,0.0,527.0,745
316940,2014,44.0,6.0,15.0,10.0,7.0,161.0,61.0,25.0,138.0,45.0,516.0,712
316940,2015,41.0,7.0,10.0,12.0,8.0,188.0,49.0,21.0,131.0,78.0,552.0,752
316940,2016,68.0,3.0,6.0,5.0,7.0,168.0,49.0,11.0,149.0,45.0,513.0,657
316940,2017,62.0,2.0,11.0,8.0,5.0,196.0,33.0,17.0,120.0,68.0,522.0,709
316940,2018,32.0,2.0,11.0,13.0,12.0,221.0,30.0,14.0,107.0,65.0,507.0,733
316940,2019,36.0,2.0,6.0,11.0,10.0,190.0,21.0,23.0,102.0,65.0,467.0,692
316950,2012,5.0,0.0,0.0,1.0,2.0,18.0,8.0,9.0,12.0,6.0,62.0,91
316950,2013,0.0,0.0,0.0,0.0,0.0,0.0,0.0,0.0,0.0,0.0,40.0,69
316950,2014,3.0,0.0,0.0,2.0,1.0,9.0,2.0,1.0,7.0,6.0,31.0,66
316950,2015,1.0,0.0,0.0,2.0,1.0,21.0,2.0,2.0,5.0,6.0,43.0,89
316950,2016,3.0,0.0,2.0,0.0,0.0,15.0,5.0,1.0,4.0,2.0,36.0,75
316950,2017,4.0,0.0,0.0,2.0,1.0,11.0,3.0,3.0,10.0,4.0,43.0,81
316950,2018,1.0,0.0,0.0,5.0,0.0,10.0,3.0,0.0,2.0,2.0,25.0,72
316950,2019,0.0,0.0,2.0,0.0,1.0,16.0,1.0,4.0,5.0,2.0,32.0,76
316960,2012,11.0,0.0,5.0,2.0,4.0,45.0,3.0,10.0,27.0,30.0,139.0,178
316960,2013,0.0,0.0,0.0,0.0,0.0,0.0,0.0,0.0,0.0,0.0,203.0,250
316960,2014,11.0,0.0,1.0,1.0,0.0,82.0,8.0,20.0,36.0,30.0,210.0,243
316960,2015,12.0,0.0,4.0,0.0,1.0,63.0,10.0,6.0,45.0,18.0,216.0,255
316960,2016,8.0,0.0,4.0,3.0,2.0,62.0,6.0,14.0,37.0,20.0,157.0,221
316960,2017,12.0,0.0,10.0,4.0,2.0,67.0,9.0,5.0,34.0,9.0,154.0,276
316960,2018,8.0,4.0,4.0,4.0,3.0,60.0,9.0,7.0,23.0,19.0,143.0,216
316960,2019,10.0,2.0,9.0,11.0,8.0,66.0,12.0,6.0,26.0,20.0,173.0,251
316970,2012,9.0,0.0,9.0,5.0,7.0,15.0,3.0,8.0,7.0,16.0,93.0,256
316970,2013,0.0,0.0,0.0,0.0,0.0,0.0,0.0,0.0,0.0,0.0,103.0,246
316970,2014,4.0,0.0,0.0,0.0,0.0,17.0,0.0,9.0,0.0,26.0,83.0,233
316970,2015,9.0,0.0,6.0,0.0,0.0,19.0,1.0,17.0,4.0,20.0,86.0,212
316970,2016,5.0,0.0,1.0,0.0,1.0,22.0,6.0,18.0,5.0,27.0,93.0,225
316970,2017,10.0,0.0,4.0,3.0,1.0,20.0,0.0,13.0,1.0,29.0,92.0,241
316970,2018,3.0,0.0,3.0,1.0,2.0,20.0,2.0,10.0,6.0,23.0,78.0,178
316970,2019,4.0,0.0,4.0,1.0,0.0,15.0,6.0,2.0,4.0,5.0,108.0,250
316980,2012,10.0,0.0,0.0,0.0,0.0,6.0,1.0,1.0,7.0,2.0,29.0,48
316980,2013,0.0,0.0,0.0,0.0,0.0,0.0,0.0,0.0,0.0,0.0,30.0,51
316980,2014,4.0,0.0,2.0,1.0,3.0,6.0,5.0,2.0,6.0,10.0,41.0,71
316980,2015,4.0,0.0,2.0,0.0,1.0,15.0,1.0,1.0,7.0,2.0,33.0,64
316980,2016,4.0,0.0,0.0,0.0,2.0,6.0,4.0,1.0,10.0,4.0,32.0,53
316980,2017,4.0,0.0,2.0,0.0,1.0,10.0,3.0,2.0,6.0,7.0,35.0,50
316980,2018,4.0,0.0,2.0,1.0,1.0,17.0,3.0,3.0,8.0,5.0,45.0,75
316980,2019,4.0,0.0,0.0,2.0,1.0,12.0,2.0,3.0,10.0,1.0,38.0,64
316990,2012,140.0,0.0,20.0,12.0,25.0,408.0,23.0,86.0,77.0,419.0,1232.0,1378
316990,2013,0.0,0.0,0.0,0.0,0.0,0.0,0.0,0.0,0.0,0.0,1174.0,1329
316990,2014,121.0,2.0,30.0,11.0,12.0,384.0,34.0,93.0,143.0,322.0,1170.0,1315
316990,2015,108.0,0.0,51.0,10.0,12.0,402.0,23.0,89.0,63.0,387.0,1183.0,1405
316990,2016,94.0,2.0,13.0,9.0,10.0,344.0,25.0,85.0,57.0,313.0,959.0,1159
316990,2017,119.0,0.0,27.0,14.0,16.0,380.0,16.0,64.0,83.0,347.0,1073.0,1262
316990,2018,107.0,0.0,26.0,7.0,20.0,418.0,12.0,79.0,52.0,328.0,1062.0,1275
316990,2019,87.0,0.0,29.0,13.0,12.0,446.0,12.0,67.0,35.0,353.0,1054.0,1342
317000,2012,12.0,0.0,3.0,3.0,2.0,21.0,4.0,0.0,11.0,17.0,78.0,154
317000,2013,0.0,0.0,0.0,0.0,0.0,0.0,0.0,0.0,0.0,0.0,72.0,165
317000,2014,4.0,1.0,2.0,3.0,1.0,23.0,3.0,7.0,4.0,13.0,61.0,134
317000,2015,3.0,0.0,0.0,3.0,3.0,21.0,5.0,11.0,3.0,12.0,66.0,147
317000,2016,5.0,0.0,0.0,2.0,1.0,24.0,5.0,6.0,15.0,10.0,68.0,156
317000,2017,8.0,1.0,2.0,4.0,1.0,24.0,1.0,4.0,15.0,8.0,68.0,132
317000,2018,7.0,0.0,0.0,3.0,0.0,22.0,7.0,7.0,8.0,8.0,62.0,145
317000,2019,3.0,0.0,2.0,1.0,2.0,16.0,4.0,4.0,7.0,6.0,45.0,133
317005,2012,6.0,0.0,0.0,0.0,1.0,25.0,1.0,1.0,17.0,6.0,90.0,155
317005,2013,0.0,0.0,0.0,0.0,0.0,0.0,0.0,0.0,0.0,0.0,106.0,157
317005,2014,9.0,0.0,2.0,2.0,1.0,22.0,4.0,5.0,21.0,9.0,100.0,174
317005,2015,6.0,0.0,0.0,2.0,2.0,27.0,9.0,2.0,21.0,7.0,117.0,177
317005,2016,5.0,2.0,4.0,4.0,1.0,30.0,11.0,2.0,16.0,5.0,83.0,133
317005,2017,6.0,0.0,0.0,3.0,1.0,37.0,12.0,0.0,17.0,2.0,87.0,137
317005,2018,9.0,0.0,0.0,1.0,3.0,32.0,7.0,7.0,22.0,8.0,92.0,156
317005,2019,8.0,0.0,3.0,2.0,1.0,43.0,11.0,4.0,24.0,12.0,111.0,155
317010,2012,341.0,6.0,73.0,36.0,57.0,892.0,168.0,73.0,701.0,430.0,2794.0,4031
317010,2013,0.0,0.0,0.0,0.0,0.0,0.0,0.0,0.0,0.0,0.0,2873.0,4167
317010,2014,256.0,3.0,76.0,44.0,62.0,1000.0,227.0,93.0,767.0,271.0,2902.0,4287
317010,2015,261.0,9.0,68.0,44.0,35.0,1005.0,248.0,107.0,624.0,349.0,2848.0,4443
317010,2016,236.0,6.0,91.0,55.0,39.0,950.0,266.0,64.0,635.0,241.0,2716.0,4134
317010,2017,269.0,5.0,105.0,59.0,41.0,954.0,244.0,63.0,733.0,171.0,2781.0,4255
317010,2018,305.0,6.0,78.0,82.0,55.0,1069.0,230.0,48.0,619.0,184.0,2684.0,4188
317010,2019,295.0,12.0,108.0,62.0,57.0,946.0,296.0,96.0,609.0,251.0,2732.0,4187
317020,2012,736.0,15.0,179.0,91.0,114.0,2750.0,294.0,71.0,2477.0,507.0,7266.0,8824
317020,2013,0.0,0.0,0.0,0.0,0.0,0.0,0.0,0.0,0.0,0.0,7121.0,9006
317020,2014,629.0,14.0,195.0,106.0,130.0,2808.0,570.0,70.0,2293.0,357.0,7194.0,9474
317020,2015,481.0,9.0,202.0,118.0,117.0,2886.0,538.0,86.0,2245.0,355.0,7062.0,9687
317020,2016,510.0,13.0,190.0,116.0,96.0,2698.0,465.0,103.0,1980.0,419.0,6636.0,9247
317020,2017,523.0,11.0,215.0,124.0,151.0,2791.0,535.0,76.0,2022.0,313.0,6796.0,9639
317020,2018,476.0,15.0,219.0,112.0,146.0,2869.0,537.0,80.0,1877.0,302.0,6676.0,9685
317020,2019,457.0,9.0,189.0,147.0,128.0,2813.0,545.0,99.0,1849.0,358.0,6630.0,9676
317030,2012,0.0,0.0,2.0,0.0,1.0,0.0,0.0,1.0,3.0,2.0,9.0,34
317030,2013,0.0,0.0,0.0,0.0,0.0,0.0,0.0,0.0,0.0,0.0,14.0,39
317030,2014,1.0,0.0,0.0,0.0,0.0,5.0,4.0,0.0,1.0,2.0,14.0,43
317030,2015,2.0,0.0,0.0,0.0,0.0,4.0,3.0,0.0,1.0,1.0,11.0,41
317030,2016,0.0,0.0,0.0,0.0,0.0,4.0,1.0,2.0,1.0,0.0,9.0,28
317030,2017,1.0,0.0,0.0,0.0,1.0,3.0,3.0,0.0,2.0,0.0,10.0,45
317030,2018,1.0,0.0,2.0,1.0,0.0,1.0,0.0,2.0,2.0,1.0,10.0,36
317030,2019,1.0,0.0,4.0,1.0,0.0,4.0,0.0,0.0,3.0,1.0,14.0,40
317040,2012,71.0,9.0,17.0,10.0,14.0,157.0,45.0,19.0,96.0,52.0,682.0,1129
317040,2013,0.0,0.0,0.0,0.0,0.0,0.0,0.0,0.0,0.0,0.0,686.0,1128
317040,2014,57.0,6.0,23.0,25.0,23.0,233.0,57.0,45.0,169.0,123.0,809.0,1216
317040,2015,48.0,1.0,11.0,26.0,20.0,266.0,62.0,30.0,166.0,83.0,738.0,1134
317040,2016,31.0,5.0,18.0,12.0,13.0,256.0,51.0,26.0,177.0,82.0,679.0,1068
317040,2017,48.0,1.0,39.0,21.0,13.0,311.0,49.0,53.0,188.0,118.0,845.0,1256
317040,2018,57.0,2.0,20.0,26.0,19.0,317.0,53.0,67.0,171.0,145.0,877.0,1212
317040,2019,70.0,2.0,20.0,34.0,26.0,316.0,62.0,63.0,152.0,153.0,906.0,1214
317043,2012,11.0,0.0,1.0,0.0,1.0,7.0,1.0,1.0,6.0,7.0,37.0,53
317043,2013,0.0,0.0,0.0,0.0,0.0,0.0,0.0,0.0,0.0,0.0,50.0,60
317043,2014,3.0,0.0,2.0,2.0,0.0,17.0,2.0,4.0,4.0,9.0,44.0,57
317043,2015,0.0,0.0,0.0,0.0,2.0,19.0,0.0,5.0,3.0,9.0,40.0,52
317043,2016,2.0,0.0,0.0,0.0,0.0,12.0,1.0,3.0,1.0,12.0,31.0,38
317043,2017,4.0,0.0,0.0,1.0,0.0,17.0,4.0,2.0,4.0,6.0,38.0,46
317043,2018,0.0,0.0,0.0,1.0,0.0,18.0,3.0,1.0,1.0,8.0,32.0,40
317043,2019,1.0,0.0,0.0,0.0,0.0,18.0,1.0,1.0,4.0,6.0,31.0,40
317047,2012,1.0,2.0,0.0,0.0,1.0,2.0,0.0,0.0,1.0,1.0,12.0,38
317047,2013,0.0,0.0,0.0,0.0,0.0,0.0,0.0,0.0,0.0,0.0,27.0,40
317047,2014,3.0,0.0,0.0,1.0,2.0,3.0,3.0,0.0,3.0,2.0,17.0,45
317047,2015,1.0,0.0,2.0,1.0,1.0,7.0,0.0,2.0,3.0,2.0,20.0,43
317047,2016,0.0,0.0,0.0,0.0,0.0,5.0,2.0,0.0,3.0,1.0,11.0,26
317047,2017,2.0,0.0,2.0,0.0,2.0,5.0,3.0,2.0,3.0,3.0,22.0,38
317047,2018,0.0,0.0,2.0,0.0,0.0,8.0,3.0,1.0,2.0,5.0,21.0,35
317047,2019,0.0,0.0,0.0,2.0,0.0,7.0,1.0,2.0,3.0,1.0,16.0,24
317050,2012,14.0,0.0,2.0,0.0,2.0,23.0,4.0,2.0,25.0,4.0,81.0,136
317050,2013,0.0,0.0,0.0,0.0,0.0,0.0,0.0,0.0,0.0,0.0,62.0,130
317050,2014,7.0,0.0,6.0,1.0,1.0,24.0,6.0,1.0,25.0,1.0,77.0,136
317050,2015,5.0,0.0,2.0,1.0,3.0,21.0,10.0,1.0,22.0,1.0,68.0,124
317050,2016,2.0,0.0,0.0,4.0,0.0,16.0,11.0,1.0,25.0,2.0,64.0,124
317050,2017,10.0,0.0,4.0,0.0,0.0,26.0,11.0,0.0,22.0,2.0,76.0,132
317050,2018,7.0,0.0,3.0,3.0,1.0,31.0,13.0,0.0,30.0,3.0,92.0,140
317050,2019,4.0,0.0,6.0,1.0,3.0,25.0,10.0,0.0,35.0,2.0,87.0,139
317052,2012,2.0,0.0,2.0,0.0,1.0,6.0,3.0,2.0,2.0,4.0,31.0,128
317052,2013,0.0,0.0,0.0,0.0,0.0,0.0,0.0,0.0,0.0,0.0,27.0,132
317052,2014,3.0,0.0,2.0,3.0,2.0,7.0,3.0,5.0,7.0,8.0,44.0,140
317052,2015,2.0,0.0,0.0,0.0,0.0,9.0,2.0,6.0,4.0,5.0,32.0,145
317052,2016,0.0,1.0,3.0,4.0,1.0,8.0,3.0,0.0,6.0,6.0,32.0,127
317052,2017,2.0,0.0,0.0,0.0,1.0,8.0,3.0,2.0,3.0,2.0,22.0,99
317052,2018,7.0,2.0,2.0,2.0,2.0,11.0,1.0,6.0,3.0,1.0,37.0,122
317052,2019,5.0,0.0,0.0,0.0,0.0,10.0,1.0,3.0,0.0,7.0,28.0,107
317057,2012,7.0,0.0,0.0,2.0,1.0,11.0,5.0,2.0,7.0,6.0,48.0,89
317057,2013,0.0,0.0,0.0,0.0,0.0,0.0,0.0,0.0,0.0,0.0,46.0,84
317057,2014,1.0,0.0,0.0,0.0,1.0,12.0,1.0,2.0,8.0,5.0,36.0,68
317057,2015,4.0,0.0,0.0,2.0,1.0,12.0,3.0,0.0,6.0,4.0,35.0,69
317057,2016,0.0,0.0,2.0,0.0,1.0,13.0,3.0,1.0,5.0,4.0,29.0,58
317057,2017,2.0,0.0,5.0,0.0,1.0,10.0,1.0,0.0,10.0,2.0,31.0,61
317057,2018,5.0,0.0,0.0,3.0,1.0,14.0,4.0,8.0,8.0,4.0,47.0,79
317057,2019,2.0,1.0,2.0,1.0,2.0,16.0,2.0,0.0,10.0,4.0,40.0,69
317060,2012,1.0,0.0,0.0,1.0,0.0,1.0,3.0,2.0,1.0,2.0,12.0,21
317060,2013,0.0,0.0,0.0,0.0,0.0,0.0,0.0,0.0,0.0,0.0,13.0,27
317060,2014,0.0,0.0,0.0,0.0,1.0,5.0,1.0,0.0,2.0,5.0,14.0,19
317060,2015,1.0,0.0,0.0,2.0,0.0,6.0,0.0,4.0,0.0,7.0,20.0,23
317060,2016,0.0,0.0,0.0,0.0,0.0,5.0,0.0,5.0,0.0,1.0,11.0,13
317060,2017,2.0,0.0,2.0,0.0,1.0,5.0,0.0,4.0,1.0,6.0,22.0,30
317060,2018,0.0,0.0,2.0,1.0,0.0,8.0,0.0,3.0,0.0,0.0,18.0,22
317060,2019,2.0,0.0,0.0,0.0,1.0,3.0,0.0,7.0,2.0,4.0,19.0,22
317065,2012,2.0,2.0,4.0,1.0,1.0,7.0,1.0,0.0,9.0,0.0,31.0,54
317065,2013,0.0,0.0,0.0,0.0,0.0,0.0,0.0,0.0,0.0,0.0,19.0,44
317065,2014,1.0,0.0,0.0,3.0,0.0,7.0,2.0,4.0,7.0,7.0,31.0,69
317065,2015,4.0,0.0,0.0,1.0,1.0,8.0,5.0,1.0,10.0,4.0,34.0,58
317065,2016,1.0,0.0,0.0,0.0,0.0,9.0,1.0,1.0,8.0,8.0,29.0,54
317065,2017,5.0,1.0,2.0,1.0,1.0,13.0,5.0,2.0,6.0,9.0,45.0,85
317065,2018,6.0,2.0,0.0,1.0,1.0,14.0,5.0,2.0,3.0,2.0,36.0,70
317065,2019,5.0,0.0,2.0,2.0,1.0,12.0,6.0,2.0,6.0,4.0,41.0,71
317070,2012,193.0,1.0,40.0,21.0,27.0,362.0,28.0,18.0,272.0,185.0,1362.0,1611
317070,2013,0.0,0.0,0.0,0.0,0.0,0.0,0.0,0.0,0.0,0.0,1376.0,1589
317070,2014,189.0,2.0,46.0,19.0,19.0,454.0,85.0,50.0,379.0,165.0,1485.0,1739
317070,2015,171.0,3.0,43.0,16.0,10.0,521.0,102.0,17.0,497.0,79.0,1523.0,1726
317070,2016,204.0,0.0,19.0,7.0,9.0,514.0,158.0,25.0,456.0,95.0,1565.0,1735
317070,2017,204.0,3.0,51.0,16.0,16.0,570.0,116.0,35.0,457.0,134.0,1602.0,1857
317070,2018,170.0,2.0,48.0,37.0,30.0,566.0,74.0,23.0,358.0,132.0,1457.0,1845
317070,2019,193.0,2.0,42.0,12.0,23.0,587.0,72.0,25.0,315.0,148.0,1421.0,1799
317075,2012,6.0,0.0,2.0,1.0,4.0,15.0,5.0,9.0,18.0,11.0,71.0,103
317075,2013,0.0,0.0,0.0,0.0,0.0,0.0,0.0,0.0,0.0,0.0,37.0,82
317075,2014,4.0,1.0,0.0,0.0,1.0,23.0,8.0,3.0,8.0,5.0,54.0,87
317075,2015,6.0,0.0,0.0,1.0,1.0,26.0,6.0,7.0,11.0,4.0,62.0,105
317075,2016,7.0,0.0,4.0,3.0,1.0,20.0,5.0,1.0,7.0,2.0,50.0,104
317075,2017,5.0,0.0,0.0,1.0,1.0,16.0,7.0,0.0,16.0,0.0,46.0,84
317075,2018,7.0,0.0,2.0,4.0,1.0,20.0,14.0,5.0,11.0,0.0,64.0,107
317075,2019,5.0,0.0,4.0,3.0,3.0,18.0,8.0,6.0,28.0,2.0,77.0,121
317080,2012,16.0,1.0,4.0,4.0,2.0,59.0,11.0,5.0,67.0,15.0,227.0,446
317080,2013,0.0,0.0,0.0,0.0,0.0,0.0,0.0,0.0,0.0,0.0,241.0,439
317080,2014,27.0,1.0,10.0,1.0,3.0,93.0,36.0,14.0,79.0,26.0,291.0,493
317080,2015,23.0,1.0,6.0,3.0,7.0,87.0,36.0,3.0,72.0,26.0,264.0,430
317080,2016,13.0,1.0,5.0,9.0,5.0,67.0,23.0,2.0,60.0,10.0,196.0,339
317080,2017,17.0,0.0,7.0,3.0,1.0,73.0,15.0,5.0,69.0,12.0,202.0,365
317080,2018,17.0,2.0,6.0,3.0,8.0,90.0,23.0,6.0,59.0,19.0,233.0,415
317080,2019,14.0,0.0,5.0,4.0,4.0,98.0,19.0,6.0,46.0,30.0,226.0,423
317090,2012,2.0,0.0,4.0,3.0,2.0,21.0,4.0,6.0,21.0,19.0,85.0,270
317090,2013,0.0,0.0,0.0,0.0,0.0,0.0,0.0,0.0,0.0,0.0,75.0,271
317090,2014,8.0,0.0,4.0,2.0,0.0,24.0,4.0,10.0,10.0,11.0,76.0,260
317090,2015,5.0,0.0,3.0,2.0,0.0,24.0,3.0,4.0,11.0,9.0,64.0,259
317090,2016,6.0,2.0,1.0,1.0,2.0,19.0,3.0,5.0,9.0,13.0,62.0,220
317090,2017,5.0,0.0,6.0,3.0,3.0,14.0,10.0,4.0,11.0,11.0,70.0,248
317090,2018,4.0,0.0,2.0,4.0,2.0,30.0,6.0,4.0,10.0,11.0,74.0,286
317090,2019,5.0,0.0,4.0,7.0,1.0,33.0,4.0,8.0,13.0,4.0,79.0,262
317100,2012,12.0,0.0,0.0,1.0,4.0,60.0,10.0,7.0,44.0,20.0,159.0,239
317100,2013,0.0,0.0,0.0,0.0,0.0,0.0,0.0,0.0,0.0,0.0,173.0,246
317100,2014,15.0,0.0,2.0,6.0,3.0,57.0,12.0,3.0,30.0,36.0,168.0,231
317100,2015,17.0,0.0,2.0,1.0,2.0,59.0,10.0,10.0,23.0,28.0,153.0,246
317100,2016,13.0,1.0,8.0,2.0,3.0,61.0,10.0,8.0,45.0,7.0,160.0,229
317100,2017,26.0,0.0,3.0,4.0,1.0,92.0,16.0,9.0,45.0,8.0,204.0,282
317100,2018,13.0,0.0,1.0,3.0,3.0,71.0,10.0,2.0,44.0,7.0,154.0,233
317100,2019,17.0,0.0,1.0,5.0,1.0,73.0,21.0,4.0,36.0,18.0,176.0,250
317103,2012,6.0,0.0,0.0,0.0,1.0,15.0,30.0,4.0,15.0,3.0,74.0,148
317103,2013,0.0,0.0,0.0,0.0,0.0,0.0,0.0,0.0,0.0,0.0,50.0,148
317103,2014,5.0,0.0,0.0,1.0,1.0,10.0,10.0,5.0,6.0,2.0,41.0,142
317103,2015,2.0,0.0,0.0,1.0,2.0,9.0,6.0,6.0,11.0,3.0,40.0,130
317103,2016,3.0,0.0,2.0,1.0,0.0,11.0,7.0,2.0,11.0,2.0,42.0,139
317103,2017,6.0,1.0,0.0,1.0,1.0,14.0,11.0,3.0,8.0,6.0,52.0,149
317103,2018,10.0,0.0,0.0,0.0,1.0,14.0,6.0,6.0,4.0,6.0,49.0,135
317103,2019,2.0,1.0,4.0,0.0,2.0,4.0,1.0,3.0,5.0,5.0,28.0,116
317107,2012,2.0,0.0,0.0,1.0,1.0,3.0,2.0,1.0,0.0,3.0,14.0,64
317107,2013,0.0,0.0,0.0,0.0,0.0,0.0,0.0,0.0,0.0,0.0,23.0,58
317107,2014,2.0,0.0,2.0,0.0,0.0,2.0,1.0,1.0,3.0,5.0,24.0,54
317107,2015,0.0,0.0,1.0,0.0,1.0,5.0,1.0,2.0,1.0,2.0,14.0,37
317107,2016,0.0,0.0,0.0,0.0,1.0,5.0,0.0,6.0,0.0,8.0,23.0,53
317107,2017,4.0,0.0,3.0,0.0,1.0,5.0,3.0,1.0,0.0,3.0,23.0,65
317107,2018,0.0,0.0,2.0,1.0,1.0,4.0,0.0,2.0,0.0,6.0,20.0,52
317107,2019,2.0,0.0,0.0,0.0,0.0,1.0,1.0,0.0,2.0,1.0,24.0,60
317110,2012,1.0,0.0,0.0,1.0,0.0,5.0,0.0,0.0,7.0,3.0,17.0,34
317110,2013,0.0,0.0,0.0,0.0,0.0,0.0,0.0,0.0,0.0,0.0,16.0,35
317110,2014,3.0,0.0,2.0,0.0,0.0,5.0,4.0,0.0,6.0,1.0,22.0,36
317110,2015,0.0,0.0,0.0,0.0,0.0,10.0,2.0,0.0,4.0,2.0,20.0,28
317110,2016,0.0,0.0,0.0,2.0,2.0,3.0,4.0,0.0,2.0,1.0,15.0,32
317110,2017,3.0,0.0,2.0,0.0,0.0,8.0,2.0,2.0,4.0,2.0,23.0,48
317110,2018,3.0,0.0,2.0,0.0,0.0,5.0,5.0,1.0,5.0,0.0,21.0,41
317110,2019,2.0,0.0,0.0,0.0,0.0,3.0,3.0,1.0,0.0,0.0,9.0,18
317115,2012,3.0,0.0,3.0,0.0,0.0,8.0,2.0,3.0,10.0,5.0,38.0,65
317115,2013,0.0,0.0,0.0,0.0,0.0,0.0,0.0,0.0,0.0,0.0,35.0,59
317115,2014,1.0,0.0,2.0,0.0,0.0,17.0,3.0,2.0,7.0,6.0,39.0,50
317115,2015,1.0,0.0,0.0,0.0,1.0,11.0,7.0,1.0,8.0,3.0,35.0,54
317115,2016,5.0,0.0,0.0,3.0,1.0,5.0,3.0,2.0,6.0,4.0,32.0,52
317115,2017,1.0,0.0,0.0,1.0,1.0,12.0,6.0,0.0,4.0,1.0,30.0,44
317115,2018,3.0,0.0,0.0,1.0,0.0,18.0,5.0,3.0,9.0,7.0,47.0,68
317115,2019,5.0,0.0,2.0,0.0,0.0,12.0,3.0,1.0,8.0,2.0,33.0,56
317120,2012,58.0,1.0,30.0,23.0,21.0,193.0,47.0,25.0,194.0,68.0,760.0,1680
317120,2013,0.0,0.0,0.0,0.0,0.0,0.0,0.0,0.0,0.0,0.0,868.0,1827
317120,2014,60.0,0.0,31.0,39.0,22.0,306.0,58.0,73.0,163.0,156.0,920.0,1986
317120,2015,69.0,2.0,36.0,18.0,19.0,352.0,60.0,67.0,181.0,141.0,955.0,2058
317120,2016,77.0,0.0,27.0,24.0,16.0,315.0,76.0,54.0,181.0,83.0,857.0,1920
317120,2017,82.0,0.0,38.0,26.0,18.0,341.0,69.0,42.0,168.0,68.0,859.0,1954
317120,2018,75.0,2.0,20.0,17.0,26.0,298.0,65.0,33.0,186.0,49.0,777.0,1859
317120,2019,60.0,1.0,41.0,23.0,19.0,257.0,59.0,26.0,196.0,57.0,741.0,1804
317130,2012,48.0,1.0,31.0,10.0,26.0,193.0,25.0,31.0,104.0,169.0,714.0,959
317130,2013,0.0,0.0,0.0,0.0,0.0,0.0,0.0,0.0,0.0,0.0,729.0,942
317130,2014,54.0,0.0,19.0,7.0,5.0,225.0,31.0,37.0,126.0,162.0,681.0,911
317130,2015,40.0,2.0,17.0,14.0,12.0,233.0,31.0,43.0,99.0,158.0,654.0,930
317130,2016,55.0,0.0,14.0,8.0,12.0,192.0,37.0,32.0,126.0,114.0,593.0,854
317130,2017,64.0,0.0,18.0,16.0,12.0,225.0,41.0,27.0,142.0,141.0,686.0,988
317130,2018,51.0,1.0,35.0,13.0,12.0,255.0,34.0,47.0,129.0,175.0,753.0,1023
317130,2019,65.0,2.0,21.0,13.0,18.0,246.0,31.0,60.0,95.0,188.0,741.0,1009
317140,2012,19.0,0.0,0.0,1.0,0.0,3.0,1.0,0.0,4.0,1.0,29.0,47
317140,2013,0.0,0.0,0.0,0.0,0.0,0.0,0.0,0.0,0.0,0.0,21.0,33
317140,2014,1.0,0.0,0.0,0.0,0.0,1.0,0.0,1.0,2.0,1.0,21.0,37
317140,2015,0.0,0.0,0.0,0.0,0.0,0.0,0.0,0.0,0.0,0.0,13.0,22
317140,2016,1.0,0.0,0.0,0.0,0.0,6.0,0.0,3.0,0.0,3.0,16.0,31
317140,2017,3.0,0.0,0.0,0.0,0.0,11.0,1.0,2.0,2.0,3.0,23.0,32
317140,2018,2.0,0.0,0.0,0.0,0.0,8.0,1.0,0.0,8.0,0.0,19.0,31
317140,2019,2.0,0.0,0.0,0.0,1.0,10.0,1.0,1.0,2.0,3.0,21.0,37
317150,2012,1.0,0.0,2.0,0.0,1.0,4.0,3.0,3.0,9.0,6.0,29.0,51
317150,2013,0.0,0.0,0.0,0.0,0.0,0.0,0.0,0.0,0.0,0.0,20.0,38
317150,2014,1.0,0.0,2.0,1.0,1.0,9.0,3.0,5.0,3.0,10.0,36.0,69
317150,2015,1.0,0.0,0.0,0.0,0.0,12.0,1.0,0.0,5.0,1.0,23.0,47
317150,2016,2.0,0.0,0.0,0.0,0.0,8.0,1.0,0.0,3.0,1.0,18.0,38
317150,2017,2.0,0.0,0.0,1.0,1.0,8.0,1.0,3.0,2.0,1.0,21.0,34
317150,2018,0.0,0.0,2.0,0.0,0.0,5.0,1.0,3.0,3.0,4.0,18.0,35
317150,2019,4.0,0.0,0.0,0.0,0.0,7.0,2.0,1.0,1.0,3.0,19.0,38
317160,2012,6.0,0.0,0.0,2.0,1.0,16.0,5.0,4.0,7.0,5.0,47.0,131
317160,2013,0.0,0.0,0.0,0.0,0.0,0.0,0.0,0.0,0.0,0.0,42.0,111
317160,2014,5.0,0.0,2.0,0.0,1.0,13.0,5.0,5.0,7.0,6.0,49.0,122
317160,2015,3.0,1.0,2.0,4.0,1.0,24.0,5.0,2.0,8.0,3.0,58.0,150
317160,2016,3.0,0.0,2.0,1.0,2.0,9.0,3.0,3.0,8.0,6.0,44.0,98
317160,2017,4.0,0.0,0.0,4.0,2.0,11.0,6.0,10.0,12.0,12.0,68.0,133
317160,2018,3.0,2.0,2.0,2.0,2.0,15.0,5.0,4.0,5.0,11.0,55.0,124
317160,2019,4.0,0.0,2.0,1.0,2.0,15.0,5.0,5.0,4.0,3.0,43.0,125
317170,2012,12.0,0.0,0.0,2.0,1.0,16.0,2.0,7.0,10.0,13.0,65.0,86
317170,2013,0.0,0.0,0.0,0.0,0.0,0.0,0.0,0.0,0.0,0.0,70.0,84
317170,2014,2.0,1.0,0.0,1.0,1.0,21.0,6.0,3.0,10.0,17.0,63.0,80
317170,2015,2.0,0.0,0.0,0.0,2.0,24.0,13.0,2.0,14.0,7.0,66.0,92
317170,2016,7.0,0.0,2.0,1.0,1.0,19.0,3.0,0.0,13.0,9.0,55.0,86
317170,2017,7.0,0.0,6.0,3.0,2.0,25.0,3.0,3.0,14.0,7.0,70.0,101
317170,2018,7.0,0.0,4.0,1.0,3.0,28.0,3.0,0.0,21.0,4.0,71.0,97
317170,2019,6.0,1.0,4.0,6.0,2.0,13.0,8.0,2.0,15.0,9.0,66.0,94
317180,2012,3.0,1.0,0.0,0.0,1.0,10.0,2.0,5.0,5.0,4.0,32.0,115
317180,2013,0.0,0.0,0.0,0.0,0.0,0.0,0.0,0.0,0.0,0.0,39.0,159
317180,2014,0.0,0.0,0.0,2.0,2.0,9.0,5.0,7.0,9.0,9.0,44.0,134
317180,2015,3.0,0.0,2.0,3.0,0.0,19.0,3.0,8.0,10.0,9.0,58.0,142
317180,2016,2.0,0.0,2.0,4.0,3.0,11.0,5.0,2.0,10.0,8.0,47.0,152
317180,2017,2.0,0.0,1.0,1.0,0.0,15.0,9.0,9.0,10.0,6.0,55.0,128
317180,2018,4.0,0.0,2.0,4.0,2.0,17.0,8.0,4.0,7.0,7.0,59.0,130
317180,2019,4.0,0.0,0.0,2.0,0.0,21.0,13.0,4.0,12.0,6.0,62.0,136
317190,2012,1.0,0.0,6.0,0.0,0.0,10.0,3.0,2.0,4.0,4.0,30.0,61
317190,2013,0.0,0.0,0.0,0.0,0.0,0.0,0.0,0.0,0.0,0.0,31.0,52
317190,2014,3.0,0.0,1.0,1.0,0.0,12.0,5.0,4.0,4.0,9.0,41.0,66
317190,2015,2.0,0.0,2.0,1.0,0.0,3.0,3.0,10.0,3.0,3.0,33.0,62
317190,2016,4.0,0.0,0.0,0.0,0.0,9.0,0.0,1.0,3.0,4.0,24.0,47
317190,2017,1.0,0.0,0.0,2.0,0.0,6.0,0.0,2.0,2.0,0.0,16.0,40
317190,2018,2.0,0.0,5.0,0.0,1.0,9.0,6.0,2.0,4.0,3.0,32.0,60
317190,2019,3.0,0.0,0.0,1.0,1.0,12.0,1.0,1.0,2.0,2.0,23.0,43
317200,2012,52.0,2.0,9.0,3.0,3.0,117.0,7.0,2.0,167.0,29.0,441.0,516
317200,2013,0.0,0.0,0.0,0.0,0.0,0.0,0.0,0.0,0.0,0.0,423.0,493
317200,2014,31.0,0.0,10.0,4.0,3.0,134.0,45.0,9.0,149.0,31.0,419.0,493
317200,2015,36.0,1.0,11.0,7.0,7.0,155.0,37.0,9.0,144.0,33.0,448.0,539
317200,2016,42.0,4.0,5.0,4.0,1.0,138.0,32.0,10.0,117.0,47.0,403.0,486
317200,2017,42.0,1.0,4.0,5.0,4.0,159.0,34.0,9.0,147.0,36.0,446.0,534
317200,2018,41.0,0.0,5.0,6.0,4.0,178.0,32.0,15.0,109.0,52.0,450.0,522
317200,2019,30.0,0.0,9.0,8.0,4.0,204.0,28.0,17.0,73.0,66.0,444.0,529
317210,2012,8.0,0.0,0.0,2.0,1.0,7.0,0.0,1.0,1.0,4.0,35.0,49
317210,2013,0.0,0.0,0.0,0.0,0.0,0.0,0.0,0.0,0.0,0.0,42.0,52
317210,2014,5.0,0.0,0.0,1.0,0.0,12.0,1.0,9.0,7.0,7.0,42.0,55
317210,2015,1.0,0.0,0.0,0.0,1.0,10.0,3.0,1.0,9.0,13.0,39.0,61
317210,2016,1.0,0.0,0.0,0.0,0.0,13.0,1.0,6.0,4.0,10.0,36.0,50
317210,2017,6.0,0.0,4.0,0.0,0.0,18.0,2.0,5.0,3.0,7.0,45.0,63
317210,2018,2.0,0.0,0.0,0.0,0.0,16.0,1.0,2.0,3.0,15.0,39.0,53
317210,2019,3.0,0.0,4.0,3.0,1.0,10.0,1.0,5.0,2.0,15.0,44.0,61
317220,2012,1.0,0.0,0.0,1.0,1.0,3.0,0.0,0.0,3.0,3.0,13.0,20
317220,2013,0.0,0.0,0.0,0.0,0.0,0.0,0.0,0.0,0.0,0.0,8.0,17
317220,2014,2.0,0.0,0.0,0.0,0.0,8.0,0.0,1.0,2.0,4.0,18.0,25
317220,2015,0.0,0.0,4.0,1.0,1.0,3.0,0.0,1.0,4.0,3.0,17.0,25
317220,2016,2.0,0.0,0.0,0.0,1.0,6.0,0.0,1.0,1.0,4.0,15.0,24
317220,2017,0.0,0.0,0.0,1.0,1.0,3.0,1.0,2.0,2.0,2.0,12.0,22
317220,2018,0.0,0.0,0.0,1.0,2.0,8.0,4.0,0.0,5.0,1.0,21.0,30
317220,2019,2.0,0.0,0.0,0.0,0.0,6.0,1.0,0.0,2.0,0.0,11.0,19
320000,2012,0.0,0.0,0.0,0.0,0.0,4.0,0.0,0.0,0.0,0.0,7.0,10
320000,2013,0.0,0.0,0.0,0.0,0.0,0.0,0.0,0.0,0.0,0.0,3.0,4
320000,2016,0.0,0.0,0.0,0.0,0.0,1.0,0.0,0.0,0.0,0.0,1.0,1
320000,2018,0.0,0.0,0.0,0.0,0.0,1.0,0.0,0.0,0.0,0.0,1.0,1
320010,2012,14.0,2.0,8.0,4.0,10.0,64.0,22.0,16.0,55.0,61.0,258.0,416
320010,2013,0.0,0.0,0.0,0.0,0.0,0.0,0.0,0.0,0.0,0.0,270.0,420
320010,2014,17.0,1.0,3.0,5.0,5.0,82.0,16.0,14.0,55.0,33.0,234.0,382
320010,2015,17.0,2.0,4.0,4.0,3.0,89.0,23.0,6.0,46.0,51.0,248.0,406
320010,2016,16.0,1.0,13.0,3.0,7.0,82.0,6.0,11.0,25.0,60.0,224.0,353
320010,2017,19.0,1.0,4.0,5.0,5.0,86.0,8.0,19.0,28.0,52.0,228.0,364
320010,2018,19.0,2.0,6.0,8.0,6.0,104.0,12.0,23.0,45.0,44.0,271.0,465
320010,2019,22.0,2.0,6.0,9.0,6.0,85.0,4.0,23.0,19.0,48.0,225.0,378
320013,2012,16.0,0.0,2.0,1.0,0.0,18.0,1.0,2.0,17.0,10.0,76.0,118
320013,2013,0.0,0.0,0.0,0.0,0.0,0.0,0.0,0.0,0.0,0.0,62.0,90
320013,2014,9.0,2.0,0.0,2.0,1.0,40.0,4.0,7.0,10.0,19.0,96.0,127
320013,2015,4.0,0.0,2.0,2.0,1.0,25.0,0.0,13.0,11.0,22.0,86.0,125
320013,2016,7.0,0.0,2.0,0.0,0.0,19.0,4.0,8.0,8.0,18.0,66.0,105
320013,2017,8.0,0.0,0.0,3.0,1.0,35.0,2.0,4.0,9.0,22.0,87.0,128
320013,2018,4.0,0.0,0.0,4.0,2.0,36.0,3.0,3.0,8.0,19.0,79.0,116
320013,2019,6.0,0.0,4.0,2.0,2.0,36.0,2.0,4.0,8.0,21.0,85.0,126
320016,2012,26.0,0.0,0.0,2.0,1.0,25.0,3.0,6.0,8.0,10.0,108.0,168
320016,2013,0.0,0.0,0.0,0.0,0.0,0.0,0.0,0.0,0.0,0.0,86.0,153
320016,2014,3.0,0.0,1.0,0.0,5.0,39.0,1.0,8.0,5.0,23.0,98.0,152
320016,2015,4.0,0.0,0.0,0.0,4.0,33.0,3.0,11.0,10.0,19.0,100.0,163
320016,2016,7.0,0.0,2.0,1.0,2.0,45.0,2.0,7.0,4.0,32.0,104.0,160
320016,2017,8.0,0.0,6.0,2.0,4.0,40.0,1.0,4.0,3.0,25.0,98.0,161
320016,2018,7.0,0.0,2.0,4.0,5.0,44.0,2.0,8.0,5.0,25.0,102.0,153
320016,2019,5.0,1.0,2.0,7.0,0.0,56.0,2.0,18.0,8.0,24.0,124.0,190
320020,2012,43.0,0.0,5.0,8.0,2.0,80.0,5.0,18.0,12.0,102.0,300.0,405
320020,2013,0.0,0.0,0.0,0.0,0.0,0.0,0.0,0.0,0.0,0.0,298.0,369
320020,2014,24.0,1.0,10.0,4.0,4.0,120.0,4.0,26.0,9.0,115.0,317.0,418
320020,2015,28.0,0.0,5.0,7.0,11.0,111.0,3.0,25.0,14.0,94.0,300.0,400
320020,2016,16.0,1.0,5.0,3.0,4.0,104.0,3.0,31.0,14.0,86.0,267.0,333
320020,2017,12.0,1.0,2.0,0.0,1.0,143.0,1.0,33.0,4.0,118.0,315.0,392
320020,2018,12.0,0.0,10.0,7.0,5.0,139.0,3.0,49.0,6.0,124.0,355.0,433
320020,2019,14.0,0.0,10.0,8.0,10.0,126.0,1.0,21.0,15.0,91.0,296.0,386
320030,2012,11.0,1.0,4.0,1.0,2.0,27.0,4.0,2.0,21.0,16.0,96.0,141
320030,2013,0.0,0.0,0.0,0.0,0.0,0.0,0.0,0.0,0.0,0.0,101.0,138
320030,2014,7.0,0.0,10.0,2.0,1.0,30.0,9.0,6.0,13.0,16.0,100.0,125
320030,2015,11.0,0.0,6.0,2.0,4.0,29.0,7.0,6.0,9.0,18.0,95.0,132
320030,2016,10.0,1.0,0.0,0.0,2.0,29.0,9.0,11.0,20.0,10.0,92.0,119
320030,2017,8.0,1.0,0.0,2.0,0.0,34.0,9.0,8.0,20.0,15.0,97.0,138
320030,2018,6.0,0.0,4.0,2.0,1.0,39.0,5.0,9.0,24.0,14.0,104.0,146
320030,2019,10.0,0.0,6.0,2.0,2.0,38.0,14.0,0.0,23.0,11.0,106.0,155
320035,2012,7.0,2.0,0.0,2.0,1.0,16.0,1.0,8.0,10.0,18.0,73.0,92
320035,2013,0.0,0.0,0.0,0.0,0.0,0.0,0.0,0.0,0.0,0.0,57.0,91
320035,2014,4.0,0.0,0.0,1.0,0.0,23.0,6.0,5.0,8.0,15.0,62.0,102
320035,2015,4.0,0.0,2.0,1.0,1.0,30.0,2.0,2.0,6.0,12.0,61.0,102
320035,2016,4.0,0.0,0.0,2.0,0.0,23.0,4.0,2.0,10.0,13.0,58.0,100
320035,2017,3.0,0.0,2.0,2.0,2.0,27.0,0.0,7.0,7.0,13.0,63.0,92
320035,2018,8.0,0.0,2.0,1.0,3.0,27.0,2.0,6.0,7.0,12.0,68.0,103
320035,2019,4.0,0.0,0.0,1.0,2.0,28.0,3.0,1.0,11.0,12.0,62.0,100
320040,2012,21.0,0.0,8.0,3.0,4.0,56.0,14.0,8.0,35.0,32.0,194.0,367
320040,2013,0.0,0.0,0.0,0.0,0.0,0.0,0.0,0.0,0.0,0.0,254.0,436
320040,2014,19.0,0.0,9.0,6.0,7.0,88.0,21.0,36.0,43.0,55.0,290.0,453
320040,2015,19.0,1.0,3.0,8.0,9.0,86.0,23.0,23.0,37.0,39.0,255.0,433
320040,2016,13.0,2.0,0.0,2.0,5.0,95.0,25.0,31.0,57.0,42.0,272.0,385
320040,2017,23.0,1.0,6.0,3.0,4.0,83.0,32.0,17.0,42.0,31.0,242.0,352
320040,2018,14.0,1.0,5.0,7.0,3.0,99.0,33.0,20.0,52.0,28.0,262.0,391
320040,2019,17.0,0.0,8.0,5.0,3.0,96.0,24.0,16.0,64.0,34.0,267.0,397
320050,2012,9.0,0.0,0.0,0.0,0.0,13.0,1.0,3.0,10.0,17.0,55.0,74
320050,2013,0.0,0.0,0.0,0.0,0.0,0.0,0.0,0.0,0.0,0.0,45.0,66
320050,2014,9.0,0.0,2.0,1.0,1.0,27.0,1.0,4.0,6.0,21.0,78.0,99
320050,2015,3.0,0.0,1.0,1.0,0.0,16.0,0.0,3.0,2.0,16.0,46.0,58
320050,2016,8.0,0.0,0.0,1.0,0.0,23.0,0.0,3.0,3.0,9.0,51.0,69
320050,2017,9.0,0.0,4.0,1.0,0.0,21.0,5.0,5.0,5.0,19.0,71.0,93
320050,2018,1.0,0.0,2.0,1.0,1.0,26.0,2.0,9.0,5.0,13.0,63.0,78
320050,2019,8.0,0.0,0.0,0.0,0.0,25.0,3.0,2.0,2.0,8.0,51.0,64
320060,2012,137.0,0.0,18.0,16.0,7.0,252.0,40.0,43.0,160.0,157.0,892.0,1398
320060,2013,0.0,0.0,0.0,0.0,0.0,0.0,0.0,0.0,0.0,0.0,954.0,1419
320060,2014,72.0,1.0,23.0,31.0,17.0,307.0,32.0,91.0,105.0,271.0,965.0,1524
320060,2015,47.0,0.0,17.0,8.0,8.0,345.0,25.0,104.0,65.0,256.0,887.0,1409
320060,2016,56.0,4.0,33.0,6.0,6.0,355.0,35.0,59.0,76.0,248.0,887.0,1452
320060,2017,40.0,3.0,34.0,2.0,3.0,340.0,23.0,55.0,60.0,222.0,788.0,1418
320060,2018,54.0,4.0,33.0,7.0,4.0,360.0,24.0,59.0,65.0,197.0,809.0,1457
320060,2019,54.0,0.0,21.0,18.0,9.0,355.0,46.0,59.0,116.0,136.0,815.0,1512
320070,2012,18.0,0.0,4.0,0.0,3.0,23.0,6.0,4.0,23.0,19.0,112.0,145
320070,2013,0.0,0.0,0.0,0.0,0.0,0.0,0.0,0.0,0.0,0.0,121.0,153
320070,2014,15.0,0.0,4.0,2.0,3.0,35.0,11.0,5.0,23.0,20.0,118.0,165
320070,2015,10.0,0.0,2.0,4.0,1.0,41.0,3.0,10.0,18.0,19.0,110.0,156
320070,2016,12.0,0.0,4.0,1.0,1.0,42.0,5.0,7.0,19.0,20.0,111.0,151
320070,2017,11.0,0.0,2.0,2.0,0.0,46.0,1.0,1.0,24.0,12.0,99.0,140
320070,2018,6.0,0.0,7.0,2.0,2.0,50.0,4.0,1.0,14.0,14.0,100.0,134
320070,2019,4.0,0.0,4.0,2.0,1.0,46.0,7.0,0.0,30.0,3.0,97.0,149
320080,2012,23.0,2.0,3.0,3.0,3.0,112.0,3.0,21.0,18.0,85.0,280.0,351
320080,2013,0.0,0.0,0.0,0.0,0.0,0.0,0.0,0.0,0.0,0.0,319.0,401
320080,2014,13.0,0.0,6.0,6.0,3.0,130.0,16.0,11.0,63.0,47.0,302.0,399
320080,2015,13.0,1.0,4.0,5.0,2.0,97.0,17.0,21.0,57.0,58.0,293.0,421
320080,2016,21.0,0.0,10.0,4.0,4.0,99.0,5.0,17.0,25.0,45.0,243.0,357
320080,2017,25.0,0.0,2.0,7.0,3.0,116.0,10.0,27.0,44.0,62.0,301.0,423
320080,2018,16.0,0.0,5.0,6.0,8.0,130.0,12.0,14.0,32.0,75.0,305.0,400
320080,2019,24.0,0.0,7.0,13.0,9.0,137.0,9.0,16.0,27.0,55.0,297.0,397
320090,2012,120.0,0.0,9.0,11.0,10.0,69.0,3.0,12.0,33.0,57.0,390.0,648
320090,2013,0.0,0.0,0.0,0.0,0.0,0.0,0.0,0.0,0.0,0.0,389.0,614
320090,2014,29.0,0.0,11.0,7.0,15.0,128.0,7.0,43.0,40.0,98.0,420.0,645
320090,2015,21.0,0.0,16.0,7.0,10.0,144.0,9.0,30.0,39.0,91.0,442.0,688
320090,2016,34.0,2.0,16.0,19.0,9.0,157.0,6.0,38.0,49.0,99.0,431.0,701
320090,2017,25.0,1.0,4.0,25.0,11.0,159.0,3.0,35.0,23.0,111.0,419.0,662
320090,2018,28.0,1.0,8.0,22.0,16.0,168.0,8.0,45.0,28.0,108.0,432.0,691
320090,2019,18.0,1.0,8.0,17.0,15.0,157.0,8.0,25.0,29.0,103.0,381.0,641
320100,2012,12.0,1.0,1.0,0.0,2.0,17.0,1.0,10.0,6.0,27.0,80.0,161
320100,2013,0.0,0.0,0.0,0.0,0.0,0.0,0.0,0.0,0.0,0.0,109.0,198
320100,2014,9.0,1.0,2.0,3.0,3.0,34.0,3.0,11.0,8.0,23.0,99.0,198
320100,2015,9.0,1.0,4.0,1.0,3.0,37.0,5.0,12.0,9.0,42.0,123.0,215
320100,2016,7.0,0.0,2.0,3.0,4.0,25.0,2.0,11.0,6.0,28.0,88.0,184
320100,2017,11.0,0.0,1.0,5.0,5.0,32.0,7.0,9.0,7.0,23.0,100.0,191
320100,2018,4.0,0.0,4.0,4.0,1.0,39.0,6.0,14.0,6.0,32.0,110.0,211
320100,2019,6.0,0.0,2.0,7.0,1.0,49.0,2.0,12.0,8.0,21.0,108.0,185
320110,2012,13.0,0.0,2.0,4.0,1.0,19.0,2.0,2.0,11.0,18.0,77.0,100
320110,2013,0.0,0.0,0.0,0.0,0.0,0.0,0.0,0.0,0.0,0.0,98.0,122
320110,2014,6.0,0.0,0.0,1.0,2.0,26.0,0.0,6.0,8.0,39.0,93.0,116
320110,2015,10.0,2.0,0.0,1.0,2.0,29.0,0.0,7.0,2.0,26.0,82.0,104
320110,2016,5.0,0.0,4.0,2.0,0.0,43.0,2.0,2.0,2.0,28.0,91.0,105
320110,2017,4.0,0.0,6.0,0.0,0.0,26.0,1.0,2.0,10.0,21.0,77.0,94
320110,2018,7.0,0.0,7.0,0.0,1.0,33.0,2.0,6.0,5.0,20.0,84.0,105
320110,2019,8.0,0.0,2.0,0.0,1.0,30.0,0.0,3.0,5.0,18.0,70.0,87
320115,2012,7.0,0.0,0.0,0.0,5.0,31.0,4.0,13.0,19.0,29.0,117.0,198
320115,2013,0.0,0.0,0.0,0.0,0.0,0.0,0.0,0.0,0.0,0.0,112.0,197
320115,2014,9.0,0.0,2.0,3.0,6.0,23.0,6.0,10.0,19.0,24.0,103.0,172
320115,2015,7.0,1.0,4.0,0.0,1.0,44.0,12.0,2.0,19.0,19.0,112.0,173
320115,2016,6.0,1.0,5.0,1.0,4.0,43.0,8.0,17.0,13.0,34.0,134.0,193
320115,2017,11.0,2.0,4.0,2.0,4.0,42.0,11.0,11.0,25.0,23.0,136.0,195
320115,2018,14.0,0.0,2.0,7.0,3.0,37.0,7.0,12.0,19.0,25.0,127.0,205
320115,2019,13.0,4.0,0.0,4.0,2.0,63.0,17.0,13.0,12.0,29.0,157.0,241
320120,2012,316.0,6.0,39.0,12.0,27.0,594.0,81.0,98.0,331.0,380.0,2273.0,2774
320120,2013,0.0,0.0,0.0,0.0,0.0,0.0,0.0,0.0,0.0,0.0,2198.0,2703
320120,2014,262.0,1.0,42.0,33.0,41.0,741.0,112.0,99.0,394.0,490.0,2232.0,2919
320120,2015,186.0,0.0,60.0,58.0,56.0,759.0,106.0,113.0,341.0,388.0,2195.0,2973
320120,2016,166.0,1.0,47.0,33.0,20.0,836.0,110.0,93.0,377.0,308.0,1991.0,2654
320120,2017,161.0,0.0,64.0,29.0,33.0,857.0,107.0,68.0,386.0,225.0,1931.0,2742
320120,2018,151.0,2.0,53.0,37.0,32.0,818.0,128.0,56.0,363.0,260.0,1900.0,2732
320120,2019,130.0,2.0,37.0,38.0,35.0,727.0,99.0,24.0,392.0,95.0,1579.0,2579
320130,2012,323.0,19.0,103.0,51.0,77.0,1173.0,162.0,203.0,735.0,686.0,3727.0,6033
320130,2013,0.0,0.0,0.0,0.0,0.0,0.0,0.0,0.0,0.0,0.0,3890.0,6111
320130,2014,287.0,7.0,111.0,95.0,55.0,1317.0,205.0,389.0,541.0,932.0,4061.0,6338
320130,2015,258.0,11.0,131.0,70.0,60.0,1394.0,156.0,319.0,420.0,830.0,3711.0,6258
320130,2016,252.0,6.0,101.0,47.0,44.0,1318.0,122.0,375.0,316.0,766.0,3355.0,5863
320130,2017,258.0,5.0,101.0,58.0,53.0,1441.0,130.0,313.0,337.0,729.0,3434.0,6090
320130,2018,259.0,23.0,114.0,65.0,63.0,1450.0,124.0,243.0,330.0,594.0,3266.0,5878
320130,2019,245.0,3.0,98.0,64.0,61.0,1295.0,144.0,211.0,343.0,464.0,2930.0,5650
320140,2012,32.0,0.0,6.0,10.0,9.0,70.0,28.0,19.0,50.0,64.0,308.0,425
320140,2013,0.0,0.0,0.0,0.0,0.0,0.0,0.0,0.0,0.0,0.0,333.0,451
320140,2014,29.0,1.0,11.0,7.0,6.0,94.0,19.0,33.0,60.0,100.0,365.0,470
320140,2015,21.0,0.0,11.0,8.0,8.0,123.0,14.0,36.0,19.0,105.0,354.0,437
320140,2016,17.0,0.0,10.0,6.0,5.0,105.0,7.0,33.0,23.0,93.0,299.0,397
320140,2017,20.0,0.0,13.0,6.0,6.0,121.0,8.0,29.0,21.0,110.0,334.0,442
320140,2018,26.0,0.0,6.0,8.0,4.0,137.0,9.0,23.0,32.0,118.0,363.0,474
320140,2019,21.0,0.0,2.0,5.0,3.0,127.0,14.0,23.0,33.0,102.0,330.0,435
320150,2012,110.0,0.0,16.0,13.0,14.0,294.0,17.0,56.0,165.0,213.0,993.0,1398
320150,2013,0.0,0.0,0.0,0.0,0.0,0.0,0.0,0.0,0.0,0.0,953.0,1451
320150,2014,70.0,2.0,24.0,20.0,21.0,324.0,45.0,72.0,166.0,222.0,971.0,1532
320150,2015,88.0,1.0,16.0,13.0,17.0,385.0,60.0,63.0,175.0,258.0,1081.0,1670
320150,2016,86.0,2.0,21.0,28.0,27.0,366.0,55.0,64.0,155.0,202.0,1006.0,1600
320150,2017,61.0,1.0,20.0,52.0,47.0,387.0,36.0,66.0,118.0,194.0,983.0,1546
320150,2018,73.0,2.0,28.0,45.0,38.0,436.0,64.0,65.0,195.0,162.0,1108.0,1754
320150,2019,63.0,4.0,17.0,34.0,38.0,428.0,69.0,42.0,169.0,132.0,997.0,1575
320160,2012,17.0,0.0,3.0,2.0,3.0,69.0,8.0,23.0,29.0,60.0,234.0,387
320160,2013,0.0,0.0,0.0,0.0,0.0,0.0,0.0,0.0,0.0,0.0,226.0,423
320160,2014,17.0,0.0,0.0,2.0,1.0,88.0,13.0,31.0,14.0,62.0,228.0,412
320160,2015,9.0,1.0,10.0,1.0,5.0,84.0,14.0,21.0,28.0,51.0,229.0,411
320160,2016,5.0,0.0,2.0,1.0,2.0,84.0,20.0,17.0,31.0,32.0,194.0,401
320160,2017,13.0,0.0,4.0,7.0,2.0,99.0,7.0,25.0,17.0,28.0,202.0,430
320160,2018,13.0,1.0,3.0,7.0,4.0,95.0,13.0,10.0,28.0,35.0,209.0,417
320160,2019,15.0,0.0,8.0,8.0,2.0,91.0,11.0,12.0,21.0,35.0,203.0,406
320170,2012,10.0,0.0,0.0,1.0,0.0,31.0,6.0,17.0,8.0,21.0,106.0,168
320170,2013,0.0,0.0,0.0,0.0,0.0,0.0,0.0,0.0,0.0,0.0,108.0,163
320170,2014,9.0,0.0,2.0,2.0,1.0,28.0,10.0,13.0,21.0,20.0,109.0,179
320170,2015,6.0,1.0,0.0,4.0,1.0,28.0,10.0,10.0,23.0,29.0,115.0,183
320170,2016,14.0,0.0,2.0,3.0,2.0,39.0,6.0,9.0,10.0,21.0,106.0,155
320170,2017,9.0,1.0,7.0,4.0,2.0,29.0,7.0,14.0,21.0,27.0,121.0,173
320170,2018,13.0,0.0,3.0,4.0,0.0,34.0,7.0,9.0,11.0,27.0,108.0,162
320170,2019,11.0,1.0,3.0,2.0,3.0,46.0,4.0,8.0,8.0,26.0,112.0,180
320180,2012,9.0,0.0,2.0,0.0,2.0,10.0,1.0,3.0,2.0,5.0,35.0,56
320180,2013,0.0,0.0,0.0,0.0,0.0,0.0,0.0,0.0,0.0,0.0,39.0,55
320180,2014,1.0,0.0,0.0,0.0,1.0,11.0,1.0,5.0,0.0,17.0,36.0,58
320180,2015,1.0,0.0,0.0,1.0,0.0,16.0,2.0,3.0,3.0,9.0,35.0,50
320180,2016,2.0,0.0,0.0,0.0,0.0,6.0,0.0,8.0,3.0,11.0,30.0,48
320180,2017,3.0,0.0,0.0,0.0,1.0,14.0,0.0,6.0,1.0,20.0,45.0,61
320180,2018,0.0,1.0,2.0,2.0,1.0,19.0,0.0,6.0,1.0,14.0,46.0,63
320180,2019,2.0,0.0,0.0,1.0,1.0,11.0,2.0,3.0,2.0,14.0,38.0,58
320190,2012,10.0,2.0,8.0,3.0,11.0,79.0,8.0,13.0,45.0,63.0,249.0,399
320190,2013,0.0,0.0,0.0,0.0,0.0,0.0,0.0,0.0,0.0,0.0,301.0,489
320190,2014,11.0,0.0,9.0,1.0,6.0,107.0,15.0,27.0,37.0,90.0,312.0,473
320190,2015,14.0,2.0,10.0,6.0,6.0,83.0,11.0,15.0,37.0,63.0,276.0,473
320190,2016,14.0,1.0,2.0,3.0,4.0,96.0,15.0,33.0,28.0,86.0,282.0,454
320190,2017,16.0,0.0,8.0,6.0,14.0,98.0,16.0,36.0,38.0,74.0,308.0,468
320190,2018,18.0,0.0,7.0,9.0,7.0,149.0,9.0,26.0,43.0,77.0,345.0,508
320190,2019,25.0,6.0,13.0,15.0,8.0,130.0,13.0,23.0,40.0,68.0,341.0,505
320200,2012,11.0,0.0,2.0,0.0,0.0,12.0,2.0,0.0,6.0,6.0,53.0,81
320200,2013,0.0,0.0,0.0,0.0,0.0,0.0,0.0,0.0,0.0,0.0,52.0,73
320200,2014,2.0,0.0,0.0,0.0,1.0,11.0,2.0,2.0,5.0,6.0,50.0,64
320200,2015,5.0,0.0,1.0,0.0,1.0,20.0,0.0,1.0,1.0,9.0,52.0,66
320200,2016,2.0,0.0,0.0,0.0,0.0,17.0,0.0,4.0,3.0,2.0,44.0,54
320200,2017,3.0,0.0,0.0,0.0,0.0,33.0,0.0,0.0,0.0,15.0,59.0,73
320200,2018,6.0,1.0,4.0,0.0,0.0,29.0,3.0,2.0,2.0,21.0,74.0,101
320200,2019,3.0,0.0,2.0,0.0,0.0,24.0,2.0,5.0,0.0,18.0,64.0,84
320210,2012,9.0,0.0,4.0,1.0,0.0,9.0,0.0,0.0,5.0,8.0,225.0,313
320210,2013,0.0,0.0,0.0,0.0,0.0,0.0,0.0,0.0,0.0,0.0,189.0,267
320210,2014,10.0,0.0,4.0,2.0,4.0,17.0,2.0,8.0,9.0,18.0,252.0,324
320210,2015,4.0,0.0,5.0,4.0,4.0,44.0,2.0,9.0,13.0,19.0,250.0,342
320210,2016,11.0,1.0,2.0,4.0,5.0,67.0,6.0,12.0,15.0,45.0,170.0,280
320210,2017,15.0,0.0,2.0,5.0,6.0,52.0,6.0,20.0,10.0,31.0,155.0,278
320210,2018,4.0,0.0,10.0,6.0,7.0,80.0,2.0,14.0,14.0,33.0,172.0,296
320210,2019,14.0,1.0,9.0,6.0,2.0,75.0,2.0,9.0,19.0,28.0,169.0,287
320220,2012,18.0,3.0,4.0,2.0,4.0,27.0,4.0,6.0,15.0,15.0,163.0,249
320220,2013,0.0,0.0,0.0,0.0,0.0,0.0,0.0,0.0,0.0,0.0,170.0,254
320220,2014,18.0,0.0,0.0,3.0,1.0,31.0,5.0,6.0,14.0,18.0,165.0,241
320220,2015,13.0,0.0,0.0,2.0,0.0,29.0,3.0,10.0,12.0,23.0,154.0,260
320220,2016,12.0,0.0,3.0,0.0,2.0,29.0,8.0,2.0,16.0,12.0,133.0,228
320220,2017,7.0,1.0,4.0,4.0,2.0,31.0,6.0,6.0,12.0,17.0,155.0,268
320220,2018,17.0,1.0,6.0,1.0,4.0,64.0,9.0,14.0,16.0,25.0,161.0,264
320220,2019,16.0,1.0,13.0,9.0,3.0,63.0,9.0,9.0,17.0,21.0,162.0,267
320225,2012,12.0,0.0,1.0,1.0,1.0,17.0,3.0,6.0,11.0,19.0,77.0,114
320225,2013,0.0,0.0,0.0,0.0,0.0,0.0,0.0,0.0,0.0,0.0,80.0,120
320225,2014,1.0,0.0,4.0,1.0,0.0,28.0,4.0,4.0,17.0,18.0,77.0,113
320225,2015,5.0,0.0,6.0,0.0,2.0,35.0,0.0,10.0,11.0,12.0,82.0,134
320225,2016,5.0,0.0,2.0,3.0,1.0,35.0,2.0,6.0,12.0,8.0,74.0,124
320225,2017,5.0,0.0,4.0,1.0,2.0,22.0,7.0,3.0,6.0,14.0,64.0,118
320225,2018,1.0,1.0,0.0,1.0,3.0,29.0,5.0,7.0,17.0,21.0,86.0,135
320225,2019,4.0,1.0,3.0,6.0,4.0,31.0,2.0,7.0,14.0,13.0,85.0,133
320230,2012,78.0,8.0,3.0,6.0,5.0,70.0,9.0,30.0,25.0,76.0,324.0,465
320230,2013,0.0,0.0,0.0,0.0,0.0,0.0,0.0,0.0,0.0,0.0,316.0,449
320230,2014,26.0,0.0,11.0,4.0,5.0,99.0,9.0,27.0,24.0,96.0,309.0,454
320230,2015,24.0,3.0,14.0,3.0,3.0,89.0,5.0,25.0,10.0,82.0,262.0,426
320230,2016,23.0,2.0,14.0,5.0,4.0,88.0,5.0,26.0,11.0,78.0,256.0,396
320230,2017,27.0,1.0,2.0,3.0,4.0,108.0,3.0,46.0,11.0,106.0,311.0,428
320230,2018,15.0,1.0,4.0,2.0,1.0,122.0,3.0,29.0,3.0,117.0,297.0,421
320230,2019,18.0,0.0,10.0,0.0,2.0,135.0,3.0,25.0,7.0,84.0,284.0,418
320240,2012,146.0,4.0,28.0,17.0,21.0,218.0,37.0,19.0,149.0,119.0,841.0,1558
320240,2013,0.0,0.0,0.0,0.0,0.0,0.0,0.0,0.0,0.0,0.0,1016.0,1637
320240,2014,81.0,2.0,33.0,24.0,18.0,311.0,54.0,91.0,140.0,242.0,1070.0,1759
320240,2015,55.0,1.0,22.0,44.0,27.0,348.0,89.0,38.0,241.0,93.0,1008.0,1880
320240,2016,82.0,2.0,49.0,31.0,25.0,310.0,101.0,34.0,247.0,75.0,958.0,1743
320240,2017,70.0,3.0,39.0,39.0,20.0,363.0,100.0,29.0,240.0,50.0,958.0,1772
320240,2018,81.0,4.0,31.0,30.0,24.0,349.0,86.0,19.0,230.0,48.0,902.0,1798
320240,2019,71.0,3.0,27.0,37.0,13.0,410.0,92.0,36.0,209.0,105.0,1003.0,1789
320245,2012,22.0,0.0,0.0,6.0,5.0,56.0,6.0,20.0,16.0,65.0,196.0,315
320245,2013,0.0,0.0,0.0,0.0,0.0,0.0,0.0,0.0,0.0,0.0,225.0,324
320245,2014,23.0,2.0,10.0,2.0,4.0,81.0,12.0,18.0,39.0,49.0,246.0,342
320245,2015,8.0,0.0,7.0,7.0,6.0,92.0,17.0,18.0,26.0,28.0,217.0,344
320245,2016,13.0,1.0,2.0,2.0,2.0,86.0,16.0,24.0,23.0,45.0,224.0,331
320245,2017,17.0,1.0,2.0,3.0,0.0,83.0,15.0,18.0,23.0,53.0,218.0,354
320245,2018,15.0,1.0,4.0,7.0,4.0,91.0,8.0,23.0,14.0,54.0,224.0,368
320245,2019,14.0,0.0,6.0,9.0,3.0,96.0,9.0,19.0,25.0,47.0,228.0,397
320250,2012,12.0,1.0,0.0,0.0,2.0,34.0,3.0,6.0,19.0,14.0,101.0,157
320250,2013,0.0,0.0,0.0,0.0,0.0,0.0,0.0,0.0,0.0,0.0,101.0,154
320250,2014,13.0,0.0,0.0,2.0,0.0,27.0,8.0,6.0,20.0,23.0,107.0,163
320250,2015,10.0,1.0,6.0,1.0,0.0,24.0,5.0,7.0,14.0,22.0,101.0,170
320250,2016,6.0,0.0,0.0,0.0,1.0,38.0,4.0,7.0,10.0,14.0,82.0,136
320250,2017,6.0,0.0,4.0,1.0,1.0,33.0,4.0,5.0,17.0,26.0,98.0,159
320250,2018,9.0,1.0,2.0,2.0,1.0,32.0,3.0,7.0,18.0,21.0,97.0,172
320250,2019,8.0,0.0,4.0,2.0,1.0,51.0,12.0,6.0,14.0,16.0,114.0,190
320255,2012,24.0,0.0,2.0,2.0,1.0,25.0,2.0,7.0,8.0,19.0,91.0,145
320255,2013,0.0,0.0,0.0,0.0,0.0,0.0,0.0,0.0,0.0,0.0,89.0,137
320255,2014,14.0,0.0,2.0,0.0,0.0,38.0,1.0,12.0,8.0,19.0,94.0,144
320255,2015,10.0,1.0,0.0,0.0,0.0,39.0,1.0,5.0,7.0,20.0,84.0,127
320255,2016,7.0,0.0,2.0,2.0,1.0,33.0,2.0,18.0,6.0,29.0,100.0,140
320255,2017,9.0,0.0,2.0,0.0,0.0,38.0,2.0,20.0,6.0,42.0,119.0,165
320255,2018,6.0,0.0,2.0,2.0,2.0,50.0,0.0,14.0,3.0,49.0,128.0,176
320255,2019,9.0,0.0,1.0,0.0,0.0,35.0,4.0,7.0,5.0,21.0,82.0,137
320260,2012,14.0,0.0,2.0,0.0,1.0,28.0,7.0,3.0,25.0,27.0,122.0,144
320260,2013,0.0,0.0,0.0,0.0,0.0,0.0,0.0,0.0,0.0,0.0,122.0,138
320260,2014,11.0,0.0,2.0,3.0,1.0,37.0,2.0,8.0,20.0,29.0,113.0,142
320260,2015,5.0,0.0,0.0,3.0,2.0,34.0,7.0,8.0,16.0,20.0,102.0,131
320260,2016,6.0,0.0,0.0,3.0,1.0,45.0,5.0,4.0,24.0,18.0,106.0,132
320260,2017,10.0,0.0,4.0,2.0,2.0,69.0,3.0,6.0,22.0,23.0,141.0,178
320260,2018,7.0,0.0,6.0,1.0,2.0,49.0,6.0,2.0,24.0,13.0,110.0,141
320260,2019,10.0,0.0,4.0,1.0,0.0,37.0,7.0,2.0,31.0,12.0,104.0,135
320265,2012,12.0,0.0,2.0,1.0,2.0,34.0,8.0,8.0,20.0,24.0,119.0,180
320265,2013,0.0,0.0,0.0,0.0,0.0,0.0,0.0,0.0,0.0,0.0,111.0,141
320265,2014,6.0,0.0,0.0,2.0,3.0,27.0,11.0,10.0,26.0,24.0,114.0,164
320265,2015,10.0,1.0,8.0,1.0,1.0,33.0,16.0,9.0,43.0,14.0,142.0,177
320265,2016,7.0,0.0,2.0,3.0,3.0,42.0,9.0,8.0,14.0,18.0,108.0,147
320265,2017,4.0,1.0,0.0,1.0,1.0,43.0,11.0,15.0,27.0,24.0,128.0,175
320265,2018,7.0,3.0,4.0,0.0,2.0,36.0,7.0,8.0,22.0,29.0,118.0,167
320265,2019,9.0,0.0,5.0,3.0,0.0,61.0,18.0,11.0,35.0,20.0,162.0,218
320270,2012,7.0,0.0,0.0,0.0,1.0,21.0,2.0,4.0,13.0,25.0,106.0,142
320270,2013,0.0,0.0,0.0,0.0,0.0,0.0,0.0,0.0,0.0,0.0,76.0,114
320270,2014,3.0,0.0,2.0,3.0,0.0,16.0,8.0,5.0,22.0,7.0,108.0,152
320270,2015,6.0,0.0,2.0,0.0,1.0,15.0,4.0,1.0,8.0,5.0,83.0,124
320270,2016,5.0,0.0,0.0,0.0,0.0,12.0,6.0,5.0,9.0,12.0,87.0,130
320270,2017,4.0,0.0,5.0,2.0,1.0,28.0,4.0,3.0,15.0,3.0,93.0,146
320270,2018,3.0,1.0,6.0,4.0,2.0,31.0,4.0,6.0,11.0,12.0,81.0,141
320270,2019,9.0,0.0,3.0,5.0,1.0,36.0,3.0,3.0,12.0,20.0,92.0,140
320280,2012,33.0,0.0,4.0,5.0,3.0,85.0,28.0,13.0,62.0,57.0,317.0,481
320280,2013,0.0,0.0,0.0,0.0,0.0,0.0,0.0,0.0,0.0,0.0,325.0,520
320280,2014,22.0,2.0,13.0,11.0,4.0,119.0,24.0,37.0,54.0,84.0,373.0,562
320280,2015,33.0,0.0,9.0,1.0,4.0,148.0,24.0,36.0,56.0,61.0,377.0,578
320280,2016,31.0,0.0,7.0,5.0,1.0,161.0,43.0,17.0,100.0,34.0,399.0,586
320280,2017,33.0,1.0,10.0,2.0,3.0,170.0,49.0,14.0,101.0,39.0,422.0,612
320280,2018,32.0,0.0,4.0,6.0,4.0,164.0,46.0,13.0,111.0,27.0,407.0,602
320280,2019,21.0,0.0,18.0,3.0,2.0,184.0,40.0,17.0,117.0,36.0,438.0,620
320290,2012,3.0,0.0,0.0,0.0,2.0,6.0,0.0,1.0,4.0,14.0,66.0,98
320290,2013,0.0,0.0,0.0,0.0,0.0,0.0,0.0,0.0,0.0,0.0,73.0,98
320290,2014,4.0,0.0,1.0,0.0,0.0,8.0,3.0,3.0,5.0,2.0,70.0,101
320290,2015,2.0,0.0,1.0,1.0,0.0,9.0,0.0,2.0,3.0,1.0,65.0,104
320290,2016,3.0,0.0,2.0,0.0,0.0,6.0,1.0,0.0,6.0,5.0,64.0,100
320290,2017,6.0,0.0,2.0,1.0,0.0,10.0,3.0,3.0,2.0,2.0,64.0,103
320290,2018,1.0,0.0,0.0,4.0,2.0,34.0,3.0,6.0,7.0,11.0,74.0,122
320290,2019,3.0,0.0,2.0,2.0,1.0,32.0,8.0,2.0,13.0,14.0,77.0,112
320300,2012,30.0,1.0,5.0,7.0,8.0,83.0,19.0,10.0,45.0,46.0,261.0,383
320300,2013,0.0,0.0,0.0,0.0,0.0,0.0,0.0,0.0,0.0,0.0,213.0,286
320300,2014,22.0,1.0,13.0,1.0,5.0,66.0,35.0,13.0,64.0,37.0,258.0,378
320300,2015,25.0,0.0,11.0,6.0,3.0,87.0,39.0,12.0,59.0,39.0,297.0,411
320300,2016,22.0,1.0,9.0,3.0,4.0,102.0,35.0,24.0,46.0,49.0,296.0,399
320300,2017,22.0,0.0,6.0,5.0,5.0,101.0,30.0,25.0,41.0,58.0,296.0,393
320300,2018,19.0,2.0,4.0,4.0,3.0,98.0,23.0,26.0,58.0,76.0,313.0,403
320300,2019,25.0,2.0,7.0,3.0,2.0,114.0,20.0,19.0,55.0,45.0,292.0,381
320305,2012,12.0,1.0,13.0,5.0,9.0,85.0,7.0,18.0,16.0,85.0,260.0,415
320305,2013,0.0,0.0,0.0,0.0,0.0,0.0,0.0,0.0,0.0,0.0,326.0,471
320305,2014,24.0,1.0,10.0,6.0,5.0,138.0,10.0,51.0,18.0,95.0,358.0,518
320305,2015,22.0,1.0,2.0,5.0,8.0,120.0,10.0,39.0,17.0,101.0,329.0,507
320305,2016,16.0,0.0,6.0,5.0,10.0,125.0,14.0,35.0,15.0,84.0,310.0,472
320305,2017,20.0,0.0,7.0,6.0,3.0,129.0,8.0,32.0,12.0,87.0,304.0,469
320305,2018,29.0,1.0,12.0,6.0,6.0,143.0,11.0,24.0,19.0,80.0,331.0,531
320305,2019,28.0,0.0,7.0,11.0,7.0,122.0,8.0,38.0,24.0,62.0,307.0,476
320310,2012,12.0,1.0,0.0,1.0,2.0,17.0,6.0,5.0,22.0,16.0,92.0,125
320310,2013,0.0,0.0,0.0,0.0,0.0,0.0,0.0,0.0,0.0,0.0,89.0,128
320310,2014,11.0,0.0,4.0,0.0,0.0,38.0,1.0,6.0,11.0,17.0,88.0,125
320310,2015,17.0,0.0,0.0,2.0,2.0,38.0,5.0,7.0,11.0,23.0,109.0,167
320310,2016,12.0,1.0,2.0,2.0,1.0,44.0,7.0,2.0,7.0,22.0,100.0,145
320310,2017,5.0,0.0,2.0,2.0,2.0,31.0,10.0,9.0,13.0,19.0,93.0,140
320310,2018,10.0,0.0,2.0,2.0,4.0,46.0,3.0,4.0,22.0,15.0,108.0,170
320310,2019,4.0,0.0,0.0,2.0,0.0,41.0,7.0,6.0,19.0,4.0,83.0,144
320313,2012,13.0,0.0,7.0,1.0,6.0,36.0,12.0,1.0,45.0,14.0,145.0,204
320313,2013,0.0,0.0,0.0,0.0,0.0,0.0,0.0,0.0,0.0,0.0,174.0,213
320313,2014,8.0,0.0,2.0,1.0,4.0,44.0,5.0,6.0,36.0,11.0,156.0,207
320313,2015,13.0,0.0,4.0,1.0,2.0,31.0,11.0,6.0,32.0,13.0,153.0,204
320313,2016,11.0,0.0,0.0,0.0,2.0,36.0,6.0,2.0,30.0,10.0,130.0,173
320313,2017,8.0,1.0,2.0,3.0,0.0,38.0,6.0,3.0,29.0,18.0,131.0,194
320313,2018,9.0,0.0,8.0,1.0,2.0,56.0,14.0,8.0,33.0,21.0,152.0,209
320313,2019,5.0,0.0,2.0,8.0,1.0,58.0,6.0,5.0,15.0,11.0,111.0,171
320316,2012,2.0,0.0,0.0,2.0,0.0,21.0,3.0,4.0,10.0,25.0,70.0,101
320316,2013,0.0,0.0,0.0,0.0,0.0,0.0,0.0,0.0,0.0,0.0,64.0,91
320316,2014,3.0,1.0,0.0,0.0,2.0,21.0,7.0,4.0,20.0,7.0,71.0,95
320316,2015,3.0,0.0,0.0,1.0,0.0,21.0,5.0,4.0,11.0,4.0,68.0,103
320316,2016,2.0,0.0,2.0,0.0,1.0,8.0,0.0,2.0,7.0,5.0,52.0,72
320316,2017,3.0,0.0,0.0,2.0,1.0,9.0,1.0,3.0,7.0,7.0,56.0,88
320316,2018,3.0,0.0,3.0,2.0,2.0,25.0,2.0,8.0,12.0,16.0,78.0,113
320316,2019,3.0,0.0,0.0,5.0,3.0,35.0,3.0,7.0,6.0,16.0,78.0,118
320320,2012,159.0,2.0,40.0,11.0,5.0,358.0,22.0,94.0,89.0,384.0,1352.0,2361
320320,2013,0.0,0.0,0.0,0.0,0.0,0.0,0.0,0.0,0.0,0.0,1427.0,2451
320320,2014,79.0,0.0,44.0,54.0,50.0,503.0,10.0,234.0,15.0,657.0,1650.0,2667
320320,2015,80.0,1.0,37.0,15.0,23.0,555.0,4.0,289.0,27.0,674.0,1710.0,2669
320320,2016,89.0,0.0,49.0,4.0,4.0,555.0,5.0,218.0,21.0,619.0,1566.0,2514
320320,2017,97.0,0.0,48.0,18.0,6.0,637.0,12.0,215.0,37.0,587.0,1658.0,2524
320320,2018,99.0,0.0,59.0,12.0,15.0,632.0,9.0,231.0,22.0,559.0,1638.0,2627
320320,2019,104.0,1.0,47.0,9.0,7.0,637.0,8.0,231.0,16.0,577.0,1637.0,2518
320330,2012,18.0,4.0,0.0,5.0,3.0,29.0,0.0,10.0,11.0,33.0,124.0,183
320330,2013,0.0,0.0,0.0,0.0,0.0,0.0,0.0,0.0,0.0,0.0,107.0,163
320330,2014,6.0,0.0,2.0,3.0,2.0,40.0,3.0,17.0,7.0,29.0,113.0,180
320330,2015,9.0,0.0,2.0,2.0,3.0,35.0,5.0,10.0,14.0,24.0,111.0,174
320330,2016,9.0,0.0,2.0,6.0,4.0,37.0,3.0,12.0,4.0,24.0,101.0,159
320330,2017,11.0,0.0,0.0,8.0,2.0,43.0,2.0,12.0,6.0,30.0,118.0,174
320330,2018,5.0,0.0,3.0,3.0,5.0,41.0,6.0,5.0,11.0,19.0,98.0,164
320330,2019,6.0,0.0,0.0,7.0,2.0,35.0,2.0,7.0,14.0,18.0,91.0,163
320332,2012,40.0,1.0,8.0,5.0,8.0,94.0,28.0,22.0,72.0,58.0,362.0,492
320332,2013,0.0,0.0,0.0,0.0,0.0,0.0,0.0,0.0,0.0,0.0,374.0,538
320332,2014,23.0,0.0,11.0,9.0,2.0,103.0,29.0,24.0,71.0,85.0,359.0,556
320332,2015,32.0,0.0,12.0,9.0,5.0,135.0,23.0,23.0,49.0,69.0,365.0,556
320332,2016,35.0,0.0,6.0,2.0,3.0,144.0,36.0,14.0,95.0,34.0,369.0,544
320332,2017,34.0,0.0,10.0,2.0,1.0,156.0,39.0,20.0,77.0,39.0,378.0,551
320332,2018,27.0,1.0,17.0,4.0,3.0,160.0,50.0,13.0,85.0,51.0,411.0,577
320332,2019,20.0,0.0,8.0,8.0,8.0,187.0,21.0,24.0,96.0,34.0,406.0,574
320334,2012,6.0,0.0,3.0,3.0,3.0,33.0,2.0,2.0,16.0,26.0,97.0,171
320334,2013,0.0,0.0,0.0,0.0,0.0,0.0,0.0,0.0,0.0,0.0,127.0,208
320334,2014,13.0,0.0,7.0,2.0,2.0,61.0,5.0,18.0,13.0,40.0,162.0,249
320334,2015,13.0,1.0,6.0,5.0,4.0,42.0,7.0,8.0,11.0,28.0,137.0,246
320334,2016,12.0,1.0,13.0,5.0,1.0,57.0,4.0,14.0,11.0,38.0,156.0,236
320334,2017,12.0,0.0,7.0,2.0,1.0,56.0,8.0,11.0,16.0,46.0,161.0,248
320334,2018,18.0,1.0,12.0,3.0,2.0,62.0,10.0,13.0,13.0,28.0,162.0,225
320334,2019,3.0,1.0,4.0,5.0,2.0,64.0,8.0,14.0,11.0,30.0,142.0,225
320335,2012,8.0,0.0,2.0,0.0,0.0,30.0,1.0,3.0,15.0,18.0,88.0,119
320335,2013,0.0,0.0,0.0,0.0,0.0,0.0,0.0,0.0,0.0,0.0,72.0,120
320335,2014,2.0,0.0,0.0,5.0,2.0,32.0,2.0,6.0,15.0,10.0,74.0,114
320335,2015,7.0,0.0,2.0,0.0,2.0,37.0,7.0,4.0,23.0,19.0,101.0,153
320335,2016,11.0,1.0,4.0,1.0,4.0,29.0,7.0,3.0,14.0,20.0,94.0,139
320335,2017,7.0,0.0,1.0,1.0,6.0,39.0,5.0,3.0,8.0,18.0,88.0,130
320335,2018,6.0,1.0,6.0,8.0,4.0,34.0,4.0,4.0,12.0,22.0,101.0,155
320335,2019,8.0,0.0,6.0,5.0,4.0,51.0,3.0,3.0,20.0,17.0,117.0,171
320340,2012,20.0,0.0,6.0,6.0,0.0,66.0,3.0,16.0,24.0,69.0,223.0,305
320340,2013,0.0,0.0,0.0,0.0,0.0,0.0,0.0,0.0,0.0,0.0,210.0,292
320340,2014,8.0,0.0,4.0,7.0,8.0,82.0,8.0,17.0,11.0,65.0,215.0,302
320340,2015,11.0,0.0,0.0,0.0,1.0,57.0,7.0,17.0,22.0,50.0,168.0,253
320340,2016,11.0,0.0,7.0,2.0,2.0,53.0,2.0,16.0,19.0,45.0,157.0,243
320340,2017,21.0,0.0,8.0,3.0,4.0,88.0,4.0,17.0,25.0,60.0,232.0,297
320340,2018,15.0,0.0,2.0,3.0,1.0,61.0,8.0,14.0,18.0,46.0,170.0,237
320340,2019,15.0,1.0,3.0,4.0,4.0,80.0,15.0,21.0,23.0,48.0,214.0,280
320350,2012,18.0,24.0,5.0,12.0,6.0,38.0,7.0,13.0,11.0,45.0,181.0,279
320350,2013,0.0,0.0,0.0,0.0,0.0,0.0,0.0,0.0,0.0,0.0,155.0,243
320350,2014,9.0,1.0,2.0,20.0,18.0,31.0,9.0,5.0,30.0,18.0,163.0,276
320350,2015,8.0,0.0,4.0,7.0,3.0,49.0,7.0,11.0,16.0,15.0,133.0,263
320350,2016,5.0,1.0,0.0,4.0,4.0,53.0,5.0,7.0,17.0,27.0,123.0,212
320350,2017,10.0,1.0,4.0,11.0,5.0,56.0,5.0,8.0,17.0,27.0,145.0,271
320350,2018,6.0,1.0,5.0,7.0,3.0,65.0,8.0,9.0,23.0,19.0,147.0,263
320350,2019,7.0,0.0,1.0,6.0,2.0,47.0,7.0,10.0,19.0,16.0,116.0,269
320360,2012,2.0,0.0,0.0,1.0,2.0,11.0,1.0,2.0,6.0,6.0,33.0,67
320360,2013,0.0,0.0,0.0,0.0,0.0,0.0,0.0,0.0,0.0,0.0,42.0,77
320360,2014,1.0,0.0,2.0,1.0,1.0,11.0,11.0,7.0,16.0,7.0,58.0,94
320360,2015,5.0,0.0,1.0,2.0,2.0,13.0,3.0,4.0,6.0,4.0,40.0,88
320360,2016,2.0,0.0,0.0,2.0,2.0,14.0,6.0,2.0,3.0,8.0,39.0,89
320360,2017,1.0,0.0,2.0,2.0,0.0,27.0,2.0,7.0,3.0,13.0,58.0,92
320360,2018,1.0,0.0,2.0,2.0,0.0,10.0,4.0,4.0,4.0,9.0,36.0,79
320360,2019,4.0,0.0,1.0,0.0,0.0,12.0,0.0,5.0,6.0,8.0,36.0,72
320370,2012,14.0,0.0,6.0,2.0,3.0,38.0,4.0,16.0,20.0,48.0,161.0,253
320370,2013,0.0,0.0,0.0,0.0,0.0,0.0,0.0,0.0,0.0,0.0,148.0,228
320370,2014,17.0,1.0,3.0,5.0,5.0,57.0,16.0,14.0,15.0,53.0,188.0,248
320370,2015,18.0,1.0,2.0,2.0,2.0,55.0,11.0,12.0,20.0,31.0,156.0,223
320370,2016,19.0,0.0,6.0,2.0,2.0,46.0,12.0,8.0,21.0,39.0,155.0,218
320370,2017,14.0,3.0,6.0,3.0,4.0,61.0,10.0,14.0,21.0,43.0,181.0,260
320370,2018,8.0,0.0,2.0,6.0,3.0,71.0,6.0,15.0,12.0,48.0,172.0,258
320370,2019,3.0,1.0,2.0,6.0,1.0,63.0,7.0,21.0,11.0,56.0,171.0,264
320380,2012,15.0,0.0,4.0,0.0,2.0,19.0,5.0,2.0,15.0,17.0,116.0,158
320380,2013,0.0,0.0,0.0,0.0,0.0,0.0,0.0,0.0,0.0,0.0,118.0,150
320380,2014,15.0,1.0,2.0,4.0,2.0,48.0,5.0,5.0,25.0,23.0,134.0,196
320380,2015,12.0,0.0,0.0,1.0,3.0,29.0,4.0,5.0,19.0,20.0,104.0,167
320380,2016,10.0,0.0,4.0,3.0,2.0,42.0,3.0,4.0,15.0,16.0,99.0,169
320380,2017,8.0,0.0,2.0,1.0,2.0,46.0,8.0,4.0,20.0,9.0,108.0,161
320380,2018,11.0,0.0,4.0,0.0,3.0,49.0,5.0,11.0,15.0,13.0,112.0,185
320380,2019,9.0,0.0,2.0,0.0,0.0,53.0,4.0,5.0,27.0,14.0,115.0,169
320390,2012,36.0,0.0,8.0,2.0,2.0,111.0,1.0,45.0,24.0,184.0,422.0,631
320390,2013,0.0,0.0,0.0,0.0,0.0,0.0,0.0,0.0,0.0,0.0,407.0,678
320390,2014,42.0,0.0,4.0,5.0,4.0,118.0,5.0,59.0,19.0,162.0,426.0,675
320390,2015,31.0,2.0,10.0,4.0,10.0,124.0,5.0,46.0,18.0,148.0,409.0,711
320390,2016,14.0,0.0,10.0,12.0,13.0,141.0,7.0,42.0,31.0,147.0,417.0,686
320390,2017,26.0,0.0,17.0,7.0,7.0,157.0,12.0,43.0,22.0,127.0,419.0,696
320390,2018,35.0,1.0,8.0,5.0,3.0,191.0,20.0,37.0,30.0,139.0,469.0,740
320390,2019,28.0,1.0,15.0,17.0,9.0,178.0,12.0,30.0,31.0,108.0,429.0,724
320400,2012,16.0,0.0,2.0,2.0,3.0,60.0,5.0,14.0,20.0,55.0,191.0,236
320400,2013,0.0,0.0,0.0,0.0,0.0,0.0,0.0,0.0,0.0,0.0,174.0,234
320400,2014,16.0,0.0,0.0,4.0,3.0,40.0,5.0,15.0,23.0,37.0,145.0,224
320400,2015,12.0,1.0,8.0,2.0,2.0,66.0,3.0,17.0,23.0,33.0,169.0,247
320400,2016,20.0,1.0,2.0,3.0,2.0,62.0,7.0,11.0,18.0,28.0,154.0,238
320400,2017,10.0,0.0,0.0,4.0,3.0,52.0,6.0,12.0,15.0,29.0,131.0,222
320400,2018,9.0,0.0,2.0,2.0,6.0,64.0,9.0,13.0,23.0,17.0,145.0,229
320400,2019,8.0,0.0,5.0,5.0,6.0,66.0,9.0,9.0,21.0,25.0,154.0,238
320405,2012,40.0,0.0,0.0,2.0,4.0,34.0,17.0,10.0,19.0,28.0,164.0,339
320405,2013,0.0,0.0,0.0,0.0,0.0,0.0,0.0,0.0,0.0,0.0,218.0,397
320405,2014,21.0,0.0,4.0,8.0,3.0,61.0,32.0,17.0,31.0,54.0,231.0,387
320405,2015,11.0,0.0,6.0,5.0,4.0,55.0,24.0,15.0,30.0,49.0,201.0,360
320405,2016,11.0,1.0,3.0,5.0,3.0,56.0,16.0,17.0,23.0,23.0,158.0,327
320405,2017,7.0,0.0,2.0,7.0,2.0,72.0,9.0,7.0,21.0,23.0,151.0,319
320405,2018,7.0,0.0,5.0,5.0,4.0,62.0,11.0,14.0,19.0,43.0,170.0,355
320405,2019,6.0,0.0,5.0,7.0,1.0,94.0,6.0,9.0,23.0,45.0,197.0,380
320410,2012,35.0,3.0,5.0,9.0,1.0,45.0,0.0,19.0,10.0,39.0,175.0,359
320410,2013,0.0,0.0,0.0,0.0,0.0,0.0,0.0,0.0,0.0,0.0,214.0,372
320410,2014,12.0,0.0,4.0,4.0,6.0,60.0,9.0,39.0,20.0,43.0,208.0,367
320410,2015,9.0,0.0,10.0,6.0,6.0,56.0,14.0,27.0,12.0,57.0,204.0,381
320410,2016,9.0,0.0,2.0,10.0,2.0,65.0,8.0,29.0,23.0,41.0,192.0,341
320410,2017,6.0,0.0,2.0,8.0,6.0,66.0,37.0,49.0,24.0,48.0,246.0,379
320410,2018,12.0,0.0,4.0,5.0,4.0,88.0,36.0,28.0,33.0,43.0,253.0,394
320410,2019,8.0,0.0,4.0,6.0,3.0,93.0,24.0,23.0,33.0,32.0,226.0,373
320420,2012,25.0,0.0,7.0,1.0,5.0,38.0,12.0,9.0,30.0,29.0,168.0,285
320420,2013,0.0,0.0,0.0,0.0,0.0,0.0,0.0,0.0,0.0,0.0,182.0,285
320420,2014,15.0,0.0,4.0,5.0,2.0,63.0,15.0,23.0,35.0,36.0,203.0,326
320420,2015,12.0,0.0,2.0,3.0,3.0,71.0,8.0,15.0,32.0,42.0,192.0,315
320420,2016,15.0,0.0,4.0,4.0,0.0,69.0,16.0,10.0,51.0,25.0,194.0,291
320420,2017,18.0,0.0,6.0,3.0,1.0,92.0,19.0,6.0,59.0,24.0,228.0,327
320420,2018,10.0,0.0,0.0,2.0,1.0,106.0,19.0,11.0,49.0,30.0,228.0,343
320420,2019,11.0,1.0,4.0,6.0,4.0,78.0,23.0,7.0,45.0,28.0,207.0,339
320425,2012,11.0,5.0,0.0,0.0,1.0,11.0,1.0,7.0,2.0,9.0,47.0,69
320425,2013,0.0,0.0,0.0,0.0,0.0,0.0,0.0,0.0,0.0,0.0,45.0,85
320425,2014,4.0,0.0,6.0,4.0,3.0,16.0,5.0,7.0,9.0,7.0,64.0,88
320425,2015,3.0,0.0,0.0,3.0,1.0,13.0,5.0,4.0,6.0,8.0,45.0,89
320425,2016,3.0,0.0,0.0,2.0,1.0,16.0,2.0,4.0,7.0,4.0,39.0,76
320425,2017,1.0,0.0,0.0,2.0,3.0,12.0,5.0,4.0,2.0,7.0,37.0,84
320425,2018,1.0,0.0,4.0,3.0,3.0,24.0,1.0,5.0,7.0,7.0,55.0,88
320425,2019,2.0,0.0,0.0,0.0,1.0,20.0,3.0,5.0,2.0,8.0,41.0,77
320430,2012,15.0,0.0,2.0,1.0,0.0,30.0,8.0,4.0,30.0,22.0,130.0,170
320430,2013,0.0,0.0,0.0,0.0,0.0,0.0,0.0,0.0,0.0,0.0,116.0,160
320430,2014,13.0,0.0,4.0,0.0,3.0,38.0,9.0,9.0,11.0,20.0,107.0,142
320430,2015,7.0,0.0,2.0,6.0,2.0,31.0,7.0,11.0,19.0,15.0,107.0,166
320430,2016,8.0,0.0,2.0,4.0,2.0,47.0,10.0,7.0,24.0,20.0,124.0,189
320430,2017,8.0,1.0,2.0,3.0,0.0,64.0,6.0,1.0,31.0,16.0,133.0,198
320430,2018,14.0,0.0,6.0,1.0,2.0,63.0,12.0,3.0,29.0,12.0,142.0,217
320430,2019,15.0,0.0,6.0,3.0,3.0,58.0,13.0,2.0,35.0,7.0,142.0,221
320435,2012,14.0,0.0,0.0,3.0,0.0,36.0,1.0,7.0,17.0,40.0,134.0,228
320435,2013,0.0,0.0,0.0,0.0,0.0,0.0,0.0,0.0,0.0,0.0,156.0,250
320435,2014,6.0,0.0,2.0,2.0,5.0,69.0,2.0,25.0,2.0,52.0,166.0,245
320435,2015,7.0,1.0,2.0,3.0,3.0,48.0,2.0,19.0,4.0,60.0,149.0,232
320435,2016,6.0,0.0,4.0,0.0,0.0,60.0,6.0,20.0,4.0,55.0,155.0,244
320435,2017,10.0,0.0,4.0,1.0,0.0,45.0,0.0,18.0,5.0,42.0,125.0,202
320435,2018,12.0,0.0,3.0,0.0,1.0,78.0,4.0,22.0,10.0,58.0,188.0,293
320435,2019,13.0,0.0,2.0,5.0,1.0,68.0,1.0,22.0,8.0,60.0,180.0,294
320440,2012,7.0,1.0,1.0,1.0,0.0,44.0,3.0,5.0,20.0,17.0,123.0,150
320440,2013,0.0,0.0,0.0,0.0,0.0,0.0,0.0,0.0,0.0,0.0,101.0,125
320440,2014,8.0,1.0,3.0,4.0,3.0,38.0,10.0,7.0,23.0,24.0,121.0,151
320440,2015,8.0,0.0,0.0,2.0,2.0,41.0,3.0,7.0,13.0,21.0,101.0,134
320440,2016,10.0,1.0,2.0,0.0,0.0,43.0,7.0,6.0,27.0,12.0,108.0,137
320440,2017,11.0,0.0,8.0,0.0,2.0,42.0,4.0,2.0,24.0,20.0,113.0,155
320440,2018,6.0,0.0,0.0,2.0,2.0,39.0,5.0,8.0,14.0,19.0,95.0,134
320440,2019,6.0,0.0,6.0,5.0,5.0,56.0,4.0,3.0,27.0,6.0,118.0,157
320450,2012,5.0,0.0,0.0,2.0,0.0,25.0,0.0,18.0,5.0,25.0,89.0,117
320450,2013,0.0,0.0,0.0,0.0,0.0,0.0,0.0,0.0,0.0,0.0,78.0,105
320450,2014,7.0,0.0,4.0,1.0,5.0,29.0,4.0,17.0,2.0,23.0,99.0,127
320450,2015,8.0,0.0,0.0,1.0,3.0,30.0,4.0,9.0,8.0,24.0,95.0,140
320450,2016,1.0,0.0,4.0,1.0,3.0,20.0,4.0,4.0,4.0,14.0,78.0,122
320450,2017,9.0,0.0,2.0,0.0,0.0,19.0,0.0,7.0,7.0,14.0,93.0,148
320450,2018,1.0,1.0,2.0,2.0,0.0,25.0,2.0,10.0,5.0,20.0,69.0,119
320450,2019,6.0,0.0,4.0,0.0,1.0,22.0,6.0,6.0,4.0,12.0,63.0,113
320455,2012,23.0,0.0,12.0,9.0,9.0,59.0,8.0,31.0,34.0,73.0,348.0,516
320455,2013,0.0,0.0,0.0,0.0,0.0,0.0,0.0,0.0,0.0,0.0,368.0,492
320455,2014,15.0,0.0,2.0,3.0,2.0,106.0,11.0,58.0,37.0,96.0,380.0,545
320455,2015,11.0,0.0,10.0,3.0,3.0,94.0,8.0,54.0,11.0,112.0,393.0,571
320455,2016,19.0,0.0,6.0,1.0,1.0,111.0,8.0,47.0,25.0,99.0,401.0,575
320455,2017,22.0,0.0,8.0,2.0,2.0,80.0,16.0,23.0,36.0,71.0,406.0,605
320455,2018,23.0,1.0,13.0,6.0,5.0,186.0,16.0,61.0,54.0,127.0,505.0,736
320455,2019,25.0,0.0,3.0,5.0,8.0,179.0,12.0,63.0,29.0,142.0,466.0,687
320460,2012,3.0,0.0,4.0,2.0,0.0,7.0,0.0,3.0,8.0,5.0,207.0,271
320460,2013,0.0,0.0,0.0,0.0,0.0,0.0,0.0,0.0,0.0,0.0,180.0,238
320460,2014,4.0,0.0,7.0,2.0,1.0,9.0,2.0,6.0,3.0,8.0,214.0,284
320460,2015,6.0,0.0,4.0,3.0,1.0,8.0,1.0,2.0,8.0,7.0,184.0,257
320460,2016,8.0,1.0,0.0,0.0,0.0,11.0,2.0,2.0,10.0,6.0,199.0,282
320460,2017,6.0,0.0,8.0,1.0,1.0,14.0,6.0,3.0,6.0,9.0,194.0,293
320460,2018,15.0,0.0,7.0,6.0,9.0,70.0,4.0,23.0,19.0,53.0,220.0,345
320460,2019,3.0,2.0,4.0,16.0,5.0,86.0,11.0,7.0,37.0,22.0,194.0,298
320465,2012,10.0,0.0,0.0,1.0,0.0,21.0,3.0,2.0,16.0,10.0,71.0,95
320465,2013,0.0,0.0,0.0,0.0,0.0,0.0,0.0,0.0,0.0,0.0,56.0,80
320465,2014,4.0,0.0,0.0,2.0,2.0,22.0,4.0,5.0,9.0,11.0,59.0,91
320465,2015,5.0,0.0,2.0,2.0,0.0,35.0,4.0,7.0,11.0,16.0,82.0,128
320465,2016,3.0,0.0,4.0,2.0,0.0,27.0,2.0,6.0,16.0,10.0,70.0,110
320465,2017,5.0,0.0,0.0,4.0,0.0,23.0,1.0,5.0,7.0,19.0,64.0,99
320465,2018,2.0,1.0,1.0,1.0,5.0,41.0,2.0,3.0,10.0,7.0,73.0,116
320465,2019,3.0,0.0,2.0,0.0,0.0,26.0,5.0,2.0,11.0,9.0,59.0,112
320470,2012,35.0,0.0,11.0,4.0,2.0,89.0,23.0,13.0,88.0,52.0,341.0,410
320470,2013,0.0,0.0,0.0,0.0,0.0,0.0,0.0,0.0,0.0,0.0,344.0,446
320470,2014,15.0,1.0,6.0,9.0,3.0,112.0,15.0,27.0,50.0,91.0,330.0,454
320470,2015,10.0,1.0,12.0,5.0,3.0,99.0,8.0,23.0,35.0,75.0,274.0,442
320470,2016,21.0,2.0,5.0,6.0,4.0,102.0,11.0,11.0,35.0,50.0,249.0,395
320470,2017,16.0,4.0,6.0,17.0,6.0,95.0,14.0,15.0,35.0,60.0,268.0,410
320470,2018,15.0,2.0,5.0,9.0,12.0,108.0,18.0,12.0,48.0,39.0,268.0,432
320470,2019,19.0,1.0,13.0,10.0,6.0,104.0,15.0,9.0,38.0,38.0,254.0,413
320480,2012,10.0,0.0,1.0,1.0,2.0,50.0,2.0,6.0,4.0,29.0,107.0,144
320480,2013,0.0,0.0,0.0,0.0,0.0,0.0,0.0,0.0,0.0,0.0,98.0,143
320480,2014,6.0,1.0,6.0,3.0,0.0,43.0,2.0,9.0,8.0,31.0,120.0,157
320480,2015,9.0,1.0,3.0,1.0,0.0,44.0,0.0,7.0,0.0,40.0,109.0,156
320480,2016,6.0,0.0,0.0,0.0,2.0,28.0,2.0,5.0,6.0,31.0,84.0,125
320480,2017,6.0,0.0,2.0,2.0,0.0,42.0,3.0,7.0,3.0,44.0,112.0,147
320480,2018,7.0,0.0,0.0,0.0,0.0,39.0,1.0,13.0,10.0,41.0,113.0,143
320480,2019,11.0,0.0,0.0,2.0,0.0,50.0,1.0,4.0,2.0,30.0,102.0,128
320490,2012,107.0,3.0,27.0,20.0,14.0,383.0,42.0,96.0,149.0,336.0,1202.0,1748
320490,2013,0.0,0.0,0.0,0.0,0.0,0.0,0.0,0.0,0.0,0.0,1162.0,1731
320490,2014,68.0,2.0,29.0,18.0,11.0,425.0,48.0,120.0,109.0,371.0,1202.0,1836
320490,2015,49.0,4.0,22.0,17.0,14.0,434.0,58.0,98.0,129.0,277.0,1116.0,1842
320490,2016,52.0,5.0,37.0,10.0,18.0,441.0,59.0,80.0,157.0,210.0,1069.0,1783
320490,2017,60.0,2.0,51.0,26.0,24.0,512.0,61.0,78.0,147.0,208.0,1169.0,2006
320490,2018,71.0,7.0,21.0,32.0,24.0,464.0,57.0,98.0,156.0,169.0,1099.0,1882
320490,2019,61.0,5.0,30.0,28.0,17.0,471.0,44.0,72.0,125.0,213.0,1066.0,1813
320495,2012,5.0,0.0,0.0,1.0,3.0,19.0,2.0,1.0,17.0,15.0,73.0,115
320495,2013,0.0,0.0,0.0,0.0,0.0,0.0,0.0,0.0,0.0,0.0,70.0,113
320495,2014,2.0,0.0,0.0,0.0,1.0,18.0,5.0,3.0,20.0,10.0,59.0,97
320495,2015,4.0,0.0,2.0,0.0,2.0,17.0,4.0,5.0,8.0,10.0,59.0,101
320495,2016,4.0,0.0,0.0,3.0,0.0,21.0,4.0,2.0,15.0,12.0,70.0,106
320495,2017,3.0,0.0,2.0,1.0,1.0,13.0,6.0,4.0,9.0,10.0,56.0,95
320495,2018,3.0,0.0,2.0,4.0,1.0,29.0,1.0,4.0,10.0,16.0,70.0,105
320495,2019,5.0,0.0,4.0,1.0,2.0,24.0,4.0,4.0,11.0,11.0,66.0,109
320500,2012,469.0,32.0,149.0,255.0,191.0,1313.0,185.0,313.0,689.0,1035.0,5006.0,7560
320500,2013,0.0,0.0,0.0,0.0,0.0,0.0,0.0,0.0,0.0,0.0,5128.0,7863
320500,2014,480.0,5.0,187.0,86.0,102.0,1628.0,237.0,580.0,565.0,1322.0,5449.0,8250
320500,2015,407.0,10.0,141.0,132.0,124.0,1711.0,229.0,455.0,540.0,1139.0,4991.0,8269
320500,2016,424.0,8.0,163.0,79.0,66.0,1638.0,231.0,378.0,543.0,1018.0,4565.0,7785
320500,2017,418.0,6.0,155.0,91.0,70.0,1743.0,223.0,379.0,541.0,934.0,4610.0,7962
320500,2018,388.0,29.0,122.0,120.0,82.0,1860.0,207.0,388.0,528.0,945.0,4679.0,8035
320500,2019,376.0,5.0,151.0,110.0,101.0,1789.0,227.0,307.0,552.0,726.0,4344.0,7666
320501,2012,21.0,1.0,2.0,2.0,0.0,69.0,2.0,29.0,12.0,57.0,229.0,428
320501,2013,0.0,0.0,0.0,0.0,0.0,0.0,0.0,0.0,0.0,0.0,227.0,458
320501,2014,8.0,0.0,2.0,3.0,2.0,79.0,2.0,45.0,5.0,98.0,245.0,456
320501,2015,12.0,0.0,16.0,5.0,1.0,114.0,1.0,48.0,1.0,101.0,299.0,514
320501,2016,15.0,0.0,10.0,3.0,0.0,90.0,0.0,41.0,1.0,95.0,255.0,457
320501,2017,14.0,0.0,7.0,0.0,1.0,116.0,1.0,48.0,5.0,94.0,286.0,474
320501,2018,15.0,0.0,8.0,2.0,1.0,93.0,0.0,33.0,2.0,91.0,245.0,441
320501,2019,18.0,0.0,3.0,4.0,1.0,113.0,0.0,41.0,1.0,75.0,256.0,444
320503,2012,14.0,0.0,6.0,0.0,4.0,44.0,10.0,11.0,29.0,26.0,180.0,233
320503,2013,0.0,0.0,0.0,0.0,0.0,0.0,0.0,0.0,0.0,0.0,195.0,259
320503,2014,17.0,0.0,3.0,3.0,4.0,68.0,12.0,8.0,32.0,31.0,183.0,265
320503,2015,9.0,0.0,4.0,3.0,6.0,56.0,8.0,6.0,28.0,42.0,172.0,255
320503,2016,14.0,0.0,6.0,2.0,2.0,60.0,11.0,11.0,27.0,40.0,173.0,246
320503,2017,14.0,1.0,4.0,3.0,3.0,81.0,18.0,3.0,30.0,21.0,178.0,266
320503,2018,15.0,0.0,15.0,3.0,1.0,80.0,13.0,6.0,31.0,21.0,185.0,272
320503,2019,11.0,1.0,6.0,7.0,0.0,84.0,14.0,2.0,47.0,8.0,180.0,278
320506,2012,15.0,2.0,10.0,1.0,7.0,42.0,4.0,15.0,32.0,45.0,182.0,275
320506,2013,0.0,0.0,0.0,0.0,0.0,0.0,0.0,0.0,0.0,0.0,172.0,260
320506,2014,20.0,0.0,10.0,6.0,6.0,74.0,15.0,24.0,28.0,37.0,235.0,335
320506,2015,14.0,2.0,4.0,3.0,6.0,52.0,14.0,17.0,56.0,40.0,210.0,288
320506,2016,30.0,0.0,6.0,2.0,3.0,61.0,16.0,24.0,35.0,43.0,220.0,300
320506,2017,18.0,0.0,6.0,4.0,6.0,66.0,18.0,23.0,41.0,45.0,228.0,319
320506,2018,25.0,2.0,3.0,8.0,4.0,67.0,14.0,8.0,35.0,54.0,221.0,323
320506,2019,23.0,9.0,10.0,11.0,2.0,74.0,11.0,19.0,25.0,56.0,240.0,360
320510,2012,63.0,3.0,16.0,13.0,10.0,180.0,26.0,43.0,126.0,107.0,619.0,984
320510,2013,0.0,0.0,0.0,0.0,0.0,0.0,0.0,0.0,0.0,0.0,670.0,1095
320510,2014,45.0,2.0,12.0,16.0,16.0,234.0,32.0,76.0,111.0,169.0,743.0,1128
320510,2015,56.0,2.0,23.0,14.0,12.0,244.0,26.0,78.0,74.0,168.0,701.0,1186
320510,2016,59.0,0.0,15.0,12.0,7.0,235.0,18.0,63.0,58.0,158.0,626.0,1107
320510,2017,66.0,1.0,25.0,15.0,8.0,235.0,29.0,62.0,48.0,112.0,603.0,1093
320510,2018,57.0,4.0,24.0,23.0,12.0,290.0,21.0,49.0,74.0,133.0,687.0,1212
320510,2019,37.0,2.0,15.0,10.0,13.0,232.0,30.0,28.0,74.0,93.0,536.0,1073
320515,2012,4.0,0.0,0.0,0.0,1.0,16.0,1.0,7.0,3.0,20.0,74.0,106
320515,2013,0.0,0.0,0.0,0.0,0.0,0.0,0.0,0.0,0.0,0.0,87.0,122
320515,2014,4.0,0.0,2.0,3.0,1.0,14.0,2.0,5.0,6.0,23.0,76.0,115
320515,2015,6.0,0.0,0.0,1.0,2.0,20.0,1.0,4.0,5.0,21.0,72.0,107
320515,2016,4.0,0.0,2.0,3.0,2.0,24.0,3.0,5.0,10.0,14.0,68.0,100
320515,2017,2.0,0.0,0.0,2.0,0.0,18.0,2.0,10.0,8.0,22.0,65.0,105
320515,2018,3.0,0.0,3.0,1.0,1.0,26.0,3.0,3.0,3.0,16.0,59.0,102
320515,2019,2.0,0.0,0.0,0.0,1.0,28.0,0.0,7.0,4.0,16.0,60.0,96
320517,2012,9.0,0.0,0.0,0.0,1.0,34.0,3.0,6.0,17.0,29.0,107.0,152
320517,2013,0.0,0.0,0.0,0.0,0.0,0.0,0.0,0.0,0.0,0.0,107.0,169
320517,2014,5.0,1.0,2.0,2.0,1.0,39.0,1.0,7.0,17.0,26.0,101.0,151
320517,2015,2.0,0.0,4.0,2.0,2.0,44.0,9.0,12.0,24.0,23.0,126.0,198
320517,2016,5.0,2.0,4.0,4.0,3.0,35.0,5.0,15.0,22.0,19.0,115.0,199
320517,2017,4.0,0.0,7.0,4.0,5.0,42.0,2.0,12.0,13.0,29.0,118.0,197
320517,2018,7.0,0.0,8.0,1.0,6.0,31.0,3.0,11.0,13.0,24.0,104.0,172
320517,2019,8.0,0.0,4.0,6.0,4.0,58.0,5.0,9.0,22.0,30.0,146.0,229
320520,2012,415.0,12.0,103.0,89.0,100.0,1297.0,182.0,175.0,867.0,806.0,4307.0,6221
320520,2013,0.0,0.0,0.0,0.0,0.0,0.0,0.0,0.0,0.0,0.0,4400.0,6446
320520,2014,290.0,14.0,137.0,99.0,84.0,1488.0,201.0,333.0,687.0,964.0,4333.0,6459
320520,2015,312.0,7.0,139.0,108.0,105.0,1516.0,196.0,265.0,682.0,852.0,4212.0,6678
320520,2016,256.0,7.0,140.0,84.0,78.0,1452.0,244.0,170.0,691.0,687.0,3814.0,6172
320520,2017,245.0,6.0,150.0,84.0,103.0,1679.0,197.0,234.0,671.0,699.0,4081.0,6817
320520,2018,314.0,10.0,164.0,120.0,97.0,1579.0,243.0,199.0,719.0,606.0,4051.0,6672
320520,2019,274.0,8.0,131.0,100.0,123.0,1614.0,248.0,169.0,720.0,481.0,3870.0,6502
320530,2012,308.0,31.0,86.0,50.0,68.0,872.0,93.0,147.0,469.0,744.0,3141.0,4503
320530,2013,0.0,0.0,0.0,0.0,0.0,0.0,0.0,0.0,0.0,0.0,3237.0,4657
320530,2014,237.0,28.0,105.0,67.0,69.0,1084.0,120.0,271.0,437.0,828.0,3353.0,4805
320530,2015,253.0,13.0,111.0,56.0,73.0,1064.0,170.0,202.0,452.0,608.0,3024.0,4687
320530,2016,229.0,5.0,97.0,45.0,55.0,998.0,154.0,207.0,388.0,566.0,2752.0,4369
320530,2017,217.0,5.0,86.0,74.0,75.0,1106.0,126.0,238.0,372.0,559.0,2871.0,4612
320530,2018,262.0,10.0,155.0,89.0,76.0,1071.0,115.0,224.0,341.0,543.0,2887.0,4644
320530,2019,198.0,8.0,107.0,141.0,101.0,976.0,150.0,161.0,396.0,468.0,2706.0,4483
330000,2012,1.0,0.0,1.0,0.0,0.0,1.0,0.0,0.0,1.0,1.0,6.0,22
330000,2013,0.0,0.0,0.0,0.0,0.0,0.0,0.0,0.0,0.0,0.0,9.0,23
330000,2014,2.0,0.0,0.0,0.0,0.0,1.0,0.0,0.0,1.0,0.0,4.0,15
330000,2015,4.0,0.0,0.0,0.0,0.0,0.0,0.0,0.0,2.0,0.0,6.0,14
330000,2016,0.0,0.0,0.0,0.0,0.0,1.0,0.0,0.0,0.0,0.0,1.0,5
330000,2017,0.0,0.0,1.0,0.0,0.0,2.0,0.0,0.0,0.0,0.0,4.0,8
330000,2018,1.0,0.0,0.0,1.0,0.0,1.0,0.0,0.0,0.0,0.0,5.0,18
330000,2019,0.0,0.0,0.0,0.0,0.0,0.0,0.0,1.0,0.0,0.0,1.0,23
330010,2012,208.0,4.0,36.0,19.0,31.0,492.0,131.0,38.0,497.0,168.0,1647.0,2698
330010,2013,0.0,0.0,0.0,0.0,0.0,0.0,0.0,0.0,0.0,0.0,1662.0,2653
330010,2014,193.0,5.0,63.0,33.0,28.0,610.0,191.0,72.0,445.0,173.0,1879.0,2838
330010,2015,206.0,7.0,56.0,36.0,30.0,654.0,172.0,44.0,454.0,146.0,1840.0,2872
330010,2016,149.0,4.0,51.0,35.0,30.0,594.0,130.0,47.0,391.0,114.0,1556.0,2628
330010,2017,150.0,1.0,49.0,35.0,24.0,607.0,111.0,42.0,371.0,119.0,1522.0,2635
330010,2018,144.0,1.0,35.0,35.0,26.0,613.0,128.0,33.0,275.0,98.0,1401.0,2612
330010,2019,118.0,2.0,46.0,41.0,29.0,593.0,102.0,54.0,259.0,136.0,1398.0,2337
330015,2012,20.0,2.0,2.0,2.0,6.0,41.0,2.0,4.0,14.0,22.0,117.0,123
330015,2013,0.0,0.0,0.0,0.0,0.0,0.0,0.0,0.0,0.0,0.0,130.0,135
330015,2014,7.0,1.0,2.0,0.0,5.0,48.0,4.0,16.0,20.0,25.0,134.0,137
330015,2015,17.0,2.0,2.0,3.0,0.0,51.0,5.0,4.0,22.0,29.0,136.0,139
330015,2016,12.0,0.0,4.0,0.0,0.0,59.0,4.0,13.0,19.0,28.0,141.0,149
330015,2017,23.0,0.0,2.0,1.0,0.0,56.0,6.0,6.0,18.0,27.0,141.0,146
330015,2018,16.0,0.0,4.0,6.0,1.0,50.0,4.0,8.0,12.0,25.0,130.0,141
330015,2019,14.0,1.0,3.0,3.0,0.0,55.0,9.0,8.0,13.0,22.0,130.0,138
330020,2012,178.0,0.0,18.0,13.0,13.0,307.0,35.0,58.0,136.0,198.0,977.0,1619
330020,2013,0.0,0.0,0.0,0.0,0.0,0.0,0.0,0.0,0.0,0.0,1001.0,1614
330020,2014,146.0,5.0,22.0,9.0,11.0,297.0,52.0,83.0,145.0,223.0,1066.0,1673
330020,2015,92.0,3.0,34.0,16.0,11.0,382.0,37.0,93.0,120.0,215.0,1074.0,1722
330020,2016,116.0,2.0,22.0,11.0,12.0,384.0,42.0,57.0,121.0,137.0,982.0,1529
330020,2017,108.0,1.0,27.0,23.0,12.0,303.0,61.0,32.0,159.0,106.0,870.0,1595
330020,2018,95.0,0.0,22.0,30.0,9.0,389.0,62.0,29.0,153.0,106.0,903.0,1723
330020,2019,68.0,2.0,33.0,22.0,15.0,383.0,68.0,40.0,129.0,101.0,870.0,1612
330022,2012,6.0,0.0,0.0,0.0,1.0,23.0,5.0,4.0,14.0,9.0,64.0,129
330022,2013,0.0,0.0,0.0,0.0,0.0,0.0,0.0,0.0,0.0,0.0,64.0,130
330022,2014,4.0,0.0,5.0,1.0,2.0,30.0,3.0,3.0,16.0,11.0,77.0,178
330022,2015,6.0,0.0,4.0,2.0,1.0,30.0,3.0,6.0,20.0,9.0,81.0,165
330022,2016,5.0,0.0,2.0,4.0,3.0,27.0,6.0,4.0,17.0,14.0,82.0,163
330022,2017,11.0,0.0,0.0,5.0,1.0,32.0,1.0,6.0,16.0,15.0,88.0,181
330022,2018,6.0,0.0,2.0,5.0,3.0,25.0,8.0,6.0,15.0,7.0,77.0,180
330022,2019,5.0,0.0,4.0,1.0,1.0,29.0,6.0,5.0,10.0,11.0,73.0,154
330023,2012,103.0,0.0,9.0,13.0,10.0,93.0,15.0,14.0,93.0,59.0,442.0,576
330023,2013,0.0,0.0,0.0,0.0,0.0,0.0,0.0,0.0,0.0,0.0,448.0,616
330023,2014,49.0,0.0,12.0,6.0,9.0,106.0,38.0,18.0,79.0,45.0,392.0,551
330023,2015,40.0,3.0,14.0,19.0,15.0,158.0,41.0,36.0,82.0,84.0,511.0,694
330023,2016,80.0,0.0,12.0,14.0,8.0,153.0,37.0,39.0,91.0,94.0,546.0,703
330023,2017,63.0,1.0,14.0,9.0,8.0,151.0,34.0,58.0,52.0,108.0,518.0,663
330023,2018,64.0,0.0,2.0,21.0,5.0,157.0,26.0,44.0,49.0,97.0,472.0,627
330023,2019,61.0,0.0,6.0,12.0,9.0,217.0,25.0,42.0,51.0,108.0,535.0,722
330025,2012,26.0,1.0,2.0,5.0,5.0,55.0,8.0,11.0,41.0,19.0,237.0,301
330025,2013,0.0,0.0,0.0,0.0,0.0,0.0,0.0,0.0,0.0,0.0,228.0,331
330025,2014,10.0,0.0,10.0,3.0,2.0,72.0,20.0,18.0,41.0,42.0,248.0,363
330025,2015,26.0,1.0,6.0,5.0,4.0,62.0,13.0,11.0,44.0,34.0,238.0,350
330025,2016,29.0,0.0,6.0,2.0,6.0,94.0,14.0,24.0,28.0,56.0,262.0,382
330025,2017,23.0,0.0,2.0,3.0,5.0,149.0,14.0,22.0,39.0,59.0,332.0,462
330025,2018,29.0,2.0,2.0,3.0,3.0,101.0,13.0,30.0,40.0,54.0,284.0,402
330025,2019,28.0,0.0,6.0,6.0,4.0,108.0,21.0,31.0,45.0,79.0,329.0,451
330030,2012,117.0,1.0,13.0,7.0,8.0,215.0,20.0,58.0,104.0,187.0,737.0,1060
330030,2013,0.0,0.0,0.0,0.0,0.0,0.0,0.0,0.0,0.0,0.0,854.0,1131
330030,2014,91.0,8.0,19.0,9.0,9.0,254.0,16.0,84.0,91.0,247.0,857.0,1144
330030,2015,85.0,4.0,20.0,16.0,7.0,300.0,21.0,70.0,103.0,226.0,876.0,1204
330030,2016,92.0,4.0,27.0,11.0,15.0,276.0,16.0,72.0,68.0,231.0,832.0,1130
330030,2017,76.0,2.0,30.0,10.0,13.0,255.0,10.0,76.0,38.0,226.0,758.0,1080
330030,2018,66.0,2.0,17.0,8.0,7.0,306.0,4.0,94.0,26.0,246.0,809.0,1072
330030,2019,89.0,1.0,15.0,14.0,8.0,316.0,18.0,90.0,27.0,228.0,836.0,1040
330040,2012,228.0,2.0,57.0,19.0,34.0,470.0,52.0,34.0,372.0,230.0,1597.0,2410
330040,2013,0.0,0.0,0.0,0.0,0.0,0.0,0.0,0.0,0.0,0.0,1550.0,2197
330040,2014,166.0,3.0,37.0,23.0,28.0,533.0,118.0,78.0,432.0,224.0,1692.0,2405
330040,2015,166.0,0.0,42.0,35.0,28.0,548.0,110.0,74.0,403.0,224.0,1688.0,2376
330040,2016,142.0,8.0,35.0,30.0,21.0,472.0,85.0,57.0,305.0,194.0,1370.0,1998
330040,2017,150.0,12.0,42.0,19.0,27.0,525.0,96.0,61.0,351.0,199.0,1519.0,2116
330040,2018,168.0,2.0,45.0,28.0,24.0,613.0,109.0,81.0,337.0,214.0,1669.0,2202
330040,2019,143.0,3.0,50.0,21.0,18.0,541.0,71.0,77.0,280.0,217.0,1487.0,2033
330045,2012,457.0,19.0,88.0,71.0,61.0,1266.0,569.0,274.0,936.0,509.0,4502.0,7549
330045,2013,0.0,0.0,0.0,0.0,0.0,0.0,0.0,0.0,0.0,0.0,4393.0,7337
330045,2014,359.0,15.0,120.0,82.0,91.0,1307.0,541.0,366.0,748.0,601.0,4384.0,7655
330045,2015,364.0,10.0,112.0,70.0,54.0,1394.0,497.0,344.0,674.0,631.0,4313.0,7849
330045,2016,310.0,8.0,115.0,86.0,55.0,1238.0,342.0,368.0,457.0,623.0,3746.0,7215
330045,2017,298.0,12.0,101.0,77.0,68.0,1226.0,225.0,253.0,499.0,548.0,3348.0,7100
330045,2018,297.0,8.0,119.0,61.0,66.0,1249.0,340.0,248.0,539.0,433.0,3394.0,6943
330045,2019,260.0,4.0,101.0,62.0,34.0,1172.0,361.0,183.0,553.0,328.0,3080.0,6451
330050,2012,28.0,0.0,8.0,5.0,3.0,83.0,20.0,9.0,70.0,27.0,280.0,361
330050,2013,0.0,0.0,0.0,0.0,0.0,0.0,0.0,0.0,0.0,0.0,262.0,332
330050,2014,18.0,15.0,11.0,6.0,3.0,83.0,8.0,32.0,34.0,69.0,302.0,353
330050,2015,10.0,1.0,4.0,5.0,5.0,116.0,3.0,30.0,40.0,82.0,314.0,365
330050,2016,9.0,0.0,2.0,3.0,3.0,78.0,5.0,15.0,22.0,64.0,215.0,234
330050,2017,13.0,0.0,2.0,0.0,1.0,55.0,6.0,14.0,21.0,48.0,180.0,197
330050,2018,24.0,0.0,2.0,0.0,1.0,124.0,9.0,36.0,29.0,97.0,335.0,367
330050,2019,16.0,0.0,8.0,3.0,1.0,125.0,6.0,29.0,20.0,92.0,316.0,346
330060,2012,44.0,0.0,4.0,5.0,6.0,112.0,14.0,14.0,54.0,85.0,347.0,408
330060,2013,0.0,0.0,0.0,0.0,0.0,0.0,0.0,0.0,0.0,0.0,379.0,430
330060,2014,34.0,0.0,12.0,3.0,5.0,145.0,4.0,23.0,13.0,112.0,372.0,448
330060,2015,28.0,1.0,14.0,6.0,8.0,144.0,5.0,30.0,15.0,150.0,415.0,516
330060,2016,45.0,0.0,11.0,8.0,4.0,126.0,3.0,28.0,21.0,94.0,343.0,439
330060,2017,33.0,0.0,10.0,1.0,3.0,164.0,9.0,32.0,35.0,101.0,399.0,467
330060,2018,36.0,0.0,8.0,3.0,7.0,167.0,13.0,33.0,49.0,111.0,452.0,526
330060,2019,34.0,0.0,9.0,12.0,3.0,152.0,13.0,20.0,56.0,88.0,455.0,525
330070,2012,184.0,0.0,52.0,29.0,35.0,455.0,98.0,53.0,366.0,215.0,1801.0,2890
330070,2013,0.0,0.0,0.0,0.0,0.0,0.0,0.0,0.0,0.0,0.0,1787.0,2794
330070,2014,194.0,1.0,44.0,19.0,18.0,586.0,126.0,136.0,289.0,319.0,2086.0,3278
330070,2015,192.0,5.0,44.0,50.0,46.0,588.0,152.0,143.0,309.0,368.0,2026.0,3095
330070,2016,162.0,3.0,46.0,26.0,25.0,572.0,137.0,95.0,351.0,231.0,1695.0,2677
330070,2017,156.0,3.0,60.0,16.0,8.0,664.0,177.0,59.0,407.0,146.0,1759.0,2781
330070,2018,172.0,4.0,56.0,18.0,11.0,733.0,153.0,91.0,346.0,208.0,1847.0,2954
330070,2019,179.0,0.0,42.0,18.0,9.0,651.0,104.0,131.0,255.0,294.0,1728.0,2651
330080,2012,48.0,1.0,17.0,31.0,30.0,127.0,18.0,14.0,53.0,64.0,642.0,761
330080,2013,0.0,0.0,0.0,0.0,0.0,0.0,0.0,0.0,0.0,0.0,647.0,770
330080,2014,25.0,0.0,12.0,24.0,15.0,77.0,27.0,24.0,76.0,44.0,647.0,808
330080,2015,26.0,1.0,16.0,19.0,25.0,122.0,21.0,20.0,67.0,84.0,693.0,885
330080,2016,16.0,1.0,13.0,54.0,44.0,131.0,18.0,22.0,55.0,72.0,649.0,771
330080,2017,26.0,0.0,10.0,16.0,13.0,221.0,15.0,34.0,56.0,130.0,685.0,808
330080,2018,19.0,5.0,13.0,37.0,21.0,153.0,9.0,24.0,39.0,75.0,621.0,780
330080,2019,30.0,4.0,10.0,8.0,6.0,185.0,6.0,29.0,41.0,91.0,579.0,712
330090,2012,12.0,0.0,2.0,4.0,3.0,43.0,3.0,8.0,19.0,33.0,143.0,159
330090,2013,0.0,0.0,0.0,0.0,0.0,0.0,0.0,0.0,0.0,0.0,131.0,141
330090,2014,15.0,0.0,2.0,1.0,1.0,40.0,0.0,6.0,16.0,46.0,137.0,143
330090,2015,20.0,0.0,0.0,1.0,3.0,49.0,1.0,13.0,4.0,53.0,153.0,158
330090,2016,8.0,0.0,7.0,2.0,3.0,55.0,1.0,6.0,3.0,39.0,129.0,134
330090,2017,17.0,0.0,0.0,1.0,0.0,55.0,0.0,12.0,7.0,53.0,146.0,151
330090,2018,17.0,0.0,0.0,7.0,4.0,47.0,4.0,19.0,4.0,39.0,142.0,150
330090,2019,17.0,0.0,0.0,2.0,2.0,65.0,1.0,11.0,7.0,49.0,154.0,157
330093,2012,18.0,0.0,2.0,2.0,1.0,46.0,2.0,2.0,19.0,20.0,130.0,155
330093,2013,0.0,0.0,0.0,0.0,0.0,0.0,0.0,0.0,0.0,0.0,127.0,160
330093,2014,7.0,0.0,4.0,3.0,1.0,41.0,4.0,7.0,12.0,46.0,149.0,190
330093,2015,6.0,0.0,2.0,7.0,0.0,50.0,3.0,8.0,7.0,41.0,137.0,186
330093,2016,3.0,1.0,6.0,2.0,2.0,44.0,2.0,5.0,9.0,29.0,114.0,151
330093,2017,7.0,1.0,2.0,1.0,0.0,55.0,5.0,14.0,9.0,14.0,119.0,165
330093,2018,7.0,0.0,1.0,0.0,2.0,55.0,1.0,10.0,12.0,24.0,127.0,166
330093,2019,6.0,0.0,2.0,1.0,1.0,49.0,2.0,7.0,8.0,33.0,115.0,141
330095,2012,10.0,0.0,2.0,1.0,3.0,13.0,3.0,8.0,9.0,20.0,70.0,132
330095,2013,0.0,0.0,0.0,0.0,0.0,0.0,0.0,0.0,0.0,0.0,55.0,115
330095,2014,0.0,0.0,5.0,1.0,2.0,15.0,4.0,5.0,5.0,15.0,55.0,115
330095,2015,4.0,0.0,0.0,0.0,2.0,17.0,6.0,6.0,5.0,13.0,53.0,117
330095,2016,6.0,0.0,7.0,2.0,3.0,19.0,3.0,3.0,9.0,15.0,68.0,132
330095,2017,2.0,0.0,2.0,3.0,0.0,13.0,2.0,4.0,9.0,11.0,46.0,116
330095,2018,5.0,0.0,2.0,1.0,2.0,18.0,3.0,6.0,10.0,6.0,53.0,135
330095,2019,8.0,0.0,5.0,2.0,1.0,11.0,2.0,4.0,3.0,15.0,52.0,113
330100,2012,647.0,8.0,131.0,58.0,75.0,1167.0,123.0,87.0,850.0,506.0,4046.0,6612
330100,2013,0.0,0.0,0.0,0.0,0.0,0.0,0.0,0.0,0.0,0.0,4804.0,7424
330100,2014,373.0,7.0,146.0,94.0,76.0,1085.0,197.0,152.0,493.0,421.0,5103.0,7891
330100,2015,453.0,11.0,137.0,176.0,145.0,1025.0,193.0,196.0,529.0,530.0,5350.0,8229
330100,2016,447.0,4.0,160.0,481.0,394.0,1412.0,317.0,239.0,695.0,638.0,4978.0,7516
330100,2017,425.0,10.0,114.0,122.0,110.0,1711.0,376.0,281.0,910.0,794.0,4867.0,7498
330100,2018,444.0,7.0,146.0,93.0,63.0,1764.0,368.0,225.0,933.0,635.0,4683.0,7449
330100,2019,431.0,8.0,148.0,91.0,83.0,1783.0,370.0,174.0,946.0,453.0,4496.0,7166
330110,2012,29.0,2.0,2.0,3.0,2.0,24.0,2.0,10.0,4.0,22.0,208.0,263
330110,2013,0.0,0.0,0.0,0.0,0.0,0.0,0.0,0.0,0.0,0.0,187.0,216
330110,2014,11.0,1.0,2.0,3.0,3.0,38.0,0.0,13.0,9.0,41.0,200.0,243
330110,2015,21.0,1.0,4.0,2.0,2.0,69.0,6.0,21.0,6.0,81.0,237.0,280
330110,2016,17.0,0.0,10.0,3.0,1.0,63.0,1.0,19.0,7.0,55.0,185.0,213
330110,2017,14.0,0.0,3.0,0.0,0.0,62.0,4.0,19.0,11.0,54.0,188.0,205
330110,2018,21.0,0.0,2.0,1.0,0.0,83.0,0.0,20.0,5.0,58.0,193.0,218
330110,2019,8.0,0.0,3.0,2.0,0.0,79.0,1.0,28.0,3.0,59.0,184.0,209
330115,2012,10.0,0.0,0.0,3.0,0.0,33.0,5.0,2.0,8.0,21.0,87.0,114
330115,2013,0.0,0.0,0.0,0.0,0.0,0.0,0.0,0.0,0.0,0.0,110.0,133
330115,2014,4.0,0.0,1.0,0.0,2.0,37.0,1.0,9.0,5.0,20.0,112.0,136
330115,2015,3.0,0.0,2.0,3.0,1.0,42.0,1.0,7.0,6.0,28.0,119.0,149
330115,2016,8.0,0.0,5.0,4.0,5.0,47.0,4.0,7.0,8.0,23.0,114.0,150
330115,2017,6.0,1.0,4.0,1.0,1.0,48.0,1.0,7.0,11.0,23.0,103.0,125
330115,2018,12.0,0.0,4.0,1.0,2.0,45.0,2.0,4.0,15.0,14.0,99.0,129
330115,2019,9.0,0.0,3.0,1.0,0.0,39.0,8.0,1.0,14.0,12.0,89.0,123
330120,2012,29.0,0.0,2.0,1.0,2.0,59.0,12.0,3.0,54.0,21.0,183.0,243
330120,2013,0.0,0.0,0.0,0.0,0.0,0.0,0.0,0.0,0.0,0.0,188.0,216
330120,2014,16.0,0.0,2.0,2.0,0.0,75.0,10.0,9.0,58.0,23.0,196.0,214
330120,2015,14.0,0.0,9.0,2.0,0.0,75.0,14.0,5.0,53.0,29.0,202.0,229
330120,2016,11.0,0.0,0.0,2.0,1.0,65.0,19.0,6.0,54.0,17.0,177.0,207
330120,2017,8.0,1.0,8.0,0.0,1.0,65.0,22.0,5.0,56.0,22.0,189.0,221
330120,2018,9.0,0.0,2.0,2.0,0.0,63.0,17.0,5.0,64.0,23.0,187.0,215
330120,2019,4.0,0.0,4.0,2.0,2.0,74.0,11.0,8.0,40.0,29.0,178.0,206
330130,2012,42.0,2.0,3.0,3.0,4.0,122.0,11.0,12.0,45.0,67.0,344.0,467
330130,2013,0.0,0.0,0.0,0.0,0.0,0.0,0.0,0.0,0.0,0.0,384.0,501
330130,2014,28.0,3.0,6.0,2.0,2.0,132.0,11.0,29.0,28.0,82.0,391.0,530
330130,2015,45.0,0.0,10.0,10.0,6.0,178.0,5.0,39.0,22.0,111.0,497.0,616
330130,2016,44.0,0.0,5.0,1.0,7.0,187.0,19.0,44.0,55.0,94.0,488.0,597
330130,2017,45.0,0.0,16.0,12.0,7.0,208.0,8.0,65.0,31.0,119.0,550.0,679
330130,2018,33.0,1.0,15.0,6.0,5.0,175.0,22.0,35.0,40.0,107.0,479.0,604
330130,2019,45.0,0.0,8.0,8.0,4.0,181.0,12.0,42.0,38.0,95.0,465.0,584
330140,2012,15.0,0.0,6.0,2.0,3.0,65.0,8.0,3.0,27.0,23.0,181.0,237
330140,2013,0.0,0.0,0.0,0.0,0.0,0.0,0.0,0.0,0.0,0.0,210.0,274
330140,2014,11.0,1.0,2.0,9.0,8.0,70.0,5.0,13.0,15.0,51.0,206.0,283
330140,2015,13.0,0.0,6.0,17.0,4.0,82.0,3.0,15.0,11.0,46.0,212.0,286
330140,2016,13.0,0.0,2.0,4.0,1.0,71.0,4.0,14.0,9.0,45.0,183.0,250
330140,2017,11.0,0.0,8.0,4.0,2.0,77.0,1.0,8.0,20.0,37.0,205.0,272
330140,2018,6.0,0.0,6.0,3.0,3.0,79.0,4.0,18.0,23.0,44.0,227.0,285
330140,2019,11.0,0.0,7.0,2.0,4.0,71.0,2.0,13.0,5.0,40.0,185.0,250
330150,2012,57.0,0.0,2.0,1.0,1.0,33.0,0.0,18.0,18.0,37.0,204.0,255
330150,2013,0.0,0.0,0.0,0.0,0.0,0.0,0.0,0.0,0.0,0.0,195.0,231
330150,2014,17.0,2.0,2.0,2.0,1.0,55.0,9.0,28.0,15.0,45.0,208.0,235
330150,2015,17.0,0.0,6.0,2.0,3.0,50.0,6.0,18.0,22.0,48.0,204.0,243
330150,2016,19.0,0.0,0.0,2.0,0.0,77.0,4.0,28.0,15.0,66.0,228.0,267
330150,2017,23.0,0.0,5.0,1.0,0.0,92.0,3.0,20.0,12.0,77.0,254.0,277
330150,2018,16.0,1.0,7.0,2.0,1.0,89.0,4.0,17.0,14.0,69.0,224.0,251
330150,2019,21.0,0.0,5.0,3.0,2.0,96.0,6.0,11.0,20.0,50.0,218.0,236
330160,2012,17.0,0.0,4.0,1.0,0.0,35.0,2.0,4.0,20.0,12.0,112.0,133
330160,2013,0.0,0.0,0.0,0.0,0.0,0.0,0.0,0.0,0.0,0.0,131.0,147
330160,2014,7.0,0.0,2.0,2.0,4.0,32.0,6.0,3.0,28.0,15.0,117.0,136
330160,2015,9.0,1.0,0.0,1.0,1.0,53.0,8.0,6.0,20.0,22.0,131.0,145
330160,2016,17.0,0.0,2.0,1.0,1.0,46.0,7.0,8.0,13.0,21.0,127.0,139
330160,2017,7.0,0.0,2.0,0.0,0.0,39.0,6.0,9.0,13.0,26.0,117.0,128
330160,2018,8.0,0.0,0.0,0.0,0.0,60.0,2.0,10.0,12.0,28.0,134.0,144
330160,2019,5.0,0.0,0.0,3.0,0.0,45.0,5.0,6.0,17.0,23.0,126.0,139
330170,2012,728.0,20.0,204.0,245.0,212.0,1742.0,554.0,351.0,1413.0,869.0,7328.0,13258
330170,2013,0.0,0.0,0.0,0.0,0.0,0.0,0.0,0.0,0.0,0.0,7284.0,13038
330170,2014,649.0,20.0,194.0,281.0,190.0,2130.0,764.0,470.0,1609.0,806.0,7357.0,13805
330170,2015,571.0,20.0,204.0,174.0,151.0,2281.0,786.0,395.0,1585.0,792.0,7067.0,14344
330170,2016,536.0,22.0,205.0,187.0,139.0,2182.0,676.0,365.0,1281.0,804.0,6489.0,13583
330170,2017,531.0,20.0,224.0,218.0,160.0,2228.0,622.0,330.0,1314.0,658.0,6374.0,13593
330170,2018,498.0,23.0,219.0,200.0,134.0,2308.0,583.0,346.0,1185.0,661.0,6215.0,13115
330170,2019,465.0,17.0,210.0,187.0,98.0,2114.0,528.0,321.0,1033.0,587.0,5614.0,12257
330180,2012,16.0,0.0,2.0,1.0,0.0,22.0,9.0,1.0,27.0,7.0,85.0,109
330180,2013,0.0,0.0,0.0,0.0,0.0,0.0,0.0,0.0,0.0,0.0,101.0,127
330180,2014,12.0,0.0,6.0,2.0,1.0,30.0,9.0,5.0,21.0,12.0,98.0,131
330180,2015,7.0,0.0,2.0,2.0,0.0,36.0,7.0,1.0,34.0,13.0,103.0,143
330180,2016,8.0,0.0,2.0,1.0,0.0,36.0,3.0,3.0,11.0,22.0,86.0,121
330180,2017,11.0,0.0,6.0,2.0,0.0,21.0,5.0,4.0,18.0,27.0,95.0,121
330180,2018,21.0,1.0,2.0,1.0,3.0,43.0,5.0,6.0,17.0,30.0,130.0,160
330180,2019,10.0,0.0,4.0,4.0,3.0,38.0,8.0,4.0,18.0,14.0,104.0,142
330185,2012,43.0,3.0,6.0,11.0,9.0,101.0,18.0,8.0,88.0,53.0,468.0,707
330185,2013,0.0,0.0,0.0,0.0,0.0,0.0,0.0,0.0,0.0,0.0,504.0,751
330185,2014,19.0,4.0,11.0,10.0,4.0,105.0,18.0,18.0,77.0,52.0,541.0,764
330185,2015,21.0,1.0,10.0,4.0,5.0,97.0,29.0,19.0,65.0,46.0,454.0,733
330185,2016,29.0,1.0,12.0,9.0,9.0,138.0,19.0,31.0,74.0,64.0,461.0,725
330185,2017,37.0,2.0,15.0,10.0,7.0,160.0,21.0,17.0,49.0,63.0,456.0,740
330185,2018,31.0,3.0,19.0,16.0,7.0,155.0,25.0,29.0,73.0,55.0,437.0,745
330185,2019,23.0,0.0,8.0,12.0,7.0,144.0,23.0,26.0,69.0,66.0,401.0,690
330187,2012,35.0,0.0,8.0,2.0,2.0,73.0,15.0,24.0,40.0,31.0,244.0,305
330187,2013,0.0,0.0,0.0,0.0,0.0,0.0,0.0,0.0,0.0,0.0,214.0,298
330187,2014,21.0,0.0,3.0,3.0,3.0,76.0,10.0,21.0,21.0,53.0,220.0,306
330187,2015,22.0,0.0,3.0,5.0,2.0,56.0,7.0,12.0,35.0,19.0,165.0,320
330187,2016,14.0,0.0,4.0,5.0,1.0,83.0,10.0,12.0,25.0,26.0,185.0,342
330187,2017,18.0,0.0,9.0,3.0,3.0,87.0,7.0,12.0,32.0,19.0,200.0,361
330187,2018,16.0,0.0,3.0,6.0,1.0,96.0,9.0,12.0,40.0,30.0,219.0,393
330187,2019,25.0,0.0,12.0,8.0,3.0,91.0,15.0,9.0,29.0,20.0,217.0,365
330190,2012,196.0,2.0,41.0,24.0,23.0,718.0,249.0,77.0,599.0,273.0,2245.0,3435
330190,2013,0.0,0.0,0.0,0.0,0.0,0.0,0.0,0.0,0.0,0.0,2184.0,3311
330190,2014,189.0,2.0,61.0,34.0,29.0,755.0,302.0,122.0,563.0,288.0,2388.0,3616
330190,2015,125.0,3.0,73.0,16.0,23.0,788.0,253.0,110.0,484.0,254.0,2166.0,3449
330190,2016,130.0,0.0,62.0,22.0,25.0,716.0,269.0,64.0,549.0,152.0,2024.0,3047
330190,2017,130.0,2.0,60.0,21.0,19.0,736.0,184.0,100.0,422.0,257.0,1950.0,3139
330190,2018,124.0,0.0,59.0,19.0,19.0,748.0,179.0,89.0,349.0,277.0,1872.0,3042
330190,2019,143.0,2.0,42.0,13.0,16.0,694.0,190.0,84.0,341.0,238.0,1776.0,2850
330200,2012,131.0,1.0,27.0,15.0,21.0,268.0,105.0,22.0,266.0,87.0,1092.0,1879
330200,2013,0.0,0.0,0.0,0.0,0.0,0.0,0.0,0.0,0.0,0.0,1085.0,1908
330200,2014,92.0,10.0,12.0,32.0,18.0,308.0,133.0,58.0,251.0,94.0,1100.0,1815
330200,2015,106.0,16.0,29.0,36.0,23.0,326.0,135.0,59.0,248.0,131.0,1165.0,1917
330200,2016,103.0,34.0,33.0,29.0,22.0,343.0,84.0,73.0,192.0,166.0,1108.0,1930
330200,2017,101.0,9.0,18.0,56.0,32.0,379.0,85.0,53.0,205.0,143.0,1128.0,1892
330200,2018,74.0,5.0,27.0,15.0,10.0,332.0,73.0,67.0,163.0,129.0,930.0,1762
330200,2019,74.0,1.0,17.0,15.0,15.0,346.0,101.0,49.0,165.0,110.0,906.0,1742
330205,2012,38.0,0.0,2.0,1.0,0.0,44.0,5.0,2.0,16.0,31.0,140.0,153
330205,2013,0.0,0.0,0.0,0.0,0.0,0.0,0.0,0.0,0.0,0.0,123.0,130
330205,2014,10.0,0.0,2.0,4.0,2.0,72.0,8.0,17.0,15.0,35.0,167.0,174
330205,2015,8.0,0.0,1.0,2.0,2.0,68.0,0.0,16.0,3.0,72.0,173.0,177
330205,2016,8.0,0.0,1.0,0.0,1.0,50.0,0.0,15.0,1.0,70.0,147.0,152
330205,2017,10.0,0.0,2.0,3.0,1.0,70.0,0.0,13.0,6.0,48.0,153.0,156
330205,2018,16.0,0.0,2.0,3.0,1.0,54.0,4.0,2.0,14.0,64.0,160.0,167
330205,2019,8.0,0.0,0.0,3.0,4.0,77.0,4.0,9.0,13.0,45.0,163.0,172
330210,2012,34.0,2.0,3.0,3.0,3.0,83.0,7.0,2.0,31.0,47.0,235.0,245
330210,2013,0.0,0.0,0.0,0.0,0.0,0.0,0.0,0.0,0.0,0.0,244.0,255
330210,2014,17.0,1.0,11.0,1.0,2.0,83.0,8.0,14.0,30.0,86.0,279.0,289
330210,2015,17.0,0.0,5.0,5.0,3.0,119.0,10.0,17.0,27.0,88.0,301.0,313
330210,2016,27.0,0.0,6.0,2.0,1.0,95.0,3.0,16.0,19.0,78.0,260.0,269
330210,2017,18.0,0.0,4.0,2.0,4.0,107.0,0.0,20.0,10.0,71.0,266.0,277
330210,2018,22.0,0.0,2.0,2.0,1.0,123.0,5.0,20.0,20.0,75.0,295.0,299
330210,2019,24.0,0.0,0.0,2.0,1.0,98.0,3.0,20.0,12.0,84.0,273.0,279
330220,2012,133.0,2.0,20.0,11.0,13.0,354.0,26.0,18.0,195.0,229.0,1012.0,1227
330220,2013,0.0,0.0,0.0,0.0,0.0,0.0,0.0,0.0,0.0,0.0,1004.0,1158
330220,2014,78.0,1.0,31.0,7.0,18.0,391.0,26.0,78.0,101.0,332.0,1071.0,1234
330220,2015,73.0,3.0,32.0,19.0,19.0,366.0,15.0,95.0,53.0,347.0,1026.0,1194
330220,2016,52.0,0.0,18.0,13.0,17.0,371.0,9.0,108.0,32.0,379.0,1001.0,1124
330220,2017,80.0,0.0,30.0,19.0,24.0,387.0,10.0,109.0,43.0,347.0,1051.0,1177
330220,2018,80.0,1.0,17.0,17.0,18.0,441.0,22.0,87.0,66.0,304.0,1054.0,1220
330220,2019,85.0,4.0,34.0,24.0,24.0,441.0,24.0,78.0,69.0,271.0,1055.0,1242
330225,2012,48.0,0.0,10.0,4.0,5.0,85.0,18.0,11.0,69.0,53.0,312.0,408
330225,2013,0.0,0.0,0.0,0.0,0.0,0.0,0.0,0.0,0.0,0.0,305.0,399
330225,2014,33.0,0.0,6.0,6.0,8.0,101.0,35.0,6.0,87.0,30.0,326.0,430
330225,2015,33.0,1.0,7.0,5.0,6.0,106.0,32.0,11.0,94.0,22.0,325.0,423
330225,2016,22.0,2.0,8.0,4.0,9.0,115.0,31.0,6.0,63.0,22.0,282.0,367
330225,2017,21.0,0.0,12.0,0.0,4.0,142.0,25.0,7.0,96.0,22.0,332.0,433
330225,2018,36.0,0.0,2.0,10.0,7.0,122.0,25.0,14.0,71.0,32.0,328.0,409
330225,2019,24.0,1.0,9.0,10.0,3.0,107.0,26.0,12.0,51.0,28.0,313.0,385
330227,2012,90.0,0.0,20.0,22.0,9.0,316.0,104.0,31.0,140.0,49.0,806.0,1494
330227,2013,0.0,0.0,0.0,0.0,0.0,0.0,0.0,0.0,0.0,0.0,837.0,1517
330227,2014,85.0,1.0,28.0,16.0,11.0,249.0,83.0,73.0,135.0,123.0,836.0,1616
330227,2015,79.0,0.0,22.0,11.0,6.0,265.0,101.0,52.0,108.0,119.0,799.0,1646
330227,2016,60.0,0.0,29.0,14.0,7.0,229.0,75.0,53.0,122.0,93.0,705.0,1482
330227,2017,67.0,1.0,8.0,12.0,3.0,251.0,43.0,34.0,89.0,88.0,611.0,1419
330227,2018,46.0,1.0,23.0,12.0,8.0,248.0,70.0,55.0,94.0,65.0,631.0,1327
330227,2019,39.0,2.0,16.0,9.0,10.0,236.0,88.0,58.0,94.0,68.0,624.0,1275
330230,2012,7.0,0.0,0.0,1.0,1.0,23.0,0.0,6.0,15.0,9.0,78.0,94
330230,2013,0.0,0.0,0.0,0.0,0.0,0.0,0.0,0.0,0.0,0.0,87.0,101
330230,2014,6.0,0.0,0.0,0.0,4.0,28.0,9.0,4.0,10.0,17.0,81.0,85
330230,2015,12.0,0.0,4.0,0.0,0.0,28.0,1.0,0.0,9.0,23.0,86.0,96
330230,2016,9.0,0.0,0.0,0.0,3.0,21.0,3.0,10.0,14.0,17.0,83.0,89
330230,2017,12.0,0.0,0.0,0.0,0.0,18.0,2.0,3.0,4.0,12.0,56.0,60
330230,2018,17.0,0.0,0.0,2.0,2.0,30.0,0.0,4.0,12.0,16.0,91.0,96
330230,2019,7.0,0.0,4.0,1.0,0.0,22.0,0.0,6.0,4.0,7.0,60.0,70
330240,2012,434.0,3.0,73.0,32.0,36.0,889.0,84.0,70.0,492.0,344.0,2897.0,3775
330240,2013,0.0,0.0,0.0,0.0,0.0,0.0,0.0,0.0,0.0,0.0,3141.0,4038
330240,2014,266.0,8.0,59.0,31.0,31.0,940.0,136.0,189.0,387.0,592.0,3186.0,4174
330240,2015,283.0,6.0,70.0,32.0,29.0,1024.0,140.0,208.0,366.0,636.0,3131.0,4246
330240,2016,280.0,4.0,54.0,34.0,36.0,842.0,80.0,135.0,297.0,484.0,2755.0,3746
330240,2017,252.0,4.0,101.0,43.0,41.0,936.0,94.0,127.0,267.0,472.0,2761.0,3928
330240,2018,266.0,3.0,60.0,48.0,30.0,916.0,89.0,125.0,285.0,426.0,2767.0,3902
330240,2019,283.0,5.0,65.0,35.0,32.0,859.0,80.0,140.0,209.0,398.0,2557.0,3684
330245,2012,32.0,0.0,2.0,1.0,1.0,13.0,0.0,3.0,3.0,9.0,76.0,100
330245,2013,0.0,0.0,0.0,0.0,0.0,0.0,0.0,0.0,0.0,0.0,94.0,108
330245,2014,5.0,1.0,2.0,0.0,0.0,13.0,0.0,9.0,1.0,15.0,73.0,89
330245,2015,14.0,0.0,2.0,1.0,1.0,31.0,1.0,9.0,3.0,32.0,107.0,123
330245,2016,9.0,0.0,2.0,0.0,1.0,39.0,0.0,7.0,5.0,29.0,95.0,106
330245,2017,8.0,0.0,2.0,1.0,0.0,40.0,1.0,7.0,4.0,30.0,100.0,113
330245,2018,5.0,0.0,0.0,0.0,0.0,42.0,0.0,13.0,2.0,25.0,90.0,101
330245,2019,9.0,0.0,2.0,5.0,1.0,46.0,0.0,10.0,2.0,29.0,105.0,113
330250,2012,131.0,5.0,54.0,222.0,72.0,510.0,187.0,34.0,520.0,144.0,2002.0,3554
330250,2013,0.0,0.0,0.0,0.0,0.0,0.0,0.0,0.0,0.0,0.0,1886.0,3373
330250,2014,125.0,5.0,51.0,46.0,50.0,597.0,246.0,75.0,524.0,158.0,1960.0,3569
330250,2015,107.0,5.0,54.0,62.0,45.0,612.0,234.0,81.0,521.0,176.0,1936.0,3644
330250,2016,108.0,3.0,57.0,55.0,51.0,588.0,175.0,88.0,377.0,183.0,1736.0,3503
330250,2017,124.0,1.0,62.0,41.0,42.0,581.0,158.0,79.0,392.0,180.0,1776.0,3698
330250,2018,108.0,5.0,57.0,52.0,36.0,706.0,192.0,77.0,436.0,162.0,1853.0,3727
330250,2019,111.0,1.0,57.0,41.0,33.0,669.0,197.0,77.0,389.0,157.0,1746.0,3495
330260,2012,74.0,0.0,10.0,3.0,4.0,124.0,23.0,15.0,69.0,53.0,393.0,518
330260,2013,0.0,0.0,0.0,0.0,0.0,0.0,0.0,0.0,0.0,0.0,387.0,520
330260,2014,33.0,1.0,9.0,8.0,5.0,123.0,23.0,22.0,76.0,45.0,392.0,527
330260,2015,32.0,0.0,4.0,27.0,8.0,113.0,26.0,12.0,60.0,59.0,370.0,529
330260,2016,27.0,1.0,6.0,9.0,1.0,138.0,23.0,8.0,56.0,44.0,319.0,503
330260,2017,36.0,0.0,8.0,10.0,4.0,103.0,19.0,18.0,39.0,47.0,397.0,555
330260,2018,29.0,1.0,9.0,2.0,2.0,126.0,16.0,31.0,38.0,49.0,332.0,470
330260,2019,33.0,1.0,5.0,9.0,6.0,188.0,11.0,23.0,35.0,64.0,396.0,533
330270,2012,126.0,5.0,19.0,22.0,21.0,374.0,54.0,55.0,264.0,158.0,1123.0,1604
330270,2013,0.0,0.0,0.0,0.0,0.0,0.0,0.0,0.0,0.0,0.0,1151.0,1622
330270,2014,96.0,3.0,35.0,12.0,15.0,421.0,95.0,84.0,270.0,236.0,1370.0,1823
330270,2015,115.0,1.0,29.0,12.0,24.0,448.0,87.0,85.0,252.0,224.0,1368.0,1884
330270,2016,99.0,3.0,44.0,12.0,10.0,384.0,126.0,45.0,272.0,131.0,1256.0,1764
330270,2017,110.0,3.0,41.0,13.0,18.0,420.0,96.0,75.0,247.0,161.0,1291.0,1878
330270,2018,117.0,2.0,41.0,15.0,11.0,434.0,86.0,72.0,256.0,239.0,1396.0,1971
330270,2019,132.0,2.0,48.0,25.0,19.0,471.0,87.0,57.0,227.0,172.0,1357.0,2026
330280,2012,31.0,0.0,6.0,0.0,1.0,39.0,8.0,7.0,27.0,19.0,138.0,188
330280,2013,0.0,0.0,0.0,0.0,0.0,0.0,0.0,0.0,0.0,0.0,147.0,194
330280,2014,22.0,0.0,4.0,3.0,4.0,54.0,9.0,10.0,33.0,25.0,168.0,237
330280,2015,22.0,0.0,5.0,4.0,1.0,53.0,7.0,6.0,53.0,13.0,164.0,220
330280,2016,13.0,1.0,7.0,5.0,2.0,59.0,3.0,7.0,12.0,37.0,146.0,199
330280,2017,15.0,0.0,0.0,2.0,4.0,64.0,4.0,13.0,9.0,27.0,138.0,202
330280,2018,13.0,0.0,5.0,1.0,5.0,65.0,7.0,10.0,23.0,43.0,174.0,226
330280,2019,18.0,0.0,2.0,2.0,1.0,50.0,10.0,5.0,36.0,17.0,141.0,197
330285,2012,194.0,10.0,34.0,21.0,19.0,392.0,109.0,45.0,286.0,200.0,1387.0,2468
330285,2013,0.0,0.0,0.0,0.0,0.0,0.0,0.0,0.0,0.0,0.0,1386.0,2611
330285,2014,137.0,5.0,35.0,49.0,30.0,398.0,128.0,95.0,254.0,238.0,1415.0,2620
330285,2015,149.0,5.0,34.0,20.0,16.0,401.0,104.0,116.0,216.0,297.0,1380.0,2639
330285,2016,132.0,4.0,47.0,20.0,18.0,366.0,95.0,142.0,165.0,255.0,1262.0,2402
330285,2017,103.0,2.0,56.0,23.0,23.0,386.0,72.0,100.0,155.0,252.0,1182.0,2402
330285,2018,117.0,3.0,30.0,30.0,14.0,407.0,113.0,82.0,149.0,202.0,1157.0,2324
330285,2019,98.0,4.0,40.0,17.0,25.0,422.0,118.0,68.0,198.0,157.0,1161.0,2274
330290,2012,16.0,0.0,8.0,4.0,3.0,31.0,10.0,2.0,30.0,18.0,158.0,261
330290,2013,0.0,0.0,0.0,0.0,0.0,0.0,0.0,0.0,0.0,0.0,177.0,253
330290,2014,16.0,13.0,9.0,2.0,3.0,40.0,10.0,6.0,34.0,37.0,185.0,279
330290,2015,28.0,3.0,4.0,2.0,2.0,53.0,10.0,3.0,29.0,26.0,186.0,301
330290,2016,21.0,1.0,5.0,2.0,2.0,53.0,13.0,16.0,25.0,41.0,181.0,279
330290,2017,30.0,7.0,6.0,6.0,5.0,69.0,9.0,18.0,19.0,62.0,242.0,321
330290,2018,36.0,0.0,20.0,7.0,2.0,98.0,8.0,31.0,7.0,84.0,299.0,376
330290,2019,26.0,1.0,7.0,4.0,6.0,67.0,9.0,19.0,26.0,61.0,272.0,345
330300,2012,38.0,2.0,5.0,7.0,3.0,106.0,11.0,13.0,34.0,58.0,278.0,375
330300,2013,0.0,0.0,0.0,0.0,0.0,0.0,0.0,0.0,0.0,0.0,254.0,328
330300,2014,24.0,1.0,4.0,4.0,5.0,81.0,11.0,10.0,34.0,65.0,253.0,321
330300,2015,39.0,0.0,6.0,6.0,6.0,104.0,8.0,13.0,44.0,65.0,303.0,354
330300,2016,31.0,0.0,2.0,7.0,6.0,104.0,9.0,16.0,42.0,66.0,314.0,366
330300,2017,41.0,1.0,10.0,1.0,6.0,95.0,15.0,11.0,61.0,59.0,314.0,354
330300,2018,50.0,0.0,2.0,5.0,2.0,113.0,9.0,15.0,59.0,69.0,327.0,379
330300,2019,62.0,3.0,17.0,12.0,2.0,117.0,6.0,18.0,47.0,59.0,343.0,387
330310,2012,10.0,5.0,2.0,1.0,2.0,52.0,3.0,3.0,20.0,38.0,136.0,183
330310,2013,0.0,0.0,0.0,0.0,0.0,0.0,0.0,0.0,0.0,0.0,143.0,191
330310,2014,7.0,10.0,2.0,1.0,0.0,51.0,4.0,12.0,26.0,46.0,161.0,190
330310,2015,5.0,1.0,0.0,2.0,3.0,54.0,8.0,12.0,15.0,43.0,143.0,170
330310,2016,16.0,0.0,2.0,1.0,2.0,60.0,10.0,2.0,9.0,47.0,151.0,186
330310,2017,8.0,0.0,2.0,2.0,1.0,69.0,2.0,15.0,14.0,42.0,155.0,179
330310,2018,5.0,4.0,0.0,4.0,1.0,64.0,7.0,14.0,12.0,34.0,147.0,166
330310,2019,10.0,0.0,4.0,2.0,0.0,58.0,9.0,11.0,26.0,37.0,159.0,173
330320,2012,155.0,7.0,32.0,15.0,24.0,375.0,105.0,52.0,245.0,173.0,1279.0,2074
330320,2013,0.0,0.0,0.0,0.0,0.0,0.0,0.0,0.0,0.0,0.0,1277.0,2024
330320,2014,126.0,6.0,26.0,33.0,22.0,390.0,96.0,99.0,251.0,227.0,1330.0,2109
330320,2015,129.0,4.0,33.0,20.0,16.0,415.0,88.0,102.0,210.0,268.0,1308.0,2122
330320,2016,120.0,4.0,33.0,23.0,20.0,378.0,81.0,95.0,165.0,254.0,1184.0,1974
330320,2017,109.0,6.0,38.0,22.0,22.0,365.0,58.0,71.0,140.0,201.0,1046.0,1834
330320,2018,114.0,3.0,35.0,14.0,12.0,367.0,55.0,82.0,140.0,203.0,1038.0,1806
330320,2019,117.0,2.0,35.0,25.0,12.0,341.0,71.0,71.0,144.0,161.0,989.0,1725
330330,2012,476.0,2.0,138.0,43.0,74.0,1138.0,196.0,136.0,1142.0,609.0,4201.0,5906
330330,2013,0.0,0.0,0.0,0.0,0.0,0.0,0.0,0.0,0.0,0.0,4335.0,6103
330330,2014,365.0,5.0,157.0,70.0,96.0,1323.0,349.0,217.0,1137.0,630.0,4610.0,6468
330330,2015,382.0,10.0,137.0,46.0,68.0,1420.0,342.0,193.0,1109.0,648.0,4444.0,6456
330330,2016,297.0,5.0,131.0,45.0,47.0,1341.0,389.0,83.0,1313.0,263.0,3962.0,5903
330330,2017,312.0,7.0,145.0,77.0,80.0,1374.0,440.0,119.0,1208.0,384.0,4172.0,6336
330330,2018,314.0,7.0,151.0,50.0,68.0,1366.0,369.0,154.0,1054.0,428.0,3975.0,6139
330330,2019,324.0,7.0,154.0,61.0,60.0,1370.0,371.0,119.0,1073.0,339.0,3901.0,6011
330340,2012,59.0,1.0,52.0,11.0,15.0,208.0,54.0,6.0,264.0,67.0,1488.0,2216
330340,2013,0.0,0.0,0.0,0.0,0.0,0.0,0.0,0.0,0.0,0.0,1460.0,2166
330340,2014,56.0,1.0,20.0,21.0,15.0,236.0,60.0,34.0,240.0,72.0,1437.0,2123
330340,2015,49.0,0.0,70.0,13.0,11.0,244.0,67.0,42.0,249.0,91.0,1592.0,2217
330340,2016,56.0,0.0,40.0,8.0,9.0,209.0,52.0,28.0,201.0,72.0,1467.0,2157
330340,2017,50.0,0.0,44.0,8.0,14.0,223.0,60.0,26.0,205.0,51.0,1463.0,2124
330340,2018,59.0,0.0,58.0,6.0,19.0,289.0,62.0,61.0,208.0,134.0,1620.0,2328
330340,2019,101.0,2.0,41.0,19.0,20.0,463.0,46.0,112.0,192.0,261.0,1522.0,2157
330350,2012,854.0,27.0,176.0,105.0,117.0,1873.0,611.0,323.0,1351.0,802.0,6554.0,11633
330350,2013,0.0,0.0,0.0,0.0,0.0,0.0,0.0,0.0,0.0,0.0,6530.0,11503
330350,2014,716.0,20.0,180.0,122.0,130.0,1978.0,665.0,574.0,1045.0,1060.0,6663.0,12141
330350,2015,676.0,21.0,208.0,82.0,83.0,1981.0,605.0,618.0,1040.0,1210.0,6655.0,12550
330350,2016,592.0,6.0,164.0,89.0,70.0,1938.0,509.0,586.0,846.0,1032.0,5961.0,11842
330350,2017,647.0,15.0,188.0,98.0,80.0,2113.0,431.0,503.0,840.0,1128.0,6122.0,12498
330350,2018,562.0,8.0,195.0,120.0,75.0,2097.0,529.0,467.0,867.0,931.0,5909.0,12183
330350,2019,557.0,10.0,215.0,142.0,75.0,1925.0,582.0,366.0,948.0,824.0,5682.0,11490
330360,2012,54.0,2.0,9.0,3.0,6.0,154.0,49.0,10.0,189.0,31.0,511.0,551
330360,2013,0.0,0.0,0.0,0.0,0.0,0.0,0.0,0.0,0.0,0.0,439.0,479
330360,2014,64.0,2.0,4.0,1.0,0.0,164.0,47.0,9.0,122.0,27.0,464.0,512
330360,2015,44.0,0.0,9.0,2.0,3.0,175.0,49.0,12.0,164.0,31.0,519.0,558
330360,2016,38.0,0.0,15.0,9.0,7.0,175.0,54.0,17.0,131.0,29.0,492.0,566
330360,2017,53.0,0.0,10.0,3.0,0.0,174.0,29.0,14.0,108.0,38.0,439.0,531
330360,2018,22.0,0.0,9.0,2.0,5.0,161.0,23.0,11.0,82.0,30.0,358.0,462
330360,2019,23.0,0.0,8.0,3.0,8.0,179.0,34.0,11.0,105.0,29.0,402.0,485
330370,2012,25.0,35.0,2.0,3.0,5.0,83.0,12.0,10.0,56.0,43.0,290.0,537
330370,2013,0.0,0.0,0.0,0.0,0.0,0.0,0.0,0.0,0.0,0.0,297.0,535
330370,2014,32.0,4.0,9.0,5.0,5.0,84.0,22.0,23.0,46.0,71.0,305.0,567
330370,2015,34.0,0.0,5.0,8.0,11.0,80.0,13.0,21.0,33.0,75.0,282.0,554
330370,2016,41.0,2.0,11.0,3.0,4.0,80.0,16.0,20.0,34.0,40.0,257.0,541
330370,2017,32.0,0.0,4.0,3.0,7.0,98.0,8.0,22.0,35.0,51.0,271.0,558
330370,2018,29.0,0.0,12.0,11.0,8.0,85.0,9.0,13.0,28.0,38.0,234.0,524
330370,2019,22.0,2.0,13.0,4.0,9.0,83.0,11.0,26.0,41.0,48.0,259.0,531
330380,2012,29.0,0.0,16.0,6.0,8.0,126.0,17.0,10.0,92.0,39.0,358.0,560
330380,2013,0.0,0.0,0.0,0.0,0.0,0.0,0.0,0.0,0.0,0.0,342.0,568
330380,2014,38.0,1.0,14.0,10.0,4.0,160.0,22.0,21.0,48.0,82.0,408.0,616
330380,2015,29.0,1.0,12.0,1.0,5.0,167.0,20.0,29.0,77.0,71.0,419.0,656
330380,2016,36.0,0.0,7.0,6.0,3.0,162.0,25.0,20.0,72.0,58.0,396.0,588
330380,2017,27.0,0.0,15.0,9.0,4.0,144.0,21.0,20.0,53.0,53.0,356.0,624
330380,2018,30.0,0.0,5.0,12.0,5.0,179.0,11.0,21.0,40.0,42.0,350.0,683
330380,2019,38.0,0.0,10.0,7.0,3.0,159.0,16.0,19.0,31.0,58.0,351.0,648
330385,2012,28.0,1.0,8.0,2.0,1.0,48.0,5.0,5.0,36.0,32.0,205.0,374
330385,2013,0.0,0.0,0.0,0.0,0.0,0.0,0.0,0.0,0.0,0.0,208.0,368
330385,2014,19.0,17.0,4.0,7.0,2.0,63.0,11.0,10.0,36.0,36.0,234.0,390
330385,2015,25.0,4.0,9.0,3.0,2.0,61.0,12.0,10.0,34.0,37.0,230.0,389
330385,2016,29.0,1.0,9.0,6.0,0.0,72.0,8.0,18.0,24.0,53.0,226.0,351
330385,2017,42.0,3.0,8.0,4.0,3.0,66.0,11.0,18.0,22.0,74.0,262.0,408
330385,2018,34.0,0.0,8.0,9.0,6.0,109.0,6.0,45.0,16.0,75.0,313.0,402
330385,2019,34.0,0.0,10.0,4.0,3.0,69.0,12.0,31.0,20.0,63.0,299.0,383
330390,2012,338.0,3.0,54.0,34.0,42.0,642.0,162.0,82.0,676.0,274.0,2377.0,3738
330390,2013,0.0,0.0,0.0,0.0,0.0,0.0,0.0,0.0,0.0,0.0,2363.0,3783
330390,2014,278.0,6.0,104.0,74.0,65.0,714.0,256.0,95.0,669.0,236.0,2543.0,3972
330390,2015,247.0,1.0,82.0,146.0,152.0,740.0,181.0,98.0,603.0,280.0,2534.0,3958
330390,2016,246.0,0.0,64.0,136.0,142.0,770.0,188.0,89.0,507.0,253.0,2399.0,3850
330390,2017,256.0,2.0,70.0,122.0,138.0,773.0,190.0,72.0,541.0,238.0,2410.0,3918
330390,2018,230.0,3.0,74.0,132.0,120.0,788.0,191.0,82.0,534.0,212.0,2371.0,3976
330390,2019,236.0,5.0,86.0,109.0,80.0,823.0,232.0,53.0,531.0,159.0,2324.0,3832
330395,2012,44.0,1.0,2.0,3.0,7.0,68.0,13.0,5.0,51.0,37.0,239.0,340
330395,2013,0.0,0.0,0.0,0.0,0.0,0.0,0.0,0.0,0.0,0.0,222.0,294
330395,2014,33.0,0.0,2.0,8.0,0.0,89.0,11.0,14.0,36.0,36.0,247.0,344
330395,2015,34.0,0.0,5.0,7.0,0.0,76.0,13.0,7.0,32.0,45.0,228.0,292
330395,2016,24.0,1.0,3.0,7.0,3.0,87.0,11.0,6.0,27.0,54.0,232.0,328
330395,2017,27.0,0.0,2.0,3.0,5.0,86.0,20.0,11.0,39.0,34.0,243.0,324
330395,2018,24.0,0.0,2.0,7.0,6.0,89.0,12.0,17.0,30.0,44.0,241.0,313
330395,2019,35.0,0.0,8.0,2.0,5.0,89.0,10.0,18.0,21.0,28.0,234.0,335
330400,2012,36.0,0.0,10.0,6.0,8.0,55.0,13.0,2.0,34.0,32.0,196.0,363
330400,2013,0.0,0.0,0.0,0.0,0.0,0.0,0.0,0.0,0.0,0.0,210.0,368
330400,2014,17.0,1.0,9.0,8.0,4.0,69.0,10.0,11.0,47.0,36.0,219.0,377
330400,2015,20.0,2.0,2.0,5.0,3.0,59.0,21.0,7.0,45.0,23.0,188.0,344
330400,2016,17.0,0.0,8.0,5.0,6.0,74.0,19.0,14.0,42.0,43.0,234.0,380
330400,2017,22.0,3.0,3.0,3.0,5.0,88.0,18.0,13.0,43.0,43.0,254.0,392
330400,2018,21.0,0.0,7.0,5.0,6.0,85.0,17.0,13.0,40.0,32.0,234.0,366
330400,2019,30.0,4.0,2.0,3.0,4.0,88.0,21.0,11.0,38.0,34.0,239.0,377
330410,2012,19.0,3.0,0.0,4.0,4.0,77.0,7.0,4.0,34.0,35.0,192.0,220
330410,2013,0.0,0.0,0.0,0.0,0.0,0.0,0.0,0.0,0.0,0.0,194.0,218
330410,2014,18.0,2.0,4.0,4.0,1.0,83.0,8.0,15.0,13.0,41.0,192.0,206
330410,2015,17.0,0.0,3.0,7.0,4.0,82.0,4.0,17.0,6.0,49.0,192.0,214
330410,2016,16.0,1.0,4.0,0.0,4.0,66.0,3.0,18.0,7.0,48.0,167.0,188
330410,2017,14.0,2.0,5.0,8.0,2.0,70.0,3.0,23.0,16.0,61.0,204.0,214
330410,2018,8.0,2.0,1.0,8.0,4.0,71.0,4.0,15.0,13.0,45.0,181.0,191
330410,2019,17.0,0.0,4.0,9.0,0.0,97.0,7.0,20.0,15.0,61.0,231.0,245
330411,2012,30.0,0.0,8.0,5.0,4.0,80.0,15.0,8.0,51.0,38.0,241.0,314
330411,2013,0.0,0.0,0.0,0.0,0.0,0.0,0.0,0.0,0.0,0.0,238.0,297
330411,2014,39.0,1.0,9.0,3.0,6.0,95.0,15.0,11.0,62.0,37.0,283.0,351
330411,2015,37.0,0.0,9.0,6.0,2.0,87.0,13.0,11.0,53.0,33.0,254.0,308
330411,2016,22.0,2.0,0.0,4.0,2.0,84.0,17.0,8.0,47.0,29.0,222.0,285
330411,2017,15.0,0.0,2.0,3.0,4.0,83.0,12.0,10.0,45.0,31.0,206.0,266
330411,2018,23.0,1.0,2.0,7.0,4.0,84.0,23.0,10.0,50.0,34.0,244.0,300
330411,2019,22.0,0.0,2.0,4.0,1.0,86.0,11.0,10.0,34.0,24.0,199.0,248
330412,2012,17.0,0.0,0.0,1.0,1.0,31.0,4.0,3.0,28.0,24.0,119.0,166
330412,2013,0.0,0.0,0.0,0.0,0.0,0.0,0.0,0.0,0.0,0.0,164.0,199
330412,2014,13.0,0.0,5.0,0.0,3.0,47.0,11.0,4.0,53.0,16.0,156.0,193
330412,2015,18.0,0.0,2.0,8.0,3.0,44.0,15.0,4.0,30.0,15.0,140.0,188
330412,2016,9.0,0.0,3.0,1.0,6.0,28.0,10.0,6.0,29.0,10.0,102.0,139
330412,2017,10.0,0.0,2.0,3.0,1.0,56.0,10.0,1.0,40.0,10.0,133.0,170
330412,2018,12.0,0.0,4.0,2.0,2.0,49.0,10.0,4.0,33.0,9.0,125.0,173
330412,2019,9.0,0.0,3.0,4.0,5.0,50.0,10.0,2.0,34.0,11.0,128.0,164
330414,2012,134.0,10.0,23.0,28.0,26.0,515.0,121.0,51.0,209.0,121.0,1283.0,2434
330414,2013,0.0,0.0,0.0,0.0,0.0,0.0,0.0,0.0,0.0,0.0,1336.0,2375
330414,2014,133.0,1.0,41.0,35.0,21.0,378.0,139.0,116.0,202.0,171.0,1279.0,2456
330414,2015,120.0,1.0,38.0,17.0,9.0,392.0,112.0,114.0,181.0,185.0,1204.0,2406
330414,2016,101.0,1.0,37.0,20.0,17.0,377.0,81.0,113.0,144.0,197.0,1111.0,2278
330414,2017,108.0,1.0,43.0,19.0,14.0,381.0,87.0,93.0,152.0,174.0,1088.0,2412
330414,2018,93.0,1.0,45.0,27.0,17.0,370.0,106.0,81.0,183.0,150.0,1085.0,2272
330414,2019,90.0,0.0,36.0,29.0,19.0,380.0,124.0,50.0,162.0,119.0,1018.0,2088
330415,2012,20.0,0.0,0.0,3.0,4.0,74.0,4.0,6.0,25.0,40.0,200.0,303
330415,2013,0.0,0.0,0.0,0.0,0.0,0.0,0.0,0.0,0.0,0.0,217.0,314
330415,2014,13.0,0.0,10.0,11.0,7.0,79.0,10.0,21.0,18.0,58.0,246.0,341
330415,2015,23.0,1.0,2.0,21.0,22.0,96.0,5.0,18.0,15.0,76.0,289.0,410
330415,2016,11.0,0.0,2.0,10.0,4.0,99.0,2.0,13.0,9.0,57.0,212.0,323
330415,2017,15.0,1.0,5.0,4.0,5.0,91.0,6.0,18.0,17.0,46.0,214.0,318
330415,2018,13.0,1.0,7.0,3.0,1.0,99.0,4.0,19.0,12.0,44.0,205.0,302
330415,2019,16.0,0.0,8.0,3.0,2.0,92.0,2.0,25.0,11.0,73.0,235.0,309
330420,2012,235.0,1.0,25.0,25.0,28.0,404.0,54.0,65.0,274.0,209.0,1332.0,1708
330420,2013,0.0,0.0,0.0,0.0,0.0,0.0,0.0,0.0,0.0,0.0,1388.0,1733
330420,2014,167.0,1.0,31.0,26.0,30.0,469.0,141.0,41.0,406.0,154.0,1498.0,1803
330420,2015,183.0,1.0,49.0,31.0,24.0,495.0,128.0,35.0,371.0,128.0,1452.0,1812
330420,2016,158.0,0.0,30.0,26.0,23.0,475.0,123.0,40.0,364.0,107.0,1347.0,1732
330420,2017,143.0,1.0,36.0,23.0,22.0,520.0,127.0,30.0,389.0,92.0,1383.0,1759
330420,2018,140.0,0.0,34.0,28.0,15.0,519.0,99.0,29.0,360.0,133.0,1358.0,1745
330420,2019,135.0,1.0,30.0,34.0,28.0,522.0,95.0,36.0,326.0,121.0,1331.0,1659
330430,2012,81.0,0.0,18.0,3.0,6.0,217.0,9.0,33.0,41.0,198.0,617.0,746
330430,2013,0.0,0.0,0.0,0.0,0.0,0.0,0.0,0.0,0.0,0.0,620.0,772
330430,2014,57.0,0.0,10.0,9.0,7.0,247.0,11.0,52.0,47.0,186.0,633.0,831
330430,2015,56.0,1.0,10.0,5.0,7.0,228.0,16.0,47.0,64.0,178.0,624.0,782
330430,2016,53.0,0.0,16.0,5.0,3.0,212.0,18.0,45.0,70.0,153.0,589.0,739
330430,2017,37.0,0.0,7.0,2.0,1.0,223.0,9.0,48.0,74.0,150.0,566.0,719
330430,2018,37.0,0.0,23.0,6.0,3.0,244.0,18.0,42.0,62.0,148.0,587.0,759
330430,2019,36.0,0.0,13.0,6.0,6.0,260.0,18.0,52.0,58.0,144.0,600.0,755
330440,2012,15.0,0.0,2.0,2.0,4.0,36.0,7.0,11.0,16.0,30.0,127.0,199
330440,2013,0.0,0.0,0.0,0.0,0.0,0.0,0.0,0.0,0.0,0.0,136.0,201
330440,2014,11.0,0.0,6.0,4.0,1.0,43.0,13.0,10.0,26.0,42.0,159.0,231
330440,2015,8.0,0.0,0.0,1.0,3.0,52.0,7.0,11.0,29.0,29.0,143.0,213
330440,2016,9.0,2.0,8.0,2.0,2.0,50.0,5.0,7.0,18.0,36.0,140.0,202
330440,2017,10.0,0.0,4.0,2.0,5.0,42.0,6.0,8.0,15.0,28.0,122.0,188
330440,2018,11.0,2.0,4.0,3.0,2.0,54.0,3.0,13.0,13.0,31.0,141.0,208
330440,2019,8.0,1.0,6.0,3.0,0.0,53.0,7.0,11.0,16.0,38.0,147.0,218
330450,2012,13.0,4.0,2.0,7.0,4.0,17.0,3.0,0.0,12.0,12.0,76.0,115
330450,2013,0.0,0.0,0.0,0.0,0.0,0.0,0.0,0.0,0.0,0.0,86.0,126
330450,2014,7.0,0.0,2.0,2.0,2.0,26.0,5.0,1.0,19.0,14.0,78.0,115
330450,2015,5.0,0.0,0.0,4.0,3.0,29.0,7.0,2.0,15.0,3.0,69.0,108
330450,2016,5.0,0.0,2.0,3.0,0.0,17.0,9.0,4.0,15.0,4.0,59.0,94
330450,2017,9.0,1.0,0.0,0.0,0.0,22.0,8.0,5.0,13.0,10.0,71.0,101
330450,2018,8.0,1.0,2.0,2.0,2.0,32.0,8.0,2.0,18.0,6.0,81.0,112
330450,2019,10.0,0.0,6.0,3.0,0.0,15.0,5.0,1.0,11.0,8.0,62.0,101
330452,2012,161.0,1.0,27.0,30.0,22.0,372.0,41.0,23.0,199.0,129.0,1420.0,2075
330452,2013,0.0,0.0,0.0,0.0,0.0,0.0,0.0,0.0,0.0,0.0,1548.0,2240
330452,2014,127.0,5.0,50.0,20.0,22.0,354.0,48.0,78.0,128.0,274.0,1715.0,2360
330452,2015,63.0,2.0,40.0,16.0,20.0,262.0,22.0,65.0,84.0,257.0,1709.0,2388
330452,2016,129.0,3.0,51.0,22.0,19.0,487.0,51.0,103.0,117.0,316.0,1560.0,2191
330452,2017,122.0,4.0,34.0,31.0,19.0,477.0,27.0,106.0,115.0,280.0,1491.0,2044
330452,2018,125.0,2.0,34.0,18.0,19.0,505.0,23.0,106.0,88.0,292.0,1476.0,2140
330452,2019,119.0,2.0,35.0,20.0,28.0,500.0,24.0,124.0,48.0,303.0,1418.0,2044
330455,2012,5030.0,142.0,1597.0,1064.0,1096.0,13165.0,3192.0,1439.0,12403.0,4546.0,50021.0,86549
330455,2013,0.0,0.0,0.0,0.0,0.0,0.0,0.0,0.0,0.0,0.0,50032.0,87661
330455,2014,4586.0,169.0,1686.0,1610.0,1152.0,13550.0,5266.0,2376.0,12119.0,4274.0,51303.0,89991
330455,2015,4824.0,294.0,1808.0,1438.0,1227.0,14769.0,5116.0,2358.0,12041.0,5125.0,50881.0,90694
330455,2016,4592.0,212.0,1666.0,1276.0,1139.0,13638.0,4345.0,2137.0,10687.0,4934.0,45908.0,83166
330455,2017,4309.0,268.0,1614.0,1288.0,1157.0,13959.0,4147.0,2080.0,10403.0,4871.0,45056.0,84521
330455,2018,3825.0,246.0,1617.0,1336.0,1093.0,13758.0,4028.0,2167.0,9114.0,4720.0,43261.0,82554
330455,2019,3698.0,237.0,1590.0,1192.0,972.0,12864.0,3801.0,1963.0,8352.0,4338.0,40137.0,76803
330460,2012,12.0,0.0,0.0,0.0,1.0,12.0,1.0,2.0,9.0,13.0,56.0,87
330460,2013,0.0,0.0,0.0,0.0,0.0,0.0,0.0,0.0,0.0,0.0,70.0,111
330460,2014,7.0,0.0,4.0,1.0,0.0,19.0,2.0,10.0,5.0,15.0,77.0,124
330460,2015,3.0,2.0,0.0,0.0,0.0,19.0,0.0,7.0,1.0,16.0,53.0,80
330460,2016,6.0,0.0,1.0,1.0,2.0,21.0,2.0,10.0,5.0,19.0,74.0,91
330460,2017,7.0,1.0,3.0,1.0,0.0,12.0,0.0,5.0,13.0,27.0,79.0,99
330460,2018,4.0,0.0,2.0,2.0,0.0,20.0,1.0,9.0,5.0,25.0,78.0,94
330460,2019,6.0,0.0,4.0,4.0,1.0,25.0,3.0,10.0,6.0,25.0,95.0,109
330470,2012,102.0,2.0,12.0,5.0,4.0,117.0,2.0,20.0,25.0,116.0,428.0,471
330470,2013,0.0,0.0,0.0,0.0,0.0,0.0,0.0,0.0,0.0,0.0,462.0,482
330470,2014,27.0,0.0,6.0,1.0,0.0,162.0,7.0,30.0,20.0,120.0,393.0,415
330470,2015,44.0,1.0,7.0,3.0,0.0,182.0,8.0,30.0,41.0,109.0,437.0,456
330470,2016,40.0,1.0,7.0,2.0,2.0,181.0,12.0,20.0,51.0,125.0,446.0,461
330470,2017,27.0,1.0,9.0,0.0,3.0,197.0,5.0,31.0,40.0,185.0,502.0,508
330470,2018,42.0,2.0,5.0,3.0,1.0,242.0,5.0,30.0,29.0,161.0,533.0,545
330470,2019,31.0,2.0,12.0,2.0,1.0,205.0,6.0,33.0,20.0,127.0,447.0,460
330475,2012,44.0,2.0,5.0,4.0,2.0,70.0,8.0,7.0,31.0,34.0,240.0,457
330475,2013,0.0,0.0,0.0,0.0,0.0,0.0,0.0,0.0,0.0,0.0,285.0,488
330475,2014,13.0,1.0,10.0,4.0,3.0,61.0,13.0,10.0,25.0,11.0,353.0,563
330475,2015,23.0,2.0,12.0,6.0,9.0,60.0,10.0,1.0,32.0,25.0,328.0,557
330475,2016,19.0,0.0,6.0,33.0,26.0,97.0,25.0,9.0,50.0,34.0,309.0,543
330475,2017,18.0,1.0,6.0,7.0,8.0,147.0,30.0,21.0,71.0,42.0,352.0,634
330475,2018,34.0,0.0,10.0,9.0,6.0,125.0,34.0,19.0,62.0,36.0,337.0,579
330475,2019,29.0,0.0,4.0,8.0,8.0,129.0,48.0,11.0,78.0,36.0,351.0,635
330480,2012,31.0,0.0,8.0,5.0,4.0,113.0,10.0,7.0,62.0,48.0,346.0,438
330480,2013,0.0,0.0,0.0,0.0,0.0,0.0,0.0,0.0,0.0,0.0,367.0,442
330480,2014,15.0,0.0,6.0,4.0,6.0,140.0,7.0,30.0,39.0,101.0,386.0,436
330480,2015,20.0,0.0,13.0,7.0,7.0,140.0,15.0,23.0,51.0,85.0,408.0,460
330480,2016,23.0,0.0,8.0,12.0,4.0,142.0,15.0,14.0,54.0,54.0,353.0,408
330480,2017,25.0,2.0,10.0,4.0,2.0,140.0,21.0,14.0,45.0,59.0,336.0,389
330480,2018,27.0,0.0,14.0,5.0,2.0,182.0,7.0,21.0,29.0,88.0,383.0,432
330480,2019,30.0,0.0,12.0,0.0,4.0,172.0,11.0,20.0,59.0,64.0,380.0,422
330490,2012,760.0,5.0,204.0,74.0,114.0,2610.0,740.0,290.0,2605.0,1102.0,8677.0,11811
330490,2013,0.0,0.0,0.0,0.0,0.0,0.0,0.0,0.0,0.0,0.0,8524.0,11463
330490,2014,639.0,7.0,229.0,92.0,95.0,3031.0,1090.0,378.0,2635.0,1000.0,9383.0,12407
330490,2015,542.0,6.0,213.0,73.0,87.0,3214.0,1087.0,312.0,2635.0,885.0,9147.0,12388
330490,2016,539.0,2.0,199.0,74.0,57.0,2829.0,1114.0,98.0,2610.0,306.0,7894.0,11386
330490,2017,553.0,3.0,185.0,54.0,71.0,2874.0,955.0,98.0,2349.0,400.0,7576.0,11290
330490,2018,538.0,5.0,207.0,78.0,65.0,2885.0,781.0,154.0,1979.0,470.0,7195.0,10969
330490,2019,546.0,3.0,189.0,75.0,64.0,2684.0,562.0,360.0,1423.0,900.0,6832.0,10432
330500,2012,40.0,0.0,9.0,3.0,7.0,71.0,10.0,11.0,46.0,27.0,261.0,397
330500,2013,0.0,0.0,0.0,0.0,0.0,0.0,0.0,0.0,0.0,0.0,329.0,481
330500,2014,26.0,1.0,14.0,1.0,5.0,84.0,10.0,14.0,48.0,34.0,403.0,579
330500,2015,23.0,0.0,5.0,16.0,8.0,79.0,11.0,16.0,38.0,59.0,419.0,567
330500,2016,27.0,0.0,14.0,35.0,21.0,104.0,13.0,21.0,52.0,56.0,375.0,503
330500,2017,23.0,0.0,14.0,11.0,6.0,139.0,23.0,36.0,45.0,51.0,361.0,514
330500,2018,32.0,0.0,13.0,6.0,8.0,178.0,22.0,38.0,52.0,99.0,460.0,624
330500,2019,36.0,1.0,7.0,7.0,4.0,163.0,20.0,25.0,59.0,41.0,365.0,536
330510,2012,454.0,7.0,135.0,73.0,79.0,1143.0,451.0,179.0,1092.0,402.0,4198.0,7043
330510,2013,0.0,0.0,0.0,0.0,0.0,0.0,0.0,0.0,0.0,0.0,3889.0,6788
330510,2014,346.0,14.0,114.0,111.0,85.0,1206.0,527.0,230.0,898.0,363.0,4020.0,7007
330510,2015,311.0,11.0,123.0,80.0,47.0,1240.0,542.0,210.0,847.0,411.0,3891.0,7009
330510,2016,293.0,6.0,121.0,68.0,71.0,1148.0,325.0,224.0,581.0,441.0,3332.0,6211
330510,2017,275.0,5.0,131.0,64.0,56.0,1193.0,307.0,215.0,581.0,402.0,3259.0,6545
330510,2018,254.0,5.0,125.0,72.0,44.0,1077.0,312.0,154.0,598.0,337.0,3016.0,6253
330510,2019,299.0,5.0,97.0,74.0,40.0,1027.0,302.0,140.0,552.0,286.0,2849.0,5793
330513,2012,14.0,0.0,0.0,1.0,1.0,30.0,1.0,5.0,17.0,33.0,102.0,104
330513,2013,0.0,0.0,0.0,0.0,0.0,0.0,0.0,0.0,0.0,0.0,110.0,114
330513,2014,5.0,0.0,4.0,4.0,0.0,33.0,5.0,7.0,17.0,30.0,105.0,109
330513,2015,5.0,0.0,4.0,0.0,1.0,41.0,1.0,10.0,17.0,35.0,114.0,115
330513,2016,5.0,0.0,4.0,3.0,1.0,30.0,0.0,7.0,5.0,31.0,87.0,88
330513,2017,9.0,0.0,2.0,2.0,1.0,36.0,1.0,11.0,5.0,38.0,105.0,106
330513,2018,10.0,0.0,2.0,5.0,3.0,56.0,1.0,7.0,13.0,41.0,138.0,139
330513,2019,4.0,0.0,0.0,2.0,1.0,51.0,3.0,6.0,10.0,21.0,98.0,101
330515,2012,19.0,0.0,7.0,3.0,9.0,47.0,8.0,6.0,46.0,27.0,206.0,275
330515,2013,0.0,0.0,0.0,0.0,0.0,0.0,0.0,0.0,0.0,0.0,183.0,248
330515,2014,10.0,2.0,7.0,4.0,4.0,55.0,7.0,6.0,54.0,21.0,199.0,253
330515,2015,12.0,1.0,7.0,2.0,5.0,48.0,8.0,4.0,38.0,20.0,172.0,238
330515,2016,19.0,2.0,4.0,6.0,5.0,69.0,11.0,6.0,42.0,37.0,202.0,265
330515,2017,14.0,1.0,4.0,4.0,7.0,70.0,15.0,5.0,30.0,48.0,204.0,274
330515,2018,15.0,3.0,4.0,5.0,5.0,56.0,14.0,9.0,51.0,25.0,189.0,252
330515,2019,22.0,0.0,11.0,4.0,8.0,86.0,12.0,13.0,36.0,28.0,223.0,305
330520,2012,103.0,1.0,18.0,15.0,10.0,237.0,50.0,49.0,151.0,165.0,860.0,1161
330520,2013,0.0,0.0,0.0,0.0,0.0,0.0,0.0,0.0,0.0,0.0,863.0,1168
330520,2014,77.0,1.0,17.0,9.0,7.0,299.0,56.0,63.0,128.0,197.0,892.0,1219
330520,2015,115.0,0.0,24.0,12.0,12.0,340.0,35.0,82.0,105.0,202.0,953.0,1327
330520,2016,96.0,1.0,26.0,12.0,13.0,373.0,33.0,85.0,85.0,268.0,1016.0,1459
330520,2017,103.0,0.0,15.0,13.0,11.0,375.0,32.0,89.0,75.0,244.0,1055.0,1650
330520,2018,114.0,0.0,25.0,17.0,18.0,410.0,28.0,106.0,99.0,249.0,1094.0,1674
330520,2019,139.0,1.0,23.0,29.0,19.0,433.0,42.0,103.0,100.0,294.0,1236.0,1832
330530,2012,14.0,0.0,3.0,2.0,3.0,20.0,1.0,0.0,9.0,7.0,109.0,126
330530,2013,0.0,0.0,0.0,0.0,0.0,0.0,0.0,0.0,0.0,0.0,81.0,93
330530,2014,15.0,0.0,0.0,0.0,0.0,36.0,1.0,6.0,18.0,11.0,95.0,101
330530,2015,9.0,0.0,4.0,4.0,1.0,39.0,2.0,6.0,13.0,12.0,99.0,111
330530,2016,8.0,0.0,2.0,3.0,0.0,37.0,2.0,3.0,9.0,26.0,94.0,101
330530,2017,4.0,0.0,0.0,0.0,1.0,44.0,3.0,4.0,10.0,15.0,83.0,95
330530,2018,14.0,0.0,2.0,1.0,0.0,45.0,0.0,2.0,8.0,22.0,94.0,106
330530,2019,8.0,0.0,4.0,0.0,2.0,40.0,2.0,7.0,8.0,19.0,91.0,99
330540,2012,4.0,0.0,4.0,2.0,2.0,41.0,14.0,10.0,30.0,30.0,141.0,216
330540,2013,0.0,0.0,0.0,0.0,0.0,0.0,0.0,0.0,0.0,0.0,98.0,185
330540,2014,7.0,1.0,2.0,4.0,5.0,29.0,17.0,4.0,20.0,19.0,110.0,181
330540,2015,11.0,0.0,4.0,1.0,3.0,33.0,6.0,7.0,31.0,13.0,109.0,191
330540,2016,12.0,1.0,2.0,4.0,2.0,37.0,16.0,2.0,34.0,15.0,125.0,192
330540,2017,4.0,0.0,8.0,2.0,1.0,46.0,7.0,5.0,31.0,17.0,125.0,192
330540,2018,13.0,0.0,2.0,3.0,0.0,39.0,10.0,12.0,27.0,16.0,123.0,213
330540,2019,11.0,0.0,2.0,2.0,6.0,39.0,6.0,8.0,26.0,17.0,118.0,187
330550,2012,114.0,2.0,19.0,5.0,12.0,201.0,20.0,25.0,108.0,124.0,645.0,989
330550,2013,0.0,0.0,0.0,0.0,0.0,0.0,0.0,0.0,0.0,0.0,587.0,915
330550,2014,63.0,2.0,5.0,10.0,9.0,211.0,36.0,44.0,86.0,92.0,618.0,1006
330550,2015,65.0,2.0,21.0,23.0,11.0,256.0,39.0,22.0,92.0,66.0,610.0,1233
330550,2016,65.0,2.0,24.0,20.0,16.0,215.0,41.0,19.0,128.0,70.0,631.0,1258
330550,2017,57.0,2.0,20.0,12.0,12.0,223.0,36.0,20.0,128.0,82.0,622.0,1207
330550,2018,53.0,3.0,26.0,23.0,15.0,260.0,43.0,17.0,125.0,72.0,652.0,1259
330550,2019,72.0,3.0,19.0,14.0,8.0,279.0,49.0,27.0,120.0,67.0,667.0,1252
330555,2012,55.0,1.0,11.0,10.0,13.0,174.0,69.0,17.0,213.0,41.0,656.0,1006
330555,2013,0.0,0.0,0.0,0.0,0.0,0.0,0.0,0.0,0.0,0.0,643.0,1026
330555,2014,61.0,0.0,7.0,12.0,9.0,240.0,81.0,22.0,168.0,59.0,672.0,1145
330555,2015,60.0,1.0,10.0,8.0,11.0,227.0,71.0,35.0,170.0,66.0,678.0,1149
330555,2016,54.0,2.0,12.0,16.0,13.0,201.0,58.0,43.0,144.0,61.0,640.0,1122
330555,2017,56.0,2.0,10.0,7.0,7.0,210.0,45.0,31.0,109.0,80.0,614.0,1066
330555,2018,40.0,0.0,17.0,18.0,13.0,227.0,69.0,34.0,124.0,62.0,622.0,1179
330555,2019,49.0,0.0,18.0,16.0,10.0,275.0,52.0,27.0,123.0,72.0,646.0,1135
330560,2012,22.0,1.0,5.0,3.0,1.0,73.0,6.0,12.0,17.0,65.0,207.0,290
330560,2013,0.0,0.0,0.0,0.0,0.0,0.0,0.0,0.0,0.0,0.0,224.0,297
330560,2014,15.0,0.0,2.0,3.0,5.0,70.0,5.0,12.0,15.0,75.0,208.0,314
330560,2015,14.0,1.0,6.0,3.0,1.0,90.0,7.0,13.0,13.0,55.0,209.0,299
330560,2016,11.0,0.0,6.0,2.0,3.0,74.0,9.0,13.0,19.0,47.0,189.0,272
330560,2017,12.0,1.0,3.0,3.0,0.0,91.0,4.0,13.0,31.0,61.0,222.0,286
330560,2018,16.0,1.0,5.0,3.0,1.0,103.0,6.0,21.0,17.0,48.0,224.0,307
330560,2019,16.0,0.0,0.0,3.0,0.0,103.0,4.0,24.0,13.0,45.0,215.0,271
330570,2012,14.0,0.0,4.0,2.0,3.0,54.0,37.0,5.0,73.0,6.0,202.0,217
330570,2013,0.0,0.0,0.0,0.0,0.0,0.0,0.0,0.0,0.0,0.0,168.0,196
330570,2014,5.0,8.0,3.0,5.0,5.0,36.0,4.0,14.0,42.0,25.0,187.0,212
330570,2015,9.0,10.0,0.0,5.0,3.0,51.0,18.0,13.0,22.0,30.0,194.0,216
330570,2016,8.0,1.0,2.0,3.0,3.0,80.0,11.0,11.0,22.0,29.0,177.0,195
330570,2017,16.0,1.0,4.0,7.0,4.0,60.0,8.0,18.0,35.0,47.0,212.0,228
330570,2018,7.0,3.0,4.0,7.0,3.0,54.0,5.0,19.0,14.0,43.0,204.0,226
330570,2019,18.0,7.0,4.0,13.0,13.0,78.0,6.0,17.0,16.0,39.0,228.0,247
330575,2012,28.0,0.0,9.0,2.0,2.0,113.0,19.0,17.0,41.0,78.0,312.0,419
330575,2013,0.0,0.0,0.0,0.0,0.0,0.0,0.0,0.0,0.0,0.0,379.0,495
330575,2014,11.0,0.0,18.0,6.0,7.0,127.0,16.0,17.0,56.0,84.0,346.0,477
330575,2015,20.0,1.0,8.0,2.0,2.0,139.0,17.0,25.0,47.0,98.0,364.0,504
330575,2016,29.0,0.0,0.0,3.0,1.0,136.0,17.0,17.0,49.0,82.0,340.0,455
330575,2017,22.0,0.0,7.0,0.0,2.0,140.0,17.0,27.0,35.0,77.0,331.0,461
330575,2018,20.0,1.0,10.0,4.0,4.0,164.0,11.0,30.0,32.0,84.0,365.0,478
330575,2019,24.0,0.0,10.0,0.0,1.0,133.0,9.0,27.0,30.0,81.0,321.0,448
330580,2012,193.0,30.0,35.0,21.0,34.0,357.0,33.0,17.0,316.0,173.0,1400.0,2236
330580,2013,0.0,0.0,0.0,0.0,0.0,0.0,0.0,0.0,0.0,0.0,1492.0,2357
330580,2014,92.0,0.0,43.0,25.0,25.0,470.0,116.0,85.0,355.0,199.0,1435.0,2291
330580,2015,75.0,3.0,24.0,25.0,20.0,532.0,134.0,52.0,393.0,174.0,1461.0,2359
330580,2016,78.0,1.0,35.0,21.0,18.0,522.0,146.0,75.0,352.0,159.0,1427.0,2198
330580,2017,77.0,4.0,24.0,37.0,29.0,507.0,119.0,59.0,349.0,179.0,1405.0,2300
330580,2018,74.0,1.0,43.0,31.0,33.0,550.0,115.0,62.0,312.0,123.0,1373.0,2281
330580,2019,90.0,1.0,40.0,30.0,25.0,530.0,103.0,65.0,289.0,140.0,1338.0,2168
330590,2012,7.0,0.0,0.0,1.0,0.0,19.0,0.0,2.0,3.0,12.0,63.0,80
330590,2013,0.0,0.0,0.0,0.0,0.0,0.0,0.0,0.0,0.0,0.0,64.0,87
330590,2014,7.0,0.0,0.0,1.0,0.0,26.0,7.0,4.0,16.0,11.0,98.0,114
330590,2015,7.0,0.0,3.0,0.0,0.0,38.0,13.0,8.0,18.0,5.0,111.0,123
330590,2016,9.0,0.0,0.0,1.0,0.0,35.0,8.0,7.0,16.0,8.0,93.0,106
330590,2017,4.0,0.0,2.0,0.0,1.0,28.0,4.0,5.0,22.0,12.0,98.0,114
330590,2018,1.0,0.0,2.0,0.0,1.0,8.0,1.0,2.0,2.0,18.0,109.0,120
330590,2019,3.0,0.0,1.0,0.0,0.0,11.0,0.0,1.0,0.0,10.0,102.0,107
330600,2012,38.0,3.0,15.0,9.0,12.0,147.0,20.0,37.0,85.0,146.0,523.0,1142
330600,2013,0.0,0.0,0.0,0.0,0.0,0.0,0.0,0.0,0.0,0.0,512.0,1095
330600,2014,59.0,6.0,11.0,10.0,17.0,151.0,35.0,62.0,88.0,130.0,582.0,1235
330600,2015,50.0,2.0,26.0,21.0,8.0,169.0,36.0,61.0,93.0,123.0,599.0,1221
330600,2016,52.0,1.0,10.0,10.0,12.0,145.0,31.0,40.0,86.0,96.0,491.0,1108
330600,2017,54.0,0.0,22.0,10.0,5.0,166.0,25.0,55.0,94.0,111.0,554.0,1194
330600,2018,42.0,1.0,32.0,14.0,8.0,170.0,41.0,33.0,79.0,87.0,511.0,1188
330600,2019,58.0,1.0,20.0,14.0,13.0,170.0,32.0,52.0,63.0,85.0,508.0,1051
330610,2012,87.0,1.0,15.0,10.0,10.0,178.0,25.0,15.0,110.0,101.0,579.0,847
330610,2013,0.0,0.0,0.0,0.0,0.0,0.0,0.0,0.0,0.0,0.0,617.0,878
330610,2014,71.0,2.0,12.0,6.0,6.0,198.0,43.0,25.0,103.0,88.0,577.0,873
330610,2015,65.0,3.0,26.0,24.0,28.0,178.0,45.0,19.0,136.0,62.0,592.0,894
330610,2016,56.0,0.0,18.0,27.0,18.0,161.0,36.0,19.0,107.0,70.0,524.0,793
330610,2017,56.0,0.0,8.0,2.0,9.0,218.0,35.0,24.0,108.0,81.0,565.0,822
330610,2018,75.0,3.0,12.0,10.0,8.0,280.0,39.0,15.0,117.0,62.0,625.0,896
330610,2019,65.0,4.0,11.0,7.0,4.0,233.0,33.0,30.0,82.0,80.0,564.0,836
330615,2012,10.0,2.0,2.0,1.0,2.0,59.0,5.0,1.0,31.0,15.0,132.0,153
330615,2013,0.0,0.0,0.0,0.0,0.0,0.0,0.0,0.0,0.0,0.0,153.0,171
330615,2014,4.0,0.0,2.0,0.0,4.0,51.0,1.0,8.0,7.0,35.0,118.0,127
330615,2015,11.0,0.0,2.0,4.0,2.0,58.0,2.0,11.0,5.0,40.0,135.0,143
330615,2016,17.0,1.0,2.0,4.0,4.0,70.0,0.0,9.0,2.0,40.0,150.0,165
330615,2017,15.0,0.0,6.0,3.0,2.0,60.0,0.0,7.0,10.0,35.0,142.0,156
330615,2018,17.0,0.0,0.0,3.0,1.0,74.0,9.0,2.0,32.0,17.0,160.0,167
330615,2019,8.0,0.0,5.0,2.0,1.0,40.0,5.0,4.0,7.0,27.0,147.0,152
330620,2012,50.0,1.0,14.0,6.0,2.0,79.0,19.0,12.0,52.0,62.0,303.0,441
330620,2013,0.0,0.0,0.0,0.0,0.0,0.0,0.0,0.0,0.0,0.0,336.0,452
330620,2014,66.0,1.0,6.0,5.0,7.0,125.0,22.0,24.0,74.0,70.0,403.0,573
330620,2015,53.0,0.0,3.0,6.0,7.0,117.0,23.0,20.0,91.0,63.0,383.0,513
330620,2016,49.0,0.0,17.0,4.0,7.0,112.0,2.0,39.0,24.0,100.0,355.0,504
330620,2017,55.0,1.0,10.0,6.0,2.0,116.0,7.0,22.0,25.0,100.0,346.0,489
330620,2018,67.0,1.0,8.0,8.0,6.0,137.0,12.0,23.0,25.0,91.0,383.0,534
330620,2019,61.0,2.0,3.0,6.0,6.0,132.0,23.0,14.0,59.0,53.0,361.0,492
330630,2012,504.0,1.0,61.0,47.0,60.0,653.0,87.0,53.0,442.0,409.0,2387.0,3315
330630,2013,0.0,0.0,0.0,0.0,0.0,0.0,0.0,0.0,0.0,0.0,2415.0,3390
330630,2014,328.0,6.0,67.0,41.0,32.0,702.0,94.0,128.0,402.0,422.0,2451.0,3270
330630,2015,362.0,55.0,60.0,50.0,45.0,726.0,101.0,123.0,368.0,412.0,2524.0,3439
330630,2016,330.0,34.0,75.0,45.0,41.0,684.0,94.0,144.0,301.0,482.0,2416.0,3364
330630,2017,289.0,5.0,57.0,42.0,36.0,711.0,93.0,100.0,298.0,407.0,2284.0,3272
330630,2018,291.0,1.0,72.0,43.0,41.0,782.0,119.0,115.0,243.0,475.0,2448.0,3376
330630,2019,288.0,5.0,77.0,38.0,23.0,685.0,105.0,121.0,253.0,389.0,2276.0,3096
350000,2012,3.0,0.0,0.0,0.0,0.0,0.0,0.0,0.0,0.0,2.0,6.0,12
350000,2013,0.0,0.0,0.0,0.0,0.0,0.0,0.0,0.0,0.0,0.0,6.0,15
350000,2014,2.0,0.0,0.0,0.0,0.0,3.0,1.0,0.0,0.0,3.0,10.0,15
350000,2015,1.0,0.0,0.0,1.0,0.0,1.0,0.0,0.0,0.0,0.0,3.0,9
350000,2016,0.0,0.0,0.0,0.0,0.0,3.0,0.0,0.0,0.0,0.0,5.0,16
350000,2017,0.0,0.0,0.0,0.0,0.0,0.0,0.0,0.0,0.0,0.0,0.0,5
350000,2018,0.0,0.0,0.0,0.0,0.0,2.0,0.0,0.0,0.0,0.0,2.0,4
350000,2019,0.0,0.0,0.0,0.0,1.0,1.0,0.0,0.0,0.0,0.0,2.0,8
350010,2012,5.0,0.0,0.0,0.0,0.0,4.0,0.0,0.0,1.0,1.0,325.0,358
350010,2013,0.0,0.0,0.0,0.0,0.0,0.0,0.0,0.0,0.0,0.0,309.0,353
350010,2014,15.0,2.0,8.0,5.0,5.0,116.0,37.0,4.0,111.0,17.0,322.0,381
350010,2015,35.0,1.0,1.0,4.0,6.0,109.0,20.0,11.0,72.0,27.0,290.0,357
350010,2016,24.0,0.0,11.0,2.0,7.0,127.0,26.0,6.0,93.0,16.0,312.0,370
350010,2017,34.0,1.0,8.0,5.0,2.0,122.0,9.0,6.0,90.0,33.0,310.0,344
350010,2018,29.0,0.0,0.0,3.0,6.0,128.0,12.0,9.0,79.0,43.0,309.0,366
350010,2019,19.0,1.0,10.0,13.0,10.0,128.0,16.0,7.0,78.0,44.0,326.0,393
350020,2012,1.0,0.0,2.0,0.0,0.0,14.0,0.0,1.0,7.0,2.0,32.0,47
350020,2013,0.0,0.0,0.0,0.0,0.0,0.0,0.0,0.0,0.0,0.0,30.0,43
350020,2014,2.0,0.0,4.0,0.0,0.0,15.0,7.0,1.0,14.0,1.0,45.0,56
350020,2015,3.0,0.0,0.0,0.0,0.0,18.0,3.0,1.0,8.0,7.0,44.0,52
350020,2016,6.0,0.0,2.0,2.0,0.0,11.0,2.0,0.0,8.0,5.0,37.0,45
350020,2017,1.0,0.0,0.0,0.0,0.0,17.0,2.0,1.0,3.0,8.0,32.0,38
350020,2018,8.0,0.0,0.0,0.0,0.0,15.0,1.0,0.0,8.0,6.0,38.0,46
350020,2019,1.0,0.0,2.0,0.0,0.0,9.0,2.0,0.0,5.0,6.0,25.0,41
350030,2012,20.0,0.0,0.0,5.0,4.0,59.0,6.0,4.0,45.0,26.0,299.0,467
350030,2013,0.0,0.0,0.0,0.0,0.0,0.0,0.0,0.0,0.0,0.0,278.0,414
350030,2014,32.0,1.0,9.0,3.0,6.0,58.0,28.0,42.0,52.0,50.0,282.0,393
350030,2015,27.0,1.0,6.0,7.0,5.0,77.0,19.0,22.0,54.0,40.0,261.0,413
350030,2016,25.0,0.0,4.0,9.0,7.0,100.0,21.0,14.0,47.0,39.0,267.0,390
350030,2017,21.0,0.0,4.0,5.0,3.0,135.0,17.0,20.0,46.0,44.0,297.0,436
350030,2018,21.0,0.0,12.0,9.0,8.0,117.0,22.0,11.0,55.0,50.0,309.0,451
350030,2019,17.0,0.0,4.0,7.0,6.0,128.0,23.0,9.0,57.0,31.0,282.0,420
350040,2012,5.0,0.0,1.0,0.0,0.0,6.0,1.0,0.0,7.0,6.0,44.0,67
350040,2013,0.0,0.0,0.0,0.0,0.0,0.0,0.0,0.0,0.0,0.0,50.0,69
350040,2014,6.0,0.0,2.0,2.0,0.0,17.0,9.0,6.0,11.0,13.0,68.0,90
350040,2015,6.0,0.0,4.0,1.0,0.0,17.0,0.0,5.0,10.0,10.0,53.0,81
350040,2016,6.0,0.0,7.0,2.0,2.0,17.0,5.0,5.0,9.0,14.0,68.0,85
350040,2017,9.0,0.0,3.0,2.0,1.0,23.0,3.0,4.0,7.0,6.0,60.0,79
350040,2018,8.0,0.0,2.0,3.0,1.0,22.0,4.0,8.0,15.0,4.0,68.0,85
350040,2019,1.0,0.0,0.0,1.0,1.0,14.0,0.0,1.0,10.0,7.0,35.0,52
350050,2012,9.0,2.0,4.0,2.0,4.0,54.0,6.0,2.0,43.0,21.0,150.0,255
350050,2013,0.0,0.0,0.0,0.0,0.0,0.0,0.0,0.0,0.0,0.0,140.0,237
350050,2014,12.0,0.0,10.0,3.0,4.0,44.0,9.0,12.0,20.0,37.0,153.0,222
350050,2015,13.0,0.0,0.0,1.0,0.0,43.0,6.0,8.0,18.0,27.0,119.0,217
350050,2016,9.0,1.0,4.0,1.0,0.0,56.0,10.0,2.0,28.0,11.0,125.0,217
350050,2017,13.0,0.0,3.0,3.0,6.0,46.0,15.0,3.0,43.0,10.0,142.0,239
350050,2018,10.0,1.0,3.0,1.0,2.0,53.0,16.0,6.0,27.0,9.0,129.0,198
350050,2019,19.0,0.0,2.0,14.0,1.0,76.0,19.0,13.0,41.0,12.0,198.0,258
350055,2012,3.0,0.0,4.0,0.0,0.0,13.0,0.0,1.0,8.0,2.0,38.0,85
350055,2013,0.0,0.0,0.0,0.0,0.0,0.0,0.0,0.0,0.0,0.0,39.0,65
350055,2014,1.0,0.0,0.0,1.0,3.0,17.0,2.0,2.0,8.0,5.0,40.0,76
350055,2015,3.0,0.0,0.0,0.0,1.0,21.0,4.0,3.0,9.0,9.0,51.0,86
350055,2016,3.0,1.0,2.0,4.0,1.0,21.0,4.0,4.0,7.0,10.0,60.0,86
350055,2017,1.0,0.0,0.0,1.0,0.0,22.0,3.0,2.0,10.0,4.0,46.0,71
350055,2018,5.0,1.0,2.0,1.0,0.0,12.0,2.0,2.0,8.0,6.0,40.0,65
350055,2019,6.0,0.0,0.0,2.0,1.0,11.0,4.0,1.0,11.0,4.0,42.0,68
350060,2012,0.0,0.0,0.0,0.0,1.0,4.0,1.0,0.0,5.0,0.0,12.0,18
350060,2013,0.0,0.0,0.0,0.0,0.0,0.0,0.0,0.0,0.0,0.0,27.0,33
350060,2014,0.0,0.0,0.0,1.0,1.0,4.0,2.0,0.0,5.0,2.0,15.0,26
350060,2015,1.0,0.0,0.0,0.0,1.0,7.0,1.0,0.0,5.0,1.0,16.0,26
350060,2016,1.0,0.0,2.0,0.0,0.0,7.0,2.0,0.0,7.0,2.0,21.0,29
350060,2017,5.0,0.0,0.0,1.0,0.0,10.0,5.0,1.0,7.0,1.0,30.0,37
350060,2018,0.0,0.0,0.0,1.0,1.0,9.0,1.0,1.0,4.0,3.0,20.0,26
350060,2019,3.0,0.0,0.0,0.0,1.0,5.0,1.0,0.0,3.0,1.0,14.0,19
350070,2012,22.0,3.0,9.0,4.0,7.0,88.0,10.0,15.0,48.0,52.0,348.0,493
350070,2013,0.0,0.0,0.0,0.0,0.0,0.0,0.0,0.0,0.0,0.0,386.0,540
350070,2014,25.0,0.0,4.0,8.0,11.0,114.0,16.0,18.0,70.0,61.0,349.0,515
350070,2015,30.0,1.0,10.0,12.0,7.0,123.0,20.0,9.0,71.0,53.0,336.0,488
350070,2016,26.0,1.0,8.0,11.0,7.0,125.0,24.0,9.0,84.0,55.0,354.0,512
350070,2017,32.0,1.0,16.0,10.0,8.0,152.0,27.0,16.0,84.0,46.0,392.0,577
350070,2018,34.0,2.0,15.0,5.0,4.0,157.0,21.0,9.0,76.0,21.0,344.0,543
350070,2019,21.0,1.0,12.0,4.0,8.0,174.0,28.0,8.0,92.0,17.0,366.0,530
350075,2012,3.0,0.0,0.0,1.0,1.0,4.0,0.0,2.0,3.0,5.0,30.0,58
350075,2013,0.0,0.0,0.0,0.0,0.0,0.0,0.0,0.0,0.0,0.0,33.0,68
350075,2014,3.0,0.0,0.0,1.0,1.0,5.0,4.0,0.0,11.0,2.0,27.0,58
350075,2015,1.0,0.0,2.0,2.0,0.0,23.0,2.0,2.0,4.0,2.0,38.0,63
350075,2016,2.0,1.0,6.0,5.0,0.0,16.0,4.0,2.0,8.0,4.0,48.0,80
350075,2017,1.0,0.0,4.0,1.0,0.0,13.0,1.0,3.0,6.0,2.0,31.0,70
350075,2018,3.0,0.0,0.0,2.0,2.0,15.0,0.0,1.0,3.0,7.0,33.0,69
350075,2019,3.0,1.0,1.0,3.0,1.0,15.0,1.0,1.0,8.0,7.0,41.0,80
350080,2012,1.0,0.0,0.0,0.0,0.0,7.0,0.0,0.0,9.0,2.0,42.0,47
350080,2013,0.0,0.0,0.0,0.0,0.0,0.0,0.0,0.0,0.0,0.0,42.0,46
350080,2014,2.0,0.0,0.0,1.0,0.0,15.0,1.0,0.0,9.0,6.0,34.0,41
350080,2015,2.0,0.0,0.0,0.0,2.0,16.0,1.0,4.0,2.0,8.0,36.0,46
350080,2016,6.0,1.0,0.0,0.0,0.0,6.0,1.0,0.0,8.0,7.0,29.0,42
350080,2017,4.0,0.0,2.0,1.0,0.0,13.0,4.0,0.0,9.0,3.0,36.0,48
350080,2018,11.0,0.0,4.0,1.0,1.0,11.0,2.0,3.0,9.0,5.0,47.0,60
350080,2019,4.0,0.0,3.0,1.0,1.0,6.0,2.0,3.0,9.0,2.0,31.0,44
350090,2012,4.0,0.0,0.0,1.0,0.0,7.0,0.0,2.0,6.0,1.0,33.0,46
350090,2013,0.0,0.0,0.0,0.0,0.0,0.0,0.0,0.0,0.0,0.0,36.0,44
350090,2014,7.0,0.0,0.0,0.0,0.0,11.0,7.0,2.0,9.0,1.0,37.0,46
350090,2015,4.0,0.0,2.0,0.0,0.0,13.0,2.0,1.0,5.0,4.0,32.0,41
350090,2016,3.0,0.0,2.0,0.0,2.0,15.0,6.0,1.0,9.0,4.0,42.0,53
350090,2017,3.0,0.0,4.0,1.0,0.0,12.0,6.0,0.0,13.0,2.0,41.0,49
350090,2018,3.0,0.0,4.0,2.0,2.0,9.0,1.0,2.0,9.0,4.0,36.0,40
350090,2019,4.0,0.0,0.0,1.0,0.0,14.0,4.0,2.0,12.0,2.0,39.0,45
350100,2012,8.0,2.0,0.0,1.0,3.0,25.0,5.0,3.0,21.0,12.0,97.0,164
350100,2013,0.0,0.0,0.0,0.0,0.0,0.0,0.0,0.0,0.0,0.0,117.0,194
350100,2014,5.0,0.0,2.0,5.0,6.0,35.0,12.0,1.0,28.0,15.0,117.0,181
350100,2015,12.0,2.0,1.0,2.0,2.0,38.0,12.0,4.0,18.0,14.0,113.0,198
350100,2016,13.0,0.0,3.0,4.0,3.0,37.0,7.0,2.0,28.0,7.0,105.0,180
350100,2017,4.0,0.0,2.0,5.0,1.0,44.0,12.0,0.0,26.0,5.0,99.0,183
350100,2018,11.0,1.0,1.0,1.0,1.0,39.0,9.0,5.0,28.0,12.0,108.0,187
350100,2019,8.0,0.0,2.0,5.0,4.0,39.0,6.0,6.0,19.0,9.0,99.0,197
350110,2012,3.0,0.0,0.0,1.0,0.0,8.0,0.0,0.0,6.0,3.0,35.0,44
350110,2013,0.0,0.0,0.0,0.0,0.0,0.0,0.0,0.0,0.0,0.0,39.0,47
350110,2014,6.0,0.0,1.0,0.0,0.0,10.0,4.0,2.0,13.0,7.0,47.0,53
350110,2015,2.0,0.0,0.0,0.0,0.0,9.0,2.0,0.0,8.0,0.0,21.0,30
350110,2016,7.0,1.0,0.0,1.0,0.0,13.0,1.0,0.0,6.0,2.0,31.0,38
350110,2017,0.0,0.0,0.0,1.0,0.0,16.0,3.0,1.0,11.0,1.0,33.0,49
350110,2018,5.0,0.0,0.0,0.0,1.0,7.0,3.0,0.0,4.0,6.0,26.0,33
350110,2019,0.0,0.0,4.0,1.0,0.0,16.0,2.0,2.0,0.0,4.0,29.0,34
350115,2012,12.0,0.0,6.0,2.0,3.0,56.0,8.0,0.0,42.0,16.0,179.0,236
350115,2013,0.0,0.0,0.0,0.0,0.0,0.0,0.0,0.0,0.0,0.0,192.0,262
350115,2014,15.0,0.0,6.0,1.0,1.0,57.0,14.0,8.0,44.0,34.0,183.0,236
350115,2015,13.0,1.0,1.0,1.0,2.0,69.0,9.0,8.0,47.0,16.0,170.0,229
350115,2016,12.0,0.0,3.0,7.0,5.0,65.0,11.0,11.0,39.0,26.0,179.0,266
350115,2017,19.0,1.0,4.0,4.0,3.0,66.0,7.0,9.0,29.0,29.0,171.0,246
350115,2018,19.0,0.0,2.0,4.0,0.0,67.0,8.0,7.0,24.0,16.0,149.0,211
350115,2019,11.0,0.0,6.0,5.0,5.0,90.0,27.0,4.0,29.0,12.0,189.0,243
350120,2012,0.0,0.0,0.0,0.0,0.0,4.0,0.0,0.0,6.0,2.0,36.0,41
350120,2013,0.0,0.0,0.0,0.0,0.0,0.0,0.0,0.0,0.0,0.0,26.0,33
350120,2014,0.0,2.0,1.0,0.0,0.0,7.0,1.0,0.0,3.0,3.0,32.0,38
350120,2015,1.0,0.0,1.0,0.0,0.0,5.0,0.0,0.0,1.0,0.0,25.0,29
350120,2016,3.0,0.0,0.0,0.0,0.0,16.0,3.0,0.0,5.0,7.0,34.0,37
350120,2017,3.0,0.0,0.0,1.0,1.0,12.0,1.0,1.0,4.0,5.0,28.0,30
350120,2018,2.0,0.0,4.0,1.0,0.0,8.0,0.0,1.0,2.0,4.0,22.0,28
350120,2019,1.0,0.0,0.0,0.0,0.0,14.0,1.0,1.0,3.0,6.0,26.0,32
350130,2012,20.0,0.0,3.0,2.0,9.0,68.0,7.0,7.0,56.0,16.0,303.0,444
350130,2013,0.0,0.0,0.0,0.0,0.0,0.0,0.0,0.0,0.0,0.0,309.0,400
350130,2014,19.0,0.0,6.0,1.0,3.0,81.0,15.0,8.0,40.0,39.0,243.0,333
350130,2015,22.0,0.0,10.0,3.0,8.0,105.0,18.0,11.0,68.0,35.0,281.0,359
350130,2016,39.0,1.0,3.0,6.0,5.0,83.0,16.0,9.0,50.0,43.0,255.0,339
350130,2017,38.0,0.0,14.0,7.0,5.0,102.0,9.0,7.0,49.0,23.0,254.0,331
350130,2018,23.0,0.0,8.0,2.0,9.0,115.0,15.0,2.0,43.0,24.0,241.0,334
350130,2019,19.0,0.0,6.0,6.0,1.0,99.0,17.0,7.0,44.0,16.0,215.0,326
350140,2012,0.0,0.0,3.0,0.0,0.0,0.0,0.0,0.0,0.0,0.0,21.0,50
350140,2013,0.0,0.0,0.0,0.0,0.0,0.0,0.0,0.0,0.0,0.0,33.0,49
350140,2014,2.0,0.0,0.0,2.0,1.0,9.0,4.0,2.0,7.0,6.0,33.0,43
350140,2015,4.0,1.0,1.0,2.0,0.0,11.0,5.0,3.0,4.0,4.0,35.0,57
350140,2016,2.0,0.0,0.0,2.0,1.0,8.0,3.0,2.0,4.0,4.0,26.0,46
350140,2017,1.0,0.0,2.0,1.0,0.0,8.0,1.0,1.0,7.0,4.0,25.0,40
350140,2018,2.0,0.0,0.0,0.0,1.0,13.0,3.0,4.0,2.0,3.0,28.0,42
350140,2019,0.0,1.0,3.0,1.0,0.0,7.0,0.0,6.0,6.0,6.0,30.0,52
350150,2012,0.0,0.0,0.0,0.0,0.0,0.0,0.0,0.0,0.0,0.0,23.0,37
350150,2013,0.0,0.0,0.0,0.0,0.0,0.0,0.0,0.0,0.0,0.0,29.0,47
350150,2014,2.0,0.0,0.0,0.0,0.0,12.0,6.0,1.0,9.0,0.0,30.0,46
350150,2015,2.0,0.0,0.0,0.0,0.0,12.0,7.0,0.0,3.0,2.0,27.0,45
350150,2016,3.0,0.0,0.0,0.0,0.0,11.0,2.0,0.0,6.0,1.0,23.0,42
350150,2017,1.0,0.0,2.0,0.0,2.0,4.0,4.0,0.0,8.0,3.0,24.0,42
350150,2018,5.0,0.0,4.0,1.0,0.0,8.0,3.0,2.0,7.0,2.0,32.0,53
350150,2019,3.0,1.0,0.0,0.0,1.0,6.0,4.0,0.0,8.0,4.0,27.0,44
350160,2012,213.0,3.0,72.0,31.0,50.0,727.0,94.0,27.0,735.0,194.0,2149.0,2762
350160,2013,0.0,0.0,0.0,0.0,0.0,0.0,0.0,0.0,0.0,0.0,2074.0,2657
350160,2014,165.0,4.0,35.0,45.0,57.0,689.0,134.0,50.0,592.0,177.0,1955.0,2687
350160,2015,161.0,4.0,80.0,50.0,64.0,716.0,131.0,50.0,462.0,229.0,1953.0,2868
350160,2016,120.0,2.0,59.0,44.0,50.0,652.0,100.0,59.0,454.0,223.0,1767.0,2495
350160,2017,139.0,1.0,60.0,58.0,50.0,711.0,120.0,77.0,457.0,239.0,1922.0,2678
350160,2018,160.0,4.0,57.0,57.0,59.0,671.0,155.0,54.0,502.0,214.0,1934.0,2680
350160,2019,136.0,2.0,82.0,48.0,56.0,731.0,142.0,58.0,445.0,190.0,1890.0,2642
350170,2012,40.0,0.0,5.0,8.0,8.0,164.0,24.0,8.0,109.0,50.0,469.0,566
350170,2013,0.0,0.0,0.0,0.0,0.0,0.0,0.0,0.0,0.0,0.0,421.0,541
350170,2014,37.0,0.0,13.0,6.0,3.0,163.0,46.0,20.0,114.0,68.0,474.0,559
350170,2015,28.0,0.0,14.0,6.0,6.0,162.0,28.0,15.0,104.0,42.0,416.0,537
350170,2016,23.0,0.0,7.0,7.0,2.0,123.0,24.0,5.0,68.0,14.0,298.0,463
350170,2017,20.0,0.0,17.0,7.0,5.0,141.0,29.0,5.0,76.0,25.0,326.0,500
350170,2018,19.0,0.0,10.0,6.0,6.0,138.0,26.0,4.0,52.0,20.0,282.0,447
350170,2019,23.0,0.0,11.0,6.0,9.0,145.0,18.0,3.0,54.0,24.0,293.0,459
350180,2012,1.0,0.0,2.0,1.0,2.0,12.0,3.0,0.0,10.0,1.0,58.0,69
350180,2013,0.0,0.0,0.0,0.0,0.0,0.0,0.0,0.0,0.0,0.0,48.0,51
350180,2014,6.0,0.0,0.0,0.0,1.0,10.0,1.0,1.0,7.0,5.0,64.0,69
350180,2015,7.0,0.0,1.0,1.0,1.0,7.0,2.0,0.0,7.0,2.0,57.0,58
350180,2016,2.0,0.0,0.0,0.0,0.0,16.0,3.0,1.0,11.0,2.0,35.0,39
350180,2017,6.0,0.0,1.0,1.0,1.0,23.0,1.0,2.0,5.0,4.0,44.0,47
350180,2018,8.0,0.0,1.0,0.0,0.0,19.0,2.0,5.0,9.0,13.0,57.0,62
350180,2019,4.0,0.0,2.0,2.0,0.0,16.0,2.0,4.0,9.0,11.0,50.0,58
350190,2012,48.0,0.0,13.0,4.0,4.0,202.0,34.0,21.0,195.0,128.0,652.0,806
350190,2013,0.0,0.0,0.0,0.0,0.0,0.0,0.0,0.0,0.0,0.0,689.0,850
350190,2014,32.0,0.0,25.0,3.0,2.0,267.0,45.0,47.0,142.0,155.0,719.0,874
350190,2015,42.0,0.0,24.0,3.0,10.0,287.0,15.0,58.0,89.0,215.0,748.0,909
350190,2016,41.0,1.0,11.0,2.0,3.0,254.0,13.0,67.0,46.0,215.0,654.0,815
350190,2017,52.0,2.0,6.0,11.0,3.0,288.0,26.0,70.0,67.0,211.0,740.0,885
350190,2018,37.0,4.0,11.0,7.0,13.0,277.0,29.0,54.0,82.0,174.0,692.0,854
350190,2019,61.0,5.0,16.0,10.0,8.0,264.0,26.0,46.0,114.0,138.0,696.0,834
350200,2012,0.0,1.0,2.0,0.0,0.0,7.0,2.0,3.0,4.0,2.0,26.0,44
350200,2013,0.0,0.0,0.0,0.0,0.0,0.0,0.0,0.0,0.0,0.0,25.0,35
350200,2014,3.0,0.0,2.0,0.0,0.0,7.0,1.0,1.0,7.0,3.0,28.0,50
350200,2015,4.0,0.0,0.0,1.0,1.0,11.0,2.0,2.0,12.0,4.0,38.0,52
350200,2016,1.0,0.0,2.0,4.0,2.0,13.0,2.0,1.0,6.0,3.0,34.0,55
350200,2017,2.0,0.0,2.0,0.0,1.0,10.0,0.0,1.0,7.0,4.0,27.0,47
350200,2018,1.0,0.0,2.0,0.0,0.0,12.0,3.0,2.0,6.0,3.0,29.0,47
350200,2019,1.0,0.0,0.0,0.0,0.0,8.0,3.0,2.0,6.0,2.0,22.0,39
350210,2012,35.0,0.0,10.0,6.0,4.0,216.0,9.0,29.0,108.0,148.0,608.0,728
350210,2013,0.0,0.0,0.0,0.0,0.0,0.0,0.0,0.0,0.0,0.0,632.0,716
350210,2014,36.0,0.0,10.0,5.0,1.0,267.0,24.0,44.0,129.0,128.0,653.0,727
350210,2015,43.0,0.0,11.0,1.0,4.0,275.0,26.0,32.0,97.0,138.0,629.0,753
350210,2016,45.0,1.0,17.0,4.0,2.0,253.0,2.0,43.0,28.0,192.0,589.0,690
350210,2017,35.0,1.0,8.0,3.0,4.0,244.0,5.0,63.0,17.0,224.0,605.0,674
350210,2018,44.0,0.0,7.0,0.0,1.0,310.0,6.0,53.0,16.0,229.0,667.0,739
350210,2019,42.0,0.0,13.0,2.0,0.0,268.0,2.0,50.0,9.0,200.0,587.0,667
350220,2012,18.0,1.0,1.0,0.0,3.0,54.0,23.0,9.0,63.0,25.0,227.0,306
350220,2013,0.0,0.0,0.0,0.0,0.0,0.0,0.0,0.0,0.0,0.0,246.0,306
350220,2014,28.0,0.0,10.0,4.0,3.0,93.0,30.0,15.0,78.0,16.0,279.0,333
350220,2015,17.0,0.0,9.0,3.0,3.0,98.0,36.0,13.0,63.0,17.0,260.0,341
350220,2016,16.0,1.0,7.0,2.0,3.0,117.0,24.0,9.0,51.0,33.0,263.0,349
350220,2017,12.0,0.0,7.0,1.0,1.0,107.0,11.0,7.0,37.0,29.0,212.0,317
350220,2018,15.0,0.0,8.0,3.0,2.0,104.0,5.0,8.0,36.0,20.0,201.0,337
350220,2019,4.0,0.0,2.0,5.0,5.0,100.0,17.0,7.0,39.0,20.0,200.0,307
350230,2012,4.0,0.0,3.0,3.0,1.0,9.0,7.0,3.0,2.0,3.0,35.0,93
350230,2013,0.0,0.0,0.0,0.0,0.0,0.0,0.0,0.0,0.0,0.0,42.0,81
350230,2014,3.0,1.0,4.0,2.0,0.0,17.0,4.0,2.0,5.0,7.0,45.0,90
350230,2015,0.0,0.0,2.0,0.0,0.0,5.0,2.0,3.0,4.0,1.0,17.0,71
350230,2016,0.0,0.0,0.0,2.0,2.0,9.0,3.0,1.0,1.0,2.0,20.0,82
350230,2017,1.0,0.0,0.0,4.0,0.0,8.0,0.0,1.0,7.0,6.0,27.0,76
350230,2018,3.0,0.0,2.0,1.0,1.0,14.0,5.0,1.0,6.0,1.0,34.0,92
350230,2019,1.0,0.0,0.0,2.0,2.0,9.0,7.0,0.0,7.0,4.0,32.0,82
350240,2012,3.0,0.0,2.0,1.0,0.0,9.0,1.0,1.0,4.0,4.0,49.0,60
350240,2013,0.0,0.0,0.0,0.0,0.0,0.0,0.0,0.0,0.0,0.0,39.0,50
350240,2014,1.0,0.0,4.0,0.0,0.0,14.0,1.0,4.0,3.0,3.0,30.0,38
350240,2015,3.0,0.0,0.0,0.0,1.0,19.0,1.0,0.0,7.0,2.0,33.0,48
350240,2016,7.0,0.0,0.0,1.0,1.0,17.0,4.0,2.0,5.0,2.0,39.0,60
350240,2017,5.0,0.0,2.0,2.0,0.0,17.0,1.0,1.0,10.0,3.0,41.0,57
350240,2018,2.0,1.0,1.0,1.0,0.0,20.0,2.0,0.0,3.0,3.0,33.0,55
350240,2019,4.0,0.0,0.0,0.0,1.0,13.0,3.0,0.0,10.0,4.0,35.0,51
350250,2012,14.0,0.0,10.0,5.0,3.0,93.0,7.0,6.0,64.0,38.0,397.0,481
350250,2013,0.0,0.0,0.0,0.0,0.0,0.0,0.0,0.0,0.0,0.0,429.0,510
350250,2014,26.0,0.0,12.0,21.0,20.0,130.0,20.0,18.0,107.0,50.0,428.0,520
350250,2015,21.0,0.0,8.0,5.0,8.0,151.0,20.0,9.0,85.0,54.0,365.0,475
350250,2016,17.0,1.0,9.0,7.0,8.0,178.0,17.0,16.0,84.0,57.0,396.0,505
350250,2017,25.0,0.0,13.0,8.0,4.0,174.0,20.0,12.0,89.0,33.0,382.0,480
350250,2018,24.0,0.0,12.0,6.0,8.0,129.0,17.0,2.0,82.0,10.0,299.0,418
350250,2019,24.0,0.0,7.0,10.0,4.0,136.0,14.0,4.0,91.0,24.0,314.0,417
350260,2012,0.0,0.0,0.0,0.0,0.0,5.0,1.0,1.0,1.0,0.0,34.0,36
350260,2013,0.0,0.0,0.0,0.0,0.0,0.0,0.0,0.0,0.0,0.0,43.0,46
350260,2014,3.0,0.0,0.0,0.0,0.0,12.0,1.0,2.0,7.0,6.0,32.0,38
350260,2015,2.0,0.0,2.0,1.0,0.0,22.0,4.0,2.0,4.0,6.0,45.0,51
350260,2016,6.0,0.0,0.0,0.0,0.0,15.0,4.0,0.0,13.0,4.0,42.0,47
350260,2017,3.0,0.0,0.0,0.0,0.0,18.0,3.0,2.0,7.0,4.0,37.0,43
350260,2018,2.0,0.0,2.0,1.0,1.0,19.0,2.0,4.0,11.0,2.0,44.0,48
350260,2019,6.0,0.0,0.0,0.0,0.0,17.0,1.0,1.0,2.0,9.0,36.0,40
350270,2012,12.0,1.0,2.0,2.0,2.0,58.0,12.0,4.0,33.0,27.0,190.0,378
350270,2013,0.0,0.0,0.0,0.0,0.0,0.0,0.0,0.0,0.0,0.0,200.0,352
350270,2014,27.0,1.0,5.0,6.0,8.0,77.0,32.0,11.0,35.0,37.0,239.0,386
350270,2015,14.0,1.0,2.0,6.0,1.0,86.0,23.0,14.0,48.0,31.0,226.0,393
350270,2016,17.0,1.0,9.0,8.0,2.0,61.0,14.0,20.0,29.0,31.0,192.0,342
350270,2017,25.0,0.0,6.0,5.0,8.0,85.0,7.0,31.0,30.0,47.0,244.0,360
350270,2018,17.0,0.0,3.0,12.0,3.0,78.0,18.0,33.0,34.0,39.0,237.0,345
350270,2019,21.0,0.0,4.0,9.0,3.0,85.0,15.0,23.0,26.0,37.0,223.0,333
350275,2012,17.0,1.0,0.0,4.0,4.0,44.0,13.0,6.0,34.0,19.0,177.0,282
350275,2013,0.0,0.0,0.0,0.0,0.0,0.0,0.0,0.0,0.0,0.0,197.0,301
350275,2014,18.0,0.0,3.0,4.0,1.0,58.0,17.0,11.0,42.0,29.0,187.0,324
350275,2015,11.0,0.0,5.0,4.0,3.0,67.0,9.0,5.0,35.0,28.0,171.0,305
350275,2016,13.0,0.0,5.0,7.0,8.0,66.0,15.0,5.0,40.0,10.0,169.0,303
350275,2017,19.0,0.0,4.0,3.0,3.0,72.0,16.0,14.0,39.0,25.0,195.0,333
350275,2018,22.0,0.0,12.0,4.0,0.0,99.0,20.0,19.0,45.0,31.0,254.0,372
350275,2019,24.0,0.0,2.0,5.0,7.0,96.0,24.0,14.0,47.0,33.0,252.0,385
350280,2012,179.0,17.0,52.0,38.0,36.0,525.0,53.0,70.0,351.0,288.0,1914.0,2303
350280,2013,0.0,0.0,0.0,0.0,0.0,0.0,0.0,0.0,0.0,0.0,1888.0,2288
350280,2014,237.0,21.0,66.0,35.0,49.0,629.0,168.0,55.0,560.0,187.0,2031.0,2496
350280,2015,238.0,19.0,49.0,28.0,55.0,667.0,155.0,65.0,535.0,165.0,1996.0,2471
350280,2016,229.0,8.0,57.0,31.0,41.0,643.0,167.0,48.0,505.0,152.0,1882.0,2241
350280,2017,244.0,4.0,65.0,31.0,29.0,735.0,156.0,48.0,505.0,190.0,2007.0,2451
350280,2018,270.0,4.0,63.0,40.0,24.0,739.0,189.0,50.0,499.0,127.0,2006.0,2426
350280,2019,228.0,7.0,60.0,31.0,32.0,798.0,166.0,52.0,457.0,134.0,1965.0,2394
350290,2012,16.0,2.0,5.0,3.0,5.0,79.0,15.0,5.0,64.0,13.0,229.0,374
350290,2013,0.0,0.0,0.0,0.0,0.0,0.0,0.0,0.0,0.0,0.0,232.0,406
350290,2014,18.0,0.0,1.0,6.0,4.0,71.0,26.0,6.0,49.0,19.0,203.0,361
350290,2015,9.0,0.0,7.0,6.0,6.0,90.0,23.0,12.0,58.0,33.0,250.0,454
350290,2016,16.0,1.0,7.0,3.0,10.0,97.0,28.0,12.0,59.0,24.0,259.0,442
350290,2017,13.0,1.0,8.0,4.0,6.0,90.0,25.0,8.0,58.0,17.0,230.0,415
350290,2018,11.0,0.0,4.0,6.0,4.0,71.0,19.0,4.0,46.0,20.0,186.0,360
350290,2019,8.0,0.0,8.0,7.0,5.0,90.0,14.0,3.0,47.0,9.0,191.0,371
350300,2012,6.0,0.0,0.0,1.0,1.0,11.0,0.0,1.0,15.0,1.0,37.0,47
350300,2013,0.0,0.0,0.0,0.0,0.0,0.0,0.0,0.0,0.0,0.0,45.0,56
350300,2014,10.0,0.0,0.0,0.0,0.0,20.0,7.0,1.0,18.0,6.0,66.0,77
350300,2015,8.0,0.0,1.0,2.0,2.0,16.0,8.0,1.0,19.0,0.0,59.0,69
350300,2016,2.0,0.0,0.0,0.0,1.0,24.0,6.0,0.0,15.0,1.0,49.0,58
350300,2017,8.0,0.0,6.0,1.0,1.0,25.0,1.0,0.0,18.0,0.0,70.0,83
350300,2018,4.0,0.0,2.0,1.0,1.0,29.0,10.0,0.0,13.0,5.0,65.0,72
350300,2019,9.0,0.0,2.0,1.0,0.0,20.0,3.0,0.0,11.0,4.0,50.0,64
350310,2012,3.0,0.0,0.0,2.0,0.0,13.0,4.0,0.0,5.0,1.0,38.0,73
350310,2013,0.0,0.0,0.0,0.0,0.0,0.0,0.0,0.0,0.0,0.0,30.0,72
350310,2014,2.0,0.0,2.0,0.0,0.0,12.0,1.0,3.0,2.0,8.0,30.0,73
350310,2015,2.0,1.0,1.0,1.0,0.0,11.0,2.0,1.0,8.0,5.0,32.0,75
350310,2016,3.0,0.0,1.0,1.0,1.0,11.0,4.0,2.0,7.0,8.0,39.0,72
350310,2017,7.0,0.0,0.0,3.0,0.0,18.0,3.0,0.0,11.0,8.0,50.0,97
350310,2018,3.0,1.0,3.0,0.0,0.0,16.0,1.0,2.0,13.0,3.0,42.0,84
350310,2019,2.0,0.0,4.0,0.0,2.0,14.0,3.0,2.0,6.0,3.0,36.0,90
350315,2012,1.0,0.0,0.0,0.0,0.0,4.0,2.0,1.0,3.0,2.0,14.0,24
350315,2013,0.0,0.0,0.0,0.0,0.0,0.0,0.0,0.0,0.0,0.0,11.0,17
350315,2014,0.0,0.0,2.0,0.0,0.0,1.0,2.0,0.0,1.0,2.0,9.0,20
350315,2015,1.0,0.0,0.0,0.0,1.0,3.0,0.0,0.0,3.0,3.0,11.0,14
350315,2016,3.0,0.0,0.0,0.0,1.0,4.0,1.0,2.0,1.0,1.0,13.0,16
350315,2017,0.0,0.0,0.0,0.0,0.0,3.0,1.0,1.0,3.0,3.0,11.0,14
350315,2018,0.0,0.0,0.0,0.0,0.0,4.0,0.0,1.0,2.0,0.0,7.0,16
350315,2019,0.0,0.0,0.0,0.0,2.0,2.0,1.0,1.0,1.0,0.0,7.0,12
350320,2012,168.0,6.0,92.0,38.0,63.0,675.0,96.0,27.0,700.0,167.0,2136.0,2740
350320,2013,0.0,0.0,0.0,0.0,0.0,0.0,0.0,0.0,0.0,0.0,1986.0,2702
350320,2014,144.0,1.0,65.0,51.0,65.0,758.0,180.0,58.0,646.0,181.0,2201.0,2926
350320,2015,144.0,2.0,79.0,57.0,42.0,751.0,168.0,35.0,546.0,149.0,2007.0,2956
350320,2016,126.0,8.0,54.0,40.0,48.0,634.0,152.0,24.0,494.0,97.0,1816.0,2743
350320,2017,137.0,2.0,60.0,30.0,47.0,716.0,141.0,39.0,512.0,148.0,1853.0,2773
350320,2018,126.0,1.0,56.0,55.0,46.0,710.0,149.0,38.0,503.0,97.0,1786.0,2803
350320,2019,142.0,2.0,56.0,43.0,43.0,727.0,152.0,34.0,467.0,128.0,1799.0,2598
350330,2012,111.0,3.0,27.0,25.0,35.0,333.0,37.0,10.0,295.0,66.0,1157.0,1558
350330,2013,0.0,0.0,0.0,0.0,0.0,0.0,0.0,0.0,0.0,0.0,1135.0,1507
350330,2014,124.0,3.0,19.0,20.0,31.0,471.0,115.0,23.0,349.0,90.0,1254.0,1626
350330,2015,111.0,3.0,32.0,25.0,17.0,439.0,86.0,21.0,311.0,75.0,1122.0,1603
350330,2016,92.0,1.0,37.0,30.0,20.0,383.0,80.0,29.0,257.0,92.0,1021.0,1517
350330,2017,74.0,2.0,30.0,30.0,23.0,405.0,60.0,49.0,186.0,148.0,1007.0,1486
350330,2018,108.0,2.0,25.0,28.0,21.0,408.0,71.0,33.0,274.0,102.0,1072.0,1579
350330,2019,86.0,4.0,40.0,33.0,22.0,402.0,107.0,31.0,292.0,76.0,1093.0,1554
350335,2012,0.0,0.0,0.0,0.0,0.0,0.0,0.0,0.0,0.0,0.0,20.0,30
350335,2013,0.0,0.0,0.0,0.0,0.0,0.0,0.0,0.0,0.0,0.0,13.0,19
350335,2014,1.0,0.0,4.0,0.0,0.0,4.0,1.0,0.0,3.0,1.0,16.0,29
350335,2015,2.0,0.0,0.0,0.0,0.0,4.0,0.0,0.0,3.0,1.0,10.0,30
350335,2016,1.0,0.0,0.0,0.0,0.0,4.0,1.0,0.0,4.0,1.0,11.0,21
350335,2017,1.0,0.0,0.0,0.0,1.0,4.0,0.0,0.0,4.0,1.0,11.0,16
350335,2018,0.0,0.0,2.0,0.0,0.0,4.0,0.0,0.0,3.0,1.0,10.0,19
350335,2019,0.0,0.0,0.0,0.0,0.0,6.0,2.0,0.0,2.0,3.0,13.0,19
350340,2012,2.0,0.0,0.0,0.0,0.0,10.0,0.0,0.0,4.0,1.0,50.0,69
350340,2013,0.0,0.0,0.0,0.0,0.0,0.0,0.0,0.0,0.0,0.0,53.0,69
350340,2014,4.0,0.0,0.0,0.0,0.0,16.0,9.0,0.0,17.0,2.0,53.0,82
350340,2015,3.0,0.0,0.0,1.0,3.0,20.0,3.0,1.0,14.0,2.0,47.0,78
350340,2016,4.0,0.0,4.0,0.0,2.0,19.0,4.0,1.0,10.0,4.0,52.0,95
350340,2017,4.0,0.0,2.0,0.0,0.0,21.0,1.0,1.0,13.0,0.0,42.0,67
350340,2018,1.0,0.0,0.0,1.0,1.0,14.0,2.0,0.0,19.0,0.0,38.0,64
350340,2019,3.0,0.0,0.0,1.0,2.0,22.0,3.0,0.0,11.0,0.0,42.0,77
350350,2012,0.0,1.0,1.0,1.0,0.0,7.0,1.0,0.0,6.0,4.0,28.0,51
350350,2013,0.0,0.0,0.0,0.0,0.0,0.0,0.0,0.0,0.0,0.0,23.0,40
350350,2014,0.0,0.0,4.0,0.0,1.0,7.0,1.0,0.0,5.0,0.0,18.0,35
350350,2015,1.0,0.0,0.0,0.0,1.0,6.0,2.0,4.0,4.0,3.0,24.0,50
350350,2016,4.0,0.0,4.0,0.0,2.0,7.0,4.0,4.0,3.0,3.0,31.0,43
350350,2017,1.0,0.0,2.0,0.0,1.0,11.0,1.0,1.0,6.0,9.0,32.0,47
350350,2018,3.0,0.0,0.0,0.0,0.0,15.0,1.0,2.0,3.0,7.0,31.0,46
350350,2019,1.0,0.0,0.0,0.0,1.0,9.0,3.0,2.0,4.0,7.0,27.0,39
350360,2012,9.0,0.0,2.0,1.0,2.0,12.0,3.0,5.0,18.0,9.0,68.0,114
350360,2013,0.0,0.0,0.0,0.0,0.0,0.0,0.0,0.0,0.0,0.0,77.0,137
350360,2014,14.0,1.0,6.0,0.0,1.0,24.0,11.0,3.0,28.0,8.0,97.0,155
350360,2015,6.0,0.0,0.0,2.0,0.0,28.0,15.0,2.0,27.0,3.0,83.0,148
350360,2016,6.0,0.0,2.0,3.0,2.0,27.0,7.0,1.0,16.0,6.0,71.0,129
350360,2017,9.0,1.0,2.0,4.0,2.0,20.0,11.0,7.0,11.0,6.0,73.0,131
350360,2018,9.0,0.0,6.0,6.0,1.0,30.0,7.0,1.0,15.0,9.0,84.0,144
350360,2019,5.0,0.0,2.0,4.0,3.0,25.0,7.0,1.0,14.0,8.0,69.0,120
350370,2012,6.0,0.0,3.0,0.0,4.0,21.0,3.0,0.0,18.0,3.0,101.0,107
350370,2013,0.0,0.0,0.0,0.0,0.0,0.0,0.0,0.0,0.0,0.0,113.0,124
350370,2014,10.0,0.0,0.0,0.0,1.0,34.0,13.0,1.0,22.0,2.0,86.0,96
350370,2015,14.0,0.0,2.0,3.0,3.0,40.0,5.0,0.0,20.0,3.0,90.0,103
350370,2016,3.0,0.0,0.0,1.0,1.0,32.0,6.0,1.0,21.0,5.0,70.0,80
350370,2017,5.0,0.0,2.0,0.0,3.0,22.0,3.0,1.0,25.0,2.0,64.0,70
350370,2018,5.0,0.0,0.0,4.0,1.0,35.0,5.0,0.0,21.0,1.0,73.0,88
350370,2019,7.0,0.0,4.0,1.0,1.0,32.0,4.0,0.0,23.0,2.0,74.0,86
350380,2012,45.0,1.0,13.0,12.0,6.0,95.0,16.0,5.0,77.0,35.0,376.0,642
350380,2013,0.0,0.0,0.0,0.0,0.0,0.0,0.0,0.0,0.0,0.0,398.0,597
350380,2014,34.0,0.0,6.0,9.0,8.0,111.0,29.0,20.0,57.0,52.0,343.0,574
350380,2015,30.0,1.0,10.0,5.0,7.0,133.0,24.0,24.0,72.0,63.0,398.0,624
350380,2016,44.0,3.0,10.0,8.0,7.0,136.0,15.0,70.0,42.0,115.0,453.0,664
350380,2017,46.0,3.0,18.0,14.0,6.0,138.0,23.0,55.0,35.0,133.0,474.0,679
350380,2018,42.0,3.0,11.0,11.0,5.0,142.0,16.0,42.0,57.0,112.0,457.0,663
350380,2019,45.0,0.0,16.0,12.0,6.0,144.0,19.0,54.0,34.0,99.0,429.0,606
350390,2012,53.0,7.0,28.0,23.0,23.0,246.0,81.0,29.0,222.0,100.0,840.0,1355
350390,2013,0.0,0.0,0.0,0.0,0.0,0.0,0.0,0.0,0.0,0.0,831.0,1315
350390,2014,69.0,5.0,22.0,26.0,13.0,267.0,103.0,34.0,234.0,59.0,851.0,1349
350390,2015,80.0,3.0,23.0,19.0,10.0,320.0,82.0,17.0,228.0,61.0,863.0,1477
350390,2016,63.0,5.0,31.0,24.0,14.0,304.0,83.0,22.0,217.0,64.0,829.0,1446
350390,2017,50.0,5.0,14.0,25.0,11.0,271.0,92.0,21.0,210.0,82.0,783.0,1409
350390,2018,70.0,4.0,25.0,9.0,13.0,311.0,97.0,26.0,211.0,60.0,827.0,1405
350390,2019,66.0,4.0,25.0,13.0,10.0,305.0,104.0,22.0,205.0,67.0,821.0,1389
350395,2012,0.0,0.0,0.0,0.0,0.0,1.0,1.0,2.0,2.0,0.0,14.0,15
350395,2013,0.0,0.0,0.0,0.0,0.0,0.0,0.0,0.0,0.0,0.0,12.0,14
350395,2014,2.0,0.0,0.0,0.0,1.0,8.0,1.0,0.0,3.0,3.0,18.0,23
350395,2015,3.0,0.0,2.0,0.0,0.0,5.0,5.0,0.0,3.0,0.0,21.0,24
350395,2016,4.0,0.0,0.0,0.0,0.0,9.0,1.0,0.0,6.0,2.0,22.0,26
350395,2017,2.0,0.0,0.0,0.0,0.0,4.0,1.0,1.0,3.0,5.0,16.0,21
350395,2018,2.0,0.0,0.0,0.0,0.0,5.0,0.0,1.0,5.0,1.0,14.0,20
350395,2019,1.0,0.0,0.0,0.0,0.0,10.0,1.0,0.0,1.0,5.0,18.0,21
350400,2012,14.0,0.0,4.0,5.0,8.0,75.0,15.0,4.0,68.0,18.0,874.0,1219
350400,2013,0.0,0.0,0.0,0.0,0.0,0.0,0.0,0.0,0.0,0.0,924.0,1258
350400,2014,77.0,7.0,12.0,26.0,23.0,323.0,95.0,54.0,252.0,133.0,1013.0,1333
350400,2015,65.0,4.0,17.0,25.0,22.0,391.0,78.0,25.0,265.0,93.0,988.0,1314
350400,2016,65.0,4.0,32.0,18.0,16.0,363.0,92.0,20.0,244.0,70.0,924.0,1230
350400,2017,60.0,4.0,21.0,15.0,17.0,384.0,110.0,20.0,258.0,77.0,967.0,1301
350400,2018,65.0,3.0,19.0,18.0,14.0,379.0,85.0,25.0,264.0,56.0,929.0,1230
350400,2019,56.0,4.0,27.0,24.0,21.0,371.0,120.0,22.0,250.0,47.0,942.0,1203
350410,2012,138.0,2.0,28.0,40.0,41.0,373.0,39.0,42.0,222.0,187.0,1235.0,2007
350410,2013,0.0,0.0,0.0,0.0,0.0,0.0,0.0,0.0,0.0,0.0,1270.0,2040
350410,2014,102.0,5.0,22.0,24.0,27.0,371.0,86.0,68.0,237.0,184.0,1169.0,1971
350410,2015,114.0,5.0,41.0,20.0,23.0,445.0,93.0,46.0,263.0,159.0,1227.0,2090
350410,2016,111.0,3.0,46.0,26.0,15.0,471.0,102.0,62.0,264.0,174.0,1284.0,2061
350410,2017,103.0,6.0,42.0,29.0,21.0,467.0,89.0,42.0,272.0,124.0,1202.0,2078
350410,2018,114.0,2.0,57.0,22.0,18.0,515.0,104.0,57.0,314.0,114.0,1337.0,2126
350410,2019,118.0,2.0,54.0,25.0,30.0,454.0,127.0,49.0,281.0,113.0,1268.0,2089
350420,2012,19.0,0.0,3.0,0.0,1.0,40.0,15.0,0.0,53.0,4.0,153.0,176
350420,2013,0.0,0.0,0.0,0.0,0.0,0.0,0.0,0.0,0.0,0.0,128.0,144
350420,2014,12.0,0.0,8.0,2.0,3.0,44.0,21.0,5.0,61.0,8.0,176.0,186
350420,2015,14.0,0.0,2.0,3.0,2.0,41.0,19.0,4.0,42.0,16.0,160.0,176
350420,2016,10.0,0.0,6.0,1.0,3.0,51.0,11.0,1.0,43.0,5.0,132.0,147
350420,2017,17.0,1.0,2.0,3.0,6.0,52.0,13.0,2.0,56.0,5.0,157.0,171
350420,2018,11.0,0.0,3.0,0.0,1.0,45.0,7.0,1.0,43.0,6.0,117.0,140
350420,2019,19.0,0.0,3.0,1.0,2.0,53.0,8.0,1.0,34.0,7.0,129.0,153
350430,2012,3.0,0.0,0.0,1.0,1.0,7.0,1.0,0.0,7.0,2.0,31.0,73
350430,2013,0.0,0.0,0.0,0.0,0.0,0.0,0.0,0.0,0.0,0.0,40.0,79
350430,2014,1.0,0.0,2.0,2.0,0.0,16.0,5.0,4.0,10.0,0.0,41.0,71
350430,2015,2.0,0.0,3.0,1.0,0.0,12.0,1.0,0.0,9.0,0.0,28.0,70
350430,2016,0.0,0.0,0.0,1.0,2.0,16.0,3.0,1.0,3.0,0.0,26.0,63
350430,2017,2.0,0.0,2.0,3.0,2.0,7.0,3.0,0.0,11.0,0.0,30.0,60
350430,2018,2.0,0.0,3.0,1.0,0.0,14.0,2.0,1.0,5.0,2.0,31.0,58
350430,2019,2.0,0.0,2.0,1.0,0.0,10.0,2.0,0.0,10.0,1.0,28.0,58
350440,2012,13.0,0.0,4.0,2.0,1.0,31.0,6.0,3.0,15.0,12.0,112.0,140
350440,2013,0.0,0.0,0.0,0.0,0.0,0.0,0.0,0.0,0.0,0.0,137.0,155
350440,2014,18.0,0.0,4.0,1.0,1.0,32.0,10.0,5.0,31.0,14.0,116.0,135
350440,2015,22.0,0.0,1.0,2.0,1.0,45.0,5.0,2.0,28.0,11.0,121.0,153
350440,2016,17.0,0.0,0.0,2.0,1.0,40.0,5.0,4.0,23.0,9.0,102.0,151
350440,2017,17.0,0.0,0.0,1.0,0.0,53.0,8.0,4.0,22.0,18.0,124.0,157
350440,2018,12.0,0.0,4.0,1.0,2.0,57.0,9.0,4.0,12.0,17.0,118.0,147
350440,2019,16.0,0.0,6.0,0.0,1.0,40.0,3.0,5.0,16.0,12.0,99.0,127
350450,2012,35.0,1.0,18.0,15.0,17.0,163.0,16.0,17.0,87.0,74.0,544.0,1257
350450,2013,0.0,0.0,0.0,0.0,0.0,0.0,0.0,0.0,0.0,0.0,602.0,1272
350450,2014,24.0,4.0,20.0,15.0,19.0,198.0,32.0,80.0,90.0,181.0,664.0,1372
350450,2015,36.0,0.0,25.0,14.0,10.0,223.0,56.0,53.0,108.0,154.0,680.0,1374
350450,2016,30.0,6.0,32.0,14.0,13.0,197.0,48.0,55.0,132.0,142.0,670.0,1298
350450,2017,45.0,0.0,24.0,10.0,12.0,215.0,59.0,25.0,156.0,67.0,613.0,1306
350450,2018,54.0,4.0,20.0,19.0,19.0,240.0,70.0,15.0,186.0,42.0,669.0,1371
350450,2019,44.0,0.0,26.0,14.0,16.0,211.0,46.0,21.0,165.0,56.0,599.0,1185
350460,2012,19.0,0.0,7.0,2.0,5.0,45.0,5.0,3.0,40.0,12.0,162.0,199
350460,2013,0.0,0.0,0.0,0.0,0.0,0.0,0.0,0.0,0.0,0.0,189.0,217
350460,2014,19.0,0.0,2.0,5.0,3.0,62.0,14.0,11.0,53.0,16.0,186.0,225
350460,2015,10.0,0.0,2.0,1.0,3.0,83.0,15.0,3.0,64.0,20.0,201.0,240
350460,2016,18.0,0.0,0.0,3.0,8.0,62.0,10.0,6.0,50.0,18.0,175.0,215
350460,2017,22.0,0.0,0.0,5.0,3.0,73.0,15.0,8.0,37.0,32.0,195.0,238
350460,2018,10.0,1.0,6.0,5.0,7.0,90.0,8.0,6.0,50.0,31.0,214.0,277
350460,2019,16.0,0.0,6.0,1.0,4.0,110.0,14.0,6.0,51.0,26.0,234.0,307
350470,2012,2.0,0.0,0.0,0.0,1.0,4.0,1.0,0.0,1.0,0.0,12.0,14
350470,2013,0.0,0.0,0.0,0.0,0.0,0.0,0.0,0.0,0.0,0.0,17.0,18
350470,2014,0.0,0.0,0.0,0.0,0.0,0.0,0.0,3.0,3.0,2.0,8.0,12
350470,2015,1.0,0.0,0.0,0.0,0.0,4.0,0.0,2.0,2.0,3.0,14.0,15
350470,2016,0.0,0.0,0.0,0.0,0.0,5.0,0.0,2.0,3.0,1.0,13.0,16
350470,2017,3.0,0.0,0.0,0.0,0.0,4.0,0.0,1.0,3.0,1.0,12.0,15
350470,2018,3.0,0.0,2.0,1.0,0.0,3.0,0.0,2.0,1.0,0.0,14.0,15
350470,2019,0.0,0.0,0.0,0.0,0.0,1.0,0.0,0.0,2.0,0.0,3.0,8
350480,2012,6.0,0.0,2.0,1.0,3.0,28.0,3.0,0.0,29.0,4.0,89.0,102
350480,2013,0.0,0.0,0.0,0.0,0.0,0.0,0.0,0.0,0.0,0.0,76.0,91
350480,2014,8.0,0.0,2.0,2.0,2.0,21.0,3.0,1.0,17.0,3.0,60.0,69
350480,2015,8.0,0.0,4.0,1.0,0.0,31.0,7.0,2.0,14.0,12.0,79.0,95
350480,2016,3.0,0.0,0.0,0.0,1.0,27.0,2.0,0.0,16.0,9.0,58.0,67
350480,2017,12.0,1.0,4.0,0.0,0.0,26.0,3.0,0.0,19.0,11.0,76.0,85
350480,2018,10.0,0.0,0.0,2.0,1.0,25.0,4.0,1.0,13.0,12.0,68.0,82
350480,2019,4.0,0.0,4.0,0.0,3.0,39.0,4.0,2.0,8.0,15.0,79.0,93
350490,2012,2.0,0.0,4.0,0.0,0.0,14.0,2.0,0.0,10.0,3.0,45.0,85
350490,2013,0.0,0.0,0.0,0.0,0.0,0.0,0.0,0.0,0.0,0.0,58.0,92
350490,2014,5.0,0.0,2.0,0.0,0.0,22.0,4.0,4.0,11.0,8.0,58.0,82
350490,2015,2.0,0.0,0.0,0.0,1.0,26.0,2.0,3.0,9.0,12.0,57.0,90
350490,2016,4.0,0.0,0.0,2.0,1.0,26.0,8.0,0.0,14.0,9.0,64.0,90
350490,2017,5.0,0.0,2.0,1.0,0.0,21.0,7.0,3.0,9.0,8.0,57.0,94
350490,2018,4.0,0.0,0.0,1.0,0.0,26.0,3.0,1.0,13.0,9.0,57.0,82
350490,2019,5.0,0.0,4.0,1.0,1.0,27.0,3.0,4.0,8.0,13.0,66.0,88
350500,2012,0.0,0.0,0.0,0.0,0.0,7.0,2.0,0.0,4.0,2.0,15.0,36
350500,2013,0.0,0.0,0.0,0.0,0.0,0.0,0.0,0.0,0.0,0.0,22.0,42
350500,2014,1.0,0.0,0.0,2.0,0.0,7.0,4.0,2.0,3.0,3.0,22.0,52
350500,2015,1.0,0.0,0.0,1.0,0.0,8.0,1.0,3.0,0.0,2.0,16.0,44
350500,2016,3.0,0.0,0.0,0.0,0.0,6.0,1.0,0.0,7.0,5.0,25.0,54
350500,2017,1.0,0.0,0.0,3.0,1.0,5.0,4.0,0.0,8.0,2.0,25.0,57
350500,2018,2.0,0.0,0.0,1.0,1.0,6.0,5.0,0.0,7.0,1.0,23.0,43
350500,2019,1.0,0.0,2.0,0.0,1.0,4.0,2.0,0.0,5.0,1.0,16.0,30
350510,2012,5.0,0.0,2.0,0.0,0.0,15.0,2.0,3.0,13.0,9.0,66.0,85
350510,2013,0.0,0.0,0.0,0.0,0.0,0.0,0.0,0.0,0.0,0.0,60.0,84
350510,2014,7.0,0.0,5.0,1.0,1.0,17.0,3.0,7.0,15.0,12.0,73.0,88
350510,2015,8.0,0.0,0.0,1.0,2.0,26.0,7.0,5.0,17.0,10.0,82.0,100
350510,2016,5.0,1.0,2.0,0.0,1.0,21.0,2.0,3.0,12.0,14.0,63.0,88
350510,2017,11.0,0.0,2.0,2.0,0.0,19.0,5.0,2.0,18.0,10.0,69.0,93
350510,2018,10.0,0.0,2.0,1.0,0.0,33.0,5.0,4.0,12.0,13.0,80.0,97
350510,2019,8.0,0.0,0.0,0.0,0.0,26.0,1.0,3.0,15.0,13.0,66.0,83
350520,2012,4.0,0.0,5.0,0.0,0.0,6.0,1.0,0.0,8.0,3.0,272.0,411
350520,2013,0.0,0.0,0.0,0.0,0.0,0.0,0.0,0.0,0.0,0.0,358.0,423
350520,2014,26.0,0.0,10.0,6.0,4.0,63.0,27.0,15.0,77.0,26.0,302.0,396
350520,2015,21.0,0.0,5.0,5.0,4.0,99.0,44.0,29.0,58.0,29.0,344.0,407
350520,2016,20.0,2.0,18.0,7.0,3.0,86.0,35.0,13.0,90.0,31.0,349.0,402
350520,2017,20.0,2.0,10.0,10.0,4.0,103.0,28.0,22.0,63.0,29.0,342.0,401
350520,2018,33.0,4.0,5.0,5.0,7.0,109.0,28.0,26.0,66.0,44.0,353.0,412
350520,2019,36.0,0.0,10.0,9.0,3.0,105.0,30.0,23.0,66.0,39.0,354.0,403
350530,2012,24.0,2.0,5.0,2.0,0.0,62.0,8.0,3.0,57.0,15.0,318.0,409
350530,2013,0.0,0.0,0.0,0.0,0.0,0.0,0.0,0.0,0.0,0.0,270.0,360
350530,2014,16.0,2.0,4.0,3.0,1.0,77.0,17.0,8.0,73.0,22.0,235.0,326
350530,2015,16.0,1.0,6.0,1.0,5.0,89.0,19.0,4.0,62.0,21.0,254.0,334
350530,2016,24.0,3.0,7.0,4.0,6.0,70.0,16.0,5.0,62.0,18.0,241.0,315
350530,2017,14.0,2.0,10.0,6.0,3.0,72.0,21.0,7.0,69.0,19.0,236.0,298
350530,2018,27.0,1.0,5.0,8.0,5.0,96.0,19.0,7.0,74.0,34.0,276.0,350
350530,2019,25.0,4.0,8.0,2.0,8.0,86.0,34.0,9.0,66.0,23.0,265.0,311
350535,2012,1.0,0.0,0.0,1.0,1.0,9.0,2.0,0.0,5.0,6.0,33.0,68
350535,2013,0.0,0.0,0.0,0.0,0.0,0.0,0.0,0.0,0.0,0.0,48.0,79
350535,2014,3.0,1.0,0.0,1.0,0.0,12.0,3.0,7.0,5.0,8.0,40.0,70
350535,2015,3.0,0.0,2.0,0.0,0.0,14.0,5.0,1.0,7.0,2.0,34.0,72
350535,2016,2.0,0.0,0.0,1.0,2.0,14.0,5.0,0.0,5.0,10.0,39.0,67
350535,2017,5.0,0.0,2.0,3.0,0.0,17.0,2.0,8.0,14.0,16.0,67.0,88
350535,2018,4.0,0.0,2.0,0.0,1.0,16.0,4.0,7.0,11.0,15.0,60.0,84
350535,2019,2.0,0.0,4.0,2.0,0.0,18.0,3.0,2.0,5.0,17.0,53.0,74
350540,2012,1.0,0.0,0.0,0.0,0.0,2.0,0.0,0.0,4.0,0.0,20.0,94
350540,2013,0.0,0.0,0.0,0.0,0.0,0.0,0.0,0.0,0.0,0.0,24.0,92
350540,2014,1.0,0.0,0.0,1.0,0.0,3.0,1.0,0.0,5.0,1.0,13.0,63
350540,2015,4.0,0.0,2.0,1.0,0.0,8.0,1.0,3.0,5.0,1.0,25.0,83
350540,2016,3.0,0.0,1.0,1.0,1.0,10.0,4.0,0.0,6.0,1.0,27.0,91
350540,2017,0.0,0.0,0.0,1.0,1.0,8.0,7.0,1.0,3.0,0.0,21.0,76
350540,2018,2.0,0.0,0.0,2.0,1.0,9.0,2.0,1.0,10.0,0.0,28.0,83
350540,2019,2.0,0.0,0.0,0.0,0.0,6.0,0.0,3.0,9.0,2.0,22.0,88
350550,2012,96.0,0.0,34.0,9.0,3.0,244.0,41.0,15.0,202.0,64.0,1349.0,1486
350550,2013,0.0,0.0,0.0,0.0,0.0,0.0,0.0,0.0,0.0,0.0,1356.0,1493
350550,2014,139.0,1.0,28.0,22.0,20.0,525.0,96.0,80.0,291.0,240.0,1443.0,1549
350550,2015,199.0,1.0,32.0,23.0,14.0,505.0,86.0,59.0,286.0,247.0,1459.0,1623
350550,2016,180.0,2.0,23.0,19.0,5.0,444.0,112.0,13.0,377.0,50.0,1225.0,1391
350550,2017,176.0,0.0,39.0,15.0,19.0,514.0,116.0,15.0,434.0,41.0,1369.0,1579
350550,2018,134.0,0.0,34.0,18.0,15.0,540.0,79.0,15.0,310.0,75.0,1220.0,1526
350550,2019,99.0,1.0,20.0,16.0,19.0,501.0,67.0,9.0,309.0,49.0,1095.0,1435
350560,2012,27.0,0.0,6.0,8.0,9.0,75.0,16.0,5.0,42.0,14.0,241.0,475
350560,2013,0.0,0.0,0.0,0.0,0.0,0.0,0.0,0.0,0.0,0.0,224.0,437
350560,2014,19.0,0.0,6.0,9.0,8.0,64.0,26.0,4.0,46.0,24.0,233.0,476
350560,2015,22.0,0.0,4.0,5.0,11.0,72.0,15.0,6.0,54.0,36.0,242.0,498
350560,2016,21.0,3.0,15.0,13.0,9.0,71.0,12.0,14.0,41.0,33.0,235.0,472
350560,2017,22.0,2.0,4.0,5.0,4.0,94.0,25.0,10.0,43.0,33.0,243.0,470
350560,2018,20.0,1.0,6.0,5.0,5.0,105.0,23.0,12.0,55.0,28.0,260.0,491
350560,2019,15.0,0.0,6.0,4.0,4.0,89.0,26.0,13.0,51.0,27.0,235.0,428
350570,2012,505.0,14.0,123.0,62.0,59.0,843.0,178.0,64.0,901.0,208.0,3030.0,5682
350570,2013,0.0,0.0,0.0,0.0,0.0,0.0,0.0,0.0,0.0,0.0,3120.0,5788
350570,2014,243.0,7.0,78.0,120.0,115.0,996.0,324.0,64.0,936.0,140.0,3039.0,5547
350570,2015,225.0,10.0,114.0,180.0,135.0,884.0,303.0,53.0,883.0,134.0,2957.0,5666
350570,2016,207.0,5.0,116.0,188.0,134.0,989.0,283.0,63.0,784.0,131.0,2911.0,5446
350570,2017,209.0,4.0,121.0,124.0,87.0,1118.0,343.0,59.0,846.0,149.0,3061.0,5666
350570,2018,295.0,8.0,167.0,67.0,67.0,1166.0,320.0,66.0,815.0,168.0,3147.0,5779
350570,2019,286.0,6.0,144.0,87.0,55.0,1137.0,341.0,82.0,841.0,179.0,3160.0,5729
350580,2012,0.0,0.0,0.0,0.0,0.0,0.0,0.0,0.0,0.0,0.0,167.0,283
350580,2013,0.0,0.0,0.0,0.0,0.0,0.0,0.0,0.0,0.0,0.0,149.0,272
350580,2014,15.0,0.0,2.0,5.0,6.0,44.0,15.0,3.0,38.0,9.0,161.0,266
350580,2015,14.0,0.0,6.0,6.0,1.0,56.0,14.0,7.0,43.0,18.0,167.0,327
350580,2016,18.0,1.0,4.0,2.0,2.0,50.0,20.0,3.0,47.0,9.0,156.0,280
350580,2017,8.0,0.0,6.0,5.0,3.0,69.0,11.0,1.0,32.0,11.0,146.0,290
350580,2018,14.0,0.0,2.0,3.0,3.0,70.0,18.0,4.0,49.0,10.0,173.0,294
350580,2019,16.0,0.0,4.0,3.0,4.0,79.0,18.0,2.0,50.0,9.0,185.0,298
350590,2012,61.0,1.0,23.0,9.0,8.0,148.0,51.0,3.0,192.0,23.0,530.0,767
350590,2013,0.0,0.0,0.0,0.0,0.0,0.0,0.0,0.0,0.0,0.0,478.0,659
350590,2014,46.0,0.0,12.0,2.0,3.0,129.0,66.0,12.0,203.0,28.0,517.0,698
350590,2015,41.0,2.0,17.0,4.0,2.0,159.0,61.0,9.0,213.0,23.0,542.0,753
350590,2016,55.0,1.0,17.0,7.0,7.0,142.0,52.0,3.0,168.0,13.0,475.0,677
350590,2017,36.0,1.0,11.0,5.0,5.0,192.0,65.0,5.0,197.0,11.0,532.0,746
350590,2018,50.0,0.0,16.0,9.0,9.0,209.0,62.0,15.0,137.0,35.0,545.0,742
350590,2019,41.0,5.0,25.0,13.0,13.0,191.0,59.0,30.0,106.0,77.0,572.0,746
350600,2012,258.0,12.0,74.0,43.0,58.0,729.0,215.0,33.0,731.0,165.0,3317.0,4763
350600,2013,0.0,0.0,0.0,0.0,0.0,0.0,0.0,0.0,0.0,0.0,3243.0,4821
350600,2014,361.0,4.0,116.0,91.0,88.0,1110.0,378.0,22.0,1136.0,89.0,3399.0,4947
350600,2015,295.0,6.0,101.0,62.0,69.0,1172.0,321.0,48.0,1035.0,181.0,3297.0,5035
350600,2016,286.0,4.0,131.0,87.0,70.0,1084.0,267.0,48.0,844.0,184.0,3012.0,4677
350600,2017,296.0,5.0,90.0,89.0,57.0,1154.0,297.0,20.0,947.0,78.0,3037.0,4699
350600,2018,254.0,3.0,100.0,77.0,58.0,1157.0,297.0,19.0,890.0,48.0,2910.0,4634
350600,2019,254.0,2.0,118.0,97.0,69.0,1105.0,242.0,12.0,841.0,28.0,2772.0,4582
350610,2012,48.0,1.0,12.0,3.0,17.0,223.0,38.0,10.0,223.0,35.0,817.0,926
350610,2013,0.0,0.0,0.0,0.0,0.0,0.0,0.0,0.0,0.0,0.0,733.0,837
350610,2014,50.0,1.0,22.0,6.0,4.0,295.0,82.0,5.0,281.0,33.0,781.0,928
350610,2015,42.0,0.0,12.0,8.0,6.0,313.0,62.0,17.0,276.0,66.0,804.0,948
350610,2016,27.0,1.0,25.0,8.0,10.0,318.0,39.0,14.0,225.0,66.0,736.0,912
350610,2017,46.0,0.0,28.0,15.0,12.0,352.0,47.0,25.0,220.0,83.0,828.0,1012
350610,2018,68.0,2.0,12.0,15.0,12.0,290.0,32.0,25.0,135.0,102.0,693.0,930
350610,2019,40.0,1.0,20.0,11.0,14.0,323.0,31.0,32.0,121.0,109.0,702.0,918
350620,2012,3.0,0.0,3.0,1.0,0.0,11.0,2.0,1.0,9.0,6.0,41.0,45
350620,2013,0.0,0.0,0.0,0.0,0.0,0.0,0.0,0.0,0.0,0.0,27.0,36
350620,2014,2.0,0.0,0.0,1.0,0.0,12.0,4.0,0.0,7.0,3.0,32.0,38
350620,2015,2.0,0.0,0.0,0.0,0.0,10.0,1.0,0.0,8.0,3.0,25.0,37
350620,2016,2.0,0.0,2.0,1.0,1.0,13.0,4.0,2.0,3.0,2.0,32.0,34
350620,2017,1.0,0.0,0.0,1.0,0.0,7.0,0.0,1.0,5.0,1.0,16.0,26
350620,2018,5.0,0.0,0.0,0.0,0.0,7.0,0.0,1.0,6.0,1.0,20.0,26
350620,2019,3.0,0.0,0.0,0.0,0.0,15.0,1.0,1.0,7.0,2.0,29.0,34
350630,2012,0.0,0.0,0.0,1.0,0.0,3.0,0.0,0.0,4.0,3.0,64.0,121
350630,2013,0.0,0.0,0.0,0.0,0.0,0.0,0.0,0.0,0.0,0.0,74.0,123
350630,2014,10.0,0.0,2.0,3.0,6.0,8.0,2.0,5.0,8.0,12.0,82.0,123
350630,2015,5.0,0.0,4.0,1.0,2.0,28.0,2.0,8.0,17.0,20.0,91.0,148
350630,2016,7.0,0.0,4.0,3.0,1.0,21.0,1.0,7.0,19.0,18.0,81.0,126
350630,2017,15.0,1.0,4.0,2.0,2.0,36.0,5.0,8.0,6.0,19.0,99.0,148
350630,2018,9.0,0.0,2.0,1.0,2.0,30.0,5.0,5.0,16.0,19.0,90.0,134
350630,2019,5.0,0.0,4.0,3.0,0.0,38.0,7.0,9.0,23.0,9.0,99.0,150
350635,2012,56.0,2.0,19.0,12.0,14.0,162.0,44.0,22.0,130.0,53.0,534.0,956
350635,2013,0.0,0.0,0.0,0.0,0.0,0.0,0.0,0.0,0.0,0.0,474.0,896
350635,2014,37.0,3.0,10.0,15.0,7.0,170.0,59.0,11.0,138.0,32.0,485.0,961
350635,2015,53.0,2.0,9.0,12.0,8.0,182.0,50.0,15.0,130.0,35.0,504.0,981
350635,2016,51.0,0.0,18.0,11.0,12.0,188.0,49.0,15.0,125.0,51.0,520.0,1025
350635,2017,35.0,2.0,17.0,12.0,5.0,229.0,62.0,21.0,121.0,45.0,553.0,1045
350635,2018,49.0,1.0,10.0,14.0,6.0,229.0,65.0,7.0,127.0,36.0,549.0,1045
350635,2019,42.0,1.0,21.0,17.0,9.0,217.0,42.0,19.0,102.0,52.0,523.0,963
350640,2012,6.0,0.0,4.0,0.0,0.0,6.0,0.0,0.0,12.0,3.0,70.0,79
350640,2013,0.0,0.0,0.0,0.0,0.0,0.0,0.0,0.0,0.0,0.0,69.0,73
350640,2014,9.0,0.0,4.0,1.0,1.0,19.0,6.0,1.0,29.0,5.0,82.0,96
350640,2015,11.0,0.0,6.0,1.0,5.0,31.0,10.0,1.0,24.0,2.0,96.0,105
350640,2016,5.0,0.0,4.0,0.0,1.0,24.0,8.0,0.0,23.0,3.0,68.0,72
350640,2017,6.0,0.0,3.0,1.0,3.0,29.0,4.0,0.0,18.0,4.0,69.0,75
350640,2018,2.0,0.0,0.0,0.0,1.0,28.0,7.0,1.0,19.0,5.0,63.0,69
350640,2019,10.0,0.0,2.0,0.0,1.0,28.0,6.0,1.0,22.0,1.0,72.0,83
350650,2012,101.0,4.0,27.0,13.0,17.0,345.0,76.0,4.0,366.0,76.0,1150.0,1437
350650,2013,0.0,0.0,0.0,0.0,0.0,0.0,0.0,0.0,0.0,0.0,1127.0,1451
350650,2014,93.0,2.0,26.0,17.0,25.0,398.0,98.0,27.0,338.0,85.0,1120.0,1529
350650,2015,81.0,0.0,38.0,32.0,25.0,418.0,100.0,22.0,334.0,62.0,1123.0,1540
350650,2016,84.0,1.0,22.0,22.0,10.0,385.0,85.0,13.0,289.0,39.0,953.0,1363
350650,2017,68.0,2.0,32.0,22.0,25.0,404.0,79.0,16.0,301.0,81.0,1031.0,1500
350650,2018,82.0,2.0,35.0,29.0,31.0,444.0,71.0,24.0,219.0,124.0,1066.0,1512
350650,2019,61.0,1.0,33.0,31.0,19.0,390.0,86.0,16.0,224.0,74.0,938.0,1402
350660,2012,24.0,0.0,6.0,3.0,10.0,60.0,9.0,7.0,44.0,20.0,190.0,386
350660,2013,0.0,0.0,0.0,0.0,0.0,0.0,0.0,0.0,0.0,0.0,180.0,364
350660,2014,25.0,1.0,3.0,3.0,1.0,58.0,24.0,0.0,71.0,7.0,200.0,403
350660,2015,13.0,0.0,8.0,3.0,3.0,54.0,28.0,2.0,61.0,8.0,180.0,343
350660,2016,8.0,0.0,8.0,1.0,0.0,59.0,24.0,7.0,40.0,13.0,160.0,396
350660,2017,12.0,1.0,4.0,1.0,2.0,63.0,23.0,5.0,34.0,8.0,153.0,394
350660,2018,14.0,0.0,9.0,6.0,1.0,53.0,15.0,5.0,49.0,13.0,165.0,372
350660,2019,23.0,0.0,13.0,3.0,2.0,59.0,19.0,10.0,48.0,10.0,187.0,406
350670,2012,18.0,0.0,4.0,2.0,4.0,55.0,7.0,2.0,30.0,27.0,150.0,197
350670,2013,0.0,0.0,0.0,0.0,0.0,0.0,0.0,0.0,0.0,0.0,155.0,193
350670,2014,11.0,0.0,2.0,4.0,4.0,65.0,18.0,3.0,55.0,17.0,181.0,215
350670,2015,6.0,0.0,2.0,3.0,1.0,44.0,22.0,4.0,37.0,9.0,132.0,174
350670,2016,7.0,0.0,2.0,1.0,1.0,28.0,6.0,1.0,20.0,4.0,82.0,154
350670,2017,10.0,0.0,0.0,3.0,2.0,36.0,4.0,3.0,22.0,7.0,88.0,170
350670,2018,6.0,1.0,6.0,3.0,0.0,38.0,7.0,1.0,24.0,8.0,94.0,169
350670,2019,5.0,0.0,0.0,2.0,4.0,46.0,9.0,4.0,25.0,10.0,105.0,169
350680,2012,7.0,0.0,0.0,0.0,0.0,16.0,1.0,2.0,7.0,10.0,139.0,158
350680,2013,0.0,0.0,0.0,0.0,0.0,0.0,0.0,0.0,0.0,0.0,138.0,160
350680,2014,3.0,0.0,0.0,1.0,2.0,23.0,4.0,1.0,13.0,7.0,140.0,166
350680,2015,2.0,0.0,4.0,1.0,2.0,22.0,2.0,3.0,22.0,12.0,123.0,141
350680,2016,8.0,1.0,4.0,2.0,2.0,25.0,2.0,3.0,22.0,11.0,117.0,142
350680,2017,4.0,0.0,3.0,1.0,0.0,26.0,3.0,2.0,14.0,10.0,100.0,125
350680,2018,23.0,2.0,5.0,2.0,1.0,51.0,8.0,8.0,24.0,14.0,138.0,153
350680,2019,13.0,0.0,2.0,1.0,1.0,38.0,12.0,1.0,34.0,12.0,114.0,127
350690,2012,10.0,0.0,0.0,2.0,3.0,17.0,3.0,2.0,5.0,7.0,49.0,124
350690,2013,0.0,0.0,0.0,0.0,0.0,0.0,0.0,0.0,0.0,0.0,55.0,125
350690,2014,3.0,1.0,2.0,4.0,0.0,13.0,2.0,3.0,14.0,6.0,48.0,114
350690,2015,1.0,0.0,0.0,2.0,2.0,14.0,7.0,6.0,11.0,7.0,50.0,135
350690,2016,2.0,1.0,9.0,3.0,1.0,14.0,3.0,1.0,9.0,4.0,47.0,124
350690,2017,1.0,0.0,0.0,1.0,2.0,17.0,5.0,3.0,11.0,6.0,46.0,130
350690,2018,4.0,0.0,2.0,3.0,2.0,28.0,5.0,2.0,11.0,4.0,61.0,147
350690,2019,6.0,0.0,0.0,3.0,0.0,16.0,10.0,2.0,12.0,4.0,53.0,121
350700,2012,25.0,1.0,14.0,7.0,11.0,165.0,30.0,15.0,153.0,33.0,538.0,796
350700,2013,0.0,0.0,0.0,0.0,0.0,0.0,0.0,0.0,0.0,0.0,525.0,804
350700,2014,49.0,0.0,18.0,17.0,10.0,221.0,43.0,17.0,136.0,81.0,597.0,863
350700,2015,34.0,1.0,15.0,11.0,6.0,254.0,38.0,17.0,103.0,76.0,555.0,848
350700,2016,47.0,0.0,14.0,11.0,11.0,188.0,39.0,28.0,112.0,76.0,526.0,804
350700,2017,47.0,1.0,20.0,17.0,10.0,194.0,36.0,26.0,115.0,86.0,552.0,811
350700,2018,44.0,0.0,28.0,21.0,9.0,241.0,40.0,28.0,122.0,51.0,584.0,857
350700,2019,38.0,0.0,10.0,8.0,6.0,228.0,39.0,20.0,122.0,42.0,513.0,756
350710,2012,19.0,0.0,0.0,3.0,4.0,53.0,8.0,7.0,30.0,31.0,171.0,285
350710,2013,0.0,0.0,0.0,0.0,0.0,0.0,0.0,0.0,0.0,0.0,201.0,299
350710,2014,15.0,0.0,2.0,3.0,2.0,54.0,18.0,11.0,41.0,27.0,181.0,303
350710,2015,21.0,0.0,6.0,3.0,2.0,69.0,15.0,10.0,55.0,12.0,196.0,326
350710,2016,18.0,0.0,6.0,6.0,4.0,75.0,19.0,15.0,47.0,24.0,214.0,327
350710,2017,20.0,1.0,6.0,3.0,4.0,80.0,21.0,3.0,57.0,25.0,220.0,329
350710,2018,19.0,0.0,6.0,4.0,3.0,84.0,20.0,3.0,39.0,14.0,192.0,319
350710,2019,24.0,0.0,7.0,5.0,3.0,77.0,23.0,2.0,54.0,6.0,201.0,322
350715,2012,2.0,0.0,2.0,1.0,2.0,7.0,2.0,0.0,9.0,6.0,31.0,59
350715,2013,0.0,0.0,0.0,0.0,0.0,0.0,0.0,0.0,0.0,0.0,32.0,70
350715,2014,0.0,0.0,2.0,1.0,0.0,16.0,4.0,0.0,10.0,6.0,39.0,78
350715,2015,2.0,0.0,0.0,0.0,1.0,18.0,3.0,1.0,13.0,0.0,38.0,81
350715,2016,3.0,0.0,0.0,1.0,0.0,11.0,1.0,0.0,9.0,1.0,26.0,70
350715,2017,1.0,0.0,2.0,1.0,0.0,15.0,2.0,0.0,9.0,0.0,30.0,66
350715,2018,0.0,0.0,2.0,2.0,0.0,10.0,6.0,0.0,7.0,0.0,27.0,57
350715,2019,3.0,0.0,2.0,2.0,0.0,16.0,2.0,0.0,10.0,0.0,35.0,66
350720,2012,0.0,0.0,0.0,0.0,0.0,0.0,2.0,0.0,4.0,1.0,15.0,17
350720,2013,0.0,0.0,0.0,0.0,0.0,0.0,0.0,0.0,0.0,0.0,5.0,5
350720,2014,0.0,0.0,0.0,0.0,1.0,7.0,0.0,1.0,2.0,2.0,13.0,16
350720,2015,0.0,0.0,0.0,0.0,0.0,3.0,1.0,1.0,4.0,1.0,10.0,11
350720,2016,1.0,0.0,2.0,0.0,0.0,4.0,0.0,0.0,1.0,0.0,8.0,9
350720,2017,0.0,0.0,0.0,0.0,0.0,7.0,1.0,1.0,1.0,0.0,10.0,12
350720,2018,0.0,0.0,0.0,0.0,0.0,10.0,1.0,0.0,3.0,1.0,15.0,16
350720,2019,0.0,0.0,0.0,1.0,1.0,7.0,0.0,0.0,3.0,0.0,12.0,12
350730,2012,2.0,0.0,0.0,1.0,1.0,6.0,2.0,0.0,10.0,4.0,53.0,74
350730,2013,0.0,0.0,0.0,0.0,0.0,0.0,0.0,0.0,0.0,0.0,49.0,62
350730,2014,2.0,0.0,2.0,0.0,0.0,13.0,6.0,1.0,11.0,4.0,41.0,52
350730,2015,6.0,1.0,0.0,0.0,2.0,12.0,3.0,3.0,14.0,5.0,55.0,58
350730,2016,3.0,1.0,2.0,1.0,1.0,19.0,9.0,2.0,8.0,4.0,52.0,55
350730,2017,3.0,0.0,0.0,1.0,2.0,17.0,7.0,4.0,9.0,6.0,58.0,65
350730,2018,1.0,1.0,2.0,2.0,0.0,20.0,5.0,1.0,5.0,8.0,49.0,56
350730,2019,7.0,0.0,0.0,0.0,0.0,26.0,6.0,2.0,6.0,7.0,57.0,65
350740,2012,17.0,0.0,4.0,1.0,0.0,33.0,10.0,0.0,39.0,5.0,141.0,164
350740,2013,0.0,0.0,0.0,0.0,0.0,0.0,0.0,0.0,0.0,0.0,121.0,144
350740,2014,17.0,1.0,4.0,1.0,0.0,55.0,16.0,2.0,44.0,6.0,148.0,168
350740,2015,13.0,0.0,2.0,0.0,0.0,41.0,11.0,3.0,38.0,4.0,122.0,141
350740,2016,13.0,1.0,0.0,4.0,3.0,55.0,11.0,0.0,25.0,12.0,125.0,151
350740,2017,13.0,0.0,2.0,1.0,0.0,60.0,17.0,2.0,38.0,9.0,142.0,163
350740,2018,10.0,0.0,0.0,0.0,2.0,54.0,9.0,6.0,24.0,15.0,120.0,141
350740,2019,8.0,0.0,5.0,1.0,0.0,57.0,9.0,2.0,32.0,6.0,120.0,139
350745,2012,0.0,0.0,0.0,0.0,0.0,8.0,0.0,0.0,3.0,3.0,21.0,31
350745,2013,0.0,0.0,0.0,0.0,0.0,0.0,0.0,0.0,0.0,0.0,25.0,30
350745,2014,2.0,0.0,2.0,0.0,1.0,9.0,5.0,2.0,6.0,8.0,35.0,42
350745,2015,2.0,0.0,0.0,0.0,1.0,12.0,0.0,0.0,5.0,11.0,31.0,45
350745,2016,1.0,0.0,0.0,0.0,0.0,10.0,3.0,0.0,5.0,0.0,19.0,30
350745,2017,2.0,0.0,2.0,1.0,0.0,13.0,5.0,0.0,2.0,3.0,28.0,43
350745,2018,0.0,0.0,0.0,0.0,0.0,5.0,2.0,1.0,3.0,2.0,13.0,28
350745,2019,1.0,0.0,0.0,0.0,0.0,6.0,0.0,0.0,3.0,0.0,10.0,22
350750,2012,103.0,23.0,17.0,47.0,48.0,241.0,55.0,62.0,225.0,122.0,947.0,1690
350750,2013,0.0,0.0,0.0,0.0,0.0,0.0,0.0,0.0,0.0,0.0,984.0,1655
350750,2014,83.0,13.0,31.0,49.0,44.0,314.0,103.0,41.0,320.0,94.0,1092.0,1877
350750,2015,94.0,9.0,37.0,33.0,26.0,284.0,95.0,32.0,292.0,88.0,990.0,1901
350750,2016,80.0,7.0,26.0,24.0,26.0,281.0,90.0,38.0,228.0,89.0,889.0,1724
350750,2017,83.0,16.0,34.0,30.0,16.0,286.0,93.0,35.0,245.0,106.0,944.0,1715
350750,2018,85.0,13.0,25.0,39.0,34.0,282.0,132.0,36.0,284.0,78.0,1008.0,1818
350750,2019,78.0,7.0,34.0,46.0,38.0,297.0,88.0,31.0,259.0,75.0,953.0,1722
350760,2012,126.0,4.0,47.0,15.0,22.0,382.0,73.0,63.0,301.0,258.0,1516.0,2119
350760,2013,0.0,0.0,0.0,0.0,0.0,0.0,0.0,0.0,0.0,0.0,1451.0,2047
350760,2014,116.0,9.0,54.0,40.0,23.0,460.0,98.0,63.0,357.0,197.0,1521.0,2214
350760,2015,142.0,4.0,44.0,29.0,25.0,517.0,112.0,69.0,345.0,240.0,1553.0,2258
350760,2016,148.0,5.0,40.0,24.0,25.0,465.0,115.0,84.0,350.0,258.0,1516.0,2173
350760,2017,156.0,3.0,54.0,22.0,21.0,515.0,138.0,76.0,355.0,206.0,1550.0,2224
350760,2018,143.0,8.0,57.0,26.0,18.0,609.0,147.0,47.0,354.0,172.0,1584.0,2271
350760,2019,146.0,2.0,41.0,27.0,27.0,550.0,143.0,29.0,429.0,117.0,1512.0,2116
350770,2012,5.0,0.0,2.0,0.0,2.0,11.0,1.0,1.0,8.0,1.0,41.0,65
350770,2013,0.0,0.0,0.0,0.0,0.0,0.0,0.0,0.0,0.0,0.0,53.0,64
350770,2014,8.0,0.0,0.0,1.0,0.0,19.0,5.0,1.0,16.0,8.0,61.0,74
350770,2015,9.0,0.0,2.0,0.0,0.0,16.0,3.0,1.0,16.0,4.0,53.0,66
350770,2016,6.0,0.0,3.0,0.0,1.0,18.0,5.0,1.0,8.0,1.0,43.0,64
350770,2017,6.0,0.0,2.0,1.0,0.0,31.0,6.0,1.0,12.0,3.0,62.0,75
350770,2018,5.0,0.0,3.0,1.0,0.0,29.0,3.0,3.0,16.0,4.0,64.0,77
350770,2019,3.0,0.0,0.0,0.0,1.0,18.0,3.0,2.0,12.0,6.0,46.0,65
350775,2012,1.0,1.0,2.0,0.0,0.0,7.0,2.0,1.0,6.0,1.0,24.0,38
350775,2013,0.0,0.0,0.0,0.0,0.0,0.0,0.0,0.0,0.0,0.0,22.0,27
350775,2014,2.0,0.0,2.0,0.0,0.0,4.0,3.0,0.0,7.0,1.0,19.0,24
350775,2015,3.0,0.0,0.0,0.0,0.0,7.0,3.0,1.0,14.0,0.0,28.0,37
350775,2016,3.0,0.0,0.0,0.0,2.0,7.0,4.0,1.0,6.0,0.0,23.0,31
350775,2017,1.0,0.0,0.0,1.0,0.0,16.0,4.0,0.0,6.0,2.0,30.0,35
350775,2018,2.0,0.0,0.0,0.0,0.0,5.0,3.0,1.0,4.0,2.0,17.0,23
350775,2019,2.0,1.0,0.0,0.0,0.0,10.0,3.0,0.0,4.0,1.0,21.0,27
350780,2012,16.0,3.0,4.0,4.0,6.0,46.0,10.0,4.0,53.0,21.0,171.0,294
350780,2013,0.0,0.0,0.0,0.0,0.0,0.0,0.0,0.0,0.0,0.0,160.0,287
350780,2014,16.0,0.0,4.0,3.0,5.0,64.0,19.0,4.0,53.0,12.0,181.0,308
350780,2015,12.0,3.0,7.0,4.0,5.0,37.0,12.0,2.0,46.0,16.0,147.0,285
350780,2016,11.0,0.0,3.0,3.0,5.0,57.0,11.0,6.0,32.0,9.0,142.0,287
350780,2017,13.0,1.0,10.0,5.0,4.0,46.0,17.0,5.0,51.0,24.0,176.0,330
350780,2018,12.0,0.0,9.0,6.0,7.0,72.0,21.0,8.0,25.0,23.0,183.0,335
350780,2019,11.0,2.0,8.0,2.0,7.0,63.0,14.0,11.0,30.0,18.0,168.0,311
350790,2012,4.0,0.0,0.0,0.0,3.0,19.0,3.0,5.0,16.0,18.0,179.0,307
350790,2013,0.0,0.0,0.0,0.0,0.0,0.0,0.0,0.0,0.0,0.0,170.0,293
350790,2014,17.0,1.0,6.0,6.0,7.0,29.0,9.0,2.0,28.0,24.0,144.0,283
350790,2015,17.0,0.0,8.0,6.0,3.0,63.0,23.0,12.0,33.0,30.0,199.0,330
350790,2016,14.0,1.0,5.0,4.0,2.0,50.0,8.0,10.0,33.0,25.0,158.0,293
350790,2017,19.0,0.0,5.0,7.0,3.0,58.0,7.0,7.0,18.0,27.0,153.0,273
350790,2018,30.0,1.0,2.0,3.0,11.0,69.0,10.0,11.0,39.0,25.0,201.0,334
350790,2019,28.0,0.0,0.0,7.0,4.0,57.0,8.0,6.0,28.0,22.0,160.0,300
350800,2012,16.0,0.0,5.0,0.0,1.0,62.0,20.0,5.0,52.0,4.0,166.0,333
350800,2013,0.0,0.0,0.0,0.0,0.0,0.0,0.0,0.0,0.0,0.0,151.0,298
350800,2014,9.0,0.0,4.0,1.0,3.0,63.0,19.0,2.0,30.0,13.0,144.0,299
350800,2015,10.0,0.0,7.0,4.0,3.0,59.0,22.0,1.0,40.0,5.0,151.0,324
350800,2016,10.0,0.0,4.0,0.0,1.0,67.0,17.0,1.0,40.0,6.0,146.0,307
350800,2017,11.0,0.0,5.0,9.0,2.0,59.0,11.0,3.0,41.0,7.0,149.0,304
350800,2018,13.0,0.0,2.0,12.0,2.0,72.0,17.0,3.0,33.0,6.0,160.0,340
350800,2019,16.0,1.0,10.0,6.0,1.0,62.0,18.0,3.0,26.0,7.0,150.0,301
350810,2012,15.0,2.0,0.0,3.0,2.0,57.0,13.0,2.0,47.0,10.0,164.0,229
350810,2013,0.0,0.0,0.0,0.0,0.0,0.0,0.0,0.0,0.0,0.0,143.0,220
350810,2014,12.0,0.0,2.0,1.0,0.0,48.0,19.0,5.0,53.0,7.0,148.0,217
350810,2015,10.0,0.0,4.0,3.0,1.0,66.0,19.0,3.0,34.0,9.0,150.0,217
350810,2016,8.0,0.0,2.0,1.0,1.0,44.0,16.0,5.0,46.0,4.0,129.0,179
350810,2017,16.0,0.0,3.0,3.0,2.0,51.0,12.0,1.0,42.0,9.0,139.0,179
350810,2018,19.0,0.0,3.0,1.0,2.0,67.0,17.0,4.0,39.0,5.0,157.0,206
350810,2019,16.0,0.0,2.0,1.0,1.0,66.0,20.0,2.0,33.0,10.0,152.0,202
350820,2012,5.0,0.0,0.0,0.0,0.0,12.0,3.0,1.0,8.0,2.0,31.0,38
350820,2013,0.0,0.0,0.0,0.0,0.0,0.0,0.0,0.0,0.0,0.0,40.0,48
350820,2014,4.0,0.0,0.0,0.0,3.0,12.0,2.0,0.0,16.0,2.0,40.0,47
350820,2015,6.0,1.0,0.0,2.0,1.0,17.0,3.0,0.0,12.0,1.0,44.0,54
350820,2016,0.0,0.0,0.0,0.0,2.0,15.0,7.0,0.0,21.0,0.0,45.0,53
350820,2017,3.0,0.0,0.0,0.0,1.0,15.0,1.0,0.0,9.0,0.0,33.0,41
350820,2018,4.0,0.0,0.0,1.0,0.0,20.0,0.0,0.0,11.0,1.0,37.0,44
350820,2019,4.0,1.0,0.0,0.0,2.0,16.0,2.0,0.0,12.0,1.0,38.0,48
350830,2012,7.0,0.0,2.0,2.0,3.0,9.0,0.0,0.0,9.0,2.0,44.0,75
350830,2013,0.0,0.0,0.0,0.0,0.0,0.0,0.0,0.0,0.0,0.0,36.0,66
350830,2014,0.0,0.0,2.0,1.0,2.0,8.0,4.0,0.0,8.0,7.0,32.0,62
350830,2015,0.0,0.0,2.0,0.0,1.0,12.0,4.0,0.0,7.0,0.0,26.0,52
350830,2016,2.0,0.0,0.0,1.0,0.0,14.0,2.0,4.0,4.0,4.0,31.0,54
350830,2017,3.0,0.0,0.0,2.0,1.0,9.0,5.0,1.0,8.0,2.0,31.0,59
350830,2018,2.0,0.0,2.0,0.0,0.0,15.0,1.0,0.0,9.0,1.0,30.0,60
350830,2019,2.0,0.0,2.0,1.0,0.0,15.0,2.0,2.0,8.0,1.0,33.0,56
350840,2012,36.0,4.0,14.0,8.0,5.0,104.0,26.0,22.0,87.0,63.0,404.0,734
350840,2013,0.0,0.0,0.0,0.0,0.0,0.0,0.0,0.0,0.0,0.0,379.0,669
350840,2014,26.0,0.0,12.0,6.0,4.0,135.0,48.0,12.0,87.0,29.0,361.0,731
350840,2015,35.0,0.0,8.0,6.0,8.0,154.0,38.0,19.0,89.0,50.0,408.0,817
350840,2016,38.0,4.0,10.0,10.0,19.0,159.0,33.0,14.0,83.0,46.0,417.0,791
350840,2017,27.0,2.0,12.0,15.0,12.0,144.0,54.0,12.0,102.0,34.0,415.0,782
350840,2018,35.0,0.0,10.0,14.0,6.0,155.0,33.0,20.0,88.0,31.0,392.0,764
350840,2019,34.0,1.0,8.0,12.0,8.0,137.0,41.0,9.0,93.0,21.0,364.0,714
350850,2012,26.0,1.0,6.0,3.0,11.0,27.0,1.0,1.0,7.0,10.0,1038.0,1316
350850,2013,0.0,0.0,0.0,0.0,0.0,0.0,0.0,0.0,0.0,0.0,966.0,1268
350850,2014,78.0,1.0,25.0,18.0,20.0,348.0,90.0,16.0,260.0,76.0,948.0,1302
350850,2015,85.0,2.0,19.0,16.0,12.0,384.0,73.0,9.0,265.0,75.0,943.0,1330
350850,2016,65.0,1.0,28.0,12.0,6.0,326.0,66.0,20.0,229.0,52.0,809.0,1194
350850,2017,63.0,2.0,16.0,18.0,20.0,358.0,72.0,19.0,219.0,50.0,841.0,1263
350850,2018,70.0,0.0,9.0,13.0,16.0,372.0,75.0,12.0,215.0,56.0,844.0,1306
350850,2019,67.0,0.0,21.0,16.0,9.0,387.0,64.0,16.0,180.0,54.0,815.0,1242
350860,2012,21.0,1.0,3.0,4.0,5.0,84.0,8.0,5.0,58.0,32.0,374.0,420
350860,2013,0.0,0.0,0.0,0.0,0.0,0.0,0.0,0.0,0.0,0.0,363.0,415
350860,2014,11.0,0.0,6.0,10.0,7.0,109.0,9.0,9.0,83.0,26.0,287.0,357
350860,2015,17.0,0.0,6.0,3.0,5.0,145.0,10.0,13.0,70.0,41.0,328.0,388
350860,2016,24.0,0.0,16.0,2.0,2.0,128.0,16.0,7.0,60.0,36.0,320.0,402
350860,2017,21.0,0.0,5.0,3.0,9.0,150.0,18.0,6.0,86.0,23.0,331.0,404
350860,2018,23.0,0.0,12.0,9.0,7.0,137.0,11.0,6.0,64.0,16.0,295.0,424
350860,2019,25.0,3.0,9.0,5.0,5.0,124.0,18.0,5.0,51.0,34.0,281.0,387
350870,2012,8.0,0.0,5.0,1.0,4.0,29.0,7.0,3.0,15.0,6.0,138.0,190
350870,2013,0.0,0.0,0.0,0.0,0.0,0.0,0.0,0.0,0.0,0.0,133.0,176
350870,2014,5.0,0.0,8.0,1.0,4.0,42.0,28.0,3.0,51.0,6.0,151.0,181
350870,2015,10.0,1.0,0.0,3.0,4.0,44.0,21.0,8.0,51.0,9.0,153.0,199
350870,2016,12.0,0.0,4.0,1.0,3.0,66.0,16.0,2.0,46.0,10.0,160.0,192
350870,2017,8.0,0.0,6.0,1.0,1.0,62.0,26.0,3.0,52.0,2.0,161.0,212
350870,2018,7.0,0.0,11.0,3.0,2.0,68.0,21.0,3.0,57.0,6.0,179.0,219
350870,2019,7.0,0.0,0.0,6.0,1.0,62.0,23.0,1.0,56.0,2.0,158.0,201
350880,2012,7.0,1.0,3.0,1.0,4.0,15.0,0.0,3.0,14.0,7.0,199.0,254
350880,2013,0.0,0.0,0.0,0.0,0.0,0.0,0.0,0.0,0.0,0.0,213.0,245
350880,2014,8.0,0.0,6.0,1.0,1.0,10.0,1.0,0.0,10.0,7.0,176.0,207
350880,2015,8.0,0.0,6.0,1.0,1.0,17.0,6.0,1.0,6.0,7.0,196.0,235
350880,2016,9.0,0.0,4.0,1.0,0.0,20.0,4.0,0.0,12.0,2.0,197.0,225
350880,2017,8.0,0.0,4.0,0.0,0.0,20.0,2.0,0.0,13.0,7.0,196.0,229
350880,2018,9.0,0.0,4.0,2.0,3.0,24.0,5.0,2.0,13.0,4.0,201.0,233
350880,2019,11.0,0.0,6.0,2.0,1.0,33.0,3.0,3.0,20.0,5.0,212.0,245
350890,2012,3.0,0.0,2.0,0.0,0.0,10.0,0.0,3.0,3.0,8.0,39.0,44
350890,2013,0.0,0.0,0.0,0.0,0.0,0.0,0.0,0.0,0.0,0.0,37.0,47
350890,2014,4.0,0.0,0.0,0.0,0.0,19.0,0.0,2.0,6.0,10.0,41.0,48
350890,2015,4.0,0.0,2.0,1.0,1.0,8.0,1.0,2.0,4.0,4.0,29.0,35
350890,2016,1.0,0.0,0.0,0.0,0.0,14.0,2.0,3.0,3.0,1.0,24.0,28
350890,2017,2.0,0.0,0.0,0.0,0.0,17.0,4.0,0.0,9.0,3.0,35.0,41
350890,2018,4.0,0.0,0.0,2.0,3.0,13.0,3.0,1.0,6.0,0.0,32.0,42
350890,2019,5.0,0.0,0.0,1.0,0.0,15.0,2.0,2.0,2.0,0.0,28.0,38
350900,2012,70.0,4.0,21.0,20.0,17.0,181.0,73.0,4.0,250.0,37.0,830.0,1310
350900,2013,0.0,0.0,0.0,0.0,0.0,0.0,0.0,0.0,0.0,0.0,872.0,1351
350900,2014,83.0,10.0,26.0,20.0,20.0,261.0,87.0,28.0,234.0,75.0,857.0,1398
350900,2015,82.0,4.0,32.0,28.0,16.0,278.0,66.0,34.0,183.0,86.0,816.0,1426
350900,2016,88.0,5.0,27.0,19.0,12.0,267.0,79.0,20.0,218.0,54.0,792.0,1414
350900,2017,60.0,2.0,23.0,15.0,18.0,332.0,79.0,23.0,204.0,44.0,800.0,1458
350900,2018,78.0,1.0,36.0,20.0,19.0,315.0,76.0,19.0,173.0,66.0,803.0,1424
350900,2019,60.0,2.0,16.0,30.0,18.0,294.0,73.0,31.0,165.0,60.0,749.0,1367
350910,2012,1.0,0.0,2.0,0.0,0.0,6.0,0.0,0.0,2.0,8.0,23.0,38
350910,2013,0.0,0.0,0.0,0.0,0.0,0.0,0.0,0.0,0.0,0.0,27.0,40
350910,2014,2.0,0.0,0.0,1.0,0.0,10.0,0.0,6.0,1.0,14.0,34.0,43
350910,2015,1.0,0.0,3.0,1.0,0.0,11.0,1.0,5.0,0.0,10.0,33.0,38
350910,2016,4.0,0.0,0.0,0.0,0.0,16.0,2.0,10.0,1.0,10.0,43.0,49
350910,2017,4.0,0.0,0.0,0.0,0.0,11.0,2.0,5.0,2.0,15.0,39.0,47
350910,2018,4.0,0.0,0.0,1.0,0.0,14.0,1.0,3.0,0.0,17.0,40.0,48
350910,2019,1.0,0.0,0.0,0.0,0.0,20.0,0.0,0.0,3.0,6.0,30.0,43
350920,2012,67.0,3.0,10.0,12.0,10.0,176.0,29.0,8.0,120.0,114.0,590.0,1150
350920,2013,0.0,0.0,0.0,0.0,0.0,0.0,0.0,0.0,0.0,0.0,630.0,1102
350920,2014,72.0,1.0,18.0,17.0,11.0,215.0,47.0,54.0,161.0,91.0,689.0,1208
350920,2015,52.0,2.0,16.0,18.0,16.0,231.0,71.0,60.0,154.0,106.0,732.0,1304
350920,2016,56.0,4.0,12.0,10.0,15.0,261.0,54.0,56.0,157.0,115.0,746.0,1302
350920,2017,58.0,4.0,14.0,25.0,15.0,259.0,68.0,63.0,141.0,119.0,766.0,1331
350920,2018,51.0,3.0,17.0,16.0,8.0,260.0,64.0,33.0,143.0,92.0,688.0,1246
350920,2019,60.0,2.0,32.0,19.0,13.0,300.0,80.0,36.0,179.0,70.0,791.0,1332
350925,2012,3.0,2.0,5.0,3.0,2.0,9.0,3.0,3.0,9.0,9.0,151.0,493
350925,2013,0.0,0.0,0.0,0.0,0.0,0.0,0.0,0.0,0.0,0.0,184.0,457
350925,2014,22.0,1.0,5.0,9.0,3.0,58.0,15.0,11.0,34.0,25.0,184.0,506
350925,2015,13.0,0.0,4.0,6.0,7.0,40.0,17.0,5.0,26.0,19.0,139.0,470
350925,2016,7.0,1.0,9.0,13.0,8.0,55.0,11.0,7.0,27.0,4.0,143.0,480
350925,2017,15.0,1.0,5.0,12.0,3.0,60.0,27.0,6.0,31.0,6.0,166.0,497
350925,2018,6.0,3.0,4.0,3.0,8.0,57.0,22.0,4.0,36.0,7.0,151.0,466
350925,2019,12.0,2.0,7.0,8.0,11.0,58.0,19.0,4.0,22.0,5.0,149.0,431
350930,2012,11.0,0.0,0.0,2.0,1.0,20.0,7.0,0.0,17.0,0.0,103.0,116
350930,2013,0.0,0.0,0.0,0.0,0.0,0.0,0.0,0.0,0.0,0.0,100.0,108
350930,2014,15.0,0.0,4.0,7.0,2.0,29.0,15.0,0.0,32.0,0.0,104.0,114
350930,2015,26.0,0.0,4.0,2.0,2.0,48.0,12.0,1.0,27.0,1.0,126.0,137
350930,2016,11.0,0.0,0.0,0.0,0.0,39.0,8.0,0.0,26.0,0.0,85.0,92
350930,2017,14.0,0.0,4.0,2.0,1.0,28.0,9.0,0.0,23.0,5.0,86.0,96
350930,2018,15.0,0.0,0.0,0.0,1.0,29.0,3.0,0.0,18.0,3.0,69.0,92
350930,2019,9.0,0.0,4.0,0.0,2.0,37.0,9.0,1.0,25.0,4.0,91.0,114
350940,2012,69.0,1.0,8.0,2.0,5.0,72.0,22.0,3.0,106.0,19.0,318.0,369
350940,2013,0.0,0.0,0.0,0.0,0.0,0.0,0.0,0.0,0.0,0.0,288.0,362
350940,2014,38.0,0.0,11.0,3.0,3.0,104.0,32.0,1.0,96.0,8.0,322.0,371
350940,2015,36.0,0.0,2.0,6.0,2.0,101.0,31.0,3.0,88.0,8.0,321.0,380
350940,2016,43.0,0.0,9.0,8.0,4.0,86.0,35.0,4.0,93.0,5.0,298.0,361
350940,2017,46.0,0.0,7.0,4.0,1.0,108.0,24.0,4.0,80.0,9.0,299.0,341
350940,2018,31.0,0.0,0.0,5.0,7.0,148.0,18.0,0.0,102.0,1.0,312.0,357
350940,2019,43.0,1.0,1.0,1.0,2.0,107.0,36.0,1.0,97.0,5.0,294.0,324
350945,2012,5.0,0.0,0.0,0.0,1.0,22.0,6.0,1.0,20.0,3.0,62.0,76
350945,2013,0.0,0.0,0.0,0.0,0.0,0.0,0.0,0.0,0.0,0.0,54.0,71
350945,2014,0.0,0.0,2.0,1.0,1.0,14.0,10.0,3.0,19.0,5.0,55.0,71
350945,2015,2.0,1.0,0.0,3.0,1.0,17.0,5.0,4.0,9.0,12.0,54.0,75
350945,2016,1.0,0.0,2.0,0.0,1.0,18.0,6.0,3.0,14.0,7.0,52.0,80
350945,2017,6.0,0.0,3.0,1.0,0.0,18.0,4.0,0.0,10.0,5.0,47.0,75
350945,2018,5.0,1.0,4.0,1.0,0.0,21.0,1.0,6.0,7.0,6.0,52.0,95
350945,2019,4.0,0.0,4.0,2.0,1.0,13.0,5.0,0.0,4.0,2.0,35.0,66
350950,2012,1069.0,13.0,321.0,232.0,292.0,2910.0,616.0,137.0,3358.0,844.0,9915.0,15128
350950,2013,0.0,0.0,0.0,0.0,0.0,0.0,0.0,0.0,0.0,0.0,10334.0,15346
350950,2014,1062.0,27.0,410.0,291.0,257.0,3163.0,944.0,382.0,2777.0,1169.0,10688.0,15997
350950,2015,876.0,25.0,410.0,255.0,255.0,3289.0,837.0,491.0,2422.0,1371.0,10448.0,16196
350950,2016,930.0,15.0,350.0,157.0,154.0,3107.0,370.0,891.0,1103.0,2527.0,9695.0,15159
350950,2017,918.0,27.0,375.0,215.0,199.0,3331.0,418.0,833.0,1132.0,2212.0,9708.0,15433
350950,2018,860.0,12.0,385.0,243.0,200.0,3365.0,340.0,653.0,1057.0,1952.0,9144.0,15060
350950,2019,880.0,18.0,348.0,161.0,160.0,3167.0,468.0,712.0,1033.0,1818.0,8765.0,14583
350960,2012,80.0,5.0,21.0,10.0,15.0,202.0,32.0,17.0,151.0,58.0,620.0,1252
350960,2013,0.0,0.0,0.0,0.0,0.0,0.0,0.0,0.0,0.0,0.0,643.0,1185
350960,2014,45.0,3.0,19.0,13.0,8.0,190.0,70.0,19.0,198.0,72.0,645.0,1212
350960,2015,48.0,1.0,13.0,5.0,14.0,265.0,78.0,25.0,143.0,72.0,664.0,1224
350960,2016,52.0,3.0,18.0,17.0,10.0,198.0,60.0,14.0,167.0,47.0,591.0,1095
350960,2017,55.0,2.0,22.0,14.0,10.0,223.0,58.0,20.0,137.0,64.0,606.0,1057
350960,2018,47.0,1.0,9.0,6.0,7.0,233.0,53.0,28.0,145.0,52.0,581.0,1018
350960,2019,44.0,0.0,23.0,12.0,12.0,189.0,64.0,26.0,99.0,53.0,523.0,943
350970,2012,27.0,4.0,6.0,7.0,5.0,67.0,12.0,10.0,72.0,28.0,431.0,725
350970,2013,0.0,0.0,0.0,0.0,0.0,0.0,0.0,0.0,0.0,0.0,477.0,725
350970,2014,62.0,0.0,14.0,6.0,7.0,143.0,57.0,20.0,160.0,56.0,529.0,725
350970,2015,68.0,0.0,17.0,6.0,2.0,167.0,92.0,10.0,200.0,23.0,585.0,758
350970,2016,67.0,1.0,13.0,7.0,4.0,204.0,97.0,10.0,170.0,32.0,606.0,762
350970,2017,57.0,0.0,16.0,4.0,3.0,196.0,87.0,4.0,154.0,19.0,540.0,767
350970,2018,56.0,2.0,11.0,6.0,4.0,207.0,82.0,6.0,173.0,12.0,559.0,762
350970,2019,38.0,4.0,12.0,8.0,3.0,219.0,61.0,16.0,136.0,32.0,529.0,724
350980,2012,0.0,0.0,0.0,0.0,0.0,1.0,0.0,0.0,0.0,0.0,26.0,53
350980,2013,0.0,0.0,0.0,0.0,0.0,0.0,0.0,0.0,0.0,0.0,39.0,73
350980,2014,4.0,0.0,1.0,1.0,0.0,9.0,7.0,2.0,13.0,2.0,40.0,59
350980,2015,1.0,0.0,2.0,0.0,0.0,16.0,2.0,1.0,9.0,3.0,36.0,55
350980,2016,3.0,0.0,3.0,0.0,0.0,9.0,5.0,1.0,16.0,3.0,40.0,53
350980,2017,1.0,0.0,0.0,3.0,3.0,18.0,8.0,1.0,13.0,2.0,49.0,77
350980,2018,4.0,0.0,0.0,1.0,1.0,16.0,2.0,0.0,9.0,3.0,36.0,59
350980,2019,5.0,0.0,1.0,1.0,2.0,20.0,5.0,1.0,7.0,1.0,43.0,64
350990,2012,2.0,1.0,2.0,1.0,0.0,4.0,2.0,0.0,0.0,2.0,44.0,168
350990,2013,0.0,0.0,0.0,0.0,0.0,0.0,0.0,0.0,0.0,0.0,58.0,170
350990,2014,2.0,0.0,4.0,0.0,1.0,20.0,6.0,2.0,22.0,2.0,62.0,183
350990,2015,2.0,1.0,1.0,5.0,0.0,15.0,6.0,2.0,7.0,8.0,48.0,212
350990,2016,3.0,0.0,2.0,6.0,0.0,15.0,5.0,3.0,7.0,4.0,45.0,170
350990,2017,3.0,0.0,4.0,1.0,2.0,21.0,3.0,0.0,7.0,1.0,42.0,190
350990,2018,0.0,1.0,1.0,2.0,0.0,10.0,5.0,2.0,13.0,5.0,42.0,182
350990,2019,2.0,1.0,2.0,5.0,1.0,18.0,7.0,5.0,9.0,4.0,54.0,174
350995,2012,1.0,0.0,1.0,0.0,0.0,6.0,3.0,0.0,13.0,1.0,52.0,59
350995,2013,0.0,0.0,0.0,0.0,0.0,0.0,0.0,0.0,0.0,0.0,78.0,85
350995,2014,7.0,0.0,3.0,2.0,0.0,29.0,6.0,0.0,18.0,2.0,74.0,87
350995,2015,3.0,0.0,0.0,1.0,0.0,28.0,3.0,5.0,13.0,8.0,66.0,81
350995,2016,4.0,0.0,4.0,0.0,0.0,30.0,2.0,2.0,11.0,6.0,63.0,78
350995,2017,9.0,0.0,0.0,2.0,1.0,32.0,6.0,0.0,14.0,9.0,76.0,85
350995,2018,5.0,0.0,4.0,3.0,1.0,25.0,1.0,0.0,10.0,1.0,54.0,83
350995,2019,2.0,0.0,0.0,0.0,1.0,26.0,1.0,4.0,11.0,6.0,51.0,72
351000,2012,2.0,0.0,0.0,0.0,2.0,4.0,0.0,0.0,6.0,2.0,213.0,341
351000,2013,0.0,0.0,0.0,0.0,0.0,0.0,0.0,0.0,0.0,0.0,203.0,322
351000,2014,20.0,0.0,4.0,2.0,2.0,73.0,24.0,2.0,50.0,27.0,206.0,297
351000,2015,15.0,0.0,12.0,4.0,4.0,79.0,25.0,1.0,58.0,20.0,219.0,334
351000,2016,17.0,0.0,4.0,3.0,5.0,88.0,15.0,4.0,58.0,15.0,209.0,303
351000,2017,14.0,0.0,4.0,4.0,3.0,96.0,18.0,3.0,73.0,22.0,237.0,337
351000,2018,22.0,0.0,8.0,3.0,5.0,82.0,10.0,9.0,69.0,22.0,230.0,322
351000,2019,25.0,0.0,14.0,3.0,8.0,86.0,20.0,7.0,69.0,20.0,253.0,338
351010,2012,2.0,0.0,0.0,0.0,0.0,2.0,0.0,1.0,5.0,2.0,14.0,16
351010,2013,0.0,0.0,0.0,0.0,0.0,0.0,0.0,0.0,0.0,0.0,30.0,31
351010,2014,2.0,0.0,0.0,1.0,0.0,3.0,1.0,0.0,8.0,1.0,18.0,19
351010,2015,2.0,1.0,0.0,0.0,1.0,4.0,2.0,0.0,8.0,2.0,21.0,21
351010,2016,1.0,0.0,0.0,1.0,0.0,7.0,0.0,0.0,4.0,0.0,16.0,20
351010,2017,0.0,0.0,0.0,0.0,0.0,4.0,2.0,0.0,5.0,1.0,14.0,15
351010,2018,6.0,0.0,0.0,2.0,0.0,5.0,4.0,0.0,8.0,2.0,28.0,29
351010,2019,6.0,0.0,0.0,0.0,1.0,7.0,4.0,1.0,7.0,2.0,29.0,30
351015,2012,6.0,0.0,0.0,0.0,0.0,6.0,2.0,1.0,3.0,1.0,35.0,57
351015,2013,0.0,0.0,0.0,0.0,0.0,0.0,0.0,0.0,0.0,0.0,32.0,66
351015,2014,1.0,0.0,0.0,0.0,0.0,2.0,1.0,1.0,0.0,4.0,38.0,62
351015,2015,1.0,0.0,0.0,0.0,0.0,11.0,0.0,0.0,2.0,2.0,46.0,65
351015,2016,3.0,0.0,0.0,1.0,1.0,16.0,3.0,3.0,7.0,4.0,38.0,64
351015,2017,3.0,0.0,3.0,0.0,1.0,12.0,2.0,4.0,10.0,5.0,40.0,70
351015,2018,3.0,0.0,2.0,1.0,0.0,12.0,5.0,3.0,3.0,12.0,41.0,67
351015,2019,7.0,0.0,2.0,0.0,1.0,23.0,6.0,4.0,9.0,3.0,55.0,73
351020,2012,33.0,0.0,14.0,6.0,14.0,117.0,27.0,16.0,127.0,34.0,468.0,679
351020,2013,0.0,0.0,0.0,0.0,0.0,0.0,0.0,0.0,0.0,0.0,511.0,728
351020,2014,18.0,2.0,10.0,5.0,13.0,192.0,59.0,21.0,154.0,53.0,527.0,712
351020,2015,15.0,0.0,5.0,8.0,5.0,174.0,44.0,12.0,119.0,35.0,417.0,662
351020,2016,12.0,0.0,12.0,15.0,5.0,199.0,32.0,18.0,89.0,69.0,451.0,654
351020,2017,23.0,0.0,10.0,15.0,6.0,203.0,20.0,35.0,62.0,101.0,475.0,669
351020,2018,15.0,0.0,10.0,10.0,6.0,223.0,20.0,37.0,64.0,97.0,482.0,659
351020,2019,10.0,0.0,8.0,13.0,3.0,205.0,39.0,30.0,84.0,58.0,450.0,638
351030,2012,14.0,0.0,3.0,4.0,6.0,44.0,9.0,4.0,30.0,9.0,154.0,259
351030,2013,0.0,0.0,0.0,0.0,0.0,0.0,0.0,0.0,0.0,0.0,124.0,231
351030,2014,16.0,0.0,2.0,2.0,3.0,66.0,19.0,2.0,38.0,17.0,167.0,263
351030,2015,7.0,0.0,5.0,5.0,0.0,54.0,14.0,7.0,38.0,18.0,148.0,258
351030,2016,15.0,0.0,4.0,7.0,2.0,64.0,16.0,7.0,27.0,16.0,158.0,281
351030,2017,14.0,0.0,8.0,4.0,4.0,66.0,11.0,7.0,33.0,32.0,179.0,285
351030,2018,16.0,0.0,7.0,5.0,4.0,70.0,8.0,11.0,14.0,29.0,164.0,308
351030,2019,12.0,0.0,6.0,1.0,2.0,63.0,7.0,8.0,9.0,20.0,128.0,243
351040,2012,30.0,1.0,24.0,9.0,12.0,131.0,44.0,10.0,145.0,31.0,572.0,752
351040,2013,0.0,0.0,0.0,0.0,0.0,0.0,0.0,0.0,0.0,0.0,531.0,685
351040,2014,41.0,3.0,19.0,3.0,9.0,184.0,53.0,7.0,221.0,20.0,561.0,711
351040,2015,32.0,1.0,20.0,13.0,9.0,166.0,75.0,6.0,191.0,19.0,535.0,713
351040,2016,36.0,1.0,26.0,6.0,4.0,172.0,51.0,24.0,151.0,50.0,523.0,692
351040,2017,49.0,2.0,13.0,13.0,11.0,204.0,46.0,29.0,100.0,53.0,520.0,682
351040,2018,29.0,0.0,17.0,15.0,10.0,213.0,47.0,13.0,168.0,37.0,551.0,683
351040,2019,27.0,1.0,13.0,11.0,11.0,219.0,62.0,12.0,110.0,45.0,516.0,684
351050,2012,23.0,0.0,2.0,2.0,2.0,58.0,13.0,3.0,45.0,19.0,886.0,1579
351050,2013,0.0,0.0,0.0,0.0,0.0,0.0,0.0,0.0,0.0,0.0,892.0,1543
351050,2014,79.0,1.0,19.0,15.0,14.0,366.0,102.0,54.0,218.0,117.0,989.0,1615
351050,2015,65.0,2.0,22.0,20.0,16.0,450.0,96.0,78.0,199.0,151.0,1100.0,1770
351050,2016,85.0,1.0,33.0,21.0,19.0,412.0,84.0,101.0,182.0,169.0,1109.0,1719
351050,2017,182.0,5.0,38.0,37.0,20.0,392.0,136.0,81.0,269.0,146.0,1306.0,1757
351050,2018,184.0,0.0,42.0,24.0,9.0,421.0,117.0,94.0,206.0,187.0,1284.0,1840
351050,2019,163.0,0.0,36.0,26.0,8.0,470.0,103.0,93.0,169.0,219.0,1287.0,1714
351060,2012,384.0,13.0,116.0,84.0,69.0,1014.0,174.0,125.0,763.0,497.0,3608.0,6960
351060,2013,0.0,0.0,0.0,0.0,0.0,0.0,0.0,0.0,0.0,0.0,3700.0,6937
351060,2014,334.0,14.0,131.0,133.0,93.0,1100.0,383.0,143.0,908.0,270.0,3625.0,7096
351060,2015,310.0,7.0,147.0,139.0,141.0,1206.0,410.0,98.0,904.0,258.0,3659.0,7252
351060,2016,285.0,11.0,154.0,151.0,119.0,1161.0,390.0,93.0,910.0,208.0,3490.0,7061
351060,2017,305.0,12.0,117.0,118.0,89.0,1310.0,422.0,98.0,896.0,222.0,3594.0,6966
351060,2018,280.0,7.0,143.0,117.0,88.0,1251.0,369.0,127.0,766.0,237.0,3393.0,6998
351060,2019,257.0,5.0,122.0,109.0,69.0,1233.0,302.0,127.0,683.0,258.0,3170.0,6561
351070,2012,8.0,0.0,0.0,1.0,1.0,10.0,5.0,1.0,9.0,2.0,109.0,133
351070,2013,0.0,0.0,0.0,0.0,0.0,0.0,0.0,0.0,0.0,0.0,111.0,141
351070,2014,6.0,0.0,0.0,0.0,0.0,17.0,2.0,8.0,11.0,3.0,96.0,123
351070,2015,6.0,0.0,2.0,1.0,0.0,19.0,6.0,2.0,12.0,5.0,104.0,118
351070,2016,16.0,0.0,4.0,1.0,1.0,44.0,5.0,3.0,30.0,11.0,115.0,140
351070,2017,8.0,0.0,3.0,0.0,0.0,41.0,10.0,8.0,19.0,16.0,105.0,118
351070,2018,7.0,0.0,4.0,2.0,1.0,42.0,4.0,5.0,14.0,20.0,99.0,113
351070,2019,8.0,0.0,2.0,2.0,1.0,33.0,2.0,4.0,12.0,19.0,83.0,103
351080,2012,8.0,1.0,2.0,2.0,3.0,8.0,0.0,0.0,19.0,6.0,250.0,347
351080,2013,0.0,0.0,0.0,0.0,0.0,0.0,0.0,0.0,0.0,0.0,218.0,300
351080,2014,26.0,1.0,3.0,4.0,3.0,77.0,13.0,6.0,50.0,23.0,211.0,296
351080,2015,37.0,0.0,2.0,4.0,2.0,95.0,29.0,7.0,62.0,14.0,274.0,323
351080,2016,28.0,0.0,4.0,3.0,2.0,57.0,21.0,11.0,55.0,26.0,229.0,292
351080,2017,22.0,1.0,5.0,5.0,11.0,92.0,16.0,9.0,55.0,12.0,236.0,316
351080,2018,19.0,0.0,4.0,4.0,2.0,77.0,29.0,10.0,65.0,19.0,230.0,312
351080,2019,19.0,0.0,8.0,7.0,3.0,84.0,15.0,5.0,49.0,23.0,213.0,296
351090,2012,1.0,0.0,2.0,0.0,0.0,2.0,1.0,0.0,6.0,0.0,13.0,27
351090,2013,0.0,0.0,0.0,0.0,0.0,0.0,0.0,0.0,0.0,0.0,6.0,19
351090,2014,3.0,1.0,0.0,1.0,0.0,3.0,3.0,1.0,0.0,0.0,12.0,23
351090,2015,1.0,0.0,0.0,0.0,0.0,1.0,0.0,0.0,4.0,1.0,8.0,24
351090,2016,0.0,0.0,0.0,0.0,1.0,4.0,1.0,0.0,1.0,2.0,9.0,26
351090,2017,1.0,0.0,0.0,1.0,0.0,3.0,1.0,0.0,2.0,0.0,9.0,29
351090,2018,1.0,0.0,0.0,0.0,0.0,5.0,1.0,0.0,4.0,1.0,12.0,24
351090,2019,2.0,0.0,0.0,0.0,0.0,4.0,0.0,0.0,5.0,1.0,12.0,21
351100,2012,14.0,1.0,4.0,0.0,2.0,48.0,4.0,10.0,33.0,29.0,179.0,245
351100,2013,0.0,0.0,0.0,0.0,0.0,0.0,0.0,0.0,0.0,0.0,216.0,276
351100,2014,16.0,0.0,4.0,4.0,3.0,68.0,13.0,11.0,37.0,30.0,204.0,267
351100,2015,8.0,3.0,13.0,2.0,1.0,61.0,11.0,5.0,26.0,29.0,191.0,239
351100,2016,16.0,0.0,7.0,4.0,2.0,76.0,13.0,11.0,13.0,51.0,211.0,257
351100,2017,18.0,1.0,8.0,2.0,1.0,76.0,5.0,11.0,12.0,45.0,209.0,246
351100,2018,18.0,0.0,8.0,1.0,2.0,90.0,6.0,11.0,8.0,45.0,189.0,223
351100,2019,22.0,0.0,4.0,1.0,0.0,94.0,6.0,15.0,14.0,60.0,216.0,257
351110,2012,95.0,6.0,21.0,19.0,20.0,312.0,51.0,12.0,263.0,64.0,1272.0,1494
351110,2013,0.0,0.0,0.0,0.0,0.0,0.0,0.0,0.0,0.0,0.0,1118.0,1351
351110,2014,109.0,0.0,24.0,16.0,26.0,436.0,98.0,11.0,381.0,56.0,1165.0,1440
351110,2015,86.0,1.0,34.0,21.0,30.0,445.0,83.0,15.0,378.0,61.0,1168.0,1417
351110,2016,81.0,2.0,32.0,29.0,31.0,417.0,93.0,14.0,338.0,55.0,1092.0,1353
351110,2017,103.0,0.0,29.0,22.0,22.0,438.0,72.0,10.0,337.0,46.0,1086.0,1352
351110,2018,97.0,1.0,21.0,25.0,21.0,417.0,76.0,4.0,359.0,36.0,1060.0,1347
351110,2019,108.0,2.0,33.0,33.0,28.0,413.0,79.0,14.0,277.0,64.0,1060.0,1329
351120,2012,4.0,0.0,0.0,0.0,1.0,24.0,6.0,0.0,18.0,3.0,86.0,94
351120,2013,0.0,0.0,0.0,0.0,0.0,0.0,0.0,0.0,0.0,0.0,80.0,89
351120,2014,6.0,0.0,0.0,2.0,1.0,32.0,5.0,0.0,32.0,3.0,82.0,95
351120,2015,8.0,0.0,0.0,0.0,2.0,44.0,2.0,1.0,23.0,3.0,84.0,95
351120,2016,3.0,1.0,0.0,0.0,1.0,32.0,4.0,1.0,25.0,3.0,70.0,90
351120,2017,9.0,0.0,1.0,1.0,2.0,28.0,5.0,1.0,26.0,3.0,76.0,93
351120,2018,6.0,0.0,2.0,2.0,2.0,34.0,3.0,0.0,17.0,0.0,66.0,75
351120,2019,6.0,0.0,2.0,2.0,0.0,22.0,2.0,0.0,17.0,1.0,53.0,64
351130,2012,11.0,0.0,6.0,2.0,1.0,13.0,1.0,0.0,16.0,4.0,68.0,82
351130,2013,0.0,0.0,0.0,0.0,0.0,0.0,0.0,0.0,0.0,0.0,65.0,82
351130,2014,3.0,0.0,3.0,1.0,2.0,26.0,6.0,2.0,20.0,7.0,70.0,82
351130,2015,8.0,0.0,2.0,3.0,3.0,28.0,12.0,2.0,28.0,7.0,94.0,115
351130,2016,4.0,0.0,0.0,1.0,1.0,25.0,6.0,5.0,27.0,13.0,82.0,99
351130,2017,7.0,0.0,0.0,4.0,4.0,40.0,8.0,1.0,13.0,8.0,85.0,102
351130,2018,5.0,0.0,0.0,2.0,3.0,42.0,1.0,3.0,18.0,19.0,93.0,115
351130,2019,6.0,0.0,3.0,2.0,3.0,39.0,7.0,5.0,18.0,13.0,96.0,118
351140,2012,17.0,1.0,2.0,0.0,1.0,27.0,2.0,2.0,21.0,15.0,116.0,248
351140,2013,0.0,0.0,0.0,0.0,0.0,0.0,0.0,0.0,0.0,0.0,127.0,240
351140,2014,9.0,1.0,5.0,1.0,3.0,31.0,4.0,10.0,16.0,21.0,115.0,233
351140,2015,7.0,1.0,3.0,8.0,8.0,34.0,7.0,15.0,24.0,25.0,133.0,261
351140,2016,14.0,0.0,1.0,3.0,4.0,44.0,1.0,11.0,21.0,26.0,133.0,256
351140,2017,13.0,1.0,2.0,8.0,5.0,38.0,8.0,7.0,23.0,27.0,139.0,244
351140,2018,13.0,0.0,2.0,9.0,9.0,43.0,9.0,8.0,14.0,24.0,151.0,263
351140,2019,11.0,0.0,2.0,4.0,4.0,50.0,16.0,11.0,25.0,32.0,159.0,267
351150,2012,31.0,0.0,9.0,7.0,8.0,96.0,12.0,2.0,96.0,40.0,376.0,526
351150,2013,0.0,0.0,0.0,0.0,0.0,0.0,0.0,0.0,0.0,0.0,345.0,514
351150,2014,39.0,0.0,11.0,8.0,6.0,125.0,35.0,15.0,126.0,30.0,395.0,553
351150,2015,37.0,1.0,16.0,7.0,9.0,139.0,35.0,15.0,115.0,37.0,418.0,560
351150,2016,34.0,1.0,14.0,7.0,8.0,153.0,40.0,13.0,102.0,38.0,411.0,545
351150,2017,18.0,0.0,10.0,7.0,7.0,153.0,35.0,16.0,96.0,35.0,377.0,503
351150,2018,25.0,2.0,11.0,10.0,9.0,132.0,29.0,15.0,92.0,44.0,369.0,506
351150,2019,20.0,1.0,13.0,9.0,12.0,142.0,27.0,21.0,92.0,51.0,388.0,508
351160,2012,13.0,3.0,1.0,3.0,1.0,36.0,4.0,10.0,13.0,18.0,142.0,222
351160,2013,0.0,0.0,0.0,0.0,0.0,0.0,0.0,0.0,0.0,0.0,130.0,228
351160,2014,8.0,0.0,8.0,3.0,2.0,42.0,7.0,5.0,44.0,25.0,146.0,250
351160,2015,12.0,0.0,4.0,2.0,5.0,54.0,10.0,4.0,44.0,6.0,142.0,243
351160,2016,13.0,1.0,9.0,5.0,4.0,62.0,11.0,4.0,29.0,16.0,154.0,252
351160,2017,11.0,0.0,8.0,3.0,5.0,73.0,12.0,10.0,33.0,19.0,174.0,282
351160,2018,11.0,0.0,4.0,2.0,3.0,61.0,5.0,10.0,15.0,30.0,141.0,247
351160,2019,10.0,0.0,2.0,3.0,3.0,57.0,6.0,8.0,23.0,17.0,129.0,233
351170,2012,7.0,0.0,0.0,3.0,3.0,30.0,10.0,1.0,46.0,4.0,151.0,197
351170,2013,0.0,0.0,0.0,0.0,0.0,0.0,0.0,0.0,0.0,0.0,131.0,194
351170,2014,14.0,2.0,6.0,5.0,4.0,49.0,10.0,1.0,48.0,9.0,148.0,208
351170,2015,9.0,0.0,12.0,10.0,11.0,49.0,9.0,1.0,40.0,10.0,154.0,228
351170,2016,7.0,0.0,4.0,3.0,2.0,59.0,13.0,5.0,37.0,5.0,135.0,196
351170,2017,11.0,0.0,2.0,7.0,4.0,55.0,11.0,4.0,41.0,10.0,145.0,206
351170,2018,10.0,1.0,4.0,6.0,1.0,70.0,13.0,5.0,31.0,9.0,150.0,225
351170,2019,5.0,0.0,2.0,6.0,5.0,52.0,10.0,3.0,33.0,8.0,124.0,175
351190,2012,7.0,0.0,2.0,1.0,2.0,20.0,9.0,0.0,22.0,2.0,94.0,127
351190,2013,0.0,0.0,0.0,0.0,0.0,0.0,0.0,0.0,0.0,0.0,76.0,115
351190,2014,8.0,0.0,0.0,1.0,0.0,30.0,8.0,6.0,17.0,8.0,80.0,107
351190,2015,6.0,0.0,4.0,1.0,1.0,39.0,11.0,3.0,13.0,2.0,81.0,117
351190,2016,3.0,0.0,0.0,1.0,1.0,31.0,6.0,2.0,18.0,6.0,68.0,90
351190,2017,7.0,0.0,4.0,6.0,1.0,18.0,5.0,3.0,22.0,9.0,76.0,107
351190,2018,6.0,0.0,2.0,3.0,1.0,37.0,7.0,1.0,11.0,11.0,81.0,116
351190,2019,6.0,0.0,4.0,4.0,0.0,25.0,6.0,1.0,15.0,7.0,68.0,98
351200,2012,17.0,0.0,1.0,0.0,0.0,77.0,0.0,0.0,16.0,11.0,219.0,236
351200,2013,0.0,0.0,0.0,0.0,0.0,0.0,0.0,0.0,0.0,0.0,216.0,242
351200,2014,39.0,0.0,2.0,3.0,3.0,79.0,11.0,15.0,42.0,36.0,230.0,245
351200,2015,24.0,0.0,0.0,3.0,5.0,89.0,19.0,5.0,72.0,19.0,236.0,261
351200,2016,27.0,0.0,2.0,0.0,2.0,81.0,12.0,7.0,45.0,18.0,194.0,224
351200,2017,23.0,1.0,6.0,4.0,1.0,82.0,5.0,3.0,88.0,14.0,227.0,247
351200,2018,16.0,0.0,2.0,3.0,0.0,81.0,30.0,2.0,68.0,13.0,215.0,229
351200,2019,7.0,0.0,4.0,1.0,1.0,33.0,6.0,2.0,30.0,2.0,184.0,201
351210,2012,5.0,0.0,2.0,1.0,0.0,13.0,5.0,0.0,16.0,3.0,82.0,91
351210,2013,0.0,0.0,0.0,0.0,0.0,0.0,0.0,0.0,0.0,0.0,98.0,112
351210,2014,14.0,0.0,0.0,0.0,1.0,37.0,6.0,2.0,28.0,11.0,100.0,115
351210,2015,12.0,0.0,0.0,0.0,0.0,37.0,5.0,1.0,25.0,7.0,88.0,106
351210,2016,11.0,0.0,4.0,1.0,0.0,31.0,5.0,1.0,27.0,1.0,81.0,93
351210,2017,11.0,1.0,1.0,2.0,1.0,24.0,9.0,0.0,21.0,3.0,73.0,85
351210,2018,3.0,0.0,0.0,0.0,1.0,57.0,4.0,1.0,21.0,5.0,92.0,102
351210,2019,5.0,0.0,7.0,0.0,1.0,30.0,6.0,0.0,8.0,2.0,59.0,90
351220,2012,29.0,0.0,2.0,7.0,6.0,54.0,15.0,7.0,48.0,16.0,247.0,384
351220,2013,0.0,0.0,0.0,0.0,0.0,0.0,0.0,0.0,0.0,0.0,242.0,408
351220,2014,28.0,0.0,2.0,6.0,5.0,54.0,32.0,7.0,72.0,23.0,236.0,404
351220,2015,20.0,1.0,7.0,3.0,4.0,68.0,23.0,13.0,59.0,30.0,238.0,398
351220,2016,26.0,3.0,2.0,4.0,4.0,68.0,22.0,14.0,43.0,45.0,239.0,397
351220,2017,33.0,1.0,3.0,7.0,4.0,102.0,29.0,10.0,43.0,36.0,273.0,410
351220,2018,29.0,0.0,6.0,7.0,2.0,111.0,32.0,16.0,63.0,41.0,312.0,486
351220,2019,31.0,0.0,10.0,3.0,7.0,105.0,33.0,11.0,54.0,24.0,279.0,447
351230,2012,8.0,0.0,5.0,12.0,5.0,45.0,5.0,6.0,12.0,13.0,115.0,215
351230,2013,0.0,0.0,0.0,0.0,0.0,0.0,0.0,0.0,0.0,0.0,117.0,212
351230,2014,15.0,0.0,4.0,3.0,4.0,40.0,9.0,8.0,34.0,8.0,126.0,219
351230,2015,7.0,0.0,2.0,1.0,3.0,43.0,8.0,4.0,19.0,12.0,100.0,207
351230,2016,8.0,1.0,0.0,0.0,4.0,42.0,13.0,8.0,26.0,15.0,117.0,203
351230,2017,9.0,0.0,4.0,3.0,3.0,43.0,3.0,9.0,22.0,20.0,116.0,208
351230,2018,7.0,1.0,4.0,1.0,2.0,37.0,13.0,12.0,20.0,19.0,116.0,216
351230,2019,8.0,0.0,4.0,3.0,5.0,56.0,8.0,5.0,19.0,8.0,116.0,209
351240,2012,18.0,1.0,8.0,4.0,2.0,51.0,8.0,4.0,41.0,27.0,170.0,273
351240,2013,0.0,0.0,0.0,0.0,0.0,0.0,0.0,0.0,0.0,0.0,185.0,306
351240,2014,10.0,0.0,8.0,6.0,1.0,50.0,11.0,16.0,39.0,42.0,186.0,299
351240,2015,14.0,0.0,3.0,7.0,7.0,68.0,15.0,10.0,25.0,30.0,179.0,293
351240,2016,18.0,1.0,6.0,5.0,4.0,61.0,14.0,18.0,31.0,37.0,195.0,317
351240,2017,6.0,1.0,6.0,5.0,6.0,66.0,12.0,17.0,39.0,23.0,181.0,282
351240,2018,24.0,0.0,11.0,7.0,2.0,56.0,8.0,11.0,33.0,27.0,179.0,288
351240,2019,18.0,0.0,6.0,2.0,8.0,67.0,14.0,13.0,23.0,38.0,189.0,290
351250,2012,5.0,0.0,0.0,1.0,0.0,15.0,4.0,0.0,16.0,8.0,52.0,69
351250,2013,0.0,0.0,0.0,0.0,0.0,0.0,0.0,0.0,0.0,0.0,62.0,78
351250,2014,2.0,0.0,0.0,2.0,2.0,16.0,3.0,3.0,10.0,4.0,42.0,66
351250,2015,3.0,0.0,2.0,1.0,0.0,13.0,5.0,0.0,15.0,3.0,42.0,65
351250,2016,3.0,0.0,2.0,1.0,1.0,24.0,4.0,0.0,12.0,2.0,50.0,71
351250,2017,3.0,0.0,4.0,1.0,1.0,18.0,3.0,1.0,19.0,2.0,52.0,72
351250,2018,6.0,1.0,4.0,1.0,0.0,16.0,3.0,2.0,6.0,1.0,40.0,58
351250,2019,0.0,0.0,0.0,2.0,2.0,18.0,4.0,0.0,7.0,3.0,36.0,54
351260,2012,1.0,0.0,0.0,0.0,1.0,9.0,3.0,2.0,10.0,3.0,31.0,57
351260,2013,0.0,0.0,0.0,0.0,0.0,0.0,0.0,0.0,0.0,0.0,22.0,46
351260,2014,5.0,0.0,2.0,1.0,0.0,11.0,2.0,1.0,5.0,8.0,35.0,48
351260,2015,3.0,0.0,0.0,0.0,0.0,9.0,4.0,1.0,4.0,0.0,22.0,49
351260,2016,3.0,0.0,0.0,0.0,0.0,12.0,2.0,1.0,8.0,5.0,32.0,54
351260,2017,1.0,0.0,0.0,3.0,3.0,6.0,1.0,0.0,9.0,1.0,24.0,51
351260,2018,2.0,0.0,0.0,0.0,0.0,16.0,5.0,0.0,4.0,1.0,28.0,41
351260,2019,2.0,0.0,0.0,1.0,1.0,6.0,2.0,3.0,6.0,6.0,27.0,52
351270,2012,3.0,0.0,0.0,0.0,1.0,7.0,2.0,0.0,13.0,2.0,32.0,51
351270,2013,0.0,0.0,0.0,0.0,0.0,0.0,0.0,0.0,0.0,0.0,52.0,67
351270,2014,4.0,0.0,0.0,1.0,0.0,8.0,4.0,0.0,5.0,3.0,30.0,53
351270,2015,2.0,0.0,2.0,1.0,1.0,9.0,5.0,1.0,6.0,2.0,33.0,52
351270,2016,4.0,0.0,0.0,0.0,0.0,14.0,3.0,1.0,10.0,4.0,37.0,47
351270,2017,2.0,0.0,2.0,1.0,1.0,18.0,1.0,1.0,11.0,3.0,40.0,54
351270,2018,1.0,0.0,2.0,1.0,0.0,15.0,3.0,2.0,11.0,4.0,39.0,45
351270,2019,5.0,2.0,5.0,2.0,0.0,23.0,1.0,1.0,9.0,3.0,51.0,58
351280,2012,48.0,1.0,15.0,3.0,6.0,121.0,33.0,6.0,97.0,29.0,557.0,829
351280,2013,0.0,0.0,0.0,0.0,0.0,0.0,0.0,0.0,0.0,0.0,594.0,888
351280,2014,42.0,1.0,26.0,16.0,11.0,187.0,38.0,28.0,102.0,63.0,543.0,832
351280,2015,38.0,1.0,12.0,8.0,6.0,166.0,50.0,16.0,127.0,75.0,505.0,774
351280,2016,52.0,5.0,9.0,5.0,6.0,185.0,16.0,39.0,39.0,117.0,481.0,686
351280,2017,52.0,1.0,14.0,10.0,11.0,185.0,24.0,54.0,44.0,114.0,515.0,739
351280,2018,46.0,0.0,7.0,14.0,8.0,180.0,39.0,58.0,70.0,88.0,513.0,756
351280,2019,44.0,2.0,15.0,12.0,6.0,161.0,40.0,34.0,65.0,64.0,443.0,653
351290,2012,2.0,0.0,2.0,0.0,1.0,8.0,6.0,2.0,4.0,1.0,64.0,74
351290,2013,0.0,0.0,0.0,0.0,0.0,0.0,0.0,0.0,0.0,0.0,60.0,69
351290,2014,3.0,0.0,2.0,2.0,0.0,9.0,2.0,1.0,9.0,3.0,61.0,75
351290,2015,5.0,0.0,4.0,0.0,0.0,11.0,3.0,2.0,9.0,6.0,74.0,88
351290,2016,4.0,0.0,1.0,1.0,0.0,21.0,6.0,1.0,10.0,10.0,54.0,60
351290,2017,7.0,0.0,0.0,1.0,2.0,15.0,2.0,5.0,11.0,13.0,56.0,68
351290,2018,4.0,0.0,0.0,1.0,0.0,29.0,5.0,4.0,16.0,18.0,77.0,92
351290,2019,6.0,0.0,2.0,1.0,1.0,29.0,3.0,4.0,12.0,22.0,80.0,94
351300,2012,221.0,40.0,73.0,45.0,58.0,630.0,96.0,31.0,555.0,121.0,1910.0,3934
351300,2013,0.0,0.0,0.0,0.0,0.0,0.0,0.0,0.0,0.0,0.0,2031.0,4069
351300,2014,175.0,32.0,96.0,92.0,58.0,681.0,199.0,61.0,480.0,170.0,2172.0,4259
351300,2015,83.0,5.0,112.0,67.0,48.0,387.0,124.0,36.0,385.0,92.0,2159.0,4450
351300,2016,182.0,7.0,87.0,93.0,78.0,647.0,188.0,66.0,486.0,162.0,2000.0,4260
351300,2017,145.0,8.0,82.0,86.0,61.0,728.0,187.0,85.0,506.0,163.0,2051.0,4311
351300,2018,183.0,5.0,105.0,80.0,53.0,748.0,195.0,51.0,470.0,160.0,2055.0,4214
351300,2019,173.0,6.0,92.0,70.0,49.0,713.0,220.0,50.0,501.0,122.0,1998.0,4189
351310,2012,25.0,0.0,2.0,6.0,5.0,75.0,9.0,12.0,81.0,20.0,240.0,415
351310,2013,0.0,0.0,0.0,0.0,0.0,0.0,0.0,0.0,0.0,0.0,254.0,433
351310,2014,17.0,0.0,5.0,8.0,3.0,63.0,20.0,7.0,61.0,30.0,223.0,409
351310,2015,17.0,0.0,12.0,3.0,4.0,76.0,14.0,11.0,68.0,30.0,241.0,449
351310,2016,14.0,0.0,6.0,5.0,5.0,64.0,17.0,6.0,46.0,32.0,199.0,416
351310,2017,16.0,0.0,5.0,2.0,5.0,73.0,11.0,9.0,47.0,21.0,190.0,402
351310,2018,22.0,2.0,10.0,5.0,6.0,68.0,17.0,10.0,38.0,28.0,206.0,414
351310,2019,17.0,0.0,0.0,6.0,9.0,89.0,9.0,9.0,43.0,28.0,210.0,400
351320,2012,3.0,0.0,4.0,2.0,0.0,9.0,3.0,1.0,8.0,4.0,52.0,90
351320,2013,0.0,0.0,0.0,0.0,0.0,0.0,0.0,0.0,0.0,0.0,75.0,122
351320,2014,5.0,1.0,0.0,2.0,1.0,29.0,7.0,1.0,23.0,1.0,71.0,101
351320,2015,9.0,0.0,2.0,2.0,4.0,23.0,5.0,2.0,28.0,7.0,83.0,119
351320,2016,8.0,0.0,0.0,2.0,2.0,26.0,9.0,1.0,12.0,11.0,72.0,105
351320,2017,8.0,1.0,2.0,3.0,1.0,20.0,6.0,0.0,24.0,3.0,69.0,121
351320,2018,6.0,1.0,2.0,2.0,1.0,17.0,3.0,3.0,16.0,9.0,60.0,104
351320,2019,3.0,5.0,2.0,2.0,2.0,35.0,9.0,4.0,14.0,4.0,80.0,115
351330,2012,0.0,0.0,0.0,0.0,0.0,0.0,0.0,0.0,0.0,0.0,15.0,23
351330,2013,0.0,0.0,0.0,0.0,0.0,0.0,0.0,0.0,0.0,0.0,13.0,23
351330,2014,0.0,0.0,0.0,1.0,0.0,3.0,0.0,0.0,2.0,2.0,8.0,15
351330,2015,4.0,0.0,0.0,0.0,0.0,9.0,2.0,0.0,1.0,2.0,18.0,23
351330,2016,0.0,0.0,0.0,1.0,1.0,5.0,1.0,1.0,4.0,1.0,14.0,26
351330,2017,2.0,0.0,0.0,0.0,0.0,10.0,0.0,1.0,2.0,1.0,16.0,28
351330,2018,1.0,0.0,0.0,1.0,1.0,8.0,1.0,1.0,6.0,2.0,21.0,26
351330,2019,0.0,0.0,0.0,0.0,0.0,6.0,2.0,0.0,1.0,2.0,11.0,14
351340,2012,39.0,0.0,10.0,9.0,9.0,167.0,33.0,22.0,128.0,79.0,661.0,1093
351340,2013,0.0,0.0,0.0,0.0,0.0,0.0,0.0,0.0,0.0,0.0,676.0,1018
351340,2014,46.0,0.0,10.0,18.0,18.0,229.0,32.0,34.0,145.0,119.0,657.0,1072
351340,2015,52.0,0.0,20.0,12.0,10.0,224.0,30.0,32.0,88.0,110.0,641.0,1040
351340,2016,40.0,1.0,14.0,9.0,10.0,221.0,41.0,31.0,124.0,120.0,623.0,946
351340,2017,38.0,1.0,8.0,14.0,15.0,222.0,36.0,36.0,104.0,136.0,614.0,925
351340,2018,30.0,2.0,23.0,6.0,10.0,247.0,28.0,34.0,87.0,118.0,603.0,924
351340,2019,52.0,0.0,16.0,14.0,9.0,247.0,26.0,44.0,67.0,142.0,626.0,885
351350,2012,104.0,1.0,34.0,18.0,25.0,418.0,91.0,26.0,390.0,88.0,1227.0,1985
351350,2013,0.0,0.0,0.0,0.0,0.0,0.0,0.0,0.0,0.0,0.0,1198.0,1890
351350,2014,97.0,2.0,37.0,29.0,23.0,425.0,125.0,35.0,339.0,94.0,1208.0,1897
351350,2015,93.0,2.0,27.0,26.0,17.0,415.0,99.0,51.0,293.0,101.0,1127.0,1914
351350,2016,72.0,6.0,27.0,22.0,20.0,411.0,90.0,31.0,243.0,98.0,1021.0,1681
351350,2017,80.0,2.0,26.0,18.0,11.0,372.0,71.0,35.0,201.0,72.0,890.0,1620
351350,2018,93.0,2.0,34.0,25.0,17.0,394.0,70.0,22.0,160.0,72.0,892.0,1624
351350,2019,84.0,3.0,37.0,21.0,10.0,340.0,55.0,26.0,173.0,68.0,817.0,1489
351360,2012,19.0,2.0,3.0,5.0,7.0,38.0,15.0,0.0,49.0,10.0,234.0,265
351360,2013,0.0,0.0,0.0,0.0,0.0,0.0,0.0,0.0,0.0,0.0,202.0,231
351360,2014,9.0,0.0,6.0,5.0,4.0,75.0,24.0,1.0,57.0,5.0,187.0,227
351360,2015,17.0,0.0,4.0,4.0,6.0,61.0,18.0,0.0,45.0,12.0,170.0,221
351360,2016,11.0,1.0,2.0,6.0,3.0,67.0,8.0,1.0,56.0,6.0,161.0,227
351360,2017,16.0,0.0,2.0,4.0,3.0,87.0,16.0,2.0,71.0,6.0,207.0,241
351360,2018,11.0,0.0,4.0,1.0,5.0,81.0,23.0,1.0,68.0,3.0,197.0,249
351360,2019,14.0,0.0,4.0,4.0,1.0,100.0,24.0,4.0,63.0,6.0,221.0,262
351370,2012,19.0,0.0,11.0,0.0,11.0,107.0,14.0,2.0,93.0,12.0,290.0,393
351370,2013,0.0,0.0,0.0,0.0,0.0,0.0,0.0,0.0,0.0,0.0,299.0,405
351370,2014,20.0,1.0,12.0,2.0,4.0,109.0,17.0,4.0,105.0,10.0,284.0,368
351370,2015,18.0,0.0,2.0,5.0,5.0,110.0,20.0,6.0,95.0,17.0,280.0,381
351370,2016,21.0,0.0,8.0,3.0,2.0,103.0,20.0,4.0,73.0,24.0,260.0,333
351370,2017,21.0,0.0,2.0,4.0,9.0,112.0,21.0,3.0,86.0,17.0,280.0,359
351370,2018,16.0,0.0,10.0,5.0,5.0,101.0,23.0,9.0,74.0,17.0,267.0,366
351370,2019,14.0,0.0,5.0,7.0,11.0,107.0,16.0,8.0,86.0,24.0,282.0,341
351380,2012,368.0,16.0,110.0,85.0,93.0,1103.0,329.0,46.0,1373.0,174.0,3730.0,6455
351380,2013,0.0,0.0,0.0,0.0,0.0,0.0,0.0,0.0,0.0,0.0,3740.0,6321
351380,2014,289.0,13.0,141.0,91.0,63.0,1124.0,470.0,88.0,1229.0,148.0,3673.0,6392
351380,2015,296.0,6.0,81.0,104.0,84.0,1142.0,416.0,73.0,996.0,205.0,3421.0,6292
351380,2016,286.0,4.0,116.0,99.0,64.0,1101.0,361.0,81.0,987.0,195.0,3305.0,6040
351380,2017,278.0,10.0,101.0,104.0,77.0,1075.0,374.0,93.0,868.0,221.0,3202.0,5880
351380,2018,275.0,8.0,106.0,91.0,66.0,1114.0,329.0,84.0,815.0,193.0,3082.0,5584
351380,2019,274.0,9.0,88.0,80.0,74.0,1042.0,313.0,89.0,732.0,199.0,2904.0,5412
351385,2012,0.0,0.0,0.0,0.0,0.0,0.0,0.0,1.0,1.0,0.0,13.0,13
351385,2013,0.0,0.0,0.0,0.0,0.0,0.0,0.0,0.0,0.0,0.0,30.0,36
351385,2014,5.0,0.0,0.0,0.0,0.0,5.0,0.0,0.0,2.0,1.0,14.0,16
351385,2015,1.0,0.0,0.0,1.0,0.0,3.0,0.0,0.0,1.0,3.0,11.0,13
351385,2016,1.0,0.0,0.0,1.0,0.0,6.0,0.0,2.0,0.0,3.0,13.0,18
351385,2017,0.0,0.0,0.0,0.0,0.0,5.0,1.0,1.0,1.0,2.0,10.0,13
351385,2018,4.0,0.0,0.0,1.0,0.0,5.0,2.0,0.0,1.0,0.0,13.0,13
351385,2019,1.0,1.0,0.0,0.0,0.0,3.0,0.0,1.0,4.0,3.0,13.0,15
351390,2012,6.0,0.0,3.0,1.0,2.0,23.0,2.0,1.0,17.0,13.0,128.0,141
351390,2013,0.0,0.0,0.0,0.0,0.0,0.0,0.0,0.0,0.0,0.0,129.0,144
351390,2014,2.0,0.0,2.0,1.0,3.0,37.0,4.0,4.0,11.0,24.0,95.0,121
351390,2015,4.0,0.0,2.0,2.0,1.0,45.0,4.0,3.0,26.0,13.0,100.0,127
351390,2016,2.0,0.0,6.0,0.0,4.0,45.0,1.0,4.0,19.0,14.0,101.0,127
351390,2017,6.0,0.0,2.0,2.0,1.0,37.0,4.0,0.0,27.0,15.0,95.0,116
351390,2018,5.0,1.0,2.0,2.0,4.0,49.0,8.0,1.0,39.0,1.0,114.0,129
351390,2019,9.0,0.0,6.0,1.0,1.0,40.0,7.0,2.0,37.0,5.0,108.0,139
351400,2012,17.0,0.0,2.0,2.0,2.0,27.0,13.0,0.0,27.0,0.0,94.0,111
351400,2013,0.0,0.0,0.0,0.0,0.0,0.0,0.0,0.0,0.0,0.0,109.0,123
351400,2014,8.0,0.0,2.0,3.0,0.0,24.0,10.0,1.0,40.0,1.0,116.0,128
351400,2015,5.0,0.0,0.0,2.0,0.0,24.0,6.0,0.0,20.0,6.0,93.0,121
351400,2016,4.0,0.0,3.0,1.0,0.0,34.0,9.0,0.0,23.0,0.0,75.0,97
351400,2017,5.0,0.0,0.0,1.0,2.0,41.0,13.0,0.0,30.0,2.0,96.0,120
351400,2018,8.0,0.0,0.0,2.0,2.0,29.0,4.0,1.0,23.0,0.0,70.0,99
351400,2019,4.0,1.0,1.0,2.0,3.0,39.0,4.0,1.0,11.0,1.0,68.0,99
351410,2012,6.0,4.0,6.0,4.0,2.0,33.0,2.0,10.0,26.0,21.0,176.0,370
351410,2013,0.0,0.0,0.0,0.0,0.0,0.0,0.0,0.0,0.0,0.0,158.0,344
351410,2014,16.0,1.0,6.0,7.0,2.0,52.0,25.0,14.0,52.0,27.0,212.0,368
351410,2015,18.0,0.0,6.0,6.0,2.0,50.0,19.0,12.0,50.0,31.0,198.0,350
351410,2016,16.0,1.0,10.0,7.0,6.0,59.0,11.0,11.0,43.0,28.0,196.0,354
351410,2017,19.0,1.0,4.0,5.0,2.0,54.0,14.0,18.0,40.0,26.0,188.0,334
351410,2018,21.0,0.0,10.0,8.0,3.0,64.0,10.0,12.0,49.0,42.0,225.0,331
351410,2019,17.0,4.0,8.0,1.0,1.0,81.0,16.0,9.0,37.0,22.0,200.0,303
351420,2012,1.0,0.0,0.0,0.0,0.0,0.0,0.0,0.0,0.0,1.0,11.0,14
351420,2013,0.0,0.0,0.0,0.0,0.0,0.0,0.0,0.0,0.0,0.0,19.0,20
351420,2014,1.0,0.0,0.0,0.0,1.0,7.0,1.0,0.0,3.0,3.0,23.0,26
351420,2015,3.0,0.0,3.0,0.0,0.0,3.0,0.0,3.0,2.0,1.0,17.0,19
351420,2016,1.0,0.0,2.0,0.0,0.0,5.0,2.0,0.0,1.0,3.0,15.0,16
351420,2017,2.0,0.0,0.0,0.0,0.0,7.0,3.0,0.0,5.0,4.0,21.0,25
351420,2018,2.0,1.0,2.0,0.0,0.0,5.0,0.0,0.0,3.0,5.0,18.0,19
351420,2019,2.0,0.0,0.0,0.0,0.0,10.0,1.0,0.0,1.0,8.0,22.0,22
351430,2012,13.0,0.0,2.0,0.0,0.0,33.0,0.0,3.0,13.0,16.0,83.0,91
351430,2013,0.0,0.0,0.0,0.0,0.0,0.0,0.0,0.0,0.0,0.0,75.0,82
351430,2014,7.0,1.0,3.0,0.0,0.0,21.0,0.0,3.0,10.0,19.0,67.0,75
351430,2015,15.0,0.0,3.0,1.0,4.0,27.0,11.0,1.0,21.0,7.0,91.0,100
351430,2016,8.0,0.0,4.0,1.0,2.0,31.0,7.0,0.0,35.0,3.0,94.0,102
351430,2017,7.0,0.0,4.0,1.0,0.0,36.0,2.0,0.0,24.0,5.0,88.0,96
351430,2018,2.0,0.0,4.0,0.0,0.0,27.0,8.0,2.0,22.0,7.0,72.0,85
351430,2019,6.0,0.0,2.0,2.0,1.0,38.0,3.0,2.0,19.0,6.0,80.0,90
351440,2012,22.0,1.0,2.0,5.0,4.0,159.0,29.0,5.0,131.0,44.0,425.0,495
351440,2013,0.0,0.0,0.0,0.0,0.0,0.0,0.0,0.0,0.0,0.0,423.0,464
351440,2014,33.0,0.0,12.0,7.0,8.0,172.0,32.0,25.0,92.0,69.0,452.0,491
351440,2015,41.0,0.0,13.0,3.0,7.0,149.0,25.0,25.0,101.0,79.0,452.0,484
351440,2016,47.0,0.0,16.0,8.0,13.0,165.0,31.0,16.0,106.0,72.0,474.0,517
351440,2017,36.0,0.0,13.0,7.0,6.0,185.0,27.0,13.0,102.0,66.0,455.0,491
351440,2018,45.0,0.0,5.0,9.0,8.0,171.0,33.0,22.0,103.0,63.0,459.0,497
351440,2019,27.0,1.0,10.0,8.0,8.0,194.0,24.0,14.0,105.0,62.0,453.0,496
351450,2012,9.0,0.0,0.0,4.0,1.0,28.0,3.0,3.0,8.0,19.0,95.0,149
351450,2013,0.0,0.0,0.0,0.0,0.0,0.0,0.0,0.0,0.0,0.0,103.0,142
351450,2014,5.0,0.0,2.0,0.0,4.0,25.0,3.0,2.0,27.0,16.0,84.0,138
351450,2015,6.0,0.0,4.0,2.0,3.0,20.0,7.0,2.0,23.0,12.0,79.0,138
351450,2016,4.0,3.0,4.0,4.0,1.0,24.0,6.0,6.0,18.0,13.0,85.0,122
351450,2017,6.0,1.0,0.0,5.0,4.0,29.0,0.0,6.0,28.0,16.0,95.0,147
351450,2018,5.0,0.0,2.0,3.0,1.0,30.0,7.0,0.0,20.0,7.0,75.0,135
351450,2019,6.0,2.0,8.0,3.0,3.0,28.0,8.0,9.0,20.0,12.0,99.0,150
351460,2012,13.0,0.0,2.0,3.0,0.0,15.0,4.0,1.0,29.0,5.0,74.0,99
351460,2013,0.0,0.0,0.0,0.0,0.0,0.0,0.0,0.0,0.0,0.0,73.0,95
351460,2014,5.0,0.0,0.0,1.0,0.0,18.0,7.0,2.0,19.0,5.0,57.0,100
351460,2015,4.0,0.0,4.0,2.0,3.0,24.0,10.0,0.0,25.0,11.0,89.0,119
351460,2016,4.0,0.0,0.0,5.0,0.0,25.0,5.0,2.0,22.0,6.0,69.0,103
351460,2017,3.0,1.0,3.0,2.0,3.0,22.0,1.0,1.0,13.0,4.0,53.0,99
351460,2018,4.0,0.0,0.0,0.0,0.0,32.0,8.0,4.0,18.0,11.0,77.0,128
351460,2019,3.0,0.0,2.0,0.0,3.0,25.0,6.0,3.0,16.0,8.0,66.0,108
351470,2012,0.0,0.0,0.0,0.0,0.0,0.0,0.0,0.0,0.0,0.0,54.0,84
351470,2013,0.0,0.0,0.0,0.0,0.0,0.0,0.0,0.0,0.0,0.0,39.0,59
351470,2014,11.0,0.0,0.0,0.0,1.0,16.0,7.0,2.0,12.0,3.0,52.0,67
351470,2015,8.0,0.0,0.0,1.0,2.0,16.0,5.0,1.0,11.0,1.0,45.0,82
351470,2016,7.0,0.0,2.0,2.0,0.0,17.0,5.0,2.0,17.0,4.0,56.0,88
351470,2017,3.0,0.0,0.0,0.0,0.0,17.0,3.0,0.0,18.0,3.0,44.0,81
351470,2018,6.0,0.0,2.0,3.0,1.0,21.0,5.0,0.0,10.0,2.0,50.0,89
351470,2019,3.0,0.0,0.0,1.0,1.0,16.0,6.0,3.0,11.0,5.0,46.0,81
351480,2012,1.0,0.0,2.0,1.0,0.0,5.0,0.0,1.0,6.0,0.0,51.0,211
351480,2013,0.0,0.0,0.0,0.0,0.0,0.0,0.0,0.0,0.0,0.0,61.0,229
351480,2014,7.0,0.0,0.0,2.0,1.0,20.0,3.0,3.0,10.0,3.0,51.0,211
351480,2015,6.0,0.0,2.0,3.0,1.0,22.0,10.0,2.0,6.0,8.0,61.0,232
351480,2016,3.0,1.0,2.0,2.0,1.0,15.0,8.0,3.0,14.0,3.0,52.0,213
351480,2017,3.0,1.0,2.0,4.0,0.0,17.0,5.0,0.0,18.0,4.0,54.0,206
351480,2018,4.0,0.0,6.0,5.0,2.0,19.0,12.0,3.0,13.0,1.0,70.0,238
351480,2019,3.0,0.0,2.0,2.0,2.0,13.0,6.0,2.0,13.0,1.0,44.0,183
351490,2012,15.0,1.0,5.0,1.0,2.0,47.0,8.0,1.0,45.0,25.0,186.0,248
351490,2013,0.0,0.0,0.0,0.0,0.0,0.0,0.0,0.0,0.0,0.0,128.0,180
351490,2014,16.0,2.0,9.0,1.0,1.0,49.0,19.0,4.0,45.0,11.0,157.0,208
351490,2015,12.0,0.0,8.0,0.0,2.0,67.0,10.0,3.0,50.0,13.0,166.0,230
351490,2016,18.0,0.0,8.0,4.0,0.0,49.0,8.0,10.0,32.0,9.0,138.0,200
351490,2017,10.0,0.0,5.0,4.0,2.0,73.0,8.0,5.0,23.0,13.0,143.0,208
351490,2018,17.0,0.0,3.0,0.0,0.0,63.0,19.0,7.0,27.0,11.0,149.0,214
351490,2019,12.0,0.0,3.0,3.0,1.0,61.0,20.0,8.0,21.0,15.0,145.0,204
351492,2012,0.0,0.0,0.0,0.0,0.0,4.0,2.0,0.0,7.0,3.0,28.0,35
351492,2013,0.0,0.0,0.0,0.0,0.0,0.0,0.0,0.0,0.0,0.0,36.0,41
351492,2014,2.0,0.0,0.0,2.0,0.0,12.0,7.0,1.0,11.0,2.0,37.0,44
351492,2015,2.0,1.0,2.0,0.0,1.0,8.0,1.0,0.0,13.0,4.0,33.0,43
351492,2016,6.0,0.0,0.0,1.0,1.0,12.0,4.0,0.0,10.0,1.0,35.0,38
351492,2017,1.0,0.0,2.0,0.0,0.0,11.0,1.0,1.0,7.0,2.0,26.0,28
351492,2018,0.0,0.0,0.0,0.0,0.0,16.0,1.0,1.0,8.0,0.0,26.0,34
351492,2019,4.0,0.0,2.0,0.0,1.0,15.0,0.0,1.0,1.0,2.0,27.0,35
351495,2012,2.0,0.0,0.0,0.0,1.0,4.0,0.0,0.0,4.0,0.0,17.0,20
351495,2013,0.0,0.0,0.0,0.0,0.0,0.0,0.0,0.0,0.0,0.0,21.0,23
351495,2014,1.0,0.0,0.0,0.0,1.0,7.0,2.0,0.0,2.0,1.0,15.0,20
351495,2015,2.0,0.0,0.0,1.0,0.0,6.0,0.0,0.0,5.0,1.0,16.0,18
351495,2016,2.0,0.0,3.0,1.0,0.0,8.0,1.0,0.0,3.0,0.0,18.0,23
351495,2017,2.0,0.0,0.0,1.0,1.0,6.0,1.0,0.0,1.0,1.0,14.0,18
351495,2018,2.0,0.0,0.0,0.0,0.0,5.0,1.0,1.0,9.0,1.0,19.0,24
351495,2019,4.0,0.0,0.0,1.0,0.0,10.0,0.0,0.0,3.0,1.0,19.0,23
351500,2012,182.0,8.0,77.0,58.0,62.0,604.0,127.0,31.0,687.0,103.0,1973.0,4568
351500,2013,0.0,0.0,0.0,0.0,0.0,0.0,0.0,0.0,0.0,0.0,2225.0,4580
351500,2014,184.0,5.0,76.0,57.0,58.0,671.0,288.0,68.0,690.0,154.0,2274.0,4575
351500,2015,151.0,5.0,114.0,57.0,52.0,661.0,226.0,48.0,497.0,143.0,1989.0,4554
351500,2016,127.0,6.0,81.0,53.0,49.0,618.0,196.0,41.0,417.0,99.0,1690.0,4240
351500,2017,137.0,5.0,63.0,66.0,38.0,638.0,198.0,56.0,415.0,96.0,1713.0,4295
351500,2018,149.0,11.0,99.0,61.0,54.0,645.0,187.0,51.0,403.0,121.0,1781.0,4223
351500,2019,116.0,3.0,95.0,70.0,52.0,599.0,202.0,71.0,382.0,113.0,1706.0,4024
351510,2012,32.0,2.0,8.0,7.0,16.0,105.0,29.0,6.0,95.0,18.0,334.0,965
351510,2013,0.0,0.0,0.0,0.0,0.0,0.0,0.0,0.0,0.0,0.0,372.0,975
351510,2014,36.0,2.0,15.0,15.0,14.0,89.0,48.0,8.0,85.0,18.0,344.0,927
351510,2015,27.0,1.0,8.0,15.0,14.0,105.0,38.0,12.0,88.0,24.0,334.0,1005
351510,2016,33.0,3.0,11.0,14.0,10.0,110.0,45.0,15.0,79.0,21.0,343.0,972
351510,2017,24.0,4.0,18.0,15.0,7.0,117.0,35.0,6.0,95.0,26.0,348.0,1008
351510,2018,33.0,2.0,14.0,14.0,11.0,124.0,42.0,8.0,73.0,20.0,342.0,958
351510,2019,21.0,0.0,17.0,15.0,8.0,113.0,35.0,17.0,70.0,22.0,318.0,857
351512,2012,1.0,0.0,0.0,0.0,1.0,3.0,0.0,0.0,4.0,1.0,17.0,30
351512,2013,0.0,0.0,0.0,0.0,0.0,0.0,0.0,0.0,0.0,0.0,25.0,27
351512,2014,1.0,0.0,0.0,0.0,0.0,8.0,0.0,1.0,2.0,3.0,16.0,27
351512,2015,0.0,0.0,0.0,0.0,1.0,13.0,2.0,0.0,6.0,7.0,32.0,40
351512,2016,1.0,0.0,2.0,0.0,0.0,9.0,0.0,1.0,2.0,0.0,15.0,21
351512,2017,3.0,1.0,2.0,1.0,0.0,11.0,1.0,1.0,4.0,4.0,28.0,32
351512,2018,1.0,0.0,2.0,0.0,0.0,16.0,0.0,0.0,9.0,0.0,28.0,35
351512,2019,5.0,0.0,0.0,0.0,1.0,5.0,7.0,1.0,3.0,2.0,24.0,33
351515,2012,15.0,0.0,2.0,8.0,6.0,34.0,5.0,4.0,24.0,26.0,135.0,243
351515,2013,0.0,0.0,0.0,0.0,0.0,0.0,0.0,0.0,0.0,0.0,134.0,253
351515,2014,11.0,0.0,6.0,2.0,3.0,40.0,6.0,7.0,18.0,39.0,132.0,249
351515,2015,17.0,0.0,10.0,3.0,6.0,40.0,7.0,13.0,24.0,30.0,151.0,286
351515,2016,12.0,1.0,8.0,4.0,4.0,33.0,7.0,16.0,16.0,40.0,141.0,254
351515,2017,10.0,0.0,2.0,7.0,3.0,44.0,12.0,10.0,20.0,30.0,138.0,272
351515,2018,16.0,1.0,12.0,5.0,3.0,44.0,2.0,12.0,23.0,37.0,155.0,291
351515,2019,8.0,0.0,3.0,3.0,5.0,51.0,8.0,19.0,8.0,25.0,130.0,261
351518,2012,44.0,2.0,4.0,7.0,7.0,89.0,8.0,5.0,55.0,35.0,391.0,467
351518,2013,0.0,0.0,0.0,0.0,0.0,0.0,0.0,0.0,0.0,0.0,433.0,496
351518,2014,71.0,2.0,10.0,5.0,4.0,118.0,44.0,11.0,98.0,45.0,411.0,487
351518,2015,48.0,2.0,15.0,6.0,2.0,137.0,27.0,6.0,102.0,23.0,373.0,452
351518,2016,52.0,0.0,10.0,5.0,5.0,132.0,18.0,13.0,90.0,36.0,363.0,422
351518,2017,47.0,1.0,14.0,11.0,11.0,140.0,36.0,16.0,96.0,46.0,419.0,478
351518,2018,48.0,2.0,11.0,8.0,4.0,144.0,26.0,11.0,130.0,32.0,416.0,476
351518,2019,32.0,1.0,14.0,7.0,10.0,154.0,22.0,6.0,98.0,34.0,378.0,441
351519,2012,1.0,0.0,0.0,0.0,1.0,9.0,0.0,1.0,2.0,3.0,40.0,69
351519,2013,0.0,0.0,0.0,0.0,0.0,0.0,0.0,0.0,0.0,0.0,36.0,53
351519,2014,3.0,0.0,2.0,0.0,0.0,15.0,2.0,0.0,9.0,7.0,41.0,56
351519,2015,6.0,0.0,2.0,0.0,2.0,14.0,1.0,7.0,6.0,7.0,46.0,66
351519,2016,3.0,0.0,1.0,1.0,1.0,14.0,1.0,1.0,3.0,5.0,30.0,53
351519,2017,1.0,0.0,2.0,1.0,1.0,12.0,0.0,2.0,6.0,14.0,39.0,55
351519,2018,4.0,0.0,2.0,2.0,1.0,18.0,2.0,0.0,3.0,6.0,38.0,59
351519,2019,7.0,0.0,0.0,1.0,0.0,26.0,4.0,0.0,7.0,7.0,52.0,76
351520,2012,3.0,0.0,0.0,1.0,2.0,6.0,1.0,0.0,3.0,3.0,66.0,84
351520,2013,0.0,0.0,0.0,0.0,0.0,0.0,0.0,0.0,0.0,0.0,59.0,88
351520,2014,4.0,0.0,6.0,2.0,1.0,29.0,5.0,2.0,12.0,16.0,80.0,110
351520,2015,2.0,1.0,0.0,1.0,1.0,26.0,5.0,1.0,13.0,9.0,60.0,93
351520,2016,4.0,0.0,2.0,1.0,0.0,24.0,4.0,1.0,7.0,9.0,52.0,79
351520,2017,4.0,1.0,2.0,3.0,1.0,35.0,5.0,4.0,11.0,18.0,84.0,109
351520,2018,3.0,0.0,0.0,0.0,1.0,22.0,3.0,5.0,7.0,15.0,56.0,83
351520,2019,7.0,0.0,0.0,1.0,3.0,23.0,7.0,8.0,9.0,17.0,78.0,95
351530,2012,2.0,0.0,0.0,0.0,0.0,5.0,0.0,0.0,7.0,1.0,30.0,35
351530,2013,0.0,0.0,0.0,0.0,0.0,0.0,0.0,0.0,0.0,0.0,32.0,42
351530,2014,1.0,0.0,2.0,1.0,0.0,7.0,2.0,0.0,3.0,3.0,19.0,28
351530,2015,3.0,0.0,0.0,0.0,0.0,12.0,1.0,1.0,5.0,16.0,40.0,50
351530,2016,3.0,0.0,2.0,1.0,1.0,9.0,5.0,1.0,4.0,2.0,28.0,33
351530,2017,4.0,0.0,0.0,2.0,0.0,16.0,2.0,0.0,5.0,3.0,32.0,39
351530,2018,2.0,0.0,2.0,0.0,1.0,9.0,3.0,0.0,4.0,0.0,21.0,32
351530,2019,5.0,0.0,4.0,0.0,0.0,18.0,0.0,0.0,10.0,0.0,37.0,42
351535,2012,3.0,0.0,0.0,1.0,0.0,11.0,7.0,3.0,11.0,7.0,66.0,120
351535,2013,0.0,0.0,0.0,0.0,0.0,0.0,0.0,0.0,0.0,0.0,86.0,130
351535,2014,3.0,0.0,0.0,1.0,0.0,27.0,4.0,6.0,13.0,16.0,72.0,102
351535,2015,5.0,0.0,2.0,1.0,0.0,31.0,4.0,8.0,17.0,9.0,78.0,120
351535,2016,5.0,0.0,0.0,3.0,0.0,23.0,3.0,5.0,15.0,15.0,69.0,105
351535,2017,1.0,2.0,4.0,1.0,1.0,29.0,12.0,1.0,23.0,4.0,78.0,110
351535,2018,3.0,1.0,3.0,1.0,1.0,41.0,8.0,4.0,8.0,11.0,81.0,111
351535,2019,7.0,0.0,4.0,2.0,1.0,25.0,14.0,3.0,11.0,4.0,72.0,102
351540,2012,6.0,4.0,2.0,2.0,3.0,20.0,5.0,3.0,21.0,11.0,96.0,186
351540,2013,0.0,0.0,0.0,0.0,0.0,0.0,0.0,0.0,0.0,0.0,101.0,190
351540,2014,12.0,0.0,12.0,2.0,2.0,40.0,10.0,6.0,28.0,6.0,119.0,210
351540,2015,11.0,1.0,3.0,3.0,5.0,36.0,11.0,6.0,21.0,19.0,116.0,225
351540,2016,9.0,3.0,3.0,2.0,1.0,33.0,4.0,7.0,13.0,15.0,90.0,200
351540,2017,8.0,0.0,0.0,3.0,0.0,38.0,6.0,4.0,13.0,11.0,83.0,178
351540,2018,12.0,0.0,0.0,5.0,1.0,40.0,7.0,10.0,16.0,16.0,107.0,210
351540,2019,10.0,1.0,2.0,2.0,4.0,46.0,10.0,2.0,25.0,10.0,114.0,226
351550,2012,9.0,1.0,10.0,2.0,4.0,8.0,0.0,0.0,11.0,0.0,654.0,754
351550,2013,0.0,0.0,0.0,0.0,0.0,0.0,0.0,0.0,0.0,0.0,623.0,773
351550,2014,33.0,2.0,21.0,11.0,12.0,194.0,62.0,18.0,149.0,43.0,623.0,800
351550,2015,46.0,1.0,20.0,8.0,14.0,238.0,46.0,18.0,178.0,51.0,675.0,865
351550,2016,36.0,0.0,27.0,9.0,17.0,225.0,50.0,24.0,151.0,68.0,607.0,713
351550,2017,40.0,1.0,10.0,16.0,16.0,256.0,53.0,20.0,194.0,55.0,661.0,793
351550,2018,38.0,2.0,20.0,10.0,6.0,301.0,45.0,21.0,162.0,72.0,677.0,800
351550,2019,41.0,0.0,25.0,13.0,7.0,284.0,54.0,25.0,169.0,48.0,666.0,754
351560,2012,5.0,1.0,6.0,1.0,1.0,8.0,1.0,0.0,3.0,2.0,57.0,65
351560,2013,0.0,0.0,0.0,0.0,0.0,0.0,0.0,0.0,0.0,0.0,38.0,43
351560,2014,3.0,0.0,5.0,1.0,0.0,14.0,3.0,0.0,14.0,1.0,48.0,53
351560,2015,2.0,0.0,4.0,0.0,1.0,15.0,1.0,0.0,8.0,3.0,43.0,54
351560,2016,5.0,0.0,2.0,0.0,1.0,18.0,3.0,0.0,12.0,4.0,45.0,53
351560,2017,5.0,0.0,2.0,0.0,1.0,23.0,1.0,0.0,15.0,7.0,54.0,67
351560,2018,3.0,0.0,0.0,3.0,1.0,24.0,1.0,0.0,14.0,4.0,51.0,56
351560,2019,3.0,0.0,0.0,1.0,2.0,16.0,3.0,4.0,13.0,3.0,45.0,48
351565,2012,1.0,0.0,0.0,0.0,0.0,1.0,0.0,0.0,0.0,0.0,8.0,15
351565,2013,0.0,0.0,0.0,0.0,0.0,0.0,0.0,0.0,0.0,0.0,12.0,20
351565,2014,2.0,0.0,0.0,1.0,0.0,2.0,0.0,1.0,4.0,2.0,12.0,18
351565,2015,0.0,0.0,2.0,0.0,1.0,1.0,0.0,1.0,2.0,1.0,8.0,14
351565,2016,0.0,0.0,2.0,0.0,1.0,3.0,1.0,2.0,6.0,1.0,16.0,20
351565,2017,1.0,0.0,0.0,0.0,0.0,5.0,2.0,0.0,4.0,0.0,12.0,18
351565,2018,2.0,0.0,0.0,2.0,0.0,1.0,3.0,0.0,5.0,0.0,13.0,23
351565,2019,1.0,0.0,0.0,1.0,0.0,4.0,0.0,0.0,1.0,2.0,9.0,15
351570,2012,142.0,8.0,50.0,59.0,61.0,330.0,114.0,25.0,334.0,105.0,1353.0,2918
351570,2013,0.0,0.0,0.0,0.0,0.0,0.0,0.0,0.0,0.0,0.0,1369.0,2885
351570,2014,74.0,6.0,55.0,41.0,24.0,380.0,152.0,42.0,332.0,81.0,1207.0,2772
351570,2015,105.0,3.0,48.0,46.0,25.0,436.0,136.0,84.0,351.0,176.0,1425.0,3197
351570,2016,123.0,1.0,49.0,32.0,26.0,446.0,129.0,80.0,268.0,154.0,1311.0,2971
351570,2017,99.0,5.0,46.0,45.0,29.0,409.0,121.0,61.0,269.0,155.0,1241.0,2900
351570,2018,107.0,5.0,41.0,41.0,32.0,466.0,113.0,70.0,236.0,125.0,1240.0,2846
351570,2019,88.0,0.0,34.0,36.0,29.0,425.0,103.0,63.0,251.0,109.0,1140.0,2777
351580,2012,2.0,0.0,0.0,0.0,0.0,5.0,1.0,0.0,1.0,4.0,13.0,15
351580,2013,0.0,0.0,0.0,0.0,0.0,0.0,0.0,0.0,0.0,0.0,13.0,17
351580,2014,5.0,0.0,0.0,0.0,0.0,7.0,0.0,2.0,0.0,5.0,19.0,22
351580,2015,0.0,0.0,0.0,0.0,0.0,4.0,0.0,1.0,1.0,3.0,9.0,13
351580,2016,4.0,0.0,2.0,0.0,0.0,6.0,0.0,1.0,1.0,5.0,19.0,20
351580,2017,0.0,0.0,0.0,0.0,0.0,8.0,0.0,1.0,0.0,7.0,16.0,21
351580,2018,1.0,0.0,0.0,0.0,0.0,6.0,0.0,0.0,1.0,3.0,11.0,12
351580,2019,0.0,0.0,0.0,0.0,0.0,6.0,0.0,3.0,1.0,4.0,14.0,15
351590,2012,1.0,0.0,0.0,1.0,0.0,2.0,1.0,0.0,6.0,1.0,15.0,19
351590,2013,0.0,0.0,0.0,0.0,0.0,0.0,0.0,0.0,0.0,0.0,27.0,28
351590,2014,2.0,0.0,0.0,0.0,0.0,2.0,2.0,1.0,16.0,0.0,24.0,24
351590,2015,8.0,1.0,0.0,0.0,1.0,8.0,2.0,1.0,6.0,1.0,32.0,33
351590,2016,2.0,0.0,0.0,1.0,0.0,7.0,2.0,0.0,6.0,0.0,18.0,18
351590,2017,3.0,0.0,0.0,0.0,0.0,6.0,0.0,0.0,8.0,6.0,23.0,26
351590,2018,7.0,0.0,0.0,2.0,0.0,8.0,1.0,0.0,3.0,3.0,24.0,27
351590,2019,1.0,0.0,0.0,0.0,0.0,8.0,1.0,0.0,3.0,1.0,14.0,14
351600,2012,0.0,0.0,0.0,0.0,0.0,1.0,1.0,0.0,2.0,0.0,113.0,131
351600,2013,0.0,0.0,0.0,0.0,0.0,0.0,0.0,0.0,0.0,0.0,93.0,110
351600,2014,11.0,0.0,0.0,1.0,0.0,32.0,2.0,11.0,8.0,24.0,96.0,119
351600,2015,6.0,0.0,0.0,0.0,2.0,43.0,2.0,7.0,8.0,27.0,103.0,125
351600,2016,9.0,0.0,2.0,3.0,1.0,38.0,2.0,8.0,6.0,20.0,89.0,102
351600,2017,6.0,0.0,2.0,4.0,0.0,36.0,5.0,11.0,13.0,29.0,106.0,130
351600,2018,7.0,0.0,2.0,0.0,1.0,31.0,2.0,4.0,9.0,30.0,86.0,95
351600,2019,4.0,1.0,3.0,0.0,3.0,44.0,4.0,14.0,4.0,22.0,99.0,112
351610,2012,0.0,0.0,0.0,0.0,0.0,1.0,2.0,0.0,0.0,0.0,25.0,37
351610,2013,0.0,0.0,0.0,0.0,0.0,0.0,0.0,0.0,0.0,0.0,27.0,39
351610,2014,2.0,0.0,0.0,0.0,2.0,12.0,1.0,4.0,3.0,3.0,27.0,40
351610,2015,1.0,0.0,2.0,0.0,1.0,13.0,3.0,1.0,5.0,4.0,30.0,40
351610,2016,4.0,0.0,0.0,1.0,0.0,5.0,1.0,0.0,3.0,2.0,16.0,34
351610,2017,3.0,0.0,0.0,1.0,0.0,8.0,2.0,0.0,10.0,1.0,25.0,33
351610,2018,1.0,0.0,0.0,0.0,0.0,6.0,0.0,0.0,6.0,0.0,13.0,21
351610,2019,1.0,0.0,0.0,1.0,0.0,7.0,0.0,0.0,8.0,2.0,19.0,31
351620,2012,215.0,7.0,70.0,48.0,64.0,807.0,119.0,31.0,749.0,146.0,2784.0,4468
351620,2013,0.0,0.0,0.0,0.0,0.0,0.0,0.0,0.0,0.0,0.0,2965.0,4635
351620,2014,266.0,14.0,91.0,66.0,90.0,1036.0,319.0,56.0,1001.0,181.0,3147.0,4830
351620,2015,302.0,11.0,130.0,87.0,80.0,1148.0,299.0,86.0,943.0,276.0,3387.0,4911
351620,2016,281.0,7.0,97.0,101.0,87.0,1164.0,337.0,95.0,949.0,259.0,3413.0,4954
351620,2017,299.0,9.0,111.0,103.0,67.0,1295.0,331.0,97.0,907.0,314.0,3550.0,5002
351620,2018,248.0,12.0,111.0,103.0,85.0,1328.0,264.0,75.0,925.0,220.0,3383.0,4976
351620,2019,255.0,11.0,123.0,88.0,85.0,1277.0,226.0,63.0,739.0,215.0,3095.0,4657
351630,2012,140.0,4.0,34.0,28.0,27.0,327.0,117.0,22.0,347.0,52.0,1321.0,2833
351630,2013,0.0,0.0,0.0,0.0,0.0,0.0,0.0,0.0,0.0,0.0,1462.0,2948
351630,2014,143.0,4.0,40.0,48.0,40.0,436.0,160.0,58.0,335.0,112.0,1434.0,3067
351630,2015,160.0,8.0,53.0,67.0,37.0,479.0,160.0,42.0,333.0,101.0,1458.0,3114
351630,2016,110.0,4.0,53.0,54.0,38.0,437.0,160.0,35.0,291.0,75.0,1266.0,2922
351630,2017,112.0,5.0,51.0,48.0,30.0,472.0,120.0,39.0,272.0,85.0,1234.0,2928
351630,2018,100.0,7.0,71.0,46.0,35.0,465.0,103.0,49.0,232.0,78.0,1187.0,2880
351630,2019,88.0,6.0,47.0,50.0,33.0,448.0,128.0,37.0,270.0,73.0,1180.0,2838
351640,2012,107.0,3.0,34.0,26.0,31.0,262.0,104.0,15.0,299.0,56.0,1184.0,2132
351640,2013,0.0,0.0,0.0,0.0,0.0,0.0,0.0,0.0,0.0,0.0,1172.0,2066
351640,2014,137.0,14.0,37.0,34.0,25.0,354.0,140.0,69.0,280.0,126.0,1260.0,2243
351640,2015,129.0,9.0,33.0,64.0,31.0,391.0,103.0,68.0,248.0,136.0,1221.0,2368
351640,2016,119.0,9.0,37.0,37.0,18.0,385.0,116.0,38.0,271.0,86.0,1122.0,2239
351640,2017,121.0,2.0,43.0,34.0,16.0,407.0,116.0,42.0,265.0,68.0,1116.0,2318
351640,2018,75.0,4.0,32.0,31.0,27.0,375.0,130.0,55.0,246.0,86.0,1061.0,2204
351640,2019,88.0,5.0,54.0,38.0,23.0,417.0,119.0,52.0,209.0,92.0,1097.0,2160
351650,2012,1.0,0.0,0.0,0.0,1.0,4.0,1.0,0.0,7.0,1.0,30.0,36
351650,2013,0.0,0.0,0.0,0.0,0.0,0.0,0.0,0.0,0.0,0.0,39.0,43
351650,2014,3.0,0.0,5.0,0.0,1.0,12.0,3.0,1.0,4.0,0.0,32.0,33
351650,2015,2.0,0.0,0.0,1.0,0.0,15.0,2.0,1.0,8.0,0.0,29.0,32
351650,2016,2.0,0.0,2.0,0.0,0.0,10.0,1.0,0.0,8.0,0.0,23.0,28
351650,2017,2.0,0.0,0.0,0.0,0.0,13.0,1.0,0.0,5.0,0.0,21.0,25
351650,2018,3.0,0.0,2.0,2.0,0.0,12.0,0.0,0.0,6.0,5.0,31.0,38
351650,2019,0.0,0.0,0.0,0.0,0.0,12.0,0.0,0.0,5.0,1.0,18.0,22
351660,2012,0.0,0.0,0.0,0.0,0.0,0.0,0.0,0.0,1.0,1.0,48.0,77
351660,2013,0.0,0.0,0.0,0.0,0.0,0.0,0.0,0.0,0.0,0.0,40.0,72
351660,2014,4.0,0.0,0.0,0.0,1.0,22.0,5.0,2.0,11.0,4.0,49.0,72
351660,2015,4.0,0.0,0.0,1.0,1.0,13.0,8.0,1.0,11.0,1.0,41.0,67
351660,2016,8.0,0.0,2.0,0.0,0.0,14.0,0.0,1.0,16.0,4.0,45.0,65
351660,2017,7.0,0.0,3.0,1.0,3.0,19.0,6.0,1.0,11.0,0.0,51.0,78
351660,2018,3.0,0.0,2.0,2.0,1.0,24.0,4.0,0.0,14.0,5.0,55.0,79
351660,2019,3.0,0.0,2.0,3.0,1.0,23.0,2.0,3.0,6.0,8.0,51.0,64
351670,2012,1.0,0.0,19.0,0.0,0.0,0.0,0.0,0.0,0.0,1.0,363.0,538
351670,2013,0.0,0.0,0.0,0.0,0.0,0.0,0.0,0.0,0.0,0.0,375.0,538
351670,2014,22.0,0.0,3.0,9.0,9.0,121.0,28.0,19.0,87.0,64.0,368.0,545
351670,2015,37.0,0.0,12.0,8.0,8.0,140.0,35.0,20.0,71.0,46.0,382.0,553
351670,2016,24.0,0.0,8.0,9.0,14.0,125.0,21.0,15.0,78.0,59.0,353.0,509
351670,2017,28.0,0.0,11.0,6.0,8.0,130.0,24.0,30.0,76.0,84.0,397.0,530
351670,2018,16.0,2.0,9.0,7.0,10.0,133.0,29.0,26.0,61.0,79.0,372.0,528
351670,2019,20.0,2.0,13.0,6.0,12.0,132.0,30.0,27.0,45.0,69.0,356.0,516
351680,2012,7.0,0.0,0.0,1.0,0.0,10.0,4.0,0.0,11.0,2.0,45.0,54
351680,2013,0.0,0.0,0.0,0.0,0.0,0.0,0.0,0.0,0.0,0.0,45.0,49
351680,2014,3.0,0.0,3.0,3.0,2.0,10.0,5.0,0.0,12.0,0.0,40.0,44
351680,2015,7.0,0.0,0.0,0.0,0.0,11.0,2.0,1.0,13.0,5.0,40.0,44
351680,2016,1.0,0.0,0.0,3.0,1.0,20.0,3.0,1.0,12.0,2.0,43.0,49
351680,2017,0.0,1.0,4.0,1.0,0.0,22.0,4.0,2.0,7.0,4.0,45.0,49
351680,2018,3.0,0.0,0.0,1.0,0.0,12.0,2.0,0.0,6.0,4.0,28.0,35
351680,2019,1.0,0.0,0.0,0.0,0.0,15.0,2.0,0.0,1.0,3.0,22.0,29
351685,2012,5.0,0.0,0.0,2.0,1.0,13.0,1.0,1.0,13.0,6.0,47.0,58
351685,2013,0.0,0.0,0.0,0.0,0.0,0.0,0.0,0.0,0.0,0.0,53.0,66
351685,2014,3.0,0.0,0.0,1.0,0.0,20.0,3.0,1.0,15.0,4.0,48.0,60
351685,2015,1.0,0.0,8.0,0.0,1.0,20.0,5.0,0.0,9.0,2.0,47.0,67
351685,2016,2.0,0.0,0.0,1.0,0.0,13.0,2.0,1.0,9.0,0.0,32.0,55
351685,2017,1.0,0.0,0.0,2.0,0.0,20.0,6.0,0.0,11.0,1.0,42.0,69
351685,2018,1.0,0.0,0.0,0.0,1.0,17.0,5.0,1.0,9.0,1.0,35.0,61
351685,2019,1.0,0.0,0.0,0.0,3.0,28.0,3.0,2.0,15.0,4.0,56.0,78
351690,2012,6.0,0.0,4.0,1.0,2.0,15.0,1.0,0.0,20.0,4.0,89.0,108
351690,2013,0.0,0.0,0.0,0.0,0.0,0.0,0.0,0.0,0.0,0.0,102.0,124
351690,2014,16.0,0.0,4.0,0.0,1.0,32.0,12.0,5.0,26.0,3.0,112.0,134
351690,2015,11.0,0.0,2.0,1.0,0.0,19.0,4.0,1.0,24.0,6.0,85.0,102
351690,2016,9.0,0.0,4.0,0.0,3.0,30.0,5.0,4.0,28.0,15.0,99.0,113
351690,2017,10.0,0.0,2.0,3.0,0.0,37.0,14.0,2.0,27.0,10.0,105.0,122
351690,2018,16.0,0.0,0.0,3.0,2.0,41.0,5.0,1.0,29.0,11.0,108.0,121
351690,2019,9.0,0.0,0.0,2.0,3.0,31.0,5.0,4.0,17.0,9.0,81.0,93
351700,2012,9.0,0.0,2.0,1.0,0.0,26.0,3.0,3.0,18.0,17.0,82.0,106
351700,2013,0.0,0.0,0.0,0.0,0.0,0.0,0.0,0.0,0.0,0.0,83.0,113
351700,2014,12.0,0.0,0.0,0.0,1.0,29.0,3.0,5.0,13.0,17.0,86.0,117
351700,2015,14.0,0.0,0.0,0.0,0.0,33.0,5.0,1.0,14.0,12.0,81.0,123
351700,2016,10.0,0.0,0.0,1.0,1.0,24.0,5.0,1.0,18.0,5.0,66.0,104
351700,2017,5.0,0.0,2.0,1.0,1.0,33.0,4.0,1.0,14.0,7.0,68.0,100
351700,2018,5.0,0.0,2.0,1.0,1.0,23.0,4.0,1.0,17.0,11.0,65.0,92
351700,2019,6.0,1.0,4.0,2.0,3.0,30.0,5.0,0.0,8.0,3.0,62.0,91
351710,2012,4.0,0.0,0.0,4.0,2.0,16.0,1.0,1.0,9.0,4.0,47.0,54
351710,2013,0.0,0.0,0.0,0.0,0.0,0.0,0.0,0.0,0.0,0.0,55.0,61
351710,2014,6.0,0.0,2.0,1.0,0.0,30.0,6.0,0.0,12.0,6.0,64.0,65
351710,2015,5.0,1.0,2.0,1.0,0.0,24.0,2.0,1.0,10.0,6.0,52.0,63
351710,2016,3.0,0.0,2.0,1.0,1.0,8.0,5.0,2.0,9.0,2.0,33.0,37
351710,2017,3.0,0.0,0.0,0.0,1.0,23.0,2.0,0.0,15.0,5.0,49.0,58
351710,2018,3.0,0.0,0.0,1.0,0.0,26.0,1.0,0.0,11.0,6.0,48.0,53
351710,2019,5.0,0.0,2.0,1.0,1.0,18.0,4.0,1.0,5.0,1.0,38.0,51
351720,2012,24.0,0.0,2.0,1.0,0.0,39.0,7.0,0.0,17.0,23.0,128.0,164
351720,2013,0.0,0.0,0.0,0.0,0.0,0.0,0.0,0.0,0.0,0.0,88.0,127
351720,2014,18.0,0.0,6.0,0.0,3.0,33.0,5.0,3.0,20.0,14.0,114.0,156
351720,2015,14.0,0.0,2.0,2.0,1.0,34.0,6.0,3.0,24.0,4.0,94.0,135
351720,2016,16.0,0.0,0.0,1.0,1.0,45.0,7.0,2.0,20.0,5.0,98.0,160
351720,2017,18.0,0.0,4.0,3.0,0.0,46.0,9.0,1.0,22.0,12.0,116.0,152
351720,2018,16.0,0.0,4.0,0.0,1.0,43.0,6.0,2.0,21.0,8.0,101.0,140
351720,2019,9.0,0.0,2.0,2.0,0.0,49.0,4.0,4.0,27.0,5.0,102.0,142
351730,2012,5.0,0.0,0.0,0.0,1.0,5.0,3.0,2.0,5.0,7.0,70.0,106
351730,2013,0.0,0.0,0.0,0.0,0.0,0.0,0.0,0.0,0.0,0.0,44.0,78
351730,2014,6.0,0.0,2.0,1.0,1.0,16.0,5.0,1.0,13.0,3.0,50.0,69
351730,2015,5.0,1.0,0.0,2.0,2.0,10.0,6.0,1.0,9.0,6.0,44.0,69
351730,2016,6.0,0.0,2.0,2.0,1.0,20.0,3.0,0.0,13.0,2.0,50.0,80
351730,2017,2.0,0.0,4.0,3.0,3.0,17.0,4.0,0.0,20.0,3.0,56.0,89
351730,2018,6.0,0.0,0.0,1.0,1.0,15.0,4.0,0.0,3.0,2.0,32.0,50
351730,2019,5.0,0.0,0.0,0.0,1.0,21.0,2.0,2.0,5.0,2.0,38.0,72
351740,2012,34.0,6.0,7.0,1.0,4.0,72.0,7.0,0.0,76.0,4.0,437.0,477
351740,2013,0.0,0.0,0.0,0.0,0.0,0.0,0.0,0.0,0.0,0.0,428.0,474
351740,2014,34.0,17.0,12.0,14.0,12.0,130.0,53.0,6.0,152.0,13.0,449.0,480
351740,2015,15.0,5.0,2.0,37.0,16.0,138.0,30.0,10.0,122.0,14.0,394.0,442
351740,2016,24.0,7.0,9.0,31.0,22.0,144.0,34.0,1.0,126.0,0.0,401.0,441
351740,2017,39.0,0.0,18.0,32.0,31.0,159.0,43.0,9.0,119.0,12.0,462.0,479
351740,2018,39.0,0.0,12.0,22.0,22.0,165.0,35.0,5.0,114.0,8.0,422.0,457
351740,2019,22.0,2.0,3.0,16.0,6.0,203.0,51.0,1.0,146.0,4.0,454.0,487
351750,2012,12.0,0.0,2.0,5.0,4.0,58.0,10.0,6.0,39.0,15.0,176.0,212
351750,2013,0.0,0.0,0.0,0.0,0.0,0.0,0.0,0.0,0.0,0.0,174.0,201
351750,2014,19.0,0.0,10.0,7.0,3.0,53.0,14.0,4.0,55.0,24.0,189.0,232
351750,2015,26.0,0.0,2.0,5.0,2.0,77.0,22.0,5.0,51.0,24.0,215.0,246
351750,2016,15.0,0.0,2.0,6.0,6.0,83.0,19.0,7.0,60.0,19.0,217.0,256
351750,2017,20.0,0.0,2.0,4.0,4.0,72.0,15.0,7.0,43.0,32.0,199.0,240
351750,2018,19.0,0.0,12.0,6.0,1.0,76.0,15.0,11.0,39.0,24.0,203.0,254
351750,2019,15.0,0.0,8.0,6.0,0.0,83.0,10.0,5.0,34.0,30.0,191.0,238
351760,2012,11.0,2.0,1.0,2.0,3.0,40.0,7.0,3.0,22.0,21.0,142.0,248
351760,2013,0.0,0.0,0.0,0.0,0.0,0.0,0.0,0.0,0.0,0.0,152.0,254
351760,2014,9.0,0.0,3.0,1.0,2.0,60.0,11.0,6.0,38.0,20.0,152.0,244
351760,2015,4.0,0.0,4.0,3.0,2.0,55.0,9.0,15.0,41.0,32.0,165.0,258
351760,2016,10.0,0.0,0.0,2.0,0.0,45.0,5.0,13.0,20.0,40.0,135.0,222
351760,2017,11.0,0.0,6.0,8.0,2.0,68.0,3.0,20.0,17.0,48.0,183.0,272
351760,2018,21.0,0.0,4.0,2.0,0.0,64.0,5.0,15.0,14.0,50.0,175.0,259
351760,2019,19.0,0.0,6.0,5.0,3.0,63.0,11.0,18.0,11.0,33.0,169.0,248
351770,2012,10.0,1.0,8.0,1.0,0.0,23.0,0.0,1.0,5.0,10.0,186.0,239
351770,2013,0.0,0.0,0.0,0.0,0.0,0.0,0.0,0.0,0.0,0.0,174.0,222
351770,2014,28.0,2.0,4.0,1.0,3.0,71.0,18.0,8.0,34.0,24.0,217.0,251
351770,2015,21.0,0.0,5.0,2.0,5.0,64.0,12.0,8.0,40.0,36.0,226.0,267
351770,2016,11.0,1.0,7.0,5.0,1.0,63.0,16.0,9.0,35.0,17.0,165.0,188
351770,2017,21.0,0.0,4.0,2.0,4.0,81.0,16.0,5.0,50.0,24.0,216.0,240
351770,2018,30.0,1.0,9.0,2.0,2.0,72.0,11.0,11.0,41.0,31.0,214.0,235
351770,2019,17.0,0.0,4.0,4.0,2.0,77.0,11.0,16.0,39.0,25.0,195.0,219
351780,2012,4.0,0.0,0.0,2.0,0.0,15.0,1.0,2.0,13.0,6.0,62.0,81
351780,2013,0.0,0.0,0.0,0.0,0.0,0.0,0.0,0.0,0.0,0.0,59.0,78
351780,2014,10.0,0.0,0.0,0.0,0.0,16.0,0.0,1.0,10.0,8.0,53.0,71
351780,2015,3.0,0.0,0.0,1.0,2.0,17.0,0.0,4.0,19.0,5.0,63.0,77
351780,2016,2.0,0.0,4.0,0.0,1.0,17.0,1.0,3.0,3.0,21.0,68.0,82
351780,2017,6.0,0.0,2.0,3.0,0.0,20.0,1.0,4.0,5.0,11.0,55.0,71
351780,2018,3.0,0.0,2.0,0.0,2.0,33.0,3.0,3.0,7.0,17.0,70.0,77
351780,2019,9.0,0.0,2.0,0.0,0.0,23.0,0.0,5.0,5.0,19.0,63.0,75
351790,2012,2.0,0.0,2.0,1.0,1.0,17.0,0.0,2.0,26.0,8.0,102.0,120
351790,2013,0.0,0.0,0.0,0.0,0.0,0.0,0.0,0.0,0.0,0.0,90.0,127
351790,2014,3.0,0.0,2.0,1.0,0.0,42.0,13.0,1.0,28.0,3.0,94.0,114
351790,2015,10.0,0.0,0.0,0.0,0.0,27.0,12.0,3.0,25.0,11.0,89.0,113
351790,2016,9.0,0.0,3.0,0.0,0.0,28.0,12.0,3.0,22.0,3.0,80.0,95
351790,2017,7.0,0.0,2.0,3.0,2.0,43.0,9.0,2.0,31.0,7.0,106.0,123
351790,2018,4.0,1.0,7.0,1.0,2.0,42.0,5.0,5.0,12.0,11.0,90.0,111
351790,2019,9.0,0.0,0.0,3.0,0.0,42.0,7.0,5.0,23.0,8.0,97.0,114
351800,2012,2.0,0.0,0.0,0.0,0.0,0.0,0.0,0.0,0.0,0.0,12.0,16
351800,2013,0.0,0.0,0.0,0.0,0.0,0.0,0.0,0.0,0.0,0.0,16.0,18
351800,2014,1.0,0.0,0.0,0.0,0.0,6.0,1.0,0.0,5.0,1.0,18.0,23
351800,2015,1.0,0.0,0.0,1.0,0.0,4.0,3.0,0.0,1.0,1.0,14.0,20
351800,2016,2.0,0.0,0.0,0.0,0.0,5.0,1.0,0.0,4.0,1.0,13.0,17
351800,2017,0.0,0.0,0.0,0.0,0.0,4.0,0.0,0.0,4.0,1.0,9.0,11
351800,2018,3.0,0.0,0.0,1.0,0.0,9.0,1.0,1.0,4.0,2.0,21.0,25
351800,2019,3.0,0.0,0.0,0.0,0.0,6.0,5.0,0.0,4.0,2.0,20.0,24
351810,2012,1.0,0.0,0.0,0.0,0.0,3.0,0.0,0.0,0.0,1.0,40.0,92
351810,2013,0.0,0.0,0.0,0.0,0.0,0.0,0.0,0.0,0.0,0.0,45.0,72
351810,2014,8.0,0.0,0.0,0.0,0.0,14.0,2.0,2.0,4.0,4.0,39.0,68
351810,2015,7.0,0.0,0.0,1.0,0.0,9.0,7.0,0.0,11.0,2.0,41.0,74
351810,2016,6.0,0.0,1.0,1.0,1.0,9.0,8.0,1.0,11.0,3.0,44.0,77
351810,2017,5.0,0.0,0.0,0.0,1.0,13.0,3.0,0.0,15.0,1.0,41.0,86
351810,2018,6.0,0.0,0.0,0.0,1.0,15.0,2.0,0.0,7.0,5.0,40.0,80
351810,2019,2.0,0.0,0.0,1.0,0.0,17.0,1.0,3.0,9.0,2.0,36.0,63
351820,2012,26.0,2.0,8.0,7.0,6.0,85.0,8.0,3.0,48.0,27.0,245.0,399
351820,2013,0.0,0.0,0.0,0.0,0.0,0.0,0.0,0.0,0.0,0.0,242.0,390
351820,2014,25.0,3.0,6.0,5.0,1.0,78.0,24.0,13.0,50.0,39.0,245.0,381
351820,2015,22.0,2.0,18.0,8.0,9.0,90.0,17.0,9.0,53.0,26.0,257.0,425
351820,2016,27.0,0.0,2.0,7.0,7.0,87.0,22.0,9.0,57.0,33.0,253.0,377
351820,2017,35.0,0.0,12.0,3.0,4.0,92.0,14.0,8.0,66.0,32.0,267.0,370
351820,2018,23.0,0.0,5.0,7.0,4.0,83.0,26.0,16.0,51.0,34.0,249.0,339
351820,2019,22.0,0.0,14.0,5.0,0.0,91.0,19.0,20.0,59.0,33.0,263.0,357
351830,2012,22.0,0.0,0.0,4.0,8.0,69.0,17.0,2.0,64.0,10.0,340.0,406
351830,2013,0.0,0.0,0.0,0.0,0.0,0.0,0.0,0.0,0.0,0.0,331.0,411
351830,2014,25.0,0.0,8.0,3.0,2.0,139.0,30.0,18.0,91.0,39.0,357.0,426
351830,2015,20.0,1.0,14.0,4.0,5.0,139.0,40.0,3.0,114.0,24.0,369.0,429
351830,2016,38.0,0.0,4.0,4.0,2.0,116.0,20.0,10.0,98.0,47.0,341.0,415
351830,2017,26.0,0.0,6.0,9.0,5.0,119.0,24.0,7.0,107.0,31.0,334.0,406
351830,2018,30.0,0.0,17.0,6.0,6.0,152.0,33.0,7.0,83.0,28.0,362.0,419
351830,2019,32.0,3.0,2.0,6.0,2.0,147.0,37.0,9.0,107.0,15.0,363.0,412
351840,2012,45.0,4.0,20.0,52.0,48.0,217.0,22.0,10.0,188.0,60.0,1204.0,1428
351840,2013,0.0,0.0,0.0,0.0,0.0,0.0,0.0,0.0,0.0,0.0,1142.0,1410
351840,2014,80.0,8.0,31.0,44.0,43.0,463.0,86.0,33.0,343.0,122.0,1289.0,1530
351840,2015,92.0,2.0,32.0,19.0,23.0,456.0,62.0,43.0,264.0,162.0,1203.0,1461
351840,2016,87.0,7.0,22.0,15.0,15.0,462.0,59.0,20.0,236.0,134.0,1072.0,1386
351840,2017,74.0,1.0,38.0,12.0,9.0,489.0,50.0,28.0,283.0,97.0,1082.0,1523
351840,2018,84.0,4.0,27.0,40.0,26.0,490.0,62.0,19.0,272.0,65.0,1096.0,1481
351840,2019,117.0,11.0,39.0,29.0,14.0,526.0,80.0,29.0,270.0,130.0,1245.0,1567
351850,2012,6.0,0.0,0.0,1.0,0.0,16.0,5.0,3.0,16.0,8.0,69.0,138
351850,2013,0.0,0.0,0.0,0.0,0.0,0.0,0.0,0.0,0.0,0.0,83.0,155
351850,2014,4.0,0.0,4.0,4.0,1.0,26.0,8.0,2.0,24.0,10.0,87.0,164
351850,2015,1.0,0.0,8.0,3.0,2.0,27.0,3.0,0.0,23.0,1.0,70.0,123
351850,2016,3.0,0.0,4.0,2.0,3.0,38.0,7.0,6.0,11.0,11.0,85.0,157
351850,2017,3.0,0.0,4.0,1.0,1.0,22.0,9.0,4.0,14.0,11.0,69.0,152
351850,2018,10.0,0.0,0.0,1.0,1.0,35.0,8.0,3.0,14.0,12.0,84.0,179
351850,2019,13.0,0.0,0.0,3.0,2.0,34.0,8.0,4.0,18.0,7.0,89.0,158
351860,2012,42.0,0.0,6.0,7.0,5.0,89.0,21.0,3.0,106.0,19.0,366.0,560
351860,2013,0.0,0.0,0.0,0.0,0.0,0.0,0.0,0.0,0.0,0.0,349.0,583
351860,2014,28.0,1.0,6.0,6.0,12.0,122.0,22.0,6.0,83.0,11.0,302.0,530
351860,2015,18.0,0.0,2.0,10.0,8.0,123.0,27.0,6.0,75.0,23.0,299.0,486
351860,2016,29.0,0.0,6.0,5.0,8.0,115.0,21.0,7.0,72.0,17.0,280.0,498
351860,2017,28.0,0.0,8.0,6.0,8.0,120.0,33.0,2.0,55.0,23.0,285.0,502
351860,2018,19.0,0.0,14.0,10.0,8.0,122.0,23.0,8.0,55.0,21.0,283.0,528
351860,2019,13.0,0.0,7.0,11.0,6.0,118.0,23.0,7.0,57.0,25.0,268.0,480
351870,2012,227.0,9.0,99.0,50.0,65.0,883.0,159.0,40.0,789.0,202.0,2635.0,4937
351870,2013,0.0,0.0,0.0,0.0,0.0,0.0,0.0,0.0,0.0,0.0,2476.0,4637
351870,2014,198.0,2.0,73.0,47.0,43.0,930.0,257.0,70.0,642.0,172.0,2449.0,4674
351870,2015,254.0,4.0,102.0,40.0,33.0,936.0,221.0,119.0,595.0,231.0,2556.0,4752
351870,2016,280.0,5.0,65.0,51.0,29.0,872.0,189.0,137.0,447.0,270.0,2357.0,4444
351870,2017,202.0,3.0,76.0,56.0,41.0,842.0,248.0,110.0,515.0,243.0,2349.0,4429
351870,2018,160.0,3.0,94.0,46.0,41.0,883.0,140.0,156.0,367.0,378.0,2317.0,4497
351870,2019,176.0,11.0,71.0,67.0,53.0,824.0,184.0,143.0,376.0,257.0,2208.0,4139
351880,2012,1251.0,42.0,379.0,351.0,360.0,3771.0,1023.0,255.0,4131.0,797.0,12497.0,21455
351880,2013,0.0,0.0,0.0,0.0,0.0,0.0,0.0,0.0,0.0,0.0,12193.0,21325
351880,2014,1061.0,42.0,386.0,326.0,252.0,4019.0,1477.0,349.0,3675.0,787.0,12428.0,21775
351880,2015,935.0,45.0,463.0,342.0,262.0,4065.0,1533.0,234.0,3725.0,492.0,12141.0,22315
351880,2016,853.0,60.0,441.0,381.0,280.0,3974.0,1401.0,209.0,3400.0,458.0,11475.0,20969
351880,2017,792.0,123.0,453.0,339.0,247.0,4147.0,1307.0,231.0,3147.0,448.0,11236.0,21219
351880,2018,895.0,69.0,426.0,332.0,287.0,4215.0,1282.0,224.0,2935.0,559.0,11224.0,21112
351880,2019,881.0,64.0,472.0,354.0,239.0,4101.0,1259.0,289.0,2858.0,570.0,11087.0,20479
351885,2012,8.0,0.0,2.0,3.0,0.0,16.0,4.0,5.0,13.0,5.0,58.0,106
351885,2013,0.0,0.0,0.0,0.0,0.0,0.0,0.0,0.0,0.0,0.0,40.0,79
351885,2014,4.0,0.0,2.0,4.0,3.0,21.0,5.0,1.0,12.0,7.0,60.0,114
351885,2015,4.0,0.0,0.0,1.0,0.0,16.0,6.0,5.0,13.0,5.0,50.0,108
351885,2016,6.0,0.0,2.0,2.0,1.0,19.0,3.0,0.0,8.0,4.0,46.0,88
351885,2017,2.0,0.0,0.0,2.0,2.0,20.0,0.0,3.0,10.0,11.0,52.0,110
351885,2018,4.0,2.0,0.0,1.0,0.0,14.0,4.0,4.0,4.0,6.0,39.0,88
351885,2019,3.0,0.0,1.0,1.0,3.0,15.0,4.0,1.0,11.0,4.0,43.0,104
351890,2012,4.0,0.0,0.0,3.0,1.0,14.0,6.0,0.0,10.0,1.0,47.0,66
351890,2013,0.0,0.0,0.0,0.0,0.0,0.0,0.0,0.0,0.0,0.0,51.0,63
351890,2014,8.0,0.0,0.0,1.0,0.0,14.0,6.0,1.0,16.0,3.0,52.0,59
351890,2015,4.0,0.0,2.0,0.0,0.0,17.0,7.0,1.0,16.0,3.0,56.0,64
351890,2016,4.0,0.0,0.0,0.0,1.0,16.0,4.0,0.0,19.0,4.0,48.0,62
351890,2017,3.0,0.0,0.0,1.0,1.0,20.0,5.0,0.0,9.0,4.0,43.0,53
351890,2018,2.0,0.0,0.0,0.0,1.0,17.0,4.0,2.0,15.0,0.0,41.0,51
351890,2019,1.0,0.0,2.0,2.0,0.0,20.0,3.0,1.0,5.0,2.0,36.0,49
351900,2012,0.0,0.0,0.0,0.0,0.0,0.0,0.0,0.0,0.0,0.0,64.0,116
351900,2013,0.0,0.0,0.0,0.0,0.0,0.0,0.0,0.0,0.0,0.0,48.0,96
351900,2014,2.0,0.0,0.0,1.0,1.0,19.0,6.0,1.0,18.0,7.0,58.0,102
351900,2015,6.0,1.0,0.0,0.0,1.0,20.0,1.0,3.0,14.0,8.0,56.0,108
351900,2016,7.0,0.0,2.0,2.0,1.0,18.0,4.0,0.0,14.0,12.0,60.0,103
351900,2017,6.0,0.0,0.0,2.0,2.0,18.0,4.0,3.0,19.0,6.0,60.0,104
351900,2018,4.0,0.0,4.0,0.0,2.0,24.0,5.0,1.0,16.0,7.0,63.0,90
351900,2019,6.0,0.0,0.0,1.0,5.0,34.0,11.0,5.0,11.0,9.0,82.0,116
351905,2012,8.0,0.0,4.0,4.0,3.0,40.0,9.0,3.0,47.0,20.0,146.0,186
351905,2013,0.0,0.0,0.0,0.0,0.0,0.0,0.0,0.0,0.0,0.0,93.0,160
351905,2014,7.0,0.0,6.0,2.0,4.0,43.0,18.0,5.0,32.0,12.0,131.0,193
351905,2015,9.0,0.0,10.0,8.0,6.0,57.0,5.0,5.0,27.0,26.0,153.0,226
351905,2016,10.0,1.0,9.0,7.0,2.0,46.0,8.0,14.0,29.0,19.0,145.0,214
351905,2017,9.0,1.0,6.0,3.0,4.0,56.0,10.0,10.0,30.0,20.0,149.0,222
351905,2018,10.0,0.0,2.0,6.0,2.0,53.0,11.0,1.0,24.0,13.0,122.0,206
351905,2019,4.0,3.0,7.0,2.0,3.0,43.0,11.0,3.0,27.0,17.0,120.0,185
351907,2012,204.0,6.0,81.0,44.0,36.0,558.0,101.0,34.0,405.0,109.0,1855.0,2954
351907,2013,0.0,0.0,0.0,0.0,0.0,0.0,0.0,0.0,0.0,0.0,1940.0,2987
351907,2014,174.0,2.0,56.0,50.0,51.0,585.0,179.0,94.0,403.0,242.0,1918.0,3025
351907,2015,149.0,5.0,90.0,56.0,44.0,650.0,206.0,94.0,474.0,211.0,2035.0,3170
351907,2016,139.0,1.0,57.0,49.0,34.0,674.0,145.0,128.0,324.0,371.0,1934.0,3065
351907,2017,158.0,4.0,77.0,57.0,34.0,682.0,162.0,99.0,426.0,327.0,2035.0,3094
351907,2018,120.0,2.0,65.0,51.0,42.0,770.0,193.0,124.0,380.0,333.0,2089.0,3054
351907,2019,134.0,3.0,66.0,30.0,28.0,760.0,178.0,95.0,400.0,245.0,1943.0,2954
351910,2012,3.0,0.0,3.0,2.0,1.0,3.0,0.0,0.0,4.0,0.0,64.0,106
351910,2013,0.0,0.0,0.0,0.0,0.0,0.0,0.0,0.0,0.0,0.0,93.0,127
351910,2014,3.0,0.0,1.0,4.0,1.0,15.0,5.0,1.0,29.0,1.0,132.0,155
351910,2015,15.0,0.0,2.0,3.0,2.0,26.0,16.0,0.0,28.0,2.0,141.0,166
351910,2016,12.0,1.0,2.0,0.0,1.0,10.0,6.0,0.0,19.0,0.0,114.0,124
351910,2017,13.0,0.0,0.0,2.0,1.0,33.0,4.0,7.0,30.0,20.0,110.0,131
351910,2018,11.0,0.0,3.0,2.0,4.0,37.0,17.0,6.0,38.0,9.0,127.0,138
351910,2019,12.0,2.0,2.0,1.0,0.0,55.0,1.0,21.0,9.0,42.0,146.0,154
351920,2012,1.0,0.0,0.0,0.0,0.0,0.0,0.0,0.0,0.0,0.0,40.0,70
351920,2013,0.0,0.0,0.0,0.0,0.0,0.0,0.0,0.0,0.0,0.0,42.0,75
351920,2014,4.0,0.0,0.0,0.0,2.0,10.0,1.0,0.0,15.0,5.0,42.0,66
351920,2015,6.0,0.0,0.0,2.0,0.0,10.0,2.0,0.0,11.0,4.0,35.0,59
351920,2016,3.0,0.0,2.0,0.0,0.0,5.0,1.0,2.0,8.0,5.0,26.0,49
351920,2017,2.0,0.0,2.0,1.0,1.0,16.0,3.0,2.0,3.0,2.0,32.0,56
351920,2018,6.0,0.0,2.0,1.0,0.0,15.0,5.0,1.0,11.0,4.0,45.0,68
351920,2019,3.0,0.0,0.0,1.0,2.0,21.0,4.0,4.0,12.0,4.0,51.0,63
351925,2012,2.0,0.0,0.0,2.0,0.0,9.0,0.0,0.0,1.0,2.0,24.0,56
351925,2013,0.0,0.0,0.0,0.0,0.0,0.0,0.0,0.0,0.0,0.0,41.0,82
351925,2014,2.0,2.0,2.0,0.0,1.0,16.0,3.0,3.0,6.0,7.0,47.0,78
351925,2015,3.0,0.0,0.0,2.0,1.0,7.0,1.0,2.0,5.0,7.0,28.0,74
351925,2016,6.0,0.0,0.0,3.0,1.0,9.0,4.0,1.0,7.0,9.0,43.0,99
351925,2017,1.0,0.0,0.0,1.0,2.0,20.0,4.0,2.0,3.0,3.0,36.0,70
351925,2018,0.0,0.0,0.0,0.0,0.0,20.0,4.0,0.0,3.0,4.0,33.0,68
351925,2019,2.0,0.0,4.0,2.0,1.0,11.0,4.0,0.0,3.0,1.0,28.0,77
351930,2012,41.0,0.0,9.0,7.0,1.0,140.0,68.0,4.0,135.0,38.0,446.0,518
351930,2013,0.0,0.0,0.0,0.0,0.0,0.0,0.0,0.0,0.0,0.0,439.0,498
351930,2014,27.0,0.0,13.0,3.0,2.0,166.0,58.0,4.0,183.0,9.0,465.0,525
351930,2015,21.0,0.0,4.0,5.0,7.0,150.0,56.0,4.0,148.0,13.0,408.0,481
351930,2016,18.0,0.0,5.0,5.0,5.0,158.0,74.0,2.0,114.0,15.0,401.0,479
351930,2017,24.0,1.0,10.0,6.0,5.0,197.0,31.0,3.0,116.0,23.0,426.0,502
351930,2018,15.0,1.0,8.0,3.0,6.0,189.0,36.0,7.0,124.0,26.0,420.0,524
351930,2019,21.0,1.0,15.0,10.0,4.0,185.0,28.0,6.0,97.0,34.0,402.0,514
351940,2012,11.0,0.0,0.0,2.0,0.0,24.0,2.0,3.0,20.0,14.0,90.0,108
351940,2013,0.0,0.0,0.0,0.0,0.0,0.0,0.0,0.0,0.0,0.0,104.0,132
351940,2014,14.0,0.0,2.0,4.0,1.0,50.0,13.0,4.0,34.0,11.0,134.0,174
351940,2015,14.0,0.0,2.0,1.0,1.0,30.0,8.0,1.0,38.0,9.0,104.0,132
351940,2016,6.0,0.0,4.0,1.0,2.0,35.0,7.0,3.0,40.0,19.0,117.0,146
351940,2017,14.0,0.0,2.0,0.0,2.0,44.0,6.0,5.0,29.0,16.0,118.0,146
351940,2018,10.0,0.0,0.0,2.0,0.0,42.0,5.0,6.0,17.0,16.0,98.0,128
351940,2019,11.0,0.0,2.0,3.0,1.0,53.0,4.0,4.0,18.0,12.0,108.0,141
351950,2012,3.0,0.0,4.0,0.0,0.0,6.0,2.0,0.0,8.0,0.0,77.0,94
351950,2013,0.0,0.0,0.0,0.0,0.0,0.0,0.0,0.0,0.0,0.0,66.0,91
351950,2014,0.0,2.0,1.0,1.0,1.0,19.0,3.0,2.0,10.0,9.0,61.0,72
351950,2015,1.0,0.0,2.0,2.0,1.0,9.0,2.0,2.0,5.0,2.0,44.0,74
351950,2016,3.0,0.0,0.0,2.0,1.0,22.0,4.0,0.0,13.0,7.0,52.0,72
351950,2017,2.0,0.0,2.0,1.0,0.0,17.0,3.0,1.0,11.0,7.0,44.0,67
351950,2018,1.0,0.0,0.0,0.0,2.0,28.0,1.0,1.0,5.0,9.0,47.0,76
351950,2019,4.0,0.0,1.0,1.0,2.0,16.0,2.0,4.0,11.0,6.0,47.0,60
351960,2012,49.0,0.0,12.0,6.0,11.0,212.0,17.0,7.0,184.0,56.0,562.0,709
351960,2013,0.0,0.0,0.0,0.0,0.0,0.0,0.0,0.0,0.0,0.0,535.0,693
351960,2014,54.0,0.0,22.0,10.0,17.0,195.0,31.0,24.0,140.0,78.0,579.0,739
351960,2015,42.0,0.0,23.0,13.0,17.0,208.0,41.0,15.0,140.0,86.0,601.0,790
351960,2016,50.0,1.0,12.0,9.0,8.0,213.0,29.0,17.0,126.0,77.0,545.0,708
351960,2017,43.0,2.0,21.0,19.0,14.0,248.0,33.0,15.0,131.0,71.0,598.0,742
351960,2018,45.0,1.0,17.0,15.0,13.0,228.0,36.0,26.0,138.0,93.0,612.0,784
351960,2019,44.0,4.0,10.0,9.0,11.0,244.0,58.0,10.0,189.0,38.0,618.0,757
351970,2012,61.0,2.0,4.0,15.0,12.0,137.0,33.0,13.0,140.0,63.0,594.0,1034
351970,2013,0.0,0.0,0.0,0.0,0.0,0.0,0.0,0.0,0.0,0.0,649.0,1074
351970,2014,66.0,1.0,29.0,18.0,6.0,193.0,49.0,34.0,122.0,91.0,640.0,1086
351970,2015,44.0,2.0,8.0,13.0,9.0,205.0,39.0,34.0,103.0,121.0,647.0,1106
351970,2016,39.0,4.0,9.0,16.0,20.0,220.0,36.0,27.0,90.0,112.0,639.0,1145
351970,2017,51.0,1.0,21.0,22.0,13.0,269.0,69.0,41.0,140.0,92.0,738.0,1177
351970,2018,55.0,3.0,19.0,22.0,13.0,228.0,44.0,37.0,121.0,76.0,635.0,1045
351970,2019,51.0,2.0,12.0,18.0,16.0,235.0,41.0,24.0,133.0,75.0,622.0,1050
351980,2012,8.0,1.0,1.0,1.0,2.0,24.0,0.0,1.0,12.0,15.0,71.0,91
351980,2013,0.0,0.0,0.0,0.0,0.0,0.0,0.0,0.0,0.0,0.0,86.0,104
351980,2014,12.0,0.0,4.0,1.0,0.0,29.0,5.0,5.0,17.0,8.0,81.0,97
351980,2015,10.0,0.0,2.0,0.0,2.0,27.0,8.0,5.0,28.0,13.0,95.0,113
351980,2016,10.0,0.0,0.0,2.0,0.0,29.0,4.0,5.0,19.0,9.0,78.0,89
351980,2017,6.0,0.0,0.0,1.0,1.0,36.0,5.0,4.0,21.0,15.0,89.0,110
351980,2018,9.0,0.0,0.0,1.0,0.0,34.0,3.0,5.0,10.0,14.0,76.0,100
351980,2019,8.0,0.0,1.0,4.0,4.0,31.0,1.0,3.0,11.0,10.0,73.0,89
351990,2012,7.0,0.0,2.0,2.0,1.0,23.0,7.0,0.0,18.0,1.0,82.0,93
351990,2013,0.0,0.0,0.0,0.0,0.0,0.0,0.0,0.0,0.0,0.0,88.0,99
351990,2014,7.0,0.0,0.0,2.0,1.0,27.0,16.0,0.0,15.0,5.0,73.0,92
351990,2015,8.0,0.0,4.0,4.0,4.0,29.0,4.0,1.0,23.0,12.0,90.0,114
351990,2016,9.0,0.0,3.0,0.0,0.0,34.0,4.0,2.0,20.0,7.0,80.0,93
351990,2017,5.0,0.0,5.0,3.0,1.0,35.0,9.0,0.0,28.0,4.0,90.0,103
351990,2018,7.0,0.0,5.0,4.0,2.0,36.0,11.0,1.0,25.0,6.0,97.0,109
351990,2019,6.0,0.0,1.0,2.0,1.0,25.0,10.0,1.0,22.0,1.0,69.0,77
352000,2012,13.0,1.0,4.0,3.0,0.0,25.0,9.0,5.0,36.0,9.0,195.0,298
352000,2013,0.0,0.0,0.0,0.0,0.0,0.0,0.0,0.0,0.0,0.0,194.0,279
352000,2014,14.0,0.0,4.0,4.0,3.0,59.0,22.0,7.0,43.0,22.0,189.0,291
352000,2015,11.0,2.0,4.0,3.0,2.0,48.0,22.0,3.0,49.0,29.0,186.0,271
352000,2016,15.0,3.0,10.0,7.0,5.0,53.0,19.0,3.0,50.0,21.0,201.0,278
352000,2017,15.0,2.0,4.0,3.0,7.0,68.0,13.0,4.0,54.0,17.0,197.0,289
352000,2018,26.0,1.0,9.0,2.0,4.0,70.0,25.0,12.0,60.0,28.0,237.0,297
352000,2019,29.0,0.0,4.0,4.0,1.0,84.0,35.0,8.0,51.0,16.0,233.0,279
352010,2012,25.0,0.0,2.0,4.0,2.0,45.0,7.0,6.0,31.0,38.0,248.0,310
352010,2013,0.0,0.0,0.0,0.0,0.0,0.0,0.0,0.0,0.0,0.0,248.0,297
352010,2014,18.0,0.0,13.0,3.0,7.0,102.0,18.0,9.0,59.0,26.0,277.0,319
352010,2015,20.0,3.0,6.0,2.0,3.0,92.0,22.0,2.0,65.0,20.0,272.0,329
352010,2016,25.0,0.0,4.0,5.0,3.0,101.0,21.0,8.0,63.0,26.0,260.0,298
352010,2017,24.0,1.0,1.0,7.0,2.0,95.0,16.0,14.0,64.0,44.0,299.0,346
352010,2018,32.0,0.0,4.0,6.0,1.0,111.0,12.0,15.0,63.0,39.0,283.0,316
352010,2019,16.0,0.0,0.0,3.0,2.0,119.0,19.0,14.0,58.0,48.0,279.0,294
352020,2012,3.0,0.0,0.0,2.0,2.0,24.0,3.0,3.0,5.0,6.0,64.0,123
352020,2013,0.0,0.0,0.0,0.0,0.0,0.0,0.0,0.0,0.0,0.0,70.0,141
352020,2014,9.0,0.0,0.0,1.0,0.0,20.0,3.0,4.0,15.0,9.0,63.0,128
352020,2015,8.0,1.0,2.0,0.0,0.0,19.0,6.0,2.0,21.0,4.0,63.0,130
352020,2016,9.0,0.0,0.0,1.0,0.0,25.0,6.0,1.0,13.0,4.0,59.0,122
352020,2017,7.0,0.0,4.0,0.0,1.0,17.0,4.0,4.0,3.0,9.0,50.0,118
352020,2018,3.0,0.0,4.0,2.0,0.0,32.0,4.0,7.0,12.0,16.0,80.0,146
352020,2019,5.0,0.0,2.0,2.0,1.0,29.0,4.0,4.0,11.0,14.0,72.0,139
352030,2012,5.0,1.0,0.0,0.0,0.0,17.0,4.0,5.0,12.0,3.0,130.0,393
352030,2013,0.0,0.0,0.0,0.0,0.0,0.0,0.0,0.0,0.0,0.0,129.0,338
352030,2014,10.0,0.0,2.0,2.0,8.0,33.0,8.0,6.0,28.0,9.0,107.0,313
352030,2015,13.0,2.0,6.0,3.0,6.0,34.0,10.0,4.0,25.0,14.0,120.0,394
352030,2016,7.0,0.0,3.0,3.0,5.0,42.0,5.0,3.0,24.0,9.0,101.0,367
352030,2017,18.0,0.0,8.0,4.0,1.0,36.0,7.0,5.0,27.0,8.0,114.0,366
352030,2018,8.0,1.0,8.0,6.0,3.0,33.0,10.0,4.0,21.0,4.0,100.0,373
352030,2019,10.0,1.0,7.0,4.0,6.0,32.0,13.0,2.0,19.0,4.0,98.0,330
352040,2012,6.0,2.0,8.0,1.0,5.0,34.0,10.0,4.0,30.0,11.0,225.0,461
352040,2013,0.0,0.0,0.0,0.0,0.0,0.0,0.0,0.0,0.0,0.0,200.0,448
352040,2014,9.0,4.0,4.0,4.0,2.0,61.0,22.0,11.0,45.0,20.0,184.0,449
352040,2015,10.0,2.0,9.0,6.0,2.0,64.0,4.0,7.0,36.0,15.0,157.0,470
352040,2016,14.0,1.0,6.0,6.0,1.0,57.0,8.0,6.0,44.0,20.0,163.0,488
352040,2017,17.0,1.0,5.0,9.0,7.0,66.0,11.0,3.0,41.0,16.0,176.0,530
352040,2018,19.0,2.0,13.0,5.0,5.0,74.0,18.0,6.0,47.0,17.0,206.0,508
352040,2019,24.0,1.0,10.0,7.0,8.0,76.0,23.0,6.0,46.0,18.0,219.0,541
352042,2012,3.0,0.0,2.0,0.0,0.0,8.0,0.0,0.0,2.0,0.0,39.0,112
352042,2013,0.0,0.0,0.0,0.0,0.0,0.0,0.0,0.0,0.0,0.0,37.0,116
352042,2014,7.0,0.0,4.0,1.0,1.0,17.0,7.0,2.0,16.0,2.0,58.0,136
352042,2015,4.0,0.0,2.0,2.0,2.0,17.0,2.0,2.0,10.0,6.0,48.0,156
352042,2016,0.0,0.0,2.0,1.0,1.0,8.0,4.0,3.0,7.0,2.0,28.0,151
352042,2017,5.0,0.0,6.0,4.0,2.0,17.0,1.0,0.0,14.0,4.0,53.0,159
352042,2018,3.0,0.0,4.0,1.0,1.0,20.0,6.0,0.0,13.0,2.0,52.0,174
352042,2019,1.0,1.0,1.0,4.0,2.0,19.0,5.0,1.0,13.0,1.0,49.0,150
352044,2012,20.0,1.0,0.0,4.0,5.0,66.0,8.0,4.0,66.0,27.0,242.0,297
352044,2013,0.0,0.0,0.0,0.0,0.0,0.0,0.0,0.0,0.0,0.0,219.0,280
352044,2014,21.0,0.0,5.0,2.0,2.0,71.0,14.0,4.0,66.0,19.0,211.0,287
352044,2015,10.0,0.0,0.0,6.0,1.0,70.0,14.0,10.0,65.0,14.0,199.0,275
352044,2016,13.0,0.0,0.0,6.0,3.0,71.0,17.0,5.0,48.0,19.0,185.0,285
352044,2017,18.0,1.0,9.0,6.0,3.0,70.0,14.0,11.0,49.0,22.0,218.0,289
352044,2018,14.0,0.0,8.0,1.0,1.0,85.0,10.0,14.0,40.0,23.0,197.0,261
352044,2019,15.0,0.0,12.0,4.0,1.0,82.0,23.0,7.0,47.0,22.0,215.0,255
352050,2012,213.0,5.0,73.0,32.0,27.0,743.0,96.0,73.0,478.0,340.0,2139.0,2995
352050,2013,0.0,0.0,0.0,0.0,0.0,0.0,0.0,0.0,0.0,0.0,2074.0,2975
352050,2014,193.0,4.0,74.0,35.0,38.0,726.0,179.0,80.0,595.0,184.0,2118.0,3118
352050,2015,129.0,3.0,91.0,42.0,20.0,751.0,200.0,105.0,504.0,245.0,2102.0,3121
352050,2016,140.0,4.0,73.0,43.0,54.0,749.0,170.0,112.0,440.0,277.0,2079.0,3068
352050,2017,155.0,6.0,98.0,45.0,33.0,818.0,148.0,120.0,408.0,257.0,2090.0,3195
352050,2018,208.0,2.0,77.0,43.0,40.0,795.0,142.0,125.0,396.0,303.0,2144.0,3357
352050,2019,174.0,6.0,85.0,38.0,39.0,809.0,150.0,89.0,451.0,207.0,2076.0,3227
352060,2012,5.0,0.0,0.0,1.0,3.0,8.0,1.0,2.0,5.0,7.0,58.0,65
352060,2013,0.0,0.0,0.0,0.0,0.0,0.0,0.0,0.0,0.0,0.0,50.0,63
352060,2014,6.0,0.0,2.0,2.0,0.0,19.0,3.0,3.0,9.0,7.0,59.0,69
352060,2015,7.0,0.0,2.0,0.0,1.0,15.0,3.0,0.0,6.0,7.0,44.0,63
352060,2016,3.0,0.0,0.0,2.0,0.0,14.0,2.0,1.0,10.0,2.0,34.0,50
352060,2017,4.0,0.0,0.0,2.0,1.0,22.0,0.0,2.0,9.0,3.0,43.0,55
352060,2018,6.0,0.0,0.0,2.0,0.0,28.0,2.0,1.0,14.0,2.0,57.0,70
352060,2019,5.0,0.0,0.0,1.0,2.0,22.0,2.0,2.0,10.0,0.0,44.0,56
352070,2012,0.0,0.0,0.0,0.0,0.0,1.0,0.0,0.0,0.0,0.0,39.0,40
352070,2013,0.0,0.0,0.0,0.0,0.0,0.0,0.0,0.0,0.0,0.0,33.0,35
352070,2014,3.0,0.0,0.0,1.0,1.0,19.0,6.0,0.0,8.0,0.0,42.0,44
352070,2015,2.0,0.0,0.0,2.0,1.0,11.0,8.0,0.0,19.0,2.0,45.0,49
352070,2016,3.0,0.0,2.0,1.0,1.0,12.0,2.0,0.0,6.0,0.0,27.0,33
352070,2017,2.0,0.0,0.0,1.0,0.0,10.0,5.0,2.0,12.0,2.0,34.0,37
352070,2018,1.0,0.0,2.0,0.0,0.0,19.0,3.0,0.0,10.0,2.0,37.0,41
352070,2019,1.0,0.0,0.0,1.0,1.0,9.0,0.0,0.0,13.0,4.0,29.0,34
352080,2012,0.0,0.0,0.0,0.0,0.0,1.0,0.0,0.0,0.0,0.0,29.0,34
352080,2013,0.0,0.0,0.0,0.0,0.0,0.0,0.0,0.0,0.0,0.0,36.0,43
352080,2014,5.0,0.0,0.0,0.0,0.0,15.0,2.0,1.0,7.0,1.0,31.0,37
352080,2015,2.0,0.0,2.0,2.0,0.0,16.0,2.0,0.0,5.0,3.0,32.0,36
352080,2016,5.0,0.0,0.0,0.0,1.0,8.0,2.0,0.0,12.0,0.0,28.0,37
352080,2017,4.0,0.0,0.0,0.0,1.0,9.0,3.0,2.0,6.0,2.0,27.0,34
352080,2018,3.0,0.0,0.0,2.0,1.0,16.0,2.0,1.0,7.0,5.0,37.0,43
352080,2019,5.0,0.0,2.0,1.0,1.0,8.0,1.0,0.0,1.0,1.0,20.0,25
352090,2012,4.0,0.0,0.0,0.0,1.0,2.0,0.0,2.0,2.0,1.0,141.0,200
352090,2013,0.0,0.0,0.0,0.0,0.0,0.0,0.0,0.0,0.0,0.0,101.0,163
352090,2014,6.0,1.0,0.0,3.0,0.0,25.0,1.0,4.0,4.0,14.0,109.0,179
352090,2015,5.0,0.0,2.0,5.0,5.0,30.0,3.0,3.0,4.0,29.0,91.0,148
352090,2016,12.0,0.0,2.0,3.0,4.0,48.0,8.0,3.0,15.0,20.0,115.0,169
352090,2017,11.0,0.0,2.0,4.0,1.0,45.0,5.0,9.0,17.0,35.0,129.0,191
352090,2018,17.0,0.0,5.0,3.0,3.0,43.0,8.0,10.0,18.0,20.0,133.0,190
352090,2019,26.0,0.0,3.0,3.0,1.0,52.0,21.0,2.0,33.0,3.0,148.0,187
352100,2012,31.0,2.0,5.0,6.0,3.0,63.0,9.0,6.0,50.0,11.0,202.0,361
352100,2013,0.0,0.0,0.0,0.0,0.0,0.0,0.0,0.0,0.0,0.0,210.0,345
352100,2014,13.0,0.0,3.0,6.0,3.0,70.0,26.0,9.0,39.0,47.0,221.0,359
352100,2015,25.0,0.0,15.0,5.0,4.0,89.0,12.0,13.0,38.0,37.0,240.0,416
352100,2016,18.0,0.0,8.0,8.0,5.0,68.0,17.0,7.0,34.0,24.0,191.0,333
352100,2017,23.0,1.0,14.0,9.0,5.0,85.0,11.0,14.0,40.0,24.0,226.0,348
352100,2018,13.0,1.0,10.0,2.0,8.0,84.0,20.0,10.0,19.0,15.0,182.0,322
352100,2019,21.0,1.0,7.0,3.0,2.0,89.0,12.0,10.0,36.0,17.0,198.0,367
352110,2012,9.0,0.0,0.0,1.0,0.0,20.0,7.0,1.0,23.0,5.0,86.0,122
352110,2013,0.0,0.0,0.0,0.0,0.0,0.0,0.0,0.0,0.0,0.0,65.0,100
352110,2014,3.0,0.0,0.0,1.0,3.0,24.0,5.0,5.0,19.0,4.0,80.0,114
352110,2015,4.0,0.0,0.0,1.0,2.0,12.0,3.0,2.0,13.0,3.0,58.0,99
352110,2016,2.0,0.0,0.0,3.0,3.0,22.0,5.0,2.0,18.0,5.0,60.0,87
352110,2017,4.0,0.0,2.0,0.0,1.0,24.0,6.0,2.0,25.0,9.0,73.0,104
352110,2018,5.0,0.0,2.0,2.0,1.0,26.0,6.0,2.0,15.0,9.0,68.0,88
352110,2019,4.0,0.0,2.0,1.0,1.0,29.0,5.0,1.0,13.0,3.0,59.0,81
352115,2012,8.0,0.0,0.0,1.0,2.0,23.0,1.0,2.0,10.0,4.0,52.0,73
352115,2013,0.0,0.0,0.0,0.0,0.0,0.0,0.0,0.0,0.0,0.0,46.0,56
352115,2014,5.0,0.0,0.0,0.0,0.0,17.0,2.0,2.0,10.0,3.0,39.0,50
352115,2015,9.0,0.0,0.0,0.0,1.0,19.0,5.0,0.0,23.0,2.0,59.0,70
352115,2016,5.0,0.0,0.0,0.0,0.0,23.0,5.0,1.0,20.0,6.0,60.0,68
352115,2017,3.0,0.0,4.0,0.0,1.0,21.0,3.0,3.0,12.0,5.0,52.0,59
352115,2018,6.0,0.0,0.0,3.0,1.0,44.0,4.0,3.0,6.0,4.0,71.0,87
352115,2019,2.0,0.0,2.0,1.0,0.0,23.0,4.0,2.0,14.0,12.0,60.0,83
352120,2012,0.0,0.0,0.0,0.0,0.0,0.0,0.0,0.0,1.0,0.0,13.0,44
352120,2013,0.0,0.0,0.0,0.0,0.0,0.0,0.0,0.0,0.0,0.0,19.0,62
352120,2014,3.0,0.0,3.0,0.0,0.0,5.0,0.0,1.0,5.0,1.0,18.0,73
352120,2015,2.0,0.0,2.0,0.0,0.0,5.0,1.0,1.0,3.0,0.0,15.0,53
352120,2016,3.0,0.0,0.0,0.0,0.0,5.0,1.0,0.0,2.0,0.0,11.0,57
352120,2017,0.0,0.0,2.0,0.0,0.0,8.0,3.0,0.0,6.0,0.0,19.0,67
352120,2018,0.0,0.0,0.0,2.0,1.0,10.0,1.0,0.0,3.0,1.0,18.0,49
352120,2019,3.0,0.0,0.0,0.0,1.0,4.0,1.0,0.0,2.0,0.0,11.0,45
352130,2012,4.0,1.0,8.0,1.0,2.0,20.0,2.0,2.0,11.0,11.0,151.0,203
352130,2013,0.0,0.0,0.0,0.0,0.0,0.0,0.0,0.0,0.0,0.0,149.0,183
352130,2014,13.0,1.0,6.0,4.0,2.0,55.0,11.0,11.0,22.0,19.0,147.0,177
352130,2015,14.0,0.0,4.0,6.0,7.0,57.0,7.0,7.0,32.0,29.0,163.0,193
352130,2016,10.0,1.0,1.0,2.0,4.0,48.0,6.0,6.0,30.0,19.0,127.0,165
352130,2017,13.0,0.0,4.0,3.0,3.0,65.0,12.0,6.0,28.0,24.0,158.0,190
352130,2018,11.0,0.0,3.0,2.0,2.0,52.0,7.0,9.0,27.0,29.0,142.0,176
352130,2019,8.0,0.0,2.0,3.0,4.0,66.0,11.0,5.0,35.0,10.0,145.0,169
352140,2012,15.0,0.0,5.0,3.0,2.0,37.0,4.0,3.0,44.0,21.0,136.0,215
352140,2013,0.0,0.0,0.0,0.0,0.0,0.0,0.0,0.0,0.0,0.0,153.0,227
352140,2014,21.0,1.0,8.0,4.0,2.0,64.0,10.0,14.0,26.0,48.0,198.0,281
352140,2015,6.0,0.0,4.0,3.0,3.0,49.0,10.0,12.0,40.0,39.0,167.0,247
352140,2016,15.0,0.0,4.0,2.0,4.0,56.0,10.0,11.0,27.0,52.0,181.0,272
352140,2017,9.0,0.0,8.0,6.0,2.0,60.0,9.0,9.0,30.0,25.0,158.0,232
352140,2018,17.0,0.0,10.0,5.0,3.0,92.0,11.0,15.0,25.0,42.0,220.0,292
352140,2019,18.0,0.0,4.0,6.0,7.0,67.0,4.0,15.0,17.0,32.0,170.0,252
352150,2012,3.0,0.0,0.0,3.0,0.0,10.0,4.0,1.0,14.0,6.0,69.0,92
352150,2013,0.0,0.0,0.0,0.0,0.0,0.0,0.0,0.0,0.0,0.0,66.0,84
352150,2014,6.0,0.0,4.0,1.0,0.0,25.0,8.0,0.0,26.0,5.0,75.0,100
352150,2015,4.0,1.0,4.0,2.0,1.0,19.0,5.0,0.0,21.0,4.0,61.0,79
352150,2016,5.0,0.0,0.0,3.0,4.0,27.0,5.0,0.0,20.0,2.0,66.0,82
352150,2017,6.0,0.0,6.0,0.0,5.0,27.0,5.0,1.0,13.0,2.0,65.0,80
352150,2018,5.0,0.0,0.0,3.0,1.0,26.0,8.0,1.0,16.0,3.0,64.0,86
352150,2019,5.0,0.0,0.0,1.0,1.0,30.0,2.0,1.0,16.0,4.0,60.0,74
352160,2012,11.0,0.0,2.0,1.0,2.0,22.0,4.0,0.0,17.0,6.0,69.0,76
352160,2013,0.0,0.0,0.0,0.0,0.0,0.0,0.0,0.0,0.0,0.0,58.0,66
352160,2014,5.0,0.0,0.0,0.0,1.0,20.0,0.0,6.0,7.0,17.0,56.0,62
352160,2015,5.0,0.0,4.0,0.0,1.0,24.0,1.0,4.0,4.0,18.0,62.0,70
352160,2016,9.0,0.0,2.0,1.0,2.0,13.0,0.0,7.0,1.0,15.0,50.0,58
352160,2017,13.0,0.0,0.0,1.0,2.0,18.0,2.0,9.0,5.0,19.0,69.0,80
352160,2018,4.0,0.0,2.0,0.0,0.0,24.0,1.0,3.0,5.0,17.0,56.0,66
352160,2019,3.0,0.0,0.0,0.0,1.0,25.0,1.0,4.0,2.0,20.0,56.0,66
352170,2012,8.0,0.0,4.0,3.0,1.0,42.0,14.0,1.0,42.0,5.0,123.0,226
352170,2013,0.0,0.0,0.0,0.0,0.0,0.0,0.0,0.0,0.0,0.0,154.0,240
352170,2014,16.0,0.0,4.0,8.0,5.0,39.0,18.0,8.0,48.0,6.0,153.0,249
352170,2015,8.0,0.0,2.0,2.0,2.0,58.0,5.0,1.0,37.0,7.0,123.0,268
352170,2016,2.0,0.0,6.0,3.0,0.0,34.0,13.0,2.0,25.0,6.0,91.0,212
352170,2017,10.0,0.0,4.0,4.0,4.0,46.0,11.0,0.0,30.0,1.0,110.0,217
352170,2018,8.0,0.0,4.0,3.0,3.0,54.0,12.0,0.0,29.0,4.0,117.0,214
352170,2019,11.0,1.0,2.0,8.0,2.0,68.0,16.0,2.0,40.0,5.0,155.0,259
352180,2012,14.0,2.0,4.0,9.0,5.0,59.0,12.0,5.0,36.0,14.0,193.0,365
352180,2013,0.0,0.0,0.0,0.0,0.0,0.0,0.0,0.0,0.0,0.0,175.0,325
352180,2014,12.0,1.0,13.0,8.0,3.0,62.0,9.0,13.0,25.0,28.0,176.0,332
352180,2015,12.0,0.0,1.0,6.0,1.0,58.0,19.0,8.0,24.0,26.0,159.0,294
352180,2016,19.0,2.0,7.0,4.0,2.0,56.0,15.0,10.0,31.0,17.0,163.0,296
352180,2017,10.0,0.0,2.0,10.0,10.0,68.0,11.0,11.0,38.0,23.0,183.0,330
352180,2018,11.0,4.0,1.0,8.0,2.0,82.0,21.0,11.0,43.0,8.0,191.0,335
352180,2019,8.0,1.0,2.0,8.0,3.0,71.0,15.0,9.0,50.0,13.0,181.0,327
352190,2012,7.0,1.0,4.0,2.0,2.0,19.0,6.0,0.0,40.0,7.0,137.0,162
352190,2013,0.0,0.0,0.0,0.0,0.0,0.0,0.0,0.0,0.0,0.0,130.0,159
352190,2014,8.0,0.0,2.0,5.0,3.0,33.0,3.0,2.0,43.0,8.0,116.0,148
352190,2015,8.0,0.0,2.0,3.0,3.0,30.0,11.0,3.0,45.0,7.0,115.0,145
352190,2016,10.0,0.0,1.0,5.0,5.0,47.0,4.0,2.0,50.0,6.0,130.0,162
352190,2017,12.0,1.0,6.0,3.0,4.0,56.0,6.0,0.0,37.0,3.0,130.0,174
352190,2018,6.0,0.0,4.0,1.0,0.0,56.0,10.0,0.0,41.0,3.0,122.0,167
352190,2019,13.0,0.0,1.0,6.0,1.0,70.0,10.0,3.0,45.0,7.0,157.0,229
352200,2012,0.0,0.0,0.0,0.0,0.0,1.0,0.0,0.0,2.0,0.0,25.0,40
352200,2013,0.0,0.0,0.0,0.0,0.0,0.0,0.0,0.0,0.0,0.0,35.0,42
352200,2014,2.0,0.0,0.0,0.0,0.0,4.0,4.0,1.0,9.0,1.0,21.0,32
352200,2015,3.0,0.0,0.0,0.0,1.0,6.0,2.0,3.0,8.0,3.0,33.0,41
352200,2016,4.0,0.0,0.0,0.0,1.0,8.0,2.0,1.0,16.0,2.0,37.0,41
352200,2017,2.0,0.0,1.0,1.0,0.0,9.0,1.0,2.0,11.0,1.0,30.0,33
352200,2018,1.0,1.0,0.0,1.0,1.0,13.0,5.0,4.0,7.0,2.0,39.0,40
352200,2019,4.0,0.0,0.0,0.0,0.0,10.0,1.0,1.0,1.0,6.0,29.0,35
352210,2012,46.0,6.0,15.0,12.0,13.0,203.0,32.0,11.0,162.0,66.0,656.0,1476
352210,2013,0.0,0.0,0.0,0.0,0.0,0.0,0.0,0.0,0.0,0.0,647.0,1442
352210,2014,58.0,5.0,34.0,29.0,14.0,254.0,44.0,41.0,95.0,105.0,681.0,1434
352210,2015,48.0,3.0,10.0,22.0,16.0,241.0,46.0,40.0,126.0,101.0,664.0,1423
352210,2016,58.0,4.0,22.0,20.0,13.0,243.0,56.0,33.0,104.0,90.0,645.0,1338
352210,2017,79.0,5.0,19.0,21.0,12.0,259.0,34.0,47.0,90.0,122.0,689.0,1527
352210,2018,60.0,6.0,29.0,28.0,14.0,233.0,44.0,26.0,68.0,94.0,606.0,1463
352210,2019,53.0,14.0,29.0,27.0,14.0,209.0,51.0,32.0,73.0,66.0,568.0,1340
352215,2012,2.0,0.0,2.0,1.0,0.0,4.0,0.0,0.0,2.0,2.0,14.0,37
352215,2013,0.0,0.0,0.0,0.0,0.0,0.0,0.0,0.0,0.0,0.0,27.0,45
352215,2014,2.0,0.0,0.0,0.0,1.0,10.0,4.0,3.0,10.0,3.0,33.0,43
352215,2015,4.0,1.0,6.0,0.0,0.0,6.0,4.0,2.0,5.0,4.0,32.0,46
352215,2016,3.0,0.0,2.0,1.0,0.0,7.0,1.0,4.0,1.0,7.0,26.0,42
352215,2017,1.0,0.0,2.0,0.0,0.0,10.0,3.0,3.0,3.0,5.0,27.0,42
352215,2018,2.0,0.0,0.0,1.0,1.0,15.0,0.0,2.0,3.0,5.0,29.0,46
352215,2019,4.0,0.0,0.0,1.0,1.0,5.0,4.0,2.0,3.0,5.0,25.0,39
352220,2012,110.0,14.0,31.0,33.0,40.0,380.0,104.0,16.0,315.0,68.0,1176.0,2973
352220,2013,0.0,0.0,0.0,0.0,0.0,0.0,0.0,0.0,0.0,0.0,1196.0,2929
352220,2014,100.0,5.0,35.0,39.0,30.0,363.0,146.0,24.0,314.0,44.0,1131.0,2911
352220,2015,89.0,3.0,36.0,30.0,36.0,394.0,143.0,20.0,346.0,63.0,1168.0,2872
352220,2016,90.0,4.0,52.0,42.0,18.0,350.0,137.0,28.0,262.0,57.0,1048.0,2680
352220,2017,93.0,2.0,55.0,45.0,27.0,389.0,121.0,34.0,271.0,54.0,1095.0,2790
352220,2018,72.0,3.0,60.0,49.0,24.0,344.0,124.0,34.0,253.0,61.0,1029.0,2676
352220,2019,89.0,5.0,56.0,36.0,26.0,375.0,114.0,42.0,228.0,64.0,1037.0,2554
352230,2012,102.0,0.0,31.0,28.0,32.0,304.0,50.0,28.0,227.0,144.0,1245.0,2111
352230,2013,0.0,0.0,0.0,0.0,0.0,0.0,0.0,0.0,0.0,0.0,1237.0,2156
352230,2014,72.0,0.0,42.0,27.0,35.0,460.0,111.0,51.0,312.0,123.0,1242.0,2139
352230,2015,58.0,2.0,47.0,36.0,22.0,465.0,75.0,45.0,208.0,159.0,1129.0,2238
352230,2016,69.0,2.0,41.0,27.0,27.0,460.0,75.0,42.0,209.0,143.0,1096.0,2076
352230,2017,66.0,5.0,39.0,44.0,24.0,485.0,71.0,43.0,257.0,154.0,1190.0,2180
352230,2018,58.0,3.0,34.0,44.0,38.0,478.0,95.0,41.0,217.0,118.0,1126.0,2203
352230,2019,84.0,3.0,33.0,33.0,33.0,469.0,59.0,44.0,189.0,147.0,1095.0,2100
352240,2012,70.0,1.0,29.0,17.0,15.0,274.0,62.0,7.0,304.0,38.0,824.0,1412
352240,2013,0.0,0.0,0.0,0.0,0.0,0.0,0.0,0.0,0.0,0.0,905.0,1427
352240,2014,67.0,2.0,49.0,25.0,15.0,293.0,67.0,19.0,258.0,105.0,900.0,1465
352240,2015,47.0,0.0,26.0,19.0,16.0,325.0,76.0,14.0,238.0,46.0,807.0,1505
352240,2016,51.0,0.0,30.0,25.0,18.0,313.0,68.0,6.0,225.0,28.0,764.0,1436
352240,2017,53.0,0.0,16.0,24.0,12.0,343.0,67.0,11.0,241.0,28.0,795.0,1373
352240,2018,55.0,2.0,20.0,25.0,15.0,355.0,103.0,12.0,240.0,28.0,855.0,1424
352240,2019,45.0,0.0,32.0,28.0,18.0,345.0,84.0,10.0,224.0,17.0,803.0,1463
352250,2012,180.0,83.0,73.0,50.0,42.0,515.0,129.0,43.0,441.0,150.0,1737.0,3984
352250,2013,0.0,0.0,0.0,0.0,0.0,0.0,0.0,0.0,0.0,0.0,1798.0,4112
352250,2014,135.0,32.0,63.0,136.0,106.0,541.0,168.0,85.0,408.0,168.0,1872.0,4322
352250,2015,127.0,7.0,91.0,142.0,102.0,618.0,166.0,94.0,374.0,159.0,1892.0,4474
352250,2016,138.0,12.0,77.0,98.0,73.0,567.0,147.0,83.0,299.0,169.0,1666.0,4087
352250,2017,149.0,6.0,74.0,97.0,79.0,671.0,187.0,94.0,345.0,197.0,1900.0,4364
352250,2018,184.0,6.0,72.0,81.0,44.0,603.0,191.0,93.0,313.0,155.0,1744.0,4132
352250,2019,204.0,6.0,80.0,87.0,58.0,554.0,195.0,32.0,373.0,82.0,1673.0,4001
352260,2012,37.0,0.0,13.0,9.0,15.0,113.0,25.0,11.0,126.0,43.0,542.0,814
352260,2013,0.0,0.0,0.0,0.0,0.0,0.0,0.0,0.0,0.0,0.0,515.0,779
352260,2014,40.0,1.0,11.0,14.0,14.0,167.0,39.0,27.0,140.0,78.0,532.0,816
352260,2015,53.0,0.0,21.0,12.0,10.0,163.0,41.0,31.0,151.0,108.0,591.0,865
352260,2016,53.0,4.0,24.0,13.0,10.0,139.0,42.0,22.0,179.0,59.0,549.0,803
352260,2017,51.0,1.0,9.0,8.0,14.0,184.0,34.0,24.0,139.0,95.0,562.0,803
352260,2018,54.0,0.0,20.0,10.0,11.0,210.0,46.0,24.0,147.0,101.0,623.0,851
352260,2019,56.0,2.0,29.0,10.0,17.0,221.0,51.0,22.0,145.0,54.0,607.0,821
352265,2012,3.0,0.0,2.0,2.0,1.0,3.0,1.0,0.0,5.0,1.0,20.0,52
352265,2013,0.0,0.0,0.0,0.0,0.0,0.0,0.0,0.0,0.0,0.0,26.0,50
352265,2014,3.0,0.0,0.0,1.0,2.0,3.0,6.0,2.0,7.0,2.0,26.0,53
352265,2015,1.0,0.0,0.0,1.0,0.0,9.0,4.0,1.0,9.0,2.0,27.0,66
352265,2016,0.0,0.0,0.0,0.0,1.0,14.0,1.0,2.0,10.0,6.0,34.0,58
352265,2017,5.0,0.0,0.0,2.0,1.0,12.0,5.0,6.0,7.0,12.0,50.0,71
352265,2018,1.0,0.0,0.0,1.0,0.0,12.0,6.0,6.0,5.0,12.0,43.0,59
352265,2019,2.0,0.0,0.0,0.0,1.0,16.0,9.0,11.0,8.0,6.0,53.0,74
352270,2012,44.0,2.0,7.0,7.0,4.0,167.0,13.0,2.0,156.0,25.0,449.0,525
352270,2013,0.0,0.0,0.0,0.0,0.0,0.0,0.0,0.0,0.0,0.0,463.0,505
352270,2014,76.0,0.0,4.0,3.0,6.0,163.0,15.0,13.0,111.0,45.0,442.0,485
352270,2015,45.0,0.0,9.0,6.0,5.0,158.0,16.0,13.0,71.0,62.0,394.0,452
352270,2016,40.0,3.0,6.0,3.0,5.0,145.0,22.0,20.0,84.0,46.0,377.0,448
352270,2017,38.0,0.0,12.0,3.0,6.0,165.0,27.0,5.0,142.0,22.0,421.0,455
352270,2018,71.0,0.0,10.0,4.0,3.0,187.0,18.0,16.0,55.0,77.0,442.0,483
352270,2019,46.0,1.0,12.0,3.0,6.0,178.0,29.0,4.0,115.0,25.0,421.0,467
352280,2012,4.0,0.0,5.0,8.0,3.0,33.0,10.0,1.0,35.0,7.0,109.0,221
352280,2013,0.0,0.0,0.0,0.0,0.0,0.0,0.0,0.0,0.0,0.0,109.0,208
352280,2014,7.0,0.0,3.0,5.0,3.0,20.0,14.0,3.0,25.0,5.0,86.0,193
352280,2015,9.0,1.0,3.0,4.0,2.0,32.0,5.0,4.0,28.0,4.0,97.0,197
352280,2016,12.0,0.0,0.0,6.0,3.0,35.0,5.0,4.0,25.0,12.0,105.0,201
352280,2017,4.0,1.0,0.0,4.0,1.0,49.0,11.0,3.0,26.0,11.0,110.0,198
352280,2018,3.0,0.0,2.0,5.0,1.0,29.0,18.0,3.0,29.0,8.0,98.0,167
352280,2019,5.0,0.0,10.0,4.0,2.0,39.0,11.0,4.0,30.0,6.0,111.0,177
352290,2012,8.0,0.0,2.0,0.0,0.0,25.0,2.0,3.0,16.0,10.0,98.0,157
352290,2013,0.0,0.0,0.0,0.0,0.0,0.0,0.0,0.0,0.0,0.0,116.0,161
352290,2014,13.0,0.0,3.0,2.0,0.0,45.0,9.0,7.0,23.0,11.0,115.0,148
352290,2015,21.0,1.0,4.0,1.0,3.0,35.0,13.0,13.0,34.0,11.0,142.0,172
352290,2016,6.0,5.0,4.0,0.0,2.0,60.0,8.0,6.0,25.0,12.0,132.0,186
352290,2017,11.0,1.0,0.0,0.0,0.0,51.0,5.0,6.0,30.0,9.0,115.0,154
352290,2018,17.0,0.0,2.0,1.0,2.0,49.0,8.0,6.0,29.0,10.0,124.0,154
352290,2019,25.0,0.0,4.0,5.0,1.0,61.0,19.0,1.0,39.0,15.0,170.0,193
352300,2012,6.0,0.0,0.0,1.0,1.0,11.0,2.0,0.0,9.0,9.0,44.0,66
352300,2013,0.0,0.0,0.0,0.0,0.0,0.0,0.0,0.0,0.0,0.0,39.0,62
352300,2014,3.0,0.0,2.0,0.0,0.0,11.0,4.0,2.0,10.0,5.0,37.0,62
352300,2015,1.0,0.0,0.0,2.0,0.0,21.0,1.0,1.0,6.0,2.0,37.0,71
352300,2016,4.0,0.0,0.0,0.0,0.0,22.0,2.0,2.0,3.0,2.0,36.0,60
352300,2017,2.0,0.0,2.0,0.0,1.0,16.0,4.0,2.0,7.0,8.0,44.0,80
352300,2018,1.0,0.0,0.0,0.0,0.0,15.0,3.0,2.0,4.0,12.0,37.0,57
352300,2019,2.0,0.0,2.0,1.0,0.0,18.0,5.0,0.0,3.0,3.0,34.0,49
352310,2012,203.0,19.0,85.0,117.0,118.0,618.0,148.0,64.0,543.0,146.0,2336.0,5847
352310,2013,0.0,0.0,0.0,0.0,0.0,0.0,0.0,0.0,0.0,0.0,2264.0,5740
352310,2014,229.0,7.0,93.0,48.0,43.0,744.0,290.0,97.0,575.0,204.0,2425.0,6017
352310,2015,279.0,8.0,84.0,64.0,45.0,791.0,248.0,117.0,593.0,231.0,2517.0,6337
352310,2016,257.0,8.0,93.0,73.0,56.0,770.0,242.0,149.0,524.0,257.0,2470.0,6100
352310,2017,218.0,14.0,103.0,71.0,38.0,768.0,238.0,131.0,511.0,233.0,2395.0,5960
352310,2018,228.0,11.0,112.0,86.0,55.0,844.0,282.0,135.0,467.0,176.0,2440.0,6094
352310,2019,234.0,5.0,91.0,57.0,35.0,791.0,288.0,103.0,484.0,224.0,2347.0,5867
352320,2012,21.0,0.0,16.0,9.0,5.0,103.0,6.0,37.0,36.0,143.0,440.0,711
352320,2013,0.0,0.0,0.0,0.0,0.0,0.0,0.0,0.0,0.0,0.0,437.0,675
352320,2014,16.0,0.0,16.0,7.0,3.0,127.0,37.0,44.0,69.0,84.0,403.0,648
352320,2015,16.0,0.0,11.0,4.0,6.0,141.0,30.0,48.0,80.0,96.0,432.0,662
352320,2016,25.0,0.0,10.0,2.0,3.0,150.0,25.0,37.0,83.0,67.0,402.0,647
352320,2017,25.0,0.0,2.0,3.0,6.0,147.0,29.0,31.0,60.0,69.0,372.0,643
352320,2018,30.0,0.0,10.0,10.0,8.0,146.0,31.0,31.0,77.0,72.0,415.0,668
352320,2019,23.0,1.0,12.0,9.0,7.0,148.0,16.0,27.0,37.0,72.0,352.0,621
352330,2012,8.0,0.0,4.0,1.0,0.0,25.0,3.0,1.0,14.0,7.0,69.0,178
352330,2013,0.0,0.0,0.0,0.0,0.0,0.0,0.0,0.0,0.0,0.0,59.0,152
352330,2014,4.0,0.0,2.0,4.0,3.0,18.0,8.0,3.0,10.0,8.0,60.0,149
352330,2015,2.0,1.0,2.0,2.0,3.0,15.0,9.0,3.0,7.0,7.0,51.0,152
352330,2016,5.0,0.0,2.0,3.0,0.0,26.0,6.0,4.0,11.0,11.0,68.0,185
352330,2017,7.0,0.0,2.0,1.0,1.0,24.0,5.0,7.0,4.0,9.0,60.0,156
352330,2018,11.0,0.0,4.0,5.0,2.0,12.0,6.0,2.0,9.0,9.0,61.0,211
352330,2019,6.0,0.0,0.0,4.0,2.0,20.0,4.0,4.0,10.0,9.0,59.0,159
352340,2012,59.0,4.0,20.0,15.0,17.0,131.0,53.0,17.0,204.0,62.0,927.0,1399
352340,2013,0.0,0.0,0.0,0.0,0.0,0.0,0.0,0.0,0.0,0.0,1057.0,1504
352340,2014,85.0,4.0,32.0,25.0,22.0,304.0,69.0,61.0,235.0,171.0,1018.0,1464
352340,2015,95.0,2.0,36.0,12.0,12.0,315.0,89.0,30.0,288.0,106.0,993.0,1487
352340,2016,92.0,2.0,32.0,12.0,7.0,295.0,65.0,37.0,217.0,123.0,903.0,1355
352340,2017,77.0,5.0,28.0,8.0,10.0,312.0,95.0,7.0,356.0,44.0,942.0,1405
352340,2018,85.0,3.0,32.0,15.0,13.0,349.0,97.0,18.0,293.0,56.0,963.0,1452
352340,2019,78.0,2.0,37.0,11.0,6.0,349.0,96.0,18.0,303.0,61.0,961.0,1418
352350,2012,17.0,5.0,5.0,7.0,9.0,46.0,13.0,11.0,31.0,17.0,162.0,321
352350,2013,0.0,0.0,0.0,0.0,0.0,0.0,0.0,0.0,0.0,0.0,117.0,252
352350,2014,9.0,1.0,2.0,5.0,4.0,38.0,17.0,4.0,25.0,11.0,116.0,244
352350,2015,13.0,2.0,0.0,3.0,6.0,40.0,18.0,5.0,29.0,10.0,126.0,285
352350,2016,15.0,2.0,2.0,4.0,3.0,36.0,18.0,8.0,31.0,6.0,125.0,284
352350,2017,10.0,1.0,1.0,2.0,3.0,41.0,21.0,2.0,39.0,8.0,128.0,275
352350,2018,9.0,3.0,3.0,6.0,5.0,36.0,14.0,1.0,20.0,7.0,104.0,245
352350,2019,14.0,0.0,4.0,4.0,4.0,47.0,14.0,5.0,36.0,8.0,136.0,264
352360,2012,7.0,0.0,2.0,1.0,2.0,12.0,1.0,1.0,8.0,7.0,156.0,171
352360,2013,0.0,0.0,0.0,0.0,0.0,0.0,0.0,0.0,0.0,0.0,162.0,173
352360,2014,6.0,0.0,4.0,0.0,2.0,38.0,12.0,2.0,12.0,8.0,152.0,178
352360,2015,9.0,0.0,2.0,3.0,0.0,49.0,10.0,1.0,21.0,7.0,109.0,147
352360,2016,7.0,1.0,6.0,4.0,0.0,60.0,10.0,0.0,30.0,5.0,127.0,153
352360,2017,11.0,1.0,0.0,2.0,1.0,61.0,4.0,0.0,32.0,10.0,132.0,171
352360,2018,9.0,0.0,5.0,1.0,1.0,64.0,7.0,2.0,29.0,6.0,124.0,178
352360,2019,12.0,0.0,0.0,2.0,3.0,57.0,5.0,1.0,19.0,12.0,113.0,161
352370,2012,5.0,0.0,0.0,2.0,0.0,5.0,2.0,0.0,7.0,2.0,37.0,67
352370,2013,0.0,0.0,0.0,0.0,0.0,0.0,0.0,0.0,0.0,0.0,38.0,72
352370,2014,5.0,0.0,0.0,0.0,0.0,17.0,0.0,1.0,4.0,18.0,49.0,69
352370,2015,1.0,1.0,0.0,0.0,0.0,15.0,2.0,0.0,4.0,4.0,31.0,68
352370,2016,1.0,0.0,2.0,1.0,0.0,9.0,2.0,3.0,5.0,5.0,28.0,71
352370,2017,6.0,0.0,0.0,0.0,0.0,13.0,0.0,2.0,5.0,12.0,40.0,69
352370,2018,5.0,0.0,0.0,1.0,0.0,14.0,3.0,6.0,3.0,5.0,40.0,67
352370,2019,3.0,0.0,4.0,0.0,0.0,18.0,3.0,6.0,4.0,10.0,48.0,74
352380,2012,2.0,1.0,2.0,0.0,1.0,8.0,0.0,0.0,14.0,1.0,63.0,83
352380,2013,0.0,0.0,0.0,0.0,0.0,0.0,0.0,0.0,0.0,0.0,65.0,76
352380,2014,8.0,0.0,4.0,0.0,2.0,23.0,10.0,1.0,21.0,4.0,77.0,88
352380,2015,6.0,0.0,4.0,0.0,3.0,20.0,5.0,0.0,27.0,6.0,71.0,86
352380,2016,11.0,0.0,2.0,0.0,0.0,14.0,10.0,1.0,27.0,1.0,66.0,84
352380,2017,6.0,0.0,2.0,0.0,1.0,32.0,9.0,0.0,30.0,4.0,84.0,101
352380,2018,7.0,1.0,0.0,0.0,0.0,29.0,6.0,0.0,28.0,2.0,73.0,85
352380,2019,2.0,0.0,0.0,0.0,4.0,31.0,7.0,0.0,22.0,2.0,68.0,85
352390,2012,137.0,4.0,49.0,46.0,30.0,343.0,95.0,35.0,425.0,120.0,1555.0,2491
352390,2013,0.0,0.0,0.0,0.0,0.0,0.0,0.0,0.0,0.0,0.0,1504.0,2370
352390,2014,144.0,8.0,48.0,44.0,38.0,471.0,127.0,78.0,372.0,233.0,1575.0,2476
352390,2015,167.0,2.0,69.0,45.0,41.0,455.0,132.0,52.0,397.0,160.0,1528.0,2469
352390,2016,127.0,5.0,37.0,38.0,37.0,450.0,134.0,39.0,338.0,123.0,1340.0,2290
352390,2017,145.0,4.0,53.0,31.0,26.0,491.0,116.0,40.0,304.0,151.0,1363.0,2320
352390,2018,109.0,3.0,36.0,41.0,36.0,509.0,99.0,41.0,302.0,137.0,1325.0,2227
352390,2019,132.0,4.0,44.0,37.0,30.0,511.0,75.0,39.0,255.0,124.0,1256.0,2248
352400,2012,29.0,5.0,20.0,9.0,8.0,139.0,20.0,18.0,90.0,71.0,443.0,836
352400,2013,0.0,0.0,0.0,0.0,0.0,0.0,0.0,0.0,0.0,0.0,509.0,848
352400,2014,46.0,1.0,17.0,8.0,3.0,183.0,40.0,35.0,116.0,89.0,538.0,885
352400,2015,41.0,1.0,18.0,9.0,9.0,154.0,33.0,51.0,89.0,106.0,514.0,903
352400,2016,19.0,2.0,16.0,6.0,5.0,184.0,39.0,37.0,103.0,107.0,523.0,891
352400,2017,29.0,0.0,13.0,4.0,9.0,192.0,30.0,30.0,89.0,88.0,484.0,847
352400,2018,32.0,0.0,13.0,8.0,1.0,192.0,31.0,33.0,90.0,83.0,485.0,864
352400,2019,42.0,0.0,15.0,10.0,4.0,186.0,27.0,38.0,83.0,92.0,499.0,869
352410,2012,57.0,0.0,18.0,4.0,5.0,114.0,11.0,5.0,97.0,41.0,390.0,483
352410,2013,0.0,0.0,0.0,0.0,0.0,0.0,0.0,0.0,0.0,0.0,364.0,451
352410,2014,33.0,1.0,20.0,6.0,7.0,124.0,26.0,4.0,108.0,28.0,365.0,448
352410,2015,33.0,0.0,9.0,8.0,9.0,113.0,40.0,2.0,136.0,13.0,376.0,493
352410,2016,27.0,2.0,14.0,5.0,5.0,113.0,19.0,5.0,123.0,16.0,329.0,418
352410,2017,38.0,1.0,14.0,9.0,6.0,125.0,27.0,0.0,111.0,7.0,373.0,481
352410,2018,44.0,1.0,12.0,6.0,4.0,138.0,28.0,4.0,104.0,12.0,353.0,453
352410,2019,42.0,0.0,10.0,7.0,13.0,132.0,18.0,4.0,100.0,11.0,337.0,434
352420,2012,3.0,0.0,0.0,0.0,2.0,11.0,3.0,3.0,1.0,3.0,69.0,81
352420,2013,0.0,0.0,0.0,0.0,0.0,0.0,0.0,0.0,0.0,0.0,78.0,88
352420,2014,7.0,0.0,0.0,0.0,0.0,14.0,1.0,1.0,6.0,7.0,41.0,49
352420,2015,8.0,0.0,2.0,1.0,0.0,16.0,3.0,2.0,16.0,3.0,55.0,67
352420,2016,9.0,0.0,0.0,0.0,0.0,23.0,5.0,2.0,15.0,2.0,57.0,71
352420,2017,14.0,0.0,6.0,2.0,1.0,12.0,6.0,1.0,11.0,5.0,58.0,62
352420,2018,7.0,0.0,0.0,1.0,0.0,20.0,2.0,2.0,14.0,1.0,47.0,68
352420,2019,3.0,0.0,0.0,0.0,1.0,22.0,2.0,1.0,16.0,2.0,48.0,62
352430,2012,46.0,1.0,13.0,9.0,12.0,99.0,13.0,2.0,93.0,25.0,607.0,879
352430,2013,0.0,0.0,0.0,0.0,0.0,0.0,0.0,0.0,0.0,0.0,498.0,811
352430,2014,29.0,0.0,18.0,11.0,15.0,175.0,30.0,14.0,126.0,41.0,466.0,856
352430,2015,29.0,1.0,18.0,20.0,16.0,187.0,35.0,16.0,108.0,48.0,485.0,881
352430,2016,35.0,3.0,13.0,22.0,8.0,153.0,27.0,12.0,100.0,41.0,418.0,768
352430,2017,37.0,2.0,14.0,11.0,13.0,162.0,31.0,12.0,83.0,60.0,427.0,768
352430,2018,35.0,0.0,20.0,8.0,17.0,176.0,39.0,8.0,90.0,46.0,441.0,785
352430,2019,41.0,0.0,27.0,14.0,9.0,167.0,36.0,14.0,92.0,56.0,456.0,766
352440,2012,125.0,2.0,57.0,49.0,57.0,361.0,54.0,13.0,333.0,93.0,2018.0,3273
352440,2013,0.0,0.0,0.0,0.0,0.0,0.0,0.0,0.0,0.0,0.0,1998.0,3202
352440,2014,188.0,4.0,80.0,66.0,52.0,690.0,174.0,55.0,565.0,178.0,2090.0,3391
352440,2015,209.0,7.0,68.0,15.0,8.0,718.0,138.0,36.0,569.0,125.0,1911.0,3308
352440,2016,203.0,4.0,72.0,19.0,24.0,651.0,130.0,51.0,478.0,169.0,1833.0,3112
352440,2017,179.0,1.0,60.0,26.0,12.0,721.0,106.0,82.0,379.0,217.0,1828.0,3076
352440,2018,181.0,0.0,53.0,19.0,17.0,695.0,112.0,75.0,413.0,236.0,1818.0,3000
352440,2019,205.0,2.0,64.0,26.0,23.0,656.0,130.0,77.0,344.0,211.0,1751.0,2889
352450,2012,4.0,0.0,2.0,0.0,3.0,28.0,1.0,3.0,11.0,8.0,75.0,84
352450,2013,0.0,0.0,0.0,0.0,0.0,0.0,0.0,0.0,0.0,0.0,71.0,82
352450,2014,8.0,0.0,0.0,0.0,0.0,26.0,1.0,6.0,6.0,12.0,63.0,73
352450,2015,5.0,0.0,0.0,1.0,1.0,26.0,6.0,4.0,19.0,11.0,75.0,92
352450,2016,10.0,0.0,3.0,0.0,2.0,25.0,2.0,5.0,12.0,19.0,79.0,87
352450,2017,6.0,0.0,0.0,1.0,1.0,39.0,0.0,5.0,14.0,13.0,79.0,95
352450,2018,4.0,0.0,6.0,1.0,0.0,48.0,2.0,5.0,9.0,11.0,86.0,95
352450,2019,12.0,0.0,2.0,1.0,1.0,38.0,0.0,5.0,6.0,17.0,82.0,94
352460,2012,5.0,0.0,2.0,0.0,2.0,5.0,2.0,1.0,3.0,5.0,72.0,226
352460,2013,0.0,0.0,0.0,0.0,0.0,0.0,0.0,0.0,0.0,0.0,88.0,227
352460,2014,4.0,0.0,0.0,4.0,2.0,25.0,7.0,6.0,17.0,8.0,73.0,256
352460,2015,6.0,0.0,2.0,5.0,3.0,29.0,6.0,5.0,13.0,7.0,78.0,251
352460,2016,5.0,0.0,2.0,4.0,2.0,19.0,4.0,2.0,16.0,10.0,64.0,267
352460,2017,12.0,0.0,2.0,4.0,3.0,23.0,7.0,5.0,13.0,3.0,73.0,262
352460,2018,3.0,0.0,5.0,6.0,4.0,28.0,9.0,2.0,14.0,3.0,75.0,244
352460,2019,1.0,0.0,0.0,1.0,3.0,25.0,9.0,0.0,17.0,3.0,59.0,228
352470,2012,39.0,2.0,21.0,6.0,19.0,133.0,32.0,5.0,159.0,31.0,518.0,686
352470,2013,0.0,0.0,0.0,0.0,0.0,0.0,0.0,0.0,0.0,0.0,574.0,719
352470,2014,35.0,0.0,22.0,18.0,9.0,169.0,50.0,29.0,134.0,46.0,514.0,684
352470,2015,54.0,2.0,15.0,16.0,12.0,227.0,44.0,37.0,154.0,93.0,659.0,864
352470,2016,47.0,3.0,17.0,11.0,11.0,200.0,28.0,35.0,113.0,95.0,561.0,770
352470,2017,53.0,0.0,10.0,11.0,16.0,242.0,50.0,27.0,132.0,69.0,610.0,800
352470,2018,52.0,3.0,26.0,13.0,11.0,213.0,43.0,26.0,122.0,99.0,609.0,828
352470,2019,39.0,1.0,23.0,11.0,12.0,219.0,53.0,19.0,141.0,61.0,579.0,778
352480,2012,13.0,1.0,8.0,7.0,5.0,39.0,10.0,4.0,45.0,25.0,445.0,517
352480,2013,0.0,0.0,0.0,0.0,0.0,0.0,0.0,0.0,0.0,0.0,452.0,536
352480,2014,52.0,0.0,10.0,5.0,5.0,140.0,21.0,22.0,86.0,106.0,468.0,536
352480,2015,61.0,0.0,20.0,4.0,2.0,165.0,21.0,24.0,87.0,76.0,488.0,545
352480,2016,46.0,0.0,10.0,4.0,9.0,155.0,36.0,21.0,129.0,70.0,481.0,540
352480,2017,36.0,2.0,15.0,9.0,9.0,166.0,25.0,27.0,96.0,80.0,465.0,516
352480,2018,47.0,1.0,20.0,4.0,3.0,174.0,26.0,25.0,69.0,76.0,445.0,502
352480,2019,47.0,1.0,21.0,3.0,3.0,178.0,16.0,30.0,47.0,121.0,467.0,529
352490,2012,5.0,0.0,4.0,0.0,0.0,8.0,0.0,0.0,8.0,1.0,42.0,60
352490,2013,0.0,0.0,0.0,0.0,0.0,0.0,0.0,0.0,0.0,0.0,49.0,82
352490,2014,1.0,0.0,0.0,3.0,3.0,15.0,2.0,0.0,8.0,3.0,36.0,69
352490,2015,2.0,0.0,0.0,2.0,0.0,15.0,4.0,0.0,19.0,5.0,47.0,76
352490,2016,3.0,0.0,0.0,0.0,0.0,16.0,5.0,0.0,8.0,2.0,34.0,72
352490,2017,1.0,0.0,0.0,1.0,1.0,13.0,3.0,1.0,11.0,3.0,34.0,67
352490,2018,1.0,0.0,4.0,2.0,0.0,17.0,1.0,1.0,13.0,1.0,41.0,75
352490,2019,5.0,0.0,0.0,1.0,0.0,17.0,5.0,1.0,7.0,4.0,40.0,67
352500,2012,115.0,31.0,40.0,22.0,28.0,265.0,46.0,19.0,224.0,77.0,904.0,1733
352500,2013,0.0,0.0,0.0,0.0,0.0,0.0,0.0,0.0,0.0,0.0,937.0,1727
352500,2014,59.0,12.0,22.0,58.0,49.0,306.0,90.0,28.0,226.0,79.0,937.0,1847
352500,2015,71.0,2.0,50.0,69.0,54.0,334.0,86.0,26.0,204.0,72.0,973.0,1921
352500,2016,56.0,1.0,31.0,62.0,55.0,254.0,80.0,35.0,206.0,68.0,852.0,1773
352500,2017,67.0,3.0,50.0,59.0,26.0,314.0,94.0,32.0,197.0,89.0,933.0,1800
352500,2018,74.0,3.0,35.0,38.0,28.0,284.0,65.0,31.0,203.0,79.0,841.0,1676
352500,2019,68.0,1.0,26.0,46.0,15.0,279.0,92.0,10.0,187.0,42.0,769.0,1596
352510,2012,34.0,1.0,6.0,2.0,10.0,75.0,12.0,10.0,65.0,27.0,250.0,503
352510,2013,0.0,0.0,0.0,0.0,0.0,0.0,0.0,0.0,0.0,0.0,301.0,573
352510,2014,21.0,3.0,4.0,10.0,7.0,81.0,23.0,15.0,62.0,24.0,257.0,488
352510,2015,17.0,0.0,10.0,4.0,12.0,84.0,25.0,10.0,56.0,28.0,249.0,576
352510,2016,21.0,3.0,11.0,5.0,11.0,91.0,19.0,19.0,36.0,33.0,252.0,562
352510,2017,21.0,2.0,11.0,15.0,8.0,90.0,14.0,9.0,52.0,35.0,259.0,620
352510,2018,18.0,1.0,9.0,10.0,11.0,99.0,19.0,10.0,44.0,32.0,256.0,586
352510,2019,23.0,5.0,22.0,15.0,5.0,99.0,31.0,11.0,47.0,25.0,285.0,593
352520,2012,15.0,0.0,2.0,1.0,0.0,55.0,5.0,9.0,26.0,38.0,164.0,370
352520,2013,0.0,0.0,0.0,0.0,0.0,0.0,0.0,0.0,0.0,0.0,210.0,417
352520,2014,23.0,0.0,14.0,3.0,3.0,66.0,23.0,7.0,67.0,21.0,231.0,467
352520,2015,15.0,0.0,4.0,2.0,6.0,74.0,34.0,8.0,72.0,10.0,228.0,469
352520,2016,17.0,0.0,4.0,3.0,5.0,65.0,29.0,6.0,57.0,15.0,201.0,388
352520,2017,22.0,0.0,4.0,4.0,2.0,98.0,30.0,9.0,69.0,28.0,266.0,474
352520,2018,31.0,0.0,9.0,5.0,6.0,83.0,27.0,12.0,59.0,26.0,262.0,484
352520,2019,29.0,0.0,11.0,4.0,5.0,85.0,31.0,14.0,71.0,21.0,272.0,495
352530,2012,52.0,6.0,26.0,7.0,21.0,270.0,26.0,12.0,269.0,107.0,1120.0,1656
352530,2013,0.0,0.0,0.0,0.0,0.0,0.0,0.0,0.0,0.0,0.0,1052.0,1601
352530,2014,50.0,4.0,41.0,16.0,12.0,395.0,77.0,35.0,352.0,133.0,1123.0,1729
352530,2015,64.0,8.0,35.0,11.0,20.0,446.0,76.0,48.0,307.0,142.0,1186.0,1779
352530,2016,58.0,10.0,39.0,17.0,15.0,407.0,72.0,36.0,308.0,143.0,1153.0,1676
352530,2017,65.0,4.0,26.0,19.0,15.0,392.0,92.0,53.0,263.0,190.0,1133.0,1630
352530,2018,127.0,10.0,39.0,28.0,18.0,415.0,72.0,50.0,277.0,181.0,1217.0,1677
352530,2019,134.0,4.0,29.0,17.0,17.0,391.0,102.0,37.0,311.0,107.0,1150.0,1534
352540,2012,4.0,8.0,0.0,0.0,0.0,5.0,0.0,0.0,1.0,4.0,30.0,40
352540,2013,0.0,0.0,0.0,0.0,0.0,0.0,0.0,0.0,0.0,0.0,26.0,35
352540,2014,3.0,5.0,0.0,0.0,0.0,5.0,2.0,1.0,3.0,0.0,21.0,31
352540,2015,3.0,21.0,0.0,0.0,0.0,3.0,2.0,1.0,6.0,1.0,37.0,46
352540,2016,3.0,25.0,3.0,0.0,1.0,8.0,0.0,0.0,2.0,0.0,42.0,48
352540,2017,0.0,17.0,0.0,0.0,0.0,6.0,0.0,0.0,4.0,2.0,29.0,36
352540,2018,1.0,20.0,1.0,0.0,1.0,7.0,0.0,1.0,3.0,0.0,34.0,47
352540,2019,2.0,11.0,2.0,0.0,0.0,3.0,0.0,0.0,3.0,1.0,22.0,27
352550,2012,7.0,0.0,2.0,2.0,1.0,36.0,1.0,5.0,16.0,12.0,90.0,143
352550,2013,0.0,0.0,0.0,0.0,0.0,0.0,0.0,0.0,0.0,0.0,93.0,140
352550,2014,3.0,0.0,4.0,1.0,2.0,31.0,3.0,2.0,16.0,13.0,77.0,131
352550,2015,7.0,0.0,0.0,2.0,0.0,43.0,6.0,7.0,26.0,8.0,103.0,156
352550,2016,7.0,0.0,0.0,3.0,1.0,34.0,6.0,3.0,22.0,10.0,86.0,135
352550,2017,9.0,0.0,2.0,4.0,1.0,43.0,4.0,2.0,19.0,8.0,93.0,138
352550,2018,7.0,1.0,4.0,1.0,2.0,40.0,12.0,3.0,23.0,7.0,100.0,157
352550,2019,9.0,0.0,4.0,3.0,3.0,44.0,12.0,2.0,25.0,10.0,113.0,155
352560,2012,1.0,0.0,0.0,0.0,2.0,6.0,1.0,2.0,7.0,6.0,39.0,55
352560,2013,0.0,0.0,0.0,0.0,0.0,0.0,0.0,0.0,0.0,0.0,43.0,64
352560,2014,1.0,0.0,8.0,1.0,0.0,7.0,6.0,1.0,14.0,4.0,42.0,56
352560,2015,9.0,0.0,5.0,2.0,1.0,18.0,6.0,2.0,18.0,3.0,64.0,85
352560,2016,8.0,0.0,6.0,0.0,1.0,13.0,5.0,1.0,22.0,2.0,58.0,82
352560,2017,2.0,0.0,4.0,3.0,1.0,21.0,3.0,0.0,8.0,4.0,46.0,62
352560,2018,3.0,0.0,0.0,1.0,1.0,18.0,3.0,0.0,10.0,2.0,38.0,52
352560,2019,0.0,0.0,0.0,1.0,0.0,16.0,2.0,2.0,10.0,1.0,32.0,49
352570,2012,35.0,0.0,8.0,12.0,5.0,89.0,10.0,11.0,92.0,46.0,376.0,466
352570,2013,0.0,0.0,0.0,0.0,0.0,0.0,0.0,0.0,0.0,0.0,359.0,430
352570,2014,44.0,0.0,5.0,12.0,3.0,117.0,31.0,17.0,69.0,41.0,357.0,433
352570,2015,49.0,1.0,11.0,6.0,9.0,110.0,28.0,21.0,80.0,59.0,390.0,460
352570,2016,55.0,1.0,12.0,7.0,7.0,121.0,33.0,21.0,62.0,54.0,379.0,447
352570,2017,43.0,0.0,13.0,8.0,10.0,135.0,16.0,23.0,79.0,66.0,397.0,469
352570,2018,28.0,1.0,8.0,10.0,5.0,144.0,22.0,11.0,72.0,45.0,348.0,437
352570,2019,32.0,0.0,8.0,9.0,6.0,155.0,32.0,18.0,56.0,26.0,345.0,449
352580,2012,0.0,0.0,0.0,0.0,0.0,1.0,0.0,0.0,0.0,0.0,28.0,63
352580,2013,0.0,0.0,0.0,0.0,0.0,0.0,0.0,0.0,0.0,0.0,34.0,62
352580,2014,2.0,0.0,2.0,3.0,0.0,10.0,4.0,2.0,12.0,6.0,41.0,66
352580,2015,5.0,0.0,0.0,0.0,1.0,7.0,6.0,1.0,12.0,2.0,35.0,59
352580,2016,5.0,0.0,0.0,0.0,0.0,10.0,8.0,1.0,12.0,1.0,38.0,66
352580,2017,5.0,0.0,2.0,1.0,1.0,11.0,5.0,0.0,5.0,2.0,32.0,58
352580,2018,4.0,0.0,2.0,2.0,3.0,10.0,1.0,0.0,5.0,0.0,27.0,58
352580,2019,6.0,0.0,0.0,2.0,0.0,13.0,1.0,0.0,12.0,2.0,36.0,63
352585,2012,3.0,0.0,0.0,0.0,2.0,5.0,0.0,0.0,6.0,4.0,28.0,45
352585,2013,0.0,0.0,0.0,0.0,0.0,0.0,0.0,0.0,0.0,0.0,23.0,35
352585,2014,1.0,0.0,1.0,1.0,0.0,8.0,0.0,0.0,6.0,3.0,21.0,34
352585,2015,2.0,0.0,0.0,0.0,0.0,11.0,3.0,0.0,3.0,4.0,23.0,33
352585,2016,3.0,0.0,0.0,1.0,0.0,14.0,5.0,1.0,8.0,4.0,36.0,52
352585,2017,3.0,0.0,0.0,1.0,0.0,6.0,5.0,1.0,7.0,2.0,25.0,35
352585,2018,2.0,0.0,3.0,1.0,1.0,10.0,1.0,1.0,5.0,4.0,28.0,39
352585,2019,2.0,0.0,0.0,1.0,1.0,12.0,1.0,2.0,7.0,3.0,29.0,40
352590,2012,278.0,30.0,86.0,39.0,75.0,899.0,121.0,99.0,875.0,411.0,2992.0,5367
352590,2013,0.0,0.0,0.0,0.0,0.0,0.0,0.0,0.0,0.0,0.0,3177.0,5469
352590,2014,256.0,5.0,101.0,28.0,37.0,1008.0,395.0,66.0,1023.0,177.0,3104.0,5405
352590,2015,207.0,6.0,99.0,85.0,67.0,1035.0,389.0,62.0,1039.0,190.0,3185.0,5822
352590,2016,239.0,22.0,135.0,60.0,61.0,1095.0,343.0,72.0,999.0,191.0,3219.0,5830
352590,2017,275.0,17.0,150.0,71.0,76.0,1167.0,380.0,71.0,1080.0,210.0,3499.0,6066
352590,2018,298.0,9.0,163.0,65.0,66.0,1267.0,403.0,45.0,1079.0,192.0,3589.0,6366
352590,2019,322.0,4.0,124.0,56.0,69.0,1201.0,398.0,79.0,972.0,232.0,3457.0,6144
352600,2012,17.0,0.0,6.0,4.0,1.0,73.0,6.0,3.0,49.0,39.0,215.0,237
352600,2013,0.0,0.0,0.0,0.0,0.0,0.0,0.0,0.0,0.0,0.0,229.0,257
352600,2014,25.0,0.0,14.0,5.0,1.0,87.0,1.0,21.0,9.0,66.0,230.0,248
352600,2015,28.0,0.0,2.0,4.0,6.0,86.0,1.0,24.0,5.0,66.0,223.0,241
352600,2016,22.0,0.0,6.0,4.0,4.0,68.0,3.0,32.0,7.0,70.0,216.0,234
352600,2017,20.0,0.0,8.0,5.0,1.0,95.0,1.0,22.0,4.0,53.0,209.0,227
352600,2018,21.0,1.0,5.0,2.0,6.0,91.0,0.0,16.0,12.0,69.0,223.0,240
352600,2019,10.0,0.0,4.0,3.0,3.0,88.0,2.0,30.0,8.0,67.0,215.0,235
352610,2012,4.0,1.0,2.0,2.0,3.0,9.0,4.0,2.0,15.0,6.0,102.0,286
352610,2013,0.0,0.0,0.0,0.0,0.0,0.0,0.0,0.0,0.0,0.0,105.0,318
352610,2014,6.0,0.0,2.0,4.0,7.0,44.0,4.0,3.0,19.0,21.0,110.0,332
352610,2015,8.0,0.0,2.0,4.0,4.0,43.0,3.0,7.0,17.0,15.0,104.0,287
352610,2016,4.0,2.0,3.0,2.0,4.0,42.0,8.0,4.0,14.0,12.0,95.0,265
352610,2017,5.0,1.0,3.0,3.0,0.0,26.0,8.0,0.0,22.0,9.0,77.0,278
352610,2018,4.0,0.0,9.0,5.0,1.0,30.0,9.0,3.0,15.0,8.0,85.0,286
352610,2019,9.0,1.0,2.0,7.0,3.0,35.0,6.0,2.0,22.0,7.0,94.0,281
352620,2012,12.0,2.0,6.0,7.0,3.0,46.0,14.0,1.0,34.0,8.0,141.0,446
352620,2013,0.0,0.0,0.0,0.0,0.0,0.0,0.0,0.0,0.0,0.0,168.0,472
352620,2014,13.0,1.0,13.0,7.0,2.0,44.0,17.0,3.0,41.0,5.0,149.0,449
352620,2015,14.0,0.0,6.0,10.0,3.0,51.0,23.0,3.0,44.0,13.0,169.0,482
352620,2016,16.0,0.0,6.0,6.0,6.0,49.0,19.0,5.0,32.0,6.0,148.0,459
352620,2017,14.0,0.0,4.0,7.0,2.0,50.0,18.0,11.0,36.0,12.0,154.0,452
352620,2018,5.0,1.0,3.0,12.0,8.0,53.0,19.0,5.0,32.0,8.0,146.0,477
352620,2019,11.0,0.0,7.0,5.0,2.0,50.0,21.0,4.0,30.0,10.0,141.0,452
352630,2012,2.0,0.0,0.0,0.0,0.0,9.0,0.0,3.0,6.0,2.0,26.0,38
352630,2013,0.0,0.0,0.0,0.0,0.0,0.0,0.0,0.0,0.0,0.0,20.0,33
352630,2014,2.0,0.0,0.0,0.0,0.0,2.0,1.0,0.0,5.0,1.0,11.0,25
352630,2015,1.0,0.0,0.0,0.0,0.0,9.0,1.0,3.0,8.0,1.0,23.0,36
352630,2016,3.0,0.0,0.0,0.0,0.0,9.0,1.0,3.0,5.0,1.0,22.0,38
352630,2017,4.0,0.0,2.0,1.0,3.0,10.0,6.0,1.0,4.0,0.0,31.0,40
352630,2018,1.0,0.0,0.0,0.0,0.0,11.0,1.0,0.0,6.0,0.0,19.0,37
352630,2019,0.0,0.0,0.0,0.0,2.0,17.0,2.0,0.0,8.0,2.0,31.0,55
352640,2012,13.0,0.0,1.0,7.0,11.0,60.0,7.0,13.0,54.0,31.0,199.0,341
352640,2013,0.0,0.0,0.0,0.0,0.0,0.0,0.0,0.0,0.0,0.0,197.0,342
352640,2014,20.0,1.0,7.0,10.0,6.0,75.0,28.0,11.0,53.0,31.0,242.0,399
352640,2015,16.0,0.0,4.0,3.0,5.0,75.0,14.0,9.0,43.0,30.0,199.0,358
352640,2016,15.0,0.0,6.0,6.0,13.0,96.0,22.0,13.0,40.0,48.0,259.0,396
352640,2017,22.0,0.0,4.0,2.0,7.0,71.0,10.0,15.0,37.0,36.0,204.0,332
352640,2018,20.0,0.0,12.0,6.0,3.0,107.0,10.0,12.0,52.0,44.0,267.0,417
352640,2019,15.0,2.0,9.0,5.0,5.0,77.0,19.0,7.0,54.0,32.0,225.0,362
352650,2012,1.0,0.0,2.0,0.0,2.0,10.0,2.0,1.0,6.0,11.0,45.0,61
352650,2013,0.0,0.0,0.0,0.0,0.0,0.0,0.0,0.0,0.0,0.0,36.0,46
352650,2014,4.0,0.0,2.0,0.0,0.0,5.0,0.0,0.0,8.0,6.0,31.0,44
352650,2015,2.0,0.0,0.0,0.0,1.0,16.0,4.0,0.0,6.0,4.0,41.0,53
352650,2016,4.0,1.0,6.0,0.0,0.0,14.0,3.0,0.0,4.0,3.0,38.0,47
352650,2017,8.0,0.0,0.0,1.0,0.0,20.0,0.0,4.0,7.0,5.0,49.0,69
352650,2018,3.0,0.0,0.0,0.0,1.0,18.0,0.0,4.0,5.0,3.0,34.0,43
352650,2019,2.0,0.0,4.0,0.0,1.0,12.0,1.0,3.0,8.0,7.0,38.0,45
352660,2012,3.0,1.0,2.0,3.0,0.0,25.0,1.0,3.0,16.0,6.0,75.0,116
352660,2013,0.0,0.0,0.0,0.0,0.0,0.0,0.0,0.0,0.0,0.0,60.0,100
352660,2014,6.0,0.0,0.0,1.0,0.0,26.0,2.0,8.0,11.0,5.0,59.0,98
352660,2015,2.0,0.0,2.0,1.0,0.0,26.0,5.0,6.0,8.0,9.0,66.0,114
352660,2016,1.0,0.0,2.0,0.0,1.0,23.0,4.0,3.0,14.0,10.0,61.0,97
352660,2017,4.0,0.0,0.0,2.0,1.0,21.0,2.0,3.0,10.0,13.0,56.0,101
352660,2018,4.0,0.0,0.0,4.0,1.0,23.0,4.0,6.0,14.0,10.0,66.0,99
352660,2019,5.0,0.0,0.0,2.0,0.0,23.0,2.0,7.0,15.0,7.0,61.0,82
352670,2012,121.0,0.0,24.0,9.0,15.0,114.0,72.0,11.0,220.0,31.0,702.0,1262
352670,2013,0.0,0.0,0.0,0.0,0.0,0.0,0.0,0.0,0.0,0.0,707.0,1236
352670,2014,89.0,0.0,18.0,11.0,11.0,163.0,146.0,29.0,242.0,50.0,822.0,1301
352670,2015,54.0,0.0,26.0,13.0,10.0,201.0,109.0,34.0,248.0,65.0,767.0,1245
352670,2016,71.0,4.0,24.0,13.0,15.0,182.0,105.0,23.0,201.0,43.0,683.0,1192
352670,2017,56.0,2.0,34.0,22.0,16.0,229.0,116.0,23.0,165.0,59.0,723.0,1213
352670,2018,55.0,0.0,22.0,20.0,21.0,235.0,140.0,23.0,216.0,44.0,777.0,1197
352670,2019,75.0,0.0,47.0,21.0,18.0,228.0,148.0,18.0,189.0,33.0,777.0,1125
352680,2012,63.0,2.0,14.0,19.0,19.0,196.0,39.0,13.0,207.0,41.0,668.0,819
352680,2013,0.0,0.0,0.0,0.0,0.0,0.0,0.0,0.0,0.0,0.0,731.0,864
352680,2014,100.0,0.0,17.0,5.0,5.0,295.0,96.0,13.0,280.0,49.0,862.0,955
352680,2015,62.0,1.0,11.0,7.0,5.0,287.0,78.0,11.0,284.0,37.0,785.0,895
352680,2016,81.0,0.0,12.0,7.0,7.0,241.0,68.0,6.0,225.0,18.0,666.0,775
352680,2017,77.0,3.0,22.0,11.0,10.0,304.0,43.0,7.0,188.0,24.0,689.0,860
352680,2018,49.0,0.0,22.0,11.0,6.0,290.0,53.0,10.0,192.0,32.0,665.0,836
352680,2019,39.0,0.0,13.0,3.0,4.0,331.0,53.0,7.0,203.0,24.0,682.0,814
352690,2012,265.0,3.0,44.0,64.0,76.0,631.0,104.0,60.0,569.0,370.0,2237.0,3619
352690,2013,0.0,0.0,0.0,0.0,0.0,0.0,0.0,0.0,0.0,0.0,2362.0,3512
352690,2014,241.0,14.0,78.0,64.0,81.0,681.0,126.0,180.0,426.0,520.0,2416.0,3605
352690,2015,225.0,2.0,86.0,43.0,69.0,709.0,109.0,156.0,340.0,530.0,2279.0,3605
352690,2016,200.0,6.0,84.0,58.0,56.0,757.0,95.0,152.0,334.0,553.0,2298.0,3591
352690,2017,233.0,8.0,61.0,70.0,60.0,776.0,106.0,186.0,373.0,496.0,2370.0,3620
352690,2018,217.0,10.0,96.0,80.0,82.0,887.0,87.0,231.0,331.0,617.0,2641.0,3905
352690,2019,191.0,2.0,60.0,82.0,69.0,849.0,75.0,187.0,264.0,566.0,2345.0,3499
352700,2012,5.0,0.0,0.0,2.0,1.0,16.0,2.0,0.0,14.0,2.0,44.0,82
352700,2013,0.0,0.0,0.0,0.0,0.0,0.0,0.0,0.0,0.0,0.0,41.0,80
352700,2014,2.0,0.0,0.0,0.0,0.0,13.0,1.0,2.0,8.0,11.0,37.0,77
352700,2015,3.0,0.0,0.0,0.0,0.0,17.0,3.0,3.0,6.0,10.0,42.0,76
352700,2016,3.0,0.0,0.0,1.0,0.0,13.0,4.0,1.0,9.0,5.0,36.0,64
352700,2017,3.0,0.0,2.0,1.0,2.0,20.0,2.0,4.0,8.0,3.0,45.0,70
352700,2018,3.0,1.0,2.0,0.0,1.0,19.0,3.0,3.0,14.0,3.0,49.0,75
352700,2019,2.0,0.0,2.0,5.0,0.0,31.0,4.0,2.0,12.0,2.0,60.0,73
352710,2012,122.0,1.0,22.0,14.0,17.0,266.0,18.0,22.0,161.0,129.0,807.0,983
352710,2013,0.0,0.0,0.0,0.0,0.0,0.0,0.0,0.0,0.0,0.0,790.0,952
352710,2014,113.0,0.0,12.0,4.0,12.0,226.0,46.0,29.0,146.0,115.0,759.0,957
352710,2015,69.0,0.0,17.0,13.0,9.0,272.0,36.0,24.0,163.0,94.0,708.0,920
352710,2016,89.0,0.0,18.0,8.0,8.0,238.0,50.0,17.0,178.0,37.0,673.0,904
352710,2017,84.0,1.0,25.0,10.0,11.0,285.0,58.0,12.0,182.0,79.0,748.0,938
352710,2018,85.0,2.0,29.0,18.0,10.0,300.0,33.0,20.0,175.0,109.0,782.0,1016
352710,2019,80.0,0.0,22.0,10.0,9.0,293.0,30.0,11.0,172.0,50.0,681.0,905
352720,2012,48.0,1.0,24.0,7.0,13.0,94.0,20.0,4.0,210.0,36.0,1133.0,1239
352720,2013,0.0,0.0,0.0,0.0,0.0,0.0,0.0,0.0,0.0,0.0,1114.0,1248
352720,2014,80.0,1.0,22.0,8.0,20.0,388.0,64.0,16.0,303.0,86.0,1053.0,1205
352720,2015,85.0,0.0,25.0,13.0,14.0,414.0,72.0,38.0,263.0,126.0,1115.0,1275
352720,2016,68.0,0.0,23.0,12.0,10.0,381.0,69.0,26.0,235.0,99.0,1044.0,1223
352720,2017,84.0,1.0,37.0,12.0,10.0,480.0,53.0,24.0,234.0,89.0,1073.0,1263
352720,2018,73.0,2.0,19.0,23.0,18.0,374.0,49.0,13.0,194.0,63.0,882.0,1242
352720,2019,96.0,3.0,30.0,22.0,14.0,360.0,31.0,15.0,173.0,71.0,815.0,1098
352725,2012,0.0,0.0,0.0,0.0,2.0,5.0,2.0,0.0,3.0,2.0,15.0,26
352725,2013,0.0,0.0,0.0,0.0,0.0,0.0,0.0,0.0,0.0,0.0,14.0,18
352725,2014,1.0,0.0,0.0,1.0,0.0,8.0,3.0,0.0,4.0,2.0,19.0,28
352725,2015,0.0,0.0,0.0,0.0,2.0,6.0,3.0,0.0,4.0,1.0,16.0,23
352725,2016,1.0,0.0,0.0,0.0,0.0,9.0,4.0,0.0,5.0,0.0,19.0,22
352725,2017,0.0,0.0,0.0,1.0,0.0,8.0,2.0,1.0,2.0,0.0,14.0,21
352725,2018,2.0,0.0,0.0,0.0,0.0,7.0,1.0,1.0,2.0,1.0,14.0,20
352725,2019,1.0,0.0,0.0,0.0,0.0,3.0,2.0,1.0,1.0,2.0,10.0,13
352730,2012,54.0,2.0,9.0,4.0,7.0,122.0,25.0,15.0,107.0,61.0,444.0,715
352730,2013,0.0,0.0,0.0,0.0,0.0,0.0,0.0,0.0,0.0,0.0,444.0,704
352730,2014,32.0,1.0,8.0,9.0,7.0,144.0,47.0,12.0,162.0,36.0,463.0,739
352730,2015,26.0,0.0,18.0,12.0,13.0,155.0,39.0,24.0,108.0,62.0,466.0,761
352730,2016,28.0,4.0,13.0,5.0,9.0,160.0,41.0,27.0,122.0,58.0,473.0,755
352730,2017,26.0,6.0,4.0,13.0,10.0,183.0,44.0,20.0,98.0,58.0,466.0,798
352730,2018,38.0,1.0,23.0,15.0,14.0,157.0,57.0,21.0,105.0,57.0,490.0,792
352730,2019,35.0,2.0,8.0,11.0,6.0,171.0,44.0,23.0,99.0,69.0,470.0,808
352740,2012,1.0,0.0,3.0,0.0,0.0,2.0,0.0,0.0,0.0,0.0,161.0,209
352740,2013,0.0,0.0,0.0,0.0,0.0,0.0,0.0,0.0,0.0,0.0,163.0,211
352740,2014,20.0,1.0,4.0,4.0,4.0,55.0,15.0,5.0,32.0,25.0,175.0,209
352740,2015,13.0,0.0,2.0,11.0,7.0,38.0,15.0,3.0,38.0,19.0,148.0,183
352740,2016,16.0,0.0,2.0,4.0,6.0,53.0,13.0,6.0,37.0,12.0,149.0,193
352740,2017,10.0,0.0,5.0,4.0,2.0,44.0,16.0,3.0,44.0,15.0,143.0,171
352740,2018,14.0,0.0,2.0,3.0,4.0,72.0,6.0,6.0,27.0,18.0,152.0,192
352740,2019,15.0,0.0,5.0,4.0,2.0,56.0,14.0,4.0,37.0,19.0,156.0,203
352750,2012,0.0,0.0,0.0,3.0,0.0,4.0,0.0,0.0,4.0,1.0,15.0,25
352750,2013,0.0,0.0,0.0,0.0,0.0,0.0,0.0,0.0,0.0,0.0,13.0,22
352750,2014,2.0,0.0,0.0,0.0,0.0,6.0,0.0,0.0,3.0,1.0,12.0,23
352750,2015,2.0,0.0,2.0,0.0,1.0,4.0,3.0,2.0,2.0,5.0,21.0,28
352750,2016,2.0,0.0,0.0,0.0,1.0,5.0,3.0,0.0,3.0,0.0,14.0,27
352750,2017,1.0,0.0,0.0,1.0,1.0,8.0,0.0,1.0,2.0,3.0,17.0,24
352750,2018,0.0,0.0,0.0,0.0,0.0,7.0,4.0,0.0,9.0,0.0,20.0,26
352750,2019,1.0,0.0,0.0,0.0,1.0,4.0,1.0,2.0,3.0,5.0,17.0,25
352760,2012,6.0,1.0,8.0,3.0,3.0,40.0,8.0,4.0,21.0,25.0,120.0,190
352760,2013,0.0,0.0,0.0,0.0,0.0,0.0,0.0,0.0,0.0,0.0,104.0,165
352760,2014,5.0,0.0,2.0,4.0,4.0,32.0,4.0,2.0,29.0,13.0,96.0,170
352760,2015,9.0,0.0,4.0,1.0,3.0,29.0,6.0,6.0,24.0,11.0,95.0,194
352760,2016,9.0,1.0,0.0,5.0,0.0,22.0,5.0,2.0,15.0,10.0,70.0,129
352760,2017,9.0,0.0,5.0,4.0,0.0,27.0,7.0,4.0,17.0,19.0,95.0,188
352760,2018,3.0,1.0,2.0,2.0,2.0,36.0,6.0,6.0,8.0,9.0,75.0,166
352760,2019,6.0,0.0,2.0,3.0,3.0,39.0,5.0,3.0,11.0,12.0,84.0,154
352770,2012,7.0,0.0,0.0,1.0,0.0,14.0,2.0,2.0,9.0,11.0,53.0,73
352770,2013,0.0,0.0,0.0,0.0,0.0,0.0,0.0,0.0,0.0,0.0,53.0,75
352770,2014,3.0,0.0,2.0,1.0,2.0,22.0,8.0,5.0,16.0,9.0,68.0,86
352770,2015,5.0,0.0,0.0,4.0,1.0,13.0,6.0,3.0,16.0,9.0,58.0,79
352770,2016,4.0,0.0,2.0,1.0,0.0,19.0,3.0,3.0,8.0,3.0,43.0,57
352770,2017,5.0,1.0,2.0,2.0,0.0,18.0,1.0,1.0,11.0,4.0,45.0,66
352770,2018,5.0,0.0,0.0,0.0,0.0,21.0,6.0,0.0,11.0,3.0,46.0,67
352770,2019,7.0,0.0,2.0,1.0,1.0,12.0,4.0,3.0,3.0,10.0,43.0,56
352780,2012,0.0,0.0,1.0,0.0,0.0,0.0,0.0,0.0,0.0,0.0,27.0,51
352780,2013,0.0,0.0,0.0,0.0,0.0,0.0,0.0,0.0,0.0,0.0,32.0,52
352780,2014,5.0,1.0,3.0,1.0,0.0,16.0,9.0,2.0,7.0,2.0,47.0,66
352780,2015,3.0,0.0,0.0,1.0,2.0,13.0,3.0,2.0,11.0,1.0,37.0,56
352780,2016,5.0,0.0,2.0,2.0,0.0,13.0,3.0,1.0,8.0,1.0,35.0,59
352780,2017,5.0,1.0,2.0,2.0,0.0,13.0,7.0,0.0,7.0,2.0,39.0,66
352780,2018,5.0,0.0,0.0,0.0,0.0,10.0,1.0,2.0,5.0,1.0,24.0,54
352780,2019,5.0,0.0,0.0,0.0,0.0,8.0,0.0,2.0,8.0,3.0,26.0,43
352790,2012,0.0,0.0,0.0,0.0,1.0,0.0,2.0,0.0,1.0,2.0,19.0,32
352790,2013,0.0,0.0,0.0,0.0,0.0,0.0,0.0,0.0,0.0,0.0,31.0,35
352790,2014,2.0,0.0,2.0,3.0,1.0,18.0,1.0,1.0,5.0,4.0,38.0,43
352790,2015,1.0,0.0,0.0,1.0,1.0,10.0,2.0,1.0,1.0,0.0,17.0,22
352790,2016,0.0,0.0,0.0,0.0,1.0,14.0,1.0,0.0,7.0,1.0,24.0,29
352790,2017,4.0,0.0,2.0,0.0,1.0,6.0,2.0,0.0,10.0,1.0,26.0,30
352790,2018,1.0,0.0,0.0,0.0,1.0,16.0,5.0,0.0,7.0,1.0,31.0,35
352790,2019,7.0,0.0,2.0,0.0,1.0,5.0,4.0,0.0,9.0,2.0,30.0,36
352800,2012,21.0,0.0,4.0,1.0,4.0,57.0,5.0,3.0,40.0,6.0,174.0,220
352800,2013,0.0,0.0,0.0,0.0,0.0,0.0,0.0,0.0,0.0,0.0,183.0,219
352800,2014,14.0,0.0,2.0,2.0,2.0,81.0,23.0,1.0,60.0,9.0,196.0,218
352800,2015,9.0,0.0,0.0,2.0,0.0,73.0,7.0,1.0,62.0,12.0,170.0,201
352800,2016,14.0,0.0,5.0,3.0,1.0,71.0,16.0,3.0,50.0,7.0,171.0,200
352800,2017,20.0,1.0,5.0,2.0,4.0,68.0,12.0,2.0,44.0,5.0,163.0,192
352800,2018,17.0,0.0,2.0,1.0,2.0,79.0,14.0,0.0,57.0,2.0,174.0,190
352800,2019,21.0,1.0,5.0,4.0,1.0,76.0,19.0,1.0,51.0,4.0,183.0,201
352810,2012,10.0,0.0,0.0,1.0,0.0,8.0,6.0,2.0,10.0,1.0,61.0,76
352810,2013,0.0,0.0,0.0,0.0,0.0,0.0,0.0,0.0,0.0,0.0,74.0,80
352810,2014,6.0,0.0,2.0,1.0,0.0,19.0,9.0,1.0,23.0,0.0,63.0,71
352810,2015,10.0,0.0,0.0,0.0,1.0,18.0,6.0,0.0,31.0,4.0,77.0,90
352810,2016,8.0,0.0,0.0,1.0,1.0,23.0,7.0,2.0,20.0,6.0,69.0,78
352810,2017,7.0,0.0,2.0,0.0,2.0,20.0,7.0,1.0,15.0,6.0,60.0,72
352810,2018,6.0,1.0,0.0,2.0,2.0,20.0,5.0,5.0,13.0,10.0,64.0,81
352810,2019,7.0,0.0,0.0,1.0,2.0,24.0,3.0,3.0,14.0,10.0,64.0,79
352820,2012,1.0,0.0,0.0,0.0,0.0,0.0,0.0,0.0,0.0,0.0,29.0,31
352820,2013,0.0,0.0,0.0,0.0,0.0,0.0,0.0,0.0,0.0,0.0,19.0,26
352820,2014,1.0,1.0,0.0,0.0,0.0,5.0,0.0,1.0,3.0,2.0,18.0,22
352820,2015,2.0,0.0,0.0,0.0,2.0,8.0,1.0,2.0,5.0,4.0,27.0,32
352820,2016,4.0,0.0,0.0,1.0,0.0,9.0,4.0,0.0,10.0,3.0,31.0,37
352820,2017,0.0,0.0,0.0,1.0,0.0,8.0,1.0,1.0,7.0,2.0,20.0,24
352820,2018,2.0,0.0,0.0,1.0,1.0,10.0,6.0,0.0,7.0,2.0,29.0,38
352820,2019,2.0,0.0,2.0,0.0,0.0,14.0,3.0,3.0,8.0,2.0,34.0,39
352830,2012,7.0,0.0,0.0,0.0,0.0,8.0,2.0,0.0,3.0,1.0,27.0,33
352830,2013,0.0,0.0,0.0,0.0,0.0,0.0,0.0,0.0,0.0,0.0,35.0,38
352830,2014,6.0,0.0,0.0,1.0,0.0,7.0,4.0,0.0,16.0,0.0,34.0,39
352830,2015,5.0,1.0,0.0,2.0,0.0,10.0,2.0,0.0,12.0,1.0,34.0,39
352830,2016,9.0,0.0,2.0,1.0,1.0,8.0,1.0,0.0,4.0,0.0,27.0,32
352830,2017,0.0,0.0,0.0,0.0,0.0,13.0,3.0,0.0,7.0,4.0,27.0,29
352830,2018,2.0,0.0,0.0,1.0,0.0,12.0,1.0,0.0,9.0,1.0,26.0,29
352830,2019,4.0,0.0,0.0,1.0,0.0,7.0,1.0,0.0,5.0,5.0,23.0,29
352840,2012,47.0,1.0,8.0,12.0,5.0,135.0,12.0,11.0,102.0,49.0,487.0,719
352840,2013,0.0,0.0,0.0,0.0,0.0,0.0,0.0,0.0,0.0,0.0,460.0,683
352840,2014,44.0,1.0,6.0,5.0,5.0,182.0,38.0,25.0,108.0,64.0,482.0,702
352840,2015,48.0,1.0,15.0,4.0,4.0,187.0,30.0,16.0,107.0,74.0,500.0,732
352840,2016,48.0,2.0,6.0,6.0,7.0,153.0,33.0,18.0,99.0,59.0,431.0,625
352840,2017,37.0,1.0,15.0,10.0,5.0,185.0,31.0,15.0,94.0,56.0,455.0,672
352840,2018,38.0,1.0,13.0,11.0,2.0,193.0,35.0,27.0,116.0,54.0,497.0,651
352840,2019,41.0,2.0,14.0,9.0,12.0,210.0,36.0,24.0,107.0,61.0,516.0,685
352850,2012,53.0,2.0,10.0,20.0,20.0,162.0,33.0,12.0,160.0,45.0,619.0,1109
352850,2013,0.0,0.0,0.0,0.0,0.0,0.0,0.0,0.0,0.0,0.0,687.0,1159
352850,2014,33.0,6.0,21.0,15.0,12.0,257.0,76.0,23.0,192.0,80.0,729.0,1167
352850,2015,62.0,9.0,24.0,22.0,22.0,269.0,81.0,25.0,172.0,66.0,763.0,1171
352850,2016,55.0,2.0,29.0,16.0,19.0,236.0,45.0,26.0,132.0,44.0,606.0,1066
352850,2017,45.0,5.0,18.0,12.0,15.0,237.0,61.0,14.0,128.0,39.0,576.0,1026
352850,2018,31.0,0.0,18.0,13.0,8.0,267.0,69.0,20.0,144.0,52.0,623.0,1124
352850,2019,43.0,3.0,22.0,22.0,18.0,245.0,50.0,22.0,132.0,40.0,597.0,1020
352860,2012,3.0,1.0,1.0,1.0,3.0,15.0,2.0,5.0,9.0,7.0,60.0,112
352860,2013,0.0,0.0,0.0,0.0,0.0,0.0,0.0,0.0,0.0,0.0,60.0,108
352860,2014,5.0,0.0,6.0,1.0,1.0,8.0,4.0,7.0,7.0,9.0,53.0,89
352860,2015,4.0,0.0,2.0,1.0,2.0,15.0,3.0,5.0,11.0,9.0,55.0,101
352860,2016,8.0,0.0,2.0,3.0,1.0,19.0,5.0,4.0,5.0,11.0,60.0,94
352860,2017,10.0,0.0,2.0,3.0,0.0,25.0,6.0,5.0,13.0,18.0,83.0,109
352860,2018,5.0,0.0,0.0,1.0,2.0,21.0,4.0,3.0,10.0,9.0,62.0,95
352860,2019,6.0,0.0,0.0,1.0,1.0,26.0,6.0,1.0,13.0,11.0,71.0,115
352870,2012,1.0,0.0,0.0,1.0,0.0,11.0,0.0,3.0,0.0,10.0,29.0,40
352870,2013,0.0,0.0,0.0,0.0,0.0,0.0,0.0,0.0,0.0,0.0,24.0,33
352870,2014,3.0,0.0,0.0,0.0,0.0,6.0,2.0,4.0,0.0,11.0,28.0,35
352870,2015,2.0,0.0,2.0,0.0,0.0,10.0,0.0,5.0,0.0,11.0,30.0,37
352870,2016,2.0,0.0,2.0,0.0,0.0,11.0,0.0,3.0,1.0,10.0,29.0,35
352870,2017,1.0,0.0,0.0,0.0,0.0,18.0,0.0,3.0,0.0,6.0,28.0,38
352870,2018,2.0,0.0,2.0,0.0,0.0,12.0,0.0,5.0,1.0,5.0,27.0,34
352870,2019,0.0,0.0,0.0,1.0,0.0,13.0,0.0,8.0,1.0,8.0,31.0,39
352880,2012,0.0,0.0,0.0,0.0,0.0,3.0,0.0,1.0,5.0,4.0,128.0,174
352880,2013,0.0,0.0,0.0,0.0,0.0,0.0,0.0,0.0,0.0,0.0,108.0,157
352880,2014,15.0,1.0,5.0,2.0,5.0,44.0,13.0,2.0,33.0,10.0,130.0,184
352880,2015,12.0,0.0,6.0,3.0,7.0,53.0,10.0,3.0,29.0,11.0,135.0,194
352880,2016,11.0,1.0,2.0,5.0,2.0,27.0,11.0,4.0,33.0,10.0,106.0,143
352880,2017,9.0,0.0,2.0,3.0,6.0,37.0,15.0,1.0,36.0,7.0,116.0,159
352880,2018,12.0,1.0,6.0,2.0,2.0,51.0,15.0,3.0,31.0,8.0,131.0,171
352880,2019,10.0,0.0,2.0,0.0,3.0,48.0,5.0,2.0,18.0,6.0,94.0,144
352885,2012,1.0,0.0,0.0,0.0,0.0,4.0,2.0,0.0,5.0,1.0,22.0,24
352885,2013,0.0,0.0,0.0,0.0,0.0,0.0,0.0,0.0,0.0,0.0,22.0,26
352885,2014,2.0,1.0,0.0,0.0,2.0,10.0,0.0,1.0,12.0,0.0,28.0,30
352885,2015,1.0,0.0,2.0,0.0,0.0,8.0,1.0,0.0,13.0,1.0,27.0,31
352885,2016,2.0,0.0,0.0,0.0,1.0,8.0,1.0,0.0,14.0,1.0,27.0,33
352885,2017,1.0,0.0,0.0,0.0,0.0,8.0,0.0,0.0,11.0,2.0,22.0,27
352885,2018,4.0,0.0,2.0,1.0,2.0,10.0,5.0,0.0,10.0,2.0,37.0,42
352885,2019,2.0,0.0,0.0,0.0,0.0,15.0,1.0,0.0,5.0,0.0,23.0,31
352890,2012,0.0,0.0,0.0,0.0,0.0,0.0,0.0,0.0,0.0,0.0,23.0,29
352890,2013,0.0,0.0,0.0,0.0,0.0,0.0,0.0,0.0,0.0,0.0,32.0,41
352890,2014,2.0,0.0,0.0,0.0,1.0,14.0,5.0,0.0,17.0,2.0,41.0,46
352890,2015,2.0,1.0,0.0,1.0,0.0,9.0,3.0,0.0,13.0,2.0,32.0,39
352890,2016,4.0,0.0,0.0,0.0,1.0,18.0,1.0,1.0,8.0,3.0,36.0,38
352890,2017,5.0,0.0,0.0,1.0,0.0,11.0,4.0,1.0,7.0,1.0,30.0,35
352890,2018,1.0,0.0,2.0,2.0,1.0,9.0,2.0,2.0,3.0,5.0,27.0,36
352890,2019,2.0,0.0,0.0,1.0,0.0,20.0,3.0,1.0,10.0,2.0,39.0,43
352900,2012,7.0,0.0,15.0,0.0,3.0,18.0,1.0,0.0,15.0,9.0,2056.0,2975
352900,2013,0.0,0.0,0.0,0.0,0.0,0.0,0.0,0.0,0.0,0.0,2119.0,2984
352900,2014,212.0,1.0,57.0,51.0,36.0,724.0,194.0,56.0,635.0,142.0,2154.0,2913
352900,2015,213.0,0.0,76.0,62.0,39.0,747.0,211.0,45.0,627.0,135.0,2194.0,3042
352900,2016,217.0,3.0,68.0,48.0,47.0,738.0,183.0,38.0,558.0,148.0,2058.0,2980
352900,2017,241.0,5.0,63.0,63.0,53.0,779.0,189.0,26.0,556.0,92.0,2067.0,3143
352900,2018,193.0,7.0,81.0,70.0,51.0,757.0,168.0,44.0,482.0,139.0,1992.0,3114
352900,2019,221.0,7.0,82.0,68.0,43.0,806.0,148.0,49.0,458.0,145.0,2027.0,3051
352910,2012,0.0,0.0,0.0,0.0,0.0,1.0,0.0,0.0,1.0,0.0,19.0,23
352910,2013,0.0,0.0,0.0,0.0,0.0,0.0,0.0,0.0,0.0,0.0,15.0,21
352910,2014,2.0,0.0,0.0,0.0,0.0,5.0,0.0,1.0,4.0,6.0,22.0,24
352910,2015,0.0,0.0,0.0,1.0,0.0,5.0,2.0,3.0,3.0,2.0,18.0,20
352910,2016,1.0,0.0,0.0,0.0,0.0,5.0,3.0,1.0,3.0,0.0,13.0,15
352910,2017,1.0,0.0,0.0,1.0,0.0,7.0,1.0,1.0,1.0,1.0,13.0,13
352910,2018,3.0,0.0,0.0,0.0,0.0,7.0,0.0,2.0,0.0,1.0,13.0,15
352910,2019,2.0,0.0,0.0,0.0,0.0,4.0,0.0,2.0,2.0,2.0,12.0,14
352920,2012,20.0,2.0,4.0,2.0,1.0,53.0,3.0,14.0,15.0,38.0,224.0,278
352920,2013,0.0,0.0,0.0,0.0,0.0,0.0,0.0,0.0,0.0,0.0,228.0,297
352920,2014,17.0,0.0,3.0,1.0,4.0,99.0,5.0,28.0,27.0,61.0,246.0,304
352920,2015,26.0,10.0,2.0,5.0,5.0,82.0,11.0,8.0,32.0,49.0,240.0,310
352920,2016,16.0,0.0,2.0,8.0,5.0,88.0,17.0,11.0,38.0,41.0,226.0,270
352920,2017,23.0,0.0,10.0,4.0,3.0,74.0,21.0,8.0,59.0,25.0,227.0,274
352920,2018,25.0,0.0,6.0,8.0,4.0,99.0,15.0,5.0,58.0,21.0,250.0,305
352920,2019,27.0,0.0,4.0,7.0,4.0,88.0,24.0,9.0,54.0,24.0,251.0,311
352930,2012,145.0,2.0,26.0,10.0,13.0,309.0,54.0,3.0,337.0,19.0,939.0,1078
352930,2013,0.0,0.0,0.0,0.0,0.0,0.0,0.0,0.0,0.0,0.0,978.0,1037
352930,2014,85.0,2.0,25.0,12.0,6.0,300.0,75.0,1.0,254.0,4.0,937.0,1047
352930,2015,76.0,0.0,40.0,19.0,13.0,272.0,58.0,8.0,214.0,62.0,945.0,1134
352930,2016,63.0,0.0,16.0,9.0,8.0,299.0,61.0,1.0,257.0,5.0,744.0,886
352930,2017,85.0,2.0,23.0,14.0,12.0,346.0,69.0,2.0,284.0,14.0,862.0,1013
352930,2018,60.0,1.0,30.0,15.0,14.0,350.0,63.0,1.0,193.0,25.0,758.0,959
352930,2019,43.0,2.0,34.0,19.0,20.0,314.0,43.0,10.0,189.0,45.0,720.0,943
352940,2012,404.0,10.0,106.0,53.0,68.0,1230.0,96.0,22.0,1215.0,487.0,4156.0,5876
352940,2013,0.0,0.0,0.0,0.0,0.0,0.0,0.0,0.0,0.0,0.0,4263.0,5800
352940,2014,384.0,8.0,139.0,52.0,63.0,1333.0,327.0,257.0,1074.0,570.0,4248.0,5819
352940,2015,369.0,14.0,139.0,60.0,63.0,1389.0,248.0,249.0,915.0,613.0,4093.0,6028
352940,2016,316.0,4.0,106.0,70.0,64.0,1421.0,324.0,119.0,1081.0,342.0,3862.0,5908
352940,2017,307.0,6.0,100.0,57.0,55.0,1481.0,288.0,165.0,915.0,432.0,3806.0,5729
352940,2018,324.0,7.0,101.0,58.0,66.0,1323.0,300.0,154.0,852.0,359.0,3544.0,5501
352940,2019,307.0,9.0,90.0,71.0,44.0,1319.0,287.0,105.0,694.0,270.0,3200.0,5091
352950,2012,7.0,0.0,2.0,0.0,1.0,8.0,0.0,1.0,8.0,7.0,40.0,50
352950,2013,0.0,0.0,0.0,0.0,0.0,0.0,0.0,0.0,0.0,0.0,43.0,51
352950,2014,4.0,0.0,0.0,0.0,2.0,13.0,1.0,5.0,14.0,7.0,46.0,59
352950,2015,4.0,0.0,0.0,1.0,3.0,18.0,4.0,1.0,16.0,4.0,52.0,59
352950,2016,1.0,0.0,2.0,0.0,2.0,19.0,4.0,2.0,16.0,10.0,57.0,66
352950,2017,12.0,0.0,0.0,0.0,0.0,20.0,2.0,4.0,13.0,12.0,63.0,77
352950,2018,2.0,0.0,4.0,3.0,1.0,26.0,4.0,1.0,12.0,3.0,56.0,71
352950,2019,7.0,0.0,0.0,3.0,5.0,23.0,3.0,1.0,14.0,11.0,67.0,82
352960,2012,1.0,0.0,0.0,0.0,0.0,0.0,0.0,0.0,0.0,0.0,38.0,42
352960,2013,0.0,0.0,0.0,0.0,0.0,0.0,0.0,0.0,0.0,0.0,25.0,32
352960,2014,3.0,0.0,0.0,0.0,0.0,1.0,0.0,1.0,4.0,0.0,38.0,48
352960,2015,2.0,0.0,0.0,0.0,0.0,9.0,1.0,0.0,5.0,1.0,40.0,47
352960,2016,3.0,0.0,2.0,1.0,1.0,7.0,2.0,2.0,4.0,3.0,25.0,33
352960,2017,3.0,0.0,0.0,0.0,1.0,13.0,4.0,5.0,6.0,11.0,43.0,50
352960,2018,4.0,0.0,4.0,0.0,0.0,11.0,2.0,1.0,6.0,0.0,28.0,30
352960,2019,2.0,0.0,0.0,1.0,0.0,14.0,4.0,0.0,7.0,1.0,29.0,35
352965,2012,0.0,0.0,2.0,0.0,0.0,1.0,0.0,0.0,2.0,0.0,16.0,23
352965,2013,0.0,0.0,0.0,0.0,0.0,0.0,0.0,0.0,0.0,0.0,16.0,22
352965,2014,2.0,0.0,0.0,0.0,0.0,7.0,1.0,0.0,2.0,4.0,16.0,22
352965,2015,3.0,0.0,0.0,0.0,0.0,5.0,2.0,2.0,2.0,5.0,22.0,26
352965,2016,0.0,0.0,0.0,0.0,0.0,13.0,2.0,1.0,4.0,4.0,24.0,29
352965,2017,5.0,0.0,0.0,0.0,0.0,11.0,1.0,0.0,3.0,1.0,22.0,27
352965,2018,1.0,0.0,2.0,0.0,0.0,10.0,0.0,0.0,4.0,3.0,20.0,25
352965,2019,2.0,1.0,0.0,0.0,0.0,12.0,1.0,2.0,3.0,6.0,27.0,32
352970,2012,17.0,0.0,1.0,5.0,3.0,25.0,5.0,2.0,21.0,3.0,231.0,254
352970,2013,0.0,0.0,0.0,0.0,0.0,0.0,0.0,0.0,0.0,0.0,245.0,270
352970,2014,20.0,0.0,2.0,1.0,1.0,9.0,50.0,1.0,58.0,5.0,258.0,276
352970,2015,19.0,1.0,22.0,1.0,1.0,59.0,29.0,2.0,69.0,3.0,266.0,284
352970,2016,30.0,0.0,4.0,6.0,3.0,66.0,20.0,0.0,59.0,6.0,195.0,222
352970,2017,22.0,0.0,8.0,2.0,4.0,88.0,20.0,2.0,80.0,10.0,240.0,269
352970,2018,24.0,0.0,8.0,3.0,0.0,96.0,21.0,2.0,67.0,12.0,238.0,269
352970,2019,18.0,1.0,6.0,2.0,1.0,86.0,16.0,4.0,53.0,6.0,209.0,228
352980,2012,4.0,0.0,2.0,0.0,0.0,22.0,5.0,1.0,26.0,5.0,101.0,158
352980,2013,0.0,0.0,0.0,0.0,0.0,0.0,0.0,0.0,0.0,0.0,98.0,154
352980,2014,6.0,1.0,2.0,0.0,0.0,41.0,2.0,1.0,24.0,11.0,90.0,149
352980,2015,2.0,2.0,4.0,1.0,5.0,41.0,9.0,3.0,21.0,13.0,106.0,156
352980,2016,5.0,5.0,0.0,0.0,0.0,23.0,4.0,5.0,24.0,6.0,72.0,119
352980,2017,7.0,0.0,0.0,1.0,0.0,27.0,4.0,7.0,27.0,12.0,86.0,134
352980,2018,11.0,0.0,6.0,3.0,2.0,40.0,3.0,6.0,20.0,15.0,106.0,158
352980,2019,8.0,0.0,0.0,1.0,2.0,43.0,10.0,2.0,30.0,7.0,103.0,153
352990,2012,8.0,0.0,0.0,2.0,1.0,16.0,0.0,1.0,16.0,5.0,126.0,321
352990,2013,0.0,0.0,0.0,0.0,0.0,0.0,0.0,0.0,0.0,0.0,88.0,283
352990,2014,7.0,0.0,6.0,5.0,6.0,41.0,6.0,6.0,12.0,12.0,101.0,314
352990,2015,2.0,1.0,2.0,6.0,4.0,40.0,5.0,8.0,15.0,18.0,101.0,323
352990,2016,5.0,1.0,1.0,4.0,3.0,46.0,6.0,6.0,24.0,8.0,104.0,319
352990,2017,9.0,1.0,0.0,5.0,4.0,30.0,6.0,4.0,12.0,5.0,76.0,299
352990,2018,6.0,1.0,2.0,4.0,1.0,31.0,4.0,5.0,18.0,9.0,81.0,296
352990,2019,11.0,1.0,1.0,4.0,2.0,29.0,10.0,4.0,27.0,3.0,92.0,307
353000,2012,0.0,0.0,0.0,0.0,0.0,0.0,0.0,1.0,0.0,0.0,24.0,26
353000,2013,0.0,0.0,0.0,0.0,0.0,0.0,0.0,0.0,0.0,0.0,22.0,23
353000,2014,4.0,1.0,2.0,1.0,0.0,6.0,0.0,0.0,1.0,3.0,31.0,37
353000,2015,2.0,0.0,0.0,0.0,0.0,4.0,2.0,1.0,4.0,3.0,20.0,25
353000,2016,4.0,0.0,2.0,4.0,0.0,4.0,2.0,0.0,5.0,4.0,25.0,30
353000,2017,4.0,0.0,0.0,1.0,0.0,9.0,5.0,0.0,5.0,2.0,26.0,30
353000,2018,3.0,0.0,2.0,0.0,0.0,15.0,0.0,3.0,4.0,3.0,30.0,38
353000,2019,2.0,0.0,2.0,0.0,0.0,7.0,2.0,1.0,7.0,0.0,21.0,26
353010,2012,19.0,1.0,15.0,5.0,3.0,82.0,5.0,3.0,43.0,22.0,264.0,354
353010,2013,0.0,0.0,0.0,0.0,0.0,0.0,0.0,0.0,0.0,0.0,247.0,326
353010,2014,18.0,1.0,6.0,2.0,9.0,70.0,12.0,9.0,37.0,39.0,236.0,313
353010,2015,18.0,0.0,8.0,6.0,3.0,79.0,5.0,10.0,46.0,25.0,228.0,301
353010,2016,25.0,1.0,2.0,4.0,4.0,77.0,3.0,14.0,37.0,35.0,235.0,283
353010,2017,19.0,1.0,6.0,1.0,1.0,75.0,8.0,10.0,32.0,31.0,215.0,269
353010,2018,23.0,1.0,4.0,4.0,1.0,109.0,7.0,5.0,33.0,47.0,234.0,279
353010,2019,20.0,0.0,4.0,5.0,3.0,87.0,8.0,13.0,24.0,29.0,193.0,239
353020,2012,6.0,0.0,3.0,0.0,0.0,18.0,2.0,3.0,7.0,3.0,141.0,243
353020,2013,0.0,0.0,0.0,0.0,0.0,0.0,0.0,0.0,0.0,0.0,123.0,200
353020,2014,9.0,0.0,4.0,1.0,5.0,45.0,8.0,12.0,21.0,16.0,133.0,240
353020,2015,9.0,0.0,2.0,2.0,2.0,45.0,6.0,11.0,15.0,22.0,115.0,195
353020,2016,12.0,1.0,1.0,2.0,2.0,55.0,9.0,6.0,10.0,31.0,132.0,180
353020,2017,11.0,0.0,1.0,3.0,2.0,51.0,11.0,8.0,24.0,13.0,124.0,180
353020,2018,10.0,0.0,2.0,5.0,5.0,56.0,11.0,9.0,14.0,12.0,124.0,183
353020,2019,7.0,0.0,4.0,3.0,3.0,49.0,7.0,8.0,22.0,14.0,117.0,174
353030,2012,61.0,1.0,22.0,8.0,9.0,181.0,14.0,6.0,99.0,117.0,623.0,705
353030,2013,0.0,0.0,0.0,0.0,0.0,0.0,0.0,0.0,0.0,0.0,609.0,690
353030,2014,61.0,0.0,21.0,7.0,6.0,249.0,26.0,38.0,113.0,135.0,674.0,762
353030,2015,56.0,0.0,15.0,5.0,17.0,260.0,30.0,33.0,107.0,113.0,651.0,750
353030,2016,51.0,1.0,15.0,10.0,6.0,236.0,28.0,25.0,113.0,104.0,590.0,710
353030,2017,68.0,1.0,12.0,8.0,10.0,239.0,24.0,29.0,103.0,108.0,602.0,722
353030,2018,74.0,1.0,12.0,11.0,9.0,284.0,16.0,27.0,108.0,114.0,656.0,776
353030,2019,57.0,1.0,25.0,8.0,10.0,270.0,12.0,38.0,52.0,126.0,599.0,732
353040,2012,5.0,0.0,0.0,1.0,0.0,10.0,1.0,1.0,7.0,3.0,33.0,41
353040,2013,0.0,0.0,0.0,0.0,0.0,0.0,0.0,0.0,0.0,0.0,42.0,53
353040,2014,4.0,0.0,2.0,1.0,0.0,13.0,2.0,0.0,12.0,1.0,35.0,41
353040,2015,2.0,0.0,2.0,0.0,1.0,22.0,2.0,0.0,12.0,3.0,44.0,52
353040,2016,2.0,0.0,0.0,1.0,0.0,17.0,3.0,1.0,15.0,4.0,43.0,50
353040,2017,5.0,0.0,2.0,1.0,1.0,22.0,1.0,0.0,15.0,5.0,52.0,57
353040,2018,7.0,0.0,0.0,1.0,1.0,17.0,1.0,0.0,8.0,10.0,45.0,61
353040,2019,3.0,0.0,2.0,0.0,0.0,16.0,0.0,3.0,11.0,4.0,39.0,62
353050,2012,22.0,3.0,12.0,8.0,7.0,135.0,27.0,7.0,111.0,47.0,518.0,805
353050,2013,0.0,0.0,0.0,0.0,0.0,0.0,0.0,0.0,0.0,0.0,531.0,812
353050,2014,43.0,1.0,25.0,8.0,12.0,194.0,63.0,22.0,176.0,57.0,602.0,900
353050,2015,47.0,0.0,12.0,17.0,20.0,158.0,49.0,23.0,128.0,76.0,546.0,846
353050,2016,55.0,2.0,18.0,11.0,11.0,162.0,45.0,17.0,126.0,86.0,538.0,793
353050,2017,46.0,5.0,26.0,14.0,13.0,186.0,32.0,20.0,140.0,63.0,554.0,805
353050,2018,43.0,0.0,17.0,16.0,18.0,228.0,54.0,23.0,131.0,60.0,601.0,799
353050,2019,44.0,2.0,9.0,15.0,22.0,203.0,48.0,17.0,118.0,72.0,557.0,750
353060,2012,463.0,10.0,110.0,67.0,92.0,1092.0,227.0,120.0,910.0,392.0,3565.0,6340
353060,2013,0.0,0.0,0.0,0.0,0.0,0.0,0.0,0.0,0.0,0.0,3521.0,6064
353060,2014,311.0,5.0,115.0,39.0,37.0,1191.0,426.0,36.0,1080.0,93.0,3442.0,6206
353060,2015,256.0,11.0,145.0,51.0,42.0,1310.0,438.0,46.0,1085.0,133.0,3523.0,6562
353060,2016,235.0,6.0,111.0,28.0,42.0,1272.0,322.0,137.0,750.0,353.0,3261.0,6247
353060,2017,273.0,10.0,143.0,41.0,40.0,1338.0,286.0,152.0,615.0,465.0,3366.0,6345
353060,2018,386.0,8.0,146.0,50.0,56.0,1235.0,250.0,132.0,654.0,390.0,3307.0,6524
353060,2019,367.0,11.0,120.0,64.0,59.0,1236.0,267.0,118.0,670.0,371.0,3283.0,6370
353070,2012,55.0,2.0,23.0,15.0,13.0,157.0,21.0,13.0,124.0,127.0,1312.0,1928
353070,2013,0.0,0.0,0.0,0.0,0.0,0.0,0.0,0.0,0.0,0.0,1314.0,1915
353070,2014,116.0,3.0,32.0,16.0,28.0,409.0,86.0,88.0,184.0,242.0,1286.0,1934
353070,2015,95.0,2.0,42.0,20.0,34.0,366.0,68.0,82.0,153.0,275.0,1253.0,1935
353070,2016,78.0,2.0,64.0,13.0,25.0,335.0,42.0,71.0,141.0,302.0,1234.0,1909
353070,2017,121.0,6.0,41.0,20.0,24.0,456.0,70.0,106.0,210.0,261.0,1386.0,1969
353070,2018,153.0,1.0,48.0,23.0,26.0,489.0,91.0,110.0,191.0,246.0,1378.0,1979
353070,2019,141.0,5.0,35.0,15.0,24.0,470.0,64.0,96.0,191.0,259.0,1300.0,1914
353080,2012,79.0,3.0,18.0,11.0,17.0,164.0,27.0,20.0,137.0,81.0,816.0,1153
353080,2013,0.0,0.0,0.0,0.0,0.0,0.0,0.0,0.0,0.0,0.0,875.0,1182
353080,2014,48.0,0.0,33.0,26.0,35.0,270.0,40.0,38.0,146.0,148.0,792.0,1167
353080,2015,73.0,0.0,18.0,32.0,24.0,280.0,46.0,20.0,179.0,131.0,813.0,1245
353080,2016,59.0,1.0,22.0,19.0,15.0,238.0,37.0,25.0,169.0,119.0,719.0,1101
353080,2017,62.0,1.0,20.0,16.0,21.0,248.0,44.0,38.0,152.0,107.0,718.0,1051
353080,2018,71.0,0.0,17.0,14.0,10.0,270.0,71.0,37.0,127.0,109.0,726.0,1046
353080,2019,73.0,3.0,20.0,15.0,12.0,297.0,73.0,38.0,171.0,85.0,787.0,1043
353090,2012,0.0,0.0,0.0,0.0,1.0,8.0,0.0,1.0,10.0,2.0,28.0,53
353090,2013,0.0,0.0,0.0,0.0,0.0,0.0,0.0,0.0,0.0,0.0,44.0,63
353090,2014,3.0,0.0,2.0,1.0,2.0,14.0,4.0,0.0,10.0,0.0,36.0,46
353090,2015,4.0,0.0,0.0,1.0,0.0,12.0,3.0,0.0,13.0,2.0,36.0,62
353090,2016,1.0,0.0,2.0,0.0,0.0,13.0,5.0,1.0,5.0,2.0,29.0,49
353090,2017,5.0,0.0,2.0,0.0,2.0,9.0,5.0,2.0,5.0,1.0,31.0,49
353090,2018,3.0,0.0,3.0,0.0,1.0,10.0,4.0,2.0,12.0,5.0,40.0,59
353090,2019,2.0,0.0,2.0,0.0,1.0,13.0,3.0,6.0,7.0,4.0,38.0,50
353100,2012,2.0,0.0,0.0,1.0,0.0,7.0,3.0,0.0,4.0,3.0,23.0,24
353100,2013,0.0,0.0,0.0,0.0,0.0,0.0,0.0,0.0,0.0,0.0,26.0,30
353100,2014,5.0,0.0,2.0,0.0,0.0,9.0,5.0,0.0,5.0,1.0,27.0,29
353100,2015,5.0,0.0,0.0,0.0,0.0,9.0,1.0,0.0,6.0,1.0,22.0,25
353100,2016,4.0,0.0,0.0,0.0,0.0,9.0,2.0,0.0,3.0,3.0,21.0,24
353100,2017,1.0,0.0,2.0,1.0,1.0,8.0,0.0,3.0,6.0,3.0,25.0,29
353100,2018,1.0,0.0,0.0,2.0,0.0,16.0,1.0,0.0,5.0,3.0,28.0,32
353100,2019,3.0,0.0,0.0,1.0,0.0,6.0,1.0,0.0,6.0,2.0,19.0,21
353110,2012,40.0,1.0,10.0,18.0,8.0,128.0,22.0,8.0,91.0,32.0,400.0,681
353110,2013,0.0,0.0,0.0,0.0,0.0,0.0,0.0,0.0,0.0,0.0,316.0,646
353110,2014,22.0,3.0,4.0,9.0,4.0,147.0,13.0,20.0,51.0,44.0,317.0,675
353110,2015,33.0,1.0,14.0,14.0,8.0,146.0,23.0,11.0,54.0,25.0,330.0,696
353110,2016,24.0,1.0,14.0,9.0,6.0,130.0,23.0,12.0,66.0,39.0,324.0,714
353110,2017,28.0,3.0,22.0,9.0,4.0,162.0,20.0,22.0,41.0,30.0,341.0,711
353110,2018,28.0,1.0,19.0,11.0,3.0,138.0,17.0,18.0,45.0,28.0,315.0,783
353110,2019,22.0,5.0,11.0,13.0,8.0,121.0,20.0,11.0,52.0,32.0,296.0,720
353120,2012,2.0,0.0,0.0,0.0,0.0,3.0,3.0,1.0,12.0,9.0,31.0,48
353120,2013,0.0,0.0,0.0,0.0,0.0,0.0,0.0,0.0,0.0,0.0,57.0,76
353120,2014,3.0,0.0,0.0,0.0,0.0,18.0,5.0,6.0,10.0,12.0,54.0,73
353120,2015,3.0,1.0,1.0,0.0,0.0,23.0,3.0,10.0,14.0,14.0,70.0,82
353120,2016,6.0,0.0,2.0,0.0,0.0,13.0,2.0,5.0,1.0,14.0,43.0,54
353120,2017,7.0,0.0,0.0,1.0,0.0,23.0,2.0,9.0,11.0,16.0,69.0,81
353120,2018,3.0,2.0,2.0,0.0,0.0,18.0,4.0,2.0,8.0,11.0,50.0,59
353120,2019,11.0,0.0,0.0,1.0,2.0,22.0,4.0,5.0,12.0,18.0,76.0,86
353130,2012,8.0,1.0,11.0,1.0,4.0,22.0,4.0,1.0,44.0,5.0,442.0,493
353130,2013,0.0,0.0,0.0,0.0,0.0,0.0,0.0,0.0,0.0,0.0,493.0,532
353130,2014,11.0,0.0,14.0,3.0,3.0,38.0,13.0,3.0,31.0,4.0,534.0,571
353130,2015,17.0,1.0,9.0,5.0,3.0,36.0,13.0,0.0,30.0,11.0,498.0,535
353130,2016,38.0,0.0,13.0,20.0,12.0,174.0,29.0,9.0,142.0,35.0,479.0,520
353130,2017,35.0,0.0,6.0,9.0,11.0,171.0,37.0,2.0,149.0,21.0,453.0,489
353130,2018,40.0,0.0,11.0,13.0,10.0,192.0,37.0,11.0,125.0,34.0,473.0,523
353130,2019,44.0,0.0,6.0,12.0,11.0,216.0,46.0,7.0,168.0,19.0,529.0,570
353140,2012,10.0,0.0,0.0,0.0,2.0,33.0,0.0,0.0,28.0,15.0,189.0,217
353140,2013,0.0,0.0,0.0,0.0,0.0,0.0,0.0,0.0,0.0,0.0,176.0,214
353140,2014,20.0,0.0,4.0,3.0,4.0,55.0,18.0,11.0,51.0,19.0,212.0,255
353140,2015,23.0,0.0,6.0,1.0,3.0,51.0,15.0,4.0,45.0,22.0,185.0,219
353140,2016,27.0,1.0,8.0,6.0,7.0,79.0,8.0,2.0,37.0,15.0,212.0,239
353140,2017,25.0,2.0,8.0,4.0,4.0,66.0,11.0,8.0,32.0,27.0,188.0,228
353140,2018,17.0,1.0,9.0,6.0,2.0,78.0,19.0,11.0,39.0,22.0,206.0,254
353140,2019,9.0,0.0,4.0,1.0,6.0,93.0,8.0,10.0,34.0,23.0,188.0,241
353150,2012,15.0,1.0,4.0,3.0,0.0,34.0,9.0,2.0,38.0,7.0,227.0,252
353150,2013,0.0,0.0,0.0,0.0,0.0,0.0,0.0,0.0,0.0,0.0,191.0,214
353150,2014,27.0,0.0,4.0,10.0,14.0,61.0,14.0,3.0,73.0,6.0,214.0,232
353150,2015,24.0,0.0,2.0,3.0,7.0,62.0,9.0,11.0,49.0,32.0,216.0,233
353150,2016,25.0,0.0,2.0,2.0,3.0,79.0,1.0,14.0,14.0,50.0,190.0,208
353150,2017,38.0,0.0,7.0,3.0,5.0,59.0,4.0,17.0,25.0,51.0,213.0,230
353150,2018,45.0,0.0,10.0,0.0,1.0,62.0,4.0,11.0,14.0,43.0,190.0,218
353150,2019,24.0,1.0,4.0,5.0,1.0,79.0,3.0,13.0,18.0,38.0,186.0,217
353160,2012,1.0,0.0,0.0,0.0,0.0,15.0,0.0,2.0,8.0,9.0,36.0,43
353160,2013,0.0,0.0,0.0,0.0,0.0,0.0,0.0,0.0,0.0,0.0,34.0,50
353160,2014,2.0,0.0,0.0,0.0,0.0,20.0,4.0,7.0,9.0,7.0,49.0,59
353160,2015,1.0,0.0,0.0,0.0,2.0,18.0,1.0,3.0,5.0,17.0,49.0,54
353160,2016,4.0,0.0,0.0,2.0,0.0,8.0,1.0,2.0,3.0,9.0,29.0,39
353160,2017,1.0,0.0,1.0,0.0,0.0,8.0,0.0,1.0,9.0,12.0,32.0,39
353160,2018,2.0,0.0,0.0,1.0,0.0,24.0,1.0,4.0,3.0,6.0,41.0,48
353160,2019,3.0,0.0,0.0,2.0,0.0,17.0,1.0,3.0,7.0,9.0,42.0,57
353170,2012,2.0,0.0,0.0,1.0,0.0,8.0,0.0,0.0,7.0,1.0,27.0,51
353170,2013,0.0,0.0,0.0,0.0,0.0,0.0,0.0,0.0,0.0,0.0,15.0,35
353170,2014,0.0,0.0,0.0,2.0,2.0,14.0,2.0,1.0,4.0,2.0,27.0,55
353170,2015,0.0,0.0,0.0,1.0,2.0,6.0,0.0,0.0,3.0,1.0,13.0,28
353170,2016,0.0,0.0,0.0,0.0,0.0,2.0,1.0,1.0,4.0,0.0,8.0,23
353170,2017,4.0,0.0,0.0,0.0,0.0,10.0,2.0,0.0,2.0,2.0,22.0,35
353170,2018,1.0,0.0,0.0,0.0,0.0,7.0,3.0,1.0,2.0,1.0,15.0,34
353170,2019,2.0,0.0,0.0,1.0,1.0,4.0,2.0,1.0,5.0,0.0,16.0,34
353180,2012,56.0,4.0,8.0,11.0,9.0,151.0,30.0,12.0,94.0,45.0,503.0,842
353180,2013,0.0,0.0,0.0,0.0,0.0,0.0,0.0,0.0,0.0,0.0,574.0,908
353180,2014,67.0,6.0,15.0,8.0,9.0,171.0,63.0,29.0,139.0,84.0,639.0,923
353180,2015,58.0,2.0,31.0,11.0,17.0,186.0,74.0,44.0,123.0,62.0,651.0,975
353180,2016,46.0,1.0,17.0,10.0,13.0,222.0,54.0,35.0,132.0,88.0,628.0,915
353180,2017,52.0,0.0,18.0,16.0,10.0,256.0,53.0,27.0,123.0,64.0,621.0,926
353180,2018,40.0,7.0,16.0,11.0,10.0,229.0,67.0,27.0,121.0,62.0,594.0,860
353180,2019,64.0,1.0,19.0,8.0,4.0,269.0,85.0,27.0,122.0,60.0,661.0,964
353190,2012,32.0,1.0,6.0,5.0,4.0,110.0,17.0,21.0,48.0,74.0,364.0,422
353190,2013,0.0,0.0,0.0,0.0,0.0,0.0,0.0,0.0,0.0,0.0,377.0,446
353190,2014,30.0,0.0,13.0,10.0,5.0,127.0,15.0,28.0,39.0,94.0,363.0,399
353190,2015,21.0,0.0,2.0,13.0,7.0,133.0,12.0,19.0,53.0,85.0,345.0,407
353190,2016,23.0,0.0,6.0,6.0,6.0,125.0,10.0,23.0,51.0,90.0,340.0,393
353190,2017,28.0,0.0,6.0,6.0,6.0,145.0,8.0,23.0,21.0,67.0,310.0,374
353190,2018,36.0,0.0,6.0,5.0,2.0,145.0,5.0,24.0,30.0,87.0,340.0,394
353190,2019,23.0,1.0,9.0,5.0,1.0,128.0,10.0,21.0,45.0,71.0,319.0,381
353200,2012,4.0,0.0,2.0,0.0,2.0,26.0,4.0,2.0,17.0,8.0,95.0,160
353200,2013,0.0,0.0,0.0,0.0,0.0,0.0,0.0,0.0,0.0,0.0,104.0,149
353200,2014,7.0,0.0,7.0,1.0,2.0,34.0,5.0,11.0,29.0,17.0,115.0,183
353200,2015,9.0,1.0,0.0,1.0,2.0,38.0,8.0,7.0,34.0,13.0,113.0,159
353200,2016,14.0,2.0,0.0,2.0,0.0,32.0,13.0,6.0,18.0,14.0,103.0,156
353200,2017,9.0,1.0,7.0,0.0,0.0,31.0,9.0,1.0,35.0,4.0,97.0,152
353200,2018,10.0,0.0,2.0,2.0,1.0,51.0,13.0,3.0,29.0,6.0,117.0,183
353200,2019,4.0,1.0,2.0,2.0,1.0,39.0,8.0,2.0,24.0,6.0,89.0,156
353205,2012,4.0,0.0,0.0,0.0,0.0,14.0,5.0,0.0,12.0,1.0,38.0,45
353205,2013,0.0,0.0,0.0,0.0,0.0,0.0,0.0,0.0,0.0,0.0,40.0,51
353205,2014,5.0,0.0,0.0,0.0,2.0,20.0,1.0,0.0,8.0,3.0,39.0,51
353205,2015,1.0,0.0,0.0,0.0,1.0,13.0,4.0,0.0,8.0,6.0,37.0,57
353205,2016,1.0,0.0,2.0,3.0,0.0,20.0,4.0,1.0,18.0,0.0,52.0,68
353205,2017,3.0,0.0,0.0,1.0,1.0,12.0,5.0,0.0,8.0,3.0,33.0,49
353205,2018,1.0,0.0,4.0,1.0,0.0,17.0,2.0,0.0,8.0,3.0,36.0,53
353205,2019,1.0,0.0,0.0,0.0,0.0,20.0,2.0,0.0,12.0,1.0,36.0,52
353210,2012,1.0,0.0,0.0,0.0,0.0,8.0,2.0,0.0,3.0,10.0,27.0,33
353210,2013,0.0,0.0,0.0,0.0,0.0,0.0,0.0,0.0,0.0,0.0,37.0,39
353210,2014,3.0,0.0,2.0,0.0,0.0,17.0,4.0,2.0,6.0,8.0,43.0,49
353210,2015,2.0,1.0,2.0,0.0,0.0,9.0,0.0,2.0,9.0,6.0,31.0,39
353210,2016,1.0,0.0,0.0,0.0,0.0,8.0,0.0,5.0,1.0,7.0,22.0,25
353210,2017,0.0,0.0,2.0,0.0,0.0,15.0,0.0,6.0,1.0,13.0,39.0,44
353210,2018,1.0,0.0,0.0,0.0,0.0,17.0,0.0,3.0,0.0,9.0,30.0,33
353210,2019,1.0,0.0,0.0,0.0,0.0,15.0,1.0,0.0,1.0,9.0,27.0,27
353215,2012,1.0,0.0,0.0,0.0,1.0,4.0,5.0,0.0,7.0,3.0,30.0,42
353215,2013,0.0,0.0,0.0,0.0,0.0,0.0,0.0,0.0,0.0,0.0,26.0,33
353215,2014,3.0,0.0,0.0,1.0,1.0,13.0,4.0,0.0,7.0,0.0,29.0,38
353215,2015,2.0,0.0,0.0,0.0,2.0,8.0,5.0,1.0,9.0,0.0,27.0,33
353215,2016,5.0,0.0,0.0,1.0,0.0,14.0,2.0,0.0,4.0,4.0,30.0,40
353215,2017,2.0,0.0,2.0,0.0,1.0,14.0,4.0,2.0,16.0,3.0,44.0,49
353215,2018,3.0,0.0,0.0,1.0,0.0,17.0,2.0,0.0,9.0,0.0,32.0,36
353215,2019,3.0,0.0,0.0,1.0,0.0,18.0,5.0,0.0,7.0,1.0,35.0,39
353220,2012,3.0,0.0,0.0,0.0,1.0,9.0,1.0,1.0,5.0,4.0,50.0,63
353220,2013,0.0,0.0,0.0,0.0,0.0,0.0,0.0,0.0,0.0,0.0,58.0,74
353220,2014,2.0,0.0,2.0,3.0,2.0,32.0,4.0,0.0,9.0,9.0,63.0,92
353220,2015,1.0,0.0,0.0,3.0,2.0,24.0,0.0,1.0,13.0,17.0,61.0,93
353220,2016,8.0,0.0,0.0,3.0,0.0,17.0,3.0,1.0,10.0,6.0,48.0,80
353220,2017,2.0,0.0,2.0,1.0,0.0,21.0,3.0,2.0,6.0,3.0,40.0,54
353220,2018,2.0,0.0,0.0,3.0,0.0,19.0,1.0,1.0,10.0,6.0,42.0,66
353220,2019,2.0,0.0,2.0,1.0,0.0,24.0,6.0,2.0,15.0,3.0,55.0,80
353230,2012,1.0,0.0,2.0,0.0,0.0,7.0,0.0,0.0,3.0,2.0,30.0,60
353230,2013,0.0,0.0,0.0,0.0,0.0,0.0,0.0,0.0,0.0,0.0,30.0,64
353230,2014,1.0,0.0,0.0,1.0,0.0,10.0,3.0,2.0,7.0,2.0,29.0,67
353230,2015,3.0,1.0,2.0,1.0,0.0,9.0,5.0,4.0,5.0,1.0,32.0,65
353230,2016,4.0,0.0,0.0,0.0,0.0,12.0,0.0,4.0,8.0,3.0,31.0,58
353230,2017,5.0,0.0,2.0,0.0,0.0,21.0,5.0,0.0,8.0,3.0,44.0,82
353230,2018,3.0,0.0,0.0,3.0,0.0,20.0,2.0,2.0,6.0,1.0,37.0,65
353230,2019,1.0,0.0,0.0,0.0,1.0,9.0,0.0,2.0,7.0,3.0,23.0,55
353240,2012,32.0,0.0,4.0,1.0,2.0,55.0,3.0,28.0,9.0,68.0,207.0,231
353240,2013,0.0,0.0,0.0,0.0,0.0,0.0,0.0,0.0,0.0,0.0,203.0,248
353240,2014,11.0,1.0,0.0,5.0,0.0,80.0,5.0,33.0,15.0,63.0,215.0,257
353240,2015,17.0,0.0,4.0,5.0,0.0,70.0,5.0,13.0,30.0,26.0,172.0,230
353240,2016,12.0,0.0,4.0,3.0,1.0,66.0,5.0,15.0,11.0,24.0,141.0,207
353240,2017,11.0,1.0,3.0,5.0,2.0,64.0,11.0,3.0,41.0,14.0,155.0,215
353240,2018,17.0,1.0,6.0,7.0,2.0,63.0,13.0,1.0,38.0,9.0,157.0,239
353240,2019,18.0,2.0,4.0,1.0,3.0,59.0,9.0,2.0,45.0,6.0,149.0,223
353250,2012,4.0,0.0,0.0,1.0,0.0,17.0,1.0,1.0,22.0,5.0,61.0,76
353250,2013,0.0,0.0,0.0,0.0,0.0,0.0,0.0,0.0,0.0,0.0,68.0,83
353250,2014,1.0,0.0,0.0,0.0,0.0,28.0,5.0,4.0,21.0,8.0,68.0,82
353250,2015,11.0,0.0,1.0,0.0,2.0,23.0,4.0,3.0,18.0,10.0,74.0,82
353250,2016,10.0,0.0,6.0,2.0,2.0,26.0,7.0,0.0,24.0,7.0,84.0,92
353250,2017,12.0,0.0,3.0,2.0,2.0,30.0,7.0,2.0,11.0,8.0,77.0,92
353250,2018,7.0,0.0,7.0,0.0,1.0,36.0,4.0,3.0,16.0,10.0,84.0,109
353250,2019,6.0,0.0,4.0,0.0,1.0,32.0,5.0,3.0,9.0,9.0,69.0,87
353260,2012,11.0,0.0,0.0,2.0,1.0,19.0,5.0,2.0,24.0,3.0,88.0,90
353260,2013,0.0,0.0,0.0,0.0,0.0,0.0,0.0,0.0,0.0,0.0,108.0,109
353260,2014,14.0,0.0,7.0,0.0,2.0,23.0,12.0,1.0,36.0,3.0,104.0,114
353260,2015,13.0,0.0,0.0,0.0,0.0,29.0,12.0,1.0,22.0,6.0,89.0,97
353260,2016,10.0,0.0,3.0,0.0,1.0,32.0,6.0,2.0,20.0,9.0,85.0,93
353260,2017,11.0,0.0,2.0,1.0,0.0,34.0,8.0,1.0,31.0,5.0,93.0,103
353260,2018,10.0,1.0,5.0,1.0,2.0,43.0,6.0,4.0,21.0,1.0,94.0,108
353260,2019,8.0,0.0,0.0,0.0,1.0,22.0,5.0,3.0,15.0,5.0,59.0,71
353270,2012,6.0,0.0,0.0,1.0,2.0,15.0,5.0,0.0,10.0,6.0,57.0,75
353270,2013,0.0,0.0,0.0,0.0,0.0,0.0,0.0,0.0,0.0,0.0,50.0,63
353270,2014,3.0,0.0,2.0,3.0,2.0,18.0,3.0,1.0,9.0,8.0,55.0,69
353270,2015,9.0,1.0,0.0,0.0,0.0,23.0,4.0,3.0,13.0,5.0,63.0,79
353270,2016,6.0,0.0,2.0,1.0,1.0,19.0,5.0,3.0,7.0,10.0,58.0,74
353270,2017,8.0,0.0,8.0,1.0,3.0,23.0,6.0,3.0,13.0,13.0,78.0,82
353270,2018,3.0,0.0,0.0,1.0,3.0,28.0,2.0,3.0,14.0,6.0,61.0,82
353270,2019,1.0,0.0,4.0,1.0,1.0,21.0,1.0,0.0,14.0,5.0,48.0,57
353280,2012,5.0,0.0,0.0,2.0,2.0,23.0,1.0,1.0,7.0,11.0,57.0,67
353280,2013,0.0,0.0,0.0,0.0,0.0,0.0,0.0,0.0,0.0,0.0,53.0,75
353280,2014,1.0,0.0,2.0,1.0,1.0,21.0,4.0,1.0,12.0,3.0,48.0,62
353280,2015,6.0,0.0,2.0,3.0,3.0,28.0,2.0,2.0,10.0,3.0,59.0,82
353280,2016,2.0,0.0,2.0,1.0,2.0,18.0,2.0,3.0,20.0,6.0,56.0,73
353280,2017,5.0,0.0,2.0,3.0,1.0,30.0,7.0,2.0,14.0,8.0,72.0,89
353280,2018,7.0,0.0,4.0,1.0,0.0,29.0,4.0,1.0,9.0,12.0,67.0,88
353280,2019,6.0,0.0,2.0,1.0,1.0,30.0,3.0,4.0,10.0,8.0,65.0,89
353282,2012,5.0,0.0,0.0,1.0,3.0,17.0,0.0,0.0,24.0,2.0,53.0,118
353282,2013,0.0,0.0,0.0,0.0,0.0,0.0,0.0,0.0,0.0,0.0,67.0,135
353282,2014,8.0,0.0,4.0,3.0,0.0,27.0,11.0,3.0,16.0,9.0,81.0,140
353282,2015,9.0,0.0,2.0,2.0,0.0,27.0,4.0,3.0,18.0,3.0,68.0,145
353282,2016,1.0,1.0,2.0,2.0,4.0,23.0,7.0,1.0,23.0,4.0,68.0,149
353282,2017,2.0,0.0,2.0,2.0,3.0,28.0,11.0,0.0,29.0,3.0,80.0,139
353282,2018,6.0,0.0,2.0,1.0,1.0,26.0,5.0,0.0,15.0,4.0,60.0,118
353282,2019,7.0,0.0,2.0,3.0,1.0,25.0,13.0,0.0,22.0,2.0,75.0,142
353284,2012,0.0,0.0,0.0,0.0,0.0,0.0,0.0,0.0,3.0,0.0,18.0,21
353284,2013,0.0,0.0,0.0,0.0,0.0,0.0,0.0,0.0,0.0,0.0,12.0,13
353284,2014,0.0,0.0,0.0,1.0,1.0,6.0,0.0,0.0,5.0,0.0,13.0,16
353284,2015,1.0,0.0,0.0,2.0,0.0,6.0,2.0,0.0,3.0,0.0,14.0,20
353284,2016,1.0,0.0,0.0,0.0,0.0,3.0,0.0,0.0,4.0,1.0,9.0,16
353284,2017,0.0,0.0,0.0,0.0,0.0,4.0,1.0,1.0,3.0,0.0,9.0,11
353284,2018,0.0,1.0,1.0,0.0,0.0,4.0,3.0,0.0,2.0,0.0,11.0,17
353284,2019,2.0,0.0,0.0,0.0,0.0,6.0,0.0,0.0,4.0,1.0,13.0,18
353286,2012,1.0,0.0,0.0,0.0,1.0,1.0,1.0,0.0,4.0,0.0,8.0,9
353286,2013,0.0,0.0,0.0,0.0,0.0,0.0,0.0,0.0,0.0,0.0,12.0,16
353286,2014,1.0,0.0,0.0,0.0,1.0,6.0,0.0,0.0,2.0,1.0,11.0,12
353286,2015,2.0,0.0,0.0,0.0,1.0,6.0,2.0,0.0,3.0,2.0,18.0,20
353286,2016,0.0,0.0,0.0,0.0,0.0,8.0,1.0,1.0,9.0,0.0,19.0,23
353286,2017,1.0,0.0,0.0,0.0,0.0,6.0,2.0,0.0,3.0,0.0,12.0,13
353286,2018,2.0,0.0,0.0,1.0,0.0,6.0,2.0,0.0,4.0,0.0,15.0,17
353286,2019,0.0,0.0,0.0,0.0,0.0,4.0,0.0,1.0,0.0,1.0,6.0,7
353290,2012,21.0,3.0,6.0,2.0,2.0,46.0,4.0,2.0,26.0,6.0,126.0,155
353290,2013,0.0,0.0,0.0,0.0,0.0,0.0,0.0,0.0,0.0,0.0,129.0,156
353290,2014,7.0,1.0,2.0,2.0,2.0,42.0,15.0,2.0,40.0,7.0,121.0,132
353290,2015,11.0,0.0,0.0,3.0,2.0,34.0,14.0,1.0,42.0,3.0,122.0,142
353290,2016,5.0,0.0,2.0,5.0,3.0,41.0,13.0,1.0,36.0,2.0,113.0,126
353290,2017,8.0,0.0,2.0,1.0,1.0,43.0,9.0,1.0,28.0,3.0,109.0,120
353290,2018,8.0,0.0,0.0,2.0,3.0,55.0,9.0,1.0,29.0,2.0,129.0,143
353290,2019,2.0,0.0,2.0,1.0,0.0,40.0,5.0,2.0,28.0,4.0,103.0,114
353300,2012,51.0,0.0,4.0,3.0,2.0,56.0,1.0,15.0,8.0,37.0,197.0,254
353300,2013,0.0,0.0,0.0,0.0,0.0,0.0,0.0,0.0,0.0,0.0,213.0,245
353300,2014,43.0,0.0,7.0,3.0,4.0,80.0,7.0,14.0,37.0,47.0,242.0,283
353300,2015,56.0,0.0,4.0,3.0,1.0,58.0,11.0,15.0,30.0,39.0,217.0,248
353300,2016,39.0,0.0,6.0,2.0,2.0,81.0,12.0,20.0,31.0,47.0,241.0,264
353300,2017,31.0,0.0,4.0,3.0,2.0,84.0,8.0,7.0,28.0,38.0,205.0,254
353300,2018,34.0,0.0,15.0,3.0,5.0,86.0,6.0,5.0,30.0,30.0,214.0,265
353300,2019,27.0,0.0,4.0,1.0,2.0,91.0,9.0,11.0,21.0,34.0,200.0,249
353310,2012,2.0,0.0,0.0,0.0,0.0,6.0,2.0,3.0,6.0,4.0,28.0,29
353310,2013,0.0,0.0,0.0,0.0,0.0,0.0,0.0,0.0,0.0,0.0,19.0,23
353310,2014,0.0,0.0,0.0,0.0,0.0,17.0,1.0,1.0,4.0,6.0,29.0,34
353310,2015,1.0,0.0,0.0,0.0,0.0,3.0,1.0,1.0,2.0,2.0,10.0,12
353310,2016,1.0,0.0,0.0,0.0,1.0,6.0,0.0,0.0,2.0,5.0,15.0,23
353310,2017,1.0,0.0,0.0,2.0,0.0,9.0,2.0,0.0,1.0,4.0,19.0,24
353310,2018,3.0,0.0,0.0,1.0,0.0,8.0,2.0,0.0,2.0,7.0,23.0,33
353310,2019,3.0,0.0,2.0,1.0,1.0,6.0,1.0,2.0,1.0,3.0,20.0,26
353320,2012,4.0,0.0,2.0,0.0,0.0,12.0,0.0,2.0,5.0,8.0,35.0,43
353320,2013,0.0,0.0,0.0,0.0,0.0,0.0,0.0,0.0,0.0,0.0,41.0,43
353320,2014,3.0,0.0,0.0,0.0,0.0,17.0,2.0,5.0,13.0,7.0,47.0,52
353320,2015,4.0,0.0,0.0,0.0,1.0,14.0,3.0,2.0,10.0,10.0,44.0,47
353320,2016,2.0,0.0,2.0,0.0,0.0,21.0,1.0,2.0,5.0,9.0,42.0,45
353320,2017,2.0,0.0,4.0,0.0,0.0,33.0,1.0,5.0,0.0,14.0,59.0,64
353320,2018,1.0,0.0,0.0,0.0,0.0,25.0,0.0,7.0,3.0,17.0,53.0,59
353320,2019,3.0,0.0,0.0,0.0,0.0,26.0,0.0,6.0,1.0,18.0,54.0,60
353325,2012,2.0,0.0,0.0,1.0,1.0,10.0,4.0,0.0,6.0,5.0,48.0,71
353325,2013,0.0,0.0,0.0,0.0,0.0,0.0,0.0,0.0,0.0,0.0,37.0,61
353325,2014,2.0,0.0,0.0,3.0,0.0,19.0,1.0,2.0,13.0,2.0,42.0,60
353325,2015,0.0,0.0,4.0,1.0,1.0,22.0,7.0,1.0,15.0,3.0,54.0,64
353325,2016,7.0,0.0,4.0,0.0,0.0,18.0,7.0,0.0,10.0,3.0,49.0,68
353325,2017,2.0,0.0,0.0,1.0,1.0,21.0,6.0,1.0,18.0,4.0,55.0,72
353325,2018,3.0,0.0,0.0,0.0,0.0,17.0,2.0,2.0,8.0,0.0,32.0,49
353325,2019,2.0,0.0,0.0,0.0,1.0,17.0,3.0,0.0,11.0,0.0,34.0,58
353330,2012,2.0,0.0,0.0,2.0,0.0,10.0,3.0,0.0,7.0,1.0,32.0,37
353330,2013,0.0,0.0,0.0,0.0,0.0,0.0,0.0,0.0,0.0,0.0,38.0,52
353330,2014,5.0,0.0,0.0,0.0,2.0,20.0,2.0,0.0,11.0,0.0,40.0,43
353330,2015,4.0,0.0,0.0,1.0,2.0,7.0,7.0,1.0,4.0,2.0,29.0,31
353330,2016,7.0,0.0,0.0,0.0,1.0,8.0,9.0,1.0,8.0,2.0,37.0,40
353330,2017,2.0,0.0,0.0,1.0,1.0,6.0,4.0,0.0,6.0,3.0,23.0,28
353330,2018,4.0,0.0,0.0,1.0,0.0,13.0,3.0,2.0,7.0,1.0,31.0,35
353330,2019,3.0,0.0,1.0,0.0,1.0,8.0,3.0,0.0,3.0,1.0,20.0,23
353340,2012,57.0,0.0,14.0,16.0,18.0,139.0,29.0,5.0,162.0,31.0,497.0,696
353340,2013,0.0,0.0,0.0,0.0,0.0,0.0,0.0,0.0,0.0,0.0,485.0,685
353340,2014,41.0,2.0,17.0,16.0,19.0,159.0,32.0,14.0,129.0,55.0,491.0,732
353340,2015,44.0,1.0,5.0,17.0,13.0,170.0,37.0,18.0,101.0,62.0,472.0,731
353340,2016,31.0,2.0,16.0,17.0,14.0,167.0,30.0,29.0,96.0,73.0,477.0,711
353340,2017,35.0,0.0,14.0,15.0,7.0,226.0,38.0,20.0,118.0,58.0,531.0,737
353340,2018,34.0,2.0,28.0,18.0,8.0,186.0,20.0,15.0,105.0,70.0,490.0,702
353340,2019,28.0,1.0,24.0,11.0,11.0,181.0,39.0,29.0,107.0,62.0,494.0,685
353350,2012,25.0,1.0,5.0,6.0,10.0,111.0,22.0,8.0,95.0,25.0,389.0,450
353350,2013,0.0,0.0,0.0,0.0,0.0,0.0,0.0,0.0,0.0,0.0,406.0,461
353350,2014,50.0,0.0,16.0,8.0,3.0,123.0,38.0,5.0,168.0,9.0,421.0,476
353350,2015,53.0,0.0,16.0,9.0,11.0,180.0,46.0,11.0,142.0,11.0,479.0,545
353350,2016,33.0,0.0,10.0,31.0,18.0,145.0,38.0,0.0,136.0,4.0,415.0,482
353350,2017,31.0,0.0,10.0,10.0,8.0,182.0,36.0,1.0,163.0,6.0,447.0,508
353350,2018,25.0,0.0,11.0,11.0,11.0,171.0,47.0,1.0,160.0,2.0,439.0,486
353350,2019,33.0,0.0,8.0,4.0,7.0,177.0,49.0,4.0,158.0,4.0,444.0,490
353360,2012,1.0,0.0,0.0,2.0,2.0,1.0,0.0,0.0,4.0,1.0,59.0,79
353360,2013,0.0,0.0,0.0,0.0,0.0,0.0,0.0,0.0,0.0,0.0,60.0,72
353360,2014,7.0,0.0,0.0,4.0,5.0,24.0,3.0,2.0,19.0,7.0,72.0,85
353360,2015,8.0,0.0,1.0,6.0,9.0,21.0,4.0,2.0,15.0,6.0,72.0,85
353360,2016,13.0,0.0,2.0,3.0,2.0,18.0,6.0,1.0,11.0,8.0,64.0,74
353360,2017,9.0,0.0,0.0,5.0,0.0,27.0,3.0,2.0,11.0,9.0,66.0,82
353360,2018,7.0,0.0,0.0,1.0,0.0,31.0,6.0,2.0,13.0,8.0,68.0,82
353360,2019,7.0,0.0,0.0,1.0,0.0,35.0,5.0,0.0,21.0,0.0,69.0,83
353370,2012,0.0,1.0,2.0,0.0,0.0,0.0,0.0,0.0,0.0,0.0,42.0,62
353370,2013,0.0,0.0,0.0,0.0,0.0,0.0,0.0,0.0,0.0,0.0,48.0,73
353370,2014,4.0,0.0,0.0,1.0,1.0,11.0,5.0,1.0,8.0,1.0,32.0,48
353370,2015,5.0,0.0,2.0,2.0,1.0,13.0,2.0,0.0,14.0,2.0,42.0,60
353370,2016,3.0,1.0,1.0,1.0,1.0,14.0,5.0,2.0,17.0,4.0,49.0,68
353370,2017,5.0,0.0,2.0,2.0,0.0,13.0,4.0,1.0,13.0,3.0,43.0,71
353370,2018,7.0,0.0,1.0,0.0,2.0,11.0,3.0,2.0,10.0,3.0,39.0,63
353370,2019,6.0,0.0,0.0,1.0,0.0,14.0,4.0,2.0,7.0,2.0,36.0,71
353380,2012,3.0,0.0,0.0,1.0,0.0,2.0,0.0,1.0,1.0,2.0,16.0,32
353380,2013,0.0,0.0,0.0,0.0,0.0,0.0,0.0,0.0,0.0,0.0,10.0,26
353380,2014,0.0,0.0,0.0,1.0,0.0,1.0,0.0,1.0,1.0,2.0,10.0,26
353380,2015,1.0,0.0,0.0,0.0,0.0,3.0,0.0,1.0,3.0,0.0,13.0,25
353380,2016,1.0,0.0,0.0,1.0,0.0,4.0,1.0,1.0,3.0,3.0,15.0,31
353380,2017,2.0,0.0,4.0,0.0,0.0,4.0,0.0,3.0,3.0,0.0,16.0,27
353380,2018,5.0,0.0,0.0,1.0,0.0,4.0,3.0,0.0,3.0,3.0,19.0,30
353380,2019,1.0,0.0,0.0,0.0,0.0,2.0,1.0,1.0,1.0,2.0,11.0,24
353390,2012,28.0,0.0,9.0,7.0,10.0,124.0,35.0,3.0,108.0,24.0,578.0,692
353390,2013,0.0,0.0,0.0,0.0,0.0,0.0,0.0,0.0,0.0,0.0,560.0,654
353390,2014,38.0,0.0,19.0,8.0,7.0,196.0,61.0,9.0,230.0,19.0,592.0,682
353390,2015,40.0,0.0,23.0,3.0,6.0,194.0,64.0,12.0,193.0,30.0,580.0,682
353390,2016,48.0,0.0,9.0,7.0,9.0,202.0,54.0,14.0,187.0,31.0,561.0,640
353390,2017,46.0,0.0,17.0,9.0,9.0,220.0,48.0,9.0,196.0,32.0,587.0,669
353390,2018,67.0,0.0,15.0,9.0,11.0,208.0,38.0,23.0,140.0,90.0,601.0,698
353390,2019,50.0,0.0,14.0,12.0,8.0,220.0,49.0,21.0,150.0,44.0,568.0,690
353400,2012,6.0,0.0,0.0,1.0,0.0,19.0,0.0,1.0,6.0,4.0,42.0,55
353400,2013,0.0,0.0,0.0,0.0,0.0,0.0,0.0,0.0,0.0,0.0,40.0,45
353400,2014,10.0,0.0,2.0,0.0,0.0,9.0,8.0,1.0,11.0,7.0,48.0,56
353400,2015,8.0,0.0,2.0,2.0,1.0,32.0,6.0,2.0,6.0,6.0,65.0,71
353400,2016,7.0,0.0,0.0,2.0,0.0,26.0,3.0,1.0,6.0,4.0,49.0,59
353400,2017,4.0,0.0,0.0,1.0,1.0,18.0,3.0,4.0,18.0,10.0,59.0,64
353400,2018,6.0,1.0,2.0,2.0,0.0,29.0,3.0,1.0,6.0,10.0,60.0,68
353400,2019,7.0,0.0,4.0,0.0,2.0,24.0,1.0,4.0,5.0,9.0,56.0,69
353410,2012,0.0,0.0,0.0,0.0,0.0,0.0,0.0,0.0,0.0,0.0,56.0,80
353410,2013,0.0,0.0,0.0,0.0,0.0,0.0,0.0,0.0,0.0,0.0,46.0,76
353410,2014,4.0,0.0,7.0,2.0,0.0,18.0,4.0,0.0,16.0,6.0,58.0,77
353410,2015,3.0,0.0,0.0,2.0,1.0,29.0,8.0,0.0,20.0,3.0,71.0,92
353410,2016,2.0,0.0,3.0,1.0,2.0,18.0,6.0,1.0,12.0,5.0,52.0,75
353410,2017,6.0,0.0,0.0,1.0,3.0,22.0,3.0,0.0,13.0,3.0,51.0,75
353410,2018,6.0,0.0,2.0,0.0,2.0,15.0,3.0,1.0,12.0,4.0,45.0,72
353410,2019,3.0,0.0,0.0,1.0,1.0,21.0,5.0,2.0,11.0,2.0,46.0,67
353420,2012,10.0,0.0,2.0,0.0,2.0,23.0,2.0,5.0,13.0,13.0,77.0,87
353420,2013,0.0,0.0,0.0,0.0,0.0,0.0,0.0,0.0,0.0,0.0,70.0,76
353420,2014,12.0,0.0,2.0,1.0,3.0,27.0,2.0,2.0,21.0,7.0,77.0,84
353420,2015,17.0,0.0,0.0,1.0,0.0,22.0,3.0,0.0,11.0,6.0,63.0,68
353420,2016,7.0,0.0,4.0,2.0,1.0,21.0,1.0,0.0,15.0,4.0,55.0,59
353420,2017,8.0,0.0,0.0,1.0,3.0,31.0,5.0,0.0,15.0,11.0,74.0,81
353420,2018,5.0,0.0,4.0,2.0,0.0,33.0,1.0,2.0,14.0,10.0,71.0,81
353420,2019,6.0,0.0,4.0,1.0,1.0,26.0,4.0,3.0,8.0,8.0,61.0,82
353430,2012,13.0,0.0,4.0,2.0,7.0,23.0,2.0,1.0,16.0,10.0,446.0,534
353430,2013,0.0,0.0,0.0,0.0,0.0,0.0,0.0,0.0,0.0,0.0,452.0,527
353430,2014,43.0,0.0,10.0,27.0,19.0,133.0,22.0,7.0,107.0,38.0,406.0,495
353430,2015,55.0,0.0,6.0,28.0,25.0,158.0,28.0,13.0,82.0,47.0,443.0,522
353430,2016,54.0,0.0,14.0,22.0,16.0,155.0,18.0,13.0,69.0,52.0,413.0,480
353430,2017,53.0,1.0,14.0,9.0,11.0,158.0,19.0,15.0,60.0,58.0,399.0,469
353430,2018,49.0,0.0,15.0,3.0,3.0,169.0,29.0,6.0,89.0,47.0,410.0,458
353430,2019,45.0,0.0,18.0,2.0,2.0,180.0,41.0,1.0,123.0,7.0,419.0,474
353440,2012,613.0,20.0,239.0,185.0,161.0,1774.0,398.0,112.0,1816.0,405.0,6020.0,10412
353440,2013,0.0,0.0,0.0,0.0,0.0,0.0,0.0,0.0,0.0,0.0,6070.0,10346
353440,2014,550.0,17.0,245.0,167.0,161.0,1937.0,647.0,186.0,1686.0,490.0,6148.0,10578
353440,2015,531.0,16.0,250.0,206.0,204.0,2002.0,593.0,189.0,1604.0,486.0,6165.0,11012
353440,2016,552.0,10.0,235.0,181.0,192.0,1926.0,558.0,172.0,1478.0,481.0,5840.0,10317
353440,2017,555.0,16.0,188.0,185.0,150.0,1998.0,591.0,151.0,1563.0,399.0,5810.0,10179
353440,2018,543.0,13.0,263.0,179.0,151.0,1990.0,588.0,169.0,1397.0,389.0,5695.0,9975
353440,2019,515.0,19.0,226.0,189.0,133.0,1982.0,557.0,206.0,1336.0,365.0,5550.0,9564
353450,2012,0.0,0.0,0.0,0.0,0.0,0.0,0.0,0.0,1.0,0.0,22.0,34
353450,2013,0.0,0.0,0.0,0.0,0.0,0.0,0.0,0.0,0.0,0.0,12.0,14
353450,2014,1.0,0.0,0.0,0.0,0.0,8.0,1.0,0.0,4.0,1.0,15.0,19
353450,2015,2.0,0.0,0.0,0.0,0.0,7.0,0.0,1.0,8.0,0.0,18.0,24
353450,2016,1.0,0.0,0.0,1.0,0.0,6.0,0.0,2.0,5.0,1.0,16.0,23
353450,2017,0.0,0.0,0.0,2.0,1.0,2.0,2.0,0.0,4.0,5.0,16.0,27
353450,2018,1.0,0.0,0.0,2.0,0.0,11.0,3.0,0.0,3.0,1.0,21.0,34
353450,2019,0.0,0.0,0.0,0.0,0.0,2.0,2.0,0.0,3.0,1.0,8.0,18
353460,2012,2.0,0.0,3.0,0.0,3.0,2.0,1.0,0.0,3.0,2.0,269.0,335
353460,2013,0.0,0.0,0.0,0.0,0.0,0.0,0.0,0.0,0.0,0.0,306.0,347
353460,2014,29.0,0.0,14.0,2.0,7.0,90.0,16.0,23.0,60.0,48.0,291.0,338
353460,2015,17.0,1.0,3.0,7.0,8.0,101.0,8.0,28.0,24.0,52.0,249.0,293
353460,2016,24.0,0.0,4.0,4.0,9.0,106.0,4.0,27.0,26.0,65.0,269.0,317
353460,2017,25.0,0.0,10.0,11.0,4.0,95.0,14.0,18.0,43.0,57.0,277.0,328
353460,2018,17.0,1.0,16.0,8.0,1.0,109.0,9.0,24.0,34.0,66.0,285.0,324
353460,2019,14.0,0.0,13.0,1.0,2.0,118.0,13.0,23.0,18.0,56.0,258.0,296
353470,2012,72.0,0.0,17.0,15.0,9.0,114.0,24.0,33.0,77.0,82.0,911.0,1435
353470,2013,0.0,0.0,0.0,0.0,0.0,0.0,0.0,0.0,0.0,0.0,961.0,1408
353470,2014,13.0,0.0,32.0,3.0,0.0,35.0,10.0,9.0,12.0,14.0,962.0,1421
353470,2015,28.0,0.0,28.0,4.0,5.0,96.0,15.0,17.0,72.0,56.0,970.0,1404
353470,2016,51.0,3.0,22.0,21.0,16.0,335.0,70.0,23.0,255.0,98.0,894.0,1341
353470,2017,60.0,1.0,34.0,26.0,17.0,351.0,64.0,39.0,191.0,121.0,906.0,1354
353470,2018,48.0,3.0,21.0,19.0,14.0,334.0,55.0,46.0,152.0,141.0,833.0,1298
353470,2019,90.0,1.0,34.0,22.0,20.0,361.0,54.0,58.0,180.0,125.0,945.0,1282
353475,2012,2.0,0.0,2.0,0.0,0.0,2.0,0.0,0.0,1.0,0.0,130.0,140
353475,2013,0.0,0.0,0.0,0.0,0.0,0.0,0.0,0.0,0.0,0.0,104.0,113
353475,2014,5.0,0.0,2.0,0.0,1.0,9.0,2.0,4.0,7.0,2.0,124.0,132
353475,2015,6.0,0.0,0.0,1.0,3.0,37.0,10.0,0.0,37.0,12.0,117.0,139
353475,2016,8.0,0.0,8.0,1.0,1.0,30.0,7.0,3.0,36.0,3.0,105.0,119
353475,2017,5.0,0.0,2.0,4.0,0.0,45.0,12.0,2.0,36.0,11.0,117.0,127
353475,2018,6.0,0.0,4.0,1.0,0.0,50.0,10.0,3.0,31.0,8.0,114.0,131
353475,2019,11.0,0.0,4.0,3.0,0.0,60.0,6.0,6.0,27.0,16.0,133.0,149
353480,2012,6.0,0.0,0.0,0.0,1.0,37.0,8.0,2.0,37.0,7.0,101.0,129
353480,2013,0.0,0.0,0.0,0.0,0.0,0.0,0.0,0.0,0.0,0.0,82.0,102
353480,2014,5.0,0.0,4.0,2.0,5.0,36.0,8.0,8.0,14.0,19.0,101.0,113
353480,2015,4.0,0.0,4.0,0.0,2.0,35.0,11.0,2.0,16.0,6.0,83.0,100
353480,2016,2.0,0.0,4.0,0.0,0.0,24.0,5.0,4.0,19.0,15.0,74.0,85
353480,2017,6.0,0.0,2.0,0.0,0.0,49.0,5.0,4.0,12.0,10.0,88.0,98
353480,2018,7.0,1.0,4.0,3.0,1.0,37.0,10.0,4.0,16.0,8.0,91.0,100
353480,2019,8.0,0.0,0.0,4.0,1.0,41.0,11.0,4.0,13.0,8.0,90.0,103
353490,2012,0.0,0.0,2.0,1.0,1.0,9.0,0.0,1.0,7.0,3.0,97.0,109
353490,2013,0.0,0.0,0.0,0.0,0.0,0.0,0.0,0.0,0.0,0.0,110.0,122
353490,2014,3.0,0.0,0.0,1.0,3.0,15.0,11.0,2.0,13.0,7.0,94.0,113
353490,2015,9.0,0.0,2.0,3.0,1.0,28.0,4.0,4.0,15.0,6.0,86.0,97
353490,2016,9.0,0.0,4.0,3.0,0.0,42.0,3.0,5.0,22.0,12.0,101.0,111
353490,2017,11.0,0.0,2.0,0.0,3.0,35.0,5.0,7.0,17.0,23.0,103.0,108
353490,2018,5.0,0.0,0.0,2.0,1.0,44.0,7.0,3.0,15.0,7.0,84.0,103
353490,2019,8.0,0.0,0.0,1.0,1.0,43.0,12.0,2.0,15.0,10.0,92.0,108
353500,2012,18.0,0.0,2.0,2.0,4.0,32.0,5.0,0.0,20.0,18.0,119.0,140
353500,2013,0.0,0.0,0.0,0.0,0.0,0.0,0.0,0.0,0.0,0.0,112.0,130
353500,2014,14.0,0.0,4.0,3.0,0.0,39.0,9.0,2.0,30.0,19.0,120.0,133
353500,2015,11.0,0.0,2.0,0.0,2.0,35.0,7.0,2.0,31.0,17.0,107.0,122
353500,2016,15.0,0.0,4.0,3.0,0.0,37.0,5.0,5.0,21.0,10.0,100.0,112
353500,2017,15.0,0.0,4.0,3.0,1.0,54.0,9.0,2.0,19.0,19.0,126.0,140
353500,2018,10.0,0.0,4.0,0.0,1.0,49.0,4.0,7.0,17.0,10.0,102.0,127
353500,2019,9.0,0.0,2.0,2.0,1.0,44.0,4.0,4.0,19.0,17.0,102.0,123
353510,2012,8.0,0.0,0.0,0.0,1.0,32.0,7.0,3.0,18.0,1.0,107.0,138
353510,2013,0.0,0.0,0.0,0.0,0.0,0.0,0.0,0.0,0.0,0.0,104.0,134
353510,2014,11.0,0.0,6.0,4.0,2.0,49.0,15.0,1.0,28.0,6.0,123.0,145
353510,2015,11.0,2.0,1.0,2.0,0.0,31.0,12.0,2.0,34.0,2.0,98.0,128
353510,2016,9.0,0.0,0.0,0.0,2.0,37.0,9.0,4.0,34.0,7.0,102.0,125
353510,2017,12.0,0.0,4.0,1.0,2.0,40.0,8.0,2.0,32.0,8.0,111.0,140
353510,2018,9.0,1.0,4.0,5.0,2.0,30.0,14.0,0.0,40.0,4.0,110.0,140
353510,2019,8.0,0.0,2.0,2.0,0.0,38.0,4.0,1.0,19.0,6.0,80.0,103
353520,2012,2.0,0.0,0.0,0.0,0.0,11.0,3.0,0.0,7.0,2.0,62.0,77
353520,2013,0.0,0.0,0.0,0.0,0.0,0.0,0.0,0.0,0.0,0.0,58.0,73
353520,2014,8.0,0.0,0.0,1.0,2.0,23.0,5.0,3.0,10.0,11.0,67.0,84
353520,2015,9.0,0.0,4.0,0.0,0.0,26.0,6.0,3.0,13.0,10.0,77.0,94
353520,2016,8.0,0.0,0.0,1.0,0.0,30.0,0.0,4.0,17.0,9.0,70.0,87
353520,2017,7.0,0.0,2.0,1.0,1.0,24.0,6.0,4.0,11.0,12.0,70.0,87
353520,2018,6.0,0.0,4.0,1.0,3.0,32.0,4.0,4.0,17.0,14.0,85.0,94
353520,2019,6.0,0.0,2.0,0.0,1.0,20.0,3.0,2.0,10.0,10.0,54.0,62
353530,2012,6.0,0.0,2.0,1.0,2.0,26.0,2.0,1.0,20.0,5.0,205.0,247
353530,2013,0.0,0.0,0.0,0.0,0.0,0.0,0.0,0.0,0.0,0.0,177.0,231
353530,2014,16.0,2.0,6.0,5.0,1.0,73.0,12.0,7.0,50.0,33.0,210.0,260
353530,2015,9.0,1.0,4.0,4.0,4.0,79.0,18.0,3.0,60.0,18.0,204.0,254
353530,2016,22.0,0.0,3.0,8.0,4.0,60.0,20.0,0.0,67.0,6.0,190.0,239
353530,2017,14.0,0.0,6.0,2.0,2.0,91.0,18.0,7.0,54.0,20.0,214.0,261
353530,2018,26.0,0.0,4.0,5.0,11.0,83.0,16.0,8.0,42.0,24.0,219.0,264
353530,2019,23.0,0.0,5.0,3.0,4.0,81.0,23.0,6.0,40.0,20.0,205.0,228
353540,2012,4.0,0.0,6.0,2.0,3.0,45.0,11.0,6.0,34.0,27.0,174.0,254
353540,2013,0.0,0.0,0.0,0.0,0.0,0.0,0.0,0.0,0.0,0.0,164.0,241
353540,2014,15.0,0.0,5.0,2.0,7.0,49.0,8.0,13.0,26.0,41.0,166.0,247
353540,2015,9.0,1.0,2.0,11.0,0.0,64.0,13.0,17.0,23.0,40.0,180.0,235
353540,2016,8.0,0.0,4.0,6.0,3.0,76.0,13.0,17.0,23.0,33.0,183.0,245
353540,2017,8.0,1.0,6.0,7.0,2.0,68.0,8.0,8.0,34.0,33.0,175.0,224
353540,2018,6.0,1.0,4.0,4.0,1.0,69.0,5.0,16.0,15.0,30.0,151.0,201
353540,2019,9.0,0.0,2.0,1.0,1.0,44.0,2.0,8.0,14.0,21.0,102.0,175
353550,2012,14.0,0.0,5.0,3.0,4.0,43.0,10.0,1.0,61.0,20.0,499.0,628
353550,2013,0.0,0.0,0.0,0.0,0.0,0.0,0.0,0.0,0.0,0.0,494.0,605
353550,2014,41.0,1.0,15.0,13.0,8.0,156.0,35.0,24.0,84.0,76.0,457.0,588
353550,2015,41.0,2.0,11.0,16.0,5.0,172.0,36.0,23.0,99.0,58.0,479.0,594
353550,2016,47.0,1.0,17.0,8.0,8.0,202.0,45.0,13.0,124.0,33.0,501.0,612
353550,2017,53.0,2.0,9.0,12.0,6.0,198.0,59.0,8.0,130.0,30.0,507.0,593
353550,2018,40.0,3.0,14.0,11.0,7.0,254.0,37.0,4.0,138.0,13.0,524.0,612
353550,2019,30.0,0.0,12.0,7.0,4.0,172.0,34.0,3.0,112.0,23.0,397.0,488
353560,2012,8.0,0.0,3.0,2.0,4.0,20.0,5.0,1.0,26.0,8.0,109.0,217
353560,2013,0.0,0.0,0.0,0.0,0.0,0.0,0.0,0.0,0.0,0.0,103.0,205
353560,2014,10.0,0.0,0.0,5.0,4.0,31.0,14.0,1.0,26.0,12.0,107.0,209
353560,2015,12.0,2.0,1.0,1.0,0.0,41.0,13.0,0.0,28.0,6.0,107.0,235
353560,2016,5.0,0.0,2.0,1.0,1.0,38.0,11.0,6.0,25.0,11.0,101.0,212
353560,2017,10.0,0.0,5.0,1.0,4.0,40.0,12.0,1.0,22.0,4.0,100.0,212
353560,2018,7.0,0.0,2.0,6.0,2.0,36.0,9.0,5.0,22.0,4.0,94.0,216
353560,2019,5.0,0.0,4.0,4.0,1.0,39.0,5.0,5.0,16.0,5.0,84.0,178
353570,2012,4.0,0.0,0.0,0.0,0.0,18.0,3.0,0.0,19.0,4.0,68.0,74
353570,2013,0.0,0.0,0.0,0.0,0.0,0.0,0.0,0.0,0.0,0.0,56.0,67
353570,2014,3.0,0.0,4.0,1.0,1.0,14.0,8.0,0.0,7.0,1.0,39.0,50
353570,2015,2.0,0.0,4.0,1.0,3.0,17.0,2.0,3.0,12.0,1.0,48.0,60
353570,2016,2.0,0.0,0.0,2.0,4.0,23.0,4.0,1.0,13.0,3.0,52.0,63
353570,2017,7.0,0.0,2.0,2.0,1.0,27.0,2.0,0.0,24.0,2.0,67.0,78
353570,2018,6.0,0.0,4.0,1.0,3.0,21.0,5.0,0.0,13.0,0.0,54.0,63
353570,2019,5.0,0.0,0.0,0.0,0.0,21.0,4.0,1.0,12.0,1.0,44.0,63
353580,2012,11.0,0.0,4.0,4.0,9.0,52.0,10.0,8.0,31.0,17.0,155.0,251
353580,2013,0.0,0.0,0.0,0.0,0.0,0.0,0.0,0.0,0.0,0.0,165.0,235
353580,2014,18.0,2.0,6.0,0.0,1.0,70.0,13.0,19.0,25.0,39.0,200.0,277
353580,2015,7.0,1.0,8.0,4.0,1.0,39.0,10.0,8.0,25.0,28.0,136.0,246
353580,2016,5.0,0.0,7.0,4.0,0.0,54.0,5.0,6.0,23.0,27.0,131.0,263
353580,2017,17.0,0.0,3.0,3.0,1.0,61.0,12.0,20.0,48.0,49.0,214.0,310
353580,2018,16.0,0.0,10.0,1.0,1.0,66.0,21.0,17.0,34.0,25.0,192.0,244
353580,2019,9.0,1.0,6.0,7.0,1.0,65.0,28.0,13.0,52.0,15.0,197.0,254
353590,2012,1.0,0.0,0.0,0.0,1.0,4.0,0.0,0.0,4.0,1.0,42.0,46
353590,2013,0.0,0.0,0.0,0.0,0.0,0.0,0.0,0.0,0.0,0.0,40.0,53
353590,2014,4.0,0.0,0.0,3.0,0.0,17.0,2.0,4.0,5.0,6.0,50.0,57
353590,2015,4.0,0.0,0.0,0.0,0.0,10.0,2.0,2.0,6.0,5.0,33.0,35
353590,2016,3.0,0.0,0.0,0.0,1.0,17.0,2.0,3.0,11.0,3.0,40.0,48
353590,2017,8.0,0.0,2.0,0.0,1.0,19.0,7.0,2.0,16.0,7.0,62.0,67
353590,2018,6.0,0.0,0.0,2.0,1.0,19.0,0.0,1.0,4.0,6.0,39.0,44
353590,2019,4.0,0.0,2.0,0.0,0.0,15.0,1.0,3.0,3.0,14.0,42.0,49
353600,2012,0.0,0.0,0.0,0.0,1.0,1.0,0.0,0.0,2.0,1.0,69.0,116
353600,2013,0.0,0.0,0.0,0.0,0.0,0.0,0.0,0.0,0.0,0.0,72.0,112
353600,2014,6.0,1.0,4.0,4.0,1.0,26.0,6.0,2.0,16.0,15.0,87.0,122
353600,2015,9.0,0.0,0.0,2.0,3.0,25.0,5.0,6.0,25.0,11.0,86.0,134
353600,2016,5.0,0.0,0.0,0.0,2.0,35.0,3.0,0.0,19.0,12.0,76.0,120
353600,2017,5.0,0.0,0.0,2.0,0.0,19.0,3.0,1.0,12.0,6.0,48.0,93
353600,2018,6.0,0.0,2.0,2.0,0.0,24.0,7.0,6.0,13.0,8.0,68.0,101
353600,2019,5.0,0.0,2.0,1.0,0.0,36.0,5.0,4.0,11.0,6.0,70.0,97
353610,2012,9.0,0.0,0.0,4.0,1.0,9.0,4.0,5.0,7.0,7.0,49.0,88
353610,2013,0.0,0.0,0.0,0.0,0.0,0.0,0.0,0.0,0.0,0.0,44.0,84
353610,2014,0.0,0.0,0.0,2.0,3.0,12.0,4.0,5.0,10.0,6.0,42.0,98
353610,2015,1.0,0.0,0.0,1.0,1.0,16.0,3.0,1.0,10.0,5.0,38.0,92
353610,2016,2.0,0.0,2.0,1.0,1.0,19.0,3.0,1.0,7.0,5.0,43.0,107
353610,2017,0.0,0.0,3.0,1.0,2.0,11.0,6.0,1.0,10.0,5.0,39.0,92
353610,2018,3.0,0.0,0.0,0.0,2.0,6.0,6.0,4.0,11.0,5.0,37.0,80
353610,2019,3.0,0.0,0.0,1.0,2.0,18.0,6.0,2.0,17.0,3.0,52.0,107
353620,2012,6.0,0.0,2.0,0.0,0.0,10.0,5.0,3.0,6.0,6.0,102.0,297
353620,2013,0.0,0.0,0.0,0.0,0.0,0.0,0.0,0.0,0.0,0.0,99.0,263
353620,2014,6.0,1.0,10.0,6.0,1.0,34.0,12.0,6.0,22.0,11.0,110.0,320
353620,2015,3.0,1.0,7.0,6.0,2.0,30.0,5.0,4.0,26.0,5.0,91.0,320
353620,2016,7.0,0.0,0.0,6.0,3.0,31.0,7.0,2.0,18.0,10.0,84.0,279
353620,2017,10.0,1.0,3.0,8.0,10.0,28.0,11.0,3.0,27.0,4.0,105.0,309
353620,2018,8.0,0.0,2.0,5.0,2.0,38.0,12.0,3.0,27.0,1.0,99.0,295
353620,2019,7.0,0.0,0.0,5.0,4.0,34.0,13.0,4.0,23.0,6.0,96.0,278
353625,2012,0.0,0.0,0.0,0.0,0.0,2.0,0.0,0.0,1.0,1.0,19.0,20
353625,2013,0.0,0.0,0.0,0.0,0.0,0.0,0.0,0.0,0.0,0.0,19.0,24
353625,2014,1.0,0.0,0.0,1.0,0.0,2.0,2.0,0.0,1.0,2.0,17.0,21
353625,2015,0.0,0.0,0.0,0.0,0.0,1.0,0.0,0.0,4.0,0.0,21.0,24
353625,2016,8.0,0.0,5.0,3.0,2.0,7.0,2.0,1.0,5.0,7.0,40.0,43
353625,2017,2.0,0.0,0.0,0.0,0.0,12.0,4.0,1.0,2.0,7.0,28.0,39
353625,2018,2.0,0.0,0.0,0.0,1.0,13.0,3.0,2.0,3.0,6.0,30.0,36
353625,2019,0.0,0.0,0.0,0.0,1.0,12.0,3.0,3.0,5.0,3.0,27.0,32
353630,2012,19.0,0.0,4.0,0.0,1.0,38.0,4.0,1.0,15.0,8.0,141.0,226
353630,2013,0.0,0.0,0.0,0.0,0.0,0.0,0.0,0.0,0.0,0.0,141.0,233
353630,2014,9.0,0.0,0.0,4.0,5.0,37.0,4.0,14.0,16.0,28.0,126.0,224
353630,2015,12.0,0.0,5.0,2.0,1.0,27.0,8.0,16.0,12.0,24.0,117.0,191
353630,2016,9.0,0.0,4.0,2.0,1.0,31.0,7.0,5.0,8.0,25.0,96.0,216
353630,2017,13.0,1.0,2.0,1.0,3.0,50.0,1.0,14.0,10.0,36.0,142.0,205
353630,2018,15.0,0.0,3.0,4.0,4.0,54.0,2.0,14.0,16.0,19.0,143.0,205
353630,2019,12.0,0.0,6.0,3.0,2.0,48.0,3.0,13.0,13.0,35.0,137.0,192
353640,2012,4.0,1.0,2.0,0.0,0.0,21.0,2.0,6.0,9.0,9.0,79.0,113
353640,2013,0.0,0.0,0.0,0.0,0.0,0.0,0.0,0.0,0.0,0.0,71.0,105
353640,2014,5.0,0.0,4.0,1.0,6.0,27.0,9.0,7.0,9.0,14.0,82.0,117
353640,2015,8.0,1.0,5.0,1.0,5.0,21.0,5.0,10.0,4.0,22.0,82.0,120
353640,2016,3.0,0.0,4.0,0.0,0.0,36.0,7.0,6.0,9.0,30.0,95.0,126
353640,2017,3.0,0.0,4.0,3.0,1.0,27.0,8.0,14.0,10.0,16.0,86.0,114
353640,2018,5.0,1.0,0.0,1.0,1.0,31.0,6.0,8.0,7.0,15.0,75.0,98
353640,2019,10.0,0.0,2.0,0.0,0.0,44.0,0.0,8.0,5.0,15.0,84.0,108
353650,2012,85.0,11.0,29.0,18.0,33.0,314.0,52.0,29.0,252.0,83.0,947.0,1375
353650,2013,0.0,0.0,0.0,0.0,0.0,0.0,0.0,0.0,0.0,0.0,1006.0,1359
353650,2014,93.0,5.0,28.0,26.0,18.0,319.0,91.0,46.0,227.0,119.0,1005.0,1388
353650,2015,68.0,0.0,48.0,37.0,29.0,296.0,70.0,37.0,219.0,133.0,958.0,1489
353650,2016,79.0,5.0,39.0,29.0,23.0,343.0,64.0,69.0,112.0,178.0,951.0,1450
353650,2017,60.0,0.0,42.0,31.0,15.0,338.0,51.0,42.0,121.0,173.0,881.0,1470
353650,2018,70.0,4.0,39.0,27.0,16.0,373.0,61.0,47.0,148.0,129.0,920.0,1543
353650,2019,73.0,4.0,40.0,29.0,22.0,374.0,82.0,59.0,178.0,125.0,987.0,1526
353657,2012,0.0,0.0,0.0,0.0,0.0,3.0,1.0,0.0,4.0,3.0,12.0,21
353657,2013,0.0,0.0,0.0,0.0,0.0,0.0,0.0,0.0,0.0,0.0,8.0,18
353657,2014,1.0,0.0,0.0,0.0,0.0,5.0,2.0,0.0,7.0,1.0,16.0,25
353657,2015,0.0,0.0,0.0,0.0,0.0,0.0,3.0,2.0,3.0,0.0,8.0,18
353657,2016,0.0,0.0,2.0,0.0,0.0,5.0,2.0,0.0,3.0,0.0,12.0,22
353657,2017,3.0,0.0,2.0,0.0,0.0,6.0,1.0,1.0,4.0,0.0,17.0,28
353657,2018,0.0,0.0,0.0,1.0,0.0,9.0,1.0,0.0,7.0,0.0,18.0,27
353657,2019,2.0,0.0,0.0,0.0,0.0,4.0,0.0,0.0,6.0,1.0,13.0,24
353660,2012,6.0,0.0,0.0,2.0,2.0,17.0,6.0,2.0,13.0,7.0,81.0,108
353660,2013,0.0,0.0,0.0,0.0,0.0,0.0,0.0,0.0,0.0,0.0,75.0,104
353660,2014,6.0,0.0,0.0,4.0,0.0,19.0,7.0,3.0,17.0,2.0,59.0,72
353660,2015,9.0,0.0,0.0,1.0,1.0,26.0,7.0,5.0,17.0,1.0,68.0,77
353660,2016,10.0,0.0,1.0,4.0,1.0,25.0,7.0,3.0,24.0,7.0,82.0,90
353660,2017,8.0,0.0,2.0,2.0,0.0,25.0,3.0,3.0,19.0,8.0,70.0,81
353660,2018,1.0,0.0,0.0,0.0,0.0,29.0,2.0,4.0,14.0,14.0,64.0,88
353660,2019,4.0,0.0,0.0,1.0,0.0,27.0,1.0,3.0,8.0,15.0,59.0,74
353670,2012,76.0,1.0,8.0,2.0,5.0,134.0,22.0,4.0,106.0,23.0,507.0,590
353670,2013,0.0,0.0,0.0,0.0,0.0,0.0,0.0,0.0,0.0,0.0,559.0,644
353670,2014,66.0,0.0,13.0,8.0,5.0,228.0,62.0,8.0,187.0,24.0,604.0,667
353670,2015,61.0,1.0,16.0,8.0,9.0,188.0,57.0,4.0,159.0,21.0,556.0,621
353670,2016,45.0,1.0,7.0,10.0,7.0,205.0,38.0,3.0,142.0,10.0,502.0,558
353670,2017,44.0,0.0,12.0,4.0,5.0,230.0,37.0,2.0,139.0,15.0,489.0,531
353670,2018,62.0,1.0,18.0,9.0,8.0,222.0,44.0,10.0,132.0,14.0,520.0,579
353670,2019,42.0,1.0,8.0,7.0,2.0,220.0,39.0,3.0,132.0,19.0,478.0,547
353680,2012,3.0,0.0,0.0,1.0,0.0,11.0,0.0,4.0,7.0,11.0,41.0,55
353680,2013,0.0,0.0,0.0,0.0,0.0,0.0,0.0,0.0,0.0,0.0,34.0,69
353680,2014,0.0,0.0,2.0,0.0,2.0,11.0,3.0,2.0,6.0,4.0,37.0,63
353680,2015,2.0,0.0,2.0,0.0,1.0,8.0,3.0,0.0,15.0,3.0,35.0,59
353680,2016,0.0,0.0,2.0,1.0,1.0,13.0,3.0,2.0,14.0,11.0,47.0,69
353680,2017,1.0,0.0,0.0,1.0,0.0,14.0,7.0,1.0,13.0,3.0,40.0,68
353680,2018,3.0,0.0,0.0,2.0,0.0,20.0,7.0,1.0,15.0,2.0,51.0,78
353680,2019,3.0,0.0,0.0,4.0,2.0,18.0,8.0,1.0,17.0,3.0,56.0,80
353690,2012,0.0,0.0,1.0,0.0,0.0,0.0,1.0,0.0,0.0,0.0,21.0,23
353690,2013,0.0,0.0,0.0,0.0,0.0,0.0,0.0,0.0,0.0,0.0,26.0,29
353690,2014,0.0,0.0,1.0,0.0,0.0,1.0,1.0,0.0,1.0,3.0,14.0,17
353690,2015,0.0,0.0,0.0,1.0,1.0,2.0,0.0,0.0,1.0,0.0,10.0,16
353690,2016,1.0,0.0,0.0,0.0,0.0,5.0,5.0,1.0,3.0,2.0,17.0,19
353690,2017,0.0,0.0,0.0,0.0,2.0,3.0,2.0,0.0,3.0,3.0,13.0,14
353690,2018,2.0,0.0,4.0,0.0,1.0,9.0,1.0,5.0,3.0,3.0,28.0,31
353690,2019,1.0,0.0,0.0,0.0,0.0,12.0,0.0,0.0,3.0,1.0,17.0,18
353700,2012,5.0,77.0,2.0,0.0,0.0,8.0,0.0,0.0,11.0,5.0,152.0,197
353700,2013,0.0,0.0,0.0,0.0,0.0,0.0,0.0,0.0,0.0,0.0,148.0,188
353700,2014,11.0,124.0,1.0,0.0,0.0,15.0,4.0,2.0,18.0,5.0,187.0,221
353700,2015,8.0,131.0,3.0,0.0,3.0,27.0,1.0,1.0,8.0,4.0,187.0,241
353700,2016,6.0,120.0,0.0,0.0,5.0,11.0,2.0,0.0,10.0,7.0,161.0,203
353700,2017,11.0,126.0,1.0,3.0,2.0,18.0,2.0,0.0,14.0,3.0,183.0,216
353700,2018,4.0,122.0,6.0,0.0,1.0,18.0,0.0,0.0,9.0,3.0,163.0,191
353700,2019,6.0,121.0,4.0,1.0,2.0,19.0,0.0,1.0,12.0,1.0,167.0,209
353710,2012,30.0,1.0,6.0,7.0,8.0,93.0,5.0,3.0,77.0,40.0,292.0,443
353710,2013,0.0,0.0,0.0,0.0,0.0,0.0,0.0,0.0,0.0,0.0,348.0,520
353710,2014,30.0,0.0,7.0,7.0,3.0,112.0,27.0,16.0,69.0,47.0,344.0,507
353710,2015,36.0,2.0,14.0,7.0,3.0,117.0,23.0,22.0,66.0,70.0,369.0,506
353710,2016,28.0,1.0,10.0,7.0,5.0,106.0,19.0,23.0,50.0,63.0,317.0,456
353710,2017,30.0,2.0,2.0,6.0,3.0,131.0,30.0,21.0,69.0,61.0,355.0,481
353710,2018,22.0,2.0,8.0,12.0,5.0,123.0,34.0,19.0,70.0,58.0,354.0,477
353710,2019,25.0,1.0,10.0,11.0,5.0,130.0,22.0,10.0,96.0,41.0,351.0,488
353715,2012,0.0,0.0,0.0,0.0,0.0,0.0,1.0,0.0,2.0,0.0,26.0,32
353715,2013,0.0,0.0,0.0,0.0,0.0,0.0,0.0,0.0,0.0,0.0,17.0,23
353715,2014,4.0,0.0,0.0,0.0,0.0,5.0,1.0,2.0,6.0,3.0,22.0,26
353715,2015,3.0,0.0,0.0,0.0,0.0,9.0,2.0,0.0,6.0,2.0,22.0,26
353715,2016,3.0,0.0,0.0,0.0,0.0,5.0,2.0,0.0,4.0,1.0,15.0,23
353715,2017,1.0,0.0,2.0,1.0,0.0,11.0,6.0,0.0,6.0,2.0,29.0,34
353715,2018,0.0,0.0,0.0,0.0,1.0,10.0,2.0,1.0,10.0,1.0,25.0,33
353715,2019,1.0,0.0,0.0,0.0,0.0,14.0,3.0,0.0,8.0,1.0,27.0,31
353720,2012,3.0,0.0,2.0,1.0,2.0,10.0,9.0,1.0,4.0,4.0,43.0,131
353720,2013,0.0,0.0,0.0,0.0,0.0,0.0,0.0,0.0,0.0,0.0,44.0,125
353720,2014,2.0,0.0,2.0,3.0,1.0,18.0,5.0,0.0,5.0,5.0,42.0,120
353720,2015,6.0,0.0,4.0,1.0,1.0,9.0,5.0,3.0,6.0,2.0,38.0,114
353720,2016,0.0,0.0,10.0,1.0,0.0,20.0,5.0,4.0,7.0,10.0,57.0,125
353720,2017,6.0,1.0,2.0,1.0,2.0,21.0,3.0,1.0,7.0,8.0,52.0,118
353720,2018,2.0,0.0,2.0,3.0,2.0,23.0,5.0,2.0,5.0,2.0,46.0,137
353720,2019,3.0,0.0,0.0,1.0,2.0,14.0,3.0,2.0,4.0,4.0,33.0,108
353730,2012,88.0,0.0,24.0,10.0,13.0,170.0,21.0,19.0,123.0,79.0,672.0,751
353730,2013,0.0,0.0,0.0,0.0,0.0,0.0,0.0,0.0,0.0,0.0,661.0,745
353730,2014,70.0,1.0,23.0,11.0,7.0,225.0,49.0,25.0,157.0,93.0,678.0,767
353730,2015,86.0,0.0,14.0,10.0,14.0,230.0,28.0,15.0,142.0,85.0,640.0,820
353730,2016,81.0,0.0,32.0,14.0,9.0,217.0,38.0,14.0,142.0,59.0,610.0,782
353730,2017,90.0,0.0,23.0,10.0,8.0,242.0,43.0,23.0,137.0,82.0,661.0,835
353730,2018,67.0,0.0,17.0,8.0,10.0,283.0,39.0,26.0,110.0,62.0,622.0,758
353730,2019,88.0,0.0,29.0,11.0,8.0,255.0,28.0,32.0,95.0,107.0,653.0,760
353740,2012,22.0,0.0,1.0,3.0,5.0,73.0,8.0,8.0,33.0,33.0,207.0,321
353740,2013,0.0,0.0,0.0,0.0,0.0,0.0,0.0,0.0,0.0,0.0,235.0,334
353740,2014,21.0,1.0,3.0,5.0,0.0,88.0,20.0,5.0,43.0,36.0,229.0,322
353740,2015,20.0,3.0,0.0,3.0,4.0,70.0,10.0,13.0,37.0,24.0,195.0,299
353740,2016,12.0,0.0,3.0,2.0,2.0,75.0,12.0,11.0,35.0,29.0,196.0,284
353740,2017,19.0,1.0,2.0,6.0,0.0,65.0,17.0,11.0,25.0,34.0,195.0,261
353740,2018,19.0,1.0,2.0,5.0,0.0,89.0,12.0,12.0,29.0,40.0,210.0,297
353740,2019,7.0,1.0,12.0,6.0,4.0,92.0,14.0,9.0,28.0,26.0,201.0,255
353750,2012,7.0,0.0,1.0,4.0,2.0,20.0,2.0,0.0,5.0,5.0,48.0,97
353750,2013,0.0,0.0,0.0,0.0,0.0,0.0,0.0,0.0,0.0,0.0,33.0,69
353750,2014,4.0,0.0,4.0,1.0,2.0,14.0,7.0,2.0,7.0,8.0,50.0,96
353750,2015,9.0,2.0,4.0,3.0,0.0,19.0,5.0,3.0,11.0,5.0,61.0,123
353750,2016,5.0,0.0,2.0,1.0,1.0,24.0,9.0,4.0,5.0,8.0,59.0,119
353750,2017,1.0,0.0,4.0,2.0,2.0,18.0,3.0,4.0,5.0,7.0,46.0,105
353750,2018,5.0,1.0,6.0,2.0,0.0,24.0,2.0,3.0,5.0,13.0,61.0,113
353750,2019,5.0,0.0,2.0,1.0,1.0,12.0,1.0,1.0,13.0,9.0,45.0,95
353760,2012,28.0,2.0,15.0,9.0,8.0,123.0,27.0,18.0,77.0,58.0,387.0,980
353760,2013,0.0,0.0,0.0,0.0,0.0,0.0,0.0,0.0,0.0,0.0,418.0,976
353760,2014,47.0,7.0,16.0,14.0,13.0,137.0,45.0,25.0,94.0,53.0,481.0,1037
353760,2015,30.0,1.0,25.0,14.0,14.0,154.0,31.0,20.0,62.0,61.0,416.0,1011
353760,2016,44.0,2.0,10.0,19.0,8.0,155.0,32.0,25.0,59.0,63.0,419.0,961
353760,2017,50.0,1.0,10.0,16.0,7.0,131.0,28.0,29.0,62.0,52.0,386.0,927
353760,2018,38.0,2.0,10.0,13.0,9.0,144.0,20.0,21.0,52.0,54.0,366.0,946
353760,2019,34.0,9.0,18.0,15.0,4.0,149.0,41.0,14.0,57.0,34.0,375.0,941
353770,2012,2.0,0.0,0.0,0.0,0.0,18.0,2.0,0.0,8.0,3.0,38.0,58
353770,2013,0.0,0.0,0.0,0.0,0.0,0.0,0.0,0.0,0.0,0.0,52.0,77
353770,2014,4.0,0.0,0.0,1.0,0.0,8.0,4.0,0.0,15.0,1.0,36.0,61
353770,2015,3.0,0.0,0.0,1.0,0.0,15.0,5.0,2.0,10.0,3.0,40.0,58
353770,2016,7.0,0.0,0.0,0.0,0.0,11.0,6.0,0.0,10.0,2.0,36.0,65
353770,2017,4.0,0.0,0.0,0.0,1.0,16.0,4.0,1.0,14.0,7.0,47.0,63
353770,2018,7.0,0.0,2.0,2.0,1.0,16.0,2.0,2.0,9.0,3.0,45.0,66
353770,2019,5.0,0.0,2.0,4.0,1.0,21.0,1.0,0.0,7.0,4.0,45.0,59
353780,2012,43.0,1.0,14.0,8.0,9.0,95.0,26.0,15.0,89.0,47.0,431.0,718
353780,2013,0.0,0.0,0.0,0.0,0.0,0.0,0.0,0.0,0.0,0.0,470.0,674
353780,2014,32.0,1.0,8.0,11.0,15.0,130.0,33.0,22.0,124.0,87.0,507.0,719
353780,2015,35.0,2.0,12.0,10.0,7.0,156.0,51.0,27.0,131.0,60.0,530.0,774
353780,2016,52.0,0.0,11.0,11.0,8.0,166.0,47.0,17.0,129.0,68.0,512.0,696
353780,2017,51.0,0.0,22.0,6.0,7.0,177.0,23.0,32.0,102.0,108.0,528.0,731
353780,2018,45.0,1.0,5.0,1.0,4.0,179.0,34.0,33.0,109.0,89.0,500.0,704
353780,2019,37.0,2.0,14.0,7.0,5.0,205.0,18.0,32.0,46.0,132.0,498.0,685
353790,2012,19.0,0.0,7.0,2.0,4.0,79.0,31.0,9.0,71.0,20.0,270.0,432
353790,2013,0.0,0.0,0.0,0.0,0.0,0.0,0.0,0.0,0.0,0.0,238.0,376
353790,2014,21.0,0.0,7.0,6.0,3.0,93.0,34.0,18.0,86.0,25.0,295.0,445
353790,2015,13.0,1.0,13.0,9.0,5.0,96.0,33.0,12.0,58.0,35.0,278.0,422
353790,2016,12.0,0.0,5.0,11.0,2.0,95.0,22.0,4.0,67.0,16.0,234.0,386
353790,2017,19.0,1.0,4.0,6.0,2.0,87.0,26.0,4.0,63.0,22.0,234.0,388
353790,2018,20.0,1.0,12.0,9.0,3.0,85.0,24.0,4.0,47.0,23.0,228.0,385
353790,2019,18.0,0.0,2.0,5.0,6.0,101.0,20.0,5.0,79.0,11.0,247.0,414
353800,2012,200.0,1.0,46.0,11.0,15.0,558.0,4.0,7.0,403.0,297.0,1717.0,2276
353800,2013,0.0,0.0,0.0,0.0,0.0,0.0,0.0,0.0,0.0,0.0,1686.0,2268
353800,2014,144.0,4.0,37.0,15.0,13.0,650.0,177.0,27.0,529.0,125.0,1751.0,2417
353800,2015,150.0,1.0,34.0,15.0,13.0,599.0,140.0,9.0,526.0,36.0,1567.0,2331
353800,2016,159.0,3.0,67.0,20.0,13.0,555.0,100.0,15.0,443.0,71.0,1457.0,2162
353800,2017,133.0,1.0,42.0,25.0,20.0,682.0,122.0,5.0,484.0,46.0,1560.0,2240
353800,2018,142.0,0.0,53.0,26.0,24.0,735.0,126.0,10.0,439.0,54.0,1617.0,2336
353800,2019,136.0,5.0,80.0,32.0,23.0,669.0,123.0,21.0,421.0,61.0,1571.0,2300
353810,2012,7.0,0.0,0.0,1.0,3.0,24.0,5.0,2.0,27.0,6.0,115.0,141
353810,2013,0.0,0.0,0.0,0.0,0.0,0.0,0.0,0.0,0.0,0.0,134.0,162
353810,2014,14.0,0.0,8.0,4.0,3.0,56.0,10.0,2.0,53.0,9.0,164.0,192
353810,2015,11.0,0.0,4.0,5.0,1.0,48.0,11.0,0.0,37.0,3.0,122.0,146
353810,2016,11.0,0.0,0.0,5.0,2.0,52.0,11.0,1.0,30.0,8.0,120.0,151
353810,2017,16.0,0.0,4.0,6.0,7.0,44.0,9.0,1.0,35.0,4.0,126.0,159
353810,2018,17.0,0.0,3.0,2.0,3.0,44.0,10.0,0.0,33.0,2.0,115.0,137
353810,2019,12.0,0.0,2.0,3.0,2.0,41.0,8.0,2.0,29.0,4.0,103.0,130
353820,2012,6.0,0.0,0.0,0.0,2.0,17.0,4.0,8.0,17.0,19.0,79.0,133
353820,2013,0.0,0.0,0.0,0.0,0.0,0.0,0.0,0.0,0.0,0.0,103.0,159
353820,2014,3.0,0.0,2.0,2.0,2.0,34.0,9.0,6.0,22.0,14.0,97.0,156
353820,2015,6.0,1.0,6.0,1.0,2.0,35.0,7.0,8.0,18.0,20.0,106.0,168
353820,2016,4.0,0.0,2.0,1.0,2.0,36.0,3.0,5.0,18.0,22.0,93.0,142
353820,2017,10.0,1.0,0.0,4.0,0.0,26.0,6.0,8.0,26.0,14.0,95.0,150
353820,2018,10.0,0.0,2.0,2.0,1.0,36.0,11.0,6.0,31.0,8.0,107.0,154
353820,2019,11.0,0.0,0.0,0.0,3.0,34.0,15.0,5.0,34.0,7.0,109.0,172
353830,2012,3.0,0.0,0.0,0.0,0.0,13.0,0.0,3.0,1.0,1.0,27.0,37
353830,2013,0.0,0.0,0.0,0.0,0.0,0.0,0.0,0.0,0.0,0.0,26.0,41
353830,2014,4.0,0.0,0.0,0.0,0.0,7.0,2.0,3.0,0.0,10.0,26.0,36
353830,2015,2.0,0.0,2.0,0.0,0.0,6.0,0.0,5.0,0.0,7.0,22.0,32
353830,2016,2.0,0.0,0.0,0.0,0.0,5.0,1.0,4.0,0.0,3.0,16.0,19
353830,2017,1.0,0.0,2.0,0.0,0.0,7.0,1.0,4.0,1.0,6.0,23.0,26
353830,2018,2.0,0.0,2.0,0.0,1.0,7.0,2.0,2.0,1.0,5.0,24.0,30
353830,2019,0.0,0.0,2.0,1.0,0.0,9.0,1.0,1.0,2.0,8.0,24.0,28
353850,2012,5.0,0.0,4.0,1.0,2.0,13.0,2.0,0.0,25.0,3.0,124.0,139
353850,2013,0.0,0.0,0.0,0.0,0.0,0.0,0.0,0.0,0.0,0.0,134.0,145
353850,2014,12.0,0.0,4.0,2.0,4.0,52.0,7.0,2.0,40.0,11.0,142.0,169
353850,2015,8.0,0.0,2.0,1.0,2.0,58.0,10.0,4.0,40.0,9.0,140.0,160
353850,2016,8.0,0.0,2.0,0.0,0.0,43.0,8.0,8.0,26.0,14.0,120.0,148
353850,2017,12.0,0.0,5.0,1.0,0.0,49.0,9.0,2.0,32.0,12.0,128.0,154
353850,2018,5.0,0.0,6.0,3.0,2.0,53.0,4.0,0.0,17.0,10.0,105.0,139
353850,2019,10.0,1.0,2.0,1.0,0.0,47.0,2.0,0.0,12.0,8.0,83.0,130
353860,2012,26.0,0.0,6.0,8.0,5.0,83.0,7.0,9.0,38.0,56.0,254.0,357
353860,2013,0.0,0.0,0.0,0.0,0.0,0.0,0.0,0.0,0.0,0.0,214.0,326
353860,2014,15.0,1.0,5.0,4.0,1.0,61.0,16.0,8.0,49.0,30.0,197.0,300
353860,2015,21.0,0.0,2.0,2.0,2.0,83.0,16.0,9.0,57.0,25.0,220.0,347
353860,2016,16.0,1.0,5.0,4.0,2.0,76.0,6.0,10.0,36.0,34.0,190.0,308
353860,2017,24.0,2.0,0.0,5.0,4.0,101.0,10.0,5.0,60.0,27.0,238.0,365
353860,2018,25.0,1.0,7.0,4.0,4.0,89.0,22.0,6.0,63.0,23.0,244.0,349
353860,2019,14.0,0.0,2.0,5.0,4.0,90.0,16.0,5.0,58.0,19.0,215.0,322
353870,2012,326.0,5.0,84.0,64.0,108.0,1139.0,210.0,24.0,1336.0,144.0,3447.0,5104
353870,2013,0.0,0.0,0.0,0.0,0.0,0.0,0.0,0.0,0.0,0.0,3700.0,5278
353870,2014,244.0,9.0,136.0,74.0,79.0,1276.0,324.0,52.0,1301.0,200.0,3696.0,5412
353870,2015,236.0,3.0,132.0,79.0,110.0,1300.0,399.0,47.0,1204.0,176.0,3688.0,5411
353870,2016,263.0,3.0,97.0,78.0,83.0,1257.0,391.0,58.0,1147.0,173.0,3551.0,5028
353870,2017,273.0,3.0,134.0,92.0,101.0,1347.0,390.0,80.0,1168.0,224.0,3813.0,5234
353870,2018,238.0,1.0,108.0,95.0,107.0,1359.0,341.0,70.0,1061.0,242.0,3624.0,5067
353870,2019,202.0,2.0,103.0,99.0,96.0,1231.0,267.0,69.0,869.0,253.0,3194.0,4928
353880,2012,19.0,1.0,3.0,7.0,3.0,74.0,4.0,15.0,19.0,64.0,215.0,390
353880,2013,0.0,0.0,0.0,0.0,0.0,0.0,0.0,0.0,0.0,0.0,205.0,352
353880,2014,9.0,0.0,11.0,8.0,8.0,86.0,19.0,21.0,34.0,56.0,256.0,395
353880,2015,23.0,0.0,6.0,7.0,5.0,82.0,17.0,28.0,33.0,66.0,270.0,395
353880,2016,27.0,0.0,8.0,8.0,8.0,99.0,7.0,27.0,15.0,69.0,268.0,374
353880,2017,29.0,0.0,8.0,3.0,3.0,104.0,3.0,34.0,15.0,80.0,280.0,384
353880,2018,29.0,0.0,8.0,3.0,2.0,81.0,9.0,25.0,13.0,83.0,254.0,346
353880,2019,21.0,2.0,8.0,5.0,6.0,70.0,7.0,22.0,26.0,54.0,262.0,347
353890,2012,28.0,1.0,2.0,2.0,2.0,30.0,3.0,0.0,18.0,4.0,141.0,223
353890,2013,0.0,0.0,0.0,0.0,0.0,0.0,0.0,0.0,0.0,0.0,144.0,243
353890,2014,10.0,0.0,2.0,4.0,0.0,48.0,5.0,17.0,18.0,32.0,140.0,239
353890,2015,15.0,0.0,4.0,4.0,0.0,57.0,9.0,4.0,29.0,19.0,147.0,237
353890,2016,11.0,0.0,4.0,1.0,1.0,44.0,7.0,4.0,35.0,12.0,127.0,220
353890,2017,12.0,0.0,8.0,2.0,3.0,57.0,16.0,4.0,41.0,12.0,158.0,273
353890,2018,1.0,0.0,8.0,4.0,0.0,46.0,11.0,3.0,29.0,12.0,116.0,210
353890,2019,11.0,0.0,8.0,4.0,4.0,63.0,12.0,6.0,37.0,12.0,161.0,244
353900,2012,6.0,0.0,2.0,2.0,1.0,6.0,2.0,2.0,18.0,1.0,88.0,102
353900,2013,0.0,0.0,0.0,0.0,0.0,0.0,0.0,0.0,0.0,0.0,91.0,104
353900,2014,5.0,0.0,5.0,0.0,1.0,28.0,4.0,1.0,16.0,4.0,109.0,123
353900,2015,3.0,0.0,1.0,0.0,1.0,20.0,4.0,1.0,17.0,1.0,109.0,129
353900,2016,8.0,1.0,0.0,0.0,0.0,41.0,4.0,6.0,16.0,11.0,88.0,107
353900,2017,7.0,0.0,7.0,0.0,2.0,44.0,4.0,9.0,16.0,21.0,110.0,129
353900,2018,16.0,0.0,3.0,1.0,2.0,44.0,6.0,5.0,22.0,12.0,112.0,128
353900,2019,10.0,0.0,2.0,2.0,6.0,45.0,7.0,7.0,18.0,24.0,121.0,139
353910,2012,16.0,2.0,7.0,5.0,2.0,27.0,11.0,2.0,27.0,11.0,115.0,233
353910,2013,0.0,0.0,0.0,0.0,0.0,0.0,0.0,0.0,0.0,0.0,107.0,244
353910,2014,4.0,1.0,4.0,8.0,5.0,30.0,8.0,3.0,21.0,11.0,95.0,255
353910,2015,6.0,0.0,7.0,8.0,10.0,40.0,16.0,5.0,26.0,7.0,125.0,267
353910,2016,5.0,1.0,2.0,5.0,10.0,38.0,8.0,6.0,21.0,11.0,107.0,257
353910,2017,4.0,0.0,4.0,12.0,11.0,50.0,6.0,5.0,20.0,7.0,119.0,265
353910,2018,8.0,0.0,6.0,5.0,6.0,39.0,10.0,6.0,31.0,6.0,117.0,273
353910,2019,12.0,0.0,6.0,4.0,1.0,39.0,9.0,4.0,27.0,6.0,108.0,258
353920,2012,7.0,0.0,8.0,0.0,3.0,43.0,3.0,8.0,26.0,18.0,223.0,300
353920,2013,0.0,0.0,0.0,0.0,0.0,0.0,0.0,0.0,0.0,0.0,236.0,323
353920,2014,17.0,0.0,8.0,4.0,3.0,89.0,11.0,8.0,35.0,35.0,216.0,303
353920,2015,18.0,0.0,6.0,5.0,4.0,91.0,13.0,12.0,34.0,47.0,233.0,316
353920,2016,18.0,0.0,6.0,4.0,5.0,89.0,4.0,11.0,51.0,38.0,226.0,327
353920,2017,24.0,0.0,2.0,8.0,6.0,91.0,11.0,11.0,56.0,32.0,241.0,336
353920,2018,24.0,1.0,14.0,9.0,0.0,84.0,12.0,1.0,47.0,28.0,220.0,310
353920,2019,33.0,0.0,11.0,3.0,4.0,100.0,15.0,11.0,43.0,19.0,239.0,323
353930,2012,47.0,0.0,8.0,10.0,11.0,111.0,31.0,13.0,132.0,30.0,486.0,847
353930,2013,0.0,0.0,0.0,0.0,0.0,0.0,0.0,0.0,0.0,0.0,517.0,857
353930,2014,43.0,2.0,13.0,10.0,12.0,152.0,51.0,15.0,120.0,32.0,460.0,865
353930,2015,36.0,3.0,19.0,4.0,13.0,177.0,47.0,20.0,108.0,53.0,495.0,903
353930,2016,34.0,0.0,13.0,14.0,9.0,180.0,41.0,27.0,93.0,68.0,480.0,896
353930,2017,40.0,1.0,16.0,12.0,14.0,180.0,47.0,22.0,96.0,33.0,462.0,877
353930,2018,35.0,1.0,10.0,13.0,11.0,208.0,67.0,15.0,133.0,46.0,539.0,888
353930,2019,32.0,0.0,19.0,13.0,19.0,183.0,49.0,5.0,120.0,15.0,458.0,868
353940,2012,11.0,0.0,8.0,3.0,6.0,21.0,6.0,3.0,26.0,6.0,125.0,175
353940,2013,0.0,0.0,0.0,0.0,0.0,0.0,0.0,0.0,0.0,0.0,132.0,186
353940,2014,11.0,0.0,2.0,2.0,2.0,39.0,13.0,1.0,44.0,2.0,116.0,169
353940,2015,12.0,0.0,4.0,2.0,0.0,36.0,7.0,0.0,33.0,10.0,104.0,154
353940,2016,13.0,3.0,5.0,3.0,6.0,38.0,8.0,0.0,29.0,11.0,116.0,177
353940,2017,11.0,1.0,7.0,3.0,2.0,40.0,10.0,2.0,45.0,4.0,125.0,193
353940,2018,16.0,0.0,6.0,1.0,1.0,43.0,9.0,0.0,37.0,5.0,118.0,173
353940,2019,5.0,1.0,6.0,5.0,1.0,43.0,10.0,2.0,33.0,1.0,107.0,166
353950,2012,21.0,1.0,10.0,6.0,11.0,91.0,9.0,10.0,49.0,46.0,325.0,491
353950,2013,0.0,0.0,0.0,0.0,0.0,0.0,0.0,0.0,0.0,0.0,342.0,493
353950,2014,24.0,1.0,15.0,7.0,3.0,125.0,27.0,11.0,59.0,57.0,350.0,497
353950,2015,27.0,0.0,8.0,12.0,4.0,132.0,11.0,8.0,51.0,49.0,319.0,490
353950,2016,19.0,1.0,4.0,6.0,9.0,106.0,14.0,21.0,36.0,54.0,270.0,447
353950,2017,38.0,0.0,12.0,11.0,5.0,139.0,12.0,12.0,37.0,69.0,336.0,475
353950,2018,26.0,1.0,14.0,17.0,10.0,135.0,12.0,19.0,47.0,77.0,358.0,504
353950,2019,29.0,1.0,7.0,10.0,4.0,143.0,17.0,23.0,48.0,63.0,345.0,471
353960,2012,5.0,1.0,0.0,2.0,1.0,12.0,4.0,0.0,11.0,2.0,43.0,64
353960,2013,0.0,0.0,0.0,0.0,0.0,0.0,0.0,0.0,0.0,0.0,47.0,62
353960,2014,9.0,1.0,2.0,1.0,0.0,21.0,6.0,2.0,10.0,9.0,64.0,79
353960,2015,4.0,0.0,2.0,1.0,2.0,15.0,7.0,3.0,10.0,8.0,55.0,59
353960,2016,10.0,0.0,0.0,3.0,0.0,25.0,5.0,2.0,10.0,5.0,60.0,73
353960,2017,7.0,0.0,4.0,3.0,2.0,26.0,9.0,3.0,12.0,9.0,76.0,89
353960,2018,3.0,0.0,0.0,1.0,2.0,25.0,2.0,2.0,10.0,11.0,56.0,76
353960,2019,1.0,0.0,0.0,1.0,0.0,21.0,1.0,1.0,13.0,4.0,42.0,51
353970,2012,3.0,0.0,0.0,0.0,0.0,2.0,1.0,0.0,2.0,1.0,36.0,53
353970,2013,0.0,0.0,0.0,0.0,0.0,0.0,0.0,0.0,0.0,0.0,23.0,34
353970,2014,1.0,0.0,0.0,1.0,0.0,15.0,1.0,4.0,8.0,5.0,36.0,51
353970,2015,0.0,0.0,0.0,0.0,0.0,10.0,4.0,1.0,7.0,1.0,23.0,38
353970,2016,3.0,0.0,0.0,1.0,0.0,7.0,4.0,0.0,8.0,4.0,27.0,38
353970,2017,3.0,0.0,2.0,0.0,0.0,10.0,6.0,0.0,7.0,2.0,30.0,46
353970,2018,2.0,0.0,2.0,0.0,1.0,11.0,7.0,0.0,10.0,2.0,35.0,46
353970,2019,2.0,0.0,0.0,0.0,0.0,13.0,3.0,2.0,5.0,0.0,25.0,33
353980,2012,87.0,4.0,31.0,24.0,19.0,254.0,62.0,20.0,272.0,77.0,910.0,1726
353980,2013,0.0,0.0,0.0,0.0,0.0,0.0,0.0,0.0,0.0,0.0,880.0,1694
353980,2014,70.0,5.0,38.0,14.0,15.0,291.0,79.0,26.0,233.0,61.0,849.0,1746
353980,2015,63.0,2.0,28.0,18.0,20.0,279.0,67.0,30.0,212.0,92.0,822.0,1637
353980,2016,71.0,2.0,23.0,23.0,12.0,292.0,69.0,32.0,155.0,92.0,773.0,1574
353980,2017,80.0,4.0,33.0,13.0,18.0,290.0,52.0,39.0,117.0,104.0,752.0,1594
353980,2018,72.0,3.0,32.0,25.0,13.0,313.0,54.0,35.0,154.0,85.0,791.0,1588
353980,2019,60.0,4.0,38.0,24.0,14.0,261.0,68.0,37.0,122.0,68.0,696.0,1456
353990,2012,4.0,0.0,2.0,1.0,1.0,18.0,1.0,0.0,8.0,4.0,47.0,61
353990,2013,0.0,0.0,0.0,0.0,0.0,0.0,0.0,0.0,0.0,0.0,55.0,66
353990,2014,2.0,1.0,3.0,2.0,3.0,15.0,5.0,0.0,18.0,4.0,57.0,69
353990,2015,3.0,0.0,4.0,2.0,3.0,15.0,5.0,2.0,12.0,7.0,61.0,70
353990,2016,5.0,0.0,0.0,1.0,1.0,11.0,4.0,3.0,10.0,6.0,42.0,56
353990,2017,3.0,1.0,0.0,0.0,2.0,14.0,6.0,3.0,12.0,9.0,52.0,63
353990,2018,3.0,0.0,2.0,1.0,0.0,22.0,4.0,3.0,12.0,8.0,55.0,75
353990,2019,3.0,0.0,4.0,2.0,1.0,23.0,1.0,1.0,6.0,5.0,46.0,66
354000,2012,0.0,0.0,4.0,0.0,0.0,0.0,0.0,0.0,1.0,0.0,220.0,252
354000,2013,0.0,0.0,0.0,0.0,0.0,0.0,0.0,0.0,0.0,0.0,224.0,262
354000,2014,15.0,0.0,9.0,7.0,1.0,29.0,3.0,0.0,35.0,7.0,221.0,255
354000,2015,13.0,0.0,6.0,2.0,5.0,34.0,6.0,1.0,23.0,7.0,222.0,256
354000,2016,16.0,0.0,4.0,2.0,9.0,81.0,11.0,11.0,30.0,34.0,198.0,256
354000,2017,14.0,2.0,8.0,1.0,3.0,88.0,9.0,11.0,35.0,41.0,212.0,260
354000,2018,12.0,1.0,4.0,6.0,3.0,83.0,13.0,12.0,32.0,31.0,197.0,233
354000,2019,19.0,1.0,6.0,6.0,2.0,71.0,8.0,0.0,21.0,8.0,142.0,224
354010,2012,2.0,0.0,0.0,0.0,0.0,4.0,0.0,1.0,3.0,3.0,29.0,37
354010,2013,0.0,0.0,0.0,0.0,0.0,0.0,0.0,0.0,0.0,0.0,23.0,28
354010,2014,6.0,0.0,2.0,0.0,0.0,5.0,1.0,1.0,4.0,2.0,32.0,35
354010,2015,2.0,0.0,0.0,1.0,0.0,7.0,1.0,1.0,3.0,1.0,29.0,35
354010,2016,0.0,0.0,0.0,0.0,0.0,5.0,2.0,0.0,5.0,0.0,27.0,30
354010,2017,2.0,0.0,1.0,0.0,0.0,4.0,1.0,1.0,4.0,2.0,29.0,31
354010,2018,2.0,0.0,0.0,0.0,0.0,4.0,3.0,1.0,4.0,0.0,33.0,37
354010,2019,1.0,0.0,0.0,0.0,0.0,3.0,2.0,0.0,6.0,0.0,22.0,28
354020,2012,32.0,0.0,4.0,2.0,8.0,146.0,26.0,8.0,122.0,55.0,447.0,566
354020,2013,0.0,0.0,0.0,0.0,0.0,0.0,0.0,0.0,0.0,0.0,436.0,545
354020,2014,33.0,0.0,9.0,2.0,2.0,123.0,40.0,16.0,122.0,31.0,478.0,592
354020,2015,35.0,2.0,9.0,2.0,5.0,135.0,42.0,13.0,116.0,41.0,486.0,596
354020,2016,27.0,1.0,17.0,4.0,3.0,132.0,25.0,13.0,81.0,70.0,414.0,526
354020,2017,24.0,0.0,7.0,6.0,6.0,167.0,31.0,19.0,84.0,62.0,425.0,560
354020,2018,25.0,3.0,15.0,2.0,3.0,194.0,32.0,21.0,86.0,61.0,447.0,575
354020,2019,18.0,1.0,10.0,7.0,3.0,186.0,22.0,15.0,102.0,55.0,427.0,520
354025,2012,1.0,0.0,0.0,0.0,0.0,3.0,3.0,2.0,3.0,3.0,44.0,58
354025,2013,0.0,0.0,0.0,0.0,0.0,0.0,0.0,0.0,0.0,0.0,43.0,55
354025,2014,11.0,0.0,0.0,1.0,0.0,9.0,5.0,1.0,13.0,7.0,51.0,66
354025,2015,9.0,0.0,0.0,3.0,0.0,12.0,2.0,3.0,8.0,10.0,51.0,61
354025,2016,5.0,0.0,0.0,0.0,2.0,7.0,4.0,1.0,8.0,6.0,33.0,37
354025,2017,8.0,0.0,0.0,0.0,0.0,17.0,5.0,2.0,10.0,5.0,47.0,56
354025,2018,8.0,0.0,2.0,0.0,0.0,21.0,1.0,2.0,7.0,5.0,46.0,59
354025,2019,8.0,1.0,0.0,2.0,0.0,11.0,2.0,3.0,3.0,9.0,39.0,52
354030,2012,3.0,0.0,0.0,0.0,2.0,6.0,1.0,0.0,3.0,0.0,35.0,40
354030,2013,0.0,0.0,0.0,0.0,0.0,0.0,0.0,0.0,0.0,0.0,27.0,34
354030,2014,2.0,0.0,0.0,0.0,0.0,4.0,1.0,1.0,3.0,0.0,27.0,30
354030,2015,4.0,0.0,0.0,0.0,0.0,6.0,3.0,0.0,9.0,2.0,30.0,37
354030,2016,1.0,0.0,0.0,0.0,0.0,5.0,4.0,0.0,6.0,0.0,16.0,18
354030,2017,0.0,0.0,0.0,0.0,0.0,13.0,0.0,2.0,10.0,2.0,27.0,30
354030,2018,2.0,0.0,0.0,0.0,0.0,12.0,3.0,1.0,3.0,2.0,23.0,25
354030,2019,2.0,0.0,2.0,0.0,0.0,9.0,2.0,2.0,5.0,5.0,27.0,31
354040,2012,0.0,1.0,0.0,0.0,0.0,1.0,0.0,0.0,2.0,2.0,41.0,46
354040,2013,0.0,0.0,0.0,0.0,0.0,0.0,0.0,0.0,0.0,0.0,44.0,50
354040,2014,1.0,0.0,0.0,0.0,0.0,8.0,0.0,2.0,3.0,1.0,39.0,43
354040,2015,4.0,0.0,1.0,0.0,1.0,8.0,1.0,1.0,8.0,4.0,31.0,35
354040,2016,3.0,0.0,0.0,1.0,0.0,15.0,1.0,2.0,7.0,4.0,33.0,40
354040,2017,1.0,0.0,4.0,0.0,0.0,14.0,3.0,0.0,6.0,7.0,35.0,43
354040,2018,4.0,0.0,0.0,0.0,0.0,23.0,0.0,2.0,5.0,8.0,43.0,48
354040,2019,4.0,0.0,2.0,1.0,1.0,13.0,3.0,4.0,3.0,7.0,38.0,47
354050,2012,3.0,1.0,0.0,3.0,2.0,21.0,5.0,2.0,5.0,7.0,50.0,98
354050,2013,0.0,0.0,0.0,0.0,0.0,0.0,0.0,0.0,0.0,0.0,38.0,79
354050,2014,2.0,1.0,0.0,2.0,1.0,11.0,2.0,3.0,11.0,6.0,39.0,79
354050,2015,2.0,0.0,0.0,2.0,1.0,15.0,7.0,1.0,11.0,0.0,39.0,86
354050,2016,4.0,0.0,0.0,1.0,0.0,17.0,2.0,0.0,10.0,4.0,38.0,99
354050,2017,1.0,0.0,2.0,2.0,0.0,12.0,3.0,2.0,4.0,6.0,32.0,84
354050,2018,3.0,0.0,0.0,1.0,2.0,16.0,6.0,1.0,5.0,9.0,43.0,92
354050,2019,3.0,0.0,0.0,1.0,1.0,27.0,6.0,1.0,7.0,3.0,49.0,94
354060,2012,42.0,0.0,20.0,10.0,6.0,124.0,28.0,13.0,100.0,47.0,478.0,696
354060,2013,0.0,0.0,0.0,0.0,0.0,0.0,0.0,0.0,0.0,0.0,490.0,698
354060,2014,48.0,2.0,19.0,12.0,11.0,181.0,26.0,21.0,112.0,84.0,523.0,715
354060,2015,36.0,1.0,12.0,13.0,8.0,206.0,37.0,23.0,112.0,79.0,532.0,745
354060,2016,44.0,0.0,16.0,7.0,11.0,181.0,33.0,22.0,84.0,61.0,460.0,670
354060,2017,31.0,0.0,10.0,23.0,10.0,206.0,29.0,23.0,84.0,81.0,497.0,739
354060,2018,22.0,3.0,12.0,17.0,11.0,201.0,34.0,23.0,65.0,73.0,461.0,698
354060,2019,24.0,0.0,16.0,10.0,5.0,208.0,28.0,12.0,103.0,49.0,455.0,698
354070,2012,56.0,2.0,4.0,10.0,8.0,146.0,20.0,1.0,154.0,20.0,447.0,666
354070,2013,0.0,0.0,0.0,0.0,0.0,0.0,0.0,0.0,0.0,0.0,454.0,695
354070,2014,42.0,2.0,6.0,7.0,14.0,136.0,28.0,2.0,115.0,30.0,396.0,624
354070,2015,34.0,0.0,12.0,7.0,4.0,152.0,37.0,8.0,121.0,34.0,425.0,658
354070,2016,31.0,1.0,19.0,10.0,5.0,151.0,33.0,6.0,110.0,24.0,402.0,627
354070,2017,10.0,0.0,16.0,11.0,5.0,91.0,14.0,4.0,47.0,13.0,347.0,560
354070,2018,13.0,0.0,10.0,9.0,10.0,92.0,8.0,7.0,38.0,25.0,356.0,606
354070,2019,19.0,0.0,20.0,11.0,12.0,100.0,24.0,18.0,51.0,42.0,389.0,596
354075,2012,8.0,1.0,3.0,4.0,2.0,46.0,6.0,2.0,30.0,15.0,205.0,249
354075,2013,0.0,0.0,0.0,0.0,0.0,0.0,0.0,0.0,0.0,0.0,231.0,289
354075,2014,8.0,0.0,2.0,8.0,6.0,74.0,18.0,6.0,39.0,22.0,189.0,267
354075,2015,11.0,1.0,2.0,5.0,4.0,86.0,7.0,2.0,40.0,22.0,187.0,248
354075,2016,11.0,0.0,6.0,4.0,0.0,92.0,6.0,9.0,34.0,37.0,200.0,274
354075,2017,15.0,0.0,5.0,5.0,3.0,91.0,9.0,4.0,30.0,13.0,177.0,252
354075,2018,8.0,0.0,6.0,2.0,3.0,92.0,6.0,2.0,24.0,9.0,159.0,245
354075,2019,15.0,0.0,0.0,8.0,2.0,70.0,10.0,6.0,28.0,12.0,151.0,231
354080,2012,11.0,2.0,2.0,4.0,2.0,49.0,12.0,4.0,36.0,15.0,174.0,205
354080,2013,0.0,0.0,0.0,0.0,0.0,0.0,0.0,0.0,0.0,0.0,182.0,201
354080,2014,17.0,1.0,5.0,0.0,1.0,72.0,22.0,3.0,59.0,7.0,187.0,220
354080,2015,13.0,0.0,0.0,5.0,3.0,69.0,17.0,6.0,62.0,11.0,186.0,212
354080,2016,20.0,0.0,15.0,2.0,2.0,57.0,28.0,3.0,47.0,21.0,195.0,242
354080,2017,16.0,2.0,2.0,6.0,4.0,85.0,6.0,8.0,39.0,20.0,189.0,217
354080,2018,12.0,0.0,2.0,6.0,0.0,71.0,7.0,4.0,36.0,27.0,165.0,194
354080,2019,17.0,0.0,8.0,0.0,4.0,85.0,9.0,10.0,44.0,17.0,194.0,229
354085,2012,0.0,0.0,0.0,0.0,0.0,0.0,0.0,0.0,0.0,0.0,9.0,12
354085,2013,0.0,0.0,0.0,0.0,0.0,0.0,0.0,0.0,0.0,0.0,9.0,12
354085,2014,1.0,0.0,0.0,2.0,1.0,4.0,3.0,0.0,2.0,0.0,16.0,21
354085,2015,2.0,0.0,0.0,1.0,0.0,1.0,2.0,0.0,3.0,0.0,9.0,15
354085,2016,1.0,0.0,0.0,0.0,0.0,2.0,0.0,0.0,4.0,0.0,7.0,13
354085,2017,0.0,0.0,0.0,0.0,0.0,5.0,1.0,0.0,1.0,1.0,8.0,15
354085,2018,0.0,0.0,0.0,0.0,1.0,4.0,1.0,0.0,1.0,1.0,8.0,10
354085,2019,0.0,0.0,0.0,0.0,0.0,1.0,1.0,0.0,3.0,0.0,5.0,7
354090,2012,15.0,1.0,2.0,1.0,3.0,52.0,7.0,3.0,42.0,8.0,158.0,220
354090,2013,0.0,0.0,0.0,0.0,0.0,0.0,0.0,0.0,0.0,0.0,140.0,217
354090,2014,12.0,1.0,2.0,5.0,2.0,46.0,6.0,1.0,41.0,10.0,127.0,226
354090,2015,10.0,0.0,10.0,1.0,5.0,35.0,14.0,3.0,31.0,14.0,125.0,201
354090,2016,3.0,0.0,2.0,14.0,4.0,37.0,7.0,4.0,34.0,13.0,118.0,208
354090,2017,13.0,0.0,10.0,5.0,4.0,53.0,7.0,4.0,29.0,10.0,135.0,227
354090,2018,6.0,0.0,4.0,6.0,4.0,59.0,6.0,1.0,24.0,11.0,122.0,214
354090,2019,5.0,0.0,8.0,3.0,6.0,57.0,9.0,4.0,20.0,9.0,121.0,211
354100,2012,202.0,5.0,73.0,51.0,49.0,898.0,181.0,36.0,820.0,146.0,2495.0,4424
354100,2013,0.0,0.0,0.0,0.0,0.0,0.0,0.0,0.0,0.0,0.0,2366.0,4282
354100,2014,219.0,0.0,79.0,57.0,35.0,873.0,234.0,84.0,575.0,220.0,2384.0,4391
354100,2015,190.0,4.0,62.0,44.0,40.0,884.0,184.0,93.0,545.0,235.0,2289.0,4447
354100,2016,160.0,2.0,68.0,73.0,50.0,885.0,215.0,98.0,497.0,227.0,2278.0,4444
354100,2017,162.0,2.0,89.0,62.0,42.0,963.0,194.0,112.0,443.0,222.0,2294.0,4554
354100,2018,170.0,4.0,88.0,82.0,48.0,961.0,184.0,94.0,421.0,220.0,2275.0,4511
354100,2019,182.0,11.0,103.0,78.0,46.0,880.0,214.0,94.0,426.0,192.0,2226.0,4245
354105,2012,2.0,0.0,2.0,1.0,1.0,9.0,5.0,3.0,6.0,3.0,35.0,65
354105,2013,0.0,0.0,0.0,0.0,0.0,0.0,0.0,0.0,0.0,0.0,35.0,69
354105,2014,6.0,1.0,2.0,2.0,1.0,10.0,2.0,3.0,8.0,2.0,37.0,91
354105,2015,2.0,1.0,0.0,1.0,0.0,12.0,0.0,1.0,9.0,3.0,29.0,68
354105,2016,5.0,0.0,0.0,0.0,1.0,9.0,5.0,3.0,10.0,4.0,40.0,84
354105,2017,3.0,0.0,0.0,0.0,2.0,14.0,2.0,2.0,8.0,2.0,33.0,81
354105,2018,0.0,1.0,0.0,1.0,0.0,13.0,5.0,0.0,6.0,4.0,30.0,70
354105,2019,4.0,0.0,0.0,0.0,2.0,9.0,6.0,1.0,13.0,4.0,39.0,80
354110,2012,4.0,0.0,0.0,0.0,2.0,10.0,4.0,1.0,3.0,1.0,42.0,56
354110,2013,0.0,0.0,0.0,0.0,0.0,0.0,0.0,0.0,0.0,0.0,30.0,53
354110,2014,2.0,0.0,0.0,1.0,1.0,10.0,3.0,2.0,5.0,4.0,28.0,55
354110,2015,4.0,0.0,0.0,1.0,1.0,17.0,4.0,0.0,7.0,2.0,37.0,54
354110,2016,4.0,0.0,2.0,0.0,1.0,9.0,1.0,1.0,3.0,1.0,22.0,39
354110,2017,2.0,0.0,0.0,0.0,1.0,10.0,4.0,1.0,8.0,2.0,28.0,45
354110,2018,5.0,0.0,0.0,0.0,0.0,13.0,3.0,2.0,6.0,3.0,32.0,50
354110,2019,4.0,0.0,1.0,0.0,0.0,3.0,0.0,1.0,6.0,1.0,16.0,35
354120,2012,6.0,0.0,0.0,4.0,1.0,16.0,1.0,0.0,28.0,7.0,100.0,124
354120,2013,0.0,0.0,0.0,0.0,0.0,0.0,0.0,0.0,0.0,0.0,93.0,114
354120,2014,8.0,0.0,0.0,1.0,4.0,33.0,10.0,7.0,19.0,16.0,115.0,137
354120,2015,8.0,0.0,4.0,6.0,3.0,45.0,4.0,10.0,22.0,14.0,122.0,144
354120,2016,7.0,1.0,0.0,2.0,2.0,31.0,3.0,3.0,25.0,14.0,92.0,115
354120,2017,6.0,0.0,3.0,1.0,3.0,47.0,8.0,3.0,25.0,14.0,113.0,132
354120,2018,11.0,0.0,2.0,3.0,4.0,40.0,7.0,3.0,27.0,6.0,104.0,136
354120,2019,9.0,0.0,0.0,3.0,1.0,40.0,3.0,3.0,21.0,11.0,93.0,112
354130,2012,34.0,1.0,6.0,1.0,8.0,138.0,9.0,32.0,34.0,111.0,401.0,504
354130,2013,0.0,0.0,0.0,0.0,0.0,0.0,0.0,0.0,0.0,0.0,475.0,554
354130,2014,25.0,0.0,8.0,9.0,3.0,171.0,4.0,65.0,32.0,120.0,444.0,536
354130,2015,18.0,1.0,6.0,5.0,7.0,182.0,7.0,46.0,11.0,136.0,423.0,556
354130,2016,14.0,0.0,15.0,5.0,8.0,201.0,5.0,47.0,16.0,142.0,467.0,587
354130,2017,25.0,1.0,10.0,10.0,12.0,174.0,14.0,36.0,27.0,138.0,448.0,535
354130,2018,32.0,0.0,8.0,10.0,9.0,168.0,10.0,38.0,15.0,105.0,395.0,504
354130,2019,20.0,0.0,11.0,6.0,3.0,160.0,4.0,38.0,14.0,97.0,354.0,451
354140,2012,135.0,2.0,53.0,21.0,24.0,369.0,47.0,26.0,301.0,172.0,2168.0,2632
354140,2013,0.0,0.0,0.0,0.0,0.0,0.0,0.0,0.0,0.0,0.0,2070.0,2658
354140,2014,193.0,3.0,61.0,35.0,33.0,799.0,110.0,79.0,446.0,330.0,2142.0,2880
354140,2015,173.0,5.0,69.0,48.0,57.0,860.0,89.0,116.0,340.0,456.0,2225.0,2903
354140,2016,202.0,4.0,79.0,54.0,38.0,803.0,109.0,105.0,444.0,398.0,2239.0,2875
354140,2017,225.0,0.0,78.0,51.0,47.0,911.0,138.0,66.0,559.0,277.0,2353.0,3038
354140,2018,204.0,4.0,93.0,59.0,52.0,840.0,120.0,53.0,453.0,191.0,2069.0,2988
354140,2019,221.0,3.0,60.0,48.0,48.0,868.0,123.0,46.0,447.0,202.0,2067.0,2770
354150,2012,35.0,0.0,0.0,1.0,1.0,103.0,3.0,24.0,24.0,121.0,345.0,434
354150,2013,0.0,0.0,0.0,0.0,0.0,0.0,0.0,0.0,0.0,0.0,310.0,400
354150,2014,32.0,0.0,10.0,1.0,0.0,119.0,3.0,47.0,15.0,131.0,361.0,443
354150,2015,25.0,1.0,10.0,3.0,4.0,111.0,5.0,34.0,14.0,149.0,357.0,431
354150,2016,19.0,0.0,7.0,2.0,1.0,134.0,3.0,49.0,18.0,109.0,343.0,401
354150,2017,33.0,0.0,13.0,3.0,1.0,116.0,4.0,40.0,14.0,136.0,360.0,424
354150,2018,12.0,0.0,8.0,3.0,5.0,164.0,3.0,32.0,17.0,94.0,338.0,404
354150,2019,12.0,0.0,3.0,4.0,5.0,126.0,3.0,30.0,9.0,100.0,292.0,370
354160,2012,48.0,0.0,9.0,5.0,3.0,99.0,17.0,14.0,68.0,65.0,408.0,494
354160,2013,0.0,0.0,0.0,0.0,0.0,0.0,0.0,0.0,0.0,0.0,413.0,480
354160,2014,43.0,0.0,10.0,12.0,7.0,118.0,27.0,13.0,90.0,48.0,407.0,488
354160,2015,34.0,0.0,20.0,6.0,6.0,154.0,23.0,11.0,71.0,51.0,394.0,498
354160,2016,29.0,0.0,8.0,4.0,2.0,128.0,16.0,15.0,70.0,14.0,296.0,439
354160,2017,33.0,0.0,12.0,4.0,4.0,143.0,16.0,6.0,79.0,28.0,325.0,423
354160,2018,32.0,0.0,8.0,5.0,3.0,140.0,24.0,13.0,66.0,36.0,327.0,435
354160,2019,35.0,0.0,12.0,7.0,3.0,135.0,20.0,8.0,60.0,24.0,304.0,428
354165,2012,2.0,0.0,0.0,1.0,0.0,5.0,0.0,2.0,3.0,2.0,20.0,38
354165,2013,0.0,0.0,0.0,0.0,0.0,0.0,0.0,0.0,0.0,0.0,22.0,40
354165,2014,1.0,1.0,2.0,1.0,0.0,7.0,2.0,2.0,7.0,0.0,23.0,32
354165,2015,3.0,0.0,0.0,1.0,0.0,11.0,4.0,0.0,6.0,0.0,25.0,43
354165,2016,3.0,0.0,0.0,2.0,1.0,19.0,2.0,0.0,4.0,2.0,33.0,59
354165,2017,4.0,0.0,2.0,1.0,1.0,12.0,2.0,2.0,3.0,5.0,32.0,52
354165,2018,0.0,0.0,0.0,0.0,0.0,14.0,1.0,4.0,1.0,6.0,26.0,43
354165,2019,0.0,0.0,0.0,2.0,0.0,9.0,3.0,2.0,4.0,5.0,25.0,44
354170,2012,6.0,0.0,0.0,4.0,2.0,16.0,9.0,2.0,19.0,6.0,124.0,181
354170,2013,0.0,0.0,0.0,0.0,0.0,0.0,0.0,0.0,0.0,0.0,113.0,159
354170,2014,16.0,0.0,6.0,3.0,2.0,43.0,13.0,7.0,32.0,17.0,142.0,190
354170,2015,13.0,0.0,2.0,3.0,6.0,51.0,16.0,8.0,29.0,21.0,150.0,190
354170,2016,11.0,0.0,8.0,1.0,3.0,40.0,17.0,2.0,37.0,8.0,127.0,162
354170,2017,12.0,0.0,2.0,1.0,2.0,55.0,9.0,2.0,27.0,4.0,114.0,149
354170,2018,9.0,0.0,0.0,3.0,2.0,60.0,14.0,4.0,22.0,6.0,120.0,160
354170,2019,8.0,0.0,2.0,4.0,3.0,54.0,15.0,3.0,38.0,9.0,136.0,178
354180,2012,1.0,0.0,0.0,0.0,1.0,7.0,2.0,1.0,9.0,3.0,38.0,49
354180,2013,0.0,0.0,0.0,0.0,0.0,0.0,0.0,0.0,0.0,0.0,32.0,45
354180,2014,1.0,0.0,0.0,2.0,0.0,10.0,3.0,2.0,5.0,1.0,24.0,33
354180,2015,3.0,0.0,0.0,0.0,1.0,12.0,6.0,3.0,9.0,5.0,39.0,44
354180,2016,4.0,0.0,0.0,1.0,0.0,16.0,5.0,1.0,11.0,1.0,39.0,51
354180,2017,2.0,0.0,0.0,0.0,1.0,19.0,1.0,1.0,9.0,3.0,36.0,56
354180,2018,3.0,0.0,0.0,2.0,0.0,18.0,2.0,1.0,9.0,7.0,42.0,58
354180,2019,3.0,0.0,4.0,0.0,0.0,12.0,2.0,0.0,4.0,4.0,29.0,44
354190,2012,3.0,0.0,0.0,0.0,3.0,11.0,2.0,2.0,10.0,6.0,61.0,130
354190,2013,0.0,0.0,0.0,0.0,0.0,0.0,0.0,0.0,0.0,0.0,72.0,121
354190,2014,3.0,0.0,4.0,2.0,0.0,13.0,5.0,3.0,11.0,16.0,57.0,109
354190,2015,7.0,0.0,2.0,1.0,1.0,19.0,7.0,5.0,15.0,10.0,73.0,123
354190,2016,8.0,0.0,2.0,3.0,3.0,30.0,7.0,5.0,15.0,12.0,86.0,135
354190,2017,7.0,1.0,2.0,0.0,0.0,26.0,7.0,9.0,10.0,12.0,74.0,111
354190,2018,7.0,0.0,0.0,0.0,1.0,29.0,8.0,7.0,18.0,16.0,88.0,125
354190,2019,4.0,0.0,2.0,1.0,3.0,23.0,5.0,5.0,14.0,13.0,70.0,105
354200,2012,1.0,0.0,0.0,0.0,0.0,0.0,1.0,0.0,0.0,0.0,46.0,59
354200,2013,0.0,0.0,0.0,0.0,0.0,0.0,0.0,0.0,0.0,0.0,58.0,76
354200,2014,7.0,0.0,2.0,2.0,3.0,15.0,3.0,1.0,17.0,4.0,66.0,88
354200,2015,6.0,0.0,0.0,2.0,0.0,21.0,1.0,1.0,18.0,3.0,57.0,77
354200,2016,7.0,0.0,0.0,0.0,0.0,18.0,8.0,2.0,14.0,11.0,61.0,81
354200,2017,6.0,0.0,2.0,1.0,2.0,25.0,3.0,4.0,13.0,8.0,64.0,85
354200,2018,8.0,0.0,0.0,1.0,5.0,17.0,6.0,3.0,12.0,6.0,58.0,95
354200,2019,12.0,1.0,2.0,2.0,2.0,26.0,4.0,2.0,10.0,5.0,66.0,89
354210,2012,9.0,0.0,0.0,4.0,3.0,29.0,4.0,0.0,18.0,5.0,94.0,117
354210,2013,0.0,0.0,0.0,0.0,0.0,0.0,0.0,0.0,0.0,0.0,66.0,88
354210,2014,11.0,0.0,0.0,1.0,1.0,38.0,8.0,1.0,34.0,4.0,98.0,116
354210,2015,7.0,0.0,2.0,3.0,1.0,20.0,7.0,0.0,28.0,5.0,73.0,101
354210,2016,2.0,0.0,0.0,2.0,1.0,20.0,9.0,7.0,21.0,2.0,64.0,88
354210,2017,7.0,0.0,0.0,1.0,0.0,38.0,9.0,3.0,19.0,5.0,82.0,108
354210,2018,6.0,0.0,2.0,1.0,1.0,36.0,6.0,5.0,24.0,5.0,86.0,110
354210,2019,2.0,0.0,5.0,0.0,2.0,31.0,11.0,3.0,25.0,7.0,86.0,114
354220,2012,16.0,0.0,4.0,5.0,4.0,57.0,7.0,5.0,63.0,30.0,238.0,388
354220,2013,0.0,0.0,0.0,0.0,0.0,0.0,0.0,0.0,0.0,0.0,259.0,387
354220,2014,15.0,1.0,1.0,2.0,5.0,113.0,29.0,9.0,85.0,16.0,277.0,391
354220,2015,16.0,1.0,5.0,6.0,5.0,78.0,32.0,14.0,73.0,26.0,257.0,366
354220,2016,29.0,0.0,14.0,13.0,4.0,107.0,28.0,18.0,75.0,22.0,310.0,438
354220,2017,16.0,0.0,14.0,8.0,4.0,100.0,28.0,9.0,91.0,14.0,284.0,392
354220,2018,23.0,1.0,12.0,6.0,7.0,127.0,20.0,8.0,73.0,9.0,286.0,402
354220,2019,19.0,0.0,1.0,5.0,6.0,116.0,34.0,7.0,68.0,14.0,271.0,364
354230,2012,4.0,0.0,2.0,0.0,0.0,7.0,0.0,0.0,5.0,5.0,29.0,51
354230,2013,0.0,0.0,0.0,0.0,0.0,0.0,0.0,0.0,0.0,0.0,21.0,40
354230,2014,1.0,0.0,0.0,2.0,0.0,8.0,1.0,0.0,5.0,2.0,19.0,43
354230,2015,5.0,0.0,0.0,3.0,0.0,6.0,1.0,1.0,4.0,2.0,22.0,41
354230,2016,6.0,0.0,0.0,0.0,0.0,8.0,1.0,0.0,8.0,3.0,26.0,48
354230,2017,2.0,0.0,0.0,1.0,0.0,14.0,2.0,0.0,7.0,1.0,27.0,50
354230,2018,3.0,1.0,1.0,2.0,0.0,5.0,2.0,1.0,5.0,1.0,21.0,47
354230,2019,4.0,1.0,0.0,0.0,1.0,8.0,1.0,1.0,5.0,3.0,24.0,51
354240,2012,8.0,0.0,2.0,1.0,0.0,24.0,3.0,4.0,17.0,8.0,171.0,228
354240,2013,0.0,0.0,0.0,0.0,0.0,0.0,0.0,0.0,0.0,0.0,163.0,224
354240,2014,13.0,1.0,9.0,4.0,2.0,65.0,10.0,5.0,32.0,24.0,197.0,259
354240,2015,14.0,0.0,5.0,2.0,3.0,71.0,11.0,9.0,45.0,20.0,181.0,239
354240,2016,15.0,1.0,4.0,4.0,10.0,54.0,15.0,2.0,46.0,19.0,172.0,233
354240,2017,18.0,1.0,3.0,5.0,4.0,61.0,24.0,5.0,48.0,14.0,183.0,248
354240,2018,22.0,0.0,4.0,8.0,5.0,70.0,6.0,4.0,31.0,18.0,168.0,230
354240,2019,17.0,0.0,9.0,3.0,4.0,67.0,6.0,6.0,28.0,20.0,160.0,223
354250,2012,2.0,0.0,0.0,0.0,0.0,11.0,2.0,0.0,5.0,0.0,40.0,57
354250,2013,0.0,0.0,0.0,0.0,0.0,0.0,0.0,0.0,0.0,0.0,45.0,74
354250,2014,9.0,0.0,0.0,2.0,2.0,10.0,1.0,3.0,9.0,3.0,43.0,65
354250,2015,4.0,0.0,2.0,2.0,2.0,13.0,4.0,0.0,17.0,1.0,46.0,63
354250,2016,2.0,0.0,2.0,2.0,1.0,10.0,0.0,2.0,11.0,2.0,36.0,61
354250,2017,1.0,0.0,2.0,2.0,0.0,18.0,2.0,2.0,12.0,1.0,40.0,66
354250,2018,0.0,0.0,2.0,0.0,0.0,14.0,1.0,1.0,7.0,3.0,28.0,43
354250,2019,3.0,1.0,0.0,0.0,0.0,7.0,1.0,0.0,11.0,1.0,24.0,44
354260,2012,14.0,0.0,2.0,7.0,5.0,48.0,21.0,5.0,62.0,20.0,383.0,854
354260,2013,0.0,0.0,0.0,0.0,0.0,0.0,0.0,0.0,0.0,0.0,400.0,901
354260,2014,21.0,1.0,18.0,16.0,15.0,142.0,26.0,27.0,67.0,69.0,402.0,947
354260,2015,15.0,1.0,20.0,21.0,13.0,148.0,23.0,20.0,78.0,74.0,415.0,954
354260,2016,20.0,3.0,18.0,17.0,13.0,139.0,32.0,15.0,86.0,53.0,396.0,856
354260,2017,17.0,0.0,10.0,21.0,6.0,118.0,32.0,15.0,74.0,31.0,324.0,793
354260,2018,25.0,0.0,12.0,12.0,15.0,128.0,44.0,13.0,71.0,21.0,342.0,857
354260,2019,35.0,5.0,13.0,15.0,14.0,114.0,41.0,10.0,104.0,30.0,382.0,879
354270,2012,2.0,0.0,0.0,0.0,2.0,15.0,3.0,0.0,13.0,3.0,44.0,99
354270,2013,0.0,0.0,0.0,0.0,0.0,0.0,0.0,0.0,0.0,0.0,63.0,111
354270,2014,5.0,0.0,0.0,3.0,0.0,18.0,11.0,3.0,15.0,3.0,60.0,114
354270,2015,2.0,0.0,2.0,5.0,3.0,17.0,15.0,3.0,15.0,4.0,66.0,113
354270,2016,5.0,0.0,6.0,2.0,1.0,11.0,8.0,2.0,16.0,8.0,59.0,98
354270,2017,5.0,0.0,2.0,2.0,1.0,36.0,7.0,1.0,13.0,6.0,74.0,114
354270,2018,3.0,0.0,6.0,3.0,1.0,17.0,11.0,4.0,19.0,4.0,69.0,105
354270,2019,6.0,0.0,2.0,1.0,0.0,27.0,5.0,2.0,11.0,3.0,58.0,87
354280,2012,3.0,0.0,0.0,1.0,0.0,1.0,1.0,1.0,3.0,2.0,18.0,29
354280,2013,0.0,0.0,0.0,0.0,0.0,0.0,0.0,0.0,0.0,0.0,27.0,43
354280,2014,1.0,0.0,1.0,0.0,0.0,5.0,2.0,1.0,9.0,5.0,24.0,47
354280,2015,0.0,0.0,0.0,0.0,1.0,6.0,4.0,0.0,6.0,3.0,20.0,44
354280,2016,1.0,1.0,0.0,0.0,0.0,8.0,3.0,2.0,2.0,2.0,19.0,35
354280,2017,3.0,0.0,0.0,0.0,0.0,11.0,3.0,1.0,0.0,8.0,26.0,43
354280,2018,0.0,0.0,0.0,0.0,2.0,15.0,1.0,0.0,0.0,5.0,23.0,33
354280,2019,2.0,0.0,0.0,1.0,0.0,14.0,3.0,2.0,4.0,6.0,32.0,41
354290,2012,16.0,0.0,4.0,1.0,3.0,45.0,1.0,20.0,12.0,56.0,158.0,191
354290,2013,0.0,0.0,0.0,0.0,0.0,0.0,0.0,0.0,0.0,0.0,138.0,162
354290,2014,19.0,0.0,3.0,2.0,1.0,43.0,6.0,18.0,17.0,37.0,147.0,165
354290,2015,12.0,0.0,2.0,2.0,0.0,57.0,2.0,20.0,8.0,39.0,143.0,166
354290,2016,9.0,0.0,2.0,3.0,0.0,58.0,2.0,14.0,7.0,37.0,134.0,159
354290,2017,5.0,1.0,2.0,5.0,1.0,53.0,0.0,8.0,9.0,31.0,117.0,141
354290,2018,1.0,1.0,4.0,4.0,2.0,59.0,3.0,13.0,8.0,25.0,122.0,159
354290,2019,5.0,0.0,3.0,2.0,1.0,63.0,1.0,12.0,10.0,25.0,123.0,158
354300,2012,11.0,0.0,2.0,4.0,1.0,26.0,8.0,0.0,44.0,2.0,100.0,248
354300,2013,0.0,0.0,0.0,0.0,0.0,0.0,0.0,0.0,0.0,0.0,133.0,273
354300,2014,9.0,0.0,2.0,1.0,2.0,36.0,14.0,3.0,50.0,19.0,137.0,302
354300,2015,6.0,0.0,0.0,1.0,2.0,37.0,17.0,3.0,37.0,9.0,113.0,304
354300,2016,4.0,0.0,8.0,4.0,1.0,41.0,14.0,1.0,32.0,6.0,111.0,261
354300,2017,11.0,2.0,4.0,9.0,4.0,40.0,10.0,2.0,35.0,3.0,120.0,267
354300,2018,8.0,0.0,5.0,5.0,4.0,70.0,11.0,3.0,43.0,5.0,154.0,320
354300,2019,7.0,0.0,1.0,4.0,2.0,64.0,14.0,3.0,31.0,8.0,134.0,287
354310,2012,4.0,0.0,2.0,0.0,2.0,14.0,2.0,2.0,11.0,4.0,50.0,82
354310,2013,0.0,0.0,0.0,0.0,0.0,0.0,0.0,0.0,0.0,0.0,43.0,67
354310,2014,3.0,0.0,4.0,2.0,2.0,15.0,3.0,0.0,17.0,2.0,48.0,74
354310,2015,5.0,0.0,2.0,2.0,0.0,12.0,2.0,0.0,9.0,0.0,33.0,54
354310,2016,1.0,0.0,2.0,1.0,0.0,20.0,4.0,0.0,17.0,2.0,47.0,66
354310,2017,0.0,0.0,1.0,2.0,0.0,13.0,4.0,2.0,7.0,5.0,34.0,49
354310,2018,3.0,0.0,0.0,1.0,0.0,12.0,3.0,1.0,11.0,3.0,34.0,62
354310,2019,1.0,0.0,2.0,0.0,1.0,23.0,6.0,0.0,12.0,4.0,49.0,78
354320,2012,3.0,0.0,0.0,0.0,1.0,6.0,1.0,0.0,3.0,2.0,41.0,63
354320,2013,0.0,0.0,0.0,0.0,0.0,0.0,0.0,0.0,0.0,0.0,32.0,43
354320,2014,0.0,0.0,0.0,0.0,0.0,2.0,2.0,0.0,0.0,2.0,38.0,56
354320,2015,1.0,0.0,2.0,0.0,1.0,5.0,1.0,2.0,1.0,1.0,29.0,51
354320,2016,1.0,0.0,2.0,0.0,0.0,18.0,4.0,2.0,14.0,4.0,45.0,58
354320,2017,0.0,0.0,1.0,1.0,1.0,14.0,3.0,2.0,3.0,5.0,30.0,45
354320,2018,2.0,0.0,2.0,2.0,0.0,16.0,1.0,0.0,2.0,6.0,31.0,42
354320,2019,2.0,0.0,2.0,3.0,1.0,18.0,2.0,2.0,7.0,4.0,41.0,55
354323,2012,0.0,0.0,0.0,0.0,0.0,4.0,0.0,1.0,0.0,0.0,12.0,15
354323,2013,0.0,0.0,0.0,0.0,0.0,0.0,0.0,0.0,0.0,0.0,17.0,21
354323,2014,0.0,0.0,0.0,0.0,0.0,5.0,1.0,1.0,4.0,0.0,12.0,16
354323,2015,0.0,0.0,0.0,0.0,0.0,4.0,0.0,0.0,2.0,2.0,9.0,12
354323,2016,2.0,0.0,0.0,1.0,0.0,4.0,0.0,0.0,2.0,2.0,12.0,19
354323,2017,4.0,0.0,0.0,0.0,0.0,5.0,2.0,0.0,8.0,0.0,19.0,22
354323,2018,0.0,0.0,0.0,0.0,1.0,6.0,1.0,0.0,1.0,3.0,12.0,21
354323,2019,2.0,0.0,0.0,1.0,1.0,6.0,0.0,0.0,6.0,1.0,17.0,22
354325,2012,7.0,0.0,0.0,0.0,1.0,23.0,8.0,6.0,13.0,11.0,76.0,116
354325,2013,0.0,0.0,0.0,0.0,0.0,0.0,0.0,0.0,0.0,0.0,86.0,109
354325,2014,3.0,0.0,6.0,3.0,2.0,23.0,5.0,2.0,28.0,5.0,77.0,102
354325,2015,1.0,0.0,0.0,2.0,1.0,20.0,7.0,1.0,16.0,4.0,52.0,88
354325,2016,1.0,0.0,0.0,0.0,2.0,26.0,8.0,4.0,10.0,12.0,63.0,100
354325,2017,1.0,0.0,2.0,2.0,2.0,23.0,4.0,10.0,5.0,16.0,65.0,87
354325,2018,1.0,0.0,2.0,1.0,3.0,22.0,1.0,8.0,5.0,13.0,56.0,90
354325,2019,0.0,1.0,0.0,3.0,2.0,33.0,3.0,5.0,12.0,10.0,69.0,100
354330,2012,110.0,0.0,34.0,18.0,19.0,378.0,45.0,12.0,392.0,79.0,1134.0,1488
354330,2013,0.0,0.0,0.0,0.0,0.0,0.0,0.0,0.0,0.0,0.0,1094.0,1444
354330,2014,87.0,4.0,27.0,15.0,20.0,334.0,93.0,32.0,318.0,75.0,1028.0,1404
354330,2015,92.0,1.0,26.0,20.0,17.0,353.0,84.0,25.0,302.0,97.0,1036.0,1441
354330,2016,85.0,0.0,27.0,22.0,20.0,360.0,94.0,29.0,259.0,55.0,952.0,1327
354330,2017,70.0,1.0,23.0,16.0,18.0,339.0,84.0,28.0,242.0,59.0,880.0,1311
354330,2018,81.0,0.0,24.0,13.0,15.0,354.0,63.0,24.0,202.0,63.0,839.0,1374
354330,2019,79.0,9.0,39.0,28.0,18.0,319.0,56.0,17.0,196.0,73.0,841.0,1432
354340,2012,514.0,23.0,171.0,122.0,172.0,1468.0,190.0,114.0,1387.0,746.0,5032.0,8272
354340,2013,0.0,0.0,0.0,0.0,0.0,0.0,0.0,0.0,0.0,0.0,4857.0,8210
354340,2014,353.0,13.0,174.0,132.0,159.0,1549.0,368.0,154.0,1394.0,511.0,4911.0,8628
354340,2015,350.0,18.0,160.0,147.0,158.0,1629.0,319.0,201.0,1179.0,668.0,4896.0,8834
354340,2016,318.0,10.0,131.0,154.0,121.0,1441.0,262.0,161.0,916.0,660.0,4223.0,8037
354340,2017,306.0,18.0,185.0,126.0,146.0,1480.0,285.0,210.0,885.0,796.0,4464.0,8378
354340,2018,332.0,16.0,169.0,139.0,167.0,1598.0,322.0,213.0,939.0,740.0,4650.0,8404
354340,2019,355.0,19.0,172.0,153.0,170.0,1553.0,355.0,204.0,925.0,683.0,4612.0,8153
354350,2012,3.0,0.0,0.0,0.0,0.0,16.0,3.0,1.0,11.0,0.0,35.0,70
354350,2013,0.0,0.0,0.0,0.0,0.0,0.0,0.0,0.0,0.0,0.0,37.0,68
354350,2014,3.0,2.0,2.0,1.0,0.0,18.0,2.0,0.0,9.0,0.0,37.0,70
354350,2015,3.0,0.0,1.0,1.0,2.0,17.0,7.0,1.0,10.0,4.0,46.0,83
354350,2016,3.0,0.0,0.0,3.0,0.0,22.0,1.0,0.0,12.0,1.0,43.0,82
354350,2017,4.0,0.0,0.0,0.0,0.0,19.0,1.0,1.0,9.0,4.0,38.0,63
354350,2018,3.0,0.0,2.0,3.0,0.0,11.0,1.0,1.0,8.0,3.0,32.0,64
354350,2019,3.0,0.0,0.0,0.0,0.0,17.0,4.0,3.0,7.0,5.0,39.0,81
354360,2012,0.0,17.0,0.0,0.0,1.0,2.0,2.0,0.0,6.0,0.0,36.0,49
354360,2013,0.0,0.0,0.0,0.0,0.0,0.0,0.0,0.0,0.0,0.0,26.0,36
354360,2014,2.0,17.0,0.0,0.0,0.0,3.0,0.0,0.0,3.0,0.0,27.0,43
354360,2015,2.0,17.0,0.0,0.0,0.0,4.0,0.0,0.0,3.0,3.0,30.0,40
354360,2016,1.0,18.0,0.0,1.0,1.0,5.0,0.0,0.0,2.0,3.0,31.0,34
354360,2017,1.0,32.0,2.0,0.0,0.0,3.0,1.0,0.0,0.0,2.0,41.0,46
354360,2018,1.0,27.0,0.0,0.0,0.0,3.0,0.0,1.0,1.0,2.0,35.0,39
354360,2019,3.0,27.0,4.0,2.0,1.0,6.0,1.0,0.0,6.0,0.0,50.0,56
354370,2012,9.0,0.0,3.0,2.0,2.0,39.0,6.0,1.0,27.0,6.0,102.0,143
354370,2013,0.0,0.0,0.0,0.0,0.0,0.0,0.0,0.0,0.0,0.0,102.0,139
354370,2014,10.0,0.0,2.0,4.0,0.0,38.0,6.0,1.0,23.0,4.0,88.0,131
354370,2015,7.0,0.0,2.0,5.0,4.0,45.0,4.0,2.0,15.0,5.0,89.0,134
354370,2016,2.0,1.0,2.0,0.0,0.0,34.0,1.0,0.0,13.0,5.0,65.0,116
354370,2017,7.0,1.0,4.0,4.0,2.0,40.0,3.0,6.0,20.0,2.0,89.0,129
354370,2018,8.0,0.0,4.0,1.0,1.0,37.0,7.0,0.0,20.0,4.0,82.0,121
354370,2019,6.0,0.0,2.0,5.0,2.0,26.0,5.0,0.0,14.0,5.0,65.0,106
354380,2012,0.0,0.0,1.0,0.0,0.0,0.0,0.0,0.0,1.0,1.0,54.0,110
354380,2013,0.0,0.0,0.0,0.0,0.0,0.0,0.0,0.0,0.0,0.0,47.0,98
354380,2014,12.0,1.0,2.0,1.0,3.0,21.0,6.0,1.0,13.0,8.0,72.0,111
354380,2015,4.0,0.0,0.0,2.0,1.0,19.0,5.0,1.0,14.0,10.0,56.0,110
354380,2016,5.0,0.0,0.0,1.0,1.0,16.0,11.0,3.0,15.0,6.0,58.0,89
354380,2017,1.0,0.0,5.0,0.0,1.0,27.0,4.0,3.0,17.0,7.0,65.0,105
354380,2018,5.0,0.0,0.0,2.0,1.0,18.0,9.0,5.0,19.0,10.0,70.0,100
354380,2019,5.0,0.0,2.0,1.0,3.0,25.0,11.0,3.0,17.0,9.0,76.0,97
354390,2012,214.0,7.0,39.0,22.0,48.0,425.0,91.0,35.0,506.0,180.0,1949.0,2518
354390,2013,0.0,0.0,0.0,0.0,0.0,0.0,0.0,0.0,0.0,0.0,1827.0,2334
354390,2014,167.0,5.0,50.0,34.0,35.0,537.0,170.0,59.0,503.0,151.0,1951.0,2541
354390,2015,172.0,2.0,73.0,52.0,62.0,551.0,133.0,49.0,477.0,150.0,1990.0,2575
354390,2016,157.0,3.0,51.0,94.0,74.0,558.0,155.0,60.0,495.0,169.0,1849.0,2437
354390,2017,168.0,8.0,53.0,25.0,24.0,625.0,152.0,62.0,461.0,209.0,1788.0,2371
354390,2018,152.0,5.0,72.0,37.0,42.0,664.0,149.0,80.0,475.0,202.0,1887.0,2492
354390,2019,146.0,1.0,61.0,37.0,32.0,710.0,180.0,62.0,479.0,191.0,1908.0,2522
354400,2012,18.0,0.0,6.0,3.0,3.0,91.0,23.0,2.0,88.0,14.0,299.0,429
354400,2013,0.0,0.0,0.0,0.0,0.0,0.0,0.0,0.0,0.0,0.0,344.0,467
354400,2014,33.0,0.0,8.0,6.0,10.0,103.0,43.0,1.0,104.0,9.0,323.0,447
354400,2015,24.0,1.0,8.0,6.0,7.0,119.0,44.0,9.0,95.0,14.0,329.0,449
354400,2016,23.0,0.0,12.0,5.0,4.0,100.0,30.0,6.0,95.0,18.0,293.0,392
354400,2017,27.0,0.0,12.0,5.0,4.0,113.0,29.0,5.0,84.0,19.0,299.0,388
354400,2018,24.0,0.0,14.0,8.0,14.0,136.0,31.0,6.0,103.0,18.0,355.0,439
354400,2019,16.0,0.0,2.0,9.0,7.0,118.0,19.0,5.0,70.0,29.0,275.0,407
354410,2012,43.0,0.0,12.0,9.0,10.0,162.0,24.0,1.0,133.0,35.0,456.0,710
354410,2013,0.0,0.0,0.0,0.0,0.0,0.0,0.0,0.0,0.0,0.0,402.0,617
354410,2014,38.0,2.0,13.0,8.0,7.0,182.0,38.0,20.0,103.0,35.0,454.0,663
354410,2015,37.0,1.0,15.0,10.0,5.0,153.0,33.0,19.0,101.0,56.0,434.0,706
354410,2016,35.0,0.0,9.0,9.0,3.0,134.0,29.0,15.0,107.0,26.0,368.0,601
354410,2017,36.0,2.0,6.0,10.0,9.0,152.0,39.0,18.0,81.0,32.0,386.0,625
354410,2018,33.0,1.0,4.0,8.0,7.0,135.0,21.0,10.0,67.0,26.0,312.0,547
354410,2019,31.0,0.0,12.0,6.0,5.0,112.0,32.0,10.0,65.0,20.0,300.0,501
354420,2012,6.0,0.0,0.0,3.0,0.0,16.0,5.0,2.0,12.0,5.0,120.0,156
354420,2013,0.0,0.0,0.0,0.0,0.0,0.0,0.0,0.0,0.0,0.0,106.0,133
354420,2014,5.0,0.0,4.0,1.0,0.0,25.0,5.0,3.0,12.0,8.0,104.0,135
354420,2015,2.0,0.0,0.0,1.0,0.0,22.0,9.0,1.0,28.0,6.0,121.0,141
354420,2016,8.0,0.0,0.0,2.0,1.0,34.0,9.0,5.0,24.0,15.0,98.0,110
354420,2017,9.0,0.0,2.0,0.0,0.0,33.0,1.0,5.0,22.0,16.0,88.0,110
354420,2018,9.0,0.0,0.0,0.0,1.0,49.0,7.0,10.0,12.0,18.0,106.0,123
354420,2019,1.0,0.0,0.0,2.0,0.0,43.0,8.0,8.0,15.0,14.0,91.0,110
354425,2012,12.0,1.0,0.0,3.0,2.0,44.0,9.0,5.0,32.0,22.0,154.0,234
354425,2013,0.0,0.0,0.0,0.0,0.0,0.0,0.0,0.0,0.0,0.0,159.0,251
354425,2014,8.0,3.0,4.0,6.0,3.0,48.0,17.0,16.0,33.0,28.0,173.0,242
354425,2015,8.0,0.0,9.0,5.0,9.0,53.0,18.0,12.0,35.0,16.0,170.0,252
354425,2016,9.0,1.0,4.0,5.0,3.0,67.0,15.0,5.0,54.0,26.0,191.0,277
354425,2017,19.0,0.0,4.0,5.0,4.0,60.0,25.0,6.0,46.0,12.0,181.0,230
354425,2018,12.0,1.0,6.0,2.0,2.0,61.0,21.0,3.0,46.0,5.0,159.0,218
354425,2019,8.0,0.0,6.0,2.0,2.0,63.0,26.0,6.0,29.0,16.0,159.0,204
354430,2012,8.0,0.0,0.0,0.0,1.0,19.0,2.0,4.0,24.0,10.0,104.0,128
354430,2013,0.0,0.0,0.0,0.0,0.0,0.0,0.0,0.0,0.0,0.0,125.0,155
354430,2014,10.0,1.0,1.0,5.0,2.0,33.0,6.0,4.0,20.0,14.0,100.0,127
354430,2015,7.0,1.0,2.0,2.0,3.0,48.0,3.0,6.0,25.0,16.0,115.0,143
354430,2016,4.0,2.0,0.0,0.0,4.0,46.0,4.0,4.0,15.0,11.0,90.0,131
354430,2017,9.0,3.0,2.0,1.0,2.0,48.0,5.0,2.0,29.0,3.0,105.0,133
354430,2018,9.0,0.0,0.0,2.0,2.0,45.0,8.0,1.0,25.0,7.0,100.0,135
354430,2019,7.0,0.0,3.0,3.0,1.0,54.0,9.0,1.0,30.0,1.0,109.0,142
354440,2012,3.0,1.0,0.0,0.0,0.0,2.0,0.0,0.0,3.0,3.0,14.0,24
354440,2013,0.0,0.0,0.0,0.0,0.0,0.0,0.0,0.0,0.0,0.0,17.0,27
354440,2014,4.0,1.0,4.0,1.0,1.0,13.0,2.0,1.0,2.0,3.0,32.0,47
354440,2015,2.0,0.0,0.0,0.0,0.0,8.0,2.0,4.0,4.0,2.0,22.0,42
354440,2016,2.0,0.0,2.0,0.0,0.0,5.0,0.0,1.0,2.0,3.0,15.0,32
354440,2017,0.0,0.0,0.0,2.0,0.0,14.0,1.0,2.0,6.0,3.0,28.0,35
354440,2018,0.0,0.0,0.0,0.0,1.0,10.0,2.0,0.0,4.0,5.0,22.0,42
354440,2019,0.0,0.0,4.0,0.0,0.0,6.0,0.0,3.0,4.0,2.0,19.0,21
354450,2012,0.0,0.0,0.0,0.0,0.0,0.0,2.0,0.0,3.0,0.0,13.0,17
354450,2013,0.0,0.0,0.0,0.0,0.0,0.0,0.0,0.0,0.0,0.0,21.0,25
354450,2014,3.0,1.0,1.0,1.0,2.0,11.0,1.0,0.0,7.0,0.0,28.0,34
354450,2015,1.0,0.0,2.0,0.0,0.0,10.0,3.0,0.0,6.0,0.0,22.0,29
354450,2016,1.0,0.0,0.0,0.0,1.0,3.0,2.0,0.0,4.0,0.0,11.0,23
354450,2017,3.0,0.0,2.0,0.0,0.0,5.0,1.0,1.0,5.0,0.0,17.0,25
354450,2018,2.0,2.0,0.0,1.0,0.0,21.0,3.0,0.0,10.0,3.0,42.0,53
354450,2019,4.0,0.0,0.0,0.0,0.0,14.0,1.0,0.0,10.0,0.0,29.0,32
354460,2012,4.0,0.0,4.0,0.0,0.0,14.0,1.0,1.0,5.0,8.0,40.0,55
354460,2013,0.0,0.0,0.0,0.0,0.0,0.0,0.0,0.0,0.0,0.0,38.0,50
354460,2014,0.0,0.0,0.0,0.0,0.0,23.0,0.0,4.0,7.0,4.0,41.0,56
354460,2015,2.0,0.0,0.0,0.0,1.0,16.0,4.0,1.0,13.0,9.0,48.0,59
354460,2016,6.0,0.0,4.0,0.0,0.0,17.0,4.0,1.0,9.0,1.0,42.0,61
354460,2017,4.0,0.0,0.0,1.0,0.0,11.0,0.0,0.0,13.0,7.0,36.0,56
354460,2018,8.0,0.0,4.0,2.0,0.0,18.0,2.0,2.0,8.0,5.0,49.0,64
354460,2019,7.0,0.0,2.0,1.0,1.0,17.0,3.0,1.0,9.0,4.0,45.0,57
354470,2012,0.0,1.0,0.0,0.0,0.0,0.0,0.0,0.0,0.0,0.0,28.0,32
354470,2013,0.0,0.0,0.0,0.0,0.0,0.0,0.0,0.0,0.0,0.0,26.0,37
354470,2014,4.0,0.0,2.0,1.0,1.0,4.0,1.0,4.0,3.0,5.0,25.0,31
354470,2015,4.0,0.0,0.0,1.0,0.0,12.0,1.0,1.0,1.0,8.0,28.0,30
354470,2016,4.0,0.0,0.0,0.0,1.0,7.0,0.0,2.0,4.0,6.0,24.0,25
354470,2017,1.0,0.0,0.0,0.0,1.0,8.0,1.0,1.0,2.0,6.0,20.0,26
354470,2018,1.0,0.0,0.0,1.0,0.0,15.0,0.0,3.0,2.0,5.0,27.0,33
354470,2019,2.0,0.0,0.0,0.0,1.0,13.0,0.0,4.0,0.0,8.0,28.0,28
354480,2012,3.0,0.0,0.0,1.0,1.0,14.0,2.0,0.0,12.0,4.0,53.0,58
354480,2013,0.0,0.0,0.0,0.0,0.0,0.0,0.0,0.0,0.0,0.0,60.0,71
354480,2014,9.0,0.0,4.0,0.0,0.0,20.0,3.0,0.0,12.0,2.0,50.0,60
354480,2015,10.0,0.0,2.0,1.0,0.0,23.0,6.0,0.0,16.0,2.0,60.0,70
354480,2016,6.0,0.0,2.0,3.0,1.0,13.0,2.0,0.0,12.0,4.0,43.0,57
354480,2017,2.0,0.0,2.0,2.0,2.0,25.0,3.0,0.0,14.0,2.0,52.0,60
354480,2018,3.0,0.0,2.0,0.0,1.0,23.0,6.0,1.0,11.0,0.0,47.0,65
354480,2019,2.0,0.0,0.0,1.0,1.0,22.0,2.0,0.0,11.0,2.0,41.0,53
354490,2012,5.0,0.0,0.0,1.0,2.0,12.0,1.0,3.0,3.0,8.0,122.0,140
354490,2013,0.0,0.0,0.0,0.0,0.0,0.0,0.0,0.0,0.0,0.0,117.0,149
354490,2014,7.0,1.0,0.0,5.0,6.0,31.0,6.0,0.0,27.0,12.0,100.0,120
354490,2015,9.0,0.0,2.0,1.0,2.0,32.0,9.0,0.0,24.0,14.0,97.0,120
354490,2016,8.0,0.0,0.0,2.0,0.0,43.0,8.0,2.0,20.0,7.0,90.0,121
354490,2017,14.0,0.0,9.0,4.0,4.0,33.0,9.0,2.0,30.0,9.0,115.0,133
354490,2018,8.0,1.0,4.0,2.0,2.0,47.0,5.0,2.0,27.0,10.0,109.0,131
354490,2019,13.0,0.0,6.0,1.0,1.0,28.0,10.0,3.0,25.0,12.0,101.0,113
354500,2012,10.0,0.0,2.0,6.0,3.0,14.0,3.0,4.0,8.0,8.0,105.0,212
354500,2013,0.0,0.0,0.0,0.0,0.0,0.0,0.0,0.0,0.0,0.0,102.0,204
354500,2014,11.0,0.0,0.0,0.0,0.0,33.0,14.0,2.0,26.0,4.0,95.0,189
354500,2015,6.0,1.0,0.0,0.0,0.0,35.0,11.0,2.0,41.0,5.0,101.0,181
354500,2016,4.0,0.0,6.0,3.0,0.0,40.0,11.0,1.0,35.0,6.0,106.0,204
354500,2017,8.0,0.0,7.0,1.0,0.0,31.0,16.0,2.0,24.0,6.0,95.0,188
354500,2018,8.0,0.0,5.0,0.0,0.0,54.0,10.0,1.0,25.0,8.0,111.0,218
354500,2019,7.0,1.0,4.0,1.0,0.0,52.0,8.0,1.0,20.0,6.0,100.0,212
354510,2012,1.0,0.0,0.0,0.0,0.0,0.0,0.0,1.0,0.0,1.0,38.0,55
354510,2013,0.0,0.0,0.0,0.0,0.0,0.0,0.0,0.0,0.0,0.0,49.0,60
354510,2014,5.0,1.0,1.0,0.0,2.0,10.0,1.0,0.0,7.0,13.0,40.0,46
354510,2015,5.0,0.0,2.0,0.0,0.0,11.0,1.0,5.0,4.0,12.0,40.0,46
354510,2016,3.0,0.0,4.0,2.0,1.0,23.0,0.0,5.0,0.0,8.0,46.0,63
354510,2017,3.0,1.0,4.0,3.0,0.0,18.0,1.0,5.0,3.0,21.0,59.0,74
354510,2018,2.0,0.0,2.0,0.0,1.0,24.0,2.0,3.0,1.0,25.0,60.0,69
354510,2019,5.0,0.0,0.0,0.0,1.0,28.0,1.0,10.0,2.0,20.0,67.0,76
354515,2012,6.0,0.0,2.0,1.0,2.0,18.0,0.0,1.0,31.0,0.0,66.0,93
354515,2013,0.0,0.0,0.0,0.0,0.0,0.0,0.0,0.0,0.0,0.0,65.0,86
354515,2014,6.0,0.0,0.0,2.0,1.0,20.0,7.0,0.0,20.0,4.0,61.0,86
354515,2015,5.0,0.0,4.0,0.0,1.0,33.0,7.0,0.0,31.0,4.0,85.0,116
354515,2016,5.0,0.0,0.0,0.0,5.0,24.0,6.0,0.0,20.0,2.0,62.0,76
354515,2017,5.0,0.0,0.0,4.0,2.0,23.0,4.0,1.0,31.0,1.0,71.0,93
354515,2018,6.0,0.0,2.0,4.0,1.0,16.0,5.0,0.0,28.0,3.0,65.0,91
354515,2019,2.0,1.0,4.0,3.0,3.0,23.0,11.0,1.0,16.0,4.0,69.0,93
354520,2012,121.0,4.0,23.0,21.0,27.0,293.0,70.0,15.0,278.0,62.0,988.0,1540
354520,2013,0.0,0.0,0.0,0.0,0.0,0.0,0.0,0.0,0.0,0.0,1064.0,1564
354520,2014,79.0,1.0,27.0,30.0,20.0,367.0,142.0,19.0,364.0,67.0,1127.0,1562
354520,2015,75.0,1.0,38.0,12.0,31.0,428.0,162.0,22.0,380.0,82.0,1234.0,1663
354520,2016,63.0,1.0,17.0,26.0,19.0,429.0,139.0,19.0,350.0,51.0,1116.0,1621
354520,2017,107.0,5.0,36.0,22.0,19.0,431.0,118.0,16.0,366.0,45.0,1165.0,1681
354520,2018,113.0,3.0,26.0,29.0,29.0,412.0,126.0,31.0,293.0,75.0,1140.0,1712
354520,2019,114.0,2.0,42.0,38.0,25.0,428.0,117.0,28.0,255.0,80.0,1131.0,1663
354530,2012,41.0,2.0,5.0,6.0,8.0,78.0,24.0,7.0,90.0,28.0,314.0,556
354530,2013,0.0,0.0,0.0,0.0,0.0,0.0,0.0,0.0,0.0,0.0,383.0,603
354530,2014,35.0,0.0,8.0,13.0,5.0,122.0,37.0,13.0,99.0,36.0,386.0,608
354530,2015,32.0,0.0,15.0,13.0,10.0,123.0,41.0,17.0,92.0,40.0,390.0,600
354530,2016,30.0,2.0,11.0,11.0,4.0,109.0,43.0,17.0,77.0,49.0,353.0,593
354530,2017,22.0,1.0,10.0,14.0,5.0,117.0,31.0,9.0,67.0,27.0,303.0,541
354530,2018,32.0,1.0,13.0,9.0,5.0,106.0,32.0,14.0,66.0,33.0,311.0,540
354530,2019,25.0,0.0,12.0,11.0,4.0,127.0,30.0,8.0,75.0,28.0,320.0,515
354540,2012,5.0,0.0,0.0,3.0,1.0,6.0,1.0,0.0,3.0,2.0,82.0,104
354540,2013,0.0,0.0,0.0,0.0,0.0,0.0,0.0,0.0,0.0,0.0,104.0,132
354540,2014,7.0,0.0,2.0,2.0,5.0,23.0,8.0,4.0,16.0,12.0,96.0,116
354540,2015,7.0,3.0,3.0,2.0,1.0,27.0,5.0,4.0,22.0,8.0,96.0,120
354540,2016,11.0,0.0,0.0,2.0,1.0,40.0,10.0,2.0,13.0,8.0,87.0,108
354540,2017,10.0,0.0,0.0,2.0,0.0,29.0,5.0,2.0,28.0,10.0,86.0,109
354540,2018,4.0,0.0,2.0,4.0,2.0,26.0,10.0,9.0,20.0,10.0,87.0,116
354540,2019,4.0,0.0,0.0,1.0,1.0,28.0,9.0,3.0,12.0,10.0,68.0,94
354550,2012,2.0,0.0,2.0,0.0,1.0,7.0,1.0,0.0,7.0,3.0,51.0,64
354550,2013,0.0,0.0,0.0,0.0,0.0,0.0,0.0,0.0,0.0,0.0,36.0,56
354550,2014,9.0,0.0,0.0,0.0,2.0,14.0,3.0,6.0,5.0,6.0,45.0,61
354550,2015,3.0,0.0,0.0,1.0,1.0,15.0,2.0,2.0,7.0,8.0,39.0,61
354550,2016,7.0,0.0,0.0,1.0,0.0,14.0,3.0,2.0,4.0,4.0,35.0,50
354550,2017,5.0,0.0,2.0,4.0,3.0,16.0,1.0,0.0,5.0,4.0,40.0,53
354550,2018,4.0,0.0,0.0,1.0,1.0,13.0,2.0,0.0,8.0,1.0,30.0,44
354550,2019,3.0,0.0,2.0,0.0,1.0,17.0,0.0,1.0,5.0,2.0,31.0,47
354560,2012,9.0,0.0,2.0,3.0,2.0,29.0,7.0,0.0,23.0,6.0,128.0,151
354560,2013,0.0,0.0,0.0,0.0,0.0,0.0,0.0,0.0,0.0,0.0,145.0,169
354560,2014,18.0,0.0,4.0,2.0,4.0,56.0,11.0,2.0,41.0,11.0,154.0,170
354560,2015,9.0,0.0,4.0,3.0,1.0,59.0,10.0,2.0,43.0,7.0,139.0,160
354560,2016,8.0,1.0,5.0,1.0,3.0,73.0,14.0,1.0,50.0,10.0,167.0,189
354560,2017,14.0,0.0,4.0,2.0,1.0,64.0,16.0,0.0,45.0,9.0,155.0,183
354560,2018,12.0,0.0,2.0,5.0,1.0,40.0,9.0,2.0,41.0,4.0,117.0,146
354560,2019,10.0,0.0,1.0,2.0,4.0,44.0,9.0,3.0,32.0,8.0,114.0,150
354570,2012,3.0,0.0,2.0,1.0,0.0,3.0,2.0,0.0,6.0,2.0,68.0,76
354570,2013,0.0,0.0,0.0,0.0,0.0,0.0,0.0,0.0,0.0,0.0,56.0,63
354570,2014,8.0,0.0,0.0,2.0,0.0,20.0,2.0,2.0,10.0,17.0,69.0,85
354570,2015,6.0,0.0,0.0,0.0,0.0,16.0,2.0,4.0,17.0,7.0,54.0,60
354570,2016,5.0,0.0,2.0,0.0,0.0,19.0,5.0,7.0,12.0,7.0,57.0,65
354570,2017,7.0,0.0,0.0,0.0,1.0,22.0,2.0,0.0,13.0,10.0,55.0,65
354570,2018,10.0,0.0,2.0,1.0,0.0,25.0,1.0,3.0,4.0,10.0,57.0,63
354570,2019,6.0,0.0,2.0,0.0,1.0,36.0,0.0,5.0,11.0,13.0,74.0,82
354580,2012,149.0,2.0,40.0,9.0,37.0,567.0,75.0,23.0,535.0,138.0,1584.0,2324
354580,2013,0.0,0.0,0.0,0.0,0.0,0.0,0.0,0.0,0.0,0.0,1443.0,2212
354580,2014,130.0,0.0,56.0,28.0,26.0,517.0,110.0,46.0,367.0,148.0,1432.0,2329
354580,2015,116.0,2.0,56.0,33.0,39.0,517.0,93.0,38.0,316.0,140.0,1358.0,2435
354580,2016,78.0,2.0,44.0,25.0,31.0,507.0,98.0,31.0,355.0,122.0,1306.0,2401
354580,2017,100.0,5.0,50.0,49.0,28.0,502.0,97.0,38.0,326.0,127.0,1328.0,2412
354580,2018,111.0,2.0,55.0,41.0,25.0,610.0,114.0,51.0,294.0,154.0,1472.0,2397
354580,2019,99.0,2.0,33.0,35.0,26.0,523.0,116.0,32.0,313.0,117.0,1298.0,2188
354600,2012,9.0,0.0,4.0,1.0,2.0,22.0,2.0,1.0,13.0,4.0,86.0,161
354600,2013,0.0,0.0,0.0,0.0,0.0,0.0,0.0,0.0,0.0,0.0,66.0,143
354600,2014,11.0,0.0,2.0,1.0,0.0,26.0,7.0,2.0,17.0,6.0,74.0,139
354600,2015,9.0,0.0,2.0,0.0,0.0,31.0,4.0,1.0,25.0,3.0,75.0,167
354600,2016,8.0,0.0,6.0,1.0,1.0,26.0,8.0,2.0,15.0,6.0,75.0,154
354600,2017,7.0,0.0,4.0,0.0,0.0,31.0,3.0,1.0,13.0,8.0,69.0,164
354600,2018,6.0,0.0,9.0,0.0,1.0,38.0,3.0,2.0,12.0,9.0,80.0,156
354600,2019,9.0,0.0,4.0,1.0,1.0,34.0,5.0,1.0,11.0,13.0,79.0,153
354610,2012,1.0,0.0,0.0,0.0,0.0,0.0,0.0,0.0,1.0,1.0,17.0,22
354610,2013,0.0,0.0,0.0,0.0,0.0,0.0,0.0,0.0,0.0,0.0,18.0,22
354610,2014,1.0,0.0,2.0,0.0,0.0,11.0,4.0,0.0,11.0,1.0,30.0,41
354610,2015,2.0,0.0,0.0,0.0,0.0,2.0,4.0,0.0,6.0,1.0,15.0,19
354610,2016,0.0,0.0,3.0,0.0,0.0,5.0,1.0,0.0,4.0,2.0,15.0,18
354610,2017,2.0,0.0,0.0,0.0,0.0,6.0,2.0,1.0,3.0,0.0,14.0,21
354610,2018,3.0,0.0,2.0,0.0,0.0,13.0,2.0,1.0,3.0,1.0,25.0,34
354610,2019,0.0,1.0,1.0,0.0,1.0,13.0,3.0,0.0,5.0,2.0,26.0,33
354620,2012,1.0,0.0,0.0,0.0,0.0,3.0,1.0,0.0,12.0,2.0,21.0,36
354620,2013,0.0,0.0,0.0,0.0,0.0,0.0,0.0,0.0,0.0,0.0,31.0,44
354620,2014,1.0,0.0,0.0,1.0,0.0,9.0,2.0,3.0,8.0,1.0,28.0,37
354620,2015,0.0,0.0,0.0,0.0,0.0,10.0,4.0,1.0,10.0,3.0,28.0,43
354620,2016,2.0,0.0,0.0,0.0,0.0,6.0,1.0,1.0,5.0,1.0,16.0,33
354620,2017,0.0,0.0,0.0,0.0,0.0,11.0,3.0,1.0,3.0,2.0,20.0,27
354620,2018,2.0,0.0,0.0,0.0,0.0,7.0,3.0,0.0,7.0,2.0,21.0,37
354620,2019,2.0,0.0,0.0,0.0,1.0,9.0,1.0,0.0,5.0,0.0,18.0,27
354625,2012,5.0,1.0,2.0,1.0,1.0,5.0,3.0,0.0,6.0,0.0,26.0,30
354625,2013,0.0,0.0,0.0,0.0,0.0,0.0,0.0,0.0,0.0,0.0,27.0,30
354625,2014,4.0,0.0,0.0,0.0,0.0,9.0,0.0,0.0,5.0,1.0,19.0,21
354625,2015,1.0,0.0,0.0,1.0,0.0,5.0,3.0,0.0,5.0,0.0,18.0,23
354625,2016,1.0,0.0,0.0,1.0,1.0,11.0,2.0,0.0,8.0,0.0,25.0,28
354625,2017,2.0,0.0,0.0,0.0,0.0,9.0,1.0,0.0,8.0,0.0,21.0,23
354625,2018,4.0,0.0,2.0,0.0,0.0,8.0,2.0,0.0,10.0,0.0,26.0,32
354625,2019,4.0,0.0,0.0,0.0,0.0,5.0,1.0,0.0,4.0,0.0,14.0,14
354630,2012,10.0,2.0,4.0,1.0,0.0,14.0,1.0,0.0,16.0,5.0,231.0,430
354630,2013,0.0,0.0,0.0,0.0,0.0,0.0,0.0,0.0,0.0,0.0,273.0,443
354630,2014,21.0,0.0,5.0,4.0,1.0,59.0,10.0,17.0,33.0,67.0,221.0,385
354630,2015,21.0,0.0,16.0,2.0,6.0,73.0,18.0,18.0,41.0,54.0,253.0,393
354630,2016,28.0,1.0,6.0,3.0,3.0,83.0,19.0,14.0,54.0,34.0,250.0,389
354630,2017,20.0,1.0,8.0,5.0,2.0,88.0,30.0,15.0,67.0,41.0,277.0,394
354630,2018,30.0,0.0,11.0,4.0,7.0,86.0,21.0,23.0,49.0,32.0,268.0,382
354630,2019,21.0,0.0,2.0,4.0,7.0,79.0,35.0,11.0,52.0,32.0,244.0,371
354640,2012,6.0,0.0,1.0,2.0,2.0,12.0,2.0,3.0,12.0,9.0,380.0,586
354640,2013,0.0,0.0,0.0,0.0,0.0,0.0,0.0,0.0,0.0,0.0,399.0,567
354640,2014,30.0,4.0,18.0,8.0,8.0,144.0,17.0,31.0,50.0,98.0,420.0,604
354640,2015,34.0,1.0,9.0,11.0,6.0,132.0,23.0,25.0,53.0,93.0,399.0,586
354640,2016,32.0,0.0,11.0,15.0,4.0,127.0,16.0,31.0,73.0,89.0,399.0,563
354640,2017,39.0,0.0,14.0,11.0,8.0,185.0,19.0,34.0,56.0,131.0,499.0,664
354640,2018,30.0,0.0,5.0,8.0,8.0,155.0,31.0,22.0,82.0,70.0,412.0,597
354640,2019,34.0,0.0,6.0,12.0,10.0,187.0,37.0,24.0,76.0,61.0,448.0,605
354650,2012,8.0,0.0,0.0,0.0,0.0,16.0,0.0,0.0,14.0,4.0,68.0,80
354650,2013,0.0,0.0,0.0,0.0,0.0,0.0,0.0,0.0,0.0,0.0,45.0,59
354650,2014,3.0,0.0,0.0,1.0,0.0,18.0,9.0,1.0,14.0,0.0,53.0,64
354650,2015,1.0,0.0,0.0,0.0,1.0,9.0,6.0,0.0,9.0,2.0,33.0,44
354650,2016,4.0,0.0,0.0,0.0,2.0,11.0,3.0,1.0,17.0,3.0,45.0,59
354650,2017,3.0,0.0,4.0,1.0,0.0,9.0,3.0,2.0,17.0,4.0,43.0,49
354650,2018,2.0,0.0,0.0,0.0,1.0,23.0,9.0,0.0,11.0,5.0,54.0,77
354650,2019,6.0,0.0,3.0,1.0,0.0,18.0,5.0,1.0,14.0,2.0,53.0,65
354660,2012,12.0,0.0,5.0,1.0,3.0,10.0,5.0,1.0,21.0,2.0,269.0,347
354660,2013,0.0,0.0,0.0,0.0,0.0,0.0,0.0,0.0,0.0,0.0,245.0,322
354660,2014,27.0,0.0,8.0,4.0,10.0,91.0,32.0,6.0,104.0,14.0,303.0,383
354660,2015,27.0,2.0,6.0,11.0,2.0,123.0,32.0,2.0,115.0,23.0,346.0,434
354660,2016,27.0,2.0,7.0,6.0,7.0,91.0,26.0,4.0,76.0,16.0,262.0,353
354660,2017,32.0,1.0,7.0,7.0,8.0,130.0,22.0,1.0,93.0,26.0,327.0,435
354660,2018,23.0,4.0,8.0,9.0,5.0,120.0,31.0,7.0,63.0,19.0,289.0,402
354660,2019,20.0,6.0,5.0,13.0,6.0,123.0,24.0,3.0,88.0,24.0,312.0,413
354670,2012,34.0,0.0,10.0,6.0,3.0,67.0,12.0,2.0,55.0,28.0,269.0,352
354670,2013,0.0,0.0,0.0,0.0,0.0,0.0,0.0,0.0,0.0,0.0,252.0,324
354670,2014,25.0,0.0,4.0,1.0,3.0,65.0,24.0,12.0,64.0,16.0,247.0,341
354670,2015,23.0,0.0,10.0,6.0,5.0,80.0,16.0,10.0,62.0,24.0,261.0,368
354670,2016,12.0,0.0,6.0,28.0,9.0,77.0,19.0,11.0,57.0,23.0,244.0,332
354670,2017,21.0,0.0,9.0,7.0,3.0,90.0,12.0,13.0,50.0,34.0,239.0,316
354670,2018,19.0,0.0,8.0,3.0,2.0,77.0,20.0,19.0,66.0,27.0,242.0,326
354670,2019,22.0,1.0,5.0,6.0,6.0,110.0,15.0,12.0,42.0,22.0,242.0,310
354680,2012,28.0,1.0,10.0,3.0,6.0,108.0,16.0,13.0,84.0,41.0,473.0,709
354680,2013,0.0,0.0,0.0,0.0,0.0,0.0,0.0,0.0,0.0,0.0,510.0,747
354680,2014,36.0,0.0,22.0,9.0,4.0,191.0,40.0,30.0,124.0,75.0,541.0,784
354680,2015,39.0,1.0,6.0,7.0,4.0,198.0,38.0,13.0,150.0,37.0,501.0,795
354680,2016,41.0,0.0,9.0,1.0,4.0,185.0,44.0,9.0,132.0,28.0,457.0,716
354680,2017,27.0,3.0,10.0,9.0,2.0,176.0,47.0,25.0,97.0,62.0,465.0,718
354680,2018,52.0,2.0,14.0,6.0,4.0,195.0,30.0,45.0,82.0,77.0,510.0,695
354680,2019,44.0,2.0,17.0,8.0,12.0,187.0,26.0,47.0,66.0,102.0,516.0,729
354690,2012,7.0,0.0,4.0,3.0,2.0,17.0,6.0,4.0,26.0,3.0,75.0,107
354690,2013,0.0,0.0,0.0,0.0,0.0,0.0,0.0,0.0,0.0,0.0,92.0,119
354690,2014,7.0,0.0,0.0,2.0,1.0,34.0,5.0,3.0,26.0,5.0,85.0,104
354690,2015,8.0,0.0,3.0,5.0,0.0,35.0,10.0,2.0,22.0,5.0,90.0,129
354690,2016,7.0,0.0,2.0,2.0,1.0,28.0,4.0,1.0,23.0,4.0,77.0,120
354690,2017,5.0,0.0,0.0,1.0,1.0,34.0,3.0,2.0,13.0,5.0,65.0,99
354690,2018,2.0,0.0,2.0,1.0,1.0,21.0,10.0,2.0,12.0,4.0,55.0,100
354690,2019,4.0,0.0,2.0,0.0,3.0,24.0,9.0,3.0,12.0,3.0,60.0,86
354700,2012,3.0,3.0,0.0,0.0,0.0,12.0,5.0,0.0,7.0,0.0,39.0,79
354700,2013,0.0,0.0,0.0,0.0,0.0,0.0,0.0,0.0,0.0,0.0,55.0,90
354700,2014,3.0,1.0,2.0,2.0,3.0,23.0,5.0,0.0,18.0,3.0,61.0,90
354700,2015,2.0,0.0,0.0,0.0,0.0,15.0,3.0,1.0,13.0,5.0,39.0,81
354700,2016,5.0,0.0,4.0,3.0,3.0,18.0,8.0,2.0,12.0,4.0,60.0,81
354700,2017,1.0,0.0,3.0,1.0,1.0,21.0,5.0,2.0,9.0,2.0,45.0,70
354700,2018,6.0,0.0,2.0,2.0,1.0,27.0,6.0,3.0,15.0,4.0,66.0,88
354700,2019,7.0,0.0,4.0,1.0,2.0,12.0,5.0,2.0,5.0,5.0,43.0,68
354710,2012,0.0,0.0,0.0,1.0,1.0,6.0,2.0,1.0,3.0,7.0,22.0,34
354710,2013,0.0,0.0,0.0,0.0,0.0,0.0,0.0,0.0,0.0,0.0,33.0,39
354710,2014,0.0,0.0,2.0,0.0,0.0,11.0,2.0,3.0,5.0,11.0,34.0,41
354710,2015,1.0,0.0,2.0,0.0,1.0,16.0,2.0,3.0,2.0,4.0,31.0,37
354710,2016,0.0,0.0,0.0,0.0,1.0,11.0,3.0,2.0,0.0,12.0,29.0,40
354710,2017,2.0,0.0,0.0,1.0,1.0,14.0,2.0,4.0,5.0,7.0,36.0,45
354710,2018,1.0,1.0,2.0,0.0,1.0,2.0,3.0,3.0,2.0,5.0,20.0,24
354710,2019,0.0,0.0,0.0,1.0,0.0,14.0,0.0,3.0,2.0,2.0,22.0,28
354720,2012,1.0,0.0,0.0,0.0,0.0,1.0,0.0,1.0,0.0,0.0,8.0,11
354720,2013,0.0,0.0,0.0,0.0,0.0,0.0,0.0,0.0,0.0,0.0,9.0,11
354720,2014,3.0,0.0,0.0,0.0,1.0,5.0,4.0,1.0,4.0,0.0,18.0,18
354720,2015,1.0,0.0,0.0,1.0,0.0,4.0,0.0,2.0,0.0,1.0,9.0,9
354720,2016,1.0,0.0,0.0,0.0,0.0,2.0,1.0,1.0,4.0,0.0,9.0,12
354720,2017,1.0,0.0,0.0,1.0,0.0,7.0,0.0,0.0,7.0,2.0,18.0,20
354720,2018,1.0,0.0,0.0,0.0,0.0,3.0,0.0,0.0,3.0,2.0,9.0,12
354720,2019,0.0,0.0,0.0,0.0,0.0,5.0,0.0,1.0,1.0,2.0,9.0,12
354730,2012,115.0,3.0,58.0,31.0,33.0,391.0,50.0,21.0,297.0,87.0,1108.0,1973
354730,2013,0.0,0.0,0.0,0.0,0.0,0.0,0.0,0.0,0.0,0.0,1117.0,2053
354730,2014,84.0,6.0,75.0,64.0,46.0,418.0,110.0,31.0,278.0,78.0,1192.0,2182
354730,2015,81.0,6.0,53.0,63.0,68.0,425.0,90.0,38.0,249.0,59.0,1136.0,2232
354730,2016,79.0,6.0,32.0,59.0,50.0,427.0,90.0,44.0,267.0,98.0,1154.0,2254
354730,2017,96.0,4.0,51.0,56.0,49.0,427.0,104.0,38.0,224.0,84.0,1133.0,2164
354730,2018,91.0,4.0,65.0,45.0,23.0,465.0,110.0,30.0,269.0,72.0,1175.0,2313
354730,2019,88.0,4.0,61.0,43.0,38.0,454.0,117.0,30.0,267.0,56.0,1159.0,2333
354740,2012,0.0,0.0,0.0,0.0,0.0,2.0,0.0,0.0,6.0,0.0,32.0,32
354740,2013,0.0,0.0,0.0,0.0,0.0,0.0,0.0,0.0,0.0,0.0,23.0,25
354740,2014,1.0,0.0,2.0,1.0,1.0,8.0,2.0,1.0,2.0,2.0,20.0,23
354740,2015,1.0,0.0,0.0,2.0,1.0,1.0,2.0,0.0,8.0,0.0,15.0,17
354740,2016,0.0,0.0,0.0,2.0,0.0,7.0,2.0,0.0,5.0,1.0,17.0,19
354740,2017,2.0,1.0,2.0,0.0,0.0,9.0,1.0,0.0,6.0,4.0,25.0,27
354740,2018,2.0,0.0,0.0,1.0,0.0,11.0,2.0,0.0,5.0,0.0,21.0,29
354740,2019,2.0,0.0,2.0,1.0,0.0,9.0,0.0,0.0,3.0,5.0,22.0,27
354750,2012,34.0,2.0,4.0,3.0,2.0,49.0,11.0,2.0,64.0,16.0,209.0,252
354750,2013,0.0,0.0,0.0,0.0,0.0,0.0,0.0,0.0,0.0,0.0,222.0,263
354750,2014,30.0,1.0,3.0,9.0,3.0,81.0,17.0,1.0,77.0,13.0,238.0,277
354750,2015,24.0,0.0,4.0,5.0,4.0,76.0,16.0,0.0,69.0,7.0,206.0,250
354750,2016,17.0,1.0,6.0,3.0,5.0,86.0,19.0,2.0,62.0,4.0,206.0,263
354750,2017,32.0,1.0,6.0,2.0,4.0,75.0,23.0,0.0,59.0,6.0,209.0,248
354750,2018,25.0,0.0,6.0,5.0,4.0,78.0,9.0,3.0,54.0,11.0,201.0,249
354750,2019,20.0,0.0,2.0,4.0,8.0,64.0,15.0,5.0,39.0,15.0,175.0,228
354760,2012,14.0,0.0,2.0,6.0,5.0,55.0,6.0,3.0,41.0,22.0,206.0,296
354760,2013,0.0,0.0,0.0,0.0,0.0,0.0,0.0,0.0,0.0,0.0,239.0,298
354760,2014,19.0,1.0,0.0,2.0,6.0,60.0,12.0,0.0,48.0,12.0,251.0,319
354760,2015,22.0,1.0,1.0,10.0,3.0,58.0,16.0,4.0,58.0,10.0,202.0,290
354760,2016,15.0,1.0,4.0,1.0,3.0,46.0,11.0,5.0,46.0,10.0,153.0,244
354760,2017,15.0,0.0,0.0,3.0,2.0,45.0,5.0,4.0,38.0,14.0,171.0,249
354760,2018,12.0,0.0,10.0,1.0,4.0,90.0,16.0,3.0,46.0,10.0,199.0,284
354760,2019,16.0,0.0,8.0,3.0,2.0,61.0,13.0,2.0,31.0,8.0,144.0,232
354765,2012,0.0,0.0,2.0,0.0,0.0,2.0,0.0,0.0,1.0,0.0,14.0,15
354765,2013,0.0,0.0,0.0,0.0,0.0,0.0,0.0,0.0,0.0,0.0,9.0,15
354765,2014,0.0,0.0,0.0,0.0,0.0,2.0,0.0,0.0,2.0,4.0,8.0,10
354765,2015,2.0,0.0,0.0,1.0,0.0,7.0,1.0,0.0,2.0,0.0,13.0,13
354765,2016,0.0,0.0,0.0,0.0,0.0,3.0,0.0,0.0,8.0,0.0,11.0,12
354765,2017,1.0,0.0,0.0,0.0,0.0,7.0,0.0,1.0,3.0,1.0,13.0,13
354765,2018,4.0,0.0,0.0,0.0,1.0,4.0,0.0,0.0,4.0,2.0,15.0,16
354765,2019,4.0,0.0,0.0,0.0,0.0,9.0,0.0,0.0,0.0,2.0,15.0,15
354770,2012,8.0,0.0,0.0,0.0,0.0,13.0,2.0,3.0,12.0,6.0,141.0,209
354770,2013,0.0,0.0,0.0,0.0,0.0,0.0,0.0,0.0,0.0,0.0,126.0,212
354770,2014,8.0,0.0,0.0,1.0,6.0,44.0,12.0,12.0,24.0,26.0,141.0,225
354770,2015,13.0,0.0,0.0,7.0,5.0,44.0,8.0,8.0,24.0,35.0,147.0,226
354770,2016,15.0,0.0,2.0,3.0,0.0,40.0,11.0,9.0,34.0,20.0,141.0,211
354770,2017,8.0,0.0,6.0,1.0,5.0,45.0,13.0,3.0,24.0,24.0,132.0,219
354770,2018,11.0,0.0,6.0,5.0,1.0,40.0,19.0,2.0,34.0,10.0,135.0,208
354770,2019,13.0,1.0,6.0,3.0,6.0,49.0,11.0,4.0,33.0,13.0,139.0,202
354780,2012,566.0,19.0,209.0,116.0,169.0,1957.0,368.0,74.0,2258.0,403.0,6257.0,9169
354780,2013,0.0,0.0,0.0,0.0,0.0,0.0,0.0,0.0,0.0,0.0,5996.0,8941
354780,2014,477.0,7.0,186.0,122.0,146.0,2045.0,628.0,121.0,2082.0,305.0,6163.0,9153
354780,2015,456.0,14.0,197.0,134.0,125.0,2043.0,591.0,86.0,1975.0,312.0,6002.0,9258
354780,2016,424.0,7.0,182.0,136.0,134.0,1983.0,605.0,86.0,1919.0,251.0,5754.0,8802
354780,2017,430.0,11.0,227.0,137.0,132.0,2116.0,605.0,98.0,1859.0,274.0,5890.0,9095
354780,2018,445.0,8.0,229.0,165.0,155.0,2029.0,503.0,110.0,1718.0,346.0,5711.0,8995
354780,2019,417.0,13.0,230.0,164.0,145.0,2085.0,545.0,89.0,1622.0,279.0,5611.0,8990
354790,2012,2.0,0.0,2.0,2.0,2.0,6.0,4.0,1.0,11.0,6.0,39.0,77
354790,2013,0.0,0.0,0.0,0.0,0.0,0.0,0.0,0.0,0.0,0.0,33.0,70
354790,2014,1.0,3.0,2.0,1.0,2.0,6.0,3.0,1.0,10.0,4.0,34.0,55
354790,2015,1.0,2.0,0.0,1.0,0.0,11.0,7.0,0.0,10.0,4.0,36.0,72
354790,2016,6.0,0.0,0.0,0.0,1.0,13.0,9.0,0.0,8.0,1.0,39.0,80
354790,2017,3.0,1.0,2.0,3.0,2.0,14.0,5.0,1.0,8.0,4.0,44.0,78
354790,2018,4.0,0.0,0.0,1.0,1.0,15.0,4.0,0.0,6.0,3.0,34.0,75
354790,2019,1.0,2.0,4.0,2.0,1.0,16.0,1.0,3.0,9.0,7.0,47.0,75
354800,2012,12.0,0.0,0.0,2.0,5.0,58.0,11.0,3.0,36.0,32.0,170.0,248
354800,2013,0.0,0.0,0.0,0.0,0.0,0.0,0.0,0.0,0.0,0.0,184.0,277
354800,2014,16.0,2.0,8.0,4.0,3.0,56.0,8.0,9.0,39.0,45.0,192.0,286
354800,2015,13.0,1.0,2.0,4.0,0.0,60.0,14.0,12.0,26.0,50.0,184.0,284
354800,2016,11.0,0.0,8.0,1.0,5.0,57.0,3.0,21.0,13.0,54.0,173.0,262
354800,2017,14.0,0.0,4.0,3.0,3.0,80.0,10.0,15.0,21.0,46.0,196.0,262
354800,2018,23.0,0.0,4.0,3.0,4.0,73.0,12.0,16.0,17.0,53.0,206.0,284
354800,2019,23.0,1.0,6.0,6.0,3.0,63.0,11.0,15.0,27.0,33.0,189.0,269
354805,2012,11.0,1.0,2.0,2.0,1.0,23.0,9.0,1.0,28.0,6.0,91.0,103
354805,2013,0.0,0.0,0.0,0.0,0.0,0.0,0.0,0.0,0.0,0.0,100.0,112
354805,2014,10.0,0.0,3.0,0.0,1.0,39.0,15.0,1.0,31.0,4.0,106.0,115
354805,2015,13.0,0.0,1.0,3.0,1.0,28.0,9.0,5.0,27.0,6.0,102.0,116
354805,2016,5.0,1.0,0.0,3.0,0.0,40.0,11.0,1.0,29.0,4.0,94.0,112
354805,2017,8.0,0.0,0.0,3.0,2.0,35.0,9.0,1.0,28.0,4.0,90.0,103
354805,2018,5.0,0.0,2.0,2.0,1.0,39.0,4.0,2.0,18.0,5.0,78.0,101
354805,2019,5.0,0.0,2.0,1.0,2.0,50.0,17.0,0.0,13.0,4.0,94.0,112
354810,2012,4.0,0.0,0.0,1.0,0.0,11.0,0.0,1.0,7.0,5.0,43.0,55
354810,2013,0.0,0.0,0.0,0.0,0.0,0.0,0.0,0.0,0.0,0.0,53.0,60
354810,2014,4.0,0.0,0.0,0.0,3.0,17.0,4.0,3.0,9.0,4.0,45.0,55
354810,2015,6.0,0.0,0.0,0.0,2.0,16.0,5.0,1.0,8.0,1.0,40.0,50
354810,2016,6.0,0.0,0.0,1.0,0.0,17.0,3.0,2.0,11.0,5.0,45.0,51
354810,2017,8.0,0.0,0.0,1.0,0.0,21.0,6.0,1.0,9.0,3.0,49.0,64
354810,2018,4.0,0.0,0.0,2.0,1.0,31.0,2.0,0.0,14.0,3.0,57.0,69
354810,2019,5.0,0.0,0.0,0.0,1.0,23.0,3.0,0.0,18.0,5.0,55.0,64
354820,2012,4.0,0.0,2.0,3.0,6.0,8.0,1.0,0.0,7.0,3.0,54.0,74
354820,2013,0.0,0.0,0.0,0.0,0.0,0.0,0.0,0.0,0.0,0.0,50.0,85
354820,2014,8.0,0.0,2.0,4.0,2.0,16.0,3.0,2.0,8.0,3.0,48.0,76
354820,2015,5.0,0.0,0.0,0.0,1.0,15.0,11.0,0.0,20.0,4.0,56.0,90
354820,2016,4.0,0.0,0.0,6.0,2.0,12.0,18.0,0.0,10.0,6.0,58.0,79
354820,2017,4.0,0.0,0.0,4.0,2.0,16.0,9.0,0.0,14.0,3.0,52.0,93
354820,2018,4.0,0.0,2.0,0.0,1.0,33.0,5.0,0.0,23.0,1.0,69.0,89
354820,2019,6.0,0.0,2.0,5.0,1.0,22.0,5.0,0.0,18.0,2.0,61.0,88
354830,2012,0.0,0.0,0.0,0.0,0.0,2.0,1.0,1.0,3.0,2.0,22.0,31
354830,2013,0.0,0.0,0.0,0.0,0.0,0.0,0.0,0.0,0.0,0.0,22.0,31
354830,2014,1.0,0.0,2.0,1.0,0.0,6.0,1.0,2.0,4.0,2.0,26.0,38
354830,2015,3.0,0.0,4.0,2.0,1.0,11.0,0.0,1.0,2.0,3.0,27.0,41
354830,2016,3.0,0.0,0.0,0.0,0.0,9.0,0.0,2.0,5.0,1.0,20.0,30
354830,2017,3.0,0.0,0.0,0.0,0.0,7.0,1.0,0.0,5.0,4.0,20.0,33
354830,2018,2.0,0.0,0.0,0.0,1.0,11.0,0.0,1.0,3.0,2.0,20.0,35
354830,2019,4.0,0.0,2.0,1.0,0.0,11.0,0.0,1.0,2.0,3.0,24.0,34
354840,2012,0.0,0.0,0.0,0.0,0.0,11.0,4.0,0.0,11.0,1.0,48.0,59
354840,2013,0.0,0.0,0.0,0.0,0.0,0.0,0.0,0.0,0.0,0.0,48.0,67
354840,2014,1.0,0.0,0.0,0.0,0.0,16.0,2.0,0.0,20.0,1.0,44.0,55
354840,2015,2.0,0.0,0.0,1.0,0.0,18.0,5.0,1.0,11.0,1.0,39.0,53
354840,2016,5.0,1.0,1.0,1.0,2.0,19.0,5.0,0.0,15.0,1.0,50.0,70
354840,2017,2.0,0.0,0.0,1.0,1.0,11.0,5.0,2.0,15.0,2.0,39.0,59
354840,2018,5.0,0.0,0.0,0.0,1.0,14.0,3.0,1.0,8.0,7.0,39.0,56
354840,2019,4.0,0.0,0.0,1.0,0.0,13.0,2.0,0.0,10.0,4.0,34.0,52
354850,2012,283.0,4.0,111.0,39.0,70.0,1132.0,259.0,39.0,1301.0,203.0,3479.0,4972
354850,2013,0.0,0.0,0.0,0.0,0.0,0.0,0.0,0.0,0.0,0.0,3420.0,4973
354850,2014,243.0,5.0,149.0,50.0,68.0,1148.0,327.0,96.0,993.0,285.0,3381.0,5111
354850,2015,230.0,9.0,132.0,50.0,63.0,1112.0,276.0,75.0,904.0,243.0,3111.0,4887
354850,2016,207.0,7.0,111.0,55.0,55.0,1029.0,250.0,89.0,839.0,263.0,2920.0,4513
354850,2017,213.0,4.0,129.0,51.0,67.0,1093.0,243.0,96.0,787.0,286.0,2976.0,4768
354850,2018,221.0,8.0,130.0,84.0,75.0,1025.0,230.0,85.0,701.0,207.0,2768.0,4569
354850,2019,249.0,8.0,94.0,78.0,90.0,937.0,246.0,64.0,649.0,227.0,2643.0,4364
354860,2012,5.0,1.0,2.0,16.0,18.0,4.0,1.0,0.0,6.0,3.0,85.0,151
354860,2013,0.0,0.0,0.0,0.0,0.0,0.0,0.0,0.0,0.0,0.0,88.0,140
354860,2014,2.0,0.0,4.0,35.0,17.0,10.0,2.0,2.0,10.0,1.0,84.0,151
354860,2015,2.0,0.0,2.0,20.0,17.0,17.0,6.0,1.0,10.0,3.0,78.0,138
354860,2016,3.0,0.0,2.0,34.0,26.0,8.0,3.0,1.0,9.0,2.0,88.0,134
354860,2017,1.0,0.0,2.0,37.0,23.0,6.0,2.0,1.0,9.0,0.0,81.0,122
354860,2018,3.0,0.0,3.0,36.0,24.0,10.0,4.0,0.0,5.0,1.0,86.0,128
354860,2019,0.0,0.0,0.0,37.0,19.0,6.0,4.0,2.0,2.0,1.0,71.0,106
354870,2012,641.0,27.0,203.0,149.0,187.0,2131.0,465.0,117.0,2509.0,446.0,6921.0,10938
354870,2013,0.0,0.0,0.0,0.0,0.0,0.0,0.0,0.0,0.0,0.0,7354.0,10929
354870,2014,580.0,22.0,273.0,151.0,174.0,2343.0,897.0,154.0,2464.0,387.0,7473.0,11257
354870,2015,492.0,23.0,233.0,173.0,189.0,2389.0,666.0,202.0,2088.0,480.0,7000.0,11252
354870,2016,563.0,14.0,272.0,186.0,171.0,2286.0,652.0,186.0,1987.0,422.0,6751.0,10761
354870,2017,509.0,22.0,279.0,144.0,162.0,2443.0,699.0,179.0,1957.0,414.0,6809.0,10974
354870,2018,476.0,28.0,270.0,184.0,135.0,2488.0,687.0,161.0,1756.0,346.0,6533.0,10723
354870,2019,456.0,13.0,236.0,178.0,129.0,2234.0,596.0,142.0,1630.0,372.0,5994.0,9889
354880,2012,102.0,3.0,66.0,22.0,33.0,380.0,46.0,5.0,465.0,56.0,1184.0,1709
354880,2013,0.0,0.0,0.0,0.0,0.0,0.0,0.0,0.0,0.0,0.0,1209.0,1654
354880,2014,119.0,4.0,60.0,36.0,38.0,473.0,99.0,19.0,419.0,65.0,1338.0,1830
354880,2015,101.0,4.0,48.0,19.0,29.0,481.0,99.0,18.0,451.0,77.0,1335.0,1820
354880,2016,76.0,2.0,74.0,42.0,37.0,446.0,105.0,23.0,380.0,77.0,1265.0,1776
354880,2017,89.0,2.0,46.0,37.0,37.0,516.0,134.0,25.0,384.0,82.0,1352.0,1836
354880,2018,108.0,1.0,70.0,25.0,41.0,422.0,116.0,22.0,402.0,69.0,1277.0,1723
354880,2019,92.0,2.0,46.0,37.0,35.0,409.0,110.0,35.0,329.0,107.0,1202.0,1631
354890,2012,283.0,6.0,69.0,17.0,21.0,701.0,156.0,47.0,588.0,360.0,2260.0,2956
354890,2013,0.0,0.0,0.0,0.0,0.0,0.0,0.0,0.0,0.0,0.0,2399.0,3010
354890,2014,234.0,2.0,71.0,10.0,20.0,822.0,245.0,38.0,731.0,186.0,2369.0,3183
354890,2015,165.0,2.0,66.0,45.0,47.0,897.0,233.0,34.0,679.0,146.0,2326.0,3235
354890,2016,197.0,4.0,66.0,27.0,21.0,804.0,243.0,30.0,659.0,102.0,2189.0,3135
354890,2017,162.0,7.0,65.0,32.0,37.0,802.0,174.0,39.0,541.0,168.0,2119.0,3231
354890,2018,104.0,13.0,87.0,49.0,47.0,711.0,129.0,39.0,456.0,162.0,1869.0,3247
354890,2019,122.0,17.0,68.0,70.0,62.0,704.0,93.0,73.0,278.0,266.0,1807.0,2961
354900,2012,3.0,0.0,0.0,0.0,0.0,3.0,0.0,0.0,0.0,0.0,18.0,24
354900,2013,0.0,0.0,0.0,0.0,0.0,0.0,0.0,0.0,0.0,0.0,28.0,39
354900,2014,1.0,0.0,0.0,0.0,0.0,4.0,4.0,1.0,5.0,1.0,18.0,27
354900,2015,1.0,0.0,0.0,0.0,0.0,7.0,1.0,0.0,6.0,6.0,21.0,24
354900,2016,1.0,0.0,1.0,0.0,0.0,6.0,2.0,1.0,5.0,4.0,20.0,21
354900,2017,4.0,0.0,0.0,1.0,0.0,7.0,2.0,0.0,8.0,3.0,25.0,27
354900,2018,3.0,0.0,0.0,1.0,0.0,14.0,1.0,0.0,3.0,3.0,25.0,26
354900,2019,2.0,0.0,1.0,0.0,0.0,8.0,2.0,0.0,3.0,3.0,19.0,22
354910,2012,57.0,4.0,13.0,16.0,19.0,104.0,18.0,24.0,144.0,79.0,761.0,1004
354910,2013,0.0,0.0,0.0,0.0,0.0,0.0,0.0,0.0,0.0,0.0,777.0,987
354910,2014,70.0,1.0,22.0,20.0,21.0,173.0,67.0,77.0,188.0,158.0,805.0,1010
354910,2015,60.0,1.0,30.0,22.0,21.0,244.0,62.0,56.0,168.0,113.0,778.0,1046
354910,2016,67.0,0.0,32.0,20.0,13.0,300.0,51.0,34.0,135.0,141.0,799.0,1065
354910,2017,72.0,1.0,30.0,16.0,13.0,310.0,60.0,48.0,175.0,145.0,872.0,1127
354910,2018,79.0,1.0,24.0,17.0,15.0,332.0,59.0,37.0,175.0,122.0,867.0,1096
354910,2019,72.0,0.0,27.0,18.0,14.0,298.0,49.0,32.0,183.0,88.0,781.0,1005
354920,2012,0.0,0.0,2.0,0.0,0.0,2.0,0.0,0.0,1.0,1.0,23.0,33
354920,2013,0.0,0.0,0.0,0.0,0.0,0.0,0.0,0.0,0.0,0.0,32.0,40
354920,2014,0.0,0.0,0.0,0.0,0.0,7.0,0.0,1.0,10.0,3.0,24.0,30
354920,2015,3.0,0.0,0.0,0.0,0.0,6.0,1.0,2.0,4.0,3.0,19.0,30
354920,2016,0.0,0.0,3.0,1.0,0.0,2.0,1.0,0.0,1.0,0.0,8.0,14
354920,2017,2.0,0.0,0.0,1.0,0.0,8.0,0.0,1.0,6.0,4.0,22.0,26
354920,2018,1.0,0.0,2.0,0.0,0.0,10.0,2.0,0.0,5.0,1.0,21.0,28
354920,2019,2.0,0.0,0.0,1.0,0.0,14.0,2.0,0.0,8.0,2.0,29.0,33
354925,2012,0.0,0.0,0.0,0.0,1.0,0.0,1.0,0.0,3.0,2.0,10.0,13
354925,2013,0.0,0.0,0.0,0.0,0.0,0.0,0.0,0.0,0.0,0.0,8.0,15
354925,2014,1.0,0.0,0.0,2.0,1.0,4.0,2.0,0.0,4.0,1.0,15.0,20
354925,2015,1.0,0.0,0.0,0.0,2.0,6.0,2.0,1.0,2.0,2.0,16.0,24
354925,2016,2.0,0.0,0.0,0.0,0.0,0.0,6.0,1.0,4.0,2.0,15.0,24
354925,2017,1.0,0.0,2.0,1.0,2.0,2.0,0.0,0.0,4.0,3.0,15.0,20
354925,2018,1.0,0.0,0.0,1.0,0.0,11.0,1.0,1.0,6.0,1.0,22.0,25
354925,2019,1.0,0.0,0.0,0.0,0.0,5.0,3.0,1.0,3.0,0.0,13.0,16
354930,2012,0.0,0.0,2.0,0.0,0.0,8.0,0.0,0.0,3.0,3.0,18.0,20
354930,2013,0.0,0.0,0.0,0.0,0.0,0.0,0.0,0.0,0.0,0.0,14.0,17
354930,2014,2.0,0.0,0.0,0.0,0.0,7.0,1.0,1.0,6.0,8.0,25.0,26
354930,2015,1.0,1.0,0.0,0.0,0.0,9.0,3.0,1.0,0.0,8.0,23.0,25
354930,2016,0.0,0.0,2.0,0.0,0.0,7.0,1.0,1.0,5.0,1.0,17.0,18
354930,2017,1.0,0.0,0.0,0.0,1.0,12.0,0.0,0.0,2.0,4.0,20.0,23
354930,2018,0.0,0.0,0.0,0.0,1.0,5.0,1.0,1.0,3.0,4.0,15.0,17
354930,2019,2.0,0.0,2.0,0.0,1.0,15.0,1.0,0.0,3.0,1.0,25.0,31
354940,2012,24.0,2.0,5.0,4.0,8.0,84.0,0.0,11.0,10.0,73.0,562.0,629
354940,2013,0.0,0.0,0.0,0.0,0.0,0.0,0.0,0.0,0.0,0.0,532.0,596
354940,2014,57.0,1.0,9.0,8.0,14.0,208.0,5.0,46.0,30.0,171.0,554.0,604
354940,2015,58.0,0.0,16.0,13.0,8.0,201.0,11.0,41.0,45.0,149.0,546.0,636
354940,2016,35.0,0.0,13.0,7.0,7.0,229.0,16.0,39.0,60.0,118.0,525.0,581
354940,2017,51.0,1.0,13.0,12.0,7.0,212.0,12.0,34.0,67.0,121.0,530.0,586
354940,2018,43.0,1.0,13.0,15.0,10.0,219.0,16.0,27.0,77.0,110.0,532.0,578
354940,2019,42.0,0.0,11.0,8.0,2.0,230.0,19.0,25.0,72.0,83.0,492.0,553
354950,2012,2.0,0.0,2.0,2.0,3.0,16.0,0.0,3.0,10.0,2.0,59.0,103
354950,2013,0.0,0.0,0.0,0.0,0.0,0.0,0.0,0.0,0.0,0.0,59.0,109
354950,2014,6.0,0.0,2.0,0.0,2.0,26.0,6.0,4.0,17.0,5.0,68.0,105
354950,2015,3.0,0.0,2.0,0.0,0.0,15.0,10.0,3.0,20.0,10.0,65.0,104
354950,2016,6.0,0.0,0.0,2.0,2.0,24.0,5.0,2.0,22.0,7.0,73.0,115
354950,2017,2.0,0.0,8.0,0.0,1.0,25.0,4.0,2.0,17.0,7.0,68.0,94
354950,2018,5.0,1.0,5.0,3.0,3.0,23.0,6.0,1.0,10.0,4.0,61.0,94
354950,2019,2.0,1.0,4.0,1.0,2.0,22.0,7.0,2.0,14.0,1.0,56.0,87
354960,2012,0.0,1.0,1.0,0.0,1.0,10.0,3.0,1.0,1.0,5.0,28.0,45
354960,2013,0.0,0.0,0.0,0.0,0.0,0.0,0.0,0.0,0.0,0.0,24.0,41
354960,2014,3.0,0.0,0.0,1.0,1.0,7.0,1.0,0.0,4.0,1.0,19.0,40
354960,2015,3.0,0.0,0.0,0.0,1.0,8.0,0.0,1.0,1.0,4.0,20.0,41
354960,2016,4.0,0.0,0.0,1.0,1.0,6.0,2.0,0.0,7.0,7.0,28.0,49
354960,2017,3.0,1.0,1.0,2.0,0.0,7.0,2.0,0.0,5.0,3.0,24.0,47
354960,2018,3.0,1.0,1.0,0.0,0.0,11.0,2.0,0.0,1.0,5.0,25.0,42
354960,2019,3.0,0.0,0.0,1.0,0.0,5.0,3.0,3.0,3.0,5.0,23.0,39
354970,2012,30.0,0.0,24.0,5.0,4.0,97.0,17.0,1.0,91.0,11.0,551.0,660
354970,2013,0.0,0.0,0.0,0.0,0.0,0.0,0.0,0.0,0.0,0.0,585.0,692
354970,2014,72.0,0.0,16.0,10.0,7.0,197.0,60.0,3.0,180.0,31.0,603.0,690
354970,2015,63.0,2.0,21.0,5.0,5.0,198.0,51.0,11.0,183.0,22.0,574.0,684
354970,2016,54.0,2.0,11.0,2.0,7.0,232.0,34.0,2.0,191.0,15.0,556.0,654
354970,2017,54.0,0.0,18.0,11.0,10.0,239.0,52.0,3.0,179.0,10.0,577.0,705
354970,2018,57.0,0.0,20.0,8.0,10.0,228.0,43.0,1.0,208.0,15.0,592.0,674
354970,2019,55.0,2.0,27.0,11.0,12.0,205.0,57.0,4.0,168.0,9.0,552.0,661
354980,2012,495.0,10.0,113.0,47.0,108.0,1210.0,170.0,62.0,1133.0,427.0,4607.0,5329
354980,2013,0.0,0.0,0.0,0.0,0.0,0.0,0.0,0.0,0.0,0.0,4533.0,5358
354980,2014,431.0,5.0,156.0,85.0,87.0,1772.0,303.0,161.0,1293.0,517.0,4830.0,5771
354980,2015,386.0,3.0,147.0,76.0,85.0,1773.0,338.0,116.0,1151.0,547.0,4672.0,5709
354980,2016,407.0,4.0,113.0,92.0,90.0,1651.0,316.0,92.0,1209.0,362.0,4341.0,5392
354980,2017,453.0,10.0,124.0,91.0,105.0,1717.0,339.0,99.0,1255.0,343.0,4538.0,5461
354980,2018,497.0,7.0,138.0,83.0,103.0,1699.0,298.0,100.0,1261.0,362.0,4548.0,5627
354980,2019,411.0,12.0,157.0,93.0,97.0,1848.0,338.0,111.0,1158.0,382.0,4607.0,5678
354990,2012,502.0,17.0,186.0,498.0,677.0,1119.0,54.0,16.0,882.0,335.0,6202.0,9550
354990,2013,0.0,0.0,0.0,0.0,0.0,0.0,0.0,0.0,0.0,0.0,6357.0,9555
354990,2014,445.0,20.0,250.0,629.0,686.0,1744.0,510.0,137.0,1416.0,342.0,6409.0,9937
354990,2015,510.0,17.0,164.0,134.0,85.0,2299.0,520.0,183.0,1475.0,589.0,6088.0,9808
354990,2016,493.0,16.0,229.0,95.0,73.0,2182.0,588.0,120.0,1625.0,393.0,5834.0,9562
354990,2017,523.0,11.0,201.0,153.0,118.0,2326.0,533.0,129.0,1576.0,421.0,6028.0,9743
354990,2018,552.0,5.0,234.0,147.0,105.0,2380.0,490.0,157.0,1338.0,490.0,5928.0,9686
354990,2019,523.0,13.0,189.0,165.0,127.0,2105.0,466.0,143.0,1262.0,439.0,5441.0,9076
354995,2012,8.0,1.0,4.0,2.0,1.0,16.0,7.0,4.0,15.0,5.0,66.0,195
354995,2013,0.0,0.0,0.0,0.0,0.0,0.0,0.0,0.0,0.0,0.0,85.0,213
354995,2014,7.0,1.0,8.0,6.0,2.0,19.0,9.0,2.0,23.0,6.0,85.0,215
354995,2015,11.0,0.0,0.0,5.0,2.0,31.0,9.0,4.0,25.0,11.0,99.0,211
354995,2016,9.0,0.0,0.0,4.0,4.0,25.0,14.0,3.0,20.0,6.0,85.0,238
354995,2017,9.0,1.0,4.0,2.0,3.0,31.0,12.0,0.0,15.0,5.0,82.0,202
354995,2018,10.0,0.0,4.0,6.0,3.0,21.0,5.0,3.0,27.0,2.0,81.0,195
354995,2019,6.0,0.0,4.0,4.0,1.0,26.0,5.0,0.0,30.0,10.0,86.0,196
355000,2012,6.0,1.0,2.0,2.0,0.0,12.0,1.0,0.0,11.0,4.0,51.0,95
355000,2013,0.0,0.0,0.0,0.0,0.0,0.0,0.0,0.0,0.0,0.0,52.0,104
355000,2014,5.0,0.0,0.0,2.0,2.0,15.0,2.0,1.0,14.0,8.0,53.0,116
355000,2015,6.0,0.0,4.0,1.0,0.0,14.0,4.0,2.0,10.0,7.0,50.0,100
355000,2016,2.0,1.0,0.0,0.0,1.0,20.0,3.0,0.0,20.0,1.0,48.0,109
355000,2017,5.0,0.0,0.0,1.0,2.0,21.0,6.0,4.0,15.0,2.0,56.0,121
355000,2018,2.0,1.0,1.0,3.0,1.0,12.0,9.0,0.0,19.0,2.0,50.0,108
355000,2019,7.0,0.0,0.0,2.0,0.0,24.0,6.0,3.0,9.0,3.0,54.0,97
355010,2012,39.0,4.0,9.0,9.0,6.0,78.0,17.0,8.0,58.0,28.0,320.0,551
355010,2013,0.0,0.0,0.0,0.0,0.0,0.0,0.0,0.0,0.0,0.0,328.0,515
355010,2014,30.0,1.0,9.0,5.0,5.0,103.0,31.0,11.0,100.0,20.0,316.0,513
355010,2015,32.0,2.0,4.0,5.0,6.0,115.0,30.0,8.0,85.0,28.0,320.0,517
355010,2016,22.0,7.0,15.0,8.0,8.0,97.0,26.0,13.0,81.0,30.0,309.0,530
355010,2017,20.0,1.0,13.0,5.0,6.0,103.0,29.0,7.0,68.0,26.0,278.0,524
355010,2018,16.0,4.0,11.0,7.0,6.0,86.0,28.0,13.0,65.0,21.0,257.0,468
355010,2019,25.0,2.0,8.0,6.0,2.0,88.0,20.0,12.0,71.0,31.0,265.0,426
355020,2012,18.0,2.0,3.0,6.0,11.0,55.0,20.0,8.0,48.0,20.0,227.0,418
355020,2013,0.0,0.0,0.0,0.0,0.0,0.0,0.0,0.0,0.0,0.0,238.0,426
355020,2014,14.0,0.0,6.0,5.0,5.0,79.0,39.0,3.0,66.0,15.0,234.0,422
355020,2015,12.0,0.0,3.0,10.0,4.0,84.0,21.0,9.0,46.0,20.0,210.0,403
355020,2016,11.0,1.0,5.0,12.0,3.0,95.0,19.0,9.0,67.0,26.0,248.0,455
355020,2017,13.0,1.0,8.0,6.0,4.0,98.0,27.0,6.0,60.0,28.0,251.0,422
355020,2018,11.0,1.0,6.0,5.0,3.0,98.0,23.0,7.0,47.0,16.0,217.0,407
355020,2019,14.0,0.0,11.0,4.0,4.0,87.0,23.0,6.0,52.0,23.0,225.0,407
355030,2012,8551.0,402.0,3909.0,2630.0,3266.0,27329.0,5681.0,1848.0,31535.0,6835.0,95061.0,175904
355030,2013,0.0,0.0,0.0,0.0,0.0,0.0,0.0,0.0,0.0,0.0,95489.0,172987
355030,2014,7621.0,356.0,4167.0,2781.0,2470.0,29284.0,10467.0,3089.0,28537.0,6518.0,96205.0,175840
355030,2015,7122.0,408.0,4068.0,2703.0,2506.0,29514.0,9516.0,3236.0,26191.0,7036.0,92846.0,176313
355030,2016,7012.0,394.0,3867.0,2716.0,2374.0,28274.0,8937.0,3237.0,23448.0,6879.0,87420.0,167303
355030,2017,6896.0,280.0,4179.0,2693.0,2409.0,29369.0,8663.0,3160.0,22607.0,7055.0,87340.0,169299
355030,2018,6597.0,313.0,3896.0,2633.0,2195.0,29019.0,8346.0,3085.0,21173.0,6653.0,83926.0,165355
355030,2019,6445.0,314.0,3680.0,2718.0,2083.0,27696.0,8337.0,3086.0,20227.0,6469.0,81068.0,158587
355040,2012,28.0,1.0,7.0,8.0,4.0,51.0,11.0,2.0,79.0,15.0,233.0,399
355040,2013,0.0,0.0,0.0,0.0,0.0,0.0,0.0,0.0,0.0,0.0,252.0,401
355040,2014,17.0,1.0,5.0,12.0,5.0,91.0,19.0,2.0,81.0,16.0,250.0,393
355040,2015,19.0,0.0,14.0,6.0,8.0,97.0,33.0,7.0,79.0,20.0,284.0,406
355040,2016,21.0,0.0,7.0,4.0,4.0,96.0,39.0,11.0,92.0,14.0,288.0,409
355040,2017,20.0,0.0,6.0,14.0,9.0,107.0,32.0,12.0,75.0,23.0,298.0,427
355040,2018,20.0,1.0,11.0,5.0,5.0,120.0,26.0,13.0,70.0,31.0,302.0,418
355040,2019,16.0,2.0,9.0,4.0,6.0,126.0,15.0,14.0,62.0,27.0,281.0,419
355050,2012,7.0,0.0,0.0,0.0,2.0,6.0,1.0,2.0,2.0,5.0,61.0,89
355050,2013,0.0,0.0,0.0,0.0,0.0,0.0,0.0,0.0,0.0,0.0,59.0,90
355050,2014,0.0,0.0,2.0,0.0,0.0,6.0,1.0,0.0,3.0,1.0,57.0,86
355050,2015,1.0,0.0,6.0,2.0,0.0,13.0,1.0,3.0,3.0,3.0,60.0,93
355050,2016,5.0,0.0,0.0,1.0,2.0,19.0,3.0,2.0,11.0,4.0,47.0,85
355050,2017,1.0,0.0,2.0,3.0,0.0,23.0,1.0,4.0,4.0,11.0,49.0,86
355050,2018,5.0,0.0,2.0,1.0,1.0,21.0,5.0,6.0,20.0,11.0,72.0,112
355050,2019,6.0,0.0,0.0,2.0,0.0,25.0,1.0,5.0,12.0,9.0,60.0,93
355060,2012,48.0,3.0,15.0,7.0,12.0,194.0,44.0,10.0,181.0,77.0,749.0,1082
355060,2013,0.0,0.0,0.0,0.0,0.0,0.0,0.0,0.0,0.0,0.0,701.0,1025
355060,2014,57.0,2.0,8.0,12.0,11.0,273.0,53.0,34.0,198.0,106.0,758.0,1130
355060,2015,48.0,0.0,10.0,13.0,9.0,283.0,54.0,35.0,184.0,102.0,753.0,1157
355060,2016,79.0,0.0,25.0,14.0,9.0,254.0,50.0,26.0,161.0,102.0,722.0,1122
355060,2017,61.0,0.0,32.0,8.0,9.0,282.0,46.0,46.0,145.0,89.0,724.0,1099
355060,2018,90.0,1.0,20.0,11.0,16.0,275.0,79.0,42.0,154.0,104.0,805.0,1080
355060,2019,57.0,1.0,26.0,21.0,12.0,304.0,67.0,44.0,153.0,85.0,770.0,1063
355070,2012,30.0,2.0,6.0,8.0,11.0,107.0,23.0,4.0,115.0,27.0,653.0,1304
355070,2013,0.0,0.0,0.0,0.0,0.0,0.0,0.0,0.0,0.0,0.0,647.0,1294
355070,2014,35.0,0.0,21.0,12.0,15.0,235.0,65.0,24.0,155.0,41.0,603.0,1323
355070,2015,47.0,3.0,20.0,15.0,16.0,255.0,78.0,28.0,162.0,63.0,689.0,1358
355070,2016,41.0,2.0,10.0,16.0,9.0,265.0,76.0,21.0,171.0,76.0,687.0,1270
355070,2017,69.0,1.0,19.0,19.0,18.0,206.0,79.0,30.0,161.0,69.0,672.0,1291
355070,2018,49.0,1.0,22.0,18.0,13.0,270.0,73.0,27.0,159.0,70.0,703.0,1295
355070,2019,74.0,1.0,18.0,18.0,7.0,246.0,64.0,28.0,155.0,57.0,668.0,1231
355080,2012,2.0,0.0,0.0,2.0,2.0,19.0,0.0,4.0,9.0,8.0,83.0,117
355080,2013,0.0,0.0,0.0,0.0,0.0,0.0,0.0,0.0,0.0,0.0,111.0,141
355080,2014,3.0,0.0,1.0,1.0,2.0,36.0,9.0,1.0,15.0,17.0,88.0,126
355080,2015,6.0,0.0,1.0,2.0,5.0,31.0,2.0,4.0,17.0,13.0,85.0,116
355080,2016,8.0,0.0,1.0,2.0,4.0,29.0,2.0,0.0,17.0,8.0,73.0,105
355080,2017,5.0,0.0,3.0,3.0,2.0,22.0,9.0,2.0,17.0,2.0,66.0,89
355080,2018,9.0,0.0,4.0,1.0,1.0,26.0,5.0,1.0,19.0,11.0,80.0,109
355080,2019,9.0,1.0,0.0,3.0,1.0,32.0,4.0,3.0,13.0,9.0,75.0,102
355090,2012,6.0,0.0,0.0,1.0,1.0,23.0,3.0,0.0,15.0,14.0,85.0,143
355090,2013,0.0,0.0,0.0,0.0,0.0,0.0,0.0,0.0,0.0,0.0,81.0,161
355090,2014,7.0,0.0,2.0,6.0,4.0,31.0,2.0,2.0,17.0,6.0,81.0,158
355090,2015,4.0,0.0,0.0,2.0,1.0,36.0,3.0,2.0,10.0,9.0,71.0,155
355090,2016,5.0,2.0,2.0,3.0,3.0,27.0,3.0,2.0,19.0,5.0,73.0,155
355090,2017,5.0,0.0,6.0,4.0,0.0,17.0,5.0,3.0,15.0,7.0,69.0,133
355090,2018,4.0,0.0,2.0,1.0,0.0,24.0,3.0,1.0,13.0,10.0,66.0,143
355090,2019,8.0,1.0,2.0,0.0,3.0,22.0,6.0,0.0,19.0,6.0,67.0,145
355100,2012,296.0,6.0,84.0,85.0,79.0,1021.0,284.0,33.0,1131.0,177.0,3236.0,5362
355100,2013,0.0,0.0,0.0,0.0,0.0,0.0,0.0,0.0,0.0,0.0,3140.0,5236
355100,2014,258.0,8.0,87.0,54.0,55.0,1112.0,316.0,101.0,841.0,266.0,3119.0,5193
355100,2015,244.0,8.0,95.0,54.0,40.0,1138.0,280.0,105.0,748.0,233.0,2962.0,5176
355100,2016,194.0,5.0,85.0,56.0,42.0,1030.0,241.0,125.0,670.0,257.0,2712.0,4805
355100,2017,228.0,6.0,78.0,68.0,52.0,1040.0,263.0,99.0,567.0,278.0,2682.0,4657
355100,2018,203.0,2.0,83.0,73.0,43.0,1010.0,233.0,90.0,531.0,197.0,2471.0,4569
355100,2019,219.0,5.0,68.0,73.0,47.0,977.0,203.0,91.0,545.0,196.0,2424.0,4298
355110,2012,8.0,1.0,0.0,5.0,1.0,20.0,4.0,3.0,15.0,8.0,77.0,141
355110,2013,0.0,0.0,0.0,0.0,0.0,0.0,0.0,0.0,0.0,0.0,54.0,102
355110,2014,4.0,0.0,0.0,2.0,0.0,16.0,8.0,3.0,16.0,6.0,55.0,109
355110,2015,2.0,1.0,7.0,3.0,1.0,17.0,5.0,3.0,18.0,10.0,67.0,129
355110,2016,2.0,0.0,2.0,3.0,2.0,30.0,9.0,5.0,20.0,3.0,76.0,118
355110,2017,1.0,1.0,3.0,0.0,1.0,21.0,6.0,1.0,11.0,6.0,51.0,112
355110,2018,4.0,1.0,2.0,2.0,2.0,19.0,11.0,3.0,8.0,2.0,54.0,102
355110,2019,2.0,0.0,2.0,1.0,2.0,21.0,5.0,2.0,12.0,6.0,53.0,109
355120,2012,2.0,0.0,0.0,0.0,0.0,4.0,0.0,1.0,2.0,9.0,18.0,42
355120,2013,0.0,0.0,0.0,0.0,0.0,0.0,0.0,0.0,0.0,0.0,27.0,46
355120,2014,5.0,0.0,2.0,1.0,0.0,8.0,1.0,5.0,6.0,6.0,34.0,50
355120,2015,4.0,0.0,1.0,2.0,0.0,11.0,0.0,0.0,2.0,13.0,36.0,51
355120,2016,3.0,0.0,0.0,1.0,1.0,5.0,0.0,3.0,4.0,15.0,32.0,45
355120,2017,3.0,2.0,2.0,0.0,1.0,19.0,1.0,4.0,0.0,12.0,44.0,58
355120,2018,6.0,0.0,0.0,1.0,0.0,8.0,0.0,4.0,1.0,8.0,28.0,39
355120,2019,1.0,0.0,0.0,0.0,0.0,10.0,2.0,3.0,3.0,7.0,37.0,50
355130,2012,2.0,0.0,0.0,0.0,0.0,6.0,0.0,0.0,4.0,1.0,36.0,41
355130,2013,0.0,0.0,0.0,0.0,0.0,0.0,0.0,0.0,0.0,0.0,35.0,37
355130,2014,2.0,0.0,0.0,1.0,0.0,11.0,2.0,0.0,7.0,1.0,35.0,40
355130,2015,3.0,0.0,2.0,0.0,3.0,4.0,1.0,1.0,5.0,1.0,27.0,30
355130,2016,7.0,0.0,0.0,0.0,0.0,5.0,3.0,1.0,5.0,6.0,27.0,32
355130,2017,0.0,0.0,1.0,0.0,1.0,13.0,2.0,4.0,7.0,6.0,34.0,34
355130,2018,2.0,0.0,0.0,0.0,0.0,20.0,2.0,1.0,9.0,8.0,43.0,46
355130,2019,3.0,0.0,0.0,1.0,1.0,9.0,2.0,3.0,8.0,6.0,33.0,37
355140,2012,8.0,1.0,2.0,1.0,4.0,20.0,7.0,2.0,6.0,4.0,57.0,126
355140,2013,0.0,0.0,0.0,0.0,0.0,0.0,0.0,0.0,0.0,0.0,57.0,130
355140,2014,6.0,0.0,0.0,2.0,5.0,20.0,3.0,2.0,14.0,6.0,62.0,147
355140,2015,5.0,0.0,2.0,2.0,4.0,19.0,1.0,2.0,14.0,9.0,58.0,139
355140,2016,2.0,0.0,2.0,3.0,0.0,18.0,2.0,1.0,9.0,9.0,46.0,118
355140,2017,4.0,2.0,2.0,2.0,0.0,24.0,2.0,4.0,13.0,10.0,63.0,135
355140,2018,4.0,0.0,2.0,4.0,3.0,15.0,5.0,2.0,10.0,3.0,48.0,113
355140,2019,7.0,0.0,0.0,1.0,1.0,17.0,4.0,2.0,7.0,5.0,44.0,111
355150,2012,48.0,2.0,7.0,11.0,15.0,113.0,42.0,6.0,113.0,36.0,403.0,625
355150,2013,0.0,0.0,0.0,0.0,0.0,0.0,0.0,0.0,0.0,0.0,388.0,657
355150,2014,26.0,1.0,8.0,6.0,4.0,122.0,43.0,8.0,111.0,27.0,378.0,658
355150,2015,24.0,4.0,9.0,6.0,7.0,120.0,27.0,17.0,65.0,40.0,325.0,656
355150,2016,16.0,0.0,10.0,7.0,4.0,98.0,28.0,13.0,64.0,47.0,288.0,618
355150,2017,15.0,0.0,12.0,4.0,16.0,115.0,16.0,17.0,49.0,39.0,284.0,637
355150,2018,29.0,0.0,12.0,8.0,8.0,98.0,26.0,17.0,54.0,41.0,294.0,619
355150,2019,33.0,1.0,18.0,9.0,10.0,104.0,21.0,13.0,58.0,39.0,309.0,615
355160,2012,37.0,0.0,8.0,1.0,3.0,81.0,9.0,12.0,72.0,42.0,267.0,317
355160,2013,0.0,0.0,0.0,0.0,0.0,0.0,0.0,0.0,0.0,0.0,247.0,292
355160,2014,16.0,0.0,4.0,2.0,6.0,86.0,19.0,10.0,67.0,32.0,244.0,300
355160,2015,21.0,0.0,6.0,8.0,3.0,100.0,20.0,16.0,60.0,51.0,288.0,341
355160,2016,22.0,0.0,4.0,9.0,4.0,99.0,18.0,13.0,54.0,40.0,265.0,325
355160,2017,26.0,0.0,5.0,7.0,4.0,90.0,23.0,12.0,63.0,23.0,253.0,305
355160,2018,22.0,1.0,8.0,5.0,2.0,105.0,26.0,7.0,76.0,35.0,288.0,344
355160,2019,27.0,1.0,9.0,4.0,3.0,111.0,24.0,10.0,63.0,22.0,274.0,316
355170,2012,111.0,3.0,33.0,21.0,17.0,297.0,75.0,13.0,289.0,54.0,1098.0,1697
355170,2013,0.0,0.0,0.0,0.0,0.0,0.0,0.0,0.0,0.0,0.0,1026.0,1622
355170,2014,99.0,0.0,26.0,11.0,14.0,324.0,69.0,17.0,269.0,94.0,1079.0,1796
355170,2015,108.0,3.0,34.0,19.0,14.0,337.0,61.0,41.0,201.0,129.0,1086.0,1747
355170,2016,99.0,1.0,38.0,37.0,38.0,311.0,66.0,40.0,166.0,147.0,944.0,1540
355170,2017,91.0,1.0,40.0,16.0,15.0,355.0,60.0,47.0,220.0,128.0,974.0,1580
355170,2018,86.0,1.0,30.0,25.0,29.0,391.0,75.0,53.0,214.0,138.0,1042.0,1580
355170,2019,86.0,1.0,40.0,28.0,20.0,380.0,73.0,46.0,219.0,148.0,1041.0,1629
355180,2012,3.0,0.0,4.0,2.0,0.0,14.0,2.0,2.0,11.0,5.0,90.0,221
355180,2013,0.0,0.0,0.0,0.0,0.0,0.0,0.0,0.0,0.0,0.0,76.0,231
355180,2014,1.0,0.0,2.0,0.0,3.0,24.0,2.0,3.0,10.0,9.0,54.0,192
355180,2015,3.0,0.0,0.0,3.0,2.0,33.0,3.0,6.0,16.0,7.0,74.0,201
355180,2016,2.0,0.0,0.0,6.0,3.0,19.0,3.0,2.0,15.0,7.0,58.0,202
355180,2017,4.0,0.0,2.0,4.0,1.0,27.0,4.0,1.0,12.0,5.0,60.0,202
355180,2018,3.0,0.0,0.0,8.0,0.0,25.0,9.0,1.0,13.0,8.0,69.0,219
355180,2019,3.0,2.0,1.0,3.0,2.0,26.0,11.0,0.0,18.0,3.0,69.0,195
355190,2012,13.0,0.0,8.0,1.0,0.0,41.0,13.0,3.0,26.0,3.0,168.0,219
355190,2013,0.0,0.0,0.0,0.0,0.0,0.0,0.0,0.0,0.0,0.0,154.0,186
355190,2014,25.0,0.0,4.0,1.0,3.0,60.0,25.0,1.0,52.0,5.0,177.0,209
355190,2015,13.0,0.0,4.0,1.0,2.0,53.0,12.0,2.0,58.0,16.0,168.0,215
355190,2016,21.0,0.0,2.0,1.0,2.0,46.0,21.0,4.0,46.0,8.0,151.0,189
355190,2017,14.0,0.0,4.0,3.0,2.0,57.0,15.0,0.0,43.0,9.0,147.0,185
355190,2018,14.0,0.0,6.0,4.0,3.0,57.0,12.0,4.0,39.0,17.0,156.0,204
355190,2019,15.0,0.0,1.0,4.0,1.0,59.0,13.0,3.0,49.0,10.0,155.0,205
355200,2012,2.0,0.0,0.0,0.0,0.0,11.0,2.0,0.0,5.0,3.0,41.0,72
355200,2013,0.0,0.0,0.0,0.0,0.0,0.0,0.0,0.0,0.0,0.0,40.0,64
355200,2014,0.0,0.0,0.0,0.0,0.0,15.0,1.0,1.0,8.0,7.0,34.0,68
355200,2015,3.0,0.0,0.0,1.0,0.0,18.0,2.0,2.0,5.0,4.0,37.0,62
355200,2016,0.0,0.0,0.0,1.0,0.0,12.0,0.0,1.0,14.0,2.0,34.0,59
355200,2017,5.0,0.0,0.0,1.0,1.0,21.0,4.0,2.0,5.0,9.0,48.0,70
355200,2018,4.0,0.0,0.0,1.0,0.0,12.0,6.0,4.0,7.0,7.0,42.0,72
355200,2019,5.0,0.0,2.0,3.0,0.0,20.0,0.0,0.0,7.0,10.0,48.0,67
355210,2012,29.0,1.0,8.0,2.0,2.0,75.0,5.0,6.0,70.0,47.0,279.0,406
355210,2013,0.0,0.0,0.0,0.0,0.0,0.0,0.0,0.0,0.0,0.0,311.0,411
355210,2014,28.0,1.0,12.0,9.0,6.0,105.0,21.0,8.0,79.0,36.0,309.0,407
355210,2015,23.0,0.0,4.0,3.0,1.0,112.0,11.0,16.0,72.0,44.0,290.0,374
355210,2016,29.0,2.0,16.0,7.0,7.0,106.0,13.0,9.0,49.0,50.0,288.0,422
355210,2017,22.0,3.0,8.0,14.0,7.0,116.0,24.0,6.0,70.0,34.0,304.0,414
355210,2018,27.0,1.0,4.0,2.0,9.0,115.0,22.0,4.0,64.0,37.0,285.0,389
355210,2019,20.0,0.0,16.0,4.0,6.0,125.0,26.0,12.0,72.0,37.0,319.0,437
355220,2012,520.0,28.0,197.0,112.0,142.0,1503.0,369.0,100.0,1794.0,381.0,5449.0,9057
355220,2013,0.0,0.0,0.0,0.0,0.0,0.0,0.0,0.0,0.0,0.0,5471.0,9112
355220,2014,454.0,13.0,194.0,120.0,116.0,1712.0,596.0,165.0,1608.0,401.0,5505.0,9093
355220,2015,391.0,15.0,198.0,128.0,126.0,1784.0,453.0,151.0,1412.0,405.0,5087.0,9446
355220,2016,341.0,12.0,204.0,147.0,136.0,1689.0,480.0,131.0,1287.0,388.0,4825.0,8935
355220,2017,377.0,14.0,180.0,160.0,143.0,1781.0,471.0,108.0,1420.0,377.0,5031.0,9267
355220,2018,360.0,16.0,215.0,160.0,150.0,1982.0,467.0,136.0,1351.0,404.0,5241.0,9418
355220,2019,331.0,16.0,179.0,169.0,154.0,1834.0,403.0,119.0,1161.0,326.0,4693.0,8914
355230,2012,5.0,0.0,0.0,0.0,1.0,22.0,10.0,1.0,31.0,8.0,86.0,114
355230,2013,0.0,0.0,0.0,0.0,0.0,0.0,0.0,0.0,0.0,0.0,95.0,114
355230,2014,4.0,0.0,0.0,0.0,2.0,32.0,9.0,2.0,29.0,5.0,88.0,103
355230,2015,8.0,1.0,2.0,0.0,2.0,28.0,10.0,3.0,23.0,3.0,81.0,99
355230,2016,4.0,0.0,2.0,1.0,1.0,36.0,6.0,1.0,24.0,5.0,80.0,90
355230,2017,0.0,0.0,2.0,0.0,0.0,17.0,3.0,1.0,10.0,2.0,88.0,106
355230,2018,6.0,0.0,2.0,0.0,1.0,43.0,14.0,1.0,30.0,9.0,106.0,118
355230,2019,4.0,1.0,4.0,2.0,1.0,25.0,12.0,1.0,20.0,10.0,80.0,86
355240,2012,205.0,8.0,86.0,96.0,96.0,659.0,165.0,47.0,727.0,202.0,2363.0,3895
355240,2013,0.0,0.0,0.0,0.0,0.0,0.0,0.0,0.0,0.0,0.0,2403.0,3871
355240,2014,223.0,2.0,63.0,157.0,134.0,609.0,192.0,115.0,549.0,290.0,2377.0,3897
355240,2015,171.0,3.0,115.0,115.0,105.0,703.0,197.0,132.0,492.0,294.0,2360.0,4071
355240,2016,186.0,6.0,75.0,44.0,49.0,689.0,125.0,212.0,271.0,485.0,2156.0,3877
355240,2017,192.0,5.0,119.0,64.0,48.0,785.0,205.0,105.0,432.0,310.0,2273.0,4056
355240,2018,167.0,6.0,96.0,75.0,48.0,785.0,165.0,108.0,370.0,256.0,2081.0,3880
355240,2019,195.0,6.0,80.0,73.0,41.0,743.0,181.0,118.0,368.0,285.0,2090.0,3889
355250,2012,180.0,3.0,66.0,62.0,70.0,808.0,176.0,40.0,674.0,181.0,2317.0,4395
355250,2013,0.0,0.0,0.0,0.0,0.0,0.0,0.0,0.0,0.0,0.0,2214.0,4350
355250,2014,172.0,3.0,99.0,54.0,36.0,818.0,215.0,96.0,549.0,235.0,2339.0,4551
355250,2015,147.0,8.0,86.0,63.0,35.0,824.0,189.0,105.0,534.0,214.0,2216.0,4651
355250,2016,180.0,6.0,77.0,52.0,31.0,795.0,207.0,114.0,467.0,269.0,2207.0,4458
355250,2017,191.0,5.0,87.0,62.0,45.0,826.0,199.0,109.0,429.0,301.0,2258.0,4559
355250,2018,245.0,3.0,92.0,58.0,33.0,837.0,190.0,94.0,458.0,200.0,2216.0,4489
355250,2019,260.0,6.0,82.0,42.0,45.0,856.0,234.0,85.0,478.0,220.0,2312.0,4287
355255,2012,5.0,0.0,0.0,1.0,1.0,10.0,0.0,3.0,5.0,3.0,32.0,44
355255,2013,0.0,0.0,0.0,0.0,0.0,0.0,0.0,0.0,0.0,0.0,45.0,54
355255,2014,0.0,0.0,0.0,0.0,0.0,14.0,4.0,3.0,7.0,1.0,30.0,37
355255,2015,2.0,0.0,0.0,0.0,0.0,12.0,5.0,2.0,8.0,2.0,32.0,43
355255,2016,0.0,0.0,2.0,0.0,0.0,11.0,1.0,1.0,4.0,6.0,26.0,37
355255,2017,2.0,0.0,2.0,0.0,0.0,9.0,1.0,1.0,6.0,5.0,33.0,42
355255,2018,1.0,0.0,0.0,0.0,0.0,14.0,3.0,4.0,5.0,6.0,33.0,42
355255,2019,1.0,0.0,0.0,0.0,0.0,12.0,3.0,1.0,4.0,6.0,28.0,29
355260,2012,7.0,1.0,0.0,0.0,0.0,15.0,2.0,0.0,19.0,5.0,117.0,130
355260,2013,0.0,0.0,0.0,0.0,0.0,0.0,0.0,0.0,0.0,0.0,122.0,139
355260,2014,9.0,0.0,7.0,3.0,0.0,44.0,12.0,2.0,39.0,8.0,125.0,149
355260,2015,8.0,0.0,2.0,2.0,2.0,52.0,8.0,0.0,36.0,4.0,114.0,142
355260,2016,9.0,0.0,8.0,1.0,2.0,32.0,8.0,0.0,33.0,2.0,95.0,112
355260,2017,12.0,0.0,3.0,2.0,1.0,40.0,9.0,0.0,32.0,3.0,102.0,117
355260,2018,9.0,0.0,4.0,2.0,2.0,31.0,8.0,1.0,24.0,2.0,85.0,108
355260,2019,6.0,0.0,2.0,1.0,1.0,49.0,7.0,1.0,22.0,6.0,95.0,113
355270,2012,20.0,0.0,2.0,2.0,2.0,39.0,9.0,0.0,50.0,9.0,141.0,193
355270,2013,0.0,0.0,0.0,0.0,0.0,0.0,0.0,0.0,0.0,0.0,146.0,176
355270,2014,13.0,0.0,5.0,1.0,0.0,45.0,17.0,4.0,47.0,6.0,144.0,185
355270,2015,18.0,0.0,2.0,1.0,3.0,45.0,16.0,1.0,61.0,12.0,163.0,195
355270,2016,15.0,0.0,2.0,1.0,1.0,56.0,11.0,5.0,44.0,11.0,148.0,205
355270,2017,18.0,0.0,0.0,1.0,3.0,66.0,10.0,9.0,40.0,19.0,171.0,212
355270,2018,22.0,0.0,1.0,1.0,2.0,62.0,10.0,7.0,35.0,19.0,164.0,196
355270,2019,16.0,0.0,4.0,3.0,0.0,63.0,10.0,6.0,56.0,9.0,168.0,200
355280,2012,243.0,26.0,69.0,60.0,78.0,705.0,182.0,53.0,840.0,145.0,2430.0,4552
355280,2013,0.0,0.0,0.0,0.0,0.0,0.0,0.0,0.0,0.0,0.0,2538.0,4548
355280,2014,194.0,4.0,92.0,81.0,57.0,833.0,335.0,75.0,823.0,157.0,2670.0,4755
355280,2015,179.0,6.0,76.0,66.0,56.0,821.0,266.0,54.0,680.0,124.0,2332.0,4702
355280,2016,130.0,8.0,100.0,87.0,61.0,730.0,277.0,45.0,606.0,134.0,2180.0,4329
355280,2017,170.0,6.0,104.0,79.0,70.0,801.0,260.0,45.0,663.0,127.0,2325.0,4661
355280,2018,132.0,13.0,94.0,77.0,48.0,769.0,248.0,40.0,538.0,111.0,2071.0,4330
355280,2019,142.0,6.0,72.0,49.0,70.0,735.0,223.0,63.0,514.0,143.0,2017.0,4055
355290,2012,2.0,0.0,0.0,0.0,0.0,8.0,1.0,2.0,5.0,3.0,47.0,65
355290,2013,0.0,0.0,0.0,0.0,0.0,0.0,0.0,0.0,0.0,0.0,58.0,85
355290,2014,7.0,0.0,0.0,0.0,1.0,17.0,2.0,0.0,8.0,8.0,46.0,73
355290,2015,8.0,0.0,2.0,2.0,0.0,26.0,0.0,4.0,16.0,9.0,68.0,91
355290,2016,10.0,0.0,0.0,2.0,0.0,28.0,4.0,3.0,14.0,7.0,69.0,81
355290,2017,7.0,0.0,0.0,1.0,0.0,23.0,4.0,0.0,9.0,8.0,52.0,74
355290,2018,7.0,0.0,0.0,0.0,1.0,23.0,2.0,2.0,7.0,5.0,47.0,79
355290,2019,5.0,0.0,0.0,2.0,1.0,26.0,2.0,3.0,9.0,8.0,56.0,77
355300,2012,3.0,0.0,2.0,1.0,2.0,14.0,4.0,1.0,9.0,11.0,67.0,193
355300,2013,0.0,0.0,0.0,0.0,0.0,0.0,0.0,0.0,0.0,0.0,63.0,179
355300,2014,4.0,0.0,2.0,2.0,4.0,19.0,9.0,2.0,18.0,13.0,73.0,167
355300,2015,7.0,0.0,2.0,0.0,5.0,15.0,4.0,6.0,19.0,17.0,75.0,180
355300,2016,8.0,0.0,2.0,1.0,5.0,19.0,10.0,10.0,10.0,11.0,76.0,176
355300,2017,5.0,1.0,4.0,2.0,2.0,28.0,11.0,7.0,19.0,23.0,103.0,185
355300,2018,11.0,2.0,2.0,4.0,5.0,36.0,4.0,8.0,17.0,7.0,97.0,191
355300,2019,9.0,0.0,2.0,1.0,3.0,34.0,12.0,16.0,24.0,10.0,112.0,200
355310,2012,4.0,0.0,1.0,0.0,0.0,7.0,2.0,0.0,9.0,2.0,55.0,68
355310,2013,0.0,0.0,0.0,0.0,0.0,0.0,0.0,0.0,0.0,0.0,52.0,66
355310,2014,3.0,0.0,0.0,0.0,0.0,19.0,9.0,3.0,16.0,0.0,64.0,74
355310,2015,1.0,0.0,0.0,0.0,1.0,20.0,4.0,2.0,13.0,4.0,71.0,88
355310,2016,3.0,0.0,0.0,0.0,0.0,16.0,4.0,3.0,9.0,8.0,44.0,54
355310,2017,4.0,0.0,0.0,1.0,0.0,20.0,1.0,3.0,12.0,7.0,48.0,63
355310,2018,4.0,0.0,4.0,0.0,0.0,24.0,2.0,4.0,5.0,6.0,49.0,67
355310,2019,3.0,0.0,2.0,1.0,0.0,25.0,2.0,3.0,9.0,7.0,52.0,72
355320,2012,4.0,0.0,0.0,1.0,0.0,8.0,4.0,0.0,10.0,0.0,40.0,50
355320,2013,0.0,0.0,0.0,0.0,0.0,0.0,0.0,0.0,0.0,0.0,43.0,49
355320,2014,4.0,0.0,0.0,1.0,1.0,15.0,0.0,0.0,14.0,3.0,50.0,59
355320,2015,4.0,0.0,0.0,1.0,2.0,15.0,2.0,0.0,15.0,1.0,47.0,54
355320,2016,2.0,0.0,4.0,0.0,1.0,18.0,3.0,2.0,13.0,9.0,53.0,60
355320,2017,3.0,0.0,2.0,4.0,2.0,16.0,2.0,2.0,13.0,3.0,47.0,58
355320,2018,2.0,0.0,0.0,1.0,4.0,20.0,3.0,2.0,11.0,6.0,49.0,68
355320,2019,1.0,0.0,0.0,0.0,0.0,18.0,1.0,4.0,8.0,3.0,35.0,47
355330,2012,12.0,0.0,4.0,0.0,1.0,30.0,1.0,5.0,28.0,12.0,222.0,288
355330,2013,0.0,0.0,0.0,0.0,0.0,0.0,0.0,0.0,0.0,0.0,253.0,313
355330,2014,52.0,0.0,6.0,5.0,3.0,83.0,12.0,19.0,41.0,30.0,257.0,302
355330,2015,41.0,1.0,2.0,9.0,2.0,84.0,14.0,11.0,51.0,34.0,260.0,315
355330,2016,31.0,1.0,4.0,1.0,0.0,77.0,11.0,23.0,38.0,54.0,248.0,276
355330,2017,28.0,0.0,4.0,7.0,2.0,99.0,10.0,15.0,39.0,48.0,255.0,303
355330,2018,22.0,0.0,14.0,6.0,4.0,105.0,11.0,17.0,27.0,39.0,245.0,272
355330,2019,21.0,0.0,8.0,6.0,4.0,121.0,6.0,15.0,30.0,41.0,252.0,283
355340,2012,19.0,0.0,1.0,3.0,2.0,56.0,13.0,5.0,47.0,14.0,215.0,243
355340,2013,0.0,0.0,0.0,0.0,0.0,0.0,0.0,0.0,0.0,0.0,288.0,314
355340,2014,37.0,0.0,12.0,1.0,3.0,87.0,21.0,5.0,79.0,15.0,262.0,301
355340,2015,40.0,0.0,2.0,4.0,3.0,100.0,22.0,2.0,78.0,12.0,263.0,292
355340,2016,21.0,0.0,2.0,7.0,5.0,87.0,21.0,7.0,58.0,23.0,232.0,259
355340,2017,21.0,1.0,6.0,3.0,5.0,80.0,16.0,6.0,50.0,28.0,216.0,249
355340,2018,24.0,2.0,0.0,4.0,5.0,79.0,15.0,5.0,33.0,35.0,202.0,251
355340,2019,20.0,0.0,6.0,4.0,3.0,102.0,14.0,7.0,39.0,35.0,230.0,281
355350,2012,5.0,0.0,2.0,1.0,0.0,19.0,7.0,0.0,14.0,3.0,57.0,110
355350,2013,0.0,0.0,0.0,0.0,0.0,0.0,0.0,0.0,0.0,0.0,46.0,89
355350,2014,3.0,0.0,0.0,0.0,0.0,10.0,6.0,1.0,10.0,8.0,39.0,89
355350,2015,1.0,0.0,0.0,1.0,1.0,19.0,6.0,5.0,11.0,15.0,60.0,123
355350,2016,3.0,0.0,2.0,2.0,0.0,24.0,8.0,2.0,10.0,6.0,57.0,89
355350,2017,0.0,0.0,2.0,0.0,2.0,22.0,5.0,3.0,15.0,3.0,52.0,97
355350,2018,3.0,0.0,2.0,3.0,0.0,22.0,5.0,2.0,18.0,6.0,61.0,119
355350,2019,0.0,2.0,0.0,4.0,2.0,20.0,4.0,2.0,19.0,5.0,58.0,97
355360,2012,4.0,2.0,4.0,2.0,0.0,12.0,0.0,3.0,18.0,7.0,98.0,147
355360,2013,0.0,0.0,0.0,0.0,0.0,0.0,0.0,0.0,0.0,0.0,109.0,124
355360,2014,13.0,0.0,2.0,1.0,0.0,27.0,26.0,0.0,38.0,2.0,128.0,138
355360,2015,14.0,0.0,4.0,0.0,2.0,38.0,13.0,4.0,38.0,4.0,133.0,147
355360,2016,8.0,0.0,7.0,0.0,4.0,43.0,13.0,5.0,35.0,6.0,133.0,144
355360,2017,10.0,0.0,2.0,3.0,5.0,41.0,20.0,0.0,37.0,6.0,124.0,142
355360,2018,11.0,3.0,0.0,5.0,2.0,46.0,8.0,0.0,25.0,6.0,108.0,127
355360,2019,7.0,0.0,4.0,2.0,2.0,34.0,6.0,3.0,25.0,5.0,89.0,112
355365,2012,0.0,0.0,0.0,0.0,0.0,9.0,3.0,0.0,7.0,0.0,27.0,35
355365,2013,0.0,0.0,0.0,0.0,0.0,0.0,0.0,0.0,0.0,0.0,26.0,32
355365,2014,0.0,0.0,0.0,0.0,0.0,11.0,2.0,1.0,9.0,4.0,27.0,30
355365,2015,0.0,0.0,0.0,1.0,0.0,15.0,3.0,0.0,8.0,0.0,28.0,32
355365,2016,1.0,0.0,0.0,1.0,0.0,7.0,1.0,1.0,3.0,2.0,16.0,20
355365,2017,1.0,0.0,0.0,1.0,0.0,7.0,2.0,2.0,3.0,3.0,19.0,19
355365,2018,1.0,0.0,2.0,0.0,0.0,12.0,0.0,0.0,1.0,4.0,20.0,29
355365,2019,1.0,0.0,0.0,1.0,2.0,11.0,0.0,1.0,4.0,3.0,23.0,28
355370,2012,49.0,1.0,8.0,9.0,9.0,103.0,17.0,1.0,108.0,20.0,431.0,644
355370,2013,0.0,0.0,0.0,0.0,0.0,0.0,0.0,0.0,0.0,0.0,479.0,654
355370,2014,64.0,1.0,20.0,6.0,9.0,130.0,38.0,9.0,161.0,23.0,514.0,682
355370,2015,39.0,0.0,7.0,9.0,5.0,150.0,50.0,4.0,129.0,30.0,499.0,670
355370,2016,32.0,0.0,10.0,6.0,6.0,152.0,36.0,13.0,130.0,35.0,501.0,645
355370,2017,63.0,0.0,17.0,4.0,7.0,175.0,46.0,12.0,141.0,19.0,542.0,636
355370,2018,47.0,0.0,12.0,11.0,13.0,164.0,49.0,10.0,131.0,34.0,501.0,614
355370,2019,52.0,0.0,15.0,8.0,7.0,158.0,38.0,13.0,114.0,31.0,492.0,568
355380,2012,15.0,1.0,0.0,12.0,10.0,29.0,17.0,7.0,46.0,7.0,184.0,296
355380,2013,0.0,0.0,0.0,0.0,0.0,0.0,0.0,0.0,0.0,0.0,190.0,313
355380,2014,7.0,3.0,8.0,5.0,3.0,40.0,28.0,8.0,53.0,17.0,173.0,282
355380,2015,15.0,1.0,5.0,3.0,6.0,67.0,28.0,6.0,48.0,11.0,191.0,338
355380,2016,16.0,1.0,2.0,5.0,2.0,60.0,22.0,5.0,66.0,9.0,188.0,312
355380,2017,12.0,1.0,2.0,13.0,6.0,50.0,13.0,7.0,37.0,17.0,158.0,288
355380,2018,20.0,1.0,3.0,5.0,6.0,85.0,20.0,7.0,37.0,20.0,204.0,330
355380,2019,11.0,0.0,10.0,4.0,7.0,63.0,24.0,5.0,54.0,20.0,198.0,331
355385,2012,3.0,1.0,1.0,1.0,0.0,14.0,2.0,0.0,26.0,0.0,50.0,94
355385,2013,0.0,0.0,0.0,0.0,0.0,0.0,0.0,0.0,0.0,0.0,42.0,75
355385,2014,4.0,0.0,2.0,0.0,1.0,14.0,4.0,1.0,9.0,5.0,40.0,76
355385,2015,3.0,0.0,0.0,3.0,1.0,14.0,6.0,0.0,11.0,1.0,39.0,77
355385,2016,1.0,0.0,4.0,2.0,4.0,18.0,6.0,1.0,10.0,2.0,48.0,83
355385,2017,4.0,0.0,0.0,1.0,1.0,23.0,5.0,0.0,15.0,2.0,51.0,95
355385,2018,7.0,1.0,0.0,1.0,3.0,21.0,2.0,0.0,22.0,1.0,58.0,122
355385,2019,3.0,0.0,2.0,3.0,2.0,20.0,7.0,1.0,15.0,1.0,54.0,108
355390,2012,3.0,0.0,0.0,1.0,0.0,7.0,1.0,2.0,6.0,6.0,49.0,76
355390,2013,0.0,0.0,0.0,0.0,0.0,0.0,0.0,0.0,0.0,0.0,68.0,93
355390,2014,5.0,0.0,0.0,0.0,3.0,15.0,4.0,8.0,12.0,7.0,60.0,91
355390,2015,4.0,0.0,0.0,1.0,3.0,29.0,2.0,7.0,10.0,13.0,69.0,99
355390,2016,7.0,0.0,2.0,3.0,1.0,27.0,3.0,6.0,5.0,12.0,66.0,96
355390,2017,5.0,0.0,0.0,2.0,2.0,21.0,3.0,0.0,12.0,9.0,54.0,84
355390,2018,3.0,0.0,2.0,3.0,1.0,22.0,5.0,1.0,5.0,5.0,47.0,95
355390,2019,5.0,0.0,1.0,1.0,0.0,26.0,2.0,2.0,9.0,4.0,50.0,85
355395,2012,0.0,0.0,0.0,0.0,1.0,6.0,1.0,2.0,6.0,1.0,130.0,200
355395,2013,0.0,0.0,0.0,0.0,0.0,0.0,0.0,0.0,0.0,0.0,128.0,190
355395,2014,17.0,1.0,7.0,3.0,3.0,52.0,13.0,9.0,30.0,8.0,146.0,213
355395,2015,10.0,0.0,2.0,3.0,3.0,68.0,8.0,3.0,35.0,18.0,150.0,226
355395,2016,14.0,0.0,6.0,3.0,3.0,60.0,17.0,5.0,33.0,7.0,148.0,208
355395,2017,12.0,1.0,4.0,1.0,1.0,48.0,20.0,3.0,38.0,14.0,142.0,209
355395,2018,11.0,0.0,2.0,3.0,1.0,63.0,24.0,1.0,41.0,9.0,155.0,211
355395,2019,11.0,0.0,4.0,8.0,2.0,60.0,22.0,3.0,26.0,8.0,144.0,190
355400,2012,101.0,1.0,29.0,16.0,10.0,265.0,44.0,48.0,166.0,167.0,1141.0,1756
355400,2013,0.0,0.0,0.0,0.0,0.0,0.0,0.0,0.0,0.0,0.0,1124.0,1701
355400,2014,84.0,1.0,39.0,27.0,17.0,390.0,98.0,47.0,311.0,135.0,1156.0,1793
355400,2015,125.0,4.0,23.0,37.0,24.0,385.0,128.0,22.0,325.0,38.0,1111.0,1749
355400,2016,106.0,0.0,26.0,25.0,22.0,359.0,99.0,28.0,297.0,78.0,1040.0,1623
355400,2017,98.0,2.0,27.0,24.0,24.0,413.0,79.0,59.0,200.0,204.0,1130.0,1694
355400,2018,104.0,2.0,30.0,17.0,19.0,413.0,50.0,81.0,132.0,241.0,1089.0,1741
355400,2019,78.0,2.0,36.0,41.0,23.0,425.0,50.0,59.0,136.0,157.0,1008.0,1602
355410,2012,208.0,12.0,57.0,39.0,34.0,574.0,18.0,50.0,232.0,461.0,2709.0,3951
355410,2013,0.0,0.0,0.0,0.0,0.0,0.0,0.0,0.0,0.0,0.0,2764.0,4134
355410,2014,224.0,7.0,71.0,41.0,37.0,948.0,181.0,87.0,711.0,259.0,2733.0,4190
355410,2015,197.0,12.0,59.0,29.0,29.0,921.0,238.0,47.0,792.0,145.0,2491.0,4031
355410,2016,163.0,45.0,81.0,38.0,40.0,964.0,179.0,63.0,651.0,261.0,2490.0,3951
355410,2017,246.0,8.0,51.0,68.0,41.0,971.0,201.0,58.0,633.0,207.0,2486.0,3991
355410,2018,203.0,16.0,70.0,75.0,38.0,1011.0,190.0,54.0,645.0,199.0,2505.0,3909
355410,2019,207.0,12.0,74.0,71.0,46.0,1050.0,158.0,81.0,604.0,241.0,2544.0,3851
355420,2012,1.0,1.0,4.0,3.0,0.0,14.0,0.0,3.0,7.0,11.0,45.0,83
355420,2013,0.0,0.0,0.0,0.0,0.0,0.0,0.0,0.0,0.0,0.0,37.0,66
355420,2014,4.0,0.0,2.0,2.0,2.0,13.0,2.0,2.0,5.0,11.0,43.0,63
355420,2015,0.0,0.0,0.0,2.0,2.0,16.0,0.0,5.0,2.0,10.0,39.0,61
355420,2016,2.0,0.0,0.0,3.0,2.0,12.0,1.0,5.0,4.0,11.0,40.0,66
355420,2017,3.0,0.0,0.0,0.0,0.0,16.0,1.0,10.0,3.0,20.0,53.0,80
355420,2018,4.0,1.0,2.0,1.0,0.0,13.0,0.0,10.0,1.0,17.0,49.0,68
355420,2019,6.0,0.0,2.0,2.0,1.0,13.0,1.0,8.0,6.0,14.0,61.0,74
355430,2012,14.0,2.0,2.0,3.0,3.0,63.0,8.0,5.0,29.0,32.0,253.0,358
355430,2013,0.0,0.0,0.0,0.0,0.0,0.0,0.0,0.0,0.0,0.0,242.0,322
355430,2014,22.0,2.0,6.0,6.0,2.0,89.0,18.0,12.0,45.0,46.0,254.0,356
355430,2015,22.0,1.0,8.0,7.0,4.0,97.0,20.0,17.0,49.0,37.0,268.0,387
355430,2016,20.0,1.0,14.0,6.0,4.0,86.0,21.0,17.0,40.0,37.0,246.0,332
355430,2017,21.0,1.0,4.0,7.0,4.0,131.0,18.0,14.0,40.0,40.0,282.0,355
355430,2018,21.0,1.0,2.0,2.0,2.0,145.0,8.0,18.0,32.0,21.0,252.0,333
355430,2019,23.0,2.0,4.0,6.0,1.0,127.0,9.0,29.0,16.0,34.0,252.0,328
355440,2012,2.0,0.0,0.0,0.0,1.0,17.0,4.0,0.0,16.0,2.0,82.0,94
355440,2013,0.0,0.0,0.0,0.0,0.0,0.0,0.0,0.0,0.0,0.0,93.0,109
355440,2014,6.0,0.0,2.0,1.0,2.0,42.0,4.0,0.0,26.0,6.0,91.0,103
355440,2015,8.0,0.0,0.0,0.0,0.0,34.0,7.0,1.0,24.0,6.0,83.0,96
355440,2016,5.0,0.0,2.0,1.0,0.0,35.0,4.0,1.0,41.0,4.0,93.0,107
355440,2017,8.0,0.0,2.0,0.0,0.0,35.0,3.0,2.0,34.0,2.0,86.0,97
355440,2018,2.0,0.0,4.0,0.0,0.0,53.0,2.0,1.0,17.0,7.0,86.0,99
355440,2019,8.0,0.0,6.0,1.0,2.0,33.0,1.0,1.0,21.0,1.0,76.0,94
355450,2012,35.0,0.0,4.0,7.0,10.0,80.0,12.0,10.0,57.0,28.0,310.0,456
355450,2013,0.0,0.0,0.0,0.0,0.0,0.0,0.0,0.0,0.0,0.0,348.0,499
355450,2014,15.0,0.0,12.0,15.0,9.0,116.0,38.0,15.0,83.0,49.0,353.0,460
355450,2015,19.0,0.0,14.0,10.0,9.0,136.0,26.0,14.0,113.0,44.0,389.0,514
355450,2016,28.0,0.0,5.0,8.0,8.0,107.0,23.0,19.0,72.0,43.0,315.0,462
355450,2017,25.0,3.0,10.0,3.0,5.0,147.0,40.0,10.0,121.0,32.0,396.0,531
355450,2018,21.0,0.0,15.0,14.0,10.0,112.0,28.0,17.0,95.0,43.0,355.0,512
355450,2019,17.0,1.0,14.0,6.0,6.0,116.0,31.0,21.0,67.0,45.0,324.0,486
355460,2012,3.0,0.0,0.0,0.0,0.0,0.0,1.0,0.0,1.0,1.0,6.0,10
355460,2013,0.0,0.0,0.0,0.0,0.0,0.0,0.0,0.0,0.0,0.0,17.0,25
355460,2014,0.0,0.0,0.0,0.0,0.0,2.0,2.0,1.0,3.0,5.0,22.0,30
355460,2015,0.0,0.0,0.0,0.0,1.0,1.0,1.0,0.0,1.0,1.0,11.0,19
355460,2016,3.0,0.0,2.0,1.0,0.0,3.0,0.0,3.0,0.0,3.0,15.0,24
355460,2017,1.0,0.0,0.0,2.0,0.0,3.0,1.0,1.0,2.0,1.0,11.0,21
355460,2018,0.0,0.0,0.0,2.0,0.0,2.0,3.0,3.0,0.0,3.0,13.0,21
355460,2019,1.0,0.0,0.0,0.0,0.0,4.0,2.0,3.0,2.0,2.0,15.0,21
355465,2012,2.0,0.0,0.0,0.0,0.0,4.0,1.0,2.0,0.0,0.0,10.0,24
355465,2013,0.0,0.0,0.0,0.0,0.0,0.0,0.0,0.0,0.0,0.0,16.0,33
355465,2014,2.0,0.0,0.0,1.0,0.0,4.0,1.0,2.0,0.0,2.0,13.0,27
355465,2015,3.0,0.0,0.0,1.0,0.0,5.0,1.0,0.0,5.0,1.0,16.0,25
355465,2016,1.0,0.0,0.0,2.0,0.0,6.0,1.0,2.0,1.0,1.0,14.0,28
355465,2017,0.0,0.0,0.0,0.0,0.0,8.0,1.0,2.0,1.0,1.0,13.0,20
355465,2018,1.0,0.0,0.0,0.0,0.0,5.0,4.0,1.0,4.0,0.0,15.0,27
355465,2019,2.0,0.0,0.0,0.0,0.0,2.0,3.0,0.0,6.0,1.0,14.0,29
355470,2012,3.0,0.0,0.0,1.0,1.0,17.0,0.0,1.0,14.0,6.0,61.0,89
355470,2013,0.0,0.0,0.0,0.0,0.0,0.0,0.0,0.0,0.0,0.0,80.0,115
355470,2014,4.0,0.0,0.0,0.0,1.0,21.0,5.0,2.0,13.0,6.0,55.0,97
355470,2015,4.0,0.0,0.0,0.0,0.0,26.0,2.0,3.0,9.0,4.0,49.0,95
355470,2016,3.0,1.0,0.0,0.0,0.0,19.0,2.0,2.0,15.0,6.0,52.0,85
355470,2017,7.0,0.0,0.0,0.0,1.0,28.0,2.0,4.0,17.0,13.0,72.0,103
355470,2018,9.0,0.0,3.0,2.0,1.0,34.0,5.0,3.0,11.0,9.0,77.0,115
355470,2019,9.0,0.0,0.0,0.0,1.0,30.0,6.0,1.0,17.0,3.0,67.0,97
355475,2012,1.0,0.0,0.0,0.0,1.0,3.0,2.0,1.0,3.0,2.0,14.0,21
355475,2013,0.0,0.0,0.0,0.0,0.0,0.0,0.0,0.0,0.0,0.0,12.0,18
355475,2014,0.0,0.0,2.0,0.0,1.0,6.0,0.0,0.0,1.0,1.0,11.0,18
355475,2015,0.0,0.0,0.0,0.0,1.0,4.0,1.0,0.0,3.0,0.0,10.0,14
355475,2016,1.0,0.0,0.0,0.0,0.0,2.0,0.0,1.0,1.0,1.0,6.0,11
355475,2017,0.0,0.0,0.0,0.0,1.0,4.0,1.0,0.0,2.0,2.0,10.0,20
355475,2018,1.0,0.0,0.0,1.0,0.0,2.0,1.0,0.0,2.0,0.0,7.0,14
355475,2019,0.0,0.0,1.0,1.0,0.0,7.0,1.0,0.0,5.0,1.0,16.0,27
355480,2012,26.0,1.0,7.0,4.0,2.0,76.0,0.0,10.0,30.0,59.0,372.0,547
355480,2013,0.0,0.0,0.0,0.0,0.0,0.0,0.0,0.0,0.0,0.0,379.0,583
355480,2014,36.0,0.0,8.0,6.0,6.0,147.0,26.0,16.0,84.0,32.0,378.0,580
355480,2015,22.0,1.0,13.0,9.0,3.0,163.0,24.0,2.0,118.0,12.0,371.0,608
355480,2016,29.0,7.0,14.0,8.0,2.0,131.0,34.0,6.0,96.0,34.0,362.0,582
355480,2017,28.0,1.0,14.0,9.0,3.0,154.0,36.0,3.0,95.0,20.0,363.0,586
355480,2018,39.0,1.0,9.0,8.0,6.0,126.0,20.0,9.0,63.0,26.0,307.0,517
355480,2019,26.0,2.0,15.0,7.0,2.0,155.0,29.0,7.0,85.0,29.0,357.0,574
355490,2012,1.0,0.0,0.0,1.0,0.0,2.0,2.0,0.0,8.0,0.0,47.0,59
355490,2013,0.0,0.0,0.0,0.0,0.0,0.0,0.0,0.0,0.0,0.0,47.0,66
355490,2014,1.0,0.0,3.0,0.0,1.0,25.0,6.0,0.0,19.0,4.0,59.0,80
355490,2015,3.0,1.0,0.0,2.0,2.0,17.0,6.0,2.0,12.0,5.0,52.0,77
355490,2016,6.0,0.0,0.0,2.0,1.0,17.0,12.0,0.0,8.0,5.0,51.0,69
355490,2017,5.0,0.0,0.0,1.0,0.0,18.0,5.0,1.0,14.0,1.0,45.0,64
355490,2018,4.0,0.0,4.0,2.0,3.0,16.0,4.0,0.0,12.0,4.0,49.0,67
355490,2019,2.0,0.0,4.0,3.0,0.0,23.0,5.0,0.0,12.0,4.0,53.0,70
355495,2012,1.0,1.0,2.0,0.0,1.0,9.0,5.0,2.0,5.0,7.0,42.0,66
355495,2013,0.0,0.0,0.0,0.0,0.0,0.0,0.0,0.0,0.0,0.0,41.0,63
355495,2014,2.0,0.0,0.0,1.0,0.0,17.0,5.0,5.0,16.0,5.0,55.0,75
355495,2015,3.0,0.0,0.0,2.0,3.0,12.0,9.0,2.0,11.0,8.0,50.0,68
355495,2016,3.0,0.0,5.0,1.0,0.0,20.0,4.0,3.0,8.0,15.0,60.0,90
355495,2017,2.0,0.0,0.0,1.0,1.0,18.0,1.0,1.0,8.0,8.0,40.0,53
355495,2018,3.0,0.0,0.0,0.0,1.0,20.0,3.0,1.0,14.0,4.0,46.0,66
355495,2019,4.0,0.0,0.0,2.0,0.0,12.0,5.0,0.0,8.0,0.0,31.0,64
355500,2012,0.0,0.0,5.0,0.0,1.0,1.0,0.0,1.0,2.0,1.0,470.0,767
355500,2013,0.0,0.0,0.0,0.0,0.0,0.0,0.0,0.0,0.0,0.0,424.0,697
355500,2014,36.0,0.0,8.0,11.0,9.0,150.0,39.0,19.0,131.0,61.0,489.0,782
355500,2015,31.0,1.0,6.0,7.0,8.0,162.0,25.0,20.0,119.0,68.0,449.0,780
355500,2016,20.0,1.0,8.0,11.0,7.0,173.0,26.0,16.0,115.0,73.0,450.0,742
355500,2017,28.0,1.0,11.0,10.0,5.0,157.0,31.0,20.0,114.0,57.0,434.0,732
355500,2018,39.0,0.0,10.0,11.0,11.0,221.0,43.0,30.0,130.0,60.0,555.0,780
355500,2019,32.0,0.0,4.0,10.0,10.0,176.0,56.0,18.0,129.0,68.0,503.0,695
355510,2012,4.0,0.0,3.0,2.0,6.0,42.0,6.0,13.0,19.0,30.0,141.0,167
355510,2013,0.0,0.0,0.0,0.0,0.0,0.0,0.0,0.0,0.0,0.0,130.0,163
355510,2014,11.0,1.0,5.0,4.0,0.0,57.0,8.0,12.0,23.0,34.0,157.0,196
355510,2015,12.0,0.0,8.0,2.0,0.0,53.0,3.0,13.0,24.0,39.0,155.0,193
355510,2016,11.0,0.0,2.0,2.0,1.0,64.0,4.0,5.0,16.0,32.0,137.0,165
355510,2017,10.0,0.0,0.0,0.0,2.0,59.0,8.0,1.0,25.0,15.0,120.0,141
355510,2018,6.0,0.0,0.0,4.0,4.0,39.0,5.0,6.0,16.0,16.0,96.0,118
355510,2019,8.0,0.0,4.0,2.0,1.0,46.0,4.0,3.0,15.0,27.0,110.0,126
355520,2012,1.0,0.0,0.0,1.0,0.0,3.0,0.0,0.0,1.0,0.0,8.0,14
355520,2013,0.0,0.0,0.0,0.0,0.0,0.0,0.0,0.0,0.0,0.0,17.0,18
355520,2014,1.0,0.0,0.0,0.0,0.0,5.0,2.0,0.0,2.0,0.0,10.0,13
355520,2015,4.0,0.0,0.0,2.0,0.0,3.0,0.0,0.0,1.0,0.0,10.0,14
355520,2016,4.0,0.0,0.0,1.0,0.0,3.0,1.0,0.0,4.0,0.0,14.0,22
355520,2017,0.0,0.0,0.0,0.0,0.0,5.0,1.0,0.0,4.0,0.0,10.0,13
355520,2018,0.0,0.0,0.0,0.0,2.0,3.0,2.0,0.0,1.0,2.0,10.0,12
355520,2019,2.0,0.0,0.0,0.0,0.0,4.0,0.0,0.0,1.0,2.0,9.0,15
355530,2012,0.0,0.0,0.0,0.0,0.0,0.0,1.0,0.0,1.0,0.0,6.0,7
355530,2013,0.0,0.0,0.0,0.0,0.0,0.0,0.0,0.0,0.0,0.0,12.0,15
355530,2014,0.0,0.0,0.0,0.0,0.0,4.0,1.0,0.0,1.0,0.0,9.0,10
355530,2015,0.0,0.0,0.0,0.0,0.0,2.0,2.0,1.0,1.0,1.0,8.0,11
355530,2016,2.0,0.0,0.0,0.0,0.0,6.0,1.0,1.0,0.0,1.0,13.0,14
355530,2017,4.0,0.0,0.0,0.0,2.0,5.0,1.0,1.0,0.0,3.0,16.0,18
355530,2018,0.0,0.0,0.0,0.0,0.0,7.0,1.0,0.0,3.0,2.0,13.0,14
355530,2019,0.0,0.0,0.0,0.0,0.0,4.0,0.0,0.0,1.0,4.0,9.0,11
355535,2012,8.0,1.0,2.0,1.0,0.0,26.0,8.0,2.0,11.0,9.0,74.0,92
355535,2013,0.0,0.0,0.0,0.0,0.0,0.0,0.0,0.0,0.0,0.0,55.0,75
355535,2014,11.0,0.0,0.0,0.0,0.0,24.0,4.0,3.0,15.0,5.0,66.0,81
355535,2015,5.0,0.0,2.0,1.0,0.0,13.0,3.0,6.0,6.0,7.0,46.0,56
355535,2016,6.0,0.0,0.0,2.0,2.0,26.0,4.0,0.0,10.0,11.0,61.0,76
355535,2017,5.0,0.0,2.0,2.0,1.0,33.0,4.0,6.0,18.0,7.0,78.0,92
355535,2018,3.0,0.0,0.0,1.0,0.0,27.0,2.0,4.0,8.0,8.0,53.0,77
355535,2019,3.0,0.0,2.0,1.0,0.0,40.0,6.0,2.0,7.0,10.0,71.0,89
355540,2012,26.0,0.0,9.0,5.0,3.0,61.0,12.0,6.0,31.0,28.0,465.0,1158
355540,2013,0.0,0.0,0.0,0.0,0.0,0.0,0.0,0.0,0.0,0.0,477.0,1093
355540,2014,60.0,0.0,11.0,6.0,8.0,157.0,46.0,38.0,108.0,77.0,549.0,1170
355540,2015,56.0,2.0,14.0,6.0,9.0,137.0,34.0,53.0,97.0,119.0,619.0,1323
355540,2016,62.0,3.0,34.0,18.0,11.0,151.0,79.0,44.0,92.0,106.0,704.0,1233
355540,2017,94.0,1.0,14.0,18.0,10.0,205.0,59.0,71.0,133.0,150.0,771.0,1272
355540,2018,110.0,5.0,30.0,18.0,12.0,240.0,102.0,40.0,175.0,97.0,829.0,1392
355540,2019,77.0,1.0,23.0,14.0,16.0,228.0,63.0,46.0,124.0,65.0,657.0,1312
355550,2012,0.0,0.0,0.0,0.0,0.0,1.0,1.0,1.0,2.0,2.0,45.0,71
355550,2013,0.0,0.0,0.0,0.0,0.0,0.0,0.0,0.0,0.0,0.0,37.0,62
355550,2014,3.0,0.0,0.0,1.0,2.0,20.0,8.0,1.0,12.0,2.0,49.0,69
355550,2015,2.0,0.0,2.0,0.0,2.0,18.0,5.0,1.0,15.0,2.0,47.0,72
355550,2016,3.0,0.0,2.0,1.0,0.0,16.0,5.0,5.0,7.0,3.0,43.0,82
355550,2017,7.0,2.0,3.0,1.0,0.0,20.0,2.0,1.0,12.0,2.0,50.0,86
355550,2018,3.0,0.0,0.0,1.0,2.0,30.0,4.0,0.0,8.0,3.0,51.0,94
355550,2019,4.0,0.0,2.0,0.0,0.0,15.0,1.0,1.0,2.0,5.0,30.0,66
355560,2012,13.0,0.0,8.0,1.0,1.0,22.0,6.0,1.0,18.0,4.0,89.0,117
355560,2013,0.0,0.0,0.0,0.0,0.0,0.0,0.0,0.0,0.0,0.0,98.0,119
355560,2014,8.0,0.0,3.0,2.0,3.0,37.0,14.0,3.0,23.0,8.0,102.0,122
355560,2015,8.0,0.0,0.0,3.0,4.0,33.0,5.0,1.0,22.0,5.0,82.0,99
355560,2016,7.0,0.0,2.0,2.0,2.0,22.0,9.0,3.0,24.0,6.0,77.0,95
355560,2017,10.0,0.0,0.0,1.0,3.0,23.0,11.0,4.0,18.0,10.0,80.0,94
355560,2018,9.0,0.0,0.0,1.0,1.0,29.0,1.0,3.0,12.0,16.0,72.0,95
355560,2019,4.0,0.0,7.0,1.0,1.0,33.0,8.0,2.0,23.0,7.0,86.0,111
355570,2012,3.0,0.0,0.0,1.0,1.0,4.0,2.0,0.0,2.0,2.0,20.0,24
355570,2013,0.0,0.0,0.0,0.0,0.0,0.0,0.0,0.0,0.0,0.0,20.0,26
355570,2014,4.0,0.0,0.0,0.0,0.0,9.0,1.0,0.0,3.0,1.0,18.0,21
355570,2015,1.0,0.0,0.0,1.0,0.0,7.0,1.0,1.0,2.0,3.0,16.0,22
355570,2016,4.0,0.0,0.0,2.0,0.0,8.0,0.0,1.0,3.0,0.0,18.0,23
355570,2017,1.0,0.0,2.0,0.0,1.0,3.0,0.0,0.0,3.0,1.0,11.0,13
355570,2018,3.0,0.0,5.0,1.0,0.0,10.0,0.0,0.0,4.0,4.0,27.0,34
355570,2019,3.0,0.0,0.0,1.0,0.0,8.0,1.0,0.0,4.0,1.0,18.0,24
355580,2012,2.0,0.0,0.0,0.0,4.0,8.0,4.0,0.0,7.0,2.0,66.0,78
355580,2013,0.0,0.0,0.0,0.0,0.0,0.0,0.0,0.0,0.0,0.0,77.0,90
355580,2014,14.0,0.0,0.0,0.0,0.0,31.0,3.0,5.0,18.0,16.0,87.0,112
355580,2015,5.0,1.0,0.0,1.0,0.0,29.0,6.0,7.0,16.0,10.0,80.0,95
355580,2016,6.0,0.0,2.0,3.0,0.0,36.0,8.0,3.0,15.0,3.0,76.0,91
355580,2017,11.0,0.0,2.0,0.0,0.0,36.0,6.0,4.0,14.0,14.0,88.0,99
355580,2018,5.0,0.0,0.0,2.0,1.0,30.0,4.0,4.0,19.0,13.0,78.0,89
355580,2019,8.0,0.0,2.0,0.0,1.0,33.0,4.0,6.0,5.0,18.0,77.0,90
355590,2012,3.0,0.0,0.0,0.0,0.0,2.0,0.0,0.0,1.0,0.0,14.0,16
355590,2013,0.0,0.0,0.0,0.0,0.0,0.0,0.0,0.0,0.0,0.0,18.0,20
355590,2014,2.0,0.0,0.0,0.0,0.0,2.0,0.0,0.0,0.0,2.0,12.0,14
355590,2015,1.0,0.0,0.0,0.0,0.0,3.0,1.0,0.0,0.0,1.0,16.0,18
355590,2016,3.0,0.0,0.0,0.0,0.0,2.0,0.0,1.0,2.0,0.0,14.0,15
355590,2017,0.0,0.0,0.0,1.0,0.0,2.0,0.0,0.0,1.0,1.0,9.0,10
355590,2018,0.0,0.0,0.0,0.0,0.0,6.0,0.0,0.0,1.0,0.0,16.0,21
355590,2019,1.0,0.0,0.0,0.0,0.0,2.0,0.0,0.0,1.0,0.0,10.0,11
355600,2012,13.0,0.0,2.0,4.0,1.0,38.0,2.0,0.0,25.0,6.0,140.0,160
355600,2013,0.0,0.0,0.0,0.0,0.0,0.0,0.0,0.0,0.0,0.0,105.0,125
355600,2014,4.0,1.0,1.0,0.0,0.0,55.0,7.0,4.0,31.0,7.0,111.0,135
355600,2015,7.0,0.0,2.0,1.0,0.0,41.0,9.0,3.0,39.0,8.0,113.0,138
355600,2016,7.0,0.0,8.0,0.0,3.0,35.0,4.0,1.0,22.0,7.0,87.0,120
355600,2017,14.0,0.0,2.0,0.0,1.0,46.0,13.0,1.0,31.0,7.0,118.0,145
355600,2018,12.0,0.0,0.0,2.0,3.0,49.0,4.0,1.0,33.0,7.0,111.0,136
355600,2019,7.0,0.0,2.0,2.0,3.0,44.0,4.0,1.0,26.0,7.0,97.0,118
355610,2012,2.0,0.0,0.0,2.0,3.0,16.0,5.0,1.0,13.0,4.0,122.0,138
355610,2013,0.0,0.0,0.0,0.0,0.0,0.0,0.0,0.0,0.0,0.0,139.0,155
355610,2014,11.0,0.0,1.0,0.0,1.0,17.0,3.0,4.0,15.0,6.0,135.0,168
355610,2015,9.0,0.0,4.0,2.0,0.0,16.0,6.0,3.0,22.0,8.0,181.0,204
355610,2016,15.0,0.0,6.0,2.0,3.0,38.0,5.0,7.0,32.0,25.0,133.0,158
355610,2017,17.0,0.0,2.0,3.0,3.0,59.0,8.0,8.0,27.0,30.0,157.0,183
355610,2018,18.0,1.0,1.0,0.0,1.0,68.0,1.0,8.0,13.0,43.0,154.0,177
355610,2019,16.0,0.0,0.0,4.0,9.0,60.0,7.0,6.0,27.0,24.0,153.0,178
355620,2012,223.0,1.0,41.0,18.0,28.0,290.0,15.0,21.0,203.0,112.0,1062.0,1336
355620,2013,0.0,0.0,0.0,0.0,0.0,0.0,0.0,0.0,0.0,0.0,1128.0,1386
355620,2014,121.0,1.0,18.0,19.0,26.0,346.0,63.0,56.0,230.0,173.0,1132.0,1416
355620,2015,89.0,4.0,44.0,22.0,31.0,370.0,56.0,61.0,184.0,233.0,1194.0,1539
355620,2016,112.0,3.0,35.0,24.0,20.0,381.0,32.0,71.0,99.0,301.0,1112.0,1379
355620,2017,102.0,6.0,26.0,23.0,17.0,380.0,29.0,73.0,103.0,284.0,1106.0,1392
355620,2018,82.0,5.0,47.0,19.0,18.0,358.0,24.0,79.0,72.0,232.0,1042.0,1432
355620,2019,81.0,24.0,30.0,38.0,28.0,356.0,32.0,62.0,105.0,223.0,979.0,1362
355630,2012,17.0,1.0,11.0,2.0,7.0,59.0,16.0,4.0,70.0,18.0,220.0,308
355630,2013,0.0,0.0,0.0,0.0,0.0,0.0,0.0,0.0,0.0,0.0,250.0,347
355630,2014,31.0,0.0,6.0,5.0,4.0,81.0,37.0,3.0,73.0,21.0,269.0,357
355630,2015,22.0,1.0,8.0,6.0,4.0,83.0,21.0,10.0,64.0,22.0,248.0,340
355630,2016,28.0,1.0,9.0,5.0,1.0,87.0,8.0,4.0,54.0,23.0,234.0,337
355630,2017,19.0,1.0,9.0,3.0,4.0,93.0,20.0,9.0,48.0,33.0,248.0,322
355630,2018,24.0,1.0,8.0,4.0,4.0,97.0,20.0,5.0,67.0,21.0,251.0,319
355630,2019,31.0,0.0,4.0,4.0,2.0,96.0,25.0,6.0,59.0,15.0,242.0,304
355635,2012,4.0,0.0,2.0,1.0,3.0,21.0,4.0,5.0,9.0,10.0,73.0,96
355635,2013,0.0,0.0,0.0,0.0,0.0,0.0,0.0,0.0,0.0,0.0,82.0,128
355635,2014,7.0,0.0,0.0,2.0,1.0,26.0,9.0,2.0,8.0,6.0,65.0,107
355635,2015,4.0,0.0,3.0,4.0,3.0,19.0,5.0,4.0,17.0,9.0,71.0,112
355635,2016,7.0,0.0,2.0,2.0,2.0,32.0,6.0,8.0,22.0,16.0,101.0,137
355635,2017,13.0,0.0,0.0,3.0,1.0,31.0,5.0,1.0,15.0,7.0,80.0,114
355635,2018,6.0,0.0,0.0,1.0,3.0,35.0,9.0,2.0,25.0,6.0,88.0,120
355635,2019,11.0,0.0,2.0,1.0,0.0,35.0,6.0,2.0,17.0,4.0,78.0,108
355640,2012,27.0,0.0,6.0,25.0,39.0,62.0,11.0,7.0,32.0,28.0,312.0,532
355640,2013,0.0,0.0,0.0,0.0,0.0,0.0,0.0,0.0,0.0,0.0,305.0,501
355640,2014,18.0,4.0,20.0,9.0,6.0,101.0,37.0,12.0,87.0,34.0,328.0,580
355640,2015,26.0,5.0,11.0,21.0,26.0,97.0,32.0,5.0,73.0,18.0,321.0,542
355640,2016,20.0,0.0,16.0,18.0,16.0,119.0,36.0,7.0,87.0,9.0,329.0,536
355640,2017,18.0,0.0,4.0,14.0,6.0,132.0,32.0,6.0,105.0,13.0,330.0,556
355640,2018,20.0,1.0,13.0,12.0,14.0,141.0,31.0,8.0,116.0,17.0,373.0,566
355640,2019,25.0,0.0,14.0,10.0,6.0,134.0,35.0,9.0,94.0,35.0,362.0,529
355645,2012,42.0,8.0,20.0,9.0,9.0,106.0,16.0,3.0,85.0,39.0,355.0,761
355645,2013,0.0,0.0,0.0,0.0,0.0,0.0,0.0,0.0,0.0,0.0,341.0,709
355645,2014,31.0,1.0,13.0,13.0,10.0,112.0,30.0,13.0,81.0,30.0,349.0,738
355645,2015,13.0,1.0,9.0,8.0,10.0,85.0,14.0,4.0,58.0,15.0,376.0,764
355645,2016,38.0,1.0,7.0,12.0,7.0,140.0,35.0,14.0,74.0,23.0,351.0,755
355645,2017,36.0,0.0,19.0,12.0,5.0,114.0,31.0,21.0,64.0,25.0,327.0,740
355645,2018,34.0,0.0,9.0,10.0,8.0,143.0,37.0,9.0,87.0,14.0,352.0,760
355645,2019,27.0,1.0,14.0,20.0,10.0,152.0,36.0,11.0,70.0,27.0,368.0,816
355650,2012,75.0,4.0,26.0,14.0,14.0,237.0,35.0,38.0,172.0,95.0,735.0,1717
355650,2013,0.0,0.0,0.0,0.0,0.0,0.0,0.0,0.0,0.0,0.0,896.0,1745
355650,2014,77.0,1.0,31.0,4.0,9.0,256.0,113.0,23.0,244.0,50.0,808.0,1753
355650,2015,58.0,2.0,43.0,15.0,17.0,277.0,127.0,28.0,253.0,51.0,872.0,1854
355650,2016,54.0,4.0,21.0,8.0,9.0,256.0,100.0,22.0,202.0,42.0,719.0,1489
355650,2017,79.0,4.0,28.0,17.0,6.0,259.0,96.0,31.0,185.0,66.0,771.0,1450
355650,2018,63.0,2.0,52.0,16.0,10.0,260.0,82.0,30.0,173.0,75.0,764.0,1427
355650,2019,81.0,1.0,15.0,22.0,10.0,260.0,82.0,21.0,158.0,75.0,725.0,1368
355660,2012,0.0,0.0,0.0,0.0,0.0,0.0,0.0,0.0,0.0,0.0,72.0,115
355660,2013,0.0,0.0,0.0,0.0,0.0,0.0,0.0,0.0,0.0,0.0,86.0,117
355660,2014,9.0,0.0,0.0,3.0,0.0,33.0,6.0,4.0,32.0,6.0,95.0,133
355660,2015,6.0,0.0,2.0,2.0,0.0,29.0,6.0,2.0,24.0,7.0,81.0,118
355660,2016,11.0,1.0,6.0,4.0,5.0,26.0,9.0,4.0,19.0,5.0,91.0,135
355660,2017,10.0,0.0,0.0,1.0,0.0,24.0,14.0,3.0,17.0,1.0,70.0,111
355660,2018,9.0,0.0,0.0,4.0,2.0,37.0,8.0,2.0,24.0,6.0,92.0,126
355660,2019,5.0,0.0,6.0,0.0,4.0,33.0,10.0,3.0,8.0,4.0,73.0,110
355670,2012,70.0,0.0,17.0,8.0,21.0,194.0,29.0,13.0,156.0,66.0,673.0,941
355670,2013,0.0,0.0,0.0,0.0,0.0,0.0,0.0,0.0,0.0,0.0,709.0,966
355670,2014,77.0,6.0,19.0,14.0,12.0,205.0,26.0,38.0,120.0,109.0,742.0,953
355670,2015,61.0,7.0,23.0,32.0,35.0,199.0,13.0,38.0,72.0,124.0,687.0,947
355670,2016,78.0,0.0,35.0,20.0,16.0,212.0,27.0,30.0,115.0,101.0,697.0,924
355670,2017,42.0,2.0,20.0,16.0,6.0,240.0,52.0,33.0,128.0,101.0,654.0,947
355670,2018,52.0,2.0,26.0,10.0,8.0,266.0,42.0,24.0,101.0,66.0,659.0,928
355670,2019,46.0,10.0,22.0,20.0,20.0,278.0,51.0,24.0,148.0,75.0,695.0,939
355680,2012,10.0,0.0,2.0,0.0,4.0,57.0,7.0,8.0,40.0,28.0,219.0,246
355680,2013,0.0,0.0,0.0,0.0,0.0,0.0,0.0,0.0,0.0,0.0,211.0,236
355680,2014,13.0,0.0,6.0,1.0,2.0,69.0,24.0,8.0,77.0,23.0,231.0,257
355680,2015,14.0,0.0,4.0,0.0,1.0,61.0,19.0,2.0,65.0,10.0,181.0,201
355680,2016,12.0,0.0,2.0,2.0,6.0,87.0,13.0,3.0,58.0,9.0,193.0,229
355680,2017,12.0,1.0,6.0,3.0,3.0,83.0,10.0,3.0,53.0,17.0,191.0,223
355680,2018,11.0,0.0,2.0,1.0,2.0,89.0,11.0,2.0,41.0,26.0,185.0,234
355680,2019,12.0,0.0,8.0,2.0,5.0,95.0,15.0,4.0,40.0,11.0,192.0,233
355690,2012,3.0,0.0,4.0,1.0,1.0,7.0,5.0,1.0,8.0,3.0,86.0,100
355690,2013,0.0,0.0,0.0,0.0,0.0,0.0,0.0,0.0,0.0,0.0,70.0,84
355690,2014,1.0,0.0,0.0,1.0,0.0,18.0,6.0,2.0,19.0,0.0,67.0,80
355690,2015,6.0,0.0,2.0,4.0,0.0,22.0,5.0,1.0,25.0,1.0,83.0,101
355690,2016,5.0,0.0,2.0,1.0,0.0,24.0,5.0,4.0,14.0,7.0,64.0,82
355690,2017,4.0,0.0,2.0,0.0,2.0,36.0,3.0,6.0,17.0,12.0,82.0,107
355690,2018,3.0,0.0,2.0,1.0,0.0,30.0,4.0,6.0,16.0,15.0,77.0,95
355690,2019,3.0,0.0,0.0,3.0,3.0,33.0,3.0,4.0,15.0,11.0,77.0,115
355695,2012,2.0,0.0,0.0,0.0,0.0,1.0,0.0,0.0,1.0,0.0,20.0,25
355695,2013,0.0,0.0,0.0,0.0,0.0,0.0,0.0,0.0,0.0,0.0,16.0,18
355695,2014,2.0,0.0,0.0,1.0,0.0,11.0,0.0,1.0,4.0,1.0,21.0,24
355695,2015,3.0,0.0,0.0,0.0,0.0,3.0,0.0,2.0,4.0,2.0,15.0,16
355695,2016,5.0,0.0,2.0,0.0,0.0,7.0,1.0,1.0,0.0,2.0,19.0,22
355695,2017,1.0,0.0,2.0,0.0,0.0,4.0,1.0,2.0,2.0,2.0,14.0,15
355695,2018,2.0,0.0,0.0,0.0,0.0,6.0,1.0,0.0,0.0,2.0,11.0,15
355695,2019,1.0,0.0,0.0,0.0,0.0,3.0,1.0,5.0,2.0,6.0,18.0,19
355700,2012,104.0,2.0,32.0,21.0,23.0,286.0,63.0,20.0,307.0,56.0,1043.0,1692
355700,2013,0.0,0.0,0.0,0.0,0.0,0.0,0.0,0.0,0.0,0.0,1015.0,1671
355700,2014,77.0,2.0,37.0,24.0,23.0,303.0,108.0,29.0,294.0,104.0,1026.0,1688
355700,2015,57.0,7.0,32.0,25.0,24.0,360.0,90.0,69.0,239.0,143.0,1071.0,1745
355700,2016,60.0,12.0,30.0,26.0,28.0,365.0,98.0,46.0,253.0,115.0,1036.0,1663
355700,2017,73.0,3.0,35.0,33.0,24.0,388.0,119.0,26.0,331.0,83.0,1116.0,1759
355700,2018,80.0,3.0,16.0,26.0,20.0,382.0,95.0,26.0,265.0,84.0,1000.0,1683
355700,2019,62.0,4.0,52.0,23.0,26.0,380.0,89.0,15.0,222.0,60.0,933.0,1642
355710,2012,28.0,1.0,19.0,10.0,20.0,103.0,18.0,5.0,92.0,29.0,956.0,1080
355710,2013,0.0,0.0,0.0,0.0,0.0,0.0,0.0,0.0,0.0,0.0,970.0,1070
355710,2014,40.0,1.0,31.0,4.0,1.0,158.0,26.0,13.0,99.0,44.0,946.0,1085
355710,2015,43.0,1.0,31.0,5.0,8.0,104.0,27.0,12.0,123.0,43.0,1001.0,1139
355710,2016,93.0,2.0,37.0,10.0,17.0,343.0,43.0,24.0,170.0,170.0,909.0,1025
355710,2017,76.0,0.0,20.0,7.0,8.0,341.0,40.0,54.0,171.0,181.0,898.0,1045
355710,2018,94.0,0.0,15.0,9.0,11.0,379.0,47.0,58.0,132.0,216.0,961.0,1130
355710,2019,77.0,0.0,38.0,20.0,20.0,395.0,41.0,75.0,144.0,216.0,1026.0,1166
355715,2012,3.0,0.0,0.0,0.0,1.0,5.0,1.0,0.0,7.0,4.0,27.0,35
355715,2013,0.0,0.0,0.0,0.0,0.0,0.0,0.0,0.0,0.0,0.0,21.0,24
355715,2014,3.0,0.0,0.0,1.0,0.0,4.0,1.0,0.0,9.0,3.0,22.0,28
355715,2015,1.0,0.0,2.0,0.0,0.0,11.0,1.0,3.0,5.0,4.0,27.0,33
355715,2016,1.0,0.0,3.0,1.0,0.0,7.0,0.0,1.0,6.0,2.0,22.0,28
355715,2017,2.0,0.0,0.0,0.0,0.0,6.0,1.0,2.0,4.0,3.0,18.0,24
355715,2018,0.0,0.0,0.0,0.0,0.0,7.0,2.0,1.0,6.0,4.0,20.0,25
355715,2019,1.0,0.0,2.0,0.0,0.0,7.0,3.0,2.0,2.0,3.0,20.0,25
355720,2012,10.0,0.0,4.0,0.0,1.0,5.0,1.0,1.0,0.0,1.0,150.0,184
355720,2013,0.0,0.0,0.0,0.0,0.0,0.0,0.0,0.0,0.0,0.0,148.0,172
355720,2014,11.0,0.0,6.0,1.0,0.0,38.0,1.0,9.0,1.0,50.0,149.0,180
355720,2015,26.0,0.0,2.0,3.0,4.0,60.0,0.0,14.0,3.0,42.0,157.0,216
355720,2016,15.0,1.0,2.0,3.0,1.0,53.0,2.0,8.0,6.0,41.0,132.0,160
355720,2017,15.0,2.0,1.0,2.0,3.0,50.0,4.0,26.0,6.0,54.0,163.0,189
355720,2018,18.0,0.0,4.0,2.0,2.0,63.0,1.0,20.0,6.0,47.0,163.0,182
355720,2019,18.0,0.0,2.0,3.0,3.0,58.0,1.0,18.0,2.0,29.0,134.0,154
355730,2012,6.0,0.0,2.0,1.0,1.0,9.0,3.0,1.0,6.0,4.0,69.0,108
355730,2013,0.0,0.0,0.0,0.0,0.0,0.0,0.0,0.0,0.0,0.0,92.0,131
355730,2014,17.0,0.0,2.0,1.0,1.0,23.0,3.0,6.0,17.0,18.0,93.0,124
355730,2015,10.0,0.0,8.0,8.0,2.0,25.0,5.0,7.0,10.0,16.0,102.0,147
355730,2016,12.0,0.0,3.0,1.0,2.0,22.0,4.0,7.0,5.0,26.0,98.0,137
355730,2017,9.0,0.0,2.0,1.0,2.0,25.0,2.0,9.0,14.0,21.0,92.0,127
355730,2018,14.0,0.0,0.0,1.0,1.0,34.0,4.0,9.0,18.0,21.0,102.0,137
355730,2019,15.0,0.0,0.0,5.0,0.0,40.0,5.0,4.0,13.0,23.0,105.0,145
410000,2013,0.0,0.0,0.0,0.0,0.0,0.0,0.0,0.0,0.0,0.0,2.0,4
410000,2014,0.0,0.0,0.0,0.0,0.0,0.0,0.0,0.0,0.0,0.0,0.0,2
410000,2015,0.0,0.0,0.0,0.0,0.0,0.0,0.0,0.0,0.0,0.0,0.0,1
410000,2017,0.0,0.0,0.0,0.0,0.0,0.0,0.0,0.0,0.0,1.0,1.0,8
410000,2019,0.0,0.0,0.0,0.0,0.0,0.0,0.0,0.0,0.0,0.0,0.0,1
410010,2012,4.0,1.0,2.0,3.0,2.0,20.0,0.0,3.0,11.0,11.0,59.0,96
410010,2013,0.0,0.0,0.0,0.0,0.0,0.0,0.0,0.0,0.0,0.0,61.0,98
410010,2014,10.0,0.0,0.0,3.0,0.0,23.0,2.0,8.0,7.0,14.0,69.0,94
410010,2015,6.0,2.0,2.0,2.0,1.0,17.0,3.0,3.0,14.0,16.0,67.0,101
410010,2016,5.0,2.0,2.0,4.0,1.0,18.0,5.0,3.0,8.0,10.0,70.0,102
410010,2017,8.0,1.0,4.0,1.0,1.0,26.0,8.0,2.0,6.0,17.0,74.0,116
410010,2018,7.0,2.0,1.0,2.0,2.0,23.0,3.0,4.0,9.0,10.0,63.0,98
410010,2019,9.0,1.0,2.0,4.0,1.0,33.0,7.0,8.0,6.0,11.0,83.0,118
410020,2012,1.0,0.0,2.0,0.0,0.0,10.0,4.0,0.0,4.0,2.0,27.0,74
410020,2013,0.0,0.0,0.0,0.0,0.0,0.0,0.0,0.0,0.0,0.0,37.0,73
410020,2014,1.0,0.0,1.0,1.0,1.0,13.0,0.0,0.0,7.0,3.0,29.0,69
410020,2015,1.0,0.0,2.0,1.0,0.0,11.0,8.0,2.0,11.0,1.0,37.0,80
410020,2016,0.0,0.0,0.0,1.0,2.0,13.0,2.0,1.0,7.0,3.0,29.0,70
410020,2017,1.0,0.0,0.0,0.0,0.0,14.0,5.0,2.0,15.0,4.0,45.0,98
410020,2018,1.0,0.0,0.0,2.0,0.0,15.0,4.0,3.0,5.0,5.0,35.0,71
410020,2019,3.0,0.0,0.0,1.0,1.0,15.0,3.0,0.0,6.0,5.0,34.0,64
410030,2012,7.0,0.0,5.0,3.0,1.0,16.0,7.0,1.0,11.0,1.0,60.0,110
410030,2013,0.0,0.0,0.0,0.0,0.0,0.0,0.0,0.0,0.0,0.0,63.0,114
410030,2014,7.0,0.0,0.0,1.0,3.0,11.0,2.0,1.0,17.0,3.0,46.0,113
410030,2015,1.0,0.0,4.0,0.0,1.0,15.0,6.0,1.0,13.0,5.0,47.0,109
410030,2016,2.0,1.0,2.0,1.0,0.0,21.0,5.0,1.0,8.0,4.0,45.0,113
410030,2017,3.0,0.0,2.0,2.0,1.0,19.0,4.0,1.0,11.0,6.0,51.0,113
410030,2018,7.0,0.0,0.0,4.0,1.0,28.0,6.0,4.0,11.0,1.0,62.0,151
410030,2019,4.0,1.0,0.0,4.0,1.0,14.0,6.0,2.0,11.0,4.0,47.0,113
410040,2012,56.0,6.0,19.0,27.0,24.0,232.0,63.0,20.0,183.0,65.0,753.0,1886
410040,2013,0.0,0.0,0.0,0.0,0.0,0.0,0.0,0.0,0.0,0.0,801.0,1923
410040,2014,48.0,5.0,16.0,36.0,16.0,246.0,79.0,36.0,185.0,66.0,775.0,1914
410040,2015,55.0,3.0,39.0,40.0,22.0,277.0,69.0,26.0,189.0,86.0,846.0,2027
410040,2016,42.0,4.0,28.0,21.0,17.0,257.0,72.0,30.0,164.0,89.0,755.0,1811
410040,2017,49.0,2.0,29.0,31.0,19.0,251.0,79.0,26.0,168.0,84.0,760.0,1786
410040,2018,66.0,2.0,30.0,44.0,21.0,215.0,65.0,37.0,147.0,100.0,732.0,1724
410040,2019,75.0,2.0,19.0,38.0,10.0,257.0,72.0,42.0,121.0,101.0,740.0,1665
410045,2012,0.0,0.0,2.0,0.0,0.0,11.0,6.0,1.0,5.0,5.0,30.0,51
410045,2013,0.0,0.0,0.0,0.0,0.0,0.0,0.0,0.0,0.0,0.0,42.0,54
410045,2014,4.0,1.0,0.0,1.0,0.0,9.0,4.0,6.0,5.0,7.0,41.0,55
410045,2015,1.0,0.0,1.0,1.0,2.0,16.0,6.0,1.0,7.0,5.0,40.0,60
410045,2016,3.0,0.0,0.0,3.0,2.0,11.0,4.0,1.0,9.0,4.0,37.0,54
410045,2017,5.0,0.0,2.0,3.0,3.0,14.0,1.0,2.0,10.0,5.0,46.0,71
410045,2018,2.0,0.0,2.0,3.0,3.0,7.0,0.0,2.0,6.0,6.0,31.0,42
410045,2019,2.0,2.0,4.0,3.0,0.0,11.0,1.0,3.0,3.0,5.0,34.0,49
410050,2012,9.0,0.0,4.0,1.0,5.0,76.0,3.0,19.0,14.0,81.0,212.0,239
410050,2013,0.0,0.0,0.0,0.0,0.0,0.0,0.0,0.0,0.0,0.0,280.0,295
410050,2014,19.0,0.0,6.0,1.0,3.0,95.0,2.0,34.0,8.0,78.0,246.0,256
410050,2015,17.0,0.0,9.0,3.0,0.0,106.0,6.0,30.0,22.0,67.0,260.0,268
410050,2016,22.0,0.0,7.0,8.0,0.0,100.0,17.0,16.0,48.0,36.0,254.0,266
410050,2017,18.0,2.0,6.0,7.0,2.0,115.0,17.0,9.0,35.0,21.0,232.0,245
410050,2018,17.0,0.0,6.0,4.0,2.0,118.0,19.0,8.0,59.0,29.0,262.0,285
410050,2019,9.0,0.0,4.0,2.0,2.0,95.0,14.0,7.0,47.0,26.0,206.0,229
410060,2012,11.0,0.0,2.0,2.0,4.0,35.0,5.0,12.0,17.0,26.0,115.0,160
410060,2013,0.0,0.0,0.0,0.0,0.0,0.0,0.0,0.0,0.0,0.0,122.0,181
410060,2014,11.0,0.0,2.0,3.0,1.0,58.0,4.0,14.0,10.0,42.0,146.0,185
410060,2015,12.0,0.0,5.0,4.0,3.0,44.0,7.0,18.0,12.0,30.0,135.0,202
410060,2016,11.0,1.0,5.0,5.0,0.0,44.0,16.0,5.0,17.0,23.0,128.0,174
410060,2017,9.0,0.0,2.0,4.0,1.0,61.0,13.0,7.0,27.0,11.0,137.0,178
410060,2018,17.0,0.0,1.0,3.0,2.0,68.0,14.0,1.0,38.0,7.0,152.0,214
410060,2019,8.0,1.0,5.0,1.0,2.0,52.0,15.0,0.0,34.0,6.0,124.0,156
410070,2012,8.0,2.0,0.0,2.0,1.0,33.0,2.0,1.0,27.0,12.0,88.0,128
410070,2013,0.0,0.0,0.0,0.0,0.0,0.0,0.0,0.0,0.0,0.0,85.0,134
410070,2014,2.0,1.0,4.0,6.0,2.0,33.0,16.0,5.0,35.0,3.0,107.0,149
410070,2015,8.0,0.0,1.0,1.0,1.0,36.0,12.0,10.0,18.0,12.0,100.0,126
410070,2016,1.0,0.0,2.0,2.0,4.0,48.0,16.0,2.0,38.0,4.0,117.0,142
410070,2017,8.0,0.0,4.0,2.0,2.0,42.0,6.0,4.0,26.0,9.0,103.0,133
410070,2018,9.0,1.0,5.0,1.0,3.0,44.0,9.0,2.0,14.0,11.0,99.0,145
410070,2019,3.0,0.0,8.0,3.0,3.0,38.0,12.0,5.0,20.0,5.0,97.0,133
410080,2012,2.0,0.0,2.0,4.0,2.0,28.0,1.0,5.0,13.0,10.0,68.0,98
410080,2013,0.0,0.0,0.0,0.0,0.0,0.0,0.0,0.0,0.0,0.0,48.0,83
410080,2014,9.0,1.0,0.0,1.0,1.0,27.0,5.0,9.0,15.0,8.0,77.0,119
410080,2015,2.0,0.0,6.0,1.0,2.0,13.0,12.0,0.0,10.0,7.0,53.0,103
410080,2016,4.0,0.0,4.0,1.0,0.0,24.0,6.0,4.0,14.0,5.0,62.0,105
410080,2017,6.0,0.0,0.0,0.0,1.0,25.0,4.0,3.0,17.0,5.0,63.0,111
410080,2018,4.0,0.0,2.0,0.0,0.0,31.0,3.0,4.0,16.0,8.0,68.0,110
410080,2019,6.0,3.0,2.0,0.0,4.0,36.0,7.0,4.0,8.0,7.0,79.0,114
410090,2012,3.0,0.0,2.0,0.0,0.0,20.0,2.0,9.0,2.0,22.0,60.0,75
410090,2013,0.0,0.0,0.0,0.0,0.0,0.0,0.0,0.0,0.0,0.0,45.0,71
410090,2014,5.0,0.0,2.0,1.0,0.0,21.0,1.0,5.0,2.0,18.0,55.0,85
410090,2015,4.0,2.0,2.0,2.0,1.0,15.0,1.0,8.0,5.0,14.0,64.0,79
410090,2016,5.0,0.0,6.0,1.0,4.0,13.0,3.0,4.0,10.0,11.0,71.0,87
410090,2017,7.0,0.0,0.0,0.0,1.0,27.0,2.0,1.0,12.0,7.0,57.0,82
410090,2018,1.0,0.0,0.0,1.0,1.0,17.0,7.0,0.0,5.0,1.0,33.0,60
410090,2019,8.0,0.0,2.0,2.0,3.0,26.0,7.0,1.0,17.0,2.0,68.0,94
410100,2012,29.0,2.0,3.0,1.0,7.0,43.0,15.0,7.0,30.0,35.0,178.0,249
410100,2013,0.0,0.0,0.0,0.0,0.0,0.0,0.0,0.0,0.0,0.0,175.0,250
410100,2014,12.0,0.0,4.0,2.0,1.0,53.0,21.0,7.0,48.0,37.0,197.0,279
410100,2015,11.0,0.0,2.0,1.0,2.0,53.0,23.0,7.0,41.0,35.0,197.0,242
410100,2016,16.0,2.0,7.0,5.0,2.0,62.0,18.0,5.0,55.0,18.0,200.0,256
410100,2017,7.0,0.0,8.0,2.0,10.0,81.0,19.0,8.0,45.0,25.0,209.0,266
410100,2018,16.0,0.0,8.0,4.0,5.0,73.0,22.0,9.0,53.0,22.0,213.0,290
410100,2019,19.0,1.0,8.0,7.0,4.0,80.0,20.0,6.0,54.0,21.0,220.0,286
410105,2012,3.0,0.0,0.0,0.0,1.0,6.0,1.0,1.0,1.0,2.0,15.0,28
410105,2013,0.0,0.0,0.0,0.0,0.0,0.0,0.0,0.0,0.0,0.0,18.0,33
410105,2014,1.0,0.0,2.0,0.0,0.0,7.0,0.0,0.0,5.0,3.0,18.0,27
410105,2015,0.0,0.0,0.0,0.0,1.0,6.0,0.0,2.0,3.0,4.0,16.0,31
410105,2016,2.0,1.0,2.0,1.0,2.0,9.0,4.0,2.0,10.0,1.0,34.0,42
410105,2017,3.0,0.0,0.0,0.0,1.0,7.0,3.0,0.0,5.0,1.0,21.0,29
410105,2018,4.0,0.0,0.0,0.0,1.0,3.0,3.0,0.0,9.0,3.0,23.0,33
410105,2019,0.0,0.0,0.0,0.0,0.0,8.0,1.0,1.0,4.0,2.0,16.0,26
410110,2012,8.0,0.0,0.0,2.0,3.0,108.0,2.0,6.0,7.0,17.0,159.0,261
410110,2013,0.0,0.0,0.0,0.0,0.0,0.0,0.0,0.0,0.0,0.0,151.0,239
410110,2014,14.0,0.0,5.0,2.0,4.0,44.0,6.0,20.0,12.0,45.0,158.0,216
410110,2015,17.0,1.0,4.0,1.0,2.0,59.0,4.0,17.0,19.0,60.0,186.0,248
410110,2016,18.0,0.0,2.0,6.0,6.0,69.0,6.0,13.0,11.0,55.0,188.0,259
410110,2017,28.0,2.0,0.0,3.0,3.0,72.0,3.0,20.0,15.0,45.0,192.0,246
410110,2018,19.0,0.0,7.0,4.0,2.0,82.0,4.0,18.0,12.0,47.0,196.0,235
410110,2019,14.0,1.0,0.0,2.0,2.0,89.0,4.0,27.0,17.0,54.0,211.0,239
410115,2012,3.0,1.0,0.0,0.0,1.0,5.0,4.0,0.0,5.0,1.0,20.0,35
410115,2013,0.0,0.0,0.0,0.0,0.0,0.0,0.0,0.0,0.0,0.0,27.0,46
410115,2014,3.0,0.0,0.0,2.0,0.0,14.0,3.0,2.0,4.0,8.0,37.0,49
410115,2015,2.0,0.0,1.0,0.0,2.0,12.0,2.0,2.0,7.0,2.0,30.0,52
410115,2016,2.0,0.0,2.0,0.0,0.0,12.0,3.0,0.0,5.0,4.0,28.0,42
410115,2017,3.0,0.0,2.0,0.0,0.0,7.0,5.0,1.0,9.0,3.0,32.0,41
410115,2018,1.0,0.0,0.0,0.0,1.0,15.0,1.0,0.0,5.0,1.0,24.0,39
410115,2019,4.0,0.0,2.0,1.0,2.0,15.0,3.0,0.0,9.0,1.0,37.0,48
410120,2012,9.0,1.0,2.0,9.0,7.0,40.0,12.0,1.0,18.0,8.0,111.0,202
410120,2013,0.0,0.0,0.0,0.0,0.0,0.0,0.0,0.0,0.0,0.0,140.0,316
410120,2014,6.0,0.0,4.0,7.0,7.0,61.0,24.0,2.0,45.0,10.0,169.0,303
410120,2015,2.0,0.0,0.0,1.0,2.0,45.0,12.0,2.0,34.0,6.0,105.0,259
410120,2016,6.0,0.0,3.0,2.0,5.0,41.0,12.0,0.0,26.0,7.0,125.0,252
410120,2017,8.0,1.0,3.0,7.0,3.0,45.0,23.0,8.0,25.0,19.0,149.0,279
410120,2018,7.0,1.0,2.0,5.0,1.0,47.0,12.0,14.0,24.0,17.0,134.0,245
410120,2019,4.0,1.0,1.0,1.0,2.0,56.0,13.0,10.0,9.0,25.0,122.0,235
410130,2012,1.0,0.0,1.0,0.0,0.0,6.0,2.0,1.0,8.0,1.0,34.0,62
410130,2013,0.0,0.0,0.0,0.0,0.0,0.0,0.0,0.0,0.0,0.0,47.0,76
410130,2014,0.0,1.0,0.0,2.0,1.0,18.0,2.0,2.0,11.0,12.0,49.0,66
410130,2015,1.0,0.0,2.0,0.0,2.0,11.0,7.0,3.0,5.0,8.0,44.0,72
410130,2016,1.0,0.0,0.0,3.0,1.0,17.0,3.0,3.0,5.0,5.0,46.0,91
410130,2017,1.0,0.0,0.0,3.0,2.0,17.0,2.0,1.0,8.0,7.0,41.0,75
410130,2018,1.0,0.0,0.0,0.0,0.0,17.0,4.0,1.0,4.0,5.0,33.0,62
410130,2019,2.0,0.0,0.0,0.0,2.0,14.0,2.0,3.0,3.0,6.0,33.0,64
410140,2012,129.0,5.0,33.0,26.0,32.0,405.0,97.0,15.0,452.0,80.0,1276.0,1664
410140,2013,0.0,0.0,0.0,0.0,0.0,0.0,0.0,0.0,0.0,0.0,1320.0,1708
410140,2014,92.0,0.0,32.0,25.0,11.0,490.0,158.0,5.0,523.0,12.0,1348.0,1804
410140,2015,108.0,1.0,39.0,12.0,12.0,536.0,160.0,2.0,446.0,10.0,1326.0,1796
410140,2016,107.0,1.0,38.0,9.0,9.0,469.0,154.0,3.0,421.0,8.0,1221.0,1697
410140,2017,98.0,2.0,37.0,2.0,2.0,513.0,157.0,1.0,391.0,5.0,1210.0,1786
410140,2018,145.0,2.0,25.0,10.0,11.0,477.0,100.0,6.0,395.0,14.0,1185.0,1710
410140,2019,143.0,1.0,52.0,8.0,12.0,556.0,140.0,6.0,379.0,6.0,1303.0,1712
410150,2012,119.0,11.0,41.0,21.0,23.0,392.0,69.0,47.0,277.0,157.0,1158.0,1533
410150,2013,0.0,0.0,0.0,0.0,0.0,0.0,0.0,0.0,0.0,0.0,1200.0,1660
410150,2014,126.0,6.0,32.0,19.0,12.0,470.0,95.0,40.0,386.0,114.0,1300.0,1656
410150,2015,125.0,7.0,22.0,27.0,19.0,472.0,57.0,45.0,245.0,164.0,1188.0,1628
410150,2016,144.0,2.0,14.0,12.0,15.0,392.0,65.0,40.0,270.0,169.0,1127.0,1563
410150,2017,111.0,3.0,40.0,23.0,25.0,491.0,34.0,65.0,199.0,228.0,1220.0,1589
410150,2018,114.0,6.0,44.0,31.0,26.0,490.0,53.0,81.0,180.0,203.0,1228.0,1593
410150,2019,109.0,3.0,32.0,26.0,23.0,494.0,58.0,41.0,216.0,123.0,1126.0,1509
410160,2012,30.0,0.0,8.0,8.0,7.0,82.0,11.0,12.0,35.0,66.0,264.0,392
410160,2013,0.0,0.0,0.0,0.0,0.0,0.0,0.0,0.0,0.0,0.0,293.0,369
410160,2014,21.0,0.0,3.0,3.0,3.0,72.0,20.0,15.0,55.0,25.0,220.0,357
410160,2015,12.0,0.0,4.0,9.0,3.0,75.0,24.0,7.0,55.0,9.0,199.0,355
410160,2016,15.0,0.0,2.0,2.0,0.0,74.0,31.0,3.0,58.0,13.0,199.0,359
410160,2017,14.0,0.0,5.0,2.0,6.0,103.0,20.0,2.0,46.0,21.0,226.0,396
410160,2018,25.0,0.0,6.0,6.0,4.0,90.0,18.0,7.0,33.0,24.0,218.0,382
410160,2019,13.0,0.0,8.0,8.0,5.0,99.0,15.0,16.0,25.0,24.0,214.0,358
410165,2012,4.0,0.0,2.0,3.0,0.0,4.0,4.0,0.0,12.0,0.0,29.0,34
410165,2013,0.0,0.0,0.0,0.0,0.0,0.0,0.0,0.0,0.0,0.0,43.0,43
410165,2014,2.0,0.0,0.0,0.0,0.0,16.0,2.0,0.0,8.0,1.0,30.0,34
410165,2015,4.0,5.0,0.0,1.0,3.0,13.0,1.0,0.0,13.0,0.0,40.0,40
410165,2016,6.0,3.0,0.0,1.0,0.0,18.0,5.0,0.0,26.0,0.0,59.0,62
410165,2017,2.0,1.0,0.0,0.0,0.0,20.0,6.0,0.0,19.0,1.0,49.0,51
410165,2018,1.0,0.0,0.0,0.0,0.0,24.0,1.0,0.0,9.0,2.0,37.0,43
410165,2019,1.0,0.0,0.0,0.0,0.0,15.0,3.0,0.0,13.0,0.0,32.0,36
410170,2012,15.0,2.0,2.0,5.0,2.0,47.0,8.0,6.0,38.0,21.0,150.0,179
410170,2013,0.0,0.0,0.0,0.0,0.0,0.0,0.0,0.0,0.0,0.0,135.0,175
410170,2014,8.0,0.0,2.0,9.0,5.0,44.0,20.0,5.0,69.0,4.0,169.0,194
410170,2015,9.0,1.0,7.0,1.0,2.0,63.0,16.0,0.0,53.0,3.0,157.0,198
410170,2016,5.0,2.0,4.0,13.0,5.0,47.0,18.0,0.0,43.0,3.0,146.0,206
410170,2017,7.0,1.0,2.0,11.0,18.0,48.0,11.0,1.0,33.0,5.0,139.0,190
410170,2018,6.0,0.0,0.0,18.0,10.0,52.0,6.0,2.0,35.0,6.0,137.0,188
410170,2019,15.0,2.0,10.0,8.0,8.0,66.0,18.0,2.0,34.0,2.0,170.0,202
410180,2012,160.0,9.0,55.0,33.0,38.0,362.0,118.0,22.0,392.0,101.0,1445.0,2285
410180,2013,0.0,0.0,0.0,0.0,0.0,0.0,0.0,0.0,0.0,0.0,1514.0,2336
410180,2014,60.0,7.0,45.0,42.0,53.0,482.0,95.0,72.0,362.0,145.0,1441.0,2465
410180,2015,64.0,7.0,56.0,28.0,29.0,509.0,97.0,84.0,286.0,199.0,1414.0,2460
410180,2016,83.0,4.0,45.0,29.0,22.0,482.0,122.0,34.0,298.0,119.0,1275.0,2255
410180,2017,87.0,3.0,53.0,52.0,26.0,521.0,100.0,48.0,265.0,137.0,1333.0,2358
410180,2018,86.0,1.0,37.0,40.0,24.0,510.0,87.0,36.0,242.0,128.0,1203.0,2207
410180,2019,97.0,2.0,58.0,45.0,27.0,534.0,111.0,47.0,303.0,127.0,1356.0,2262
410185,2012,4.0,0.0,0.0,2.0,0.0,13.0,4.0,0.0,10.0,1.0,34.0,36
410185,2013,0.0,0.0,0.0,0.0,0.0,0.0,0.0,0.0,0.0,0.0,34.0,36
410185,2014,1.0,0.0,0.0,0.0,0.0,11.0,5.0,0.0,14.0,0.0,31.0,32
410185,2015,1.0,1.0,0.0,1.0,0.0,15.0,3.0,0.0,17.0,0.0,38.0,40
410185,2016,1.0,0.0,0.0,0.0,0.0,10.0,3.0,0.0,14.0,0.0,29.0,31
410185,2017,1.0,2.0,2.0,0.0,0.0,22.0,4.0,0.0,9.0,3.0,43.0,44
410185,2018,3.0,0.0,0.0,1.0,0.0,13.0,2.0,0.0,11.0,2.0,32.0,33
410185,2019,3.0,0.0,2.0,0.0,0.0,14.0,3.0,0.0,10.0,0.0,32.0,34
410190,2012,16.0,0.0,3.0,6.0,3.0,38.0,16.0,5.0,47.0,19.0,170.0,227
410190,2013,0.0,0.0,0.0,0.0,0.0,0.0,0.0,0.0,0.0,0.0,174.0,213
410190,2014,18.0,1.0,4.0,6.0,3.0,74.0,18.0,4.0,29.0,15.0,182.0,250
410190,2015,16.0,0.0,4.0,3.0,5.0,47.0,14.0,11.0,35.0,15.0,165.0,231
410190,2016,18.0,1.0,4.0,0.0,1.0,48.0,10.0,11.0,20.0,8.0,166.0,206
410190,2017,16.0,0.0,0.0,2.0,2.0,64.0,5.0,6.0,24.0,24.0,159.0,192
410190,2018,8.0,0.0,2.0,3.0,0.0,77.0,20.0,2.0,39.0,13.0,171.0,197
410190,2019,7.0,0.0,0.0,2.0,2.0,49.0,8.0,3.0,31.0,17.0,126.0,141
410200,2012,37.0,4.0,2.0,4.0,9.0,109.0,11.0,20.0,49.0,75.0,326.0,398
410200,2013,0.0,0.0,0.0,0.0,0.0,0.0,0.0,0.0,0.0,0.0,295.0,371
410200,2014,30.0,2.0,4.0,7.0,8.0,108.0,21.0,25.0,73.0,51.0,331.0,397
410200,2015,23.0,1.0,13.0,3.0,6.0,141.0,30.0,19.0,90.0,55.0,382.0,422
410200,2016,33.0,3.0,2.0,3.0,5.0,168.0,48.0,14.0,97.0,31.0,408.0,445
410200,2017,35.0,0.0,12.0,3.0,7.0,163.0,58.0,8.0,140.0,10.0,436.0,470
410200,2018,26.0,3.0,9.0,7.0,5.0,182.0,48.0,9.0,112.0,20.0,422.0,462
410200,2019,21.0,1.0,9.0,2.0,4.0,183.0,39.0,19.0,113.0,39.0,431.0,477
410210,2012,12.0,0.0,4.0,8.0,5.0,92.0,14.0,3.0,62.0,23.0,224.0,348
410210,2013,0.0,0.0,0.0,0.0,0.0,0.0,0.0,0.0,0.0,0.0,248.0,348
410210,2014,13.0,0.0,6.0,7.0,5.0,82.0,16.0,10.0,56.0,28.0,224.0,321
410210,2015,12.0,0.0,9.0,9.0,6.0,100.0,20.0,4.0,60.0,34.0,255.0,354
410210,2016,11.0,1.0,6.0,8.0,4.0,95.0,23.0,10.0,37.0,25.0,223.0,328
410210,2017,13.0,0.0,4.0,8.0,0.0,117.0,11.0,8.0,52.0,32.0,247.0,315
410210,2018,14.0,0.0,10.0,8.0,8.0,109.0,13.0,8.0,51.0,26.0,247.0,354
410210,2019,23.0,0.0,4.0,3.0,1.0,117.0,14.0,5.0,46.0,13.0,227.0,349
410220,2012,3.0,0.0,2.0,0.0,2.0,7.0,1.0,0.0,5.0,2.0,23.0,30
410220,2013,0.0,0.0,0.0,0.0,0.0,0.0,0.0,0.0,0.0,0.0,38.0,48
410220,2014,3.0,0.0,0.0,1.0,0.0,15.0,1.0,0.0,9.0,4.0,33.0,40
410220,2015,6.0,0.0,2.0,3.0,2.0,5.0,1.0,0.0,10.0,1.0,30.0,43
410220,2016,1.0,0.0,2.0,0.0,0.0,16.0,3.0,1.0,8.0,4.0,35.0,43
410220,2017,3.0,0.0,2.0,2.0,1.0,16.0,2.0,1.0,12.0,3.0,42.0,51
410220,2018,3.0,0.0,0.0,1.0,1.0,16.0,2.0,0.0,7.0,2.0,32.0,47
410220,2019,5.0,0.0,4.0,1.0,1.0,14.0,4.0,0.0,10.0,1.0,40.0,53
410230,2012,18.0,0.0,6.0,2.0,3.0,26.0,9.0,1.0,27.0,15.0,132.0,201
410230,2013,0.0,0.0,0.0,0.0,0.0,0.0,0.0,0.0,0.0,0.0,124.0,197
410230,2014,11.0,0.0,4.0,1.0,3.0,30.0,3.0,3.0,16.0,28.0,113.0,186
410230,2015,12.0,0.0,2.0,2.0,2.0,34.0,7.0,8.0,20.0,15.0,111.0,216
410230,2016,15.0,0.0,0.0,6.0,2.0,34.0,8.0,4.0,18.0,12.0,100.0,191
410230,2017,15.0,0.0,2.0,3.0,3.0,36.0,7.0,2.0,19.0,21.0,109.0,237
410230,2018,10.0,1.0,0.0,3.0,0.0,38.0,2.0,8.0,13.0,8.0,83.0,206
410230,2019,14.0,0.0,5.0,5.0,3.0,29.0,5.0,4.0,6.0,10.0,82.0,170
410240,2012,16.0,3.0,8.0,8.0,5.0,70.0,9.0,12.0,35.0,68.0,239.0,401
410240,2013,0.0,0.0,0.0,0.0,0.0,0.0,0.0,0.0,0.0,0.0,279.0,427
410240,2014,16.0,2.0,8.0,4.0,5.0,92.0,22.0,14.0,72.0,38.0,280.0,421
410240,2015,26.0,2.0,6.0,7.0,7.0,95.0,28.0,24.0,75.0,72.0,345.0,459
410240,2016,21.0,2.0,7.0,9.0,5.0,92.0,25.0,17.0,47.0,74.0,300.0,432
410240,2017,25.0,2.0,7.0,9.0,7.0,104.0,15.0,34.0,29.0,85.0,317.0,446
410240,2018,33.0,1.0,11.0,1.0,8.0,143.0,28.0,15.0,60.0,46.0,347.0,450
410240,2019,32.0,1.0,16.0,9.0,8.0,115.0,31.0,18.0,76.0,45.0,355.0,445
410250,2012,8.0,2.0,2.0,4.0,2.0,29.0,5.0,9.0,12.0,19.0,99.0,125
410250,2013,0.0,0.0,0.0,0.0,0.0,0.0,0.0,0.0,0.0,0.0,77.0,124
410250,2014,4.0,3.0,2.0,11.0,6.0,23.0,8.0,6.0,15.0,9.0,91.0,137
410250,2015,2.0,2.0,5.0,10.0,9.0,26.0,3.0,6.0,15.0,16.0,94.0,137
410250,2016,3.0,0.0,0.0,14.0,4.0,27.0,5.0,7.0,5.0,14.0,85.0,126
410250,2017,0.0,1.0,0.0,14.0,6.0,32.0,3.0,17.0,4.0,14.0,92.0,119
410250,2018,7.0,0.0,0.0,12.0,6.0,30.0,3.0,5.0,9.0,17.0,90.0,114
410250,2019,5.0,1.0,8.0,8.0,1.0,29.0,4.0,11.0,8.0,16.0,91.0,109
410260,2012,16.0,5.0,0.0,2.0,1.0,19.0,14.0,3.0,18.0,12.0,96.0,130
410260,2013,0.0,0.0,0.0,0.0,0.0,0.0,0.0,0.0,0.0,0.0,90.0,137
410260,2014,4.0,0.0,4.0,3.0,1.0,21.0,9.0,1.0,19.0,8.0,72.0,110
410260,2015,3.0,2.0,2.0,5.0,4.0,34.0,10.0,7.0,28.0,21.0,117.0,153
410260,2016,5.0,0.0,2.0,3.0,1.0,35.0,9.0,7.0,22.0,23.0,108.0,146
410260,2017,11.0,0.0,0.0,2.0,1.0,42.0,4.0,8.0,14.0,22.0,105.0,149
410260,2018,7.0,1.0,2.0,5.0,0.0,47.0,13.0,8.0,31.0,12.0,126.0,165
410260,2019,12.0,2.0,4.0,4.0,3.0,47.0,15.0,2.0,15.0,12.0,116.0,163
410270,2012,2.0,0.0,0.0,0.0,0.0,9.0,0.0,1.0,0.0,2.0,14.0,22
410270,2013,0.0,0.0,0.0,0.0,0.0,0.0,0.0,0.0,0.0,0.0,25.0,36
410270,2014,4.0,0.0,0.0,1.0,0.0,7.0,0.0,7.0,1.0,10.0,31.0,36
410270,2015,2.0,0.0,0.0,1.0,0.0,8.0,2.0,4.0,2.0,2.0,21.0,22
410270,2016,0.0,0.0,0.0,0.0,0.0,11.0,1.0,2.0,3.0,3.0,20.0,25
410270,2017,1.0,0.0,0.0,1.0,0.0,6.0,0.0,4.0,1.0,5.0,19.0,25
410270,2018,2.0,0.0,1.0,1.0,0.0,8.0,1.0,2.0,1.0,8.0,25.0,30
410270,2019,2.0,0.0,0.0,0.0,1.0,10.0,0.0,1.0,0.0,7.0,21.0,27
410275,2012,5.0,1.0,2.0,2.0,0.0,11.0,4.0,0.0,4.0,0.0,29.0,49
410275,2013,0.0,0.0,0.0,0.0,0.0,0.0,0.0,0.0,0.0,0.0,23.0,28
410275,2014,0.0,1.0,0.0,0.0,0.0,17.0,1.0,2.0,2.0,1.0,24.0,35
410275,2015,4.0,1.0,0.0,0.0,0.0,20.0,4.0,0.0,1.0,1.0,34.0,49
410275,2016,1.0,0.0,0.0,0.0,0.0,12.0,0.0,0.0,1.0,1.0,15.0,26
410275,2017,1.0,0.0,2.0,0.0,1.0,15.0,0.0,2.0,2.0,10.0,33.0,48
410275,2018,2.0,0.0,0.0,0.0,0.0,9.0,0.0,2.0,4.0,5.0,22.0,34
410275,2019,2.0,0.0,2.0,0.0,0.0,9.0,1.0,1.0,3.0,4.0,22.0,35
410280,2012,12.0,0.0,2.0,6.0,4.0,32.0,11.0,2.0,25.0,20.0,114.0,209
410280,2013,0.0,0.0,0.0,0.0,0.0,0.0,0.0,0.0,0.0,0.0,98.0,224
410280,2014,13.0,0.0,3.0,1.0,5.0,31.0,8.0,4.0,32.0,14.0,111.0,203
410280,2015,9.0,0.0,4.0,1.0,3.0,40.0,8.0,5.0,30.0,13.0,115.0,212
410280,2016,13.0,2.0,8.0,4.0,6.0,32.0,8.0,1.0,36.0,4.0,117.0,210
410280,2017,10.0,0.0,2.0,2.0,5.0,37.0,12.0,0.0,43.0,11.0,122.0,217
410280,2018,14.0,3.0,7.0,2.0,1.0,33.0,23.0,4.0,35.0,1.0,123.0,231
410280,2019,7.0,2.0,5.0,3.0,4.0,47.0,10.0,5.0,17.0,13.0,114.0,191
410290,2012,14.0,1.0,0.0,1.0,0.0,25.0,18.0,9.0,40.0,13.0,123.0,229
410290,2013,0.0,0.0,0.0,0.0,0.0,0.0,0.0,0.0,0.0,0.0,113.0,234
410290,2014,17.0,0.0,2.0,4.0,4.0,29.0,20.0,15.0,29.0,18.0,149.0,244
410290,2015,27.0,0.0,2.0,3.0,2.0,37.0,17.0,2.0,57.0,9.0,156.0,249
410290,2016,9.0,2.0,3.0,1.0,2.0,26.0,12.0,2.0,27.0,9.0,112.0,271
410290,2017,5.0,0.0,9.0,4.0,2.0,33.0,6.0,5.0,37.0,6.0,115.0,270
410290,2018,12.0,0.0,0.0,5.0,2.0,42.0,14.0,2.0,37.0,9.0,123.0,288
410290,2019,17.0,0.0,2.0,2.0,2.0,43.0,11.0,3.0,26.0,18.0,126.0,280
410300,2012,2.0,2.0,0.0,2.0,0.0,7.0,2.0,1.0,4.0,6.0,26.0,40
410300,2013,0.0,0.0,0.0,0.0,0.0,0.0,0.0,0.0,0.0,0.0,36.0,51
410300,2014,0.0,2.0,0.0,5.0,1.0,13.0,3.0,1.0,13.0,1.0,39.0,55
410300,2015,3.0,0.0,0.0,4.0,3.0,9.0,1.0,0.0,10.0,4.0,34.0,48
410300,2016,3.0,0.0,0.0,2.0,5.0,10.0,3.0,2.0,8.0,7.0,40.0,51
410300,2017,6.0,0.0,0.0,4.0,5.0,10.0,5.0,1.0,12.0,4.0,48.0,64
410300,2018,2.0,0.0,2.0,7.0,4.0,13.0,3.0,1.0,8.0,5.0,45.0,54
410300,2019,6.0,0.0,2.0,1.0,1.0,17.0,1.0,1.0,7.0,2.0,38.0,53
410302,2012,0.0,1.0,2.0,1.0,0.0,9.0,3.0,0.0,7.0,2.0,25.0,38
410302,2013,0.0,0.0,0.0,0.0,0.0,0.0,0.0,0.0,0.0,0.0,31.0,37
410302,2014,1.0,1.0,0.0,0.0,1.0,10.0,2.0,3.0,5.0,1.0,25.0,39
410302,2015,1.0,0.0,0.0,0.0,1.0,16.0,3.0,0.0,5.0,4.0,31.0,42
410302,2016,3.0,0.0,0.0,0.0,0.0,6.0,2.0,1.0,4.0,2.0,18.0,27
410302,2017,2.0,0.0,0.0,3.0,2.0,5.0,1.0,1.0,8.0,0.0,23.0,30
410302,2018,2.0,0.0,0.0,1.0,0.0,10.0,3.0,0.0,11.0,0.0,27.0,36
410302,2019,1.0,0.0,2.0,4.0,1.0,9.0,0.0,0.0,5.0,2.0,24.0,31
410304,2012,0.0,0.0,2.0,1.0,0.0,13.0,16.0,2.0,21.0,6.0,62.0,86
410304,2013,0.0,0.0,0.0,0.0,0.0,0.0,0.0,0.0,0.0,0.0,63.0,89
410304,2014,4.0,0.0,0.0,0.0,1.0,16.0,7.0,11.0,14.0,17.0,70.0,83
410304,2015,5.0,0.0,2.0,1.0,2.0,18.0,0.0,3.0,9.0,11.0,51.0,75
410304,2016,5.0,2.0,0.0,1.0,1.0,18.0,4.0,7.0,9.0,14.0,61.0,91
410304,2017,0.0,0.0,0.0,0.0,0.0,19.0,9.0,2.0,13.0,6.0,49.0,82
410304,2018,3.0,1.0,0.0,2.0,0.0,20.0,8.0,1.0,9.0,8.0,52.0,88
410304,2019,2.0,0.0,0.0,1.0,0.0,17.0,4.0,3.0,8.0,10.0,46.0,91
410305,2012,8.0,0.0,4.0,1.0,0.0,19.0,8.0,2.0,15.0,7.0,64.0,115
410305,2013,0.0,0.0,0.0,0.0,0.0,0.0,0.0,0.0,0.0,0.0,56.0,108
410305,2014,3.0,1.0,0.0,4.0,0.0,15.0,10.0,0.0,20.0,4.0,57.0,125
410305,2015,2.0,0.0,4.0,3.0,1.0,20.0,7.0,1.0,15.0,2.0,55.0,115
410305,2016,4.0,0.0,0.0,1.0,1.0,23.0,3.0,3.0,9.0,1.0,45.0,101
410305,2017,2.0,0.0,0.0,3.0,1.0,29.0,2.0,2.0,16.0,4.0,59.0,123
410305,2018,5.0,1.0,0.0,1.0,1.0,15.0,3.0,2.0,8.0,8.0,45.0,108
410305,2019,2.0,0.0,4.0,3.0,1.0,23.0,3.0,0.0,10.0,6.0,52.0,109
410310,2012,14.0,0.0,7.0,2.0,0.0,16.0,5.0,1.0,17.0,4.0,68.0,179
410310,2013,0.0,0.0,0.0,0.0,0.0,0.0,0.0,0.0,0.0,0.0,76.0,164
410310,2014,8.0,0.0,4.0,0.0,0.0,29.0,7.0,3.0,19.0,9.0,80.0,188
410310,2015,6.0,0.0,4.0,5.0,2.0,23.0,16.0,6.0,18.0,2.0,83.0,180
410310,2016,6.0,0.0,0.0,1.0,0.0,30.0,8.0,2.0,14.0,10.0,75.0,181
410310,2017,5.0,0.0,6.0,2.0,2.0,25.0,11.0,1.0,24.0,5.0,82.0,200
410310,2018,4.0,0.0,4.0,1.0,1.0,29.0,17.0,2.0,17.0,6.0,81.0,195
410310,2019,6.0,0.0,2.0,3.0,1.0,32.0,10.0,2.0,13.0,8.0,77.0,172
410315,2012,3.0,0.0,0.0,0.0,1.0,7.0,4.0,3.0,4.0,0.0,24.0,33
410315,2013,0.0,0.0,0.0,0.0,0.0,0.0,0.0,0.0,0.0,0.0,28.0,41
410315,2014,4.0,1.0,0.0,1.0,1.0,10.0,5.0,1.0,10.0,2.0,37.0,57
410315,2015,3.0,0.0,1.0,2.0,0.0,12.0,5.0,3.0,6.0,7.0,40.0,51
410315,2016,0.0,0.0,0.0,1.0,1.0,10.0,2.0,0.0,7.0,2.0,23.0,42
410315,2017,3.0,0.0,4.0,0.0,1.0,17.0,4.0,2.0,11.0,4.0,46.0,62
410315,2018,5.0,0.0,0.0,0.0,2.0,15.0,4.0,1.0,9.0,4.0,40.0,51
410315,2019,2.0,0.0,4.0,2.0,1.0,15.0,4.0,1.0,11.0,4.0,44.0,56
410320,2012,3.0,0.0,4.0,4.0,8.0,17.0,7.0,3.0,26.0,2.0,74.0,103
410320,2013,0.0,0.0,0.0,0.0,0.0,0.0,0.0,0.0,0.0,0.0,73.0,102
410320,2014,7.0,1.0,2.0,2.0,0.0,21.0,15.0,1.0,33.0,6.0,88.0,110
410320,2015,6.0,2.0,4.0,0.0,1.0,34.0,14.0,2.0,34.0,10.0,107.0,125
410320,2016,4.0,2.0,0.0,1.0,0.0,27.0,8.0,0.0,14.0,10.0,67.0,88
410320,2017,4.0,0.0,2.0,1.0,1.0,21.0,6.0,2.0,19.0,7.0,63.0,86
410320,2018,3.0,0.0,2.0,1.0,1.0,37.0,12.0,3.0,11.0,3.0,73.0,102
410320,2019,5.0,0.0,2.0,1.0,0.0,34.0,10.0,1.0,19.0,3.0,76.0,99
410322,2012,2.0,0.0,0.0,0.0,0.0,13.0,4.0,0.0,10.0,4.0,33.0,49
410322,2013,0.0,0.0,0.0,0.0,0.0,0.0,0.0,0.0,0.0,0.0,28.0,44
410322,2014,0.0,0.0,0.0,1.0,1.0,13.0,4.0,0.0,6.0,4.0,29.0,39
410322,2015,2.0,0.0,1.0,1.0,0.0,14.0,3.0,2.0,6.0,3.0,32.0,41
410322,2016,0.0,0.0,0.0,0.0,0.0,12.0,2.0,1.0,11.0,0.0,26.0,35
410322,2017,2.0,0.0,0.0,1.0,0.0,9.0,2.0,1.0,9.0,0.0,24.0,36
410322,2018,1.0,2.0,0.0,0.0,1.0,8.0,1.0,2.0,6.0,1.0,22.0,39
410322,2019,1.0,0.0,0.0,1.0,1.0,13.0,1.0,0.0,8.0,1.0,26.0,37
410330,2012,7.0,0.0,2.0,0.0,0.0,30.0,0.0,2.0,13.0,17.0,71.0,87
410330,2013,0.0,0.0,0.0,0.0,0.0,0.0,0.0,0.0,0.0,0.0,53.0,67
410330,2014,8.0,0.0,2.0,0.0,0.0,27.0,5.0,7.0,5.0,12.0,66.0,84
410330,2015,9.0,1.0,0.0,1.0,2.0,27.0,4.0,5.0,11.0,7.0,68.0,83
410330,2016,5.0,0.0,0.0,1.0,1.0,36.0,6.0,3.0,17.0,11.0,80.0,103
410330,2017,3.0,0.0,0.0,0.0,0.0,38.0,5.0,2.0,13.0,5.0,66.0,89
410330,2018,2.0,0.0,1.0,0.0,0.0,30.0,5.0,0.0,16.0,3.0,58.0,76
410330,2019,9.0,0.0,4.0,0.0,0.0,20.0,3.0,1.0,11.0,7.0,55.0,70
410335,2012,2.0,2.0,0.0,0.0,3.0,9.0,5.0,2.0,15.0,0.0,39.0,68
410335,2013,0.0,0.0,0.0,0.0,0.0,0.0,0.0,0.0,0.0,0.0,49.0,83
410335,2014,7.0,0.0,4.0,0.0,1.0,11.0,3.0,2.0,16.0,3.0,47.0,65
410335,2015,4.0,0.0,1.0,1.0,2.0,13.0,10.0,2.0,18.0,4.0,55.0,76
410335,2016,3.0,1.0,2.0,3.0,0.0,22.0,4.0,2.0,6.0,3.0,46.0,73
410335,2017,3.0,0.0,2.0,0.0,0.0,13.0,8.0,1.0,11.0,4.0,42.0,64
410335,2018,3.0,0.0,2.0,2.0,0.0,14.0,6.0,0.0,10.0,3.0,40.0,62
410335,2019,6.0,0.0,3.0,0.0,1.0,19.0,1.0,0.0,10.0,5.0,45.0,80
410337,2012,2.0,0.0,0.0,1.0,0.0,10.0,2.0,3.0,6.0,3.0,27.0,38
410337,2013,0.0,0.0,0.0,0.0,0.0,0.0,0.0,0.0,0.0,0.0,30.0,46
410337,2014,3.0,0.0,1.0,1.0,0.0,10.0,6.0,2.0,11.0,3.0,37.0,48
410337,2015,1.0,0.0,0.0,0.0,0.0,7.0,3.0,0.0,12.0,2.0,25.0,39
410337,2016,0.0,0.0,0.0,3.0,2.0,15.0,3.0,0.0,8.0,2.0,33.0,44
410337,2017,1.0,1.0,3.0,2.0,0.0,11.0,3.0,0.0,15.0,3.0,39.0,54
410337,2018,2.0,0.0,0.0,0.0,0.0,10.0,2.0,2.0,13.0,5.0,34.0,52
410337,2019,0.0,0.0,4.0,0.0,0.0,18.0,1.0,0.0,9.0,2.0,34.0,53
410340,2012,0.0,0.0,0.0,0.0,2.0,5.0,1.0,2.0,3.0,3.0,17.0,25
410340,2013,0.0,0.0,0.0,0.0,0.0,0.0,0.0,0.0,0.0,0.0,16.0,21
410340,2014,0.0,0.0,0.0,1.0,1.0,4.0,3.0,1.0,6.0,1.0,18.0,27
410340,2015,2.0,0.0,4.0,0.0,0.0,4.0,2.0,0.0,6.0,3.0,21.0,41
410340,2016,0.0,0.0,0.0,2.0,0.0,3.0,1.0,1.0,2.0,1.0,11.0,20
410340,2017,1.0,0.0,0.0,1.0,1.0,3.0,0.0,1.0,3.0,0.0,10.0,15
410340,2018,0.0,0.0,4.0,0.0,2.0,9.0,0.0,0.0,2.0,3.0,20.0,31
410340,2019,2.0,1.0,1.0,1.0,0.0,8.0,0.0,1.0,3.0,2.0,19.0,25
410345,2012,13.0,0.0,0.0,0.0,1.0,41.0,3.0,11.0,24.0,50.0,145.0,208
410345,2013,0.0,0.0,0.0,0.0,0.0,0.0,0.0,0.0,0.0,0.0,175.0,242
410345,2014,20.0,0.0,6.0,9.0,6.0,58.0,4.0,13.0,29.0,49.0,195.0,268
410345,2015,19.0,0.0,6.0,5.0,1.0,104.0,3.0,16.0,29.0,60.0,243.0,324
410345,2016,16.0,0.0,4.0,2.0,2.0,83.0,5.0,16.0,28.0,44.0,200.0,260
410345,2017,20.0,0.0,8.0,5.0,1.0,104.0,7.0,9.0,42.0,31.0,229.0,300
410345,2018,14.0,1.0,8.0,5.0,0.0,102.0,9.0,8.0,41.0,18.0,207.0,283
410345,2019,8.0,0.0,10.0,6.0,5.0,95.0,18.0,7.0,39.0,11.0,199.0,338
410347,2012,4.0,0.0,0.0,0.0,0.0,14.0,5.0,0.0,12.0,2.0,37.0,49
410347,2013,0.0,0.0,0.0,0.0,0.0,0.0,0.0,0.0,0.0,0.0,38.0,45
410347,2014,3.0,0.0,1.0,1.0,0.0,7.0,3.0,0.0,11.0,3.0,29.0,37
410347,2015,2.0,0.0,0.0,0.0,1.0,17.0,2.0,0.0,11.0,1.0,34.0,46
410347,2016,1.0,0.0,0.0,0.0,1.0,20.0,3.0,0.0,7.0,0.0,32.0,40
410347,2017,4.0,0.0,0.0,0.0,2.0,15.0,2.0,1.0,15.0,2.0,41.0,51
410347,2018,0.0,0.0,2.0,0.0,1.0,25.0,3.0,2.0,14.0,0.0,47.0,57
410347,2019,2.0,0.0,4.0,3.0,2.0,23.0,0.0,1.0,12.0,4.0,51.0,61
410350,2012,2.0,0.0,4.0,3.0,0.0,20.0,4.0,1.0,35.0,1.0,70.0,95
410350,2013,0.0,0.0,0.0,0.0,0.0,0.0,0.0,0.0,0.0,0.0,72.0,93
410350,2014,6.0,0.0,4.0,1.0,2.0,37.0,14.0,0.0,40.0,0.0,104.0,137
410350,2015,9.0,0.0,2.0,1.0,1.0,29.0,12.0,0.0,33.0,0.0,87.0,122
410350,2016,7.0,0.0,5.0,0.0,1.0,40.0,12.0,0.0,38.0,2.0,105.0,136
410350,2017,11.0,0.0,0.0,1.0,1.0,32.0,7.0,0.0,14.0,0.0,66.0,113
410350,2018,6.0,0.0,4.0,0.0,0.0,37.0,8.0,2.0,27.0,0.0,84.0,120
410350,2019,9.0,0.0,6.0,1.0,0.0,44.0,13.0,0.0,19.0,0.0,92.0,121
410360,2012,20.0,0.0,6.0,4.0,4.0,53.0,1.0,12.0,18.0,33.0,162.0,298
410360,2013,0.0,0.0,0.0,0.0,0.0,0.0,0.0,0.0,0.0,0.0,191.0,287
410360,2014,7.0,0.0,7.0,3.0,2.0,52.0,8.0,21.0,31.0,56.0,224.0,310
410360,2015,9.0,2.0,9.0,5.0,8.0,53.0,12.0,10.0,32.0,33.0,212.0,312
410360,2016,6.0,0.0,3.0,6.0,2.0,62.0,13.0,11.0,30.0,35.0,168.0,287
410360,2017,13.0,0.0,4.0,8.0,6.0,62.0,10.0,6.0,34.0,31.0,177.0,283
410360,2018,17.0,0.0,4.0,2.0,6.0,63.0,7.0,17.0,27.0,37.0,183.0,301
410360,2019,16.0,0.0,8.0,5.0,5.0,65.0,3.0,11.0,31.0,38.0,185.0,302
410370,2012,78.0,3.0,27.0,59.0,56.0,236.0,78.0,14.0,277.0,52.0,906.0,1287
410370,2013,0.0,0.0,0.0,0.0,0.0,0.0,0.0,0.0,0.0,0.0,1007.0,1391
410370,2014,97.0,5.0,32.0,22.0,24.0,266.0,97.0,53.0,208.0,127.0,946.0,1311
410370,2015,63.0,2.0,31.0,15.0,21.0,336.0,66.0,47.0,216.0,107.0,910.0,1410
410370,2016,54.0,6.0,32.0,21.0,15.0,269.0,65.0,19.0,190.0,77.0,757.0,1256
410370,2017,65.0,6.0,36.0,40.0,35.0,286.0,63.0,23.0,189.0,63.0,818.0,1355
410370,2018,60.0,10.0,16.0,26.0,22.0,333.0,80.0,27.0,193.0,74.0,844.0,1298
410370,2019,63.0,12.0,31.0,23.0,27.0,293.0,59.0,22.0,157.0,59.0,750.0,1251
410380,2012,10.0,0.0,0.0,2.0,10.0,26.0,6.0,0.0,26.0,5.0,86.0,104
410380,2013,0.0,0.0,0.0,0.0,0.0,0.0,0.0,0.0,0.0,0.0,73.0,89
410380,2014,7.0,0.0,2.0,0.0,1.0,29.0,13.0,1.0,19.0,0.0,72.0,89
410380,2015,10.0,0.0,0.0,1.0,1.0,36.0,6.0,0.0,37.0,3.0,94.0,119
410380,2016,10.0,0.0,7.0,0.0,2.0,18.0,8.0,0.0,24.0,6.0,75.0,91
410380,2017,4.0,0.0,2.0,1.0,1.0,32.0,7.0,1.0,16.0,0.0,64.0,98
410380,2018,9.0,0.0,2.0,1.0,0.0,38.0,10.0,0.0,23.0,1.0,84.0,111
410380,2019,13.0,1.0,0.0,3.0,0.0,31.0,9.0,1.0,28.0,2.0,88.0,103
410390,2012,12.0,2.0,2.0,3.0,0.0,37.0,12.0,6.0,35.0,25.0,136.0,220
410390,2013,0.0,0.0,0.0,0.0,0.0,0.0,0.0,0.0,0.0,0.0,145.0,214
410390,2014,8.0,2.0,2.0,7.0,3.0,50.0,13.0,19.0,22.0,16.0,143.0,230
410390,2015,6.0,2.0,0.0,5.0,3.0,50.0,5.0,11.0,27.0,19.0,129.0,208
410390,2016,7.0,0.0,8.0,11.0,1.0,52.0,7.0,15.0,29.0,30.0,161.0,253
410390,2017,7.0,0.0,4.0,16.0,2.0,55.0,9.0,6.0,24.0,15.0,139.0,221
410390,2018,9.0,2.0,9.0,14.0,7.0,53.0,8.0,6.0,23.0,25.0,156.0,230
410390,2019,15.0,0.0,7.0,4.0,3.0,56.0,11.0,9.0,22.0,20.0,150.0,219
410395,2012,6.0,0.0,0.0,0.0,1.0,3.0,2.0,2.0,13.0,5.0,32.0,60
410395,2013,0.0,0.0,0.0,0.0,0.0,0.0,0.0,0.0,0.0,0.0,18.0,48
410395,2014,5.0,0.0,0.0,1.0,1.0,12.0,3.0,2.0,14.0,1.0,39.0,73
410395,2015,4.0,0.0,0.0,1.0,0.0,11.0,4.0,2.0,6.0,8.0,36.0,58
410395,2016,3.0,0.0,0.0,0.0,1.0,15.0,2.0,4.0,7.0,7.0,39.0,64
410395,2017,1.0,0.0,0.0,0.0,1.0,13.0,4.0,3.0,6.0,12.0,40.0,70
410395,2018,3.0,0.0,0.0,1.0,2.0,15.0,2.0,3.0,7.0,3.0,36.0,60
410395,2019,6.0,0.0,2.0,0.0,0.0,7.0,2.0,3.0,6.0,3.0,29.0,69
410400,2012,38.0,3.0,21.0,7.0,9.0,144.0,42.0,5.0,133.0,39.0,464.0,800
410400,2013,0.0,0.0,0.0,0.0,0.0,0.0,0.0,0.0,0.0,0.0,504.0,788
410400,2014,29.0,2.0,10.0,13.0,3.0,196.0,59.0,8.0,159.0,19.0,518.0,844
410400,2015,24.0,6.0,12.0,10.0,12.0,206.0,46.0,2.0,148.0,23.0,509.0,817
410400,2016,37.0,1.0,12.0,10.0,3.0,175.0,55.0,8.0,136.0,13.0,457.0,786
410400,2017,48.0,1.0,11.0,9.0,3.0,202.0,53.0,10.0,127.0,35.0,506.0,842
410400,2018,42.0,3.0,15.0,7.0,2.0,165.0,61.0,8.0,124.0,14.0,449.0,768
410400,2019,31.0,0.0,14.0,11.0,8.0,199.0,42.0,4.0,106.0,21.0,438.0,739
410405,2012,7.0,0.0,0.0,3.0,2.0,7.0,3.0,1.0,10.0,8.0,41.0,69
410405,2013,0.0,0.0,0.0,0.0,0.0,0.0,0.0,0.0,0.0,0.0,26.0,58
410405,2014,2.0,0.0,0.0,1.0,2.0,11.0,1.0,2.0,16.0,3.0,38.0,78
410405,2015,2.0,0.0,0.0,0.0,1.0,9.0,1.0,1.0,8.0,1.0,23.0,48
410405,2016,0.0,0.0,0.0,0.0,0.0,15.0,2.0,3.0,9.0,7.0,36.0,58
410405,2017,2.0,0.0,0.0,0.0,0.0,10.0,3.0,3.0,10.0,4.0,32.0,63
410405,2018,2.0,0.0,0.0,0.0,0.0,12.0,1.0,0.0,5.0,3.0,23.0,47
410405,2019,4.0,0.0,0.0,3.0,0.0,10.0,3.0,3.0,3.0,4.0,30.0,60
410410,2012,8.0,0.0,2.0,2.0,0.0,16.0,9.0,5.0,14.0,5.0,63.0,118
410410,2013,0.0,0.0,0.0,0.0,0.0,0.0,0.0,0.0,0.0,0.0,65.0,120
410410,2014,12.0,0.0,2.0,1.0,0.0,14.0,4.0,3.0,20.0,2.0,58.0,128
410410,2015,2.0,1.0,0.0,3.0,2.0,19.0,5.0,3.0,22.0,1.0,58.0,121
410410,2016,2.0,0.0,2.0,5.0,1.0,16.0,6.0,1.0,9.0,0.0,50.0,117
410410,2017,6.0,0.0,0.0,4.0,1.0,19.0,2.0,4.0,11.0,6.0,65.0,135
410410,2018,7.0,0.0,2.0,3.0,1.0,16.0,6.0,4.0,9.0,3.0,54.0,120
410410,2019,8.0,0.0,0.0,1.0,4.0,19.0,7.0,8.0,11.0,5.0,74.0,121
410420,2012,178.0,6.0,36.0,31.0,32.0,250.0,49.0,23.0,218.0,136.0,1100.0,1744
410420,2013,0.0,0.0,0.0,0.0,0.0,0.0,0.0,0.0,0.0,0.0,1096.0,1795
410420,2014,86.0,0.0,41.0,24.0,20.0,309.0,59.0,64.0,165.0,195.0,1119.0,1807
410420,2015,112.0,3.0,41.0,27.0,21.0,318.0,59.0,48.0,174.0,182.0,1129.0,1843
410420,2016,92.0,0.0,21.0,34.0,16.0,289.0,54.0,43.0,154.0,145.0,906.0,1720
410420,2017,93.0,2.0,27.0,43.0,24.0,320.0,36.0,52.0,134.0,142.0,912.0,1735
410420,2018,91.0,1.0,22.0,33.0,27.0,311.0,40.0,49.0,170.0,138.0,900.0,1715
410420,2019,113.0,3.0,22.0,30.0,28.0,329.0,57.0,68.0,143.0,135.0,938.0,1656
410425,2012,16.0,0.0,5.0,8.0,12.0,47.0,10.0,8.0,54.0,14.0,193.0,412
410425,2013,0.0,0.0,0.0,0.0,0.0,0.0,0.0,0.0,0.0,0.0,208.0,408
410425,2014,10.0,1.0,2.0,8.0,6.0,51.0,19.0,5.0,46.0,15.0,171.0,408
410425,2015,16.0,0.0,4.0,10.0,5.0,62.0,25.0,5.0,44.0,15.0,196.0,431
410425,2016,13.0,0.0,9.0,6.0,8.0,71.0,9.0,14.0,38.0,20.0,194.0,431
410425,2017,17.0,0.0,4.0,3.0,6.0,67.0,12.0,8.0,41.0,14.0,182.0,390
410425,2018,22.0,2.0,4.0,9.0,8.0,73.0,10.0,3.0,32.0,16.0,179.0,393
410425,2019,20.0,1.0,3.0,8.0,4.0,77.0,25.0,8.0,41.0,16.0,204.0,404
410430,2012,91.0,70.0,15.0,34.0,34.0,244.0,70.0,29.0,202.0,111.0,944.0,1289
410430,2013,0.0,0.0,0.0,0.0,0.0,0.0,0.0,0.0,0.0,0.0,971.0,1328
410430,2014,48.0,17.0,35.0,204.0,149.0,195.0,54.0,20.0,191.0,47.0,963.0,1387
410430,2015,45.0,9.0,26.0,166.0,102.0,205.0,63.0,14.0,168.0,55.0,855.0,1292
410430,2016,42.0,4.0,34.0,250.0,123.0,165.0,30.0,3.0,139.0,27.0,817.0,1274
410430,2017,49.0,4.0,32.0,282.0,157.0,175.0,39.0,14.0,159.0,30.0,944.0,1385
410430,2018,66.0,6.0,42.0,270.0,193.0,225.0,61.0,15.0,169.0,30.0,1080.0,1429
410430,2019,69.0,18.0,24.0,125.0,110.0,298.0,100.0,1.0,232.0,9.0,991.0,1238
410440,2012,12.0,1.0,2.0,2.0,3.0,18.0,9.0,5.0,20.0,11.0,88.0,200
410440,2013,0.0,0.0,0.0,0.0,0.0,0.0,0.0,0.0,0.0,0.0,134.0,197
410440,2014,12.0,0.0,3.0,3.0,2.0,30.0,12.0,9.0,41.0,17.0,131.0,240
410440,2015,7.0,2.0,0.0,3.0,4.0,33.0,2.0,4.0,20.0,9.0,91.0,198
410440,2016,14.0,2.0,2.0,3.0,5.0,32.0,16.0,9.0,22.0,31.0,136.0,226
410440,2017,9.0,0.0,0.0,5.0,1.0,33.0,9.0,9.0,19.0,22.0,108.0,186
410440,2018,12.0,4.0,2.0,1.0,1.0,37.0,14.0,12.0,19.0,18.0,121.0,202
410440,2019,6.0,3.0,0.0,4.0,3.0,41.0,16.0,11.0,14.0,21.0,121.0,195
410442,2012,12.0,1.0,6.0,6.0,2.0,32.0,11.0,5.0,28.0,11.0,118.0,234
410442,2013,0.0,0.0,0.0,0.0,0.0,0.0,0.0,0.0,0.0,0.0,113.0,220
410442,2014,11.0,1.0,2.0,4.0,2.0,49.0,11.0,8.0,30.0,17.0,135.0,249
410442,2015,12.0,0.0,4.0,2.0,4.0,45.0,19.0,5.0,35.0,8.0,143.0,251
410442,2016,7.0,1.0,2.0,1.0,0.0,35.0,23.0,1.0,38.0,15.0,123.0,239
410442,2017,5.0,0.0,2.0,1.0,0.0,70.0,18.0,7.0,37.0,17.0,157.0,279
410442,2018,6.0,0.0,5.0,4.0,2.0,62.0,17.0,15.0,26.0,16.0,153.0,248
410442,2019,12.0,0.0,0.0,2.0,3.0,51.0,10.0,4.0,29.0,24.0,135.0,234
410445,2012,11.0,1.0,4.0,2.0,2.0,32.0,10.0,2.0,25.0,25.0,114.0,185
410445,2013,0.0,0.0,0.0,0.0,0.0,0.0,0.0,0.0,0.0,0.0,102.0,190
410445,2014,6.0,0.0,7.0,2.0,1.0,37.0,12.0,8.0,16.0,21.0,110.0,173
410445,2015,8.0,0.0,0.0,5.0,5.0,35.0,7.0,7.0,17.0,23.0,112.0,203
410445,2016,8.0,0.0,0.0,2.0,5.0,40.0,6.0,6.0,19.0,18.0,104.0,204
410445,2017,9.0,0.0,2.0,1.0,2.0,34.0,7.0,7.0,20.0,18.0,100.0,185
410445,2018,10.0,2.0,1.0,2.0,0.0,41.0,4.0,12.0,13.0,23.0,108.0,198
410445,2019,8.0,1.0,0.0,1.0,2.0,43.0,3.0,9.0,14.0,19.0,101.0,164
410450,2012,17.0,0.0,10.0,3.0,7.0,46.0,2.0,6.0,27.0,33.0,152.0,221
410450,2013,0.0,0.0,0.0,0.0,0.0,0.0,0.0,0.0,0.0,0.0,153.0,231
410450,2014,11.0,0.0,0.0,12.0,5.0,49.0,11.0,8.0,18.0,27.0,153.0,212
410450,2015,16.0,0.0,0.0,3.0,3.0,75.0,9.0,12.0,22.0,34.0,180.0,238
410450,2016,8.0,0.0,0.0,1.0,2.0,73.0,9.0,6.0,11.0,43.0,155.0,234
410450,2017,17.0,1.0,4.0,3.0,2.0,64.0,3.0,12.0,6.0,59.0,173.0,250
410450,2018,11.0,0.0,4.0,3.0,3.0,89.0,5.0,12.0,14.0,52.0,195.0,277
410450,2019,16.0,0.0,9.0,6.0,6.0,70.0,10.0,9.0,21.0,34.0,185.0,250
410460,2012,10.0,1.0,2.0,1.0,2.0,50.0,15.0,1.0,55.0,11.0,148.0,215
410460,2013,0.0,0.0,0.0,0.0,0.0,0.0,0.0,0.0,0.0,0.0,128.0,180
410460,2014,7.0,1.0,6.0,2.0,4.0,50.0,10.0,16.0,25.0,35.0,156.0,211
410460,2015,10.0,0.0,6.0,2.0,4.0,54.0,4.0,16.0,20.0,40.0,156.0,216
410460,2016,13.0,1.0,2.0,7.0,5.0,53.0,10.0,10.0,19.0,25.0,145.0,200
410460,2017,9.0,1.0,6.0,5.0,4.0,56.0,7.0,13.0,21.0,27.0,149.0,244
410460,2018,8.0,0.0,2.0,5.0,3.0,58.0,9.0,11.0,13.0,19.0,129.0,225
410460,2019,13.0,0.0,5.0,8.0,1.0,55.0,3.0,12.0,18.0,28.0,145.0,242
410465,2012,18.0,0.0,10.0,4.0,2.0,68.0,24.0,5.0,51.0,17.0,209.0,355
410465,2013,0.0,0.0,0.0,0.0,0.0,0.0,0.0,0.0,0.0,0.0,220.0,371
410465,2014,26.0,0.0,9.0,5.0,2.0,64.0,25.0,5.0,50.0,13.0,201.0,388
410465,2015,14.0,0.0,10.0,4.0,1.0,68.0,29.0,3.0,59.0,8.0,197.0,366
410465,2016,17.0,0.0,3.0,1.0,4.0,71.0,28.0,7.0,54.0,18.0,203.0,362
410465,2017,24.0,0.0,2.0,5.0,2.0,67.0,17.0,14.0,39.0,34.0,211.0,365
410465,2018,15.0,0.0,9.0,7.0,1.0,91.0,15.0,14.0,40.0,16.0,210.0,366
410465,2019,19.0,0.0,4.0,4.0,4.0,83.0,14.0,11.0,32.0,26.0,197.0,344
410470,2012,3.0,0.0,2.0,2.0,1.0,23.0,6.0,3.0,11.0,8.0,60.0,175
410470,2013,0.0,0.0,0.0,0.0,0.0,0.0,0.0,0.0,0.0,0.0,82.0,188
410470,2014,4.0,0.0,2.0,2.0,0.0,29.0,6.0,9.0,8.0,17.0,85.0,182
410470,2015,3.0,1.0,3.0,2.0,3.0,18.0,6.0,7.0,13.0,8.0,81.0,178
410470,2016,11.0,0.0,2.0,4.0,1.0,23.0,3.0,8.0,7.0,23.0,92.0,176
410470,2017,5.0,0.0,8.0,3.0,2.0,26.0,8.0,4.0,11.0,10.0,84.0,202
410470,2018,7.0,0.0,2.0,9.0,2.0,28.0,10.0,4.0,17.0,21.0,103.0,217
410470,2019,10.0,0.0,4.0,2.0,4.0,34.0,6.0,5.0,17.0,18.0,103.0,198
410480,2012,307.0,10.0,109.0,57.0,70.0,746.0,183.0,64.0,812.0,232.0,2667.0,4435
410480,2013,0.0,0.0,0.0,0.0,0.0,0.0,0.0,0.0,0.0,0.0,2869.0,4646
410480,2014,297.0,15.0,128.0,61.0,56.0,947.0,424.0,11.0,1128.0,33.0,3102.0,4900
410480,2015,220.0,14.0,114.0,67.0,71.0,930.0,360.0,34.0,1045.0,85.0,2941.0,4768
410480,2016,257.0,10.0,95.0,86.0,67.0,1006.0,306.0,71.0,764.0,207.0,2869.0,4705
410480,2017,242.0,5.0,81.0,67.0,66.0,1061.0,257.0,96.0,707.0,294.0,2878.0,4879
410480,2018,264.0,9.0,86.0,86.0,74.0,1062.0,284.0,119.0,619.0,239.0,2846.0,4934
410480,2019,240.0,11.0,117.0,103.0,76.0,1102.0,206.0,102.0,602.0,240.0,2802.0,5209
410490,2012,61.0,2.0,27.0,18.0,14.0,197.0,42.0,32.0,116.0,110.0,629.0,1206
410490,2013,0.0,0.0,0.0,0.0,0.0,0.0,0.0,0.0,0.0,0.0,693.0,1231
410490,2014,97.0,0.0,4.0,19.0,11.0,201.0,72.0,42.0,133.0,81.0,664.0,1178
410490,2015,40.0,1.0,11.0,11.0,4.0,191.0,84.0,21.0,174.0,21.0,563.0,1210
410490,2016,57.0,2.0,13.0,17.0,9.0,201.0,74.0,21.0,141.0,62.0,601.0,1113
410490,2017,71.0,1.0,18.0,21.0,15.0,218.0,69.0,44.0,111.0,99.0,677.0,1209
410490,2018,71.0,0.0,12.0,26.0,16.0,237.0,48.0,43.0,109.0,112.0,676.0,1215
410490,2019,53.0,1.0,35.0,18.0,11.0,231.0,33.0,73.0,90.0,119.0,672.0,1187
410500,2012,1.0,0.0,6.0,4.0,0.0,18.0,5.0,2.0,7.0,11.0,55.0,123
410500,2013,0.0,0.0,0.0,0.0,0.0,0.0,0.0,0.0,0.0,0.0,61.0,113
410500,2014,6.0,0.0,8.0,4.0,1.0,23.0,18.0,2.0,17.0,3.0,82.0,136
410500,2015,4.0,0.0,0.0,2.0,4.0,27.0,11.0,1.0,15.0,2.0,66.0,126
410500,2016,6.0,0.0,0.0,2.0,1.0,16.0,7.0,2.0,17.0,6.0,57.0,114
410500,2017,3.0,0.0,2.0,3.0,2.0,20.0,5.0,7.0,15.0,5.0,62.0,115
410500,2018,8.0,0.0,0.0,3.0,2.0,22.0,6.0,4.0,10.0,9.0,64.0,128
410500,2019,4.0,0.0,0.0,3.0,4.0,33.0,5.0,0.0,10.0,1.0,60.0,113
410510,2012,7.0,1.0,4.0,2.0,0.0,29.0,2.0,1.0,3.0,28.0,79.0,129
410510,2013,0.0,0.0,0.0,0.0,0.0,0.0,0.0,0.0,0.0,0.0,62.0,116
410510,2014,5.0,0.0,2.0,2.0,2.0,16.0,5.0,6.0,16.0,15.0,72.0,116
410510,2015,4.0,0.0,4.0,5.0,5.0,26.0,6.0,7.0,8.0,16.0,81.0,123
410510,2016,8.0,0.0,2.0,0.0,5.0,18.0,6.0,3.0,12.0,10.0,65.0,119
410510,2017,2.0,0.0,7.0,2.0,3.0,43.0,10.0,2.0,20.0,5.0,94.0,173
410510,2018,5.0,1.0,6.0,3.0,3.0,21.0,7.0,6.0,18.0,11.0,81.0,135
410510,2019,7.0,0.0,8.0,9.0,5.0,26.0,9.0,4.0,13.0,10.0,91.0,130
410520,2012,10.0,0.0,4.0,2.0,3.0,30.0,11.0,3.0,13.0,6.0,84.0,234
410520,2013,0.0,0.0,0.0,0.0,0.0,0.0,0.0,0.0,0.0,0.0,101.0,237
410520,2014,5.0,0.0,3.0,6.0,2.0,25.0,12.0,6.0,18.0,8.0,86.0,242
410520,2015,2.0,1.0,4.0,6.0,2.0,32.0,9.0,1.0,24.0,8.0,90.0,215
410520,2016,7.0,1.0,2.0,2.0,0.0,25.0,13.0,4.0,17.0,11.0,84.0,218
410520,2017,6.0,0.0,0.0,4.0,0.0,40.0,11.0,4.0,15.0,10.0,94.0,221
410520,2018,9.0,2.0,5.0,4.0,5.0,27.0,12.0,4.0,20.0,9.0,97.0,245
410520,2019,7.0,0.0,1.0,4.0,5.0,26.0,11.0,3.0,21.0,10.0,89.0,239
410530,2012,11.0,1.0,4.0,0.0,0.0,22.0,4.0,2.0,21.0,5.0,101.0,146
410530,2013,0.0,0.0,0.0,0.0,0.0,0.0,0.0,0.0,0.0,0.0,92.0,130
410530,2014,5.0,0.0,2.0,2.0,3.0,16.0,12.0,0.0,25.0,3.0,89.0,139
410530,2015,4.0,0.0,0.0,2.0,5.0,20.0,10.0,2.0,14.0,3.0,82.0,130
410530,2016,8.0,1.0,0.0,5.0,4.0,38.0,6.0,3.0,14.0,6.0,93.0,144
410530,2017,9.0,0.0,2.0,3.0,2.0,30.0,6.0,2.0,15.0,10.0,83.0,130
410530,2018,6.0,0.0,4.0,7.0,2.0,32.0,7.0,3.0,20.0,6.0,87.0,138
410530,2019,10.0,0.0,0.0,4.0,4.0,25.0,7.0,6.0,15.0,12.0,87.0,129
410540,2012,14.0,0.0,4.0,5.0,2.0,51.0,22.0,2.0,57.0,15.0,172.0,272
410540,2013,0.0,0.0,0.0,0.0,0.0,0.0,0.0,0.0,0.0,0.0,176.0,257
410540,2014,21.0,0.0,2.0,2.0,0.0,54.0,20.0,10.0,39.0,22.0,170.0,269
410540,2015,13.0,0.0,5.0,0.0,3.0,63.0,16.0,4.0,57.0,24.0,185.0,275
410540,2016,12.0,0.0,4.0,1.0,1.0,65.0,15.0,7.0,50.0,33.0,188.0,275
410540,2017,19.0,0.0,0.0,2.0,2.0,79.0,17.0,8.0,57.0,23.0,207.0,288
410540,2018,5.0,0.0,4.0,0.0,1.0,60.0,17.0,6.0,54.0,23.0,170.0,271
410540,2019,13.0,0.0,14.0,1.0,3.0,84.0,19.0,8.0,58.0,19.0,219.0,317
410550,2012,35.0,6.0,11.0,12.0,20.0,193.0,39.0,28.0,124.0,90.0,582.0,1029
410550,2013,0.0,0.0,0.0,0.0,0.0,0.0,0.0,0.0,0.0,0.0,609.0,1047
410550,2014,40.0,1.0,13.0,19.0,22.0,195.0,42.0,26.0,146.0,103.0,607.0,1020
410550,2015,41.0,7.0,29.0,16.0,21.0,225.0,51.0,36.0,175.0,105.0,707.0,1138
410550,2016,31.0,5.0,25.0,17.0,15.0,218.0,56.0,16.0,177.0,70.0,630.0,1069
410550,2017,26.0,6.0,22.0,16.0,15.0,256.0,49.0,31.0,165.0,74.0,661.0,1124
410550,2018,42.0,1.0,18.0,18.0,17.0,243.0,55.0,23.0,169.0,46.0,632.0,1093
410550,2019,47.0,0.0,19.0,15.0,11.0,262.0,39.0,24.0,143.0,68.0,628.0,1105
410560,2012,8.0,0.0,2.0,14.0,7.0,27.0,2.0,1.0,14.0,6.0,81.0,136
410560,2013,0.0,0.0,0.0,0.0,0.0,0.0,0.0,0.0,0.0,0.0,96.0,161
410560,2014,3.0,0.0,10.0,41.0,18.0,21.0,2.0,2.0,15.0,7.0,120.0,173
410560,2015,3.0,0.0,2.0,27.0,17.0,31.0,5.0,3.0,15.0,8.0,111.0,179
410560,2016,5.0,0.0,5.0,19.0,13.0,37.0,8.0,3.0,18.0,8.0,117.0,171
410560,2017,8.0,1.0,0.0,8.0,3.0,33.0,10.0,2.0,20.0,12.0,98.0,148
410560,2018,5.0,0.0,8.0,4.0,1.0,43.0,7.0,2.0,22.0,5.0,97.0,163
410560,2019,9.0,0.0,2.0,1.0,3.0,45.0,7.0,7.0,19.0,7.0,100.0,167
410570,2012,13.0,0.0,2.0,0.0,2.0,38.0,6.0,8.0,14.0,39.0,123.0,272
410570,2013,0.0,0.0,0.0,0.0,0.0,0.0,0.0,0.0,0.0,0.0,161.0,284
410570,2014,9.0,1.0,10.0,5.0,3.0,59.0,12.0,11.0,34.0,28.0,172.0,292
410570,2015,15.0,0.0,12.0,3.0,2.0,72.0,5.0,13.0,33.0,22.0,178.0,272
410570,2016,11.0,0.0,3.0,4.0,4.0,63.0,5.0,11.0,33.0,28.0,163.0,263
410570,2017,7.0,0.0,6.0,3.0,4.0,67.0,3.0,5.0,22.0,36.0,153.0,230
410570,2018,6.0,2.0,7.0,3.0,1.0,61.0,6.0,12.0,28.0,48.0,175.0,263
410570,2019,10.0,1.0,3.0,2.0,3.0,64.0,14.0,15.0,21.0,26.0,159.0,264
410580,2012,231.0,8.0,60.0,57.0,47.0,411.0,153.0,36.0,451.0,121.0,1723.0,3827
410580,2013,0.0,0.0,0.0,0.0,0.0,0.0,0.0,0.0,0.0,0.0,1840.0,3854
410580,2014,128.0,5.0,54.0,45.0,47.0,551.0,227.0,76.0,463.0,155.0,1822.0,3820
410580,2015,117.0,8.0,65.0,53.0,36.0,556.0,202.0,64.0,420.0,166.0,1759.0,3854
410580,2016,117.0,6.0,62.0,40.0,46.0,558.0,157.0,85.0,359.0,201.0,1661.0,3720
410580,2017,123.0,2.0,58.0,41.0,32.0,540.0,181.0,73.0,369.0,182.0,1645.0,3696
410580,2018,118.0,1.0,82.0,56.0,28.0,588.0,192.0,76.0,318.0,207.0,1681.0,3567
410580,2019,131.0,2.0,64.0,53.0,26.0,538.0,183.0,67.0,333.0,199.0,1604.0,3458
410590,2012,27.0,1.0,5.0,5.0,6.0,71.0,10.0,2.0,66.0,32.0,227.0,270
410590,2013,0.0,0.0,0.0,0.0,0.0,0.0,0.0,0.0,0.0,0.0,215.0,268
410590,2014,18.0,0.0,2.0,2.0,4.0,69.0,11.0,13.0,62.0,38.0,219.0,277
410590,2015,9.0,0.0,4.0,4.0,2.0,102.0,19.0,5.0,73.0,18.0,238.0,325
410590,2016,9.0,1.0,4.0,5.0,2.0,89.0,19.0,6.0,54.0,23.0,212.0,293
410590,2017,13.0,0.0,12.0,7.0,5.0,79.0,19.0,5.0,60.0,17.0,217.0,286
410590,2018,12.0,0.0,2.0,4.0,3.0,87.0,19.0,2.0,67.0,16.0,214.0,285
410590,2019,11.0,0.0,5.0,2.0,3.0,86.0,7.0,5.0,43.0,18.0,180.0,263
410600,2012,3.0,2.0,0.0,4.0,4.0,23.0,5.0,6.0,7.0,15.0,74.0,122
410600,2013,0.0,0.0,0.0,0.0,0.0,0.0,0.0,0.0,0.0,0.0,86.0,139
410600,2014,6.0,2.0,2.0,0.0,0.0,21.0,4.0,7.0,7.0,19.0,69.0,119
410600,2015,4.0,0.0,2.0,1.0,1.0,26.0,1.0,2.0,13.0,12.0,62.0,118
410600,2016,3.0,0.0,0.0,0.0,0.0,20.0,8.0,3.0,9.0,8.0,62.0,120
410600,2017,7.0,1.0,7.0,5.0,4.0,27.0,6.0,9.0,7.0,20.0,95.0,137
410600,2018,4.0,5.0,5.0,1.0,0.0,35.0,4.0,6.0,13.0,16.0,90.0,129
410600,2019,3.0,5.0,3.0,9.0,4.0,17.0,9.0,9.0,6.0,8.0,74.0,101
410610,2012,0.0,0.0,0.0,0.0,1.0,6.0,0.0,0.0,2.0,2.0,11.0,31
410610,2013,0.0,0.0,0.0,0.0,0.0,0.0,0.0,0.0,0.0,0.0,22.0,41
410610,2014,1.0,0.0,1.0,0.0,2.0,12.0,4.0,1.0,5.0,5.0,31.0,55
410610,2015,0.0,0.0,0.0,0.0,0.0,6.0,2.0,1.0,8.0,3.0,21.0,48
410610,2016,1.0,0.0,0.0,1.0,0.0,4.0,1.0,0.0,3.0,2.0,12.0,31
410610,2017,3.0,1.0,2.0,1.0,2.0,8.0,1.0,1.0,3.0,3.0,27.0,56
410610,2018,2.0,0.0,1.0,1.0,0.0,9.0,0.0,2.0,2.0,5.0,26.0,54
410610,2019,3.0,0.0,0.0,1.0,2.0,8.0,0.0,2.0,1.0,2.0,19.0,35
410620,2012,12.0,0.0,1.0,4.0,2.0,48.0,12.0,2.0,38.0,4.0,132.0,251
410620,2013,0.0,0.0,0.0,0.0,0.0,0.0,0.0,0.0,0.0,0.0,122.0,221
410620,2014,5.0,0.0,0.0,2.0,6.0,30.0,12.0,14.0,32.0,25.0,128.0,248
410620,2015,20.0,2.0,5.0,5.0,1.0,47.0,7.0,5.0,23.0,16.0,137.0,270
410620,2016,5.0,0.0,2.0,4.0,2.0,54.0,9.0,6.0,21.0,17.0,125.0,248
410620,2017,13.0,0.0,6.0,8.0,3.0,33.0,7.0,9.0,15.0,15.0,110.0,241
410620,2018,9.0,0.0,3.0,3.0,3.0,36.0,11.0,5.0,23.0,15.0,110.0,251
410620,2019,10.0,1.0,2.0,5.0,8.0,40.0,8.0,5.0,28.0,11.0,119.0,259
410630,2012,11.0,0.0,6.0,4.0,3.0,54.0,6.0,4.0,32.0,22.0,149.0,214
410630,2013,0.0,0.0,0.0,0.0,0.0,0.0,0.0,0.0,0.0,0.0,135.0,192
410630,2014,21.0,2.0,4.0,6.0,2.0,45.0,16.0,4.0,51.0,12.0,163.0,254
410630,2015,16.0,0.0,2.0,7.0,1.0,50.0,12.0,3.0,40.0,10.0,141.0,247
410630,2016,11.0,0.0,6.0,2.0,2.0,70.0,9.0,1.0,43.0,11.0,155.0,260
410630,2017,15.0,1.0,4.0,2.0,1.0,70.0,8.0,6.0,33.0,13.0,153.0,257
410630,2018,8.0,0.0,10.0,3.0,5.0,54.0,9.0,4.0,24.0,11.0,128.0,212
410630,2019,4.0,0.0,6.0,5.0,2.0,49.0,11.0,4.0,27.0,8.0,117.0,212
410640,2012,15.0,20.0,16.0,54.0,43.0,86.0,11.0,16.0,60.0,40.0,390.0,505
410640,2013,0.0,0.0,0.0,0.0,0.0,0.0,0.0,0.0,0.0,0.0,464.0,556
410640,2014,38.0,18.0,14.0,8.0,10.0,121.0,44.0,13.0,114.0,46.0,441.0,543
410640,2015,37.0,19.0,20.0,10.0,13.0,147.0,41.0,8.0,132.0,39.0,467.0,572
410640,2016,38.0,9.0,20.0,17.0,13.0,133.0,38.0,11.0,135.0,25.0,443.0,545
410640,2017,43.0,16.0,19.0,9.0,7.0,142.0,42.0,3.0,133.0,18.0,434.0,516
410640,2018,44.0,3.0,18.0,11.0,13.0,146.0,43.0,3.0,127.0,10.0,421.0,501
410640,2019,52.0,8.0,12.0,14.0,8.0,125.0,28.0,1.0,128.0,16.0,407.0,492
410645,2012,8.0,1.0,2.0,1.0,3.0,16.0,7.0,2.0,21.0,9.0,70.0,116
410645,2013,0.0,0.0,0.0,0.0,0.0,0.0,0.0,0.0,0.0,0.0,67.0,113
410645,2014,4.0,0.0,4.0,0.0,3.0,17.0,8.0,2.0,17.0,8.0,63.0,105
410645,2015,1.0,0.0,4.0,2.0,0.0,20.0,10.0,1.0,23.0,6.0,67.0,112
410645,2016,6.0,0.0,0.0,0.0,0.0,13.0,7.0,4.0,19.0,1.0,50.0,88
410645,2017,4.0,0.0,2.0,1.0,0.0,19.0,11.0,1.0,16.0,7.0,61.0,106
410645,2018,4.0,1.0,2.0,1.0,0.0,29.0,9.0,3.0,14.0,4.0,68.0,112
410645,2019,6.0,0.0,2.0,1.0,0.0,10.0,8.0,2.0,13.0,6.0,48.0,83
410650,2012,8.0,1.0,4.0,4.0,4.0,35.0,17.0,19.0,41.0,31.0,165.0,300
410650,2013,0.0,0.0,0.0,0.0,0.0,0.0,0.0,0.0,0.0,0.0,213.0,325
410650,2014,19.0,0.0,5.0,4.0,7.0,61.0,24.0,20.0,55.0,33.0,228.0,315
410650,2015,14.0,3.0,9.0,5.0,6.0,56.0,29.0,9.0,66.0,21.0,220.0,322
410650,2016,14.0,0.0,8.0,8.0,4.0,74.0,27.0,11.0,77.0,24.0,248.0,352
410650,2017,13.0,0.0,6.0,9.0,4.0,90.0,21.0,9.0,52.0,24.0,230.0,333
410650,2018,16.0,1.0,4.0,6.0,6.0,65.0,25.0,7.0,39.0,29.0,199.0,308
410650,2019,14.0,0.0,6.0,6.0,6.0,80.0,17.0,8.0,51.0,21.0,214.0,324
410655,2012,1.0,1.0,0.0,0.0,0.0,6.0,2.0,3.0,2.0,5.0,22.0,42
410655,2013,0.0,0.0,0.0,0.0,0.0,0.0,0.0,0.0,0.0,0.0,26.0,34
410655,2014,1.0,0.0,0.0,2.0,1.0,11.0,1.0,0.0,4.0,2.0,22.0,34
410655,2015,2.0,1.0,0.0,2.0,4.0,8.0,4.0,3.0,2.0,3.0,29.0,40
410655,2016,2.0,0.0,2.0,2.0,1.0,14.0,1.0,7.0,4.0,4.0,37.0,53
410655,2017,2.0,0.0,2.0,3.0,5.0,8.0,2.0,2.0,5.0,1.0,31.0,40
410655,2018,2.0,0.0,0.0,11.0,3.0,15.0,4.0,7.0,3.0,8.0,55.0,63
410655,2019,4.0,1.0,0.0,5.0,5.0,7.0,2.0,0.0,7.0,6.0,37.0,45
410657,2012,5.0,0.0,2.0,0.0,0.0,6.0,4.0,1.0,6.0,4.0,29.0,58
410657,2013,0.0,0.0,0.0,0.0,0.0,0.0,0.0,0.0,0.0,0.0,32.0,55
410657,2014,3.0,0.0,0.0,0.0,0.0,8.0,5.0,3.0,3.0,4.0,26.0,59
410657,2015,2.0,0.0,0.0,1.0,0.0,8.0,5.0,3.0,6.0,5.0,30.0,47
410657,2016,0.0,0.0,0.0,0.0,1.0,9.0,3.0,2.0,7.0,0.0,23.0,35
410657,2017,2.0,0.0,0.0,1.0,2.0,14.0,5.0,3.0,12.0,2.0,41.0,63
410657,2018,0.0,1.0,0.0,0.0,0.0,10.0,4.0,1.0,7.0,2.0,25.0,46
410657,2019,2.0,0.0,2.0,1.0,0.0,13.0,6.0,0.0,8.0,4.0,36.0,50
410660,2012,10.0,0.0,2.0,2.0,6.0,82.0,9.0,6.0,56.0,26.0,199.0,264
410660,2013,0.0,0.0,0.0,0.0,0.0,0.0,0.0,0.0,0.0,0.0,199.0,262
410660,2014,18.0,2.0,6.0,5.0,4.0,66.0,18.0,5.0,75.0,13.0,212.0,287
410660,2015,22.0,0.0,6.0,3.0,1.0,86.0,11.0,3.0,68.0,11.0,214.0,314
410660,2016,15.0,1.0,3.0,8.0,7.0,89.0,22.0,5.0,42.0,25.0,218.0,284
410660,2017,20.0,0.0,2.0,6.0,4.0,77.0,29.0,8.0,64.0,30.0,243.0,292
410660,2018,9.0,0.0,8.0,3.0,6.0,92.0,19.0,7.0,46.0,22.0,212.0,278
410660,2019,16.0,0.0,2.0,5.0,5.0,90.0,13.0,9.0,77.0,17.0,235.0,301
410670,2012,10.0,0.0,0.0,0.0,0.0,13.0,0.0,1.0,19.0,4.0,47.0,53
410670,2013,0.0,0.0,0.0,0.0,0.0,0.0,0.0,0.0,0.0,0.0,54.0,58
410670,2014,7.0,0.0,0.0,0.0,0.0,21.0,7.0,3.0,19.0,8.0,65.0,80
410670,2015,5.0,0.0,0.0,0.0,1.0,18.0,3.0,3.0,17.0,5.0,52.0,61
410670,2016,4.0,0.0,1.0,0.0,0.0,18.0,7.0,3.0,21.0,6.0,61.0,69
410670,2017,3.0,0.0,0.0,3.0,1.0,25.0,4.0,2.0,18.0,4.0,62.0,77
410670,2018,7.0,0.0,4.0,2.0,0.0,19.0,9.0,2.0,10.0,4.0,57.0,70
410670,2019,2.0,0.0,2.0,1.0,0.0,29.0,1.0,1.0,13.0,2.0,51.0,69
410680,2012,8.0,0.0,4.0,3.0,3.0,41.0,9.0,8.0,21.0,38.0,135.0,201
410680,2013,0.0,0.0,0.0,0.0,0.0,0.0,0.0,0.0,0.0,0.0,153.0,238
410680,2014,13.0,0.0,5.0,4.0,4.0,47.0,21.0,6.0,52.0,9.0,163.0,250
410680,2015,9.0,0.0,4.0,1.0,2.0,63.0,15.0,3.0,47.0,4.0,149.0,245
410680,2016,13.0,1.0,6.0,1.0,4.0,38.0,11.0,3.0,40.0,8.0,127.0,224
410680,2017,5.0,0.0,2.0,3.0,3.0,46.0,8.0,4.0,21.0,18.0,110.0,210
410680,2018,9.0,2.0,2.0,4.0,2.0,64.0,10.0,3.0,27.0,6.0,131.0,219
410680,2019,12.0,0.0,0.0,6.0,4.0,46.0,6.0,1.0,33.0,4.0,112.0,183
410685,2012,1.0,1.0,4.0,0.0,4.0,8.0,3.0,0.0,13.0,1.0,35.0,36
410685,2013,0.0,0.0,0.0,0.0,0.0,0.0,0.0,0.0,0.0,0.0,41.0,42
410685,2014,5.0,0.0,4.0,0.0,0.0,16.0,2.0,0.0,13.0,1.0,42.0,42
410685,2015,5.0,5.0,0.0,0.0,0.0,15.0,7.0,0.0,15.0,0.0,48.0,49
410685,2016,5.0,2.0,2.0,0.0,0.0,14.0,5.0,0.0,11.0,0.0,39.0,41
410685,2017,2.0,0.0,0.0,0.0,0.0,20.0,5.0,0.0,14.0,0.0,41.0,42
410685,2018,6.0,0.0,0.0,0.0,1.0,20.0,9.0,1.0,8.0,3.0,49.0,51
410685,2019,0.0,1.0,0.0,0.0,1.0,29.0,5.0,0.0,12.0,0.0,49.0,51
410690,2012,1389.0,101.0,520.0,313.0,407.0,4093.0,692.0,274.0,4018.0,1412.0,15431.0,25079
410690,2013,0.0,0.0,0.0,0.0,0.0,0.0,0.0,0.0,0.0,0.0,15372.0,24932
410690,2014,842.0,45.0,558.0,450.0,431.0,4480.0,1168.0,457.0,4182.0,1397.0,14978.0,24815
410690,2015,840.0,31.0,543.0,360.0,354.0,4668.0,1049.0,534.0,3528.0,1612.0,14132.0,24506
410690,2016,889.0,35.0,525.0,367.0,311.0,4611.0,957.0,559.0,3172.0,1876.0,13663.0,23217
410690,2017,912.0,43.0,486.0,315.0,310.0,4496.0,897.0,606.0,2959.0,1877.0,13350.0,22745
410690,2018,887.0,26.0,526.0,316.0,301.0,4568.0,803.0,624.0,2679.0,1998.0,12835.0,22112
410690,2019,911.0,34.0,442.0,358.0,349.0,4329.0,838.0,548.0,2708.0,1866.0,12444.0,21393
410700,2012,13.0,2.0,0.0,0.0,2.0,47.0,14.0,0.0,56.0,14.0,148.0,191
410700,2013,0.0,0.0,0.0,0.0,0.0,0.0,0.0,0.0,0.0,0.0,139.0,173
410700,2014,9.0,1.0,0.0,1.0,1.0,33.0,14.0,6.0,18.0,25.0,109.0,140
410700,2015,5.0,0.0,4.0,2.0,2.0,56.0,8.0,8.0,33.0,26.0,146.0,193
410700,2016,9.0,0.0,2.0,2.0,0.0,57.0,14.0,2.0,31.0,11.0,129.0,186
410700,2017,5.0,1.0,4.0,0.0,1.0,60.0,13.0,5.0,22.0,10.0,123.0,189
410700,2018,4.0,0.0,5.0,1.0,1.0,53.0,8.0,1.0,22.0,3.0,99.0,165
410700,2019,14.0,1.0,4.0,5.0,2.0,57.0,13.0,1.0,22.0,8.0,127.0,183
410710,2012,5.0,0.0,4.0,3.0,3.0,13.0,4.0,4.0,7.0,9.0,54.0,62
410710,2013,0.0,0.0,0.0,0.0,0.0,0.0,0.0,0.0,0.0,0.0,62.0,66
410710,2014,5.0,0.0,0.0,1.0,1.0,19.0,0.0,8.0,0.0,13.0,47.0,50
410710,2015,4.0,1.0,0.0,0.0,2.0,21.0,3.0,13.0,3.0,12.0,60.0,65
410710,2016,2.0,0.0,0.0,1.0,1.0,25.0,7.0,0.0,10.0,6.0,52.0,59
410710,2017,6.0,0.0,2.0,1.0,0.0,21.0,4.0,0.0,9.0,1.0,44.0,46
410710,2018,3.0,0.0,0.0,0.0,1.0,26.0,6.0,0.0,11.0,0.0,47.0,51
410710,2019,0.0,0.0,2.0,0.0,1.0,26.0,4.0,0.0,7.0,1.0,41.0,50
410712,2012,2.0,1.0,0.0,0.0,1.0,6.0,2.0,3.0,2.0,5.0,22.0,53
410712,2013,0.0,0.0,0.0,0.0,0.0,0.0,0.0,0.0,0.0,0.0,18.0,38
410712,2014,4.0,0.0,0.0,0.0,0.0,5.0,7.0,3.0,8.0,1.0,28.0,49
410712,2015,1.0,0.0,2.0,1.0,0.0,6.0,4.0,3.0,6.0,2.0,25.0,43
410712,2016,2.0,0.0,0.0,0.0,0.0,11.0,1.0,4.0,4.0,6.0,28.0,47
410712,2017,0.0,0.0,2.0,0.0,2.0,4.0,2.0,2.0,8.0,6.0,26.0,53
410712,2018,2.0,0.0,0.0,0.0,1.0,10.0,3.0,3.0,7.0,9.0,35.0,60
410712,2019,1.0,0.0,0.0,1.0,0.0,6.0,2.0,2.0,2.0,3.0,17.0,43
410715,2012,5.0,2.0,3.0,0.0,2.0,12.0,2.0,2.0,7.0,9.0,46.0,71
410715,2013,0.0,0.0,0.0,0.0,0.0,0.0,0.0,0.0,0.0,0.0,48.0,78
410715,2014,8.0,0.0,0.0,1.0,1.0,12.0,1.0,3.0,3.0,7.0,38.0,76
410715,2015,5.0,0.0,0.0,1.0,0.0,14.0,4.0,1.0,2.0,4.0,33.0,71
410715,2016,4.0,0.0,0.0,1.0,1.0,15.0,2.0,1.0,8.0,5.0,37.0,64
410715,2017,3.0,0.0,4.0,1.0,0.0,17.0,2.0,0.0,6.0,3.0,37.0,76
410715,2018,4.0,0.0,0.0,0.0,0.0,14.0,2.0,1.0,8.0,6.0,35.0,64
410715,2019,4.0,0.0,0.0,1.0,1.0,16.0,5.0,1.0,7.0,1.0,36.0,66
410720,2012,34.0,1.0,4.0,15.0,12.0,113.0,35.0,4.0,126.0,35.0,389.0,585
410720,2013,0.0,0.0,0.0,0.0,0.0,0.0,0.0,0.0,0.0,0.0,378.0,567
410720,2014,22.0,1.0,5.0,11.0,11.0,112.0,58.0,15.0,105.0,40.0,399.0,593
410720,2015,22.0,1.0,14.0,5.0,10.0,140.0,58.0,8.0,108.0,29.0,409.0,603
410720,2016,27.0,2.0,16.0,10.0,12.0,149.0,49.0,10.0,145.0,17.0,440.0,631
410720,2017,22.0,0.0,19.0,12.0,10.0,157.0,51.0,13.0,141.0,30.0,456.0,624
410720,2018,33.0,0.0,13.0,14.0,8.0,175.0,55.0,12.0,110.0,29.0,449.0,616
410720,2019,27.0,4.0,10.0,21.0,13.0,176.0,44.0,12.0,121.0,30.0,461.0,632
410725,2012,12.0,0.0,0.0,2.0,1.0,35.0,7.0,2.0,25.0,17.0,101.0,115
410725,2013,0.0,0.0,0.0,0.0,0.0,0.0,0.0,0.0,0.0,0.0,128.0,142
410725,2014,4.0,0.0,4.0,1.0,5.0,37.0,9.0,1.0,24.0,12.0,97.0,115
410725,2015,5.0,0.0,8.0,2.0,2.0,51.0,7.0,3.0,22.0,7.0,107.0,140
410725,2016,5.0,0.0,2.0,3.0,0.0,36.0,11.0,4.0,25.0,7.0,93.0,122
410725,2017,5.0,1.0,2.0,0.0,5.0,41.0,9.0,1.0,29.0,10.0,103.0,127
410725,2018,5.0,0.0,2.0,3.0,2.0,50.0,7.0,5.0,26.0,14.0,114.0,137
410725,2019,9.0,1.0,9.0,2.0,0.0,43.0,5.0,3.0,27.0,5.0,104.0,121
410730,2012,2.0,1.0,3.0,0.0,0.0,20.0,1.0,3.0,14.0,5.0,49.0,61
410730,2013,0.0,0.0,0.0,0.0,0.0,0.0,0.0,0.0,0.0,0.0,62.0,73
410730,2014,1.0,0.0,0.0,2.0,3.0,18.0,4.0,0.0,16.0,4.0,48.0,60
410730,2015,6.0,0.0,2.0,0.0,2.0,19.0,2.0,3.0,9.0,4.0,47.0,62
410730,2016,2.0,0.0,2.0,2.0,2.0,24.0,5.0,0.0,17.0,4.0,58.0,65
410730,2017,1.0,0.0,0.0,0.0,1.0,24.0,5.0,1.0,15.0,2.0,50.0,61
410730,2018,6.0,0.0,2.0,0.0,3.0,23.0,0.0,1.0,19.0,8.0,62.0,70
410730,2019,6.0,0.0,0.0,2.0,1.0,24.0,3.0,2.0,13.0,3.0,54.0,66
410740,2012,2.0,3.0,0.0,4.0,2.0,11.0,4.0,2.0,9.0,3.0,40.0,66
410740,2013,0.0,0.0,0.0,0.0,0.0,0.0,0.0,0.0,0.0,0.0,45.0,60
410740,2014,4.0,1.0,0.0,2.0,2.0,14.0,4.0,5.0,9.0,5.0,46.0,75
410740,2015,3.0,0.0,0.0,2.0,1.0,14.0,5.0,2.0,12.0,5.0,45.0,75
410740,2016,4.0,0.0,0.0,0.0,0.0,16.0,6.0,1.0,13.0,3.0,43.0,67
410740,2017,4.0,1.0,0.0,2.0,0.0,13.0,4.0,2.0,9.0,6.0,41.0,65
410740,2018,4.0,1.0,2.0,0.0,0.0,24.0,6.0,0.0,13.0,4.0,54.0,74
410740,2019,5.0,0.0,2.0,5.0,0.0,14.0,6.0,0.0,5.0,1.0,38.0,63
410750,2012,8.0,3.0,4.0,2.0,2.0,38.0,10.0,1.0,23.0,12.0,108.0,161
410750,2013,0.0,0.0,0.0,0.0,0.0,0.0,0.0,0.0,0.0,0.0,116.0,164
410750,2014,5.0,0.0,8.0,8.0,8.0,36.0,10.0,3.0,42.0,10.0,132.0,191
410750,2015,10.0,1.0,8.0,10.0,5.0,34.0,9.0,2.0,32.0,7.0,120.0,178
410750,2016,6.0,0.0,4.0,22.0,7.0,31.0,5.0,3.0,24.0,13.0,116.0,171
410750,2017,10.0,0.0,0.0,13.0,9.0,37.0,3.0,2.0,17.0,23.0,114.0,165
410750,2018,8.0,1.0,6.0,15.0,9.0,31.0,1.0,5.0,5.0,13.0,94.0,142
410750,2019,7.0,0.0,2.0,14.0,4.0,41.0,6.0,10.0,21.0,11.0,116.0,147
410752,2012,1.0,0.0,0.0,1.0,0.0,7.0,1.0,0.0,6.0,7.0,23.0,25
410752,2013,0.0,0.0,0.0,0.0,0.0,0.0,0.0,0.0,0.0,0.0,22.0,25
410752,2014,3.0,0.0,0.0,3.0,2.0,6.0,1.0,2.0,12.0,6.0,35.0,35
410752,2015,4.0,0.0,0.0,1.0,0.0,7.0,0.0,0.0,7.0,2.0,21.0,23
410752,2016,1.0,0.0,0.0,2.0,0.0,10.0,3.0,1.0,8.0,1.0,26.0,26
410752,2017,0.0,0.0,0.0,1.0,0.0,8.0,2.0,0.0,7.0,2.0,20.0,22
410752,2018,3.0,0.0,0.0,0.0,1.0,9.0,0.0,2.0,1.0,5.0,21.0,23
410752,2019,2.0,0.0,0.0,0.0,0.0,12.0,1.0,0.0,2.0,0.0,17.0,21
410753,2012,4.0,0.0,0.0,2.0,1.0,14.0,5.0,0.0,21.0,2.0,49.0,57
410753,2013,0.0,0.0,0.0,0.0,0.0,0.0,0.0,0.0,0.0,0.0,31.0,38
410753,2014,1.0,0.0,2.0,0.0,0.0,14.0,5.0,0.0,9.0,3.0,34.0,51
410753,2015,3.0,0.0,0.0,0.0,0.0,17.0,4.0,0.0,16.0,6.0,46.0,60
410753,2016,3.0,0.0,0.0,2.0,1.0,21.0,6.0,1.0,11.0,6.0,51.0,68
410753,2017,3.0,0.0,0.0,1.0,0.0,18.0,1.0,1.0,11.0,6.0,41.0,55
410753,2018,3.0,0.0,0.0,2.0,0.0,24.0,2.0,1.0,11.0,4.0,47.0,70
410753,2019,1.0,1.0,0.0,1.0,0.0,13.0,0.0,1.0,10.0,2.0,38.0,56
410754,2012,4.0,1.0,2.0,1.0,3.0,10.0,2.0,1.0,6.0,6.0,36.0,77
410754,2013,0.0,0.0,0.0,0.0,0.0,0.0,0.0,0.0,0.0,0.0,39.0,67
410754,2014,2.0,0.0,0.0,0.0,2.0,12.0,2.0,0.0,4.0,5.0,27.0,63
410754,2015,2.0,0.0,0.0,1.0,0.0,16.0,2.0,1.0,9.0,6.0,38.0,76
410754,2016,4.0,0.0,0.0,0.0,1.0,11.0,2.0,3.0,4.0,15.0,40.0,69
410754,2017,0.0,0.0,0.0,0.0,1.0,16.0,2.0,3.0,4.0,9.0,35.0,63
410754,2018,3.0,0.0,0.0,1.0,0.0,13.0,0.0,0.0,8.0,5.0,30.0,69
410754,2019,2.0,0.0,0.0,1.0,1.0,15.0,2.0,1.0,4.0,3.0,29.0,63
410755,2012,3.0,3.0,2.0,0.0,1.0,6.0,1.0,1.0,5.0,3.0,26.0,33
410755,2013,0.0,0.0,0.0,0.0,0.0,0.0,0.0,0.0,0.0,0.0,33.0,45
410755,2014,2.0,1.0,4.0,6.0,2.0,9.0,0.0,1.0,10.0,0.0,35.0,51
410755,2015,2.0,0.0,0.0,7.0,2.0,7.0,1.0,2.0,14.0,4.0,39.0,52
410755,2016,1.0,0.0,0.0,7.0,1.0,14.0,1.0,0.0,5.0,2.0,31.0,42
410755,2017,1.0,0.0,2.0,4.0,1.0,7.0,3.0,0.0,9.0,3.0,31.0,48
410755,2018,0.0,0.0,2.0,2.0,4.0,4.0,2.0,1.0,2.0,2.0,19.0,28
410755,2019,3.0,0.0,0.0,3.0,2.0,10.0,3.0,1.0,6.0,2.0,30.0,35
410760,2012,11.0,2.0,4.0,9.0,3.0,50.0,7.0,4.0,27.0,20.0,156.0,244
410760,2013,0.0,0.0,0.0,0.0,0.0,0.0,0.0,0.0,0.0,0.0,168.0,266
410760,2014,7.0,1.0,4.0,5.0,2.0,67.0,10.0,8.0,48.0,28.0,181.0,279
410760,2015,7.0,2.0,7.0,7.0,1.0,49.0,5.0,5.0,36.0,22.0,158.0,249
410760,2016,8.0,2.0,2.0,3.0,2.0,63.0,9.0,11.0,35.0,30.0,166.0,246
410760,2017,11.0,1.0,8.0,6.0,4.0,77.0,12.0,13.0,41.0,30.0,203.0,270
410760,2018,13.0,0.0,3.0,5.0,2.0,86.0,15.0,15.0,23.0,17.0,182.0,254
410760,2019,12.0,2.0,4.0,0.0,2.0,70.0,14.0,0.0,46.0,2.0,152.0,253
410765,2012,104.0,9.0,27.0,36.0,19.0,259.0,81.0,20.0,206.0,76.0,948.0,1809
410765,2013,0.0,0.0,0.0,0.0,0.0,0.0,0.0,0.0,0.0,0.0,1026.0,1771
410765,2014,68.0,16.0,20.0,48.0,31.0,265.0,121.0,46.0,191.0,94.0,958.0,1785
410765,2015,72.0,1.0,42.0,68.0,27.0,314.0,94.0,54.0,216.0,132.0,1061.0,2099
410765,2016,65.0,0.0,21.0,31.0,28.0,375.0,93.0,51.0,200.0,126.0,1006.0,1969
410765,2017,73.0,3.0,23.0,37.0,16.0,351.0,83.0,37.0,198.0,137.0,1003.0,1952
410765,2018,101.0,3.0,39.0,31.0,8.0,397.0,85.0,47.0,207.0,122.0,1053.0,1980
410765,2019,87.0,0.0,46.0,26.0,22.0,376.0,80.0,56.0,212.0,116.0,1028.0,1901
410770,2012,2.0,0.0,2.0,0.0,2.0,14.0,5.0,1.0,6.0,2.0,34.0,56
410770,2013,0.0,0.0,0.0,0.0,0.0,0.0,0.0,0.0,0.0,0.0,52.0,71
410770,2014,4.0,1.0,2.0,2.0,2.0,11.0,5.0,0.0,12.0,2.0,42.0,62
410770,2015,1.0,0.0,0.0,5.0,0.0,9.0,3.0,1.0,8.0,1.0,29.0,43
410770,2016,1.0,0.0,0.0,3.0,2.0,6.0,1.0,2.0,8.0,3.0,26.0,45
410770,2017,3.0,0.0,0.0,9.0,1.0,10.0,2.0,3.0,3.0,4.0,35.0,59
410770,2018,3.0,0.0,2.0,7.0,2.0,12.0,4.0,2.0,5.0,7.0,44.0,62
410770,2019,6.0,0.0,0.0,4.0,1.0,16.0,4.0,0.0,7.0,4.0,42.0,56
410773,2012,3.0,1.0,4.0,1.0,1.0,11.0,10.0,1.0,19.0,2.0,53.0,110
410773,2013,0.0,0.0,0.0,0.0,0.0,0.0,0.0,0.0,0.0,0.0,46.0,86
410773,2014,2.0,0.0,1.0,3.0,0.0,10.0,9.0,1.0,9.0,3.0,38.0,74
410773,2015,7.0,1.0,0.0,1.0,1.0,13.0,8.0,3.0,11.0,2.0,47.0,96
410773,2016,1.0,0.0,1.0,0.0,0.0,11.0,7.0,1.0,13.0,6.0,40.0,83
410773,2017,4.0,1.0,0.0,5.0,1.0,13.0,3.0,4.0,9.0,1.0,41.0,102
410773,2018,4.0,2.0,3.0,2.0,0.0,12.0,5.0,1.0,11.0,1.0,41.0,90
410773,2019,6.0,0.0,0.0,3.0,1.0,12.0,4.0,1.0,12.0,0.0,40.0,86
410775,2012,20.0,0.0,7.0,2.0,2.0,26.0,8.0,3.0,25.0,4.0,97.0,107
410775,2013,0.0,0.0,0.0,0.0,0.0,0.0,0.0,0.0,0.0,0.0,85.0,104
410775,2014,5.0,0.0,0.0,5.0,1.0,39.0,7.0,2.0,10.0,5.0,75.0,93
410775,2015,5.0,0.0,0.0,3.0,1.0,21.0,7.0,2.0,16.0,6.0,63.0,98
410775,2016,5.0,0.0,0.0,0.0,0.0,21.0,3.0,4.0,12.0,6.0,51.0,90
410775,2017,5.0,0.0,2.0,1.0,1.0,24.0,1.0,0.0,5.0,3.0,57.0,97
410775,2018,8.0,1.0,1.0,1.0,0.0,38.0,3.0,4.0,14.0,6.0,83.0,114
410775,2019,5.0,0.0,2.0,0.0,1.0,39.0,8.0,5.0,15.0,13.0,88.0,115
410780,2012,5.0,0.0,0.0,0.0,3.0,13.0,1.0,2.0,8.0,8.0,41.0,49
410780,2013,0.0,0.0,0.0,0.0,0.0,0.0,0.0,0.0,0.0,0.0,57.0,63
410780,2014,2.0,0.0,2.0,0.0,3.0,19.0,1.0,0.0,7.0,9.0,43.0,56
410780,2015,2.0,0.0,0.0,2.0,1.0,14.0,6.0,1.0,10.0,4.0,40.0,53
410780,2016,8.0,0.0,0.0,1.0,0.0,18.0,1.0,0.0,10.0,3.0,41.0,60
410780,2017,1.0,0.0,0.0,1.0,0.0,21.0,2.0,1.0,11.0,7.0,45.0,55
410780,2018,1.0,0.0,2.0,0.0,3.0,12.0,4.0,1.0,6.0,5.0,34.0,51
410780,2019,4.0,0.0,2.0,2.0,2.0,22.0,2.0,0.0,7.0,3.0,44.0,60
410785,2012,0.0,1.0,0.0,4.0,0.0,4.0,3.0,3.0,3.0,6.0,24.0,52
410785,2013,0.0,0.0,0.0,0.0,0.0,0.0,0.0,0.0,0.0,0.0,48.0,68
410785,2014,6.0,0.0,2.0,1.0,0.0,10.0,0.0,11.0,4.0,15.0,49.0,66
410785,2015,1.0,0.0,2.0,2.0,0.0,13.0,3.0,16.0,7.0,17.0,61.0,90
410785,2016,2.0,0.0,0.0,0.0,2.0,15.0,1.0,7.0,2.0,18.0,47.0,60
410785,2017,5.0,0.0,0.0,0.0,1.0,16.0,2.0,15.0,1.0,19.0,59.0,74
410785,2018,4.0,1.0,4.0,1.0,1.0,19.0,2.0,5.0,5.0,19.0,61.0,79
410785,2019,3.0,0.0,2.0,1.0,0.0,16.0,2.0,6.0,7.0,10.0,47.0,64
410790,2012,5.0,0.0,0.0,0.0,3.0,18.0,7.0,1.0,15.0,6.0,55.0,78
410790,2013,0.0,0.0,0.0,0.0,0.0,0.0,0.0,0.0,0.0,0.0,71.0,92
410790,2014,10.0,0.0,0.0,5.0,3.0,20.0,1.0,2.0,14.0,9.0,64.0,91
410790,2015,12.0,0.0,7.0,4.0,2.0,21.0,4.0,2.0,10.0,4.0,66.0,90
410790,2016,10.0,0.0,2.0,0.0,1.0,17.0,4.0,2.0,17.0,2.0,55.0,80
410790,2017,9.0,0.0,6.0,1.0,0.0,37.0,5.0,1.0,13.0,6.0,78.0,116
410790,2018,8.0,0.0,4.0,1.0,3.0,28.0,8.0,4.0,19.0,8.0,84.0,108
410790,2019,11.0,2.0,1.0,1.0,2.0,34.0,10.0,5.0,15.0,4.0,85.0,122
410800,2012,13.0,0.0,0.0,0.0,1.0,39.0,2.0,10.0,6.0,61.0,136.0,151
410800,2013,0.0,0.0,0.0,0.0,0.0,0.0,0.0,0.0,0.0,0.0,134.0,151
410800,2014,6.0,1.0,1.0,4.0,1.0,62.0,2.0,24.0,1.0,46.0,149.0,171
410800,2015,9.0,1.0,6.0,0.0,0.0,58.0,0.0,19.0,8.0,56.0,160.0,191
410800,2016,7.0,0.0,4.0,11.0,1.0,69.0,2.0,6.0,10.0,37.0,151.0,198
410800,2017,5.0,0.0,3.0,14.0,4.0,36.0,8.0,1.0,21.0,6.0,101.0,150
410800,2018,16.0,1.0,2.0,5.0,3.0,45.0,5.0,6.0,19.0,5.0,110.0,161
410800,2019,3.0,0.0,3.0,2.0,4.0,40.0,2.0,3.0,10.0,8.0,89.0,133
410810,2012,1.0,0.0,0.0,1.0,1.0,7.0,2.0,1.0,7.0,5.0,26.0,33
410810,2013,0.0,0.0,0.0,0.0,0.0,0.0,0.0,0.0,0.0,0.0,21.0,31
410810,2014,2.0,0.0,2.0,0.0,1.0,14.0,5.0,0.0,2.0,1.0,27.0,32
410810,2015,3.0,0.0,0.0,0.0,0.0,5.0,4.0,0.0,11.0,2.0,25.0,33
410810,2016,3.0,0.0,0.0,1.0,1.0,7.0,4.0,0.0,6.0,1.0,23.0,28
410810,2017,3.0,0.0,0.0,0.0,0.0,12.0,0.0,1.0,4.0,2.0,22.0,27
410810,2018,1.0,0.0,4.0,1.0,2.0,9.0,0.0,0.0,6.0,3.0,26.0,38
410810,2019,3.0,0.0,2.0,1.0,1.0,12.0,2.0,0.0,10.0,3.0,34.0,40
410820,2012,3.0,1.0,2.0,0.0,0.0,27.0,4.0,1.0,23.0,17.0,79.0,94
410820,2013,0.0,0.0,0.0,0.0,0.0,0.0,0.0,0.0,0.0,0.0,69.0,77
410820,2014,10.0,0.0,0.0,1.0,1.0,24.0,8.0,2.0,23.0,12.0,81.0,86
410820,2015,3.0,0.0,2.0,1.0,0.0,30.0,3.0,9.0,22.0,14.0,85.0,93
410820,2016,4.0,0.0,0.0,0.0,1.0,29.0,6.0,5.0,19.0,4.0,68.0,81
410820,2017,4.0,0.0,4.0,4.0,2.0,33.0,4.0,7.0,20.0,20.0,98.0,109
410820,2018,2.0,0.0,4.0,0.0,0.0,23.0,1.0,6.0,14.0,11.0,61.0,84
410820,2019,2.0,0.0,0.0,2.0,1.0,38.0,2.0,1.0,15.0,7.0,69.0,84
410830,2012,254.0,11.0,60.0,74.0,56.0,747.0,184.0,42.0,684.0,145.0,2290.0,4392
410830,2013,0.0,0.0,0.0,0.0,0.0,0.0,0.0,0.0,0.0,0.0,2292.0,4385
410830,2014,210.0,10.0,89.0,66.0,66.0,831.0,295.0,56.0,697.0,108.0,2448.0,4501
410830,2015,150.0,14.0,68.0,84.0,67.0,826.0,263.0,57.0,635.0,126.0,2334.0,4327
410830,2016,157.0,2.0,83.0,75.0,48.0,772.0,251.0,68.0,536.0,143.0,2285.0,4198
410830,2017,214.0,7.0,87.0,75.0,70.0,927.0,276.0,111.0,567.0,182.0,2537.0,4401
410830,2018,152.0,5.0,106.0,91.0,49.0,947.0,269.0,91.0,584.0,209.0,2509.0,4422
410830,2019,175.0,4.0,92.0,89.0,48.0,990.0,299.0,59.0,591.0,118.0,2468.0,4423
410832,2012,6.0,1.0,0.0,4.0,1.0,16.0,11.0,2.0,10.0,5.0,56.0,90
410832,2013,0.0,0.0,0.0,0.0,0.0,0.0,0.0,0.0,0.0,0.0,65.0,95
410832,2014,6.0,0.0,0.0,1.0,0.0,19.0,6.0,6.0,23.0,8.0,69.0,97
410832,2015,5.0,1.0,0.0,2.0,1.0,24.0,3.0,0.0,16.0,6.0,58.0,82
410832,2016,2.0,0.0,2.0,4.0,3.0,33.0,2.0,3.0,12.0,5.0,66.0,108
410832,2017,5.0,3.0,2.0,1.0,0.0,22.0,6.0,2.0,21.0,4.0,66.0,94
410832,2018,4.0,3.0,0.0,4.0,0.0,26.0,6.0,5.0,16.0,9.0,73.0,98
410832,2019,5.0,0.0,0.0,2.0,2.0,33.0,7.0,2.0,19.0,4.0,74.0,99
410840,2012,55.0,30.0,20.0,64.0,79.0,168.0,54.0,20.0,190.0,53.0,738.0,1182
410840,2013,0.0,0.0,0.0,0.0,0.0,0.0,0.0,0.0,0.0,0.0,815.0,1192
410840,2014,54.0,27.0,24.0,44.0,30.0,226.0,104.0,33.0,226.0,82.0,852.0,1225
410840,2015,47.0,13.0,15.0,24.0,24.0,234.0,106.0,32.0,241.0,95.0,862.0,1252
410840,2016,65.0,4.0,15.0,28.0,27.0,282.0,92.0,35.0,248.0,85.0,887.0,1301
410840,2017,61.0,3.0,25.0,29.0,20.0,343.0,74.0,26.0,213.0,89.0,885.0,1313
410840,2018,91.0,5.0,37.0,22.0,23.0,299.0,95.0,23.0,252.0,66.0,915.0,1325
410840,2019,68.0,6.0,29.0,32.0,36.0,329.0,98.0,14.0,250.0,58.0,921.0,1348
410845,2012,2.0,0.0,2.0,1.0,2.0,13.0,1.0,1.0,11.0,6.0,40.0,73
410845,2013,0.0,0.0,0.0,0.0,0.0,0.0,0.0,0.0,0.0,0.0,34.0,85
410845,2014,4.0,0.0,0.0,1.0,1.0,12.0,11.0,2.0,9.0,7.0,48.0,83
410845,2015,3.0,0.0,2.0,0.0,0.0,12.0,8.0,2.0,7.0,2.0,36.0,92
410845,2016,7.0,0.0,2.0,0.0,0.0,15.0,5.0,1.0,15.0,3.0,48.0,91
410845,2017,3.0,0.0,0.0,1.0,0.0,13.0,3.0,3.0,8.0,2.0,33.0,76
410845,2018,1.0,0.0,1.0,1.0,0.0,11.0,2.0,1.0,5.0,7.0,29.0,56
410845,2019,3.0,0.0,0.0,2.0,0.0,13.0,3.0,3.0,7.0,8.0,40.0,72
410850,2012,15.0,0.0,6.0,0.0,1.0,19.0,7.0,1.0,32.0,7.0,91.0,208
410850,2013,0.0,0.0,0.0,0.0,0.0,0.0,0.0,0.0,0.0,0.0,85.0,201
410850,2014,6.0,2.0,10.0,1.0,3.0,22.0,12.0,5.0,30.0,7.0,99.0,228
410850,2015,10.0,2.0,7.0,3.0,1.0,39.0,6.0,1.0,36.0,5.0,116.0,238
410850,2016,9.0,2.0,4.0,5.0,6.0,20.0,7.0,0.0,21.0,9.0,104.0,232
410850,2017,8.0,0.0,4.0,4.0,2.0,20.0,10.0,5.0,16.0,4.0,85.0,199
410850,2018,8.0,0.0,5.0,3.0,2.0,42.0,2.0,3.0,13.0,6.0,86.0,205
410850,2019,13.0,1.0,0.0,3.0,4.0,31.0,5.0,2.0,14.0,11.0,85.0,194
410855,2012,5.0,1.0,0.0,0.0,0.0,11.0,3.0,0.0,10.0,1.0,31.0,37
410855,2013,0.0,0.0,0.0,0.0,0.0,0.0,0.0,0.0,0.0,0.0,30.0,33
410855,2014,1.0,0.0,0.0,2.0,0.0,10.0,1.0,4.0,6.0,4.0,29.0,31
410855,2015,3.0,0.0,0.0,0.0,1.0,12.0,2.0,0.0,8.0,0.0,26.0,33
410855,2016,3.0,0.0,0.0,0.0,0.0,10.0,2.0,0.0,4.0,0.0,19.0,22
410855,2017,6.0,1.0,0.0,0.0,0.0,14.0,4.0,0.0,7.0,1.0,33.0,38
410855,2018,4.0,1.0,0.0,0.0,0.0,19.0,4.0,0.0,11.0,0.0,40.0,48
410855,2019,1.0,1.0,0.0,0.0,0.0,7.0,4.0,0.0,1.0,0.0,17.0,20
410860,2012,37.0,3.0,4.0,2.0,4.0,54.0,8.0,18.0,41.0,32.0,207.0,311
410860,2013,0.0,0.0,0.0,0.0,0.0,0.0,0.0,0.0,0.0,0.0,306.0,401
410860,2014,20.0,3.0,6.0,5.0,7.0,86.0,46.0,8.0,78.0,22.0,281.0,383
410860,2015,30.0,1.0,5.0,6.0,6.0,93.0,27.0,10.0,64.0,24.0,266.0,364
410860,2016,42.0,0.0,5.0,20.0,11.0,100.0,22.0,14.0,68.0,23.0,305.0,373
410860,2017,24.0,0.0,2.0,20.0,11.0,102.0,24.0,13.0,76.0,26.0,304.0,383
410860,2018,34.0,0.0,5.0,20.0,9.0,102.0,33.0,15.0,62.0,40.0,321.0,373
410860,2019,24.0,2.0,5.0,10.0,6.0,109.0,31.0,8.0,83.0,18.0,297.0,367
410865,2012,5.0,0.0,6.0,1.0,2.0,14.0,1.0,1.0,16.0,7.0,54.0,113
410865,2013,0.0,0.0,0.0,0.0,0.0,0.0,0.0,0.0,0.0,0.0,43.0,89
410865,2014,3.0,0.0,0.0,0.0,1.0,11.0,6.0,3.0,9.0,2.0,35.0,87
410865,2015,7.0,0.0,4.0,1.0,2.0,14.0,7.0,1.0,11.0,8.0,55.0,126
410865,2016,3.0,0.0,3.0,0.0,0.0,19.0,4.0,1.0,6.0,3.0,39.0,106
410865,2017,7.0,0.0,1.0,0.0,1.0,11.0,5.0,4.0,9.0,3.0,41.0,108
410865,2018,7.0,0.0,4.0,0.0,2.0,20.0,2.0,1.0,12.0,6.0,54.0,117
410865,2019,2.0,0.0,0.0,0.0,0.0,18.0,2.0,3.0,2.0,2.0,30.0,91
410870,2012,9.0,1.0,0.0,1.0,2.0,24.0,0.0,11.0,7.0,20.0,75.0,86
410870,2013,0.0,0.0,0.0,0.0,0.0,0.0,0.0,0.0,0.0,0.0,84.0,96
410870,2014,7.0,0.0,0.0,4.0,2.0,32.0,5.0,5.0,9.0,23.0,88.0,102
410870,2015,7.0,0.0,0.0,0.0,0.0,26.0,1.0,13.0,6.0,17.0,73.0,84
410870,2016,3.0,0.0,0.0,0.0,2.0,36.0,0.0,10.0,5.0,20.0,76.0,85
410870,2017,7.0,0.0,2.0,1.0,0.0,34.0,1.0,5.0,9.0,14.0,73.0,88
410870,2018,6.0,0.0,4.0,0.0,0.0,43.0,2.0,4.0,9.0,12.0,80.0,96
410870,2019,5.0,0.0,6.0,0.0,0.0,33.0,1.0,5.0,11.0,17.0,78.0,85
410880,2012,27.0,0.0,12.0,3.0,5.0,85.0,5.0,42.0,31.0,107.0,335.0,510
410880,2013,0.0,0.0,0.0,0.0,0.0,0.0,0.0,0.0,0.0,0.0,266.0,472
410880,2014,26.0,0.0,4.0,2.0,5.0,102.0,6.0,42.0,19.0,77.0,287.0,469
410880,2015,36.0,2.0,14.0,12.0,6.0,101.0,12.0,43.0,29.0,85.0,360.0,547
410880,2016,15.0,3.0,5.0,32.0,12.0,72.0,9.0,33.0,36.0,43.0,283.0,469
410880,2017,34.0,3.0,8.0,11.0,4.0,134.0,18.0,44.0,46.0,61.0,366.0,496
410880,2018,22.0,3.0,14.0,5.0,4.0,145.0,19.0,41.0,40.0,57.0,354.0,555
410880,2019,29.0,0.0,4.0,5.0,3.0,134.0,18.0,39.0,34.0,78.0,345.0,500
410890,2012,14.0,0.0,2.0,0.0,3.0,17.0,14.0,4.0,19.0,11.0,84.0,95
410890,2013,0.0,0.0,0.0,0.0,0.0,0.0,0.0,0.0,0.0,0.0,87.0,91
410890,2014,9.0,0.0,0.0,1.0,0.0,29.0,5.0,9.0,12.0,15.0,81.0,85
410890,2015,2.0,0.0,3.0,0.0,0.0,26.0,1.0,10.0,4.0,13.0,59.0,73
410890,2016,4.0,2.0,2.0,0.0,2.0,27.0,6.0,5.0,19.0,11.0,79.0,91
410890,2017,3.0,0.0,4.0,1.0,1.0,26.0,5.0,3.0,22.0,2.0,67.0,77
410890,2018,6.0,0.0,3.0,1.0,2.0,42.0,4.0,0.0,22.0,1.0,81.0,102
410890,2019,10.0,0.0,2.0,1.0,0.0,39.0,7.0,1.0,18.0,1.0,79.0,98
410895,2012,4.0,1.0,0.0,1.0,1.0,17.0,2.0,2.0,7.0,16.0,52.0,101
410895,2013,0.0,0.0,0.0,0.0,0.0,0.0,0.0,0.0,0.0,0.0,53.0,105
410895,2014,9.0,0.0,0.0,3.0,6.0,14.0,5.0,1.0,9.0,6.0,53.0,119
410895,2015,2.0,0.0,2.0,1.0,4.0,13.0,6.0,1.0,7.0,6.0,43.0,89
410895,2016,3.0,1.0,2.0,1.0,2.0,13.0,4.0,3.0,5.0,3.0,39.0,111
410895,2017,2.0,0.0,3.0,1.0,3.0,14.0,5.0,2.0,8.0,4.0,42.0,114
410895,2018,4.0,1.0,2.0,5.0,2.0,21.0,12.0,4.0,13.0,12.0,78.0,149
410895,2019,6.0,0.0,4.0,2.0,0.0,9.0,8.0,1.0,10.0,4.0,45.0,103
410900,2012,2.0,0.0,2.0,1.0,2.0,10.0,3.0,2.0,10.0,2.0,34.0,55
410900,2013,0.0,0.0,0.0,0.0,0.0,0.0,0.0,0.0,0.0,0.0,32.0,56
410900,2014,2.0,0.0,0.0,2.0,1.0,5.0,0.0,4.0,0.0,4.0,22.0,50
410900,2015,1.0,0.0,4.0,0.0,0.0,6.0,1.0,2.0,7.0,6.0,32.0,65
410900,2016,5.0,0.0,0.0,1.0,0.0,10.0,2.0,5.0,6.0,5.0,35.0,56
410900,2017,6.0,0.0,2.0,0.0,2.0,16.0,1.0,3.0,0.0,8.0,38.0,55
410900,2018,0.0,0.0,0.0,4.0,2.0,4.0,1.0,1.0,0.0,7.0,21.0,64
410900,2019,0.0,0.0,0.0,1.0,1.0,16.0,3.0,2.0,0.0,3.0,28.0,51
410910,2012,0.0,0.0,0.0,1.0,0.0,3.0,1.0,1.0,5.0,2.0,13.0,19
410910,2013,0.0,0.0,0.0,0.0,0.0,0.0,0.0,0.0,0.0,0.0,16.0,24
410910,2014,2.0,0.0,0.0,0.0,0.0,5.0,1.0,1.0,4.0,3.0,16.0,21
410910,2015,1.0,0.0,0.0,0.0,1.0,8.0,2.0,0.0,5.0,4.0,21.0,30
410910,2016,0.0,0.0,0.0,0.0,0.0,6.0,1.0,1.0,7.0,3.0,18.0,21
410910,2017,1.0,0.0,2.0,0.0,0.0,5.0,1.0,0.0,2.0,2.0,14.0,21
410910,2018,0.0,0.0,0.0,0.0,1.0,4.0,0.0,1.0,3.0,1.0,10.0,20
410910,2019,2.0,0.0,0.0,1.0,0.0,6.0,1.0,2.0,4.0,2.0,18.0,26
410920,2012,5.0,0.0,0.0,0.0,2.0,10.0,1.0,5.0,10.0,7.0,40.0,51
410920,2013,0.0,0.0,0.0,0.0,0.0,0.0,0.0,0.0,0.0,0.0,42.0,62
410920,2014,1.0,0.0,0.0,2.0,2.0,14.0,3.0,0.0,14.0,5.0,42.0,57
410920,2015,0.0,0.0,2.0,2.0,4.0,8.0,6.0,3.0,20.0,2.0,48.0,59
410920,2016,5.0,0.0,0.0,1.0,0.0,1.0,1.0,2.0,6.0,1.0,17.0,31
410920,2017,2.0,0.0,0.0,2.0,2.0,15.0,10.0,0.0,11.0,4.0,46.0,67
410920,2018,3.0,0.0,2.0,1.0,3.0,12.0,5.0,0.0,5.0,3.0,34.0,48
410920,2019,6.0,0.0,4.0,3.0,1.0,22.0,2.0,3.0,10.0,3.0,55.0,62
410930,2012,4.0,2.0,0.0,4.0,5.0,30.0,5.0,12.0,17.0,27.0,106.0,194
410930,2013,0.0,0.0,0.0,0.0,0.0,0.0,0.0,0.0,0.0,0.0,104.0,188
410930,2014,6.0,0.0,0.0,4.0,3.0,26.0,10.0,9.0,23.0,17.0,98.0,172
410930,2015,6.0,0.0,2.0,3.0,0.0,40.0,18.0,6.0,30.0,15.0,120.0,214
410930,2016,8.0,0.0,1.0,5.0,2.0,35.0,11.0,9.0,20.0,28.0,119.0,198
410930,2017,9.0,1.0,4.0,1.0,2.0,50.0,16.0,5.0,15.0,15.0,118.0,210
410930,2018,4.0,2.0,6.0,7.0,6.0,32.0,14.0,6.0,22.0,15.0,115.0,203
410930,2019,8.0,1.0,1.0,6.0,2.0,35.0,9.0,4.0,20.0,13.0,99.0,164
410940,2012,136.0,9.0,51.0,29.0,45.0,429.0,127.0,44.0,394.0,187.0,1458.0,2735
410940,2013,0.0,0.0,0.0,0.0,0.0,0.0,0.0,0.0,0.0,0.0,1520.0,2795
410940,2014,117.0,6.0,51.0,46.0,36.0,465.0,169.0,72.0,424.0,162.0,1548.0,2924
410940,2015,112.0,6.0,52.0,48.0,32.0,486.0,136.0,76.0,377.0,216.0,1542.0,2984
410940,2016,97.0,7.0,55.0,28.0,24.0,485.0,130.0,89.0,300.0,231.0,1449.0,2847
410940,2017,123.0,4.0,42.0,38.0,19.0,536.0,137.0,99.0,317.0,257.0,1574.0,2984
410940,2018,120.0,4.0,68.0,45.0,31.0,597.0,142.0,103.0,325.0,203.0,1639.0,3062
410940,2019,118.0,4.0,35.0,39.0,26.0,579.0,133.0,99.0,284.0,180.0,1502.0,3014
410950,2012,2.0,0.0,2.0,0.0,1.0,5.0,5.0,0.0,5.0,1.0,21.0,94
410950,2013,0.0,0.0,0.0,0.0,0.0,0.0,0.0,0.0,0.0,0.0,35.0,108
410950,2014,2.0,0.0,0.0,0.0,1.0,9.0,7.0,0.0,4.0,1.0,26.0,78
410950,2015,3.0,0.0,0.0,2.0,0.0,10.0,3.0,1.0,8.0,1.0,29.0,89
410950,2016,3.0,0.0,0.0,1.0,0.0,14.0,10.0,2.0,10.0,1.0,41.0,104
410950,2017,2.0,0.0,0.0,1.0,0.0,19.0,3.0,1.0,11.0,4.0,41.0,99
410950,2018,4.0,0.0,5.0,2.0,0.0,15.0,7.0,3.0,9.0,1.0,46.0,99
410950,2019,3.0,2.0,5.0,4.0,2.0,20.0,8.0,1.0,11.0,3.0,59.0,122
410960,2012,29.0,1.0,8.0,7.0,5.0,47.0,14.0,14.0,35.0,25.0,234.0,488
410960,2013,0.0,0.0,0.0,0.0,0.0,0.0,0.0,0.0,0.0,0.0,297.0,521
410960,2014,32.0,0.0,6.0,9.0,6.0,66.0,29.0,12.0,41.0,28.0,280.0,562
410960,2015,18.0,1.0,2.0,10.0,7.0,75.0,21.0,21.0,58.0,39.0,302.0,573
410960,2016,16.0,2.0,9.0,14.0,4.0,88.0,18.0,10.0,44.0,33.0,272.0,519
410960,2017,20.0,2.0,9.0,7.0,7.0,80.0,17.0,17.0,48.0,33.0,274.0,512
410960,2018,18.0,3.0,4.0,14.0,7.0,93.0,21.0,15.0,44.0,24.0,257.0,531
410960,2019,27.0,0.0,8.0,13.0,4.0,86.0,20.0,9.0,26.0,22.0,225.0,500
410965,2012,1.0,0.0,0.0,0.0,0.0,9.0,5.0,1.0,12.0,6.0,35.0,78
410965,2013,0.0,0.0,0.0,0.0,0.0,0.0,0.0,0.0,0.0,0.0,40.0,64
410965,2014,3.0,0.0,6.0,0.0,2.0,13.0,2.0,3.0,10.0,6.0,45.0,83
410965,2015,3.0,0.0,6.0,0.0,1.0,16.0,5.0,4.0,11.0,4.0,50.0,75
410965,2016,3.0,0.0,0.0,2.0,1.0,18.0,5.0,1.0,5.0,5.0,40.0,78
410965,2017,1.0,0.0,1.0,0.0,0.0,10.0,1.0,1.0,14.0,0.0,29.0,55
410965,2018,2.0,0.0,0.0,0.0,1.0,11.0,4.0,2.0,6.0,3.0,29.0,64
410965,2019,3.0,0.0,0.0,0.0,0.0,11.0,4.0,0.0,12.0,5.0,35.0,65
410970,2012,20.0,1.0,4.0,3.0,5.0,77.0,20.0,12.0,44.0,47.0,234.0,403
410970,2013,0.0,0.0,0.0,0.0,0.0,0.0,0.0,0.0,0.0,0.0,212.0,369
410970,2014,12.0,1.0,5.0,1.0,2.0,68.0,16.0,11.0,47.0,22.0,185.0,366
410970,2015,9.0,0.0,3.0,5.0,3.0,70.0,16.0,8.0,43.0,24.0,189.0,333
410970,2016,16.0,1.0,2.0,6.0,0.0,73.0,9.0,16.0,18.0,35.0,179.0,351
410970,2017,12.0,0.0,0.0,5.0,2.0,51.0,7.0,13.0,26.0,17.0,172.0,346
410970,2018,15.0,0.0,10.0,3.0,3.0,64.0,13.0,9.0,28.0,21.0,203.0,407
410970,2019,10.0,0.0,11.0,5.0,2.0,51.0,22.0,5.0,46.0,17.0,170.0,391
410975,2012,5.0,0.0,4.0,5.0,2.0,13.0,0.0,2.0,5.0,7.0,45.0,108
410975,2013,0.0,0.0,0.0,0.0,0.0,0.0,0.0,0.0,0.0,0.0,51.0,117
410975,2014,4.0,1.0,2.0,2.0,0.0,11.0,9.0,1.0,8.0,7.0,45.0,98
410975,2015,6.0,0.0,0.0,1.0,0.0,14.0,2.0,7.0,11.0,4.0,46.0,110
410975,2016,2.0,0.0,0.0,2.0,2.0,13.0,6.0,7.0,8.0,8.0,48.0,99
410975,2017,3.0,0.0,0.0,1.0,2.0,19.0,1.0,3.0,8.0,5.0,42.0,94
410975,2018,3.0,2.0,2.0,2.0,2.0,21.0,5.0,3.0,15.0,9.0,65.0,132
410975,2019,3.0,0.0,2.0,1.0,2.0,17.0,5.0,1.0,6.0,4.0,41.0,91
410980,2012,50.0,0.0,13.0,6.0,10.0,130.0,45.0,13.0,150.0,56.0,520.0,711
410980,2013,0.0,0.0,0.0,0.0,0.0,0.0,0.0,0.0,0.0,0.0,524.0,729
410980,2014,28.0,2.0,11.0,11.0,8.0,167.0,68.0,14.0,157.0,38.0,510.0,686
410980,2015,32.0,3.0,11.0,17.0,9.0,175.0,56.0,18.0,158.0,45.0,529.0,712
410980,2016,31.0,2.0,10.0,15.0,9.0,190.0,37.0,18.0,121.0,47.0,484.0,727
410980,2017,27.0,5.0,9.0,7.0,5.0,230.0,28.0,18.0,98.0,59.0,495.0,701
410980,2018,42.0,4.0,11.0,13.0,5.0,223.0,43.0,21.0,116.0,45.0,535.0,702
410980,2019,30.0,4.0,12.0,13.0,9.0,211.0,37.0,23.0,112.0,35.0,500.0,649
410990,2012,7.0,1.0,4.0,0.0,2.0,29.0,3.0,2.0,20.0,11.0,80.0,108
410990,2013,0.0,0.0,0.0,0.0,0.0,0.0,0.0,0.0,0.0,0.0,79.0,119
410990,2014,1.0,0.0,2.0,4.0,3.0,26.0,8.0,4.0,18.0,8.0,74.0,105
410990,2015,1.0,0.0,1.0,3.0,3.0,29.0,8.0,2.0,23.0,4.0,74.0,113
410990,2016,6.0,0.0,3.0,3.0,1.0,38.0,8.0,2.0,23.0,2.0,86.0,121
410990,2017,6.0,0.0,2.0,4.0,0.0,35.0,3.0,3.0,18.0,9.0,80.0,114
410990,2018,6.0,0.0,4.0,0.0,2.0,30.0,6.0,6.0,24.0,7.0,85.0,126
410990,2019,11.0,0.0,2.0,2.0,2.0,55.0,5.0,5.0,24.0,9.0,115.0,145
411000,2012,4.0,0.0,4.0,0.0,0.0,13.0,1.0,1.0,13.0,5.0,41.0,55
411000,2013,0.0,0.0,0.0,0.0,0.0,0.0,0.0,0.0,0.0,0.0,50.0,65
411000,2014,7.0,0.0,0.0,1.0,3.0,14.0,7.0,1.0,13.0,4.0,50.0,78
411000,2015,2.0,0.0,2.0,0.0,4.0,23.0,4.0,0.0,10.0,5.0,50.0,71
411000,2016,2.0,0.0,0.0,1.0,0.0,25.0,0.0,0.0,9.0,6.0,43.0,63
411000,2017,3.0,0.0,0.0,1.0,1.0,18.0,1.0,2.0,6.0,2.0,34.0,54
411000,2018,3.0,0.0,3.0,0.0,0.0,16.0,5.0,1.0,13.0,4.0,45.0,63
411000,2019,3.0,0.0,2.0,0.0,1.0,22.0,6.0,1.0,15.0,6.0,57.0,84
411005,2012,2.0,0.0,0.0,0.0,0.0,2.0,0.0,0.0,0.0,1.0,5.0,12
411005,2013,0.0,0.0,0.0,0.0,0.0,0.0,0.0,0.0,0.0,0.0,5.0,16
411005,2014,3.0,1.0,0.0,0.0,1.0,11.0,0.0,0.0,2.0,0.0,18.0,34
411005,2015,1.0,0.0,0.0,0.0,0.0,1.0,3.0,0.0,5.0,2.0,12.0,27
411005,2016,0.0,0.0,0.0,1.0,1.0,8.0,3.0,1.0,1.0,2.0,17.0,28
411005,2017,2.0,0.0,0.0,2.0,0.0,4.0,2.0,0.0,3.0,1.0,14.0,26
411005,2018,0.0,0.0,2.0,0.0,0.0,3.0,0.0,0.0,3.0,0.0,8.0,18
411005,2019,2.0,0.0,0.0,0.0,1.0,5.0,0.0,1.0,2.0,1.0,12.0,23
411007,2012,12.0,0.0,0.0,5.0,4.0,25.0,14.0,4.0,21.0,11.0,96.0,186
411007,2013,0.0,0.0,0.0,0.0,0.0,0.0,0.0,0.0,0.0,0.0,102.0,186
411007,2014,10.0,1.0,5.0,1.0,1.0,23.0,13.0,10.0,25.0,16.0,106.0,198
411007,2015,2.0,0.0,8.0,9.0,4.0,33.0,22.0,6.0,20.0,5.0,110.0,200
411007,2016,6.0,0.0,2.0,3.0,2.0,37.0,20.0,4.0,51.0,4.0,130.0,222
411007,2017,1.0,1.0,0.0,1.0,2.0,35.0,20.0,1.0,28.0,5.0,94.0,178
411007,2018,4.0,0.0,2.0,1.0,1.0,41.0,20.0,2.0,25.0,5.0,102.0,170
411007,2019,8.0,1.0,1.0,5.0,1.0,43.0,13.0,13.0,24.0,11.0,120.0,183
411010,2012,26.0,3.0,1.0,9.0,11.0,80.0,24.0,26.0,69.0,35.0,284.0,482
411010,2013,0.0,0.0,0.0,0.0,0.0,0.0,0.0,0.0,0.0,0.0,252.0,462
411010,2014,16.0,1.0,1.0,9.0,8.0,79.0,41.0,6.0,82.0,13.0,256.0,462
411010,2015,13.0,5.0,3.0,8.0,4.0,72.0,32.0,5.0,74.0,17.0,233.0,449
411010,2016,24.0,3.0,15.0,12.0,7.0,87.0,24.0,6.0,63.0,17.0,260.0,503
411010,2017,17.0,3.0,6.0,12.0,7.0,68.0,25.0,4.0,74.0,12.0,228.0,471
411010,2018,26.0,5.0,2.0,4.0,6.0,76.0,31.0,5.0,71.0,16.0,242.0,470
411010,2019,29.0,8.0,11.0,6.0,6.0,85.0,34.0,1.0,49.0,10.0,240.0,484
411020,2012,6.0,0.0,0.0,2.0,1.0,17.0,8.0,0.0,18.0,1.0,53.0,161
411020,2013,0.0,0.0,0.0,0.0,0.0,0.0,0.0,0.0,0.0,0.0,68.0,170
411020,2014,7.0,0.0,4.0,1.0,3.0,8.0,14.0,3.0,18.0,0.0,58.0,151
411020,2015,6.0,1.0,0.0,2.0,2.0,16.0,11.0,1.0,23.0,3.0,65.0,163
411020,2016,6.0,1.0,2.0,6.0,2.0,13.0,4.0,0.0,15.0,3.0,53.0,139
411020,2017,6.0,2.0,1.0,4.0,2.0,18.0,6.0,1.0,15.0,4.0,59.0,172
411020,2018,2.0,1.0,0.0,3.0,2.0,28.0,7.0,2.0,9.0,1.0,55.0,128
411020,2019,6.0,2.0,2.0,1.0,3.0,14.0,5.0,1.0,8.0,0.0,42.0,158
411030,2012,1.0,0.0,0.0,0.0,0.0,6.0,2.0,0.0,10.0,5.0,25.0,38
411030,2013,0.0,0.0,0.0,0.0,0.0,0.0,0.0,0.0,0.0,0.0,26.0,36
411030,2014,1.0,0.0,0.0,0.0,1.0,13.0,3.0,3.0,5.0,5.0,31.0,36
411030,2015,2.0,0.0,2.0,0.0,0.0,14.0,1.0,1.0,9.0,0.0,29.0,39
411030,2016,4.0,0.0,0.0,1.0,0.0,12.0,0.0,0.0,8.0,1.0,26.0,35
411030,2017,2.0,0.0,0.0,0.0,0.0,9.0,3.0,0.0,10.0,1.0,25.0,32
411030,2018,5.0,0.0,0.0,0.0,0.0,7.0,2.0,0.0,3.0,0.0,17.0,22
411030,2019,2.0,0.0,0.0,0.0,0.0,14.0,1.0,0.0,7.0,3.0,27.0,36
411040,2012,3.0,0.0,0.0,1.0,0.0,13.0,3.0,4.0,10.0,8.0,42.0,60
411040,2013,0.0,0.0,0.0,0.0,0.0,0.0,0.0,0.0,0.0,0.0,34.0,64
411040,2014,3.0,0.0,0.0,0.0,0.0,15.0,1.0,2.0,7.0,2.0,31.0,46
411040,2015,3.0,1.0,1.0,1.0,0.0,11.0,2.0,4.0,6.0,5.0,34.0,53
411040,2016,3.0,0.0,0.0,0.0,0.0,15.0,2.0,3.0,8.0,10.0,41.0,66
411040,2017,1.0,0.0,0.0,1.0,0.0,10.0,4.0,2.0,9.0,4.0,31.0,51
411040,2018,2.0,1.0,0.0,2.0,0.0,11.0,2.0,0.0,6.0,3.0,28.0,53
411040,2019,1.0,0.0,2.0,2.0,2.0,12.0,2.0,2.0,5.0,3.0,31.0,57
411050,2012,7.0,1.0,2.0,3.0,5.0,24.0,10.0,3.0,18.0,8.0,88.0,196
411050,2013,0.0,0.0,0.0,0.0,0.0,0.0,0.0,0.0,0.0,0.0,83.0,175
411050,2014,10.0,1.0,4.0,11.0,6.0,21.0,6.0,18.0,13.0,21.0,117.0,199
411050,2015,9.0,0.0,5.0,4.0,3.0,24.0,14.0,7.0,28.0,15.0,109.0,195
411050,2016,6.0,1.0,9.0,3.0,3.0,29.0,17.0,1.0,21.0,9.0,99.0,202
411050,2017,6.0,1.0,4.0,5.0,4.0,33.0,13.0,5.0,21.0,10.0,103.0,192
411050,2018,7.0,0.0,4.0,4.0,3.0,33.0,12.0,9.0,17.0,11.0,100.0,195
411050,2019,7.0,0.0,8.0,4.0,2.0,38.0,12.0,9.0,16.0,8.0,105.0,211
411060,2012,11.0,0.0,3.0,6.0,5.0,47.0,5.0,2.0,39.0,16.0,135.0,197
411060,2013,0.0,0.0,0.0,0.0,0.0,0.0,0.0,0.0,0.0,0.0,126.0,186
411060,2014,10.0,0.0,4.0,2.0,3.0,47.0,13.0,3.0,30.0,7.0,120.0,185
411060,2015,12.0,0.0,4.0,1.0,4.0,52.0,7.0,6.0,41.0,12.0,141.0,206
411060,2016,9.0,0.0,4.0,1.0,2.0,66.0,11.0,5.0,25.0,23.0,146.0,203
411060,2017,8.0,0.0,2.0,2.0,3.0,55.0,23.0,6.0,37.0,11.0,147.0,193
411060,2018,12.0,2.0,5.0,3.0,1.0,81.0,24.0,7.0,42.0,13.0,191.0,234
411060,2019,13.0,0.0,8.0,3.0,2.0,64.0,18.0,6.0,40.0,14.0,169.0,207
411065,2012,3.0,0.0,0.0,0.0,0.0,14.0,1.0,2.0,1.0,5.0,26.0,35
411065,2013,0.0,0.0,0.0,0.0,0.0,0.0,0.0,0.0,0.0,0.0,11.0,16
411065,2014,1.0,1.0,0.0,0.0,1.0,2.0,3.0,1.0,6.0,6.0,21.0,25
411065,2015,1.0,0.0,0.0,0.0,1.0,7.0,3.0,2.0,5.0,0.0,19.0,24
411065,2016,2.0,0.0,0.0,0.0,0.0,11.0,2.0,1.0,5.0,0.0,21.0,23
411065,2017,0.0,0.0,0.0,0.0,1.0,11.0,2.0,0.0,3.0,1.0,18.0,20
411065,2018,0.0,0.0,4.0,0.0,1.0,8.0,3.0,0.0,4.0,3.0,23.0,30
411065,2019,1.0,0.0,0.0,1.0,1.0,7.0,2.0,1.0,4.0,1.0,18.0,26
411070,2012,34.0,2.0,5.0,19.0,15.0,111.0,65.0,3.0,199.0,15.0,469.0,756
411070,2013,0.0,0.0,0.0,0.0,0.0,0.0,0.0,0.0,0.0,0.0,538.0,803
411070,2014,45.0,4.0,13.0,21.0,19.0,138.0,75.0,12.0,195.0,24.0,547.0,833
411070,2015,38.0,11.0,19.0,18.0,10.0,135.0,85.0,11.0,155.0,31.0,514.0,857
411070,2016,36.0,8.0,15.0,27.0,16.0,166.0,63.0,6.0,130.0,35.0,502.0,853
411070,2017,46.0,5.0,17.0,18.0,17.0,171.0,61.0,14.0,145.0,30.0,526.0,850
411070,2018,31.0,2.0,10.0,12.0,22.0,170.0,58.0,12.0,154.0,32.0,506.0,824
411070,2019,53.0,8.0,15.0,26.0,14.0,169.0,46.0,8.0,147.0,17.0,509.0,805
411080,2012,11.0,4.0,5.0,7.0,5.0,21.0,9.0,2.0,23.0,9.0,97.0,140
411080,2013,0.0,0.0,0.0,0.0,0.0,0.0,0.0,0.0,0.0,0.0,117.0,145
411080,2014,8.0,1.0,3.0,7.0,10.0,27.0,5.0,2.0,17.0,21.0,102.0,133
411080,2015,2.0,1.0,4.0,9.0,3.0,29.0,4.0,4.0,14.0,22.0,96.0,144
411080,2016,5.0,2.0,2.0,18.0,7.0,33.0,1.0,8.0,5.0,20.0,102.0,146
411080,2017,3.0,0.0,4.0,21.0,11.0,34.0,2.0,8.0,6.0,17.0,106.0,145
411080,2018,3.0,1.0,5.0,25.0,7.0,32.0,6.0,1.0,13.0,16.0,112.0,160
411080,2019,5.0,1.0,0.0,15.0,3.0,41.0,7.0,3.0,12.0,11.0,102.0,128
411090,2012,5.0,0.0,0.0,0.0,2.0,12.0,0.0,1.0,12.0,1.0,33.0,48
411090,2013,0.0,0.0,0.0,0.0,0.0,0.0,0.0,0.0,0.0,0.0,34.0,53
411090,2014,5.0,1.0,0.0,0.0,2.0,20.0,2.0,2.0,11.0,9.0,52.0,71
411090,2015,3.0,0.0,0.0,0.0,0.0,23.0,5.0,0.0,11.0,2.0,44.0,72
411090,2016,2.0,0.0,0.0,2.0,0.0,15.0,4.0,0.0,12.0,0.0,35.0,57
411090,2017,1.0,0.0,0.0,1.0,3.0,17.0,3.0,2.0,12.0,4.0,44.0,66
411090,2018,3.0,0.0,0.0,2.0,3.0,13.0,2.0,0.0,10.0,4.0,37.0,58
411090,2019,5.0,0.0,2.0,3.0,1.0,11.0,4.0,1.0,9.0,1.0,38.0,48
411095,2012,13.0,0.0,0.0,1.0,0.0,51.0,8.0,1.0,50.0,3.0,142.0,151
411095,2013,0.0,0.0,0.0,0.0,0.0,0.0,0.0,0.0,0.0,0.0,138.0,152
411095,2014,12.0,0.0,2.0,2.0,3.0,46.0,5.0,1.0,34.0,6.0,122.0,146
411095,2015,11.0,0.0,2.0,3.0,0.0,37.0,14.0,1.0,36.0,9.0,125.0,153
411095,2016,8.0,0.0,0.0,1.0,1.0,35.0,12.0,2.0,44.0,4.0,124.0,142
411095,2017,15.0,0.0,10.0,10.0,2.0,66.0,6.0,3.0,29.0,8.0,153.0,194
411095,2018,9.0,0.0,2.0,0.0,1.0,59.0,15.0,2.0,29.0,10.0,132.0,157
411095,2019,8.0,0.0,2.0,2.0,1.0,64.0,7.0,9.0,29.0,9.0,141.0,166
411100,2012,5.0,1.0,0.0,3.0,2.0,19.0,4.0,6.0,5.0,12.0,57.0,80
411100,2013,0.0,0.0,0.0,0.0,0.0,0.0,0.0,0.0,0.0,0.0,56.0,79
411100,2014,3.0,1.0,2.0,2.0,2.0,10.0,10.0,4.0,10.0,7.0,54.0,72
411100,2015,2.0,1.0,1.0,0.0,0.0,16.0,8.0,4.0,7.0,11.0,51.0,60
411100,2016,4.0,0.0,0.0,1.0,1.0,15.0,3.0,6.0,9.0,11.0,50.0,65
411100,2017,2.0,0.0,1.0,3.0,1.0,21.0,3.0,2.0,8.0,11.0,52.0,66
411100,2018,5.0,0.0,0.0,3.0,1.0,20.0,5.0,0.0,10.0,6.0,50.0,65
411100,2019,3.0,0.0,0.0,1.0,1.0,27.0,7.0,2.0,16.0,8.0,65.0,87
411110,2012,5.0,0.0,0.0,1.0,2.0,19.0,0.0,1.0,13.0,8.0,50.0,67
411110,2013,0.0,0.0,0.0,0.0,0.0,0.0,0.0,0.0,0.0,0.0,50.0,70
411110,2014,2.0,0.0,0.0,0.0,0.0,17.0,6.0,2.0,12.0,8.0,47.0,76
411110,2015,2.0,1.0,4.0,0.0,2.0,12.0,2.0,3.0,8.0,1.0,35.0,55
411110,2016,4.0,0.0,2.0,1.0,2.0,15.0,5.0,0.0,11.0,4.0,44.0,66
411110,2017,1.0,0.0,0.0,1.0,3.0,20.0,3.0,2.0,16.0,4.0,50.0,73
411110,2018,4.0,0.0,0.0,1.0,1.0,18.0,6.0,1.0,20.0,9.0,60.0,84
411110,2019,4.0,0.0,6.0,2.0,0.0,18.0,3.0,4.0,6.0,2.0,45.0,69
411120,2012,5.0,0.0,0.0,6.0,2.0,26.0,8.0,0.0,29.0,5.0,83.0,130
411120,2013,0.0,0.0,0.0,0.0,0.0,0.0,0.0,0.0,0.0,0.0,79.0,116
411120,2014,6.0,0.0,6.0,5.0,4.0,22.0,11.0,2.0,24.0,10.0,90.0,146
411120,2015,4.0,0.0,0.0,0.0,3.0,32.0,10.0,5.0,26.0,7.0,87.0,159
411120,2016,9.0,0.0,2.0,2.0,6.0,24.0,9.0,2.0,20.0,5.0,80.0,153
411120,2017,3.0,0.0,6.0,5.0,1.0,40.0,11.0,1.0,33.0,5.0,106.0,189
411120,2018,5.0,0.0,4.0,2.0,0.0,26.0,11.0,1.0,28.0,2.0,79.0,169
411120,2019,6.0,0.0,2.0,2.0,5.0,32.0,9.0,3.0,33.0,2.0,95.0,179
411125,2012,24.0,2.0,8.0,4.0,4.0,44.0,18.0,17.0,42.0,27.0,205.0,449
411125,2013,0.0,0.0,0.0,0.0,0.0,0.0,0.0,0.0,0.0,0.0,241.0,525
411125,2014,17.0,7.0,11.0,5.0,11.0,70.0,25.0,6.0,69.0,30.0,258.0,537
411125,2015,17.0,1.0,8.0,12.0,8.0,69.0,11.0,20.0,43.0,33.0,225.0,500
411125,2016,14.0,0.0,6.0,9.0,10.0,80.0,16.0,8.0,48.0,18.0,214.0,498
411125,2017,14.0,2.0,6.0,15.0,7.0,98.0,26.0,7.0,53.0,23.0,266.0,527
411125,2018,24.0,0.0,0.0,6.0,8.0,102.0,25.0,8.0,63.0,20.0,257.0,527
411125,2019,17.0,0.0,6.0,12.0,10.0,97.0,35.0,13.0,51.0,22.0,264.0,506
411130,2012,2.0,0.0,2.0,1.0,1.0,13.0,4.0,3.0,3.0,5.0,35.0,56
411130,2013,0.0,0.0,0.0,0.0,0.0,0.0,0.0,0.0,0.0,0.0,33.0,57
411130,2014,1.0,0.0,2.0,0.0,0.0,9.0,1.0,10.0,6.0,8.0,39.0,59
411130,2015,2.0,0.0,0.0,0.0,1.0,8.0,1.0,3.0,7.0,9.0,33.0,42
411130,2016,2.0,0.0,4.0,0.0,0.0,8.0,7.0,0.0,9.0,3.0,35.0,48
411130,2017,2.0,0.0,0.0,0.0,0.0,13.0,3.0,1.0,9.0,3.0,31.0,38
411130,2018,1.0,0.0,0.0,0.0,0.0,18.0,4.0,0.0,18.0,2.0,44.0,55
411130,2019,2.0,0.0,6.0,0.0,0.0,14.0,4.0,1.0,6.0,2.0,35.0,47
411140,2012,13.0,0.0,2.0,2.0,6.0,34.0,7.0,3.0,39.0,15.0,122.0,190
411140,2013,0.0,0.0,0.0,0.0,0.0,0.0,0.0,0.0,0.0,0.0,142.0,220
411140,2014,12.0,0.0,4.0,3.0,8.0,40.0,7.0,1.0,32.0,10.0,123.0,190
411140,2015,10.0,0.0,6.0,4.0,7.0,39.0,15.0,2.0,39.0,6.0,134.0,206
411140,2016,5.0,0.0,2.0,4.0,0.0,40.0,15.0,4.0,39.0,7.0,120.0,185
411140,2017,6.0,1.0,2.0,0.0,3.0,46.0,4.0,10.0,24.0,8.0,106.0,196
411140,2018,7.0,0.0,9.0,0.0,2.0,48.0,6.0,2.0,24.0,5.0,112.0,206
411140,2019,5.0,0.0,4.0,3.0,0.0,29.0,7.0,4.0,17.0,4.0,88.0,166
411150,2012,19.0,2.0,8.0,6.0,9.0,109.0,26.0,7.0,130.0,20.0,339.0,412
411150,2013,0.0,0.0,0.0,0.0,0.0,0.0,0.0,0.0,0.0,0.0,330.0,396
411150,2014,29.0,1.0,4.0,5.0,3.0,136.0,46.0,17.0,113.0,38.0,397.0,420
411150,2015,26.0,12.0,4.0,2.0,2.0,131.0,34.0,5.0,122.0,8.0,346.0,404
411150,2016,24.0,5.0,3.0,1.0,1.0,131.0,27.0,3.0,116.0,6.0,319.0,372
411150,2017,17.0,12.0,3.0,1.0,2.0,141.0,33.0,1.0,125.0,6.0,342.0,389
411150,2018,29.0,7.0,2.0,0.0,1.0,137.0,33.0,7.0,125.0,20.0,362.0,401
411150,2019,37.0,19.0,3.0,2.0,1.0,163.0,36.0,3.0,104.0,16.0,386.0,414
411155,2012,3.0,0.0,2.0,1.0,3.0,33.0,4.0,4.0,35.0,6.0,91.0,117
411155,2013,0.0,0.0,0.0,0.0,0.0,0.0,0.0,0.0,0.0,0.0,81.0,107
411155,2014,2.0,0.0,0.0,1.0,3.0,36.0,12.0,5.0,18.0,8.0,85.0,109
411155,2015,6.0,0.0,2.0,0.0,0.0,29.0,7.0,2.0,32.0,7.0,85.0,116
411155,2016,2.0,0.0,5.0,2.0,1.0,42.0,11.0,1.0,28.0,4.0,96.0,122
411155,2017,0.0,0.0,2.0,0.0,0.0,37.0,9.0,1.0,18.0,5.0,72.0,91
411155,2018,6.0,0.0,0.0,0.0,0.0,39.0,6.0,3.0,8.0,9.0,71.0,90
411155,2019,5.0,0.0,0.0,1.0,3.0,24.0,3.0,1.0,16.0,9.0,62.0,82
411160,2012,1.0,0.0,0.0,1.0,1.0,6.0,0.0,1.0,2.0,1.0,13.0,20
411160,2013,0.0,0.0,0.0,0.0,0.0,0.0,0.0,0.0,0.0,0.0,23.0,31
411160,2014,0.0,0.0,0.0,0.0,1.0,9.0,4.0,0.0,6.0,2.0,22.0,31
411160,2015,0.0,0.0,0.0,1.0,0.0,9.0,1.0,0.0,1.0,3.0,15.0,24
411160,2016,1.0,0.0,2.0,0.0,0.0,12.0,3.0,1.0,3.0,3.0,25.0,32
411160,2017,1.0,0.0,3.0,0.0,0.0,6.0,1.0,0.0,8.0,5.0,24.0,38
411160,2018,0.0,0.0,0.0,0.0,1.0,14.0,2.0,0.0,9.0,2.0,28.0,32
411160,2019,2.0,0.0,0.0,0.0,1.0,11.0,3.0,0.0,12.0,0.0,29.0,36
411170,2012,8.0,0.0,4.0,1.0,0.0,24.0,3.0,2.0,12.0,2.0,57.0,72
411170,2013,0.0,0.0,0.0,0.0,0.0,0.0,0.0,0.0,0.0,0.0,58.0,69
411170,2014,4.0,0.0,2.0,0.0,1.0,8.0,10.0,0.0,11.0,2.0,39.0,46
411170,2015,3.0,0.0,0.0,0.0,1.0,8.0,6.0,0.0,12.0,4.0,41.0,50
411170,2016,2.0,0.0,2.0,0.0,1.0,18.0,9.0,1.0,13.0,2.0,81.0,99
411170,2017,0.0,0.0,0.0,1.0,0.0,0.0,0.0,0.0,0.0,4.0,59.0,79
411170,2018,1.0,0.0,0.0,0.0,0.0,6.0,0.0,1.0,0.0,0.0,51.0,67
411170,2019,0.0,0.0,2.0,0.0,0.0,3.0,2.0,0.0,4.0,2.0,42.0,62
411180,2012,18.0,0.0,6.0,8.0,9.0,140.0,32.0,8.0,130.0,43.0,401.0,548
411180,2013,0.0,0.0,0.0,0.0,0.0,0.0,0.0,0.0,0.0,0.0,434.0,579
411180,2014,25.0,1.0,10.0,4.0,11.0,160.0,59.0,12.0,121.0,39.0,451.0,588
411180,2015,17.0,1.0,10.0,5.0,4.0,152.0,57.0,14.0,125.0,38.0,435.0,577
411180,2016,16.0,0.0,10.0,4.0,5.0,166.0,46.0,10.0,109.0,43.0,414.0,539
411180,2017,18.0,1.0,9.0,8.0,6.0,178.0,37.0,3.0,96.0,42.0,411.0,543
411180,2018,29.0,0.0,8.0,9.0,6.0,208.0,62.0,17.0,134.0,40.0,518.0,601
411180,2019,27.0,0.0,6.0,6.0,6.0,207.0,65.0,20.0,128.0,43.0,518.0,606
411190,2012,13.0,0.0,7.0,7.0,9.0,44.0,8.0,0.0,25.0,7.0,122.0,163
411190,2013,0.0,0.0,0.0,0.0,0.0,0.0,0.0,0.0,0.0,0.0,133.0,189
411190,2014,12.0,1.0,0.0,3.0,4.0,39.0,10.0,1.0,34.0,9.0,113.0,164
411190,2015,6.0,1.0,7.0,4.0,3.0,47.0,7.0,3.0,24.0,14.0,117.0,182
411190,2016,10.0,2.0,1.0,4.0,3.0,43.0,6.0,7.0,22.0,10.0,110.0,167
411190,2017,6.0,0.0,2.0,4.0,4.0,45.0,11.0,8.0,23.0,12.0,115.0,177
411190,2018,11.0,1.0,0.0,7.0,5.0,36.0,12.0,5.0,26.0,10.0,113.0,163
411190,2019,7.0,0.0,2.0,9.0,1.0,33.0,14.0,10.0,26.0,16.0,119.0,166
411200,2012,37.0,1.0,7.0,8.0,10.0,140.0,21.0,14.0,42.0,103.0,390.0,582
411200,2013,0.0,0.0,0.0,0.0,0.0,0.0,0.0,0.0,0.0,0.0,394.0,528
411200,2014,20.0,1.0,11.0,2.0,2.0,158.0,22.0,35.0,68.0,61.0,395.0,619
411200,2015,35.0,0.0,6.0,4.0,4.0,164.0,36.0,25.0,101.0,63.0,442.0,622
411200,2016,21.0,1.0,8.0,3.0,5.0,157.0,14.0,41.0,41.0,103.0,401.0,581
411200,2017,29.0,0.0,4.0,14.0,9.0,140.0,16.0,32.0,43.0,91.0,379.0,552
411200,2018,32.0,1.0,10.0,11.0,4.0,147.0,20.0,22.0,46.0,68.0,364.0,553
411200,2019,29.0,1.0,14.0,7.0,5.0,141.0,9.0,31.0,51.0,74.0,365.0,499
411210,2012,10.0,0.0,4.0,67.0,73.0,17.0,2.0,0.0,28.0,2.0,203.0,234
411210,2013,0.0,0.0,0.0,0.0,0.0,0.0,0.0,0.0,0.0,0.0,227.0,266
411210,2014,27.0,0.0,4.0,1.0,2.0,98.0,2.0,14.0,18.0,69.0,235.0,255
411210,2015,37.0,0.0,6.0,3.0,4.0,78.0,3.0,17.0,25.0,61.0,234.0,278
411210,2016,43.0,0.0,6.0,4.0,3.0,71.0,9.0,12.0,16.0,64.0,228.0,266
411210,2017,33.0,0.0,6.0,4.0,2.0,97.0,9.0,9.0,19.0,59.0,238.0,273
411210,2018,15.0,0.0,4.0,1.0,3.0,92.0,9.0,5.0,44.0,27.0,200.0,260
411210,2019,27.0,0.0,8.0,4.0,1.0,95.0,24.0,2.0,53.0,5.0,220.0,265
411220,2012,1.0,0.0,0.0,1.0,1.0,19.0,4.0,3.0,5.0,15.0,50.0,66
411220,2013,0.0,0.0,0.0,0.0,0.0,0.0,0.0,0.0,0.0,0.0,52.0,72
411220,2014,3.0,3.0,0.0,5.0,2.0,11.0,7.0,3.0,20.0,7.0,62.0,79
411220,2015,1.0,0.0,1.0,4.0,1.0,14.0,3.0,4.0,18.0,7.0,53.0,71
411220,2016,5.0,0.0,5.0,3.0,2.0,18.0,8.0,2.0,11.0,7.0,68.0,86
411220,2017,3.0,0.0,2.0,6.0,4.0,14.0,4.0,5.0,16.0,6.0,60.0,72
411220,2018,2.0,0.0,0.0,8.0,1.0,19.0,2.0,4.0,10.0,10.0,58.0,72
411220,2019,3.0,1.0,2.0,3.0,3.0,11.0,4.0,2.0,11.0,1.0,41.0,47
411230,2012,3.0,0.0,0.0,0.0,1.0,9.0,1.0,0.0,4.0,3.0,22.0,57
411230,2013,0.0,0.0,0.0,0.0,0.0,0.0,0.0,0.0,0.0,0.0,27.0,57
411230,2014,2.0,0.0,2.0,2.0,2.0,9.0,8.0,0.0,2.0,4.0,32.0,61
411230,2015,2.0,1.0,4.0,1.0,0.0,11.0,7.0,2.0,9.0,5.0,44.0,81
411230,2016,2.0,0.0,0.0,0.0,0.0,9.0,3.0,2.0,3.0,7.0,26.0,56
411230,2017,2.0,0.0,0.0,2.0,0.0,5.0,1.0,0.0,3.0,3.0,31.0,74
411230,2018,4.0,0.0,2.0,1.0,0.0,9.0,3.0,0.0,3.0,7.0,38.0,77
411230,2019,1.0,0.0,2.0,2.0,1.0,14.0,2.0,3.0,3.0,3.0,32.0,57
411240,2012,5.0,0.0,2.0,0.0,0.0,16.0,1.0,3.0,7.0,10.0,45.0,75
411240,2013,0.0,0.0,0.0,0.0,0.0,0.0,0.0,0.0,0.0,0.0,51.0,82
411240,2014,4.0,0.0,6.0,0.0,1.0,14.0,3.0,4.0,12.0,16.0,60.0,101
411240,2015,4.0,0.0,0.0,4.0,4.0,23.0,4.0,2.0,10.0,7.0,58.0,87
411240,2016,10.0,0.0,2.0,2.0,1.0,13.0,9.0,4.0,13.0,7.0,62.0,102
411240,2017,8.0,0.0,0.0,1.0,3.0,18.0,4.0,2.0,23.0,8.0,67.0,109
411240,2018,2.0,0.0,0.0,1.0,1.0,24.0,5.0,5.0,10.0,12.0,60.0,96
411240,2019,6.0,0.0,0.0,0.0,2.0,31.0,5.0,1.0,15.0,8.0,68.0,96
411250,2012,7.0,0.0,0.0,3.0,4.0,26.0,4.0,5.0,23.0,17.0,92.0,155
411250,2013,0.0,0.0,0.0,0.0,0.0,0.0,0.0,0.0,0.0,0.0,108.0,154
411250,2014,8.0,0.0,4.0,3.0,1.0,39.0,10.0,5.0,30.0,13.0,118.0,161
411250,2015,5.0,0.0,4.0,0.0,2.0,26.0,10.0,9.0,18.0,26.0,100.0,128
411250,2016,7.0,0.0,0.0,5.0,0.0,47.0,11.0,7.0,23.0,9.0,109.0,141
411250,2017,8.0,1.0,4.0,0.0,0.0,48.0,10.0,6.0,21.0,8.0,107.0,131
411250,2018,6.0,2.0,0.0,2.0,0.0,51.0,9.0,13.0,15.0,23.0,123.0,153
411250,2019,6.0,1.0,0.0,1.0,0.0,50.0,7.0,8.0,28.0,20.0,123.0,146
411260,2012,3.0,0.0,0.0,0.0,1.0,3.0,1.0,1.0,5.0,1.0,15.0,20
411260,2013,0.0,0.0,0.0,0.0,0.0,0.0,0.0,0.0,0.0,0.0,14.0,20
411260,2014,2.0,0.0,0.0,1.0,0.0,7.0,1.0,1.0,3.0,0.0,15.0,19
411260,2015,3.0,0.0,0.0,0.0,0.0,4.0,1.0,1.0,1.0,1.0,11.0,13
411260,2016,0.0,0.0,2.0,0.0,1.0,7.0,2.0,0.0,3.0,1.0,16.0,18
411260,2017,0.0,0.0,0.0,0.0,0.0,3.0,3.0,0.0,2.0,1.0,9.0,14
411260,2018,0.0,0.0,2.0,1.0,0.0,14.0,1.0,2.0,2.0,0.0,22.0,31
411260,2019,0.0,0.0,0.0,0.0,0.0,6.0,0.0,0.0,3.0,0.0,9.0,13
411270,2012,12.0,0.0,0.0,1.0,1.0,36.0,18.0,4.0,22.0,10.0,110.0,158
411270,2013,0.0,0.0,0.0,0.0,0.0,0.0,0.0,0.0,0.0,0.0,116.0,167
411270,2014,15.0,0.0,0.0,3.0,1.0,54.0,23.0,7.0,44.0,5.0,153.0,206
411270,2015,8.0,1.0,5.0,3.0,3.0,52.0,12.0,3.0,29.0,10.0,128.0,179
411270,2016,8.0,1.0,0.0,1.0,1.0,46.0,9.0,5.0,29.0,8.0,113.0,174
411270,2017,7.0,0.0,3.0,4.0,0.0,51.0,12.0,6.0,23.0,13.0,124.0,197
411270,2018,8.0,3.0,0.0,0.0,1.0,50.0,12.0,4.0,24.0,7.0,116.0,173
411270,2019,7.0,0.0,0.0,6.0,0.0,48.0,8.0,5.0,24.0,13.0,114.0,152
411275,2012,6.0,0.0,0.0,2.0,1.0,22.0,7.0,0.0,31.0,11.0,80.0,96
411275,2013,0.0,0.0,0.0,0.0,0.0,0.0,0.0,0.0,0.0,0.0,88.0,103
411275,2014,8.0,0.0,2.0,5.0,0.0,37.0,9.0,7.0,22.0,10.0,100.0,109
411275,2015,7.0,0.0,2.0,2.0,2.0,25.0,4.0,9.0,27.0,15.0,93.0,101
411275,2016,5.0,1.0,0.0,1.0,2.0,40.0,3.0,6.0,20.0,13.0,91.0,101
411275,2017,9.0,1.0,0.0,0.0,3.0,40.0,5.0,8.0,14.0,13.0,95.0,101
411275,2018,8.0,0.0,0.0,1.0,1.0,43.0,5.0,5.0,17.0,6.0,86.0,97
411275,2019,7.0,0.0,0.0,3.0,1.0,33.0,4.0,2.0,22.0,14.0,86.0,98
411280,2012,12.0,0.0,0.0,5.0,2.0,12.0,7.0,4.0,26.0,17.0,86.0,129
411280,2013,0.0,0.0,0.0,0.0,0.0,0.0,0.0,0.0,0.0,0.0,99.0,148
411280,2014,6.0,1.0,1.0,4.0,0.0,25.0,6.0,7.0,19.0,23.0,114.0,184
411280,2015,3.0,0.0,8.0,3.0,3.0,19.0,6.0,3.0,7.0,10.0,124.0,189
411280,2016,7.0,0.0,4.0,0.0,0.0,18.0,6.0,4.0,9.0,16.0,81.0,157
411280,2017,8.0,0.0,0.0,3.0,2.0,35.0,4.0,4.0,6.0,16.0,81.0,163
411280,2018,5.0,0.0,2.0,2.0,0.0,25.0,3.0,4.0,8.0,20.0,72.0,147
411280,2019,7.0,0.0,4.0,5.0,3.0,31.0,4.0,5.0,7.0,13.0,80.0,168
411290,2012,2.0,0.0,2.0,1.0,0.0,5.0,2.0,0.0,2.0,2.0,16.0,36
411290,2013,0.0,0.0,0.0,0.0,0.0,0.0,0.0,0.0,0.0,0.0,14.0,25
411290,2014,3.0,0.0,0.0,0.0,1.0,3.0,1.0,5.0,1.0,7.0,21.0,41
411290,2015,1.0,0.0,2.0,1.0,0.0,8.0,0.0,3.0,2.0,3.0,20.0,41
411290,2016,1.0,1.0,2.0,1.0,1.0,3.0,0.0,2.0,2.0,5.0,18.0,42
411290,2017,1.0,0.0,0.0,0.0,0.0,3.0,0.0,0.0,1.0,6.0,14.0,31
411290,2018,2.0,0.0,2.0,0.0,1.0,4.0,1.0,6.0,0.0,4.0,22.0,51
411290,2019,0.0,0.0,2.0,0.0,1.0,11.0,1.0,2.0,0.0,1.0,18.0,39
411295,2012,7.0,0.0,4.0,2.0,0.0,27.0,0.0,1.0,19.0,12.0,72.0,94
411295,2013,0.0,0.0,0.0,0.0,0.0,0.0,0.0,0.0,0.0,0.0,86.0,106
411295,2014,7.0,0.0,0.0,2.0,2.0,26.0,3.0,2.0,19.0,7.0,69.0,91
411295,2015,4.0,0.0,0.0,0.0,1.0,20.0,2.0,4.0,14.0,8.0,54.0,74
411295,2016,1.0,0.0,4.0,7.0,2.0,30.0,8.0,1.0,15.0,11.0,79.0,100
411295,2017,2.0,0.0,2.0,6.0,2.0,24.0,2.0,3.0,12.0,7.0,60.0,96
411295,2018,3.0,0.0,7.0,7.0,3.0,24.0,8.0,3.0,16.0,8.0,79.0,103
411295,2019,7.0,3.0,3.0,4.0,0.0,36.0,4.0,6.0,15.0,2.0,80.0,103
411300,2012,6.0,0.0,2.0,2.0,3.0,12.0,6.0,3.0,5.0,10.0,51.0,91
411300,2013,0.0,0.0,0.0,0.0,0.0,0.0,0.0,0.0,0.0,0.0,56.0,90
411300,2014,3.0,1.0,2.0,4.0,1.0,23.0,2.0,2.0,15.0,10.0,63.0,92
411300,2015,5.0,1.0,2.0,0.0,2.0,25.0,2.0,1.0,10.0,9.0,57.0,91
411300,2016,2.0,0.0,2.0,0.0,3.0,20.0,4.0,2.0,8.0,5.0,46.0,86
411300,2017,2.0,0.0,2.0,0.0,1.0,27.0,3.0,1.0,17.0,7.0,60.0,90
411300,2018,3.0,0.0,2.0,0.0,1.0,21.0,7.0,1.0,14.0,3.0,52.0,88
411300,2019,1.0,0.0,2.0,1.0,1.0,25.0,4.0,2.0,9.0,5.0,50.0,85
411310,2012,4.0,1.0,1.0,1.0,0.0,19.0,0.0,1.0,1.0,16.0,44.0,45
411310,2013,0.0,0.0,0.0,0.0,0.0,0.0,0.0,0.0,0.0,0.0,53.0,54
411310,2014,8.0,1.0,1.0,1.0,1.0,14.0,0.0,3.0,4.0,12.0,46.0,49
411310,2015,5.0,0.0,0.0,0.0,2.0,23.0,2.0,0.0,3.0,21.0,56.0,57
411310,2016,5.0,0.0,2.0,1.0,0.0,14.0,1.0,5.0,1.0,14.0,43.0,47
411310,2017,3.0,0.0,0.0,1.0,0.0,25.0,0.0,4.0,4.0,11.0,48.0,49
411310,2018,3.0,0.0,4.0,1.0,0.0,15.0,0.0,4.0,6.0,15.0,48.0,51
411310,2019,7.0,2.0,2.0,1.0,1.0,22.0,2.0,3.0,2.0,8.0,50.0,50
411320,2012,49.0,4.0,9.0,11.0,9.0,81.0,23.0,5.0,109.0,18.0,336.0,705
411320,2013,0.0,0.0,0.0,0.0,0.0,0.0,0.0,0.0,0.0,0.0,303.0,625
411320,2014,27.0,2.0,13.0,15.0,14.0,127.0,27.0,10.0,80.0,21.0,346.0,637
411320,2015,24.0,2.0,11.0,12.0,17.0,97.0,27.0,5.0,73.0,14.0,288.0,637
411320,2016,17.0,1.0,12.0,14.0,7.0,97.0,27.0,10.0,62.0,27.0,300.0,593
411320,2017,20.0,1.0,7.0,14.0,8.0,85.0,16.0,9.0,61.0,23.0,280.0,565
411320,2018,25.0,1.0,9.0,6.0,6.0,94.0,28.0,15.0,65.0,32.0,307.0,604
411320,2019,25.0,0.0,10.0,14.0,10.0,97.0,18.0,11.0,70.0,27.0,317.0,579
411325,2012,6.0,0.0,0.0,1.0,0.0,10.0,7.0,1.0,22.0,2.0,49.0,98
411325,2013,0.0,0.0,0.0,0.0,0.0,0.0,0.0,0.0,0.0,0.0,59.0,103
411325,2014,4.0,0.0,4.0,2.0,0.0,8.0,12.0,1.0,22.0,1.0,54.0,87
411325,2015,5.0,0.0,0.0,1.0,1.0,12.0,12.0,3.0,11.0,9.0,55.0,92
411325,2016,1.0,0.0,0.0,0.0,0.0,14.0,3.0,6.0,5.0,9.0,38.0,80
411325,2017,5.0,0.0,2.0,2.0,1.0,22.0,5.0,2.0,6.0,6.0,51.0,95
411325,2018,3.0,0.0,0.0,0.0,0.0,19.0,3.0,1.0,7.0,5.0,38.0,71
411325,2019,0.0,0.0,2.0,3.0,0.0,14.0,4.0,4.0,7.0,7.0,42.0,85
411330,2012,16.0,2.0,7.0,11.0,7.0,75.0,11.0,11.0,72.0,50.0,262.0,490
411330,2013,0.0,0.0,0.0,0.0,0.0,0.0,0.0,0.0,0.0,0.0,301.0,490
411330,2014,9.0,0.0,11.0,8.0,7.0,98.0,22.0,14.0,54.0,59.0,283.0,535
411330,2015,13.0,0.0,7.0,4.0,8.0,116.0,16.0,15.0,72.0,45.0,298.0,568
411330,2016,7.0,0.0,2.0,9.0,5.0,88.0,6.0,11.0,54.0,50.0,233.0,467
411330,2017,18.0,2.0,9.0,3.0,6.0,105.0,27.0,14.0,48.0,46.0,278.0,480
411330,2018,20.0,0.0,5.0,11.0,5.0,120.0,24.0,27.0,44.0,59.0,315.0,535
411330,2019,15.0,0.0,4.0,5.0,5.0,118.0,7.0,27.0,40.0,92.0,314.0,512
411340,2012,0.0,2.0,0.0,2.0,2.0,4.0,0.0,2.0,2.0,2.0,16.0,24
411340,2013,0.0,0.0,0.0,0.0,0.0,0.0,0.0,0.0,0.0,0.0,29.0,40
411340,2014,3.0,0.0,0.0,1.0,1.0,18.0,3.0,1.0,10.0,2.0,40.0,52
411340,2015,4.0,1.0,0.0,2.0,0.0,11.0,5.0,1.0,12.0,2.0,38.0,51
411340,2016,5.0,1.0,0.0,0.0,3.0,13.0,3.0,0.0,8.0,0.0,33.0,37
411340,2017,8.0,0.0,0.0,1.0,0.0,10.0,6.0,0.0,12.0,1.0,38.0,48
411340,2018,2.0,0.0,0.0,1.0,0.0,9.0,3.0,0.0,12.0,0.0,28.0,34
411340,2019,1.0,1.0,2.0,1.0,0.0,13.0,8.0,0.0,12.0,2.0,40.0,46
411342,2012,2.0,0.0,4.0,0.0,0.0,8.0,2.0,0.0,15.0,0.0,31.0,39
411342,2013,0.0,0.0,0.0,0.0,0.0,0.0,0.0,0.0,0.0,0.0,32.0,46
411342,2014,1.0,0.0,2.0,1.0,0.0,11.0,8.0,0.0,13.0,0.0,36.0,46
411342,2015,4.0,5.0,0.0,0.0,1.0,6.0,3.0,0.0,6.0,1.0,26.0,43
411342,2016,7.0,0.0,0.0,1.0,0.0,14.0,7.0,1.0,16.0,1.0,47.0,53
411342,2017,2.0,0.0,0.0,0.0,0.0,11.0,5.0,1.0,23.0,0.0,42.0,52
411342,2018,4.0,1.0,0.0,0.0,0.0,19.0,6.0,1.0,11.0,5.0,48.0,53
411342,2019,7.0,0.0,0.0,1.0,0.0,22.0,3.0,2.0,9.0,5.0,49.0,51
411345,2012,2.0,0.0,1.0,0.0,0.0,13.0,2.0,1.0,10.0,2.0,36.0,63
411345,2013,0.0,0.0,0.0,0.0,0.0,0.0,0.0,0.0,0.0,0.0,29.0,77
411345,2014,7.0,0.0,2.0,2.0,1.0,11.0,3.0,1.0,10.0,2.0,39.0,73
411345,2015,0.0,0.0,0.0,2.0,1.0,11.0,1.0,5.0,10.0,4.0,34.0,67
411345,2016,2.0,0.0,2.0,3.0,1.0,16.0,6.0,3.0,10.0,6.0,49.0,78
411345,2017,1.0,0.0,2.0,0.0,2.0,14.0,3.0,1.0,8.0,3.0,34.0,71
411345,2018,4.0,1.0,0.0,3.0,1.0,18.0,3.0,2.0,7.0,2.0,41.0,75
411345,2019,2.0,0.0,0.0,5.0,3.0,17.0,2.0,2.0,11.0,5.0,47.0,87
411350,2012,15.0,4.0,10.0,5.0,6.0,76.0,7.0,13.0,16.0,71.0,268.0,351
411350,2013,0.0,0.0,0.0,0.0,0.0,0.0,0.0,0.0,0.0,0.0,236.0,296
411350,2014,22.0,12.0,6.0,6.0,8.0,79.0,14.0,20.0,34.0,46.0,266.0,329
411350,2015,12.0,20.0,6.0,9.0,1.0,68.0,5.0,17.0,23.0,54.0,277.0,335
411350,2016,16.0,5.0,0.0,4.0,4.0,78.0,5.0,10.0,23.0,50.0,219.0,266
411350,2017,10.0,2.0,9.0,4.0,7.0,100.0,11.0,19.0,23.0,71.0,260.0,325
411350,2018,23.0,0.0,0.0,6.0,2.0,106.0,9.0,24.0,11.0,68.0,294.0,355
411350,2019,17.0,0.0,0.0,8.0,4.0,121.0,5.0,21.0,13.0,80.0,286.0,318
411360,2012,7.0,0.0,2.0,0.0,1.0,12.0,5.0,3.0,12.0,7.0,49.0,58
411360,2013,0.0,0.0,0.0,0.0,0.0,0.0,0.0,0.0,0.0,0.0,45.0,54
411360,2014,5.0,1.0,0.0,0.0,1.0,19.0,2.0,1.0,11.0,6.0,46.0,57
411360,2015,2.0,0.0,0.0,2.0,1.0,28.0,2.0,0.0,14.0,1.0,50.0,65
411360,2016,7.0,0.0,0.0,0.0,2.0,13.0,0.0,0.0,9.0,2.0,33.0,52
411360,2017,1.0,0.0,2.0,2.0,0.0,17.0,2.0,1.0,10.0,4.0,40.0,59
411360,2018,3.0,0.0,2.0,0.0,1.0,16.0,3.0,2.0,10.0,6.0,43.0,55
411360,2019,2.0,0.0,2.0,0.0,0.0,16.0,1.0,1.0,8.0,5.0,35.0,48
411370,2012,446.0,19.0,150.0,97.0,114.0,1327.0,283.0,80.0,1286.0,490.0,4406.0,7154
411370,2013,0.0,0.0,0.0,0.0,0.0,0.0,0.0,0.0,0.0,0.0,4548.0,7195
411370,2014,407.0,49.0,127.0,101.0,89.0,1559.0,434.0,172.0,1229.0,484.0,4685.0,7258
411370,2015,355.0,51.0,161.0,133.0,153.0,1566.0,392.0,154.0,1180.0,496.0,4674.0,7365
411370,2016,356.0,63.0,145.0,139.0,113.0,1557.0,386.0,158.0,1140.0,418.0,4515.0,7012
411370,2017,389.0,42.0,147.0,112.0,109.0,1647.0,415.0,141.0,1207.0,459.0,4698.0,7116
411370,2018,398.0,59.0,164.0,110.0,114.0,1677.0,422.0,146.0,1164.0,407.0,4679.0,7002
411370,2019,369.0,53.0,170.0,215.0,145.0,1568.0,373.0,151.0,986.0,382.0,4452.0,6907
411373,2012,2.0,6.0,2.0,7.0,1.0,20.0,11.0,2.0,18.0,9.0,82.0,133
411373,2013,0.0,0.0,0.0,0.0,0.0,0.0,0.0,0.0,0.0,0.0,78.0,105
411373,2014,1.0,1.0,2.0,20.0,6.0,11.0,1.0,0.0,12.0,5.0,59.0,94
411373,2015,2.0,0.0,2.0,16.0,8.0,15.0,4.0,3.0,12.0,1.0,63.0,110
411373,2016,2.0,1.0,0.0,22.0,8.0,12.0,5.0,2.0,11.0,1.0,64.0,105
411373,2017,1.0,0.0,2.0,22.0,10.0,12.0,3.0,0.0,8.0,2.0,60.0,84
411373,2018,1.0,0.0,1.0,24.0,8.0,20.0,7.0,0.0,16.0,1.0,78.0,95
411373,2019,4.0,1.0,0.0,9.0,5.0,25.0,13.0,0.0,16.0,0.0,74.0,94
411375,2012,11.0,0.0,0.0,0.0,0.0,16.0,3.0,0.0,19.0,6.0,58.0,73
411375,2013,0.0,0.0,0.0,0.0,0.0,0.0,0.0,0.0,0.0,0.0,38.0,46
411375,2014,10.0,2.0,0.0,0.0,0.0,16.0,5.0,0.0,18.0,2.0,53.0,59
411375,2015,6.0,3.0,0.0,0.0,0.0,19.0,6.0,0.0,18.0,0.0,52.0,61
411375,2016,3.0,0.0,0.0,0.0,0.0,20.0,8.0,0.0,12.0,1.0,45.0,52
411375,2017,2.0,2.0,0.0,0.0,1.0,24.0,5.0,2.0,9.0,2.0,49.0,56
411375,2018,3.0,0.0,0.0,1.0,0.0,29.0,11.0,0.0,17.0,0.0,63.0,67
411375,2019,6.0,2.0,0.0,0.0,0.0,16.0,5.0,1.0,18.0,0.0,49.0,54
411380,2012,2.0,0.0,0.0,0.0,2.0,10.0,2.0,4.0,8.0,6.0,34.0,50
411380,2013,0.0,0.0,0.0,0.0,0.0,0.0,0.0,0.0,0.0,0.0,37.0,57
411380,2014,4.0,0.0,2.0,2.0,0.0,8.0,1.0,3.0,6.0,4.0,31.0,52
411380,2015,4.0,1.0,4.0,3.0,2.0,9.0,0.0,1.0,5.0,4.0,37.0,56
411380,2016,2.0,0.0,0.0,7.0,0.0,8.0,2.0,0.0,5.0,2.0,26.0,52
411380,2017,1.0,0.0,0.0,0.0,1.0,6.0,1.0,1.0,9.0,3.0,22.0,41
411380,2018,1.0,0.0,2.0,1.0,1.0,12.0,3.0,3.0,6.0,3.0,32.0,48
411380,2019,1.0,0.0,2.0,1.0,2.0,6.0,1.0,0.0,5.0,3.0,21.0,43
411390,2012,8.0,6.0,3.0,9.0,9.0,26.0,4.0,3.0,14.0,12.0,108.0,175
411390,2013,0.0,0.0,0.0,0.0,0.0,0.0,0.0,0.0,0.0,0.0,98.0,138
411390,2014,5.0,5.0,0.0,4.0,4.0,24.0,10.0,8.0,23.0,14.0,100.0,163
411390,2015,9.0,3.0,6.0,2.0,2.0,29.0,8.0,4.0,28.0,8.0,103.0,164
411390,2016,6.0,0.0,0.0,1.0,2.0,31.0,7.0,3.0,27.0,10.0,89.0,156
411390,2017,6.0,2.0,2.0,3.0,3.0,37.0,5.0,4.0,27.0,12.0,102.0,169
411390,2018,5.0,3.0,2.0,3.0,2.0,41.0,8.0,6.0,30.0,21.0,121.0,177
411390,2019,6.0,0.0,0.0,0.0,3.0,44.0,7.0,1.0,21.0,9.0,91.0,162
411400,2012,7.0,10.0,1.0,5.0,3.0,29.0,7.0,5.0,26.0,13.0,112.0,175
411400,2013,0.0,0.0,0.0,0.0,0.0,0.0,0.0,0.0,0.0,0.0,108.0,166
411400,2014,6.0,2.0,2.0,8.0,9.0,33.0,13.0,5.0,39.0,10.0,127.0,187
411400,2015,6.0,2.0,4.0,14.0,6.0,27.0,11.0,3.0,29.0,8.0,110.0,181
411400,2016,8.0,0.0,3.0,12.0,8.0,37.0,8.0,6.0,20.0,14.0,116.0,163
411400,2017,6.0,0.0,4.0,15.0,13.0,45.0,12.0,3.0,26.0,12.0,136.0,202
411400,2018,12.0,0.0,5.0,14.0,9.0,45.0,4.0,4.0,13.0,9.0,117.0,169
411400,2019,7.0,1.0,2.0,11.0,13.0,25.0,10.0,3.0,19.0,12.0,105.0,150
411410,2012,15.0,0.0,7.0,2.0,3.0,57.0,19.0,7.0,33.0,11.0,166.0,239
411410,2013,0.0,0.0,0.0,0.0,0.0,0.0,0.0,0.0,0.0,0.0,204.0,283
411410,2014,11.0,0.0,6.0,2.0,3.0,77.0,24.0,11.0,49.0,28.0,212.0,295
411410,2015,18.0,0.0,8.0,6.0,5.0,81.0,11.0,8.0,37.0,23.0,198.0,305
411410,2016,23.0,0.0,2.0,7.0,5.0,93.0,21.0,8.0,70.0,18.0,248.0,361
411410,2017,20.0,0.0,4.0,5.0,7.0,80.0,21.0,7.0,65.0,29.0,241.0,354
411410,2018,24.0,0.0,7.0,7.0,6.0,118.0,18.0,9.0,65.0,16.0,272.0,373
411410,2019,26.0,0.0,12.0,13.0,10.0,99.0,32.0,8.0,75.0,29.0,309.0,433
411420,2012,45.0,1.0,9.0,6.0,5.0,94.0,13.0,7.0,73.0,24.0,316.0,399
411420,2013,0.0,0.0,0.0,0.0,0.0,0.0,0.0,0.0,0.0,0.0,343.0,434
411420,2014,34.0,1.0,5.0,10.0,14.0,126.0,25.0,16.0,78.0,42.0,367.0,455
411420,2015,26.0,4.0,10.0,9.0,6.0,149.0,22.0,18.0,97.0,54.0,399.0,504
411420,2016,31.0,1.0,13.0,13.0,5.0,136.0,31.0,13.0,83.0,40.0,368.0,468
411420,2017,41.0,1.0,15.0,8.0,9.0,158.0,29.0,10.0,82.0,41.0,402.0,508
411420,2018,35.0,0.0,11.0,8.0,8.0,164.0,28.0,9.0,77.0,48.0,389.0,496
411420,2019,30.0,0.0,13.0,5.0,5.0,174.0,39.0,8.0,92.0,32.0,402.0,521
411430,2012,30.0,0.0,13.0,9.0,2.0,59.0,15.0,9.0,49.0,18.0,221.0,381
411430,2013,0.0,0.0,0.0,0.0,0.0,0.0,0.0,0.0,0.0,0.0,236.0,368
411430,2014,17.0,2.0,7.0,7.0,6.0,65.0,20.0,9.0,38.0,23.0,227.0,405
411430,2015,5.0,0.0,7.0,4.0,7.0,68.0,9.0,7.0,38.0,14.0,162.0,359
411430,2016,5.0,0.0,2.0,2.0,3.0,57.0,16.0,7.0,22.0,12.0,127.0,327
411430,2017,16.0,1.0,14.0,6.0,6.0,74.0,16.0,7.0,33.0,15.0,195.0,401
411430,2018,11.0,0.0,5.0,6.0,1.0,62.0,14.0,4.0,35.0,11.0,151.0,343
411430,2019,16.0,0.0,2.0,3.0,5.0,78.0,9.0,6.0,44.0,11.0,174.0,370
411435,2012,3.0,2.0,0.0,1.0,1.0,1.0,0.0,0.0,4.0,4.0,16.0,28
411435,2013,0.0,0.0,0.0,0.0,0.0,0.0,0.0,0.0,0.0,0.0,16.0,27
411435,2014,1.0,1.0,0.0,0.0,0.0,6.0,1.0,0.0,9.0,3.0,21.0,38
411435,2015,2.0,1.0,0.0,3.0,1.0,2.0,1.0,3.0,5.0,2.0,20.0,38
411435,2016,0.0,0.0,0.0,0.0,0.0,13.0,2.0,1.0,3.0,2.0,21.0,42
411435,2017,1.0,1.0,2.0,0.0,1.0,9.0,1.0,2.0,4.0,2.0,23.0,36
411435,2018,0.0,0.0,0.0,0.0,1.0,7.0,4.0,0.0,0.0,1.0,13.0,20
411435,2019,2.0,0.0,0.0,0.0,1.0,8.0,1.0,1.0,3.0,1.0,17.0,29
411440,2012,6.0,1.0,6.0,2.0,5.0,48.0,3.0,4.0,34.0,38.0,147.0,238
411440,2013,0.0,0.0,0.0,0.0,0.0,0.0,0.0,0.0,0.0,0.0,160.0,249
411440,2014,13.0,0.0,4.0,4.0,4.0,58.0,2.0,8.0,34.0,51.0,179.0,270
411440,2015,15.0,1.0,4.0,0.0,5.0,60.0,2.0,25.0,29.0,58.0,199.0,311
411440,2016,13.0,0.0,4.0,5.0,3.0,77.0,6.0,9.0,24.0,36.0,178.0,253
411440,2017,7.0,0.0,2.0,2.0,2.0,76.0,5.0,13.0,21.0,46.0,175.0,248
411440,2018,10.0,0.0,5.0,3.0,6.0,68.0,7.0,9.0,17.0,39.0,164.0,252
411440,2019,9.0,0.0,2.0,4.0,3.0,77.0,11.0,16.0,31.0,35.0,188.0,276
411450,2012,14.0,0.0,4.0,4.0,1.0,38.0,7.0,0.0,32.0,3.0,129.0,209
411450,2013,0.0,0.0,0.0,0.0,0.0,0.0,0.0,0.0,0.0,0.0,148.0,205
411450,2014,15.0,0.0,9.0,0.0,1.0,42.0,10.0,9.0,40.0,25.0,155.0,192
411450,2015,10.0,5.0,8.0,0.0,1.0,59.0,5.0,14.0,32.0,23.0,169.0,230
411450,2016,9.0,2.0,2.0,6.0,4.0,68.0,17.0,5.0,56.0,17.0,187.0,223
411450,2017,5.0,4.0,3.0,1.0,1.0,76.0,13.0,5.0,40.0,15.0,163.0,194
411450,2018,8.0,4.0,1.0,5.0,2.0,64.0,15.0,8.0,32.0,22.0,162.0,177
411450,2019,21.0,3.0,1.0,1.0,0.0,60.0,7.0,11.0,21.0,33.0,159.0,186
411460,2012,36.0,10.0,13.0,16.0,13.0,109.0,28.0,10.0,120.0,60.0,421.0,565
411460,2013,0.0,0.0,0.0,0.0,0.0,0.0,0.0,0.0,0.0,0.0,490.0,640
411460,2014,40.0,6.0,8.0,8.0,13.0,156.0,37.0,23.0,118.0,62.0,471.0,654
411460,2015,35.0,4.0,11.0,9.0,6.0,160.0,50.0,16.0,145.0,35.0,472.0,660
411460,2016,42.0,2.0,10.0,9.0,13.0,165.0,45.0,21.0,130.0,47.0,485.0,683
411460,2017,38.0,0.0,14.0,15.0,11.0,194.0,54.0,26.0,131.0,84.0,571.0,758
411460,2018,56.0,0.0,29.0,16.0,10.0,208.0,54.0,13.0,111.0,53.0,556.0,761
411460,2019,45.0,4.0,8.0,19.0,16.0,243.0,40.0,16.0,103.0,55.0,549.0,753
411470,2012,1.0,0.0,2.0,0.0,0.0,12.0,4.0,4.0,14.0,1.0,38.0,53
411470,2013,0.0,0.0,0.0,0.0,0.0,0.0,0.0,0.0,0.0,0.0,44.0,65
411470,2014,7.0,0.0,0.0,1.0,2.0,17.0,8.0,1.0,16.0,4.0,56.0,86
411470,2015,4.0,0.0,0.0,0.0,0.0,20.0,6.0,2.0,14.0,4.0,50.0,74
411470,2016,2.0,0.0,0.0,0.0,1.0,11.0,7.0,3.0,12.0,1.0,37.0,51
411470,2017,3.0,0.0,2.0,1.0,1.0,21.0,6.0,1.0,21.0,3.0,59.0,76
411470,2018,2.0,0.0,0.0,2.0,1.0,19.0,2.0,2.0,11.0,4.0,43.0,70
411470,2019,0.0,0.0,0.0,2.0,2.0,25.0,4.0,1.0,9.0,4.0,48.0,73
411480,2012,33.0,0.0,12.0,11.0,9.0,108.0,28.0,13.0,86.0,52.0,353.0,447
411480,2013,0.0,0.0,0.0,0.0,0.0,0.0,0.0,0.0,0.0,0.0,366.0,474
411480,2014,29.0,0.0,4.0,7.0,6.0,131.0,26.0,21.0,78.0,46.0,348.0,454
411480,2015,30.0,0.0,16.0,7.0,3.0,144.0,20.0,15.0,82.0,40.0,358.0,498
411480,2016,25.0,1.0,17.0,7.0,9.0,166.0,22.0,14.0,91.0,59.0,415.0,543
411480,2017,35.0,0.0,19.0,9.0,8.0,155.0,24.0,12.0,67.0,50.0,381.0,493
411480,2018,37.0,0.0,11.0,4.0,8.0,149.0,33.0,10.0,79.0,32.0,365.0,487
411480,2019,44.0,1.0,16.0,18.0,8.0,171.0,34.0,12.0,97.0,36.0,438.0,555
411490,2012,9.0,0.0,4.0,3.0,3.0,20.0,7.0,1.0,25.0,7.0,79.0,106
411490,2013,0.0,0.0,0.0,0.0,0.0,0.0,0.0,0.0,0.0,0.0,95.0,119
411490,2014,12.0,0.0,6.0,2.0,0.0,28.0,17.0,0.0,30.0,0.0,95.0,128
411490,2015,11.0,0.0,2.0,0.0,0.0,48.0,13.0,0.0,27.0,1.0,102.0,137
411490,2016,8.0,0.0,2.0,1.0,2.0,39.0,11.0,0.0,30.0,0.0,93.0,124
411490,2017,9.0,0.0,4.0,0.0,0.0,33.0,10.0,0.0,20.0,0.0,76.0,115
411490,2018,13.0,0.0,2.0,0.0,0.0,43.0,5.0,0.0,20.0,1.0,84.0,119
411490,2019,14.0,0.0,4.0,2.0,0.0,44.0,15.0,0.0,32.0,1.0,112.0,150
411500,2012,20.0,0.0,0.0,2.0,0.0,19.0,3.0,14.0,2.0,32.0,95.0,109
411500,2013,0.0,0.0,0.0,0.0,0.0,0.0,0.0,0.0,0.0,0.0,95.0,101
411500,2014,2.0,0.0,2.0,0.0,1.0,42.0,0.0,15.0,2.0,40.0,107.0,125
411500,2015,9.0,0.0,1.0,1.0,0.0,39.0,1.0,10.0,3.0,22.0,89.0,99
411500,2016,9.0,0.0,2.0,0.0,0.0,32.0,6.0,9.0,2.0,18.0,80.0,92
411500,2017,6.0,0.0,0.0,0.0,0.0,32.0,3.0,6.0,8.0,13.0,68.0,85
411500,2018,6.0,0.0,4.0,1.0,1.0,40.0,2.0,6.0,4.0,13.0,78.0,85
411500,2019,6.0,1.0,2.0,1.0,2.0,62.0,5.0,6.0,8.0,17.0,110.0,114
411510,2012,8.0,0.0,4.0,2.0,1.0,28.0,9.0,5.0,23.0,10.0,90.0,150
411510,2013,0.0,0.0,0.0,0.0,0.0,0.0,0.0,0.0,0.0,0.0,91.0,143
411510,2014,7.0,0.0,2.0,2.0,2.0,28.0,9.0,6.0,26.0,7.0,89.0,159
411510,2015,3.0,0.0,1.0,3.0,2.0,39.0,13.0,4.0,32.0,10.0,107.0,183
411510,2016,11.0,0.0,2.0,0.0,1.0,27.0,9.0,4.0,21.0,5.0,80.0,134
411510,2017,6.0,0.0,4.0,3.0,1.0,35.0,15.0,2.0,28.0,6.0,101.0,147
411510,2018,3.0,0.0,6.0,4.0,1.0,35.0,8.0,4.0,19.0,8.0,88.0,149
411510,2019,15.0,0.0,4.0,4.0,1.0,39.0,9.0,2.0,22.0,9.0,105.0,148
411520,2012,368.0,3.0,107.0,53.0,110.0,1318.0,167.0,63.0,1151.0,396.0,3757.0,4782
411520,2013,0.0,0.0,0.0,0.0,0.0,0.0,0.0,0.0,0.0,0.0,3916.0,4925
411520,2014,376.0,5.0,121.0,101.0,98.0,1389.0,232.0,148.0,932.0,509.0,3916.0,4922
411520,2015,344.0,7.0,138.0,76.0,75.0,1503.0,258.0,95.0,986.0,368.0,3868.0,5087
411520,2016,309.0,6.0,149.0,95.0,90.0,1420.0,289.0,65.0,1027.0,273.0,3758.0,4794
411520,2017,348.0,6.0,156.0,105.0,96.0,1523.0,291.0,107.0,1001.0,322.0,3982.0,5157
411520,2018,364.0,5.0,114.0,119.0,108.0,1509.0,284.0,73.0,935.0,308.0,3855.0,4985
411520,2019,320.0,6.0,191.0,102.0,95.0,1581.0,277.0,97.0,925.0,271.0,3906.0,5120
411530,2012,3.0,2.0,2.0,1.0,2.0,9.0,3.0,0.0,6.0,4.0,32.0,57
411530,2013,0.0,0.0,0.0,0.0,0.0,0.0,0.0,0.0,0.0,0.0,55.0,80
411530,2014,8.0,1.0,0.0,3.0,1.0,17.0,4.0,3.0,20.0,5.0,64.0,90
411530,2015,4.0,0.0,4.0,2.0,1.0,27.0,2.0,1.0,13.0,3.0,57.0,90
411530,2016,5.0,0.0,0.0,0.0,3.0,12.0,2.0,0.0,13.0,1.0,36.0,77
411530,2017,1.0,0.0,2.0,2.0,1.0,22.0,2.0,0.0,21.0,3.0,54.0,89
411530,2018,2.0,0.0,0.0,2.0,2.0,18.0,5.0,0.0,16.0,2.0,47.0,89
411530,2019,3.0,0.0,2.0,0.0,3.0,35.0,4.0,0.0,8.0,3.0,59.0,88
411535,2012,3.0,1.0,0.0,1.0,3.0,13.0,3.0,2.0,14.0,7.0,49.0,59
411535,2013,0.0,0.0,0.0,0.0,0.0,0.0,0.0,0.0,0.0,0.0,53.0,66
411535,2014,7.0,1.0,0.0,3.0,3.0,12.0,9.0,1.0,10.0,4.0,50.0,61
411535,2015,3.0,2.0,3.0,2.0,1.0,16.0,3.0,2.0,12.0,5.0,51.0,70
411535,2016,6.0,2.0,0.0,0.0,2.0,24.0,4.0,1.0,12.0,7.0,58.0,90
411535,2017,4.0,1.0,0.0,2.0,1.0,18.0,7.0,3.0,13.0,8.0,57.0,82
411535,2018,5.0,5.0,0.0,1.0,3.0,23.0,5.0,0.0,12.0,2.0,56.0,83
411535,2019,1.0,0.0,0.0,0.0,4.0,29.0,4.0,1.0,12.0,4.0,55.0,91
411540,2012,11.0,1.0,4.0,7.0,10.0,23.0,14.0,3.0,14.0,7.0,95.0,159
411540,2013,0.0,0.0,0.0,0.0,0.0,0.0,0.0,0.0,0.0,0.0,120.0,165
411540,2014,9.0,0.0,6.0,7.0,0.0,31.0,11.0,11.0,24.0,26.0,125.0,175
411540,2015,4.0,0.0,4.0,5.0,4.0,45.0,18.0,13.0,27.0,18.0,139.0,212
411540,2016,12.0,1.0,0.0,5.0,5.0,42.0,15.0,6.0,27.0,24.0,137.0,196
411540,2017,9.0,0.0,2.0,5.0,1.0,49.0,15.0,17.0,24.0,30.0,153.0,211
411540,2018,11.0,0.0,4.0,7.0,2.0,54.0,8.0,12.0,29.0,17.0,145.0,194
411540,2019,12.0,2.0,7.0,3.0,3.0,44.0,7.0,6.0,27.0,15.0,128.0,191
411545,2012,1.0,0.0,0.0,1.0,4.0,10.0,3.0,4.0,11.0,9.0,43.0,69
411545,2013,0.0,0.0,0.0,0.0,0.0,0.0,0.0,0.0,0.0,0.0,29.0,76
411545,2014,0.0,0.0,2.0,1.0,0.0,10.0,4.0,0.0,7.0,9.0,33.0,72
411545,2015,0.0,1.0,0.0,1.0,0.0,11.0,0.0,2.0,4.0,2.0,21.0,57
411545,2016,0.0,0.0,0.0,1.0,1.0,9.0,2.0,1.0,2.0,3.0,19.0,49
411545,2017,3.0,0.0,3.0,1.0,1.0,8.0,1.0,2.0,3.0,10.0,33.0,72
411545,2018,1.0,0.0,0.0,0.0,1.0,15.0,2.0,3.0,3.0,11.0,36.0,65
411545,2019,0.0,0.0,0.0,0.0,3.0,10.0,1.0,7.0,7.0,11.0,39.0,68
411550,2012,6.0,0.0,0.0,1.0,5.0,9.0,2.0,1.0,11.0,6.0,41.0,57
411550,2013,0.0,0.0,0.0,0.0,0.0,0.0,0.0,0.0,0.0,0.0,42.0,56
411550,2014,8.0,0.0,2.0,0.0,0.0,20.0,4.0,1.0,9.0,3.0,47.0,66
411550,2015,9.0,0.0,0.0,0.0,1.0,16.0,2.0,5.0,5.0,7.0,47.0,60
411550,2016,7.0,0.0,0.0,1.0,2.0,15.0,4.0,0.0,10.0,2.0,41.0,54
411550,2017,2.0,0.0,0.0,1.0,0.0,18.0,2.0,1.0,11.0,2.0,37.0,59
411550,2018,3.0,0.0,2.0,0.0,2.0,10.0,3.0,1.0,11.0,1.0,33.0,51
411550,2019,5.0,0.0,2.0,1.0,1.0,15.0,4.0,1.0,7.0,2.0,38.0,56
411560,2012,14.0,0.0,2.0,4.0,2.0,42.0,21.0,2.0,37.0,22.0,193.0,251
411560,2013,0.0,0.0,0.0,0.0,0.0,0.0,0.0,0.0,0.0,0.0,179.0,244
411560,2014,9.0,1.0,6.0,2.0,2.0,40.0,12.0,5.0,17.0,14.0,161.0,252
411560,2015,9.0,0.0,2.0,3.0,2.0,48.0,4.0,4.0,16.0,11.0,167.0,254
411560,2016,5.0,2.0,5.0,2.0,2.0,31.0,11.0,4.0,13.0,13.0,159.0,249
411560,2017,11.0,2.0,2.0,6.0,5.0,69.0,13.0,12.0,37.0,27.0,201.0,280
411560,2018,10.0,1.0,6.0,2.0,1.0,92.0,13.0,10.0,25.0,32.0,193.0,254
411560,2019,14.0,1.0,5.0,1.0,3.0,80.0,7.0,10.0,30.0,29.0,182.0,262
411570,2012,32.0,2.0,3.0,6.0,5.0,57.0,12.0,9.0,38.0,30.0,271.0,489
411570,2013,0.0,0.0,0.0,0.0,0.0,0.0,0.0,0.0,0.0,0.0,287.0,489
411570,2014,13.0,1.0,6.0,3.0,1.0,38.0,11.0,0.0,28.0,9.0,248.0,470
411570,2015,11.0,0.0,5.0,1.0,3.0,48.0,12.0,7.0,39.0,11.0,271.0,507
411570,2016,15.0,0.0,4.0,11.0,4.0,85.0,21.0,16.0,34.0,38.0,241.0,474
411570,2017,16.0,0.0,8.0,6.0,5.0,106.0,24.0,13.0,38.0,34.0,258.0,483
411570,2018,8.0,1.0,12.0,8.0,6.0,102.0,24.0,17.0,44.0,30.0,264.0,524
411570,2019,15.0,0.0,5.0,10.0,5.0,92.0,22.0,11.0,41.0,24.0,247.0,523
411573,2012,4.0,1.0,0.0,1.0,1.0,6.0,3.0,2.0,6.0,3.0,27.0,40
411573,2013,0.0,0.0,0.0,0.0,0.0,0.0,0.0,0.0,0.0,0.0,24.0,32
411573,2014,10.0,0.0,0.0,0.0,0.0,6.0,2.0,3.0,4.0,5.0,31.0,36
411573,2015,3.0,0.0,0.0,0.0,0.0,4.0,6.0,3.0,7.0,3.0,27.0,39
411573,2016,3.0,0.0,0.0,0.0,1.0,8.0,11.0,1.0,10.0,1.0,35.0,38
411573,2017,2.0,0.0,0.0,0.0,0.0,8.0,4.0,2.0,6.0,7.0,29.0,37
411573,2018,2.0,1.0,0.0,0.0,0.0,15.0,4.0,2.0,10.0,5.0,40.0,53
411573,2019,3.0,3.0,0.0,1.0,1.0,20.0,2.0,5.0,1.0,6.0,45.0,50
411575,2012,12.0,1.0,2.0,3.0,1.0,37.0,10.0,2.0,43.0,7.0,118.0,163
411575,2013,0.0,0.0,0.0,0.0,0.0,0.0,0.0,0.0,0.0,0.0,100.0,146
411575,2014,7.0,0.0,0.0,3.0,1.0,44.0,17.0,0.0,39.0,0.0,111.0,181
411575,2015,10.0,0.0,6.0,3.0,1.0,38.0,10.0,1.0,31.0,2.0,105.0,156
411575,2016,10.0,0.0,2.0,1.0,1.0,39.0,14.0,0.0,21.0,2.0,91.0,154
411575,2017,5.0,0.0,0.0,1.0,0.0,41.0,6.0,0.0,39.0,2.0,94.0,155
411575,2018,12.0,0.0,0.0,1.0,0.0,46.0,11.0,1.0,24.0,0.0,95.0,165
411575,2019,11.0,0.0,0.0,2.0,0.0,43.0,20.0,1.0,26.0,0.0,103.0,167
411580,2012,10.0,1.0,4.0,2.0,1.0,8.0,3.0,0.0,6.0,2.0,437.0,596
411580,2013,0.0,0.0,0.0,0.0,0.0,0.0,0.0,0.0,0.0,0.0,518.0,675
411580,2014,12.0,0.0,14.0,1.0,3.0,8.0,1.0,3.0,5.0,2.0,531.0,687
411580,2015,17.0,1.0,12.0,0.0,1.0,13.0,4.0,2.0,5.0,1.0,533.0,726
411580,2016,19.0,0.0,13.0,2.0,1.0,8.0,1.0,2.0,3.0,1.0,497.0,680
411580,2017,19.0,4.0,17.0,22.0,15.0,144.0,25.0,29.0,52.0,95.0,569.0,768
411580,2018,20.0,0.0,9.0,12.0,6.0,254.0,32.0,63.0,72.0,129.0,600.0,741
411580,2019,32.0,1.0,12.0,20.0,10.0,246.0,19.0,63.0,65.0,154.0,641.0,823
411585,2012,2.0,0.0,1.0,1.0,1.0,17.0,2.0,0.0,13.0,4.0,41.0,59
411585,2013,0.0,0.0,0.0,0.0,0.0,0.0,0.0,0.0,0.0,0.0,43.0,52
411585,2014,4.0,0.0,1.0,1.0,0.0,13.0,5.0,3.0,10.0,6.0,43.0,64
411585,2015,3.0,0.0,0.0,3.0,1.0,14.0,6.0,1.0,10.0,4.0,42.0,63
411585,2016,6.0,0.0,0.0,0.0,0.0,19.0,7.0,3.0,14.0,6.0,55.0,78
411585,2017,2.0,0.0,2.0,0.0,1.0,23.0,4.0,0.0,15.0,2.0,49.0,77
411585,2018,0.0,0.0,2.0,1.0,1.0,20.0,4.0,1.0,9.0,4.0,42.0,63
411585,2019,5.0,0.0,0.0,1.0,1.0,16.0,5.0,1.0,8.0,4.0,41.0,74
411590,2012,0.0,1.0,2.0,1.0,0.0,5.0,4.0,2.0,6.0,0.0,21.0,37
411590,2013,0.0,0.0,0.0,0.0,0.0,0.0,0.0,0.0,0.0,0.0,16.0,25
411590,2014,0.0,0.0,0.0,0.0,1.0,6.0,2.0,1.0,3.0,2.0,15.0,26
411590,2015,0.0,0.0,0.0,0.0,2.0,8.0,3.0,0.0,3.0,7.0,23.0,28
411590,2016,1.0,0.0,0.0,0.0,1.0,7.0,0.0,1.0,5.0,1.0,16.0,25
411590,2017,0.0,0.0,5.0,0.0,0.0,12.0,1.0,1.0,4.0,2.0,26.0,40
411590,2018,1.0,0.0,0.0,3.0,0.0,10.0,1.0,0.0,3.0,0.0,18.0,30
411590,2019,1.0,0.0,0.0,0.0,0.0,9.0,1.0,0.0,5.0,2.0,18.0,31
411600,2012,2.0,0.0,0.0,1.0,2.0,3.0,0.0,1.0,4.0,1.0,14.0,27
411600,2013,0.0,0.0,0.0,0.0,0.0,0.0,0.0,0.0,0.0,0.0,9.0,14
411600,2014,2.0,0.0,0.0,1.0,2.0,5.0,1.0,0.0,5.0,2.0,20.0,25
411600,2015,1.0,0.0,0.0,1.0,0.0,8.0,1.0,0.0,4.0,2.0,17.0,31
411600,2016,1.0,1.0,0.0,1.0,1.0,8.0,2.0,0.0,2.0,2.0,18.0,27
411600,2017,0.0,0.0,0.0,0.0,0.0,2.0,2.0,0.0,3.0,2.0,9.0,16
411600,2018,0.0,1.0,0.0,0.0,0.0,5.0,4.0,0.0,3.0,2.0,15.0,24
411600,2019,1.0,1.0,0.0,3.0,0.0,4.0,0.0,0.0,2.0,1.0,12.0,22
411605,2012,10.0,1.0,2.0,5.0,2.0,22.0,5.0,3.0,25.0,8.0,105.0,131
411605,2013,0.0,0.0,0.0,0.0,0.0,0.0,0.0,0.0,0.0,0.0,110.0,134
411605,2014,4.0,0.0,2.0,2.0,1.0,46.0,9.0,9.0,22.0,16.0,123.0,141
411605,2015,5.0,0.0,2.0,0.0,1.0,33.0,10.0,11.0,10.0,17.0,109.0,137
411605,2016,6.0,0.0,4.0,3.0,1.0,30.0,0.0,8.0,1.0,27.0,105.0,129
411605,2017,9.0,0.0,2.0,3.0,1.0,32.0,6.0,6.0,14.0,23.0,101.0,135
411605,2018,5.0,0.0,3.0,1.0,2.0,58.0,2.0,5.0,11.0,15.0,109.0,132
411605,2019,9.0,1.0,6.0,2.0,0.0,45.0,5.0,4.0,10.0,23.0,116.0,152
411610,2012,4.0,0.0,6.0,2.0,4.0,32.0,14.0,9.0,21.0,18.0,112.0,147
411610,2013,0.0,0.0,0.0,0.0,0.0,0.0,0.0,0.0,0.0,0.0,128.0,160
411610,2014,7.0,0.0,2.0,4.0,6.0,32.0,8.0,3.0,30.0,4.0,96.0,135
411610,2015,11.0,0.0,0.0,10.0,4.0,35.0,10.0,7.0,30.0,11.0,118.0,177
411610,2016,7.0,1.0,4.0,11.0,5.0,32.0,10.0,5.0,15.0,13.0,103.0,137
411610,2017,6.0,0.0,2.0,20.0,5.0,36.0,16.0,6.0,16.0,11.0,122.0,158
411610,2018,11.0,0.0,4.0,8.0,3.0,38.0,5.0,9.0,23.0,15.0,117.0,147
411610,2019,11.0,1.0,3.0,5.0,3.0,45.0,18.0,0.0,23.0,8.0,118.0,136
411620,2012,8.0,1.0,2.0,2.0,5.0,33.0,13.0,1.0,28.0,9.0,106.0,245
411620,2013,0.0,0.0,0.0,0.0,0.0,0.0,0.0,0.0,0.0,0.0,123.0,245
411620,2014,9.0,1.0,4.0,5.0,2.0,32.0,16.0,1.0,26.0,9.0,107.0,241
411620,2015,7.0,1.0,8.0,6.0,2.0,32.0,19.0,1.0,23.0,4.0,105.0,226
411620,2016,8.0,1.0,10.0,1.0,5.0,28.0,16.0,3.0,28.0,5.0,105.0,233
411620,2017,8.0,0.0,4.0,5.0,3.0,39.0,18.0,1.0,23.0,3.0,104.0,231
411620,2018,6.0,0.0,4.0,0.0,1.0,49.0,13.0,3.0,25.0,4.0,105.0,235
411620,2019,7.0,0.0,2.0,7.0,5.0,47.0,6.0,1.0,27.0,8.0,110.0,243
411630,2012,1.0,1.0,2.0,0.0,0.0,7.0,2.0,0.0,7.0,2.0,22.0,38
411630,2013,0.0,0.0,0.0,0.0,0.0,0.0,0.0,0.0,0.0,0.0,33.0,42
411630,2014,4.0,0.0,2.0,1.0,1.0,14.0,5.0,0.0,11.0,8.0,46.0,66
411630,2015,0.0,0.0,0.0,1.0,1.0,8.0,2.0,1.0,8.0,7.0,28.0,51
411630,2016,3.0,0.0,0.0,0.0,0.0,16.0,5.0,1.0,9.0,5.0,39.0,48
411630,2017,4.0,0.0,2.0,0.0,1.0,13.0,2.0,2.0,6.0,2.0,32.0,52
411630,2018,1.0,0.0,2.0,0.0,1.0,22.0,1.0,3.0,3.0,6.0,39.0,61
411630,2019,0.0,0.0,0.0,1.0,1.0,11.0,1.0,1.0,5.0,3.0,23.0,42
411640,2012,6.0,0.0,0.0,0.0,0.0,15.0,2.0,0.0,12.0,4.0,40.0,53
411640,2013,0.0,0.0,0.0,0.0,0.0,0.0,0.0,0.0,0.0,0.0,48.0,58
411640,2014,3.0,0.0,0.0,1.0,0.0,10.0,2.0,4.0,11.0,3.0,34.0,46
411640,2015,2.0,0.0,0.0,0.0,1.0,20.0,1.0,0.0,13.0,1.0,38.0,59
411640,2016,4.0,0.0,0.0,0.0,0.0,19.0,3.0,0.0,16.0,3.0,45.0,61
411640,2017,1.0,0.0,0.0,2.0,1.0,11.0,4.0,0.0,14.0,1.0,34.0,53
411640,2018,3.0,0.0,0.0,0.0,0.0,14.0,5.0,1.0,9.0,3.0,35.0,50
411640,2019,2.0,0.0,0.0,3.0,0.0,14.0,1.0,0.0,2.0,3.0,25.0,36
411650,2012,2.0,0.0,0.0,0.0,1.0,5.0,4.0,1.0,2.0,2.0,17.0,19
411650,2013,0.0,0.0,0.0,0.0,0.0,0.0,0.0,0.0,0.0,0.0,17.0,21
411650,2014,0.0,0.0,0.0,1.0,0.0,6.0,0.0,5.0,1.0,6.0,19.0,21
411650,2015,1.0,0.0,0.0,0.0,0.0,8.0,3.0,5.0,2.0,6.0,25.0,30
411650,2016,1.0,0.0,0.0,0.0,0.0,7.0,4.0,0.0,7.0,2.0,21.0,25
411650,2017,1.0,0.0,0.0,0.0,0.0,4.0,2.0,0.0,9.0,0.0,16.0,21
411650,2018,2.0,0.0,0.0,1.0,0.0,8.0,2.0,0.0,1.0,0.0,14.0,18
411650,2019,1.0,0.0,0.0,2.0,1.0,8.0,0.0,0.0,7.0,0.0,19.0,24
411660,2012,2.0,3.0,1.0,8.0,6.0,10.0,3.0,2.0,5.0,4.0,46.0,53
411660,2013,0.0,0.0,0.0,0.0,0.0,0.0,0.0,0.0,0.0,0.0,33.0,40
411660,2014,3.0,3.0,0.0,1.0,0.0,13.0,3.0,0.0,9.0,1.0,34.0,44
411660,2015,6.0,3.0,0.0,1.0,2.0,14.0,0.0,0.0,8.0,5.0,39.0,49
411660,2016,1.0,4.0,0.0,1.0,2.0,5.0,2.0,0.0,8.0,1.0,24.0,33
411660,2017,4.0,0.0,0.0,1.0,0.0,9.0,4.0,2.0,9.0,0.0,29.0,40
411660,2018,3.0,2.0,2.0,0.0,0.0,12.0,4.0,0.0,5.0,0.0,28.0,31
411660,2019,3.0,0.0,0.0,2.0,0.0,14.0,4.0,1.0,17.0,2.0,44.0,49
411670,2012,16.0,2.0,0.0,4.0,3.0,46.0,4.0,10.0,18.0,31.0,134.0,144
411670,2013,0.0,0.0,0.0,0.0,0.0,0.0,0.0,0.0,0.0,0.0,123.0,130
411670,2014,16.0,0.0,2.0,1.0,2.0,52.0,6.0,8.0,30.0,33.0,150.0,166
411670,2015,11.0,0.0,2.0,2.0,0.0,39.0,9.0,9.0,20.0,30.0,122.0,137
411670,2016,13.0,0.0,4.0,1.0,2.0,46.0,7.0,2.0,30.0,7.0,112.0,131
411670,2017,7.0,1.0,5.0,1.0,2.0,53.0,10.0,5.0,24.0,15.0,124.0,142
411670,2018,10.0,0.0,9.0,2.0,1.0,57.0,11.0,6.0,33.0,8.0,140.0,164
411670,2019,5.0,0.0,5.0,2.0,1.0,53.0,6.0,6.0,19.0,3.0,100.0,140
411680,2012,11.0,0.0,0.0,0.0,0.0,11.0,1.0,6.0,18.0,12.0,60.0,95
411680,2013,0.0,0.0,0.0,0.0,0.0,0.0,0.0,0.0,0.0,0.0,74.0,82
411680,2014,4.0,1.0,0.0,3.0,1.0,24.0,5.0,5.0,9.0,17.0,70.0,79
411680,2015,5.0,0.0,2.0,0.0,0.0,26.0,2.0,15.0,7.0,29.0,86.0,97
411680,2016,2.0,0.0,6.0,1.0,2.0,26.0,2.0,13.0,9.0,17.0,78.0,94
411680,2017,4.0,0.0,4.0,6.0,1.0,19.0,0.0,12.0,2.0,24.0,72.0,99
411680,2018,5.0,0.0,2.0,8.0,2.0,25.0,4.0,5.0,7.0,10.0,69.0,83
411680,2019,3.0,1.0,4.0,2.0,2.0,23.0,10.0,1.0,14.0,10.0,73.0,81
411690,2012,24.0,1.0,4.0,6.0,11.0,68.0,16.0,5.0,62.0,40.0,245.0,327
411690,2013,0.0,0.0,0.0,0.0,0.0,0.0,0.0,0.0,0.0,0.0,265.0,316
411690,2014,19.0,1.0,3.0,3.0,4.0,85.0,45.0,10.0,94.0,22.0,286.0,330
411690,2015,27.0,0.0,7.0,2.0,8.0,98.0,46.0,10.0,92.0,29.0,319.0,359
411690,2016,21.0,0.0,4.0,4.0,3.0,103.0,38.0,11.0,70.0,31.0,286.0,323
411690,2017,25.0,0.0,12.0,3.0,5.0,99.0,28.0,13.0,69.0,31.0,289.0,330
411690,2018,24.0,2.0,10.0,2.0,0.0,117.0,17.0,8.0,67.0,21.0,269.0,324
411690,2019,26.0,0.0,6.0,6.0,9.0,120.0,31.0,15.0,76.0,25.0,315.0,366
411695,2012,5.0,0.0,0.0,0.0,0.0,26.0,4.0,3.0,3.0,4.0,50.0,73
411695,2013,0.0,0.0,0.0,0.0,0.0,0.0,0.0,0.0,0.0,0.0,44.0,69
411695,2014,0.0,0.0,0.0,1.0,1.0,15.0,7.0,1.0,11.0,5.0,43.0,57
411695,2015,6.0,1.0,2.0,3.0,0.0,24.0,6.0,1.0,7.0,4.0,55.0,59
411695,2016,10.0,0.0,2.0,2.0,0.0,13.0,3.0,2.0,8.0,5.0,54.0,69
411695,2017,9.0,2.0,6.0,3.0,2.0,11.0,4.0,0.0,9.0,2.0,58.0,67
411695,2018,13.0,2.0,0.0,2.0,1.0,13.0,4.0,3.0,16.0,3.0,59.0,73
411695,2019,5.0,1.0,4.0,2.0,0.0,16.0,6.0,2.0,16.0,4.0,60.0,76
411700,2012,6.0,5.0,2.0,9.0,4.0,16.0,6.0,3.0,18.0,10.0,81.0,104
411700,2013,0.0,0.0,0.0,0.0,0.0,0.0,0.0,0.0,0.0,0.0,59.0,87
411700,2014,4.0,2.0,1.0,3.0,0.0,18.0,5.0,2.0,19.0,7.0,65.0,110
411700,2015,4.0,3.0,2.0,3.0,0.0,23.0,4.0,2.0,24.0,7.0,72.0,99
411700,2016,8.0,1.0,0.0,3.0,1.0,17.0,5.0,0.0,19.0,2.0,59.0,87
411700,2017,6.0,1.0,2.0,0.0,1.0,22.0,4.0,2.0,22.0,5.0,67.0,92
411700,2018,7.0,2.0,2.0,2.0,1.0,27.0,7.0,1.0,12.0,1.0,63.0,82
411700,2019,9.0,0.0,3.0,3.0,2.0,27.0,6.0,1.0,9.0,3.0,66.0,80
411705,2012,7.0,2.0,0.0,1.0,1.0,28.0,4.0,0.0,27.0,11.0,81.0,180
411705,2013,0.0,0.0,0.0,0.0,0.0,0.0,0.0,0.0,0.0,0.0,72.0,162
411705,2014,2.0,1.0,3.0,2.0,2.0,24.0,6.0,6.0,14.0,29.0,89.0,182
411705,2015,2.0,3.0,4.0,2.0,0.0,22.0,7.0,2.0,13.0,10.0,65.0,160
411705,2016,3.0,0.0,3.0,3.0,3.0,30.0,2.0,3.0,13.0,14.0,74.0,159
411705,2017,2.0,0.0,2.0,1.0,1.0,25.0,6.0,4.0,11.0,17.0,71.0,145
411705,2018,4.0,2.0,8.0,1.0,1.0,34.0,5.0,8.0,17.0,26.0,106.0,177
411705,2019,4.0,2.0,2.0,1.0,1.0,24.0,5.0,4.0,21.0,24.0,90.0,179
411710,2012,18.0,1.0,4.0,1.0,8.0,40.0,7.0,13.0,20.0,41.0,161.0,186
411710,2013,0.0,0.0,0.0,0.0,0.0,0.0,0.0,0.0,0.0,0.0,155.0,178
411710,2014,15.0,4.0,5.0,0.0,3.0,37.0,4.0,13.0,34.0,34.0,156.0,182
411710,2015,16.0,0.0,2.0,1.0,2.0,50.0,14.0,10.0,33.0,30.0,170.0,190
411710,2016,14.0,1.0,2.0,4.0,1.0,53.0,12.0,7.0,23.0,18.0,140.0,157
411710,2017,14.0,0.0,6.0,2.0,1.0,62.0,10.0,7.0,25.0,17.0,148.0,165
411710,2018,21.0,0.0,2.0,2.0,2.0,47.0,6.0,6.0,15.0,27.0,138.0,150
411710,2019,15.0,1.0,4.0,3.0,2.0,62.0,6.0,10.0,30.0,23.0,163.0,174
411720,2012,2.0,0.0,4.0,1.0,2.0,24.0,8.0,1.0,16.0,5.0,65.0,75
411720,2013,0.0,0.0,0.0,0.0,0.0,0.0,0.0,0.0,0.0,0.0,69.0,78
411720,2014,3.0,0.0,0.0,1.0,2.0,23.0,8.0,0.0,29.0,7.0,73.0,90
411720,2015,1.0,0.0,2.0,3.0,1.0,23.0,6.0,1.0,19.0,5.0,61.0,72
411720,2016,3.0,0.0,0.0,0.0,0.0,30.0,9.0,0.0,19.0,7.0,68.0,76
411720,2017,1.0,0.0,2.0,0.0,0.0,25.0,8.0,3.0,19.0,6.0,64.0,74
411720,2018,4.0,0.0,2.0,1.0,4.0,22.0,3.0,2.0,13.0,5.0,56.0,74
411720,2019,3.0,0.0,2.0,0.0,1.0,22.0,2.0,2.0,9.0,0.0,41.0,52
411721,2012,4.0,0.0,0.0,1.0,2.0,9.0,2.0,4.0,6.0,3.0,34.0,50
411721,2013,0.0,0.0,0.0,0.0,0.0,0.0,0.0,0.0,0.0,0.0,38.0,46
411721,2014,4.0,1.0,0.0,2.0,0.0,12.0,4.0,4.0,14.0,9.0,52.0,68
411721,2015,3.0,0.0,0.0,1.0,0.0,7.0,5.0,0.0,9.0,6.0,33.0,49
411721,2016,3.0,0.0,2.0,2.0,0.0,14.0,3.0,2.0,7.0,3.0,41.0,55
411721,2017,4.0,2.0,2.0,5.0,2.0,12.0,2.0,1.0,9.0,2.0,45.0,52
411721,2018,3.0,3.0,1.0,0.0,3.0,11.0,3.0,3.0,10.0,7.0,45.0,62
411721,2019,3.0,2.0,0.0,3.0,0.0,9.0,2.0,3.0,8.0,4.0,36.0,47
411722,2012,6.0,1.0,2.0,5.0,1.0,21.0,3.0,1.0,21.0,5.0,70.0,113
411722,2013,0.0,0.0,0.0,0.0,0.0,0.0,0.0,0.0,0.0,0.0,67.0,90
411722,2014,9.0,0.0,2.0,6.0,3.0,21.0,5.0,3.0,17.0,10.0,77.0,100
411722,2015,5.0,1.0,0.0,5.0,6.0,23.0,9.0,2.0,23.0,3.0,82.0,106
411722,2016,8.0,0.0,5.0,3.0,5.0,35.0,15.0,5.0,15.0,10.0,104.0,134
411722,2017,6.0,2.0,0.0,5.0,1.0,34.0,10.0,2.0,18.0,10.0,88.0,128
411722,2018,4.0,2.0,2.0,5.0,4.0,36.0,5.0,4.0,9.0,4.0,75.0,120
411722,2019,4.0,0.0,3.0,4.0,1.0,37.0,3.0,1.0,21.0,5.0,79.0,108
411725,2012,7.0,0.0,4.0,9.0,5.0,31.0,1.0,0.0,19.0,11.0,87.0,127
411725,2013,0.0,0.0,0.0,0.0,0.0,0.0,0.0,0.0,0.0,0.0,69.0,103
411725,2014,5.0,1.0,3.0,3.0,2.0,27.0,10.0,4.0,20.0,16.0,91.0,147
411725,2015,11.0,1.0,5.0,2.0,1.0,31.0,5.0,3.0,18.0,5.0,84.0,129
411725,2016,8.0,0.0,0.0,3.0,1.0,22.0,7.0,4.0,16.0,5.0,68.0,119
411725,2017,2.0,0.0,4.0,2.0,2.0,22.0,10.0,2.0,33.0,5.0,82.0,117
411725,2018,6.0,1.0,3.0,1.0,5.0,35.0,19.0,3.0,25.0,7.0,105.0,147
411725,2019,6.0,2.0,6.0,4.0,2.0,25.0,10.0,3.0,16.0,6.0,80.0,118
411727,2012,9.0,0.0,0.0,2.0,1.0,18.0,5.0,6.0,17.0,7.0,69.0,83
411727,2013,0.0,0.0,0.0,0.0,0.0,0.0,0.0,0.0,0.0,0.0,65.0,85
411727,2014,10.0,2.0,0.0,1.0,1.0,25.0,1.0,14.0,7.0,28.0,90.0,102
411727,2015,4.0,2.0,2.0,3.0,0.0,19.0,5.0,5.0,16.0,11.0,67.0,73
411727,2016,1.0,0.0,0.0,0.0,1.0,17.0,11.0,7.0,24.0,10.0,71.0,81
411727,2017,8.0,4.0,2.0,1.0,0.0,27.0,2.0,9.0,12.0,25.0,93.0,101
411727,2018,4.0,2.0,0.0,5.0,2.0,38.0,1.0,3.0,5.0,17.0,78.0,85
411727,2019,7.0,0.0,0.0,1.0,0.0,37.0,3.0,9.0,3.0,18.0,89.0,98
411729,2012,4.0,0.0,0.0,0.0,1.0,7.0,0.0,0.0,15.0,3.0,30.0,34
411729,2013,0.0,0.0,0.0,0.0,0.0,0.0,0.0,0.0,0.0,0.0,24.0,29
411729,2014,4.0,0.0,0.0,0.0,0.0,9.0,5.0,0.0,8.0,0.0,26.0,30
411729,2015,1.0,0.0,0.0,0.0,0.0,11.0,1.0,0.0,8.0,0.0,21.0,29
411729,2016,5.0,0.0,0.0,0.0,0.0,10.0,3.0,0.0,10.0,0.0,28.0,36
411729,2017,1.0,0.0,0.0,0.0,0.0,18.0,1.0,0.0,15.0,0.0,36.0,44
411729,2018,1.0,0.0,0.0,0.0,0.0,15.0,1.0,0.0,6.0,1.0,24.0,31
411729,2019,4.0,0.0,4.0,0.0,0.0,7.0,3.0,0.0,6.0,0.0,24.0,28
411730,2012,11.0,0.0,6.0,3.0,3.0,39.0,14.0,1.0,50.0,4.0,133.0,302
411730,2013,0.0,0.0,0.0,0.0,0.0,0.0,0.0,0.0,0.0,0.0,150.0,292
411730,2014,8.0,1.0,4.0,1.0,3.0,54.0,26.0,5.0,48.0,16.0,169.0,295
411730,2015,12.0,0.0,6.0,6.0,2.0,45.0,17.0,12.0,38.0,15.0,159.0,301
411730,2016,13.0,1.0,2.0,4.0,1.0,51.0,28.0,14.0,35.0,18.0,168.0,372
411730,2017,13.0,1.0,0.0,5.0,1.0,48.0,35.0,4.0,38.0,3.0,150.0,315
411730,2018,10.0,1.0,0.0,3.0,1.0,60.0,22.0,4.0,52.0,12.0,167.0,337
411730,2019,15.0,0.0,7.0,5.0,5.0,64.0,19.0,10.0,44.0,11.0,183.0,330
411740,2012,2.0,0.0,2.0,1.0,0.0,8.0,3.0,0.0,10.0,5.0,33.0,37
411740,2013,0.0,0.0,0.0,0.0,0.0,0.0,0.0,0.0,0.0,0.0,45.0,53
411740,2014,2.0,0.0,2.0,0.0,1.0,13.0,2.0,1.0,9.0,2.0,32.0,43
411740,2015,3.0,0.0,0.0,0.0,2.0,11.0,4.0,1.0,6.0,2.0,29.0,38
411740,2016,6.0,0.0,0.0,0.0,0.0,18.0,1.0,1.0,6.0,3.0,36.0,44
411740,2017,1.0,0.0,0.0,0.0,1.0,17.0,1.0,0.0,4.0,4.0,30.0,40
411740,2018,2.0,0.0,0.0,0.0,0.0,11.0,1.0,2.0,7.0,4.0,27.0,38
411740,2019,0.0,0.0,0.0,1.0,0.0,9.0,2.0,0.0,2.0,3.0,18.0,27
411745,2012,6.0,0.0,0.0,2.0,1.0,12.0,2.0,3.0,22.0,7.0,58.0,82
411745,2013,0.0,0.0,0.0,0.0,0.0,0.0,0.0,0.0,0.0,0.0,54.0,78
411745,2014,4.0,0.0,3.0,1.0,1.0,22.0,1.0,4.0,7.0,6.0,49.0,68
411745,2015,6.0,0.0,3.0,2.0,0.0,16.0,5.0,2.0,9.0,7.0,50.0,77
411745,2016,6.0,0.0,0.0,1.0,0.0,17.0,5.0,1.0,11.0,11.0,54.0,72
411745,2017,5.0,0.0,4.0,0.0,4.0,21.0,4.0,1.0,12.0,5.0,57.0,88
411745,2018,3.0,0.0,6.0,0.0,0.0,26.0,1.0,2.0,4.0,3.0,45.0,82
411745,2019,2.0,0.0,6.0,2.0,0.0,22.0,2.0,0.0,4.0,2.0,40.0,82
411750,2012,41.0,7.0,9.0,8.0,9.0,145.0,19.0,6.0,104.0,29.0,387.0,510
411750,2013,0.0,0.0,0.0,0.0,0.0,0.0,0.0,0.0,0.0,0.0,398.0,560
411750,2014,35.0,1.0,21.0,12.0,12.0,134.0,40.0,13.0,115.0,38.0,421.0,572
411750,2015,30.0,1.0,12.0,5.0,7.0,200.0,23.0,14.0,87.0,43.0,423.0,600
411750,2016,26.0,2.0,12.0,11.0,7.0,202.0,25.0,6.0,120.0,40.0,452.0,625
411750,2017,51.0,0.0,5.0,12.0,11.0,191.0,36.0,12.0,95.0,47.0,465.0,646
411750,2018,33.0,3.0,15.0,8.0,10.0,180.0,32.0,8.0,95.0,28.0,414.0,598
411750,2019,48.0,3.0,11.0,15.0,12.0,197.0,32.0,15.0,108.0,43.0,487.0,678
411760,2012,79.0,0.0,7.0,16.0,9.0,129.0,61.0,22.0,134.0,41.0,499.0,877
411760,2013,0.0,0.0,0.0,0.0,0.0,0.0,0.0,0.0,0.0,0.0,573.0,892
411760,2014,37.0,1.0,10.0,11.0,8.0,199.0,85.0,33.0,161.0,53.0,599.0,854
411760,2015,42.0,1.0,5.0,6.0,5.0,213.0,71.0,21.0,134.0,49.0,547.0,821
411760,2016,24.0,2.0,17.0,10.0,5.0,190.0,78.0,13.0,163.0,33.0,540.0,890
411760,2017,37.0,0.0,23.0,8.0,8.0,204.0,53.0,19.0,105.0,64.0,522.0,840
411760,2018,30.0,0.0,15.0,13.0,4.0,203.0,52.0,22.0,103.0,60.0,507.0,874
411760,2019,24.0,2.0,16.0,11.0,4.0,198.0,56.0,25.0,118.0,48.0,505.0,867
411770,2012,26.0,8.0,5.0,8.0,10.0,58.0,25.0,10.0,83.0,36.0,273.0,475
411770,2013,0.0,0.0,0.0,0.0,0.0,0.0,0.0,0.0,0.0,0.0,291.0,465
411770,2014,15.0,1.0,6.0,3.0,9.0,90.0,34.0,7.0,91.0,27.0,286.0,479
411770,2015,16.0,0.0,12.0,6.0,3.0,92.0,48.0,8.0,93.0,10.0,291.0,485
411770,2016,15.0,3.0,9.0,9.0,7.0,76.0,28.0,10.0,58.0,22.0,238.0,442
411770,2017,27.0,1.0,12.0,7.0,6.0,89.0,47.0,13.0,66.0,26.0,297.0,489
411770,2018,24.0,3.0,5.0,6.0,4.0,86.0,32.0,6.0,66.0,26.0,258.0,472
411770,2019,31.0,3.0,9.0,11.0,7.0,116.0,31.0,13.0,55.0,46.0,322.0,506
411780,2012,18.0,0.0,4.0,1.0,0.0,16.0,7.0,9.0,30.0,20.0,105.0,226
411780,2013,0.0,0.0,0.0,0.0,0.0,0.0,0.0,0.0,0.0,0.0,125.0,223
411780,2014,11.0,1.0,8.0,2.0,2.0,33.0,25.0,9.0,49.0,16.0,156.0,252
411780,2015,3.0,3.0,2.0,2.0,1.0,28.0,13.0,10.0,20.0,20.0,102.0,210
411780,2016,9.0,0.0,6.0,3.0,0.0,27.0,4.0,6.0,20.0,22.0,97.0,192
411780,2017,7.0,0.0,9.0,5.0,2.0,29.0,9.0,9.0,29.0,19.0,118.0,217
411780,2018,10.0,2.0,4.0,2.0,0.0,32.0,10.0,13.0,33.0,15.0,121.0,231
411780,2019,10.0,1.0,8.0,1.0,1.0,32.0,3.0,7.0,11.0,15.0,90.0,194
411790,2012,24.0,7.0,12.0,12.0,16.0,78.0,16.0,2.0,58.0,23.0,253.0,402
411790,2013,0.0,0.0,0.0,0.0,0.0,0.0,0.0,0.0,0.0,0.0,317.0,424
411790,2014,28.0,8.0,10.0,6.0,8.0,93.0,48.0,17.0,73.0,45.0,340.0,479
411790,2015,29.0,17.0,11.0,9.0,6.0,112.0,46.0,18.0,75.0,41.0,374.0,520
411790,2016,23.0,2.0,12.0,8.0,4.0,120.0,49.0,15.0,85.0,33.0,360.0,453
411790,2017,35.0,14.0,8.0,5.0,9.0,135.0,49.0,23.0,83.0,30.0,395.0,505
411790,2018,30.0,29.0,14.0,20.0,10.0,155.0,55.0,23.0,80.0,44.0,462.0,530
411790,2019,35.0,2.0,2.0,10.0,7.0,162.0,50.0,31.0,105.0,55.0,469.0,541
411800,2012,6.0,1.0,6.0,3.0,2.0,30.0,8.0,5.0,18.0,7.0,87.0,175
411800,2013,0.0,0.0,0.0,0.0,0.0,0.0,0.0,0.0,0.0,0.0,88.0,161
411800,2014,6.0,2.0,10.0,2.0,5.0,35.0,4.0,6.0,28.0,24.0,122.0,204
411800,2015,11.0,0.0,3.0,2.0,2.0,40.0,5.0,7.0,12.0,31.0,113.0,198
411800,2016,7.0,0.0,0.0,1.0,1.0,38.0,11.0,12.0,19.0,16.0,106.0,167
411800,2017,5.0,0.0,0.0,4.0,1.0,83.0,12.0,2.0,7.0,4.0,119.0,185
411800,2018,9.0,0.0,1.0,4.0,1.0,63.0,10.0,4.0,13.0,4.0,109.0,176
411800,2019,11.0,0.0,6.0,3.0,2.0,39.0,11.0,12.0,28.0,11.0,123.0,170
411810,2012,19.0,0.0,2.0,5.0,5.0,27.0,6.0,2.0,33.0,12.0,112.0,149
411810,2013,0.0,0.0,0.0,0.0,0.0,0.0,0.0,0.0,0.0,0.0,105.0,138
411810,2014,7.0,0.0,4.0,5.0,3.0,36.0,11.0,6.0,25.0,11.0,109.0,159
411810,2015,11.0,0.0,2.0,5.0,5.0,39.0,12.0,3.0,22.0,14.0,113.0,160
411810,2016,8.0,0.0,8.0,3.0,0.0,55.0,9.0,3.0,20.0,4.0,110.0,145
411810,2017,6.0,1.0,6.0,2.0,2.0,52.0,10.0,4.0,13.0,10.0,107.0,147
411810,2018,7.0,0.0,6.0,4.0,1.0,52.0,8.0,3.0,23.0,6.0,110.0,149
411810,2019,7.0,0.0,0.0,1.0,2.0,41.0,8.0,6.0,19.0,7.0,91.0,132
411820,2012,131.0,2.0,35.0,32.0,30.0,448.0,124.0,23.0,471.0,100.0,1419.0,2412
411820,2013,0.0,0.0,0.0,0.0,0.0,0.0,0.0,0.0,0.0,0.0,1394.0,2394
411820,2014,95.0,5.0,31.0,26.0,30.0,468.0,141.0,23.0,434.0,69.0,1330.0,2401
411820,2015,97.0,2.0,38.0,43.0,25.0,458.0,148.0,20.0,391.0,48.0,1289.0,2469
411820,2016,69.0,2.0,28.0,37.0,32.0,461.0,112.0,32.0,315.0,75.0,1175.0,2156
411820,2017,94.0,3.0,39.0,28.0,41.0,516.0,167.0,35.0,308.0,94.0,1335.0,2360
411820,2018,91.0,4.0,16.0,40.0,23.0,463.0,134.0,30.0,316.0,87.0,1211.0,2327
411820,2019,85.0,3.0,42.0,31.0,22.0,505.0,125.0,29.0,348.0,64.0,1257.0,2323
411830,2012,6.0,0.0,0.0,1.0,0.0,9.0,4.0,1.0,6.0,3.0,30.0,40
411830,2013,0.0,0.0,0.0,0.0,0.0,0.0,0.0,0.0,0.0,0.0,31.0,39
411830,2014,5.0,0.0,0.0,0.0,1.0,11.0,0.0,6.0,0.0,10.0,33.0,38
411830,2015,4.0,0.0,0.0,2.0,0.0,12.0,1.0,10.0,2.0,8.0,39.0,44
411830,2016,0.0,0.0,2.0,0.0,0.0,12.0,6.0,2.0,6.0,5.0,33.0,38
411830,2017,4.0,0.0,0.0,0.0,0.0,19.0,5.0,1.0,6.0,0.0,35.0,40
411830,2018,1.0,0.0,0.0,0.0,0.0,11.0,0.0,0.0,8.0,0.0,20.0,26
411830,2019,0.0,0.0,2.0,1.0,2.0,11.0,1.0,0.0,6.0,1.0,24.0,34
411840,2012,94.0,6.0,23.0,23.0,20.0,271.0,63.0,60.0,204.0,161.0,925.0,1155
411840,2013,0.0,0.0,0.0,0.0,0.0,0.0,0.0,0.0,0.0,0.0,997.0,1223
411840,2014,113.0,4.0,21.0,14.0,12.0,335.0,26.0,163.0,96.0,320.0,1105.0,1242
411840,2015,79.0,1.0,23.0,8.0,8.0,348.0,52.0,160.0,121.0,277.0,1078.0,1234
411840,2016,94.0,1.0,22.0,11.0,11.0,421.0,103.0,69.0,239.0,124.0,1100.0,1269
411840,2017,68.0,1.0,21.0,17.0,5.0,451.0,115.0,13.0,316.0,23.0,1030.0,1287
411840,2018,78.0,0.0,25.0,13.0,14.0,459.0,96.0,13.0,283.0,25.0,1007.0,1273
411840,2019,72.0,1.0,40.0,24.0,13.0,466.0,106.0,6.0,274.0,24.0,1026.0,1287
411845,2012,4.0,0.0,0.0,3.0,0.0,18.0,3.0,3.0,14.0,8.0,54.0,62
411845,2013,0.0,0.0,0.0,0.0,0.0,0.0,0.0,0.0,0.0,0.0,42.0,54
411845,2014,6.0,0.0,0.0,0.0,3.0,16.0,3.0,0.0,15.0,5.0,49.0,71
411845,2015,1.0,0.0,2.0,1.0,0.0,15.0,8.0,3.0,25.0,7.0,62.0,81
411845,2016,2.0,0.0,1.0,0.0,0.0,21.0,4.0,0.0,12.0,3.0,43.0,64
411845,2017,2.0,0.0,0.0,0.0,2.0,27.0,3.0,4.0,12.0,0.0,50.0,72
411845,2018,6.0,0.0,0.0,3.0,1.0,29.0,5.0,0.0,12.0,2.0,58.0,81
411845,2019,3.0,2.0,0.0,2.0,2.0,17.0,0.0,1.0,12.0,4.0,46.0,73
411850,2012,76.0,4.0,21.0,17.0,16.0,207.0,86.0,14.0,279.0,53.0,778.0,1168
411850,2013,0.0,0.0,0.0,0.0,0.0,0.0,0.0,0.0,0.0,0.0,848.0,1170
411850,2014,67.0,1.0,30.0,27.0,31.0,261.0,101.0,29.0,275.0,84.0,911.0,1298
411850,2015,52.0,1.0,26.0,20.0,23.0,279.0,82.0,22.0,247.0,68.0,820.0,1330
411850,2016,74.0,0.0,11.0,28.0,22.0,312.0,78.0,18.0,208.0,45.0,800.0,1300
411850,2017,49.0,1.0,15.0,20.0,17.0,266.0,78.0,15.0,209.0,34.0,708.0,1214
411850,2018,46.0,0.0,19.0,13.0,19.0,300.0,68.0,9.0,196.0,36.0,709.0,1293
411850,2019,64.0,2.0,14.0,33.0,23.0,328.0,63.0,14.0,201.0,35.0,782.0,1307
411860,2012,2.0,0.0,2.0,2.0,0.0,10.0,2.0,0.0,11.0,1.0,30.0,54
411860,2013,0.0,0.0,0.0,0.0,0.0,0.0,0.0,0.0,0.0,0.0,40.0,75
411860,2014,6.0,0.0,0.0,1.0,1.0,9.0,3.0,2.0,13.0,3.0,38.0,66
411860,2015,4.0,0.0,0.0,3.0,2.0,13.0,1.0,2.0,13.0,5.0,43.0,73
411860,2016,2.0,0.0,2.0,1.0,1.0,16.0,3.0,3.0,7.0,3.0,38.0,76
411860,2017,4.0,0.0,1.0,0.0,0.0,12.0,4.0,0.0,12.0,4.0,37.0,70
411860,2018,5.0,0.0,0.0,0.0,4.0,15.0,6.0,1.0,8.0,2.0,41.0,71
411860,2019,3.0,0.0,0.0,2.0,1.0,10.0,1.0,0.0,9.0,7.0,33.0,65
411870,2012,0.0,0.0,0.0,0.0,1.0,13.0,2.0,2.0,14.0,3.0,37.0,68
411870,2013,0.0,0.0,0.0,0.0,0.0,0.0,0.0,0.0,0.0,0.0,62.0,81
411870,2014,2.0,0.0,2.0,0.0,3.0,18.0,4.0,2.0,16.0,1.0,49.0,55
411870,2015,4.0,0.0,0.0,3.0,0.0,16.0,12.0,4.0,23.0,2.0,64.0,86
411870,2016,5.0,0.0,2.0,2.0,2.0,23.0,14.0,1.0,11.0,4.0,64.0,86
411870,2017,7.0,1.0,1.0,1.0,0.0,13.0,8.0,3.0,15.0,7.0,56.0,80
411870,2018,8.0,0.0,0.0,2.0,2.0,18.0,8.0,1.0,16.0,3.0,58.0,77
411870,2019,2.0,0.0,3.0,0.0,2.0,25.0,8.0,0.0,13.0,4.0,57.0,69
411880,2012,9.0,10.0,2.0,5.0,4.0,45.0,9.0,4.0,30.0,20.0,142.0,188
411880,2013,0.0,0.0,0.0,0.0,0.0,0.0,0.0,0.0,0.0,0.0,116.0,172
411880,2014,6.0,5.0,4.0,27.0,11.0,26.0,8.0,1.0,17.0,10.0,115.0,168
411880,2015,11.0,2.0,2.0,21.0,9.0,32.0,5.0,2.0,19.0,6.0,110.0,167
411880,2016,4.0,0.0,2.0,16.0,12.0,27.0,11.0,0.0,17.0,3.0,93.0,167
411880,2017,2.0,1.0,2.0,16.0,15.0,23.0,6.0,6.0,13.0,13.0,97.0,168
411880,2018,8.0,0.0,10.0,21.0,9.0,31.0,4.0,4.0,17.0,8.0,112.0,152
411880,2019,18.0,1.0,2.0,9.0,10.0,47.0,15.0,2.0,16.0,6.0,128.0,165
411885,2012,5.0,0.0,0.0,1.0,2.0,23.0,7.0,0.0,22.0,6.0,66.0,73
411885,2013,0.0,0.0,0.0,0.0,0.0,0.0,0.0,0.0,0.0,0.0,52.0,77
411885,2014,3.0,0.0,1.0,1.0,0.0,23.0,15.0,0.0,24.0,4.0,71.0,91
411885,2015,1.0,0.0,2.0,0.0,3.0,29.0,8.0,3.0,24.0,8.0,78.0,102
411885,2016,4.0,0.0,0.0,0.0,1.0,29.0,7.0,2.0,16.0,3.0,62.0,87
411885,2017,5.0,0.0,2.0,3.0,2.0,34.0,8.0,3.0,21.0,4.0,82.0,113
411885,2018,1.0,0.0,2.0,2.0,0.0,44.0,5.0,4.0,15.0,7.0,80.0,111
411885,2019,5.0,0.0,0.0,0.0,3.0,33.0,7.0,1.0,18.0,6.0,73.0,107
411890,2012,9.0,0.0,4.0,2.0,2.0,47.0,4.0,1.0,32.0,11.0,112.0,135
411890,2013,0.0,0.0,0.0,0.0,0.0,0.0,0.0,0.0,0.0,0.0,124.0,146
411890,2014,10.0,0.0,6.0,4.0,2.0,47.0,16.0,3.0,31.0,11.0,130.0,164
411890,2015,6.0,0.0,2.0,4.0,4.0,55.0,9.0,3.0,27.0,11.0,121.0,150
411890,2016,12.0,0.0,0.0,0.0,3.0,56.0,7.0,3.0,24.0,6.0,112.0,143
411890,2017,11.0,1.0,0.0,2.0,2.0,54.0,11.0,5.0,23.0,8.0,117.0,154
411890,2018,8.0,1.0,6.0,4.0,1.0,59.0,9.0,6.0,32.0,13.0,139.0,173
411890,2019,10.0,1.0,0.0,4.0,2.0,62.0,10.0,2.0,32.0,9.0,132.0,158
411900,2012,2.0,0.0,0.0,1.0,1.0,12.0,8.0,3.0,9.0,12.0,49.0,59
411900,2013,0.0,0.0,0.0,0.0,0.0,0.0,0.0,0.0,0.0,0.0,45.0,70
411900,2014,3.0,0.0,2.0,1.0,0.0,18.0,4.0,2.0,8.0,5.0,43.0,64
411900,2015,3.0,0.0,1.0,2.0,1.0,18.0,2.0,1.0,10.0,10.0,48.0,71
411900,2016,5.0,0.0,0.0,2.0,0.0,24.0,4.0,1.0,2.0,7.0,46.0,66
411900,2017,2.0,1.0,1.0,1.0,0.0,25.0,3.0,3.0,6.0,11.0,54.0,71
411900,2018,3.0,0.0,4.0,0.0,1.0,25.0,1.0,5.0,10.0,6.0,55.0,81
411900,2019,2.0,0.0,8.0,1.0,3.0,18.0,2.0,3.0,4.0,8.0,49.0,85
411910,2012,8.0,1.0,0.0,1.0,1.0,28.0,7.0,2.0,17.0,7.0,74.0,123
411910,2013,0.0,0.0,0.0,0.0,0.0,0.0,0.0,0.0,0.0,0.0,96.0,159
411910,2014,6.0,0.0,8.0,4.0,5.0,30.0,13.0,5.0,25.0,7.0,104.0,192
411910,2015,8.0,2.0,0.0,5.0,2.0,41.0,7.0,5.0,21.0,7.0,100.0,177
411910,2016,3.0,0.0,1.0,1.0,4.0,37.0,12.0,1.0,16.0,5.0,82.0,163
411910,2017,5.0,0.0,4.0,3.0,2.0,33.0,7.0,0.0,22.0,5.0,82.0,161
411910,2018,12.0,0.0,0.0,4.0,2.0,31.0,10.0,2.0,17.0,14.0,92.0,187
411910,2019,6.0,1.0,2.0,3.0,3.0,38.0,6.0,5.0,12.0,12.0,88.0,157
411915,2012,158.0,8.0,38.0,17.0,19.0,317.0,89.0,23.0,278.0,91.0,1165.0,2006
411915,2013,0.0,0.0,0.0,0.0,0.0,0.0,0.0,0.0,0.0,0.0,1156.0,2022
411915,2014,98.0,6.0,36.0,36.0,27.0,354.0,101.0,36.0,258.0,144.0,1170.0,2117
411915,2015,95.0,7.0,31.0,24.0,33.0,394.0,85.0,47.0,281.0,108.0,1159.0,2195
411915,2016,100.0,5.0,28.0,32.0,35.0,347.0,93.0,34.0,250.0,126.0,1101.0,2095
411915,2017,93.0,1.0,18.0,35.0,29.0,342.0,70.0,46.0,220.0,118.0,1009.0,1891
411915,2018,93.0,3.0,47.0,38.0,26.0,341.0,71.0,49.0,214.0,94.0,981.0,1872
411915,2019,66.0,2.0,34.0,32.0,19.0,329.0,100.0,46.0,197.0,115.0,955.0,1655
411920,2012,3.0,0.0,2.0,1.0,0.0,15.0,2.0,0.0,16.0,10.0,49.0,110
411920,2013,0.0,0.0,0.0,0.0,0.0,0.0,0.0,0.0,0.0,0.0,56.0,90
411920,2014,7.0,0.0,2.0,0.0,1.0,17.0,6.0,0.0,24.0,3.0,60.0,102
411920,2015,5.0,0.0,0.0,2.0,0.0,16.0,2.0,0.0,25.0,0.0,50.0,82
411920,2016,2.0,0.0,2.0,0.0,0.0,21.0,15.0,1.0,20.0,1.0,62.0,108
411920,2017,0.0,0.0,2.0,0.0,0.0,5.0,2.0,1.0,2.0,0.0,40.0,85
411920,2018,1.0,0.0,2.0,0.0,1.0,11.0,2.0,0.0,6.0,1.0,55.0,97
411920,2019,1.0,0.0,0.0,1.0,0.0,24.0,5.0,0.0,12.0,1.0,44.0,90
411925,2012,1.0,0.0,0.0,1.0,0.0,3.0,1.0,2.0,5.0,1.0,14.0,22
411925,2013,0.0,0.0,0.0,0.0,0.0,0.0,0.0,0.0,0.0,0.0,23.0,39
411925,2014,1.0,0.0,0.0,0.0,0.0,10.0,3.0,2.0,3.0,2.0,21.0,36
411925,2015,0.0,0.0,0.0,0.0,0.0,10.0,1.0,0.0,1.0,2.0,14.0,26
411925,2016,3.0,0.0,0.0,2.0,0.0,6.0,1.0,0.0,1.0,1.0,14.0,31
411925,2017,2.0,0.0,0.0,0.0,0.0,10.0,0.0,1.0,3.0,2.0,18.0,34
411925,2018,4.0,0.0,0.0,0.0,0.0,7.0,4.0,1.0,2.0,3.0,21.0,30
411925,2019,3.0,0.0,0.0,0.0,1.0,3.0,0.0,2.0,4.0,1.0,14.0,25
411930,2012,19.0,0.0,8.0,7.0,9.0,52.0,14.0,10.0,57.0,21.0,199.0,505
411930,2013,0.0,0.0,0.0,0.0,0.0,0.0,0.0,0.0,0.0,0.0,297.0,536
411930,2014,27.0,0.0,3.0,5.0,2.0,61.0,41.0,6.0,96.0,27.0,268.0,560
411930,2015,22.0,1.0,5.0,7.0,6.0,78.0,43.0,6.0,70.0,16.0,254.0,528
411930,2016,21.0,1.0,6.0,5.0,1.0,73.0,31.0,10.0,58.0,37.0,243.0,518
411930,2017,23.0,1.0,6.0,8.0,2.0,90.0,24.0,13.0,52.0,27.0,246.0,550
411930,2018,24.0,2.0,8.0,7.0,5.0,88.0,29.0,13.0,57.0,25.0,258.0,533
411930,2019,15.0,1.0,18.0,18.0,15.0,79.0,23.0,8.0,46.0,17.0,243.0,537
411940,2012,15.0,0.0,12.0,2.0,1.0,47.0,22.0,6.0,32.0,18.0,157.0,367
411940,2013,0.0,0.0,0.0,0.0,0.0,0.0,0.0,0.0,0.0,0.0,167.0,353
411940,2014,14.0,0.0,6.0,8.0,3.0,51.0,19.0,14.0,33.0,25.0,179.0,400
411940,2015,8.0,0.0,6.0,1.0,2.0,49.0,22.0,7.0,54.0,4.0,157.0,399
411940,2016,12.0,0.0,10.0,3.0,5.0,46.0,12.0,8.0,36.0,13.0,146.0,365
411940,2017,17.0,0.0,4.0,4.0,3.0,41.0,12.0,12.0,30.0,20.0,152.0,368
411940,2018,15.0,1.0,0.0,6.0,3.0,39.0,10.0,14.0,28.0,19.0,137.0,325
411940,2019,13.0,0.0,1.0,3.0,3.0,50.0,7.0,14.0,22.0,27.0,141.0,345
411950,2012,119.0,3.0,18.0,14.0,14.0,242.0,62.0,19.0,200.0,50.0,816.0,1684
411950,2013,0.0,0.0,0.0,0.0,0.0,0.0,0.0,0.0,0.0,0.0,764.0,1621
411950,2014,68.0,0.0,29.0,22.0,22.0,253.0,75.0,40.0,158.0,77.0,799.0,1671
411950,2015,64.0,3.0,21.0,29.0,20.0,256.0,78.0,39.0,167.0,75.0,794.0,1608
411950,2016,71.0,4.0,15.0,22.0,14.0,245.0,77.0,19.0,136.0,59.0,696.0,1543
411950,2017,81.0,2.0,24.0,17.0,13.0,280.0,79.0,32.0,133.0,68.0,749.0,1567
411950,2018,84.0,3.0,53.0,21.0,18.0,273.0,92.0,27.0,159.0,63.0,804.0,1563
411950,2019,82.0,3.0,22.0,21.0,14.0,311.0,103.0,38.0,159.0,87.0,848.0,1608
411960,2012,29.0,4.0,3.0,0.0,3.0,82.0,39.0,21.0,86.0,57.0,326.0,463
411960,2013,0.0,0.0,0.0,0.0,0.0,0.0,0.0,0.0,0.0,0.0,343.0,465
411960,2014,16.0,3.0,5.0,4.0,8.0,109.0,40.0,34.0,88.0,70.0,380.0,488
411960,2015,14.0,1.0,6.0,11.0,4.0,103.0,25.0,22.0,64.0,71.0,324.0,478
411960,2016,13.0,0.0,12.0,6.0,2.0,120.0,27.0,24.0,61.0,46.0,311.0,440
411960,2017,6.0,1.0,0.0,5.0,6.0,126.0,27.0,19.0,60.0,48.0,298.0,439
411960,2018,20.0,0.0,12.0,7.0,6.0,132.0,36.0,20.0,67.0,45.0,345.0,489
411960,2019,20.0,2.0,10.0,7.0,4.0,123.0,10.0,23.0,43.0,65.0,307.0,468
411965,2012,2.0,0.0,2.0,0.0,0.0,15.0,1.0,0.0,4.0,7.0,31.0,37
411965,2013,0.0,0.0,0.0,0.0,0.0,0.0,0.0,0.0,0.0,0.0,20.0,36
411965,2014,1.0,0.0,0.0,0.0,1.0,7.0,0.0,1.0,6.0,2.0,18.0,32
411965,2015,5.0,0.0,0.0,0.0,0.0,10.0,2.0,0.0,7.0,3.0,27.0,36
411965,2016,1.0,0.0,0.0,0.0,0.0,8.0,0.0,1.0,4.0,1.0,15.0,32
411965,2017,1.0,0.0,0.0,1.0,0.0,5.0,0.0,1.0,4.0,6.0,18.0,24
411965,2018,2.0,0.0,0.0,1.0,0.0,8.0,2.0,2.0,3.0,1.0,19.0,32
411965,2019,2.0,0.0,0.0,1.0,1.0,6.0,0.0,0.0,6.0,4.0,20.0,23
411970,2012,5.0,0.0,2.0,0.0,0.0,15.0,3.0,2.0,14.0,7.0,49.0,57
411970,2013,0.0,0.0,0.0,0.0,0.0,0.0,0.0,0.0,0.0,0.0,36.0,49
411970,2014,9.0,1.0,3.0,2.0,1.0,22.0,1.0,9.0,2.0,11.0,61.0,68
411970,2015,2.0,0.0,0.0,1.0,1.0,20.0,4.0,10.0,6.0,25.0,70.0,74
411970,2016,4.0,0.0,2.0,3.0,0.0,13.0,8.0,5.0,10.0,8.0,54.0,59
411970,2017,6.0,0.0,0.0,1.0,0.0,20.0,5.0,0.0,15.0,7.0,55.0,65
411970,2018,4.0,0.0,1.0,1.0,0.0,19.0,6.0,0.0,16.0,1.0,48.0,61
411970,2019,4.0,0.0,0.0,2.0,0.0,23.0,8.0,0.0,17.0,1.0,56.0,69
411980,2012,7.0,1.0,4.0,2.0,2.0,19.0,4.0,2.0,8.0,16.0,65.0,127
411980,2013,0.0,0.0,0.0,0.0,0.0,0.0,0.0,0.0,0.0,0.0,67.0,124
411980,2014,4.0,1.0,2.0,1.0,2.0,25.0,7.0,5.0,14.0,17.0,79.0,127
411980,2015,7.0,0.0,4.0,2.0,1.0,26.0,6.0,4.0,10.0,11.0,72.0,123
411980,2016,2.0,0.0,8.0,1.0,0.0,25.0,6.0,5.0,12.0,14.0,75.0,127
411980,2017,4.0,0.0,6.0,4.0,2.0,36.0,6.0,9.0,4.0,15.0,86.0,140
411980,2018,5.0,0.0,0.0,2.0,1.0,25.0,5.0,10.0,19.0,23.0,90.0,156
411980,2019,7.0,0.0,4.0,2.0,1.0,38.0,5.0,3.0,12.0,13.0,86.0,159
411990,2012,286.0,3.0,85.0,51.0,43.0,809.0,281.0,66.0,742.0,212.0,2686.0,5257
411990,2013,0.0,0.0,0.0,0.0,0.0,0.0,0.0,0.0,0.0,0.0,2916.0,5196
411990,2014,279.0,2.0,81.0,63.0,51.0,904.0,388.0,71.0,871.0,160.0,2898.0,5569
411990,2015,280.0,3.0,101.0,43.0,21.0,919.0,402.0,55.0,885.0,127.0,2849.0,5375
411990,2016,281.0,8.0,93.0,59.0,52.0,974.0,353.0,91.0,852.0,235.0,3005.0,5340
411990,2017,264.0,8.0,112.0,87.0,57.0,915.0,242.0,170.0,512.0,353.0,2751.0,5292
411990,2018,261.0,6.0,72.0,85.0,47.0,1092.0,250.0,140.0,587.0,272.0,2839.0,5415
411990,2019,208.0,5.0,77.0,61.0,39.0,1056.0,189.0,181.0,429.0,381.0,2650.0,4995
411995,2012,8.0,0.0,2.0,5.0,7.0,54.0,12.0,3.0,34.0,8.0,141.0,302
411995,2013,0.0,0.0,0.0,0.0,0.0,0.0,0.0,0.0,0.0,0.0,136.0,324
411995,2014,9.0,0.0,3.0,4.0,2.0,55.0,16.0,4.0,32.0,11.0,138.0,355
411995,2015,9.0,1.0,14.0,4.0,4.0,53.0,15.0,6.0,30.0,5.0,141.0,330
411995,2016,9.0,0.0,2.0,8.0,4.0,53.0,18.0,5.0,38.0,16.0,153.0,365
411995,2017,12.0,1.0,7.0,6.0,2.0,78.0,11.0,12.0,49.0,12.0,192.0,418
411995,2018,11.0,0.0,12.0,9.0,5.0,66.0,21.0,5.0,50.0,16.0,196.0,436
411995,2019,18.0,0.0,2.0,6.0,6.0,66.0,12.0,4.0,36.0,14.0,164.0,345
412000,2012,10.0,1.0,0.0,1.0,2.0,55.0,1.0,19.0,8.0,50.0,151.0,169
412000,2013,0.0,0.0,0.0,0.0,0.0,0.0,0.0,0.0,0.0,0.0,138.0,153
412000,2014,6.0,0.0,3.0,3.0,1.0,52.0,3.0,21.0,9.0,68.0,167.0,187
412000,2015,8.0,4.0,1.0,3.0,3.0,57.0,2.0,13.0,5.0,31.0,128.0,161
412000,2016,6.0,1.0,0.0,5.0,3.0,50.0,5.0,10.0,7.0,40.0,128.0,168
412000,2017,10.0,2.0,9.0,5.0,3.0,41.0,2.0,3.0,23.0,11.0,109.0,165
412000,2018,8.0,3.0,5.0,6.0,5.0,39.0,4.0,6.0,16.0,15.0,109.0,137
412000,2019,9.0,1.0,4.0,1.0,5.0,32.0,5.0,1.0,16.0,5.0,81.0,112
412010,2012,2.0,0.0,2.0,1.0,3.0,7.0,3.0,1.0,17.0,0.0,36.0,60
412010,2013,0.0,0.0,0.0,0.0,0.0,0.0,0.0,0.0,0.0,0.0,38.0,52
412010,2014,4.0,0.0,0.0,0.0,0.0,12.0,3.0,1.0,6.0,5.0,32.0,51
412010,2015,1.0,0.0,8.0,3.0,0.0,12.0,1.0,2.0,6.0,3.0,37.0,67
412010,2016,1.0,1.0,0.0,0.0,0.0,9.0,1.0,3.0,6.0,1.0,23.0,52
412010,2017,0.0,0.0,0.0,1.0,1.0,5.0,2.0,2.0,8.0,0.0,21.0,44
412010,2018,5.0,0.0,2.0,0.0,2.0,10.0,3.0,1.0,6.0,1.0,30.0,60
412010,2019,3.0,0.0,2.0,1.0,0.0,9.0,0.0,2.0,4.0,1.0,23.0,52
412015,2012,0.0,0.0,0.0,0.0,0.0,2.0,1.0,0.0,5.0,4.0,12.0,39
412015,2013,0.0,0.0,0.0,0.0,0.0,0.0,0.0,0.0,0.0,0.0,26.0,47
412015,2014,1.0,0.0,4.0,2.0,1.0,5.0,5.0,1.0,7.0,4.0,30.0,45
412015,2015,2.0,0.0,0.0,0.0,0.0,5.0,4.0,3.0,5.0,5.0,24.0,46
412015,2016,4.0,0.0,0.0,0.0,0.0,8.0,2.0,0.0,5.0,6.0,25.0,44
412015,2017,0.0,0.0,0.0,2.0,0.0,7.0,0.0,2.0,8.0,9.0,28.0,41
412015,2018,1.0,1.0,1.0,2.0,0.0,5.0,1.0,0.0,5.0,2.0,18.0,33
412015,2019,3.0,2.0,0.0,1.0,1.0,10.0,1.0,6.0,2.0,7.0,33.0,47
412020,2012,4.0,0.0,0.0,1.0,0.0,8.0,5.0,0.0,3.0,7.0,31.0,37
412020,2013,0.0,0.0,0.0,0.0,0.0,0.0,0.0,0.0,0.0,0.0,21.0,24
412020,2014,0.0,0.0,0.0,0.0,1.0,8.0,4.0,4.0,3.0,9.0,29.0,30
412020,2015,0.0,0.0,0.0,1.0,2.0,15.0,1.0,1.0,3.0,7.0,31.0,35
412020,2016,1.0,1.0,0.0,3.0,3.0,11.0,3.0,1.0,6.0,3.0,32.0,36
412020,2017,2.0,0.0,0.0,1.0,0.0,15.0,6.0,0.0,5.0,1.0,32.0,35
412020,2018,0.0,0.0,2.0,0.0,1.0,11.0,5.0,0.0,4.0,0.0,25.0,30
412020,2019,1.0,0.0,0.0,3.0,1.0,8.0,6.0,1.0,7.0,3.0,33.0,37
412030,2012,5.0,0.0,0.0,0.0,1.0,7.0,3.0,0.0,4.0,3.0,23.0,46
412030,2013,0.0,0.0,0.0,0.0,0.0,0.0,0.0,0.0,0.0,0.0,32.0,62
412030,2014,1.0,0.0,0.0,0.0,1.0,9.0,6.0,2.0,8.0,2.0,29.0,49
412030,2015,2.0,0.0,0.0,1.0,1.0,7.0,1.0,0.0,13.0,4.0,29.0,51
412030,2016,2.0,0.0,0.0,2.0,0.0,4.0,3.0,1.0,8.0,2.0,22.0,44
412030,2017,5.0,0.0,4.0,1.0,1.0,7.0,2.0,1.0,4.0,1.0,26.0,54
412030,2018,4.0,0.0,1.0,0.0,0.0,16.0,6.0,0.0,3.0,0.0,30.0,56
412030,2019,2.0,0.0,0.0,0.0,0.0,9.0,1.0,0.0,4.0,2.0,18.0,39
412033,2012,3.0,0.0,0.0,4.0,5.0,3.0,3.0,1.0,10.0,0.0,29.0,49
412033,2013,0.0,0.0,0.0,0.0,0.0,0.0,0.0,0.0,0.0,0.0,33.0,55
412033,2014,0.0,1.0,1.0,2.0,0.0,5.0,5.0,4.0,5.0,4.0,27.0,44
412033,2015,1.0,0.0,2.0,2.0,0.0,14.0,3.0,4.0,8.0,9.0,43.0,69
412033,2016,4.0,0.0,2.0,1.0,1.0,8.0,2.0,1.0,6.0,3.0,29.0,58
412033,2017,4.0,0.0,0.0,0.0,1.0,10.0,9.0,0.0,5.0,3.0,32.0,50
412033,2018,2.0,0.0,1.0,1.0,0.0,12.0,4.0,0.0,4.0,3.0,27.0,44
412033,2019,5.0,0.0,2.0,2.0,2.0,13.0,3.0,1.0,3.0,3.0,34.0,64
412035,2012,7.0,0.0,0.0,1.0,1.0,14.0,3.0,3.0,7.0,7.0,45.0,56
412035,2013,0.0,0.0,0.0,0.0,0.0,0.0,0.0,0.0,0.0,0.0,40.0,59
412035,2014,6.0,0.0,0.0,0.0,1.0,24.0,2.0,1.0,7.0,4.0,46.0,64
412035,2015,5.0,1.0,3.0,0.0,1.0,18.0,2.0,3.0,7.0,8.0,52.0,82
412035,2016,4.0,2.0,0.0,1.0,1.0,16.0,1.0,4.0,3.0,8.0,41.0,65
412035,2017,3.0,0.0,0.0,0.0,1.0,28.0,3.0,4.0,9.0,13.0,61.0,96
412035,2018,2.0,0.0,2.0,2.0,0.0,29.0,2.0,1.0,6.0,6.0,50.0,80
412035,2019,4.0,2.0,1.0,2.0,2.0,25.0,6.0,3.0,3.0,9.0,58.0,90
412040,2012,2.0,0.0,2.0,0.0,0.0,16.0,2.0,1.0,16.0,7.0,47.0,65
412040,2013,0.0,0.0,0.0,0.0,0.0,0.0,0.0,0.0,0.0,0.0,56.0,70
412040,2014,1.0,0.0,2.0,0.0,1.0,24.0,5.0,2.0,10.0,4.0,49.0,66
412040,2015,3.0,0.0,0.0,1.0,2.0,13.0,6.0,1.0,7.0,3.0,36.0,61
412040,2016,2.0,0.0,2.0,1.0,0.0,20.0,3.0,4.0,6.0,5.0,43.0,64
412040,2017,5.0,0.0,0.0,0.0,1.0,23.0,4.0,3.0,4.0,7.0,47.0,69
412040,2018,6.0,0.0,2.0,1.0,1.0,28.0,3.0,2.0,9.0,7.0,59.0,81
412040,2019,5.0,0.0,6.0,1.0,2.0,25.0,2.0,1.0,9.0,3.0,54.0,72
412050,2012,9.0,0.0,0.0,0.0,3.0,20.0,5.0,5.0,23.0,7.0,75.0,105
412050,2013,0.0,0.0,0.0,0.0,0.0,0.0,0.0,0.0,0.0,0.0,61.0,91
412050,2014,9.0,2.0,3.0,3.0,4.0,24.0,5.0,3.0,21.0,18.0,95.0,116
412050,2015,5.0,0.0,0.0,1.0,1.0,15.0,9.0,3.0,19.0,11.0,64.0,98
412050,2016,7.0,0.0,0.0,2.0,1.0,25.0,8.0,4.0,21.0,7.0,75.0,112
412050,2017,4.0,0.0,3.0,2.0,2.0,29.0,4.0,2.0,13.0,10.0,69.0,96
412050,2018,4.0,2.0,0.0,2.0,0.0,26.0,7.0,1.0,15.0,5.0,65.0,90
412050,2019,3.0,1.0,0.0,3.0,1.0,29.0,3.0,4.0,13.0,5.0,62.0,85
412060,2012,21.0,3.0,11.0,12.0,7.0,70.0,20.0,20.0,54.0,44.0,266.0,658
412060,2013,0.0,0.0,0.0,0.0,0.0,0.0,0.0,0.0,0.0,0.0,297.0,635
412060,2014,31.0,2.0,10.0,13.0,10.0,99.0,16.0,39.0,35.0,86.0,346.0,746
412060,2015,28.0,6.0,6.0,22.0,14.0,87.0,16.0,31.0,39.0,68.0,318.0,696
412060,2016,25.0,4.0,14.0,17.0,15.0,80.0,25.0,26.0,35.0,78.0,320.0,681
412060,2017,24.0,8.0,9.0,16.0,10.0,88.0,34.0,36.0,60.0,63.0,349.0,665
412060,2018,30.0,1.0,6.0,8.0,4.0,95.0,22.0,35.0,43.0,68.0,312.0,599
412060,2019,29.0,1.0,9.0,9.0,9.0,82.0,27.0,43.0,37.0,76.0,322.0,591
412065,2012,1.0,0.0,2.0,3.0,0.0,13.0,1.0,0.0,5.0,7.0,33.0,48
412065,2013,0.0,0.0,0.0,0.0,0.0,0.0,0.0,0.0,0.0,0.0,43.0,61
412065,2014,2.0,0.0,0.0,1.0,1.0,18.0,10.0,0.0,18.0,4.0,54.0,63
412065,2015,2.0,0.0,0.0,2.0,0.0,17.0,7.0,1.0,9.0,6.0,46.0,58
412065,2016,5.0,0.0,0.0,1.0,3.0,10.0,3.0,3.0,8.0,3.0,36.0,47
412065,2017,4.0,0.0,2.0,1.0,5.0,10.0,7.0,0.0,10.0,5.0,45.0,55
412065,2018,4.0,0.0,0.0,1.0,2.0,11.0,10.0,2.0,5.0,9.0,44.0,54
412065,2019,6.0,0.0,5.0,2.0,1.0,19.0,2.0,0.0,8.0,4.0,47.0,55
412070,2012,14.0,0.0,0.0,0.0,0.0,26.0,6.0,1.0,24.0,4.0,77.0,95
412070,2013,0.0,0.0,0.0,0.0,0.0,0.0,0.0,0.0,0.0,0.0,59.0,85
412070,2014,8.0,0.0,2.0,0.0,0.0,15.0,1.0,8.0,12.0,14.0,68.0,94
412070,2015,8.0,1.0,3.0,0.0,2.0,11.0,4.0,4.0,6.0,11.0,64.0,94
412070,2016,5.0,0.0,0.0,2.0,0.0,16.0,3.0,0.0,14.0,11.0,60.0,91
412070,2017,3.0,0.0,0.0,3.0,1.0,26.0,5.0,3.0,8.0,6.0,63.0,99
412070,2018,2.0,0.0,2.0,1.0,2.0,25.0,0.0,1.0,8.0,12.0,55.0,92
412070,2019,6.0,0.0,2.0,3.0,1.0,27.0,1.0,3.0,6.0,8.0,57.0,95
412080,2012,29.0,1.0,4.0,4.0,2.0,65.0,19.0,3.0,53.0,18.0,212.0,339
412080,2013,0.0,0.0,0.0,0.0,0.0,0.0,0.0,0.0,0.0,0.0,222.0,356
412080,2014,12.0,3.0,6.0,7.0,5.0,76.0,29.0,2.0,71.0,14.0,240.0,368
412080,2015,13.0,5.0,9.0,5.0,2.0,69.0,24.0,3.0,52.0,15.0,201.0,357
412080,2016,14.0,0.0,10.0,1.0,3.0,74.0,26.0,2.0,53.0,12.0,201.0,332
412080,2017,11.0,1.0,15.0,0.0,2.0,72.0,20.0,10.0,53.0,6.0,195.0,334
412080,2018,11.0,1.0,7.0,1.0,1.0,78.0,20.0,3.0,46.0,10.0,181.0,303
412080,2019,12.0,0.0,5.0,8.0,4.0,72.0,20.0,3.0,51.0,17.0,193.0,302
412085,2012,2.0,0.0,0.0,1.0,1.0,9.0,0.0,0.0,5.0,6.0,25.0,31
412085,2013,0.0,0.0,0.0,0.0,0.0,0.0,0.0,0.0,0.0,0.0,25.0,30
412085,2014,6.0,0.0,0.0,1.0,0.0,10.0,4.0,2.0,10.0,5.0,38.0,43
412085,2015,2.0,0.0,2.0,1.0,0.0,14.0,4.0,2.0,12.0,4.0,41.0,46
412085,2016,1.0,0.0,2.0,0.0,3.0,14.0,5.0,1.0,14.0,5.0,45.0,51
412085,2017,0.0,0.0,2.0,1.0,0.0,15.0,1.0,1.0,5.0,9.0,34.0,40
412085,2018,0.0,0.0,4.0,0.0,0.0,30.0,4.0,0.0,10.0,4.0,52.0,64
412085,2019,4.0,0.0,3.0,0.0,1.0,16.0,4.0,0.0,7.0,2.0,37.0,51
412090,2012,29.0,1.0,2.0,12.0,6.0,89.0,14.0,22.0,44.0,69.0,292.0,511
412090,2013,0.0,0.0,0.0,0.0,0.0,0.0,0.0,0.0,0.0,0.0,307.0,446
412090,2014,19.0,1.0,6.0,6.0,5.0,81.0,17.0,16.0,51.0,53.0,255.0,434
412090,2015,21.0,0.0,4.0,7.0,5.0,94.0,24.0,15.0,69.0,61.0,301.0,493
412090,2016,18.0,1.0,10.0,8.0,5.0,108.0,17.0,24.0,34.0,71.0,296.0,464
412090,2017,16.0,1.0,9.0,7.0,2.0,103.0,14.0,28.0,56.0,71.0,308.0,506
412090,2018,10.0,0.0,4.0,5.0,4.0,104.0,11.0,15.0,48.0,48.0,250.0,493
412090,2019,15.0,0.0,4.0,11.0,3.0,100.0,13.0,9.0,36.0,40.0,231.0,444
412100,2012,15.0,0.0,6.0,2.0,2.0,37.0,10.0,4.0,24.0,15.0,122.0,178
412100,2013,0.0,0.0,0.0,0.0,0.0,0.0,0.0,0.0,0.0,0.0,145.0,192
412100,2014,10.0,1.0,6.0,1.0,0.0,35.0,19.0,5.0,42.0,16.0,142.0,171
412100,2015,12.0,1.0,0.0,0.0,2.0,47.0,21.0,12.0,25.0,15.0,142.0,180
412100,2016,9.0,1.0,2.0,2.0,1.0,50.0,21.0,8.0,32.0,19.0,152.0,180
412100,2017,10.0,0.0,2.0,0.0,2.0,52.0,12.0,5.0,44.0,12.0,142.0,171
412100,2018,3.0,0.0,10.0,1.0,0.0,54.0,14.0,5.0,42.0,16.0,149.0,175
412100,2019,6.0,1.0,8.0,0.0,0.0,42.0,13.0,13.0,26.0,15.0,126.0,162
412110,2012,5.0,2.0,0.0,2.0,2.0,9.0,0.0,1.0,16.0,3.0,40.0,64
412110,2013,0.0,0.0,0.0,0.0,0.0,0.0,0.0,0.0,0.0,0.0,32.0,50
412110,2014,0.0,2.0,3.0,5.0,3.0,12.0,3.0,2.0,10.0,1.0,41.0,62
412110,2015,5.0,3.0,5.0,4.0,2.0,13.0,1.0,2.0,9.0,5.0,49.0,79
412110,2016,1.0,0.0,2.0,7.0,1.0,14.0,2.0,4.0,5.0,5.0,41.0,56
412110,2017,1.0,2.0,2.0,6.0,1.0,15.0,1.0,3.0,6.0,12.0,49.0,73
412110,2018,5.0,0.0,0.0,7.0,5.0,12.0,3.0,1.0,4.0,5.0,42.0,63
412110,2019,2.0,0.0,0.0,5.0,6.0,13.0,3.0,0.0,6.0,4.0,39.0,54
412120,2012,9.0,0.0,2.0,3.0,3.0,26.0,9.0,5.0,24.0,10.0,95.0,180
412120,2013,0.0,0.0,0.0,0.0,0.0,0.0,0.0,0.0,0.0,0.0,107.0,207
412120,2014,4.0,0.0,1.0,6.0,4.0,26.0,8.0,1.0,19.0,14.0,85.0,185
412120,2015,4.0,0.0,3.0,5.0,1.0,28.0,11.0,3.0,32.0,10.0,102.0,222
412120,2016,3.0,0.0,9.0,4.0,4.0,36.0,11.0,6.0,30.0,12.0,117.0,232
412120,2017,13.0,2.0,5.0,2.0,2.0,36.0,8.0,6.0,32.0,9.0,125.0,241
412120,2018,10.0,1.0,0.0,1.0,2.0,41.0,11.0,8.0,30.0,11.0,115.0,239
412120,2019,4.0,1.0,2.0,5.0,3.0,38.0,8.0,1.0,31.0,8.0,101.0,231
412125,2012,3.0,0.0,0.0,3.0,0.0,6.0,0.0,1.0,2.0,2.0,24.0,37
412125,2013,0.0,0.0,0.0,0.0,0.0,0.0,0.0,0.0,0.0,0.0,42.0,67
412125,2014,1.0,0.0,2.0,1.0,0.0,7.0,3.0,1.0,7.0,1.0,29.0,48
412125,2015,2.0,0.0,0.0,0.0,0.0,10.0,4.0,0.0,9.0,5.0,37.0,55
412125,2016,2.0,0.0,2.0,1.0,2.0,11.0,5.0,1.0,7.0,5.0,41.0,64
412125,2017,4.0,1.0,2.0,0.0,1.0,19.0,1.0,1.0,8.0,12.0,49.0,66
412125,2018,3.0,1.0,0.0,0.0,1.0,15.0,4.0,3.0,9.0,7.0,43.0,64
412125,2019,6.0,0.0,2.0,0.0,0.0,19.0,3.0,2.0,6.0,11.0,49.0,77
412130,2012,0.0,4.0,2.0,5.0,2.0,7.0,0.0,1.0,8.0,2.0,33.0,40
412130,2013,0.0,0.0,0.0,0.0,0.0,0.0,0.0,0.0,0.0,0.0,35.0,47
412130,2014,4.0,0.0,0.0,0.0,2.0,7.0,3.0,1.0,8.0,3.0,31.0,43
412130,2015,1.0,1.0,3.0,0.0,0.0,13.0,5.0,0.0,18.0,2.0,44.0,52
412130,2016,5.0,0.0,0.0,1.0,1.0,7.0,3.0,2.0,14.0,1.0,35.0,43
412130,2017,4.0,2.0,0.0,0.0,0.0,5.0,4.0,1.0,6.0,0.0,22.0,27
412130,2018,2.0,0.0,0.0,2.0,0.0,8.0,5.0,0.0,9.0,0.0,27.0,36
412130,2019,7.0,1.0,0.0,0.0,0.0,8.0,4.0,0.0,4.0,2.0,29.0,32
412135,2012,3.0,1.0,1.0,0.0,0.0,6.0,0.0,1.0,2.0,5.0,19.0,32
412135,2013,0.0,0.0,0.0,0.0,0.0,0.0,0.0,0.0,0.0,0.0,21.0,28
412135,2014,2.0,0.0,0.0,3.0,0.0,9.0,4.0,0.0,4.0,5.0,27.0,35
412135,2015,2.0,1.0,0.0,0.0,0.0,6.0,2.0,1.0,10.0,3.0,25.0,32
412135,2016,0.0,0.0,0.0,1.0,0.0,7.0,1.0,1.0,1.0,3.0,14.0,17
412135,2017,1.0,0.0,6.0,2.0,1.0,8.0,3.0,2.0,11.0,0.0,34.0,42
412135,2018,2.0,0.0,2.0,0.0,0.0,8.0,2.0,3.0,6.0,3.0,26.0,31
412135,2019,2.0,0.0,0.0,0.0,0.0,7.0,4.0,1.0,11.0,2.0,28.0,32
412140,2012,25.0,2.0,11.0,9.0,5.0,33.0,18.0,7.0,30.0,28.0,171.0,220
412140,2013,0.0,0.0,0.0,0.0,0.0,0.0,0.0,0.0,0.0,0.0,173.0,225
412140,2014,7.0,0.0,0.0,3.0,2.0,58.0,20.0,10.0,30.0,21.0,157.0,195
412140,2015,14.0,2.0,6.0,4.0,3.0,59.0,17.0,15.0,46.0,36.0,207.0,238
412140,2016,5.0,1.0,10.0,6.0,4.0,54.0,17.0,13.0,39.0,39.0,190.0,240
412140,2017,15.0,0.0,10.0,8.0,4.0,53.0,17.0,4.0,35.0,22.0,170.0,210
412140,2018,14.0,0.0,6.0,7.0,4.0,57.0,12.0,4.0,34.0,21.0,159.0,219
412140,2019,11.0,1.0,3.0,5.0,5.0,74.0,16.0,4.0,29.0,12.0,160.0,212
412150,2012,16.0,3.0,2.0,4.0,0.0,34.0,18.0,5.0,36.0,5.0,123.0,202
412150,2013,0.0,0.0,0.0,0.0,0.0,0.0,0.0,0.0,0.0,0.0,123.0,203
412150,2014,6.0,1.0,1.0,2.0,8.0,37.0,13.0,4.0,56.0,1.0,130.0,209
412150,2015,13.0,0.0,2.0,4.0,3.0,39.0,12.0,6.0,43.0,5.0,127.0,230
412150,2016,11.0,0.0,8.0,6.0,3.0,35.0,11.0,1.0,40.0,8.0,123.0,215
412150,2017,10.0,2.0,2.0,3.0,2.0,43.0,19.0,4.0,33.0,2.0,120.0,234
412150,2018,12.0,0.0,3.0,5.0,2.0,35.0,11.0,4.0,27.0,5.0,105.0,198
412150,2019,15.0,1.0,4.0,3.0,3.0,43.0,10.0,1.0,22.0,3.0,105.0,197
412160,2012,4.0,0.0,0.0,2.0,1.0,10.0,2.0,2.0,11.0,5.0,38.0,77
412160,2013,0.0,0.0,0.0,0.0,0.0,0.0,0.0,0.0,0.0,0.0,50.0,86
412160,2014,8.0,1.0,2.0,1.0,6.0,16.0,8.0,3.0,7.0,11.0,63.0,100
412160,2015,4.0,1.0,4.0,4.0,0.0,13.0,6.0,3.0,15.0,7.0,59.0,90
412160,2016,5.0,0.0,2.0,4.0,2.0,22.0,7.0,2.0,12.0,4.0,60.0,103
412160,2017,5.0,0.0,0.0,3.0,2.0,19.0,3.0,3.0,8.0,8.0,51.0,87
412160,2018,9.0,0.0,3.0,1.0,1.0,20.0,4.0,5.0,17.0,5.0,65.0,97
412160,2019,11.0,0.0,0.0,1.0,0.0,23.0,4.0,3.0,16.0,7.0,66.0,97
412170,2012,24.0,4.0,10.0,3.0,5.0,47.0,17.0,9.0,46.0,21.0,187.0,384
412170,2013,0.0,0.0,0.0,0.0,0.0,0.0,0.0,0.0,0.0,0.0,213.0,391
412170,2014,17.0,2.0,3.0,4.0,10.0,52.0,29.0,11.0,46.0,24.0,203.0,407
412170,2015,5.0,0.0,9.0,3.0,2.0,60.0,25.0,16.0,48.0,19.0,189.0,407
412170,2016,16.0,1.0,0.0,6.0,5.0,68.0,32.0,7.0,57.0,26.0,218.0,398
412170,2017,12.0,0.0,4.0,4.0,3.0,70.0,39.0,6.0,49.0,27.0,214.0,396
412170,2018,13.0,0.0,4.0,3.0,3.0,78.0,23.0,10.0,53.0,21.0,211.0,381
412170,2019,8.0,1.0,12.0,7.0,6.0,65.0,23.0,20.0,35.0,33.0,211.0,374
412175,2012,6.0,1.0,5.0,4.0,1.0,17.0,2.0,0.0,9.0,5.0,54.0,128
412175,2013,0.0,0.0,0.0,0.0,0.0,0.0,0.0,0.0,0.0,0.0,43.0,112
412175,2014,6.0,0.0,0.0,3.0,0.0,25.0,7.0,2.0,14.0,5.0,64.0,130
412175,2015,0.0,1.0,0.0,3.0,0.0,20.0,8.0,1.0,5.0,3.0,42.0,120
412175,2016,4.0,0.0,0.0,0.0,1.0,16.0,7.0,1.0,10.0,4.0,44.0,106
412175,2017,3.0,1.0,1.0,2.0,1.0,12.0,9.0,1.0,21.0,6.0,58.0,109
412175,2018,1.0,0.0,0.0,2.0,1.0,26.0,7.0,5.0,12.0,10.0,64.0,109
412175,2019,4.0,0.0,0.0,3.0,0.0,20.0,3.0,5.0,7.0,11.0,54.0,103
412180,2012,11.0,0.0,0.0,2.0,1.0,10.0,1.0,2.0,11.0,7.0,57.0,115
412180,2013,0.0,0.0,0.0,0.0,0.0,0.0,0.0,0.0,0.0,0.0,93.0,140
412180,2014,4.0,0.0,2.0,1.0,1.0,29.0,2.0,6.0,17.0,18.0,89.0,150
412180,2015,7.0,0.0,6.0,2.0,0.0,19.0,6.0,11.0,9.0,30.0,93.0,146
412180,2016,10.0,0.0,2.0,4.0,3.0,32.0,8.0,7.0,11.0,11.0,88.0,151
412180,2017,15.0,0.0,2.0,2.0,0.0,38.0,5.0,5.0,14.0,27.0,113.0,178
412180,2018,9.0,0.0,2.0,5.0,3.0,29.0,1.0,5.0,12.0,18.0,85.0,139
412180,2019,7.0,0.0,2.0,3.0,4.0,32.0,3.0,14.0,6.0,19.0,91.0,142
412190,2012,5.0,0.0,0.0,2.0,3.0,23.0,6.0,3.0,15.0,11.0,71.0,174
412190,2013,0.0,0.0,0.0,0.0,0.0,0.0,0.0,0.0,0.0,0.0,71.0,171
412190,2014,1.0,1.0,4.0,6.0,1.0,32.0,0.0,7.0,14.0,21.0,88.0,181
412190,2015,6.0,1.0,4.0,3.0,3.0,35.0,4.0,10.0,9.0,26.0,102.0,178
412190,2016,5.0,1.0,5.0,0.0,4.0,34.0,5.0,5.0,17.0,17.0,108.0,199
412190,2017,7.0,1.0,11.0,6.0,2.0,22.0,3.0,10.0,9.0,21.0,92.0,175
412190,2018,7.0,0.0,3.0,2.0,0.0,38.0,11.0,8.0,11.0,31.0,113.0,199
412190,2019,3.0,1.0,2.0,1.0,2.0,31.0,4.0,15.0,8.0,29.0,98.0,165
412200,2012,5.0,0.0,8.0,2.0,8.0,22.0,17.0,7.0,27.0,18.0,114.0,200
412200,2013,0.0,0.0,0.0,0.0,0.0,0.0,0.0,0.0,0.0,0.0,101.0,190
412200,2014,10.0,0.0,2.0,2.0,2.0,26.0,16.0,0.0,27.0,12.0,97.0,170
412200,2015,6.0,2.0,5.0,2.0,1.0,28.0,13.0,7.0,30.0,15.0,109.0,200
412200,2016,8.0,0.0,0.0,4.0,3.0,36.0,9.0,12.0,24.0,23.0,119.0,189
412200,2017,10.0,2.0,2.0,3.0,2.0,34.0,11.0,27.0,7.0,40.0,138.0,207
412200,2018,9.0,2.0,0.0,7.0,1.0,40.0,3.0,14.0,22.0,37.0,135.0,202
412200,2019,12.0,2.0,4.0,9.0,2.0,31.0,8.0,10.0,30.0,13.0,123.0,171
412210,2012,3.0,0.0,4.0,0.0,0.0,5.0,1.0,0.0,10.0,0.0,23.0,34
412210,2013,0.0,0.0,0.0,0.0,0.0,0.0,0.0,0.0,0.0,0.0,25.0,38
412210,2014,3.0,0.0,2.0,0.0,0.0,10.0,0.0,0.0,4.0,0.0,19.0,28
412210,2015,3.0,0.0,0.0,0.0,0.0,12.0,1.0,0.0,7.0,1.0,24.0,33
412210,2016,3.0,0.0,2.0,0.0,1.0,8.0,2.0,0.0,8.0,0.0,24.0,35
412210,2017,0.0,0.0,0.0,0.0,0.0,9.0,2.0,0.0,6.0,1.0,18.0,42
412210,2018,2.0,0.0,2.0,0.0,0.0,16.0,1.0,0.0,9.0,0.0,30.0,45
412210,2019,3.0,0.0,2.0,0.0,0.0,9.0,5.0,0.0,6.0,0.0,25.0,34
412215,2012,2.0,0.0,3.0,4.0,3.0,27.0,3.0,3.0,25.0,15.0,85.0,196
412215,2013,0.0,0.0,0.0,0.0,0.0,0.0,0.0,0.0,0.0,0.0,97.0,205
412215,2014,1.0,1.0,1.0,2.0,2.0,44.0,11.0,16.0,17.0,27.0,122.0,247
412215,2015,6.0,1.0,0.0,4.0,3.0,36.0,10.0,8.0,20.0,18.0,106.0,227
412215,2016,5.0,1.0,0.0,2.0,4.0,38.0,8.0,11.0,23.0,16.0,108.0,259
412215,2017,8.0,0.0,4.0,1.0,0.0,50.0,10.0,12.0,23.0,23.0,131.0,245
412215,2018,8.0,1.0,4.0,3.0,4.0,39.0,7.0,11.0,19.0,27.0,123.0,227
412215,2019,4.0,0.0,6.0,3.0,7.0,53.0,5.0,9.0,13.0,23.0,123.0,238
412217,2012,4.0,1.0,0.0,0.0,0.0,4.0,4.0,1.0,10.0,2.0,27.0,42
412217,2013,0.0,0.0,0.0,0.0,0.0,0.0,0.0,0.0,0.0,0.0,38.0,48
412217,2014,3.0,0.0,2.0,0.0,0.0,13.0,7.0,0.0,9.0,2.0,36.0,43
412217,2015,3.0,0.0,2.0,1.0,1.0,22.0,2.0,3.0,8.0,4.0,52.0,63
412217,2016,1.0,1.0,2.0,0.0,1.0,19.0,7.0,3.0,13.0,9.0,57.0,67
412217,2017,6.0,0.0,4.0,0.0,0.0,16.0,8.0,1.0,21.0,5.0,62.0,73
412217,2018,4.0,1.0,1.0,0.0,0.0,27.0,4.0,0.0,19.0,2.0,58.0,69
412217,2019,4.0,4.0,0.0,2.0,2.0,16.0,5.0,1.0,10.0,3.0,47.0,52
412220,2012,40.0,1.0,8.0,4.0,9.0,86.0,22.0,14.0,69.0,46.0,331.0,603
412220,2013,0.0,0.0,0.0,0.0,0.0,0.0,0.0,0.0,0.0,0.0,286.0,609
412220,2014,19.0,0.0,8.0,11.0,16.0,96.0,17.0,6.0,73.0,30.0,285.0,613
412220,2015,14.0,0.0,17.0,14.0,9.0,85.0,14.0,15.0,59.0,39.0,280.0,641
412220,2016,17.0,2.0,10.0,15.0,7.0,101.0,12.0,5.0,60.0,33.0,277.0,606
412220,2017,19.0,0.0,6.0,12.0,6.0,71.0,9.0,14.0,58.0,28.0,249.0,562
412220,2018,20.0,0.0,6.0,11.0,7.0,108.0,27.0,6.0,62.0,32.0,283.0,584
412220,2019,17.0,1.0,11.0,13.0,7.0,104.0,23.0,9.0,44.0,40.0,273.0,559
412230,2012,31.0,2.0,6.0,6.0,5.0,66.0,21.0,10.0,52.0,33.0,235.0,381
412230,2013,0.0,0.0,0.0,0.0,0.0,0.0,0.0,0.0,0.0,0.0,200.0,345
412230,2014,16.0,0.0,0.0,5.0,0.0,47.0,17.0,12.0,52.0,23.0,178.0,333
412230,2015,21.0,0.0,12.0,5.0,4.0,77.0,24.0,6.0,55.0,22.0,227.0,404
412230,2016,24.0,0.0,4.0,4.0,5.0,70.0,20.0,9.0,42.0,14.0,194.0,366
412230,2017,19.0,0.0,4.0,13.0,2.0,91.0,18.0,13.0,49.0,21.0,230.0,406
412230,2018,19.0,2.0,2.0,6.0,4.0,67.0,15.0,4.0,45.0,20.0,212.0,376
412230,2019,16.0,0.0,10.0,5.0,3.0,57.0,16.0,7.0,45.0,9.0,225.0,385
412240,2012,52.0,4.0,14.0,82.0,72.0,119.0,29.0,6.0,149.0,32.0,567.0,843
412240,2013,0.0,0.0,0.0,0.0,0.0,0.0,0.0,0.0,0.0,0.0,624.0,883
412240,2014,47.0,5.0,16.0,56.0,27.0,192.0,75.0,19.0,151.0,72.0,665.0,897
412240,2015,46.0,9.0,14.0,52.0,25.0,202.0,68.0,33.0,129.0,74.0,659.0,911
412240,2016,52.0,10.0,22.0,69.0,44.0,185.0,29.0,23.0,90.0,64.0,593.0,883
412240,2017,34.0,5.0,28.0,44.0,22.0,253.0,49.0,21.0,113.0,65.0,643.0,967
412240,2018,51.0,3.0,20.0,59.0,28.0,261.0,52.0,20.0,154.0,78.0,730.0,1072
412240,2019,39.0,6.0,17.0,50.0,30.0,244.0,61.0,19.0,121.0,53.0,647.0,923
412250,2012,15.0,1.0,0.0,3.0,4.0,31.0,8.0,9.0,21.0,18.0,114.0,152
412250,2013,0.0,0.0,0.0,0.0,0.0,0.0,0.0,0.0,0.0,0.0,115.0,164
412250,2014,8.0,0.0,2.0,3.0,14.0,25.0,9.0,3.0,22.0,9.0,96.0,142
412250,2015,6.0,2.0,2.0,3.0,3.0,30.0,11.0,1.0,21.0,17.0,103.0,142
412250,2016,3.0,3.0,3.0,7.0,8.0,38.0,6.0,6.0,22.0,19.0,120.0,162
412250,2017,5.0,2.0,4.0,9.0,6.0,39.0,10.0,7.0,21.0,29.0,136.0,164
412250,2018,8.0,0.0,0.0,7.0,7.0,42.0,4.0,7.0,18.0,15.0,111.0,140
412250,2019,3.0,0.0,2.0,6.0,7.0,49.0,1.0,8.0,19.0,15.0,121.0,148
412260,2012,6.0,0.0,0.0,1.0,2.0,26.0,6.0,6.0,13.0,7.0,69.0,113
412260,2013,0.0,0.0,0.0,0.0,0.0,0.0,0.0,0.0,0.0,0.0,71.0,131
412260,2014,7.0,1.0,2.0,5.0,3.0,38.0,9.0,3.0,26.0,10.0,109.0,146
412260,2015,6.0,0.0,0.0,5.0,3.0,19.0,8.0,6.0,17.0,12.0,77.0,124
412260,2016,9.0,1.0,4.0,1.0,0.0,21.0,7.0,5.0,19.0,13.0,80.0,117
412260,2017,4.0,0.0,2.0,1.0,1.0,34.0,15.0,4.0,11.0,8.0,83.0,135
412260,2018,3.0,2.0,2.0,1.0,1.0,25.0,4.0,5.0,10.0,5.0,60.0,111
412260,2019,2.0,0.0,2.0,1.0,4.0,25.0,5.0,2.0,17.0,7.0,66.0,107
412265,2012,3.0,0.0,0.0,1.0,1.0,9.0,10.0,4.0,23.0,11.0,68.0,83
412265,2013,0.0,0.0,0.0,0.0,0.0,0.0,0.0,0.0,0.0,0.0,49.0,65
412265,2014,1.0,0.0,0.0,1.0,1.0,16.0,13.0,1.0,18.0,4.0,57.0,69
412265,2015,2.0,0.0,4.0,0.0,1.0,21.0,7.0,5.0,8.0,12.0,61.0,70
412265,2016,2.0,2.0,0.0,0.0,1.0,18.0,6.0,4.0,5.0,8.0,46.0,60
412265,2017,5.0,1.0,2.0,1.0,0.0,26.0,12.0,6.0,18.0,6.0,78.0,82
412265,2018,2.0,4.0,0.0,1.0,0.0,34.0,8.0,4.0,17.0,5.0,75.0,80
412265,2019,5.0,4.0,0.0,1.0,3.0,19.0,4.0,3.0,20.0,3.0,63.0,66
412270,2012,10.0,1.0,4.0,1.0,1.0,20.0,2.0,6.0,12.0,8.0,65.0,77
412270,2013,0.0,0.0,0.0,0.0,0.0,0.0,0.0,0.0,0.0,0.0,66.0,79
412270,2014,10.0,0.0,2.0,0.0,1.0,21.0,7.0,4.0,20.0,7.0,72.0,93
412270,2015,4.0,2.0,1.0,2.0,1.0,27.0,8.0,5.0,11.0,10.0,71.0,101
412270,2016,6.0,1.0,2.0,1.0,2.0,37.0,1.0,4.0,12.0,10.0,76.0,115
412270,2017,3.0,1.0,1.0,0.0,2.0,29.0,3.0,7.0,7.0,19.0,72.0,97
412270,2018,4.0,0.0,0.0,2.0,2.0,34.0,0.0,6.0,13.0,15.0,76.0,109
412270,2019,8.0,0.0,0.0,1.0,0.0,37.0,7.0,3.0,20.0,8.0,84.0,108
412280,2012,0.0,2.0,0.0,2.0,0.0,8.0,2.0,0.0,9.0,3.0,26.0,46
412280,2013,0.0,0.0,0.0,0.0,0.0,0.0,0.0,0.0,0.0,0.0,38.0,65
412280,2014,1.0,2.0,3.0,0.0,0.0,4.0,2.0,3.0,10.0,3.0,28.0,56
412280,2015,2.0,0.0,0.0,0.0,1.0,8.0,1.0,1.0,6.0,4.0,23.0,48
412280,2016,3.0,1.0,0.0,0.0,0.0,13.0,6.0,1.0,9.0,6.0,39.0,60
412280,2017,0.0,0.0,0.0,1.0,0.0,13.0,4.0,6.0,5.0,7.0,37.0,65
412280,2018,1.0,0.0,0.0,1.0,2.0,6.0,2.0,2.0,6.0,4.0,24.0,51
412280,2019,4.0,0.0,0.0,0.0,0.0,11.0,4.0,2.0,8.0,2.0,32.0,50
412290,2012,5.0,0.0,0.0,1.0,0.0,8.0,1.0,0.0,7.0,5.0,27.0,56
412290,2013,0.0,0.0,0.0,0.0,0.0,0.0,0.0,0.0,0.0,0.0,22.0,49
412290,2014,3.0,0.0,0.0,1.0,0.0,5.0,2.0,3.0,5.0,5.0,25.0,56
412290,2015,3.0,0.0,0.0,0.0,2.0,10.0,1.0,1.0,5.0,7.0,32.0,59
412290,2016,5.0,0.0,0.0,1.0,2.0,9.0,1.0,2.0,3.0,5.0,28.0,51
412290,2017,1.0,0.0,0.0,0.0,0.0,7.0,1.0,1.0,3.0,4.0,20.0,34
412290,2018,0.0,0.0,0.0,1.0,0.0,8.0,3.0,2.0,4.0,4.0,23.0,66
412290,2019,3.0,0.0,2.0,1.0,1.0,10.0,2.0,2.0,4.0,6.0,33.0,71
412300,2012,15.0,0.0,0.0,3.0,0.0,41.0,11.0,10.0,24.0,24.0,131.0,162
412300,2013,0.0,0.0,0.0,0.0,0.0,0.0,0.0,0.0,0.0,0.0,177.0,203
412300,2014,23.0,0.0,4.0,1.0,2.0,53.0,27.0,1.0,65.0,4.0,180.0,198
412300,2015,21.0,0.0,5.0,2.0,1.0,46.0,33.0,0.0,46.0,3.0,158.0,174
412300,2016,21.0,0.0,0.0,2.0,1.0,45.0,12.0,4.0,56.0,6.0,147.0,167
412300,2017,8.0,1.0,3.0,3.0,3.0,24.0,8.0,3.0,22.0,2.0,189.0,211
412300,2018,11.0,0.0,8.0,2.0,2.0,71.0,16.0,8.0,23.0,22.0,164.0,188
412300,2019,13.0,0.0,4.0,4.0,1.0,65.0,19.0,0.0,35.0,3.0,150.0,188
412310,2012,3.0,0.0,0.0,4.0,2.0,12.0,4.0,1.0,6.0,4.0,37.0,60
412310,2013,0.0,0.0,0.0,0.0,0.0,0.0,0.0,0.0,0.0,0.0,36.0,51
412310,2014,0.0,0.0,2.0,2.0,0.0,13.0,3.0,0.0,3.0,9.0,33.0,56
412310,2015,2.0,0.0,2.0,1.0,0.0,10.0,2.0,2.0,3.0,7.0,29.0,46
412310,2016,2.0,0.0,2.0,0.0,0.0,10.0,3.0,1.0,3.0,4.0,25.0,44
412310,2017,2.0,1.0,0.0,2.0,1.0,10.0,0.0,5.0,5.0,4.0,30.0,46
412310,2018,2.0,0.0,0.0,2.0,0.0,18.0,2.0,1.0,5.0,7.0,37.0,61
412310,2019,3.0,0.0,0.0,3.0,0.0,10.0,0.0,3.0,5.0,2.0,26.0,36
412320,2012,9.0,0.0,4.0,0.0,0.0,8.0,2.0,1.0,8.0,5.0,43.0,52
412320,2013,0.0,0.0,0.0,0.0,0.0,0.0,0.0,0.0,0.0,0.0,31.0,49
412320,2014,2.0,1.0,0.0,0.0,0.0,7.0,3.0,1.0,9.0,5.0,32.0,46
412320,2015,3.0,0.0,2.0,4.0,2.0,7.0,2.0,2.0,5.0,5.0,36.0,50
412320,2016,5.0,1.0,0.0,1.0,1.0,5.0,5.0,0.0,9.0,2.0,34.0,44
412320,2017,3.0,2.0,0.0,7.0,4.0,19.0,3.0,3.0,5.0,6.0,58.0,63
412320,2018,1.0,0.0,0.0,1.0,4.0,16.0,3.0,0.0,10.0,5.0,41.0,49
412320,2019,4.0,2.0,2.0,1.0,3.0,19.0,2.0,0.0,6.0,2.0,42.0,46
412330,2012,3.0,1.0,4.0,4.0,2.0,13.0,3.0,0.0,9.0,7.0,68.0,97
412330,2013,0.0,0.0,0.0,0.0,0.0,0.0,0.0,0.0,0.0,0.0,78.0,104
412330,2014,2.0,19.0,2.0,0.0,0.0,16.0,1.0,12.0,7.0,17.0,101.0,124
412330,2015,4.0,8.0,3.0,2.0,4.0,22.0,1.0,8.0,4.0,16.0,100.0,123
412330,2016,4.0,0.0,4.0,3.0,2.0,19.0,3.0,7.0,4.0,14.0,93.0,107
412330,2017,16.0,0.0,0.0,4.0,0.0,51.0,2.0,16.0,5.0,34.0,128.0,141
412330,2018,6.0,0.0,0.0,2.0,0.0,48.0,3.0,9.0,3.0,26.0,108.0,120
412330,2019,5.0,0.0,4.0,5.0,4.0,33.0,2.0,12.0,3.0,32.0,105.0,123
412340,2012,11.0,0.0,2.0,1.0,1.0,28.0,3.0,2.0,28.0,15.0,93.0,120
412340,2013,0.0,0.0,0.0,0.0,0.0,0.0,0.0,0.0,0.0,0.0,82.0,120
412340,2014,12.0,0.0,0.0,2.0,4.0,36.0,4.0,1.0,28.0,21.0,108.0,140
412340,2015,5.0,0.0,6.0,2.0,0.0,38.0,10.0,1.0,20.0,7.0,89.0,138
412340,2016,7.0,0.0,0.0,2.0,0.0,36.0,6.0,5.0,19.0,16.0,92.0,137
412340,2017,3.0,0.0,4.0,2.0,0.0,30.0,9.0,2.0,18.0,14.0,82.0,116
412340,2018,13.0,0.0,1.0,1.0,3.0,29.0,4.0,2.0,26.0,5.0,86.0,132
412340,2019,7.0,1.0,2.0,3.0,3.0,32.0,6.0,1.0,25.0,4.0,86.0,132
412350,2012,34.0,0.0,3.0,9.0,9.0,74.0,17.0,5.0,60.0,17.0,242.0,325
412350,2013,0.0,0.0,0.0,0.0,0.0,0.0,0.0,0.0,0.0,0.0,238.0,326
412350,2014,36.0,0.0,10.0,4.0,3.0,83.0,17.0,11.0,62.0,23.0,262.0,340
412350,2015,25.0,0.0,2.0,3.0,0.0,74.0,13.0,9.0,64.0,22.0,230.0,303
412350,2016,21.0,1.0,5.0,7.0,3.0,87.0,14.0,12.0,54.0,23.0,251.0,328
412350,2017,11.0,1.0,8.0,7.0,6.0,102.0,10.0,9.0,52.0,54.0,269.0,376
412350,2018,22.0,0.0,10.0,6.0,2.0,100.0,21.0,18.0,58.0,27.0,267.0,388
412350,2019,20.0,1.0,8.0,11.0,2.0,85.0,9.0,12.0,34.0,26.0,220.0,343
412360,2012,2.0,0.0,0.0,0.0,0.0,2.0,1.0,1.0,5.0,1.0,14.0,16
412360,2013,0.0,0.0,0.0,0.0,0.0,0.0,0.0,0.0,0.0,0.0,20.0,26
412360,2014,4.0,1.0,0.0,0.0,0.0,4.0,2.0,0.0,5.0,4.0,20.0,23
412360,2015,2.0,0.0,0.0,0.0,1.0,5.0,2.0,3.0,3.0,3.0,19.0,22
412360,2016,0.0,0.0,0.0,0.0,0.0,6.0,1.0,0.0,6.0,2.0,15.0,25
412360,2017,1.0,0.0,0.0,0.0,1.0,8.0,1.0,0.0,3.0,1.0,15.0,20
412360,2018,1.0,0.0,0.0,2.0,0.0,7.0,1.0,1.0,2.0,0.0,15.0,19
412360,2019,2.0,0.0,0.0,0.0,1.0,6.0,1.0,0.0,2.0,2.0,14.0,21
412370,2012,3.0,1.0,4.0,3.0,1.0,18.0,5.0,3.0,6.0,6.0,55.0,103
412370,2013,0.0,0.0,0.0,0.0,0.0,0.0,0.0,0.0,0.0,0.0,74.0,118
412370,2014,12.0,2.0,4.0,2.0,2.0,25.0,5.0,5.0,6.0,14.0,86.0,126
412370,2015,9.0,1.0,0.0,2.0,0.0,12.0,5.0,7.0,9.0,18.0,70.0,106
412370,2016,8.0,0.0,0.0,4.0,4.0,24.0,5.0,5.0,10.0,15.0,82.0,121
412370,2017,7.0,1.0,4.0,2.0,1.0,24.0,3.0,6.0,5.0,14.0,70.0,98
412370,2018,5.0,0.0,0.0,2.0,0.0,18.0,5.0,8.0,21.0,12.0,75.0,106
412370,2019,9.0,0.0,0.0,1.0,2.0,25.0,5.0,4.0,12.0,15.0,74.0,97
412380,2012,8.0,0.0,4.0,1.0,5.0,34.0,1.0,4.0,18.0,15.0,94.0,135
412380,2013,0.0,0.0,0.0,0.0,0.0,0.0,0.0,0.0,0.0,0.0,95.0,138
412380,2014,8.0,1.0,3.0,2.0,2.0,42.0,8.0,7.0,26.0,18.0,121.0,165
412380,2015,6.0,0.0,2.0,4.0,0.0,43.0,5.0,11.0,24.0,24.0,127.0,172
412380,2016,7.0,0.0,1.0,0.0,3.0,45.0,8.0,4.0,31.0,24.0,126.0,166
412380,2017,9.0,0.0,2.0,7.0,3.0,42.0,11.0,8.0,28.0,18.0,128.0,160
412380,2018,9.0,0.0,2.0,1.0,0.0,49.0,7.0,2.0,28.0,14.0,112.0,140
412380,2019,9.0,0.0,6.0,3.0,3.0,53.0,6.0,7.0,23.0,12.0,122.0,160
412382,2012,3.0,0.0,0.0,1.0,2.0,10.0,6.0,0.0,11.0,3.0,36.0,52
412382,2013,0.0,0.0,0.0,0.0,0.0,0.0,0.0,0.0,0.0,0.0,24.0,43
412382,2014,4.0,0.0,0.0,0.0,0.0,5.0,0.0,5.0,3.0,10.0,27.0,41
412382,2015,1.0,0.0,0.0,1.0,0.0,8.0,3.0,4.0,3.0,3.0,23.0,46
412382,2016,2.0,0.0,0.0,3.0,2.0,13.0,2.0,5.0,3.0,5.0,35.0,53
412382,2017,2.0,0.0,0.0,1.0,0.0,12.0,2.0,2.0,2.0,5.0,26.0,45
412382,2018,2.0,0.0,0.0,0.0,0.0,9.0,2.0,2.0,5.0,3.0,23.0,41
412382,2019,1.0,0.0,2.0,1.0,1.0,13.0,1.0,2.0,2.0,1.0,24.0,48
412385,2012,6.0,0.0,4.0,0.0,0.0,22.0,13.0,3.0,32.0,8.0,88.0,153
412385,2013,0.0,0.0,0.0,0.0,0.0,0.0,0.0,0.0,0.0,0.0,89.0,145
412385,2014,10.0,0.0,0.0,1.0,0.0,25.0,19.0,3.0,32.0,5.0,95.0,153
412385,2015,4.0,0.0,2.0,2.0,1.0,28.0,8.0,3.0,32.0,7.0,88.0,150
412385,2016,6.0,3.0,0.0,3.0,0.0,31.0,10.0,5.0,27.0,4.0,91.0,138
412385,2017,8.0,0.0,0.0,1.0,0.0,37.0,15.0,4.0,32.0,5.0,102.0,145
412385,2018,3.0,1.0,0.0,0.0,1.0,27.0,14.0,5.0,21.0,12.0,84.0,138
412385,2019,4.0,0.0,2.0,0.0,0.0,40.0,10.0,1.0,8.0,15.0,80.0,140
412390,2012,3.0,8.0,0.0,9.0,8.0,15.0,2.0,4.0,14.0,8.0,78.0,111
412390,2013,0.0,0.0,0.0,0.0,0.0,0.0,0.0,0.0,0.0,0.0,92.0,120
412390,2014,12.0,8.0,2.0,5.0,6.0,34.0,5.0,7.0,14.0,27.0,121.0,144
412390,2015,8.0,9.0,2.0,2.0,1.0,40.0,6.0,7.0,19.0,23.0,120.0,158
412390,2016,9.0,5.0,2.0,4.0,3.0,35.0,7.0,5.0,16.0,24.0,113.0,132
412390,2017,6.0,3.0,6.0,15.0,10.0,30.0,7.0,7.0,18.0,13.0,121.0,136
412390,2018,9.0,5.0,4.0,4.0,5.0,38.0,10.0,7.0,22.0,19.0,125.0,143
412390,2019,11.0,20.0,4.0,5.0,7.0,35.0,5.0,6.0,14.0,21.0,135.0,149
412395,2012,0.0,0.0,0.0,3.0,3.0,5.0,2.0,1.0,2.0,6.0,26.0,44
412395,2013,0.0,0.0,0.0,0.0,0.0,0.0,0.0,0.0,0.0,0.0,27.0,55
412395,2014,2.0,2.0,2.0,1.0,1.0,11.0,2.0,2.0,3.0,9.0,38.0,50
412395,2015,2.0,1.0,0.0,1.0,2.0,9.0,1.0,3.0,2.0,5.0,30.0,42
412395,2016,4.0,2.0,0.0,3.0,0.0,15.0,2.0,2.0,3.0,5.0,38.0,55
412395,2017,3.0,0.0,2.0,0.0,0.0,8.0,3.0,4.0,9.0,10.0,40.0,56
412395,2018,5.0,0.0,0.0,1.0,1.0,17.0,2.0,1.0,8.0,7.0,43.0,57
412395,2019,7.0,0.0,2.0,1.0,0.0,18.0,2.0,2.0,7.0,5.0,45.0,52
412400,2012,7.0,1.0,0.0,2.0,1.0,7.0,0.0,0.0,4.0,4.0,27.0,66
412400,2013,0.0,0.0,0.0,0.0,0.0,0.0,0.0,0.0,0.0,0.0,23.0,45
412400,2014,2.0,0.0,0.0,1.0,0.0,10.0,1.0,2.0,7.0,3.0,26.0,51
412400,2015,0.0,0.0,4.0,0.0,0.0,7.0,4.0,2.0,3.0,7.0,29.0,46
412400,2016,2.0,0.0,0.0,1.0,1.0,6.0,2.0,2.0,7.0,5.0,26.0,58
412400,2017,2.0,0.0,0.0,0.0,1.0,14.0,3.0,1.0,4.0,3.0,31.0,62
412400,2018,3.0,0.0,2.0,0.0,1.0,6.0,3.0,2.0,4.0,3.0,28.0,59
412400,2019,5.0,0.0,4.0,2.0,1.0,16.0,3.0,1.0,8.0,10.0,51.0,82
412402,2012,6.0,0.0,5.0,0.0,3.0,26.0,8.0,4.0,17.0,5.0,75.0,165
412402,2013,0.0,0.0,0.0,0.0,0.0,0.0,0.0,0.0,0.0,0.0,88.0,156
412402,2014,5.0,0.0,2.0,3.0,5.0,35.0,14.0,0.0,48.0,2.0,114.0,183
412402,2015,8.0,1.0,5.0,6.0,3.0,37.0,14.0,1.0,29.0,1.0,106.0,199
412402,2016,10.0,0.0,2.0,5.0,3.0,33.0,20.0,3.0,22.0,4.0,102.0,192
412402,2017,9.0,1.0,4.0,2.0,1.0,46.0,10.0,3.0,21.0,4.0,101.0,200
412402,2018,9.0,0.0,2.0,2.0,1.0,39.0,6.0,5.0,17.0,9.0,90.0,203
412402,2019,9.0,0.0,3.0,3.0,0.0,36.0,11.0,2.0,12.0,6.0,82.0,180
412405,2012,14.0,0.0,8.0,3.0,2.0,43.0,11.0,3.0,36.0,7.0,161.0,296
412405,2013,0.0,0.0,0.0,0.0,0.0,0.0,0.0,0.0,0.0,0.0,174.0,298
412405,2014,15.0,2.0,6.0,5.0,5.0,57.0,11.0,3.0,41.0,9.0,183.0,311
412405,2015,11.0,1.0,6.0,9.0,8.0,56.0,16.0,3.0,41.0,8.0,182.0,315
412405,2016,9.0,1.0,2.0,3.0,1.0,56.0,10.0,6.0,40.0,13.0,174.0,302
412405,2017,18.0,0.0,8.0,5.0,7.0,95.0,24.0,8.0,43.0,16.0,231.0,382
412405,2018,11.0,0.0,4.0,3.0,5.0,79.0,16.0,8.0,41.0,6.0,173.0,298
412405,2019,10.0,0.0,8.0,9.0,3.0,76.0,19.0,4.0,44.0,7.0,182.0,343
412410,2012,24.0,1.0,10.0,8.0,13.0,88.0,6.0,21.0,25.0,81.0,283.0,631
412410,2013,0.0,0.0,0.0,0.0,0.0,0.0,0.0,0.0,0.0,0.0,281.0,569
412410,2014,34.0,0.0,11.0,3.0,12.0,104.0,8.0,26.0,22.0,115.0,339.0,587
412410,2015,25.0,0.0,8.0,12.0,4.0,103.0,20.0,41.0,27.0,90.0,342.0,610
412410,2016,33.0,1.0,11.0,8.0,9.0,108.0,8.0,24.0,31.0,103.0,341.0,673
412410,2017,30.0,0.0,15.0,7.0,6.0,131.0,10.0,31.0,31.0,81.0,366.0,678
412410,2018,35.0,1.0,24.0,8.0,2.0,111.0,14.0,31.0,22.0,82.0,340.0,623
412410,2019,44.0,1.0,14.0,9.0,9.0,98.0,9.0,40.0,30.0,83.0,346.0,604
412420,2012,3.0,0.0,2.0,1.0,0.0,7.0,0.0,2.0,4.0,3.0,22.0,24
412420,2013,0.0,0.0,0.0,0.0,0.0,0.0,0.0,0.0,0.0,0.0,28.0,30
412420,2014,1.0,0.0,0.0,0.0,0.0,15.0,0.0,6.0,0.0,12.0,34.0,38
412420,2015,2.0,0.0,0.0,0.0,0.0,5.0,3.0,1.0,1.0,9.0,21.0,23
412420,2016,2.0,0.0,2.0,0.0,0.0,9.0,0.0,1.0,8.0,2.0,24.0,31
412420,2017,0.0,0.0,0.0,0.0,0.0,10.0,2.0,1.0,5.0,0.0,18.0,20
412420,2018,2.0,0.0,3.0,0.0,0.0,15.0,2.0,2.0,6.0,1.0,31.0,33
412420,2019,1.0,0.0,0.0,0.0,1.0,12.0,2.0,0.0,8.0,1.0,25.0,32
412430,2012,1.0,1.0,0.0,2.0,0.0,6.0,0.0,1.0,6.0,3.0,21.0,25
412430,2013,0.0,0.0,0.0,0.0,0.0,0.0,0.0,0.0,0.0,0.0,24.0,33
412430,2014,2.0,0.0,0.0,0.0,1.0,4.0,2.0,0.0,6.0,3.0,18.0,21
412430,2015,1.0,0.0,0.0,0.0,0.0,6.0,1.0,0.0,4.0,1.0,13.0,17
412430,2016,2.0,0.0,1.0,0.0,0.0,6.0,0.0,0.0,2.0,1.0,12.0,21
412430,2017,2.0,0.0,0.0,0.0,1.0,8.0,1.0,0.0,2.0,0.0,16.0,22
412430,2018,2.0,0.0,0.0,0.0,0.0,6.0,2.0,1.0,4.0,2.0,17.0,25
412430,2019,3.0,0.0,0.0,0.0,0.0,7.0,1.0,0.0,3.0,0.0,14.0,20
412440,2012,17.0,1.0,10.0,3.0,2.0,40.0,3.0,10.0,7.0,30.0,156.0,238
412440,2013,0.0,0.0,0.0,0.0,0.0,0.0,0.0,0.0,0.0,0.0,138.0,233
412440,2014,7.0,1.0,2.0,23.0,18.0,55.0,9.0,12.0,22.0,29.0,180.0,262
412440,2015,10.0,28.0,4.0,22.0,20.0,34.0,9.0,7.0,23.0,15.0,176.0,293
412440,2016,15.0,7.0,5.0,7.0,7.0,51.0,10.0,21.0,14.0,36.0,173.0,271
412440,2017,18.0,0.0,2.0,2.0,5.0,73.0,4.0,27.0,20.0,57.0,216.0,306
412440,2018,11.0,1.0,2.0,3.0,5.0,54.0,7.0,13.0,25.0,53.0,178.0,265
412440,2019,16.0,0.0,2.0,6.0,3.0,66.0,9.0,21.0,15.0,42.0,192.0,274
412450,2012,8.0,0.0,0.0,0.0,1.0,13.0,2.0,5.0,15.0,10.0,58.0,78
412450,2013,0.0,0.0,0.0,0.0,0.0,0.0,0.0,0.0,0.0,0.0,72.0,103
412450,2014,0.0,0.0,0.0,0.0,0.0,19.0,5.0,7.0,11.0,9.0,51.0,79
412450,2015,3.0,0.0,2.0,4.0,1.0,15.0,5.0,1.0,15.0,0.0,46.0,72
412450,2016,4.0,0.0,2.0,2.0,1.0,22.0,9.0,1.0,16.0,8.0,65.0,96
412450,2017,7.0,0.0,2.0,2.0,1.0,24.0,4.0,3.0,18.0,13.0,75.0,108
412450,2018,4.0,0.0,0.0,0.0,1.0,19.0,8.0,2.0,14.0,1.0,49.0,78
412450,2019,8.0,0.0,2.0,3.0,0.0,23.0,6.0,3.0,17.0,8.0,70.0,89
412460,2012,10.0,0.0,0.0,1.0,0.0,12.0,5.0,7.0,17.0,10.0,66.0,86
412460,2013,0.0,0.0,0.0,0.0,0.0,0.0,0.0,0.0,0.0,0.0,75.0,91
412460,2014,5.0,0.0,2.0,2.0,1.0,29.0,8.0,6.0,20.0,9.0,82.0,96
412460,2015,7.0,0.0,2.0,1.0,1.0,20.0,10.0,5.0,20.0,11.0,79.0,98
412460,2016,7.0,3.0,3.0,0.0,1.0,28.0,10.0,4.0,22.0,1.0,79.0,91
412460,2017,6.0,0.0,3.0,2.0,0.0,34.0,3.0,0.0,15.0,1.0,64.0,84
412460,2018,5.0,0.0,0.0,2.0,0.0,32.0,8.0,0.0,12.0,3.0,62.0,79
412460,2019,3.0,0.0,2.0,3.0,1.0,27.0,8.0,3.0,21.0,4.0,73.0,100
412470,2012,12.0,1.0,0.0,4.0,2.0,26.0,6.0,7.0,14.0,11.0,99.0,165
412470,2013,0.0,0.0,0.0,0.0,0.0,0.0,0.0,0.0,0.0,0.0,115.0,174
412470,2014,2.0,2.0,0.0,5.0,2.0,25.0,10.0,4.0,31.0,13.0,97.0,151
412470,2015,5.0,3.0,2.0,1.0,3.0,32.0,15.0,0.0,23.0,12.0,101.0,153
412470,2016,4.0,1.0,2.0,5.0,0.0,31.0,9.0,4.0,24.0,4.0,92.0,130
412470,2017,6.0,3.0,2.0,13.0,8.0,27.0,4.0,16.0,13.0,3.0,98.0,129
412470,2018,8.0,12.0,0.0,4.0,4.0,28.0,11.0,4.0,19.0,17.0,112.0,149
412470,2019,6.0,13.0,3.0,4.0,4.0,30.0,11.0,9.0,17.0,14.0,114.0,144
412480,2012,15.0,0.0,6.0,3.0,1.0,24.0,8.0,2.0,26.0,9.0,94.0,123
412480,2013,0.0,0.0,0.0,0.0,0.0,0.0,0.0,0.0,0.0,0.0,95.0,133
412480,2014,12.0,0.0,0.0,1.0,0.0,33.0,7.0,5.0,17.0,10.0,85.0,137
412480,2015,3.0,0.0,0.0,1.0,0.0,30.0,7.0,4.0,23.0,12.0,82.0,135
412480,2016,7.0,0.0,0.0,3.0,2.0,36.0,8.0,3.0,20.0,12.0,91.0,142
412480,2017,4.0,0.0,4.0,3.0,2.0,31.0,9.0,4.0,30.0,6.0,93.0,146
412480,2018,8.0,0.0,2.0,4.0,1.0,40.0,11.0,3.0,21.0,1.0,91.0,133
412480,2019,7.0,0.0,12.0,4.0,4.0,35.0,9.0,2.0,23.0,6.0,104.0,154
412490,2012,3.0,0.0,6.0,1.0,4.0,18.0,3.0,5.0,12.0,8.0,63.0,80
412490,2013,0.0,0.0,0.0,0.0,0.0,0.0,0.0,0.0,0.0,0.0,58.0,69
412490,2014,3.0,0.0,2.0,1.0,3.0,23.0,3.0,13.0,7.0,20.0,75.0,79
412490,2015,3.0,1.0,0.0,0.0,0.0,24.0,1.0,5.0,2.0,30.0,66.0,76
412490,2016,5.0,1.0,1.0,0.0,0.0,32.0,5.0,3.0,10.0,12.0,69.0,89
412490,2017,2.0,0.0,0.0,1.0,0.0,28.0,9.0,2.0,16.0,1.0,59.0,83
412490,2018,8.0,0.0,3.0,2.0,0.0,26.0,9.0,0.0,17.0,1.0,66.0,87
412490,2019,3.0,0.0,2.0,0.0,0.0,26.0,4.0,1.0,16.0,0.0,52.0,71
412500,2012,13.0,3.0,3.0,3.0,0.0,33.0,7.0,3.0,23.0,16.0,104.0,121
412500,2013,0.0,0.0,0.0,0.0,0.0,0.0,0.0,0.0,0.0,0.0,117.0,141
412500,2014,7.0,1.0,0.0,7.0,4.0,42.0,12.0,6.0,27.0,11.0,121.0,134
412500,2015,12.0,0.0,2.0,23.0,14.0,37.0,8.0,3.0,15.0,15.0,131.0,147
412500,2016,6.0,1.0,2.0,9.0,11.0,37.0,6.0,10.0,22.0,19.0,123.0,141
412500,2017,12.0,0.0,7.0,11.0,4.0,36.0,6.0,8.0,20.0,23.0,127.0,145
412500,2018,8.0,5.0,3.0,4.0,2.0,41.0,6.0,10.0,15.0,26.0,120.0,134
412500,2019,4.0,3.0,0.0,5.0,1.0,37.0,7.0,6.0,19.0,18.0,100.0,111
412510,2012,9.0,0.0,6.0,5.0,7.0,9.0,8.0,1.0,13.0,6.0,68.0,144
412510,2013,0.0,0.0,0.0,0.0,0.0,0.0,0.0,0.0,0.0,0.0,80.0,159
412510,2014,9.0,0.0,0.0,1.0,3.0,17.0,9.0,3.0,17.0,10.0,77.0,166
412510,2015,8.0,1.0,2.0,2.0,3.0,19.0,10.0,2.0,17.0,11.0,80.0,169
412510,2016,5.0,0.0,2.0,3.0,1.0,22.0,9.0,5.0,14.0,12.0,81.0,177
412510,2017,10.0,0.0,0.0,2.0,1.0,21.0,2.0,3.0,16.0,12.0,71.0,163
412510,2018,7.0,0.0,2.0,5.0,2.0,22.0,7.0,4.0,22.0,12.0,83.0,174
412510,2019,12.0,0.0,2.0,7.0,2.0,40.0,7.0,10.0,23.0,11.0,116.0,197
412520,2012,9.0,0.0,2.0,1.0,2.0,17.0,4.0,2.0,20.0,7.0,64.0,107
412520,2013,0.0,0.0,0.0,0.0,0.0,0.0,0.0,0.0,0.0,0.0,68.0,108
412520,2014,4.0,1.0,1.0,2.0,2.0,20.0,6.0,3.0,21.0,15.0,77.0,140
412520,2015,8.0,0.0,0.0,2.0,2.0,16.0,9.0,4.0,19.0,10.0,70.0,124
412520,2016,3.0,0.0,7.0,8.0,1.0,23.0,11.0,0.0,16.0,2.0,71.0,131
412520,2017,3.0,0.0,2.0,1.0,1.0,25.0,5.0,1.0,18.0,4.0,61.0,112
412520,2018,7.0,1.0,0.0,5.0,3.0,29.0,9.0,3.0,23.0,5.0,85.0,122
412520,2019,11.0,0.0,4.0,1.0,1.0,27.0,8.0,1.0,17.0,5.0,75.0,126
412530,2012,8.0,0.0,0.0,3.0,5.0,16.0,1.0,1.0,16.0,3.0,58.0,64
412530,2013,0.0,0.0,0.0,0.0,0.0,0.0,0.0,0.0,0.0,0.0,38.0,47
412530,2014,3.0,0.0,4.0,1.0,2.0,18.0,1.0,1.0,8.0,8.0,46.0,56
412530,2015,4.0,0.0,0.0,1.0,1.0,17.0,3.0,0.0,8.0,2.0,36.0,52
412530,2016,7.0,0.0,3.0,1.0,0.0,14.0,3.0,0.0,7.0,4.0,39.0,50
412530,2017,2.0,0.0,4.0,1.0,1.0,13.0,4.0,2.0,9.0,3.0,39.0,49
412530,2018,6.0,0.0,4.0,4.0,0.0,16.0,1.0,1.0,8.0,3.0,44.0,62
412530,2019,4.0,0.0,0.0,0.0,2.0,16.0,3.0,1.0,6.0,0.0,32.0,41
412535,2012,5.0,0.0,0.0,3.0,2.0,18.0,5.0,6.0,18.0,21.0,78.0,83
412535,2013,0.0,0.0,0.0,0.0,0.0,0.0,0.0,0.0,0.0,0.0,72.0,76
412535,2014,3.0,0.0,0.0,3.0,4.0,18.0,9.0,7.0,26.0,13.0,83.0,87
412535,2015,4.0,0.0,0.0,0.0,3.0,24.0,4.0,3.0,21.0,12.0,71.0,79
412535,2016,2.0,0.0,0.0,3.0,1.0,31.0,4.0,2.0,25.0,3.0,71.0,77
412535,2017,10.0,0.0,2.0,1.0,2.0,27.0,5.0,4.0,20.0,7.0,79.0,88
412535,2018,6.0,2.0,0.0,1.0,1.0,33.0,2.0,6.0,9.0,12.0,72.0,77
412535,2019,8.0,0.0,0.0,0.0,1.0,42.0,6.0,1.0,14.0,3.0,75.0,83
412540,2012,7.0,0.0,0.0,2.0,0.0,13.0,1.0,2.0,8.0,5.0,41.0,62
412540,2013,0.0,0.0,0.0,0.0,0.0,0.0,0.0,0.0,0.0,0.0,42.0,61
412540,2014,3.0,0.0,0.0,0.0,1.0,8.0,2.0,6.0,6.0,12.0,38.0,65
412540,2015,3.0,0.0,0.0,1.0,1.0,9.0,5.0,1.0,7.0,4.0,32.0,60
412540,2016,4.0,0.0,0.0,0.0,1.0,14.0,1.0,2.0,6.0,5.0,33.0,66
412540,2017,7.0,0.0,2.0,0.0,4.0,12.0,3.0,1.0,7.0,7.0,46.0,75
412540,2018,2.0,0.0,4.0,1.0,0.0,11.0,3.0,1.0,3.0,5.0,32.0,75
412540,2019,2.0,0.0,0.0,0.0,3.0,16.0,2.0,0.0,5.0,10.0,38.0,78
412545,2012,6.0,0.0,2.0,0.0,0.0,10.0,2.0,0.0,9.0,1.0,42.0,53
412545,2013,0.0,0.0,0.0,0.0,0.0,0.0,0.0,0.0,0.0,0.0,37.0,54
412545,2014,4.0,0.0,1.0,1.0,0.0,14.0,4.0,2.0,11.0,5.0,48.0,61
412545,2015,3.0,0.0,4.0,0.0,1.0,22.0,3.0,1.0,5.0,4.0,45.0,59
412545,2016,5.0,0.0,0.0,1.0,0.0,14.0,7.0,1.0,8.0,2.0,38.0,52
412545,2017,4.0,0.0,2.0,0.0,2.0,21.0,5.0,2.0,10.0,7.0,54.0,74
412545,2018,1.0,0.0,0.0,1.0,1.0,12.0,2.0,1.0,3.0,3.0,24.0,41
412545,2019,3.0,0.0,0.0,2.0,1.0,16.0,2.0,1.0,5.0,1.0,31.0,60
412550,2012,277.0,20.0,95.0,72.0,68.0,682.0,116.0,37.0,547.0,176.0,2850.0,4752
412550,2013,0.0,0.0,0.0,0.0,0.0,0.0,0.0,0.0,0.0,0.0,2843.0,5011
412550,2014,211.0,15.0,81.0,97.0,74.0,878.0,238.0,98.0,728.0,245.0,2886.0,5157
412550,2015,200.0,11.0,95.0,82.0,66.0,934.0,218.0,103.0,720.0,278.0,2869.0,5078
412550,2016,188.0,14.0,90.0,82.0,60.0,861.0,201.0,131.0,561.0,341.0,2619.0,4875
412550,2017,235.0,14.0,90.0,75.0,55.0,925.0,194.0,112.0,506.0,386.0,2680.0,4669
412550,2018,189.0,6.0,93.0,65.0,64.0,915.0,200.0,132.0,511.0,357.0,2558.0,4616
412550,2019,206.0,7.0,99.0,55.0,48.0,955.0,206.0,151.0,527.0,331.0,2600.0,4551
412555,2012,1.0,0.0,0.0,0.0,0.0,7.0,3.0,0.0,3.0,2.0,20.0,31
412555,2013,0.0,0.0,0.0,0.0,0.0,0.0,0.0,0.0,0.0,0.0,12.0,20
412555,2014,1.0,0.0,0.0,0.0,0.0,3.0,1.0,1.0,2.0,2.0,10.0,20
412555,2015,0.0,0.0,0.0,1.0,0.0,6.0,0.0,0.0,4.0,1.0,12.0,20
412555,2016,1.0,0.0,4.0,0.0,0.0,3.0,2.0,0.0,5.0,2.0,17.0,26
412555,2017,0.0,0.0,3.0,0.0,0.0,4.0,0.0,0.0,5.0,2.0,14.0,24
412555,2018,2.0,0.0,0.0,0.0,0.0,3.0,1.0,2.0,2.0,1.0,11.0,26
412555,2019,0.0,0.0,0.0,1.0,0.0,6.0,3.0,1.0,4.0,0.0,15.0,20
412560,2012,62.0,3.0,14.0,11.0,7.0,109.0,29.0,16.0,84.0,59.0,403.0,590
412560,2013,0.0,0.0,0.0,0.0,0.0,0.0,0.0,0.0,0.0,0.0,433.0,600
412560,2014,23.0,2.0,12.0,14.0,16.0,108.0,37.0,23.0,106.0,83.0,432.0,638
412560,2015,31.0,2.0,3.0,11.0,10.0,128.0,29.0,17.0,85.0,43.0,381.0,618
412560,2016,23.0,2.0,8.0,12.0,7.0,105.0,28.0,16.0,57.0,39.0,356.0,575
412560,2017,27.0,1.0,14.0,9.0,10.0,150.0,28.0,22.0,86.0,78.0,438.0,648
412560,2018,31.0,1.0,8.0,6.0,3.0,140.0,31.0,12.0,77.0,53.0,373.0,569
412560,2019,28.0,1.0,15.0,15.0,8.0,142.0,26.0,23.0,74.0,57.0,393.0,579
412570,2012,23.0,1.0,4.0,3.0,5.0,40.0,17.0,11.0,37.0,17.0,283.0,376
412570,2013,0.0,0.0,0.0,0.0,0.0,0.0,0.0,0.0,0.0,0.0,314.0,382
412570,2014,32.0,0.0,5.0,2.0,1.0,74.0,28.0,21.0,55.0,51.0,362.0,428
412570,2015,23.0,1.0,4.0,2.0,3.0,81.0,28.0,25.0,25.0,42.0,330.0,433
412570,2016,26.0,0.0,8.0,0.0,2.0,82.0,3.0,20.0,9.0,75.0,337.0,437
412570,2017,24.0,3.0,5.0,8.0,3.0,100.0,9.0,22.0,38.0,74.0,329.0,412
412570,2018,21.0,1.0,9.0,6.0,7.0,146.0,20.0,18.0,31.0,66.0,331.0,431
412570,2019,36.0,4.0,13.0,8.0,6.0,133.0,13.0,14.0,53.0,45.0,340.0,430
412575,2012,6.0,0.0,0.0,4.0,1.0,12.0,0.0,7.0,13.0,9.0,59.0,77
412575,2013,0.0,0.0,0.0,0.0,0.0,0.0,0.0,0.0,0.0,0.0,50.0,78
412575,2014,4.0,0.0,0.0,2.0,1.0,21.0,3.0,3.0,12.0,6.0,53.0,75
412575,2015,3.0,0.0,0.0,0.0,0.0,14.0,3.0,0.0,10.0,4.0,37.0,60
412575,2016,4.0,1.0,2.0,3.0,1.0,22.0,2.0,0.0,10.0,11.0,56.0,78
412575,2017,6.0,1.0,0.0,3.0,1.0,19.0,4.0,0.0,12.0,2.0,48.0,76
412575,2018,5.0,0.0,2.0,1.0,0.0,23.0,5.0,1.0,11.0,8.0,56.0,89
412575,2019,4.0,1.0,0.0,2.0,1.0,28.0,3.0,0.0,7.0,2.0,48.0,90
412580,2012,8.0,0.0,6.0,10.0,14.0,23.0,5.0,5.0,15.0,16.0,103.0,138
412580,2013,0.0,0.0,0.0,0.0,0.0,0.0,0.0,0.0,0.0,0.0,72.0,101
412580,2014,13.0,0.0,0.0,0.0,3.0,38.0,9.0,4.0,21.0,10.0,98.0,134
412580,2015,3.0,1.0,4.0,3.0,0.0,27.0,14.0,6.0,19.0,9.0,86.0,102
412580,2016,5.0,0.0,2.0,0.0,4.0,36.0,18.0,1.0,22.0,10.0,98.0,115
412580,2017,4.0,0.0,4.0,2.0,0.0,32.0,8.0,2.0,22.0,5.0,79.0,100
412580,2018,7.0,0.0,2.0,2.0,0.0,43.0,12.0,2.0,17.0,5.0,90.0,110
412580,2019,4.0,0.0,4.0,2.0,0.0,31.0,6.0,2.0,19.0,5.0,73.0,94
412590,2012,1.0,0.0,0.0,0.0,2.0,4.0,0.0,2.0,4.0,3.0,23.0,29
412590,2013,0.0,0.0,0.0,0.0,0.0,0.0,0.0,0.0,0.0,0.0,29.0,36
412590,2014,2.0,6.0,0.0,0.0,1.0,5.0,0.0,2.0,2.0,1.0,24.0,27
412590,2015,1.0,3.0,3.0,0.0,0.0,6.0,2.0,1.0,3.0,8.0,44.0,56
412590,2016,2.0,0.0,0.0,1.0,0.0,3.0,1.0,3.0,1.0,8.0,25.0,29
412590,2017,1.0,0.0,2.0,2.0,2.0,11.0,1.0,3.0,1.0,13.0,36.0,40
412590,2018,1.0,0.0,2.0,0.0,0.0,8.0,0.0,1.0,2.0,9.0,27.0,30
412590,2019,1.0,0.0,1.0,0.0,0.0,13.0,1.0,4.0,1.0,8.0,30.0,36
412600,2012,10.0,1.0,2.0,3.0,4.0,13.0,2.0,2.0,21.0,19.0,85.0,120
412600,2013,0.0,0.0,0.0,0.0,0.0,0.0,0.0,0.0,0.0,0.0,110.0,127
412600,2014,10.0,1.0,1.0,1.0,3.0,27.0,8.0,2.0,23.0,9.0,89.0,112
412600,2015,11.0,4.0,3.0,1.0,4.0,27.0,6.0,3.0,20.0,2.0,82.0,115
412600,2016,10.0,2.0,2.0,3.0,2.0,27.0,7.0,0.0,18.0,5.0,84.0,113
412600,2017,8.0,3.0,3.0,3.0,1.0,27.0,9.0,0.0,21.0,8.0,89.0,113
412600,2018,10.0,3.0,0.0,2.0,3.0,31.0,11.0,2.0,30.0,2.0,97.0,124
412600,2019,4.0,1.0,1.0,3.0,2.0,31.0,8.0,1.0,14.0,1.0,70.0,91
412610,2012,3.0,0.0,0.0,0.0,0.0,12.0,3.0,4.0,8.0,8.0,40.0,82
412610,2013,0.0,0.0,0.0,0.0,0.0,0.0,0.0,0.0,0.0,0.0,43.0,97
412610,2014,1.0,0.0,2.0,0.0,0.0,18.0,3.0,3.0,15.0,12.0,54.0,80
412610,2015,2.0,2.0,4.0,0.0,0.0,16.0,5.0,1.0,9.0,2.0,41.0,70
412610,2016,3.0,0.0,0.0,1.0,0.0,17.0,2.0,2.0,16.0,4.0,45.0,81
412610,2017,2.0,0.0,2.0,0.0,2.0,14.0,1.0,1.0,7.0,2.0,31.0,77
412610,2018,4.0,0.0,0.0,0.0,1.0,17.0,1.0,3.0,3.0,5.0,34.0,68
412610,2019,5.0,0.0,0.0,2.0,2.0,13.0,1.0,2.0,6.0,2.0,33.0,63
412620,2012,4.0,0.0,2.0,0.0,0.0,13.0,8.0,1.0,18.0,7.0,55.0,72
412620,2013,0.0,0.0,0.0,0.0,0.0,0.0,0.0,0.0,0.0,0.0,57.0,78
412620,2014,5.0,1.0,0.0,2.0,1.0,16.0,12.0,2.0,17.0,7.0,66.0,89
412620,2015,2.0,2.0,0.0,2.0,4.0,20.0,6.0,4.0,15.0,5.0,62.0,90
412620,2016,2.0,0.0,2.0,2.0,0.0,18.0,6.0,0.0,10.0,8.0,52.0,84
412620,2017,2.0,1.0,0.0,2.0,1.0,20.0,10.0,4.0,13.0,3.0,60.0,97
412620,2018,6.0,2.0,0.0,2.0,1.0,16.0,8.0,0.0,14.0,3.0,52.0,80
412620,2019,7.0,0.0,2.0,2.0,1.0,21.0,2.0,0.0,19.0,2.0,56.0,80
412625,2012,72.0,2.0,19.0,21.0,25.0,312.0,39.0,67.0,133.0,260.0,959.0,1329
412625,2013,0.0,0.0,0.0,0.0,0.0,0.0,0.0,0.0,0.0,0.0,989.0,1374
412625,2014,74.0,2.0,27.0,21.0,20.0,364.0,52.0,60.0,208.0,127.0,956.0,1402
412625,2015,90.0,0.0,34.0,23.0,25.0,388.0,81.0,76.0,214.0,152.0,1086.0,1551
412625,2016,101.0,2.0,26.0,21.0,17.0,400.0,73.0,68.0,192.0,173.0,1077.0,1520
412625,2017,93.0,0.0,36.0,23.0,17.0,434.0,70.0,69.0,200.0,187.0,1140.0,1630
412625,2018,106.0,1.0,35.0,22.0,25.0,444.0,85.0,63.0,222.0,128.0,1135.0,1630
412625,2019,86.0,0.0,33.0,32.0,20.0,530.0,105.0,50.0,226.0,129.0,1218.0,1655
412627,2012,9.0,1.0,0.0,0.0,0.0,29.0,3.0,4.0,15.0,8.0,69.0,90
412627,2013,0.0,0.0,0.0,0.0,0.0,0.0,0.0,0.0,0.0,0.0,41.0,73
412627,2014,4.0,0.0,2.0,1.0,1.0,12.0,5.0,0.0,7.0,1.0,33.0,67
412627,2015,1.0,0.0,0.0,0.0,0.0,15.0,1.0,2.0,16.0,6.0,41.0,74
412627,2016,2.0,0.0,0.0,2.0,0.0,19.0,10.0,7.0,15.0,14.0,69.0,104
412627,2017,2.0,0.0,3.0,3.0,1.0,21.0,5.0,3.0,18.0,6.0,62.0,100
412627,2018,8.0,0.0,1.0,2.0,0.0,25.0,5.0,2.0,13.0,3.0,59.0,97
412627,2019,4.0,0.0,2.0,2.0,0.0,19.0,6.0,2.0,12.0,6.0,53.0,87
412630,2012,8.0,0.0,10.0,3.0,3.0,48.0,13.0,18.0,19.0,46.0,185.0,282
412630,2013,0.0,0.0,0.0,0.0,0.0,0.0,0.0,0.0,0.0,0.0,220.0,267
412630,2014,10.0,0.0,7.0,2.0,3.0,74.0,28.0,24.0,33.0,34.0,217.0,288
412630,2015,10.0,0.0,6.0,1.0,0.0,55.0,26.0,22.0,40.0,36.0,196.0,252
412630,2016,11.0,1.0,6.0,1.0,2.0,61.0,15.0,4.0,34.0,25.0,161.0,250
412630,2017,9.0,0.0,6.0,1.0,1.0,50.0,15.0,7.0,29.0,20.0,141.0,225
412630,2018,11.0,0.0,6.0,3.0,3.0,51.0,5.0,4.0,33.0,10.0,127.0,214
412630,2019,16.0,0.0,4.0,2.0,3.0,71.0,7.0,14.0,23.0,31.0,171.0,263
412635,2012,1.0,0.0,0.0,0.0,0.0,0.0,0.0,0.0,0.0,0.0,44.0,58
412635,2013,0.0,0.0,0.0,0.0,0.0,0.0,0.0,0.0,0.0,0.0,46.0,62
412635,2014,0.0,1.0,0.0,0.0,0.0,0.0,0.0,0.0,0.0,0.0,41.0,58
412635,2015,0.0,0.0,6.0,1.0,0.0,1.0,0.0,0.0,0.0,0.0,40.0,53
412635,2016,0.0,0.0,0.0,1.0,1.0,0.0,0.0,0.0,1.0,0.0,52.0,73
412635,2017,3.0,0.0,2.0,2.0,0.0,14.0,1.0,1.0,5.0,4.0,37.0,46
412635,2018,1.0,0.0,2.0,2.0,2.0,17.0,3.0,5.0,6.0,9.0,48.0,56
412635,2019,0.0,1.0,0.0,3.0,1.0,24.0,0.0,4.0,4.0,12.0,52.0,62
412640,2012,1.0,4.0,0.0,11.0,3.0,17.0,4.0,2.0,3.0,7.0,53.0,69
412640,2013,0.0,0.0,0.0,0.0,0.0,0.0,0.0,0.0,0.0,0.0,56.0,80
412640,2014,7.0,0.0,2.0,2.0,0.0,9.0,8.0,0.0,24.0,5.0,59.0,77
412640,2015,4.0,2.0,0.0,0.0,1.0,13.0,6.0,0.0,11.0,0.0,37.0,46
412640,2016,5.0,1.0,0.0,0.0,0.0,22.0,11.0,0.0,18.0,0.0,57.0,64
412640,2017,4.0,1.0,1.0,1.0,1.0,19.0,6.0,1.0,17.0,0.0,51.0,58
412640,2018,1.0,3.0,4.0,1.0,1.0,16.0,5.0,1.0,7.0,1.0,41.0,55
412640,2019,4.0,0.0,2.0,1.0,0.0,20.0,4.0,0.0,14.0,1.0,46.0,53
412650,2012,19.0,1.0,3.0,2.0,7.0,47.0,11.0,0.0,51.0,8.0,152.0,190
412650,2013,0.0,0.0,0.0,0.0,0.0,0.0,0.0,0.0,0.0,0.0,171.0,210
412650,2014,10.0,2.0,0.0,5.0,2.0,54.0,19.0,9.0,39.0,11.0,152.0,194
412650,2015,6.0,0.0,6.0,2.0,1.0,44.0,6.0,2.0,36.0,17.0,120.0,178
412650,2016,10.0,1.0,4.0,4.0,1.0,42.0,12.0,6.0,28.0,9.0,119.0,177
412650,2017,10.0,2.0,5.0,1.0,1.0,62.0,5.0,0.0,22.0,20.0,131.0,185
412650,2018,11.0,1.0,0.0,2.0,3.0,66.0,9.0,5.0,38.0,13.0,151.0,204
412650,2019,10.0,0.0,4.0,6.0,2.0,71.0,13.0,5.0,31.0,10.0,155.0,203
412660,2012,15.0,0.0,4.0,1.0,2.0,63.0,11.0,2.0,41.0,18.0,161.0,257
412660,2013,0.0,0.0,0.0,0.0,0.0,0.0,0.0,0.0,0.0,0.0,195.0,279
412660,2014,14.0,1.0,0.0,3.0,6.0,48.0,4.0,17.0,18.0,42.0,155.0,245
412660,2015,11.0,1.0,2.0,6.0,5.0,52.0,3.0,11.0,30.0,34.0,174.0,266
412660,2016,16.0,0.0,3.0,2.0,3.0,67.0,14.0,7.0,26.0,28.0,175.0,287
412660,2017,9.0,0.0,2.0,5.0,1.0,65.0,7.0,7.0,19.0,23.0,149.0,268
412660,2018,16.0,0.0,2.0,3.0,3.0,67.0,9.0,8.0,32.0,35.0,182.0,294
412660,2019,14.0,0.0,7.0,3.0,4.0,74.0,6.0,18.0,27.0,29.0,187.0,299
412665,2012,1.0,0.0,0.0,1.0,0.0,6.0,1.0,0.0,9.0,2.0,20.0,26
412665,2013,0.0,0.0,0.0,0.0,0.0,0.0,0.0,0.0,0.0,0.0,29.0,41
412665,2014,0.0,0.0,0.0,1.0,0.0,10.0,3.0,1.0,8.0,3.0,26.0,42
412665,2015,2.0,0.0,0.0,0.0,0.0,6.0,5.0,0.0,4.0,4.0,21.0,33
412665,2016,3.0,0.0,0.0,0.0,0.0,9.0,0.0,2.0,5.0,3.0,22.0,35
412665,2017,0.0,0.0,2.0,0.0,0.0,8.0,1.0,3.0,9.0,4.0,27.0,38
412665,2018,0.0,0.0,2.0,0.0,1.0,8.0,2.0,0.0,5.0,2.0,20.0,29
412665,2019,0.0,0.0,0.0,1.0,0.0,14.0,2.0,1.0,7.0,1.0,26.0,31
412667,2012,9.0,1.0,2.0,1.0,1.0,19.0,7.0,3.0,22.0,9.0,78.0,164
412667,2013,0.0,0.0,0.0,0.0,0.0,0.0,0.0,0.0,0.0,0.0,83.0,165
412667,2014,6.0,1.0,5.0,2.0,2.0,33.0,5.0,2.0,20.0,2.0,79.0,167
412667,2015,6.0,0.0,2.0,1.0,1.0,29.0,8.0,4.0,16.0,10.0,78.0,169
412667,2016,8.0,0.0,0.0,4.0,1.0,40.0,4.0,2.0,20.0,6.0,85.0,194
412667,2017,4.0,0.0,5.0,2.0,3.0,36.0,11.0,5.0,20.0,5.0,91.0,201
412667,2018,7.0,1.0,2.0,1.0,2.0,33.0,18.0,2.0,18.0,4.0,90.0,187
412667,2019,5.0,1.0,0.0,10.0,5.0,31.0,5.0,5.0,13.0,6.0,82.0,176
412670,2012,7.0,0.0,3.0,0.0,0.0,10.0,4.0,5.0,3.0,18.0,50.0,65
412670,2013,0.0,0.0,0.0,0.0,0.0,0.0,0.0,0.0,0.0,0.0,50.0,60
412670,2014,4.0,0.0,5.0,1.0,0.0,14.0,0.0,5.0,3.0,12.0,44.0,54
412670,2015,6.0,1.0,0.0,1.0,1.0,15.0,1.0,7.0,9.0,20.0,61.0,69
412670,2016,6.0,0.0,0.0,1.0,0.0,20.0,6.0,4.0,8.0,8.0,53.0,58
412670,2017,5.0,1.0,0.0,0.0,1.0,30.0,3.0,1.0,9.0,1.0,51.0,70
412670,2018,2.0,0.0,0.0,0.0,1.0,23.0,2.0,0.0,14.0,0.0,42.0,59
412670,2019,3.0,0.0,0.0,1.0,0.0,24.0,8.0,0.0,17.0,0.0,53.0,70
412680,2012,11.0,0.0,4.0,2.0,3.0,48.0,9.0,7.0,30.0,24.0,142.0,227
412680,2013,0.0,0.0,0.0,0.0,0.0,0.0,0.0,0.0,0.0,0.0,155.0,225
412680,2014,11.0,0.0,2.0,2.0,0.0,58.0,15.0,11.0,36.0,21.0,157.0,235
412680,2015,16.0,2.0,4.0,6.0,3.0,75.0,11.0,4.0,41.0,20.0,182.0,235
412680,2016,9.0,1.0,0.0,2.0,1.0,51.0,12.0,6.0,38.0,11.0,131.0,194
412680,2017,11.0,0.0,0.0,4.0,6.0,61.0,11.0,4.0,33.0,10.0,140.0,206
412680,2018,5.0,1.0,5.0,4.0,5.0,60.0,9.0,3.0,37.0,9.0,140.0,210
412680,2019,12.0,1.0,6.0,5.0,0.0,55.0,7.0,5.0,40.0,7.0,139.0,216
412690,2012,3.0,0.0,1.0,4.0,1.0,12.0,1.0,1.0,10.0,8.0,41.0,70
412690,2013,0.0,0.0,0.0,0.0,0.0,0.0,0.0,0.0,0.0,0.0,47.0,65
412690,2014,5.0,0.0,0.0,1.0,2.0,18.0,6.0,3.0,20.0,7.0,63.0,85
412690,2015,3.0,0.0,2.0,0.0,2.0,13.0,1.0,0.0,15.0,5.0,42.0,74
412690,2016,4.0,0.0,0.0,0.0,0.0,14.0,8.0,0.0,12.0,1.0,39.0,57
412690,2017,4.0,0.0,2.0,3.0,0.0,19.0,2.0,1.0,11.0,3.0,46.0,60
412690,2018,5.0,1.0,0.0,1.0,0.0,22.0,5.0,2.0,6.0,9.0,51.0,73
412690,2019,3.0,0.0,5.0,2.0,1.0,18.0,3.0,0.0,18.0,9.0,59.0,77
412700,2012,1.0,1.0,2.0,1.0,2.0,23.0,11.0,0.0,30.0,2.0,73.0,141
412700,2013,0.0,0.0,0.0,0.0,0.0,0.0,0.0,0.0,0.0,0.0,64.0,125
412700,2014,9.0,5.0,4.0,3.0,4.0,18.0,14.0,2.0,22.0,2.0,83.0,144
412700,2015,1.0,0.0,4.0,3.0,3.0,15.0,8.0,2.0,10.0,2.0,48.0,122
412700,2016,9.0,1.0,0.0,0.0,4.0,18.0,4.0,1.0,16.0,3.0,56.0,121
412700,2017,4.0,0.0,0.0,3.0,1.0,19.0,8.0,2.0,16.0,3.0,56.0,125
412700,2018,9.0,1.0,2.0,3.0,4.0,35.0,11.0,3.0,19.0,2.0,90.0,172
412700,2019,8.0,2.0,4.0,1.0,1.0,31.0,3.0,0.0,17.0,1.0,68.0,134
412710,2012,52.0,0.0,18.0,8.0,15.0,189.0,68.0,40.0,181.0,60.0,636.0,1117
412710,2013,0.0,0.0,0.0,0.0,0.0,0.0,0.0,0.0,0.0,0.0,680.0,1086
412710,2014,44.0,2.0,12.0,5.0,5.0,212.0,70.0,89.0,135.0,145.0,724.0,1103
412710,2015,38.0,2.0,24.0,33.0,18.0,203.0,108.0,28.0,194.0,59.0,710.0,1170
412710,2016,26.0,2.0,17.0,15.0,16.0,260.0,131.0,10.0,226.0,44.0,752.0,1195
412710,2017,38.0,3.0,27.0,9.0,12.0,272.0,132.0,23.0,227.0,31.0,778.0,1152
412710,2018,61.0,3.0,18.0,13.0,3.0,267.0,125.0,17.0,243.0,25.0,780.0,1153
412710,2019,51.0,6.0,16.0,14.0,12.0,292.0,110.0,21.0,173.0,56.0,757.0,1128
412720,2012,9.0,15.0,0.0,4.0,1.0,33.0,9.0,2.0,38.0,15.0,128.0,199
412720,2013,0.0,0.0,0.0,0.0,0.0,0.0,0.0,0.0,0.0,0.0,160.0,230
412720,2014,8.0,26.0,2.0,5.0,7.0,39.0,6.0,7.0,28.0,15.0,143.0,220
412720,2015,6.0,15.0,9.0,13.0,9.0,36.0,4.0,8.0,15.0,27.0,143.0,211
412720,2016,11.0,10.0,6.0,20.0,10.0,44.0,8.0,4.0,30.0,18.0,161.0,240
412720,2017,9.0,2.0,3.0,26.0,14.0,42.0,9.0,4.0,26.0,27.0,162.0,231
412720,2018,9.0,1.0,6.0,21.0,7.0,54.0,9.0,3.0,26.0,15.0,151.0,218
412720,2019,14.0,0.0,6.0,10.0,3.0,69.0,20.0,4.0,27.0,10.0,164.0,233
412730,2012,31.0,0.0,7.0,1.0,3.0,80.0,20.0,13.0,51.0,27.0,234.0,258
412730,2013,0.0,0.0,0.0,0.0,0.0,0.0,0.0,0.0,0.0,0.0,210.0,227
412730,2014,37.0,0.0,9.0,2.0,5.0,89.0,6.0,24.0,33.0,62.0,268.0,279
412730,2015,28.0,2.0,6.0,4.0,3.0,65.0,7.0,12.0,17.0,75.0,219.0,238
412730,2016,14.0,0.0,3.0,2.0,3.0,81.0,12.0,17.0,39.0,28.0,200.0,216
412730,2017,15.0,0.0,6.0,2.0,1.0,78.0,12.0,8.0,42.0,28.0,193.0,199
412730,2018,21.0,0.0,6.0,3.0,3.0,66.0,15.0,11.0,36.0,29.0,190.0,210
412730,2019,17.0,0.0,2.0,3.0,4.0,70.0,12.0,4.0,34.0,19.0,166.0,183
412740,2012,7.0,8.0,3.0,2.0,4.0,30.0,3.0,14.0,17.0,17.0,113.0,201
412740,2013,0.0,0.0,0.0,0.0,0.0,0.0,0.0,0.0,0.0,0.0,142.0,209
412740,2014,11.0,0.0,5.0,17.0,11.0,36.0,8.0,22.0,15.0,37.0,165.0,231
412740,2015,14.0,7.0,6.0,15.0,9.0,45.0,9.0,11.0,24.0,27.0,182.0,244
412740,2016,9.0,1.0,7.0,31.0,16.0,44.0,6.0,3.0,14.0,11.0,148.0,223
412740,2017,14.0,2.0,6.0,8.0,4.0,63.0,18.0,7.0,46.0,20.0,188.0,252
412740,2018,11.0,1.0,6.0,7.0,2.0,78.0,20.0,20.0,28.0,15.0,190.0,263
412740,2019,7.0,1.0,10.0,4.0,3.0,60.0,11.0,7.0,46.0,15.0,165.0,259
412750,2012,16.0,0.0,8.0,2.0,1.0,28.0,17.0,9.0,28.0,11.0,120.0,306
412750,2013,0.0,0.0,0.0,0.0,0.0,0.0,0.0,0.0,0.0,0.0,171.0,307
412750,2014,13.0,0.0,1.0,4.0,2.0,40.0,27.0,12.0,29.0,15.0,148.0,297
412750,2015,7.0,0.0,6.0,4.0,3.0,50.0,22.0,10.0,36.0,12.0,151.0,336
412750,2016,4.0,3.0,8.0,3.0,3.0,43.0,21.0,6.0,40.0,15.0,146.0,299
412750,2017,10.0,0.0,0.0,3.0,3.0,48.0,34.0,7.0,42.0,2.0,150.0,303
412750,2018,12.0,1.0,2.0,8.0,1.0,39.0,24.0,4.0,37.0,9.0,138.0,310
412750,2019,12.0,0.0,9.0,7.0,5.0,45.0,23.0,10.0,30.0,16.0,158.0,304
412760,2012,3.0,0.0,2.0,1.0,2.0,15.0,5.0,1.0,13.0,4.0,68.0,179
412760,2013,0.0,0.0,0.0,0.0,0.0,0.0,0.0,0.0,0.0,0.0,87.0,225
412760,2014,4.0,2.0,6.0,4.0,2.0,25.0,16.0,4.0,28.0,11.0,106.0,249
412760,2015,10.0,0.0,4.0,5.0,6.0,29.0,15.0,4.0,20.0,10.0,107.0,227
412760,2016,6.0,1.0,2.0,3.0,1.0,33.0,5.0,2.0,23.0,7.0,85.0,214
412760,2017,10.0,3.0,2.0,6.0,2.0,32.0,15.0,3.0,23.0,9.0,106.0,245
412760,2018,3.0,0.0,3.0,4.0,6.0,18.0,13.0,6.0,27.0,11.0,92.0,263
412760,2019,7.0,0.0,6.0,2.0,4.0,40.0,11.0,8.0,23.0,19.0,120.0,249
412770,2012,138.0,4.0,29.0,46.0,36.0,382.0,103.0,54.0,380.0,187.0,1363.0,1824
412770,2013,0.0,0.0,0.0,0.0,0.0,0.0,0.0,0.0,0.0,0.0,1489.0,1899
412770,2014,157.0,2.0,34.0,39.0,32.0,479.0,122.0,82.0,338.0,190.0,1480.0,1995
412770,2015,128.0,3.0,26.0,31.0,19.0,490.0,107.0,54.0,385.0,190.0,1436.0,2045
412770,2016,135.0,0.0,44.0,31.0,29.0,489.0,133.0,70.0,335.0,178.0,1445.0,2056
412770,2017,149.0,3.0,62.0,51.0,42.0,546.0,143.0,55.0,357.0,117.0,1527.0,2162
412770,2018,96.0,4.0,36.0,43.0,34.0,538.0,131.0,40.0,296.0,86.0,1304.0,2034
412770,2019,90.0,3.0,39.0,38.0,40.0,546.0,89.0,20.0,287.0,72.0,1227.0,2071
412780,2012,9.0,0.0,0.0,1.0,0.0,19.0,2.0,3.0,7.0,18.0,59.0,80
412780,2013,0.0,0.0,0.0,0.0,0.0,0.0,0.0,0.0,0.0,0.0,75.0,98
412780,2014,11.0,0.0,2.0,0.0,3.0,34.0,1.0,6.0,16.0,22.0,96.0,119
412780,2015,2.0,0.0,2.0,1.0,4.0,24.0,1.0,3.0,5.0,13.0,56.0,83
412780,2016,6.0,0.0,2.0,1.0,0.0,24.0,4.0,1.0,8.0,8.0,56.0,78
412780,2017,7.0,2.0,0.0,2.0,1.0,24.0,2.0,2.0,5.0,7.0,64.0,86
412780,2018,6.0,0.0,2.0,1.0,1.0,21.0,0.0,3.0,3.0,4.0,48.0,83
412780,2019,3.0,0.0,3.0,0.0,0.0,23.0,1.0,2.0,4.0,11.0,50.0,81
412785,2012,5.0,1.0,4.0,1.0,5.0,25.0,15.0,2.0,20.0,10.0,90.0,175
412785,2013,0.0,0.0,0.0,0.0,0.0,0.0,0.0,0.0,0.0,0.0,92.0,178
412785,2014,12.0,0.0,0.0,2.0,2.0,34.0,20.0,1.0,29.0,4.0,104.0,170
412785,2015,4.0,0.0,4.0,0.0,2.0,38.0,23.0,2.0,41.0,2.0,116.0,185
412785,2016,8.0,0.0,2.0,2.0,2.0,36.0,18.0,2.0,28.0,6.0,104.0,168
412785,2017,9.0,0.0,2.0,2.0,5.0,35.0,12.0,3.0,23.0,4.0,96.0,164
412785,2018,9.0,1.0,4.0,4.0,2.0,39.0,18.0,4.0,28.0,8.0,118.0,180
412785,2019,5.0,1.0,2.0,1.0,1.0,36.0,7.0,2.0,21.0,5.0,81.0,177
412788,2012,6.0,0.0,3.0,1.0,2.0,13.0,3.0,1.0,11.0,2.0,42.0,129
412788,2013,0.0,0.0,0.0,0.0,0.0,0.0,0.0,0.0,0.0,0.0,30.0,97
412788,2014,5.0,1.0,4.0,0.0,1.0,18.0,4.0,3.0,9.0,4.0,50.0,150
412788,2015,2.0,0.0,1.0,3.0,3.0,25.0,6.0,2.0,4.0,8.0,57.0,125
412788,2016,3.0,0.0,1.0,0.0,0.0,19.0,3.0,2.0,8.0,6.0,42.0,132
412788,2017,6.0,0.0,1.0,1.0,1.0,19.0,3.0,0.0,11.0,4.0,47.0,130
412788,2018,3.0,0.0,0.0,6.0,1.0,18.0,10.0,4.0,14.0,3.0,59.0,126
412788,2019,6.0,0.0,5.0,4.0,1.0,18.0,5.0,2.0,9.0,2.0,52.0,133
412790,2012,6.0,0.0,2.0,1.0,2.0,23.0,8.0,2.0,16.0,12.0,72.0,112
412790,2013,0.0,0.0,0.0,0.0,0.0,0.0,0.0,0.0,0.0,0.0,57.0,104
412790,2014,2.0,0.0,0.0,2.0,2.0,30.0,6.0,1.0,17.0,8.0,71.0,118
412790,2015,1.0,0.0,2.0,3.0,2.0,27.0,8.0,2.0,16.0,8.0,69.0,104
412790,2016,0.0,3.0,0.0,3.0,0.0,25.0,2.0,1.0,17.0,5.0,56.0,98
412790,2017,3.0,0.0,5.0,2.0,1.0,38.0,3.0,2.0,13.0,7.0,74.0,116
412790,2018,1.0,0.0,0.0,1.0,2.0,26.0,9.0,4.0,16.0,8.0,67.0,116
412790,2019,3.0,0.0,0.0,2.0,1.0,34.0,6.0,1.0,14.0,6.0,67.0,103
412795,2012,2.0,0.0,0.0,2.0,0.0,12.0,1.0,1.0,9.0,5.0,46.0,72
412795,2013,0.0,0.0,0.0,0.0,0.0,0.0,0.0,0.0,0.0,0.0,56.0,87
412795,2014,3.0,1.0,0.0,4.0,1.0,18.0,2.0,3.0,9.0,2.0,52.0,81
412795,2015,1.0,0.0,0.0,3.0,0.0,24.0,5.0,1.0,11.0,7.0,52.0,88
412795,2016,3.0,0.0,4.0,0.0,3.0,19.0,6.0,2.0,12.0,2.0,51.0,81
412795,2017,3.0,0.0,2.0,1.0,1.0,34.0,2.0,1.0,15.0,5.0,64.0,91
412795,2018,2.0,1.0,1.0,3.0,0.0,33.0,3.0,1.0,14.0,8.0,66.0,91
412795,2019,2.0,0.0,4.0,1.0,1.0,28.0,5.0,0.0,13.0,3.0,57.0,91
412796,2012,18.0,0.0,0.0,5.0,4.0,35.0,6.0,9.0,31.0,23.0,133.0,198
412796,2013,0.0,0.0,0.0,0.0,0.0,0.0,0.0,0.0,0.0,0.0,145.0,215
412796,2014,7.0,0.0,3.0,6.0,4.0,34.0,8.0,6.0,26.0,26.0,121.0,205
412796,2015,8.0,1.0,8.0,1.0,1.0,58.0,8.0,9.0,17.0,36.0,147.0,235
412796,2016,3.0,0.0,10.0,0.0,2.0,48.0,8.0,11.0,27.0,38.0,147.0,227
412796,2017,8.0,0.0,2.0,2.0,0.0,50.0,8.0,9.0,22.0,29.0,130.0,226
412796,2018,12.0,1.0,2.0,4.0,4.0,48.0,6.0,7.0,24.0,11.0,120.0,217
412796,2019,5.0,0.0,2.0,3.0,0.0,47.0,5.0,3.0,21.0,16.0,102.0,189
412800,2012,21.0,3.0,7.0,4.0,2.0,86.0,23.0,5.0,78.0,10.0,241.0,310
412800,2013,0.0,0.0,0.0,0.0,0.0,0.0,0.0,0.0,0.0,0.0,192.0,238
412800,2014,16.0,3.0,6.0,7.0,2.0,70.0,19.0,6.0,61.0,21.0,211.0,273
412800,2015,15.0,2.0,4.0,6.0,7.0,73.0,23.0,8.0,60.0,16.0,216.0,291
412800,2016,6.0,0.0,5.0,10.0,10.0,92.0,12.0,9.0,54.0,28.0,227.0,285
412800,2017,11.0,0.0,6.0,23.0,8.0,81.0,8.0,6.0,66.0,29.0,239.0,315
412800,2018,10.0,1.0,9.0,10.0,10.0,82.0,15.0,8.0,50.0,29.0,225.0,295
412800,2019,19.0,0.0,5.0,4.0,2.0,99.0,26.0,3.0,51.0,33.0,243.0,310
412810,2012,73.0,0.0,28.0,12.0,30.0,423.0,60.0,17.0,358.0,118.0,1119.0,1381
412810,2013,0.0,0.0,0.0,0.0,0.0,0.0,0.0,0.0,0.0,0.0,1097.0,1381
412810,2014,78.0,1.0,46.0,22.0,36.0,477.0,96.0,24.0,362.0,74.0,1216.0,1575
412810,2015,62.0,0.0,38.0,26.0,20.0,470.0,96.0,17.0,336.0,86.0,1154.0,1493
412810,2016,84.0,1.0,32.0,16.0,26.0,434.0,101.0,18.0,348.0,74.0,1134.0,1471
412810,2017,89.0,0.0,44.0,27.0,17.0,502.0,97.0,26.0,344.0,113.0,1259.0,1567
412810,2018,99.0,1.0,36.0,32.0,21.0,500.0,88.0,32.0,289.0,145.0,1244.0,1555
412810,2019,75.0,2.0,48.0,39.0,21.0,513.0,111.0,25.0,349.0,78.0,1262.0,1610
412820,2012,41.0,1.0,8.0,15.0,13.0,114.0,24.0,4.0,140.0,22.0,382.0,738
412820,2013,0.0,0.0,0.0,0.0,0.0,0.0,0.0,0.0,0.0,0.0,396.0,772
412820,2014,42.0,3.0,8.0,10.0,16.0,111.0,40.0,23.0,138.0,40.0,432.0,821
412820,2015,42.0,2.0,10.0,14.0,7.0,150.0,40.0,12.0,118.0,57.0,454.0,889
412820,2016,42.0,1.0,20.0,9.0,7.0,113.0,31.0,3.0,117.0,30.0,374.0,758
412820,2017,52.0,0.0,12.0,14.0,12.0,148.0,27.0,14.0,101.0,51.0,434.0,842
412820,2018,42.0,1.0,24.0,11.0,9.0,135.0,31.0,11.0,102.0,40.0,409.0,816
412820,2019,60.0,1.0,13.0,3.0,5.0,135.0,37.0,11.0,92.0,70.0,427.0,848
412830,2012,1.0,0.0,0.0,1.0,0.0,6.0,0.0,2.0,5.0,4.0,23.0,36
412830,2013,0.0,0.0,0.0,0.0,0.0,0.0,0.0,0.0,0.0,0.0,16.0,22
412830,2014,0.0,0.0,0.0,0.0,0.0,7.0,2.0,0.0,4.0,1.0,15.0,28
412830,2015,1.0,0.0,4.0,1.0,0.0,5.0,2.0,3.0,4.0,3.0,23.0,39
412830,2016,0.0,0.0,0.0,0.0,0.0,5.0,3.0,3.0,6.0,1.0,18.0,24
412830,2017,1.0,0.0,0.0,0.0,0.0,5.0,2.0,1.0,5.0,4.0,18.0,27
412830,2018,1.0,0.0,0.0,1.0,0.0,6.0,2.0,1.0,2.0,2.0,15.0,21
412830,2019,2.0,1.0,0.0,1.0,0.0,7.0,1.0,0.0,5.0,2.0,19.0,27
412840,2012,13.0,5.0,4.0,8.0,6.0,25.0,7.0,6.0,21.0,16.0,122.0,160
412840,2013,0.0,0.0,0.0,0.0,0.0,0.0,0.0,0.0,0.0,0.0,79.0,113
412840,2014,7.0,5.0,2.0,3.0,2.0,35.0,5.0,2.0,23.0,8.0,96.0,120
412840,2015,6.0,9.0,7.0,4.0,1.0,28.0,6.0,8.0,23.0,10.0,106.0,132
412840,2016,4.0,5.0,0.0,4.0,1.0,33.0,8.0,6.0,25.0,15.0,102.0,116
412840,2017,10.0,1.0,2.0,8.0,6.0,17.0,12.0,6.0,14.0,8.0,88.0,98
412840,2018,14.0,5.0,0.0,3.0,5.0,36.0,12.0,4.0,15.0,11.0,105.0,113
412840,2019,8.0,4.0,1.0,2.0,2.0,23.0,7.0,4.0,24.0,7.0,86.0,100
412850,2012,35.0,0.0,5.0,3.0,3.0,44.0,9.0,6.0,20.0,34.0,161.0,247
412850,2013,0.0,0.0,0.0,0.0,0.0,0.0,0.0,0.0,0.0,0.0,170.0,276
412850,2014,13.0,0.0,0.0,4.0,1.0,63.0,9.0,14.0,11.0,41.0,159.0,282
412850,2015,12.0,0.0,4.0,7.0,4.0,46.0,13.0,7.0,30.0,20.0,146.0,252
412850,2016,12.0,1.0,4.0,6.0,0.0,37.0,5.0,7.0,20.0,22.0,115.0,248
412850,2017,7.0,1.0,5.0,2.0,2.0,39.0,3.0,4.0,9.0,17.0,116.0,258
412850,2018,19.0,0.0,6.0,6.0,4.0,61.0,7.0,3.0,11.0,16.0,157.0,275
412850,2019,17.0,0.0,11.0,2.0,3.0,51.0,4.0,17.0,9.0,30.0,147.0,286
412853,2012,5.0,1.0,2.0,2.0,2.0,28.0,13.0,1.0,21.0,5.0,81.0,129
412853,2013,0.0,0.0,0.0,0.0,0.0,0.0,0.0,0.0,0.0,0.0,90.0,129
412853,2014,5.0,0.0,4.0,2.0,2.0,25.0,8.0,8.0,24.0,11.0,91.0,135
412853,2015,4.0,0.0,2.0,4.0,0.0,24.0,10.0,1.0,23.0,6.0,74.0,131
412853,2016,3.0,0.0,0.0,2.0,0.0,29.0,10.0,2.0,25.0,4.0,75.0,133
412853,2017,4.0,0.0,4.0,5.0,2.0,45.0,6.0,0.0,18.0,5.0,92.0,158
412853,2018,5.0,1.0,2.0,1.0,3.0,28.0,10.0,2.0,20.0,7.0,79.0,135
412853,2019,1.0,2.0,0.0,3.0,1.0,33.0,9.0,4.0,12.0,4.0,69.0,136
412855,2012,6.0,0.0,0.0,2.0,3.0,20.0,2.0,1.0,7.0,4.0,53.0,85
412855,2013,0.0,0.0,0.0,0.0,0.0,0.0,0.0,0.0,0.0,0.0,54.0,110
412855,2014,3.0,0.0,0.0,2.0,1.0,19.0,9.0,1.0,19.0,3.0,63.0,113
412855,2015,1.0,1.0,2.0,1.0,0.0,20.0,9.0,0.0,10.0,4.0,57.0,108
412855,2016,8.0,0.0,8.0,0.0,3.0,14.0,5.0,1.0,9.0,4.0,55.0,107
412855,2017,5.0,0.0,2.0,5.0,1.0,20.0,4.0,2.0,11.0,0.0,50.0,108
412855,2018,3.0,0.0,3.0,4.0,0.0,20.0,5.0,1.0,8.0,2.0,46.0,99
412855,2019,4.0,0.0,3.0,1.0,1.0,14.0,6.0,1.0,15.0,8.0,53.0,107
412860,2012,2.0,3.0,4.0,1.0,6.0,13.0,5.0,2.0,15.0,4.0,56.0,93
412860,2013,0.0,0.0,0.0,0.0,0.0,0.0,0.0,0.0,0.0,0.0,64.0,98
412860,2014,4.0,0.0,0.0,10.0,9.0,18.0,8.0,2.0,21.0,5.0,77.0,119
412860,2015,2.0,1.0,2.0,4.0,2.0,15.0,4.0,2.0,12.0,5.0,52.0,77
412860,2016,6.0,0.0,11.0,1.0,1.0,23.0,8.0,1.0,13.0,5.0,69.0,102
412860,2017,8.0,2.0,5.0,0.0,1.0,29.0,4.0,2.0,16.0,8.0,76.0,114
412860,2018,5.0,0.0,2.0,0.0,3.0,31.0,10.0,1.0,16.0,2.0,70.0,105
412860,2019,5.0,0.0,0.0,3.0,1.0,16.0,11.0,2.0,26.0,2.0,67.0,94
412862,2012,3.0,0.0,0.0,0.0,0.0,7.0,2.0,1.0,11.0,2.0,26.0,38
412862,2013,0.0,0.0,0.0,0.0,0.0,0.0,0.0,0.0,0.0,0.0,28.0,46
412862,2014,3.0,0.0,0.0,0.0,2.0,11.0,1.0,1.0,10.0,1.0,29.0,55
412862,2015,0.0,0.0,0.0,1.0,0.0,6.0,0.0,0.0,12.0,1.0,20.0,29
412862,2016,1.0,0.0,0.0,1.0,0.0,16.0,8.0,1.0,11.0,0.0,38.0,50
412862,2017,2.0,0.0,2.0,0.0,0.0,15.0,4.0,1.0,6.0,3.0,33.0,45
412862,2018,1.0,0.0,1.0,1.0,1.0,14.0,7.0,1.0,8.0,2.0,36.0,52
412862,2019,1.0,0.0,0.0,0.0,1.0,18.0,5.0,0.0,11.0,2.0,38.0,58
412863,2012,2.0,0.0,0.0,1.0,1.0,9.0,1.0,0.0,3.0,0.0,18.0,61
412863,2013,0.0,0.0,0.0,0.0,0.0,0.0,0.0,0.0,0.0,0.0,22.0,63
412863,2014,1.0,0.0,0.0,2.0,3.0,6.0,1.0,1.0,4.0,4.0,22.0,65
412863,2015,1.0,0.0,0.0,1.0,1.0,10.0,0.0,1.0,6.0,2.0,23.0,75
412863,2016,1.0,0.0,0.0,2.0,0.0,7.0,3.0,3.0,9.0,2.0,27.0,66
412863,2017,0.0,0.0,0.0,0.0,2.0,6.0,1.0,1.0,8.0,6.0,26.0,70
412863,2018,1.0,0.0,0.0,3.0,2.0,10.0,4.0,1.0,5.0,4.0,30.0,80
412863,2019,6.0,0.0,0.0,1.0,1.0,12.0,3.0,1.0,6.0,0.0,30.0,68
412865,2012,0.0,0.0,0.0,2.0,1.0,8.0,1.0,0.0,4.0,6.0,22.0,48
412865,2013,0.0,0.0,0.0,0.0,0.0,0.0,0.0,0.0,0.0,0.0,30.0,55
412865,2014,1.0,0.0,2.0,0.0,0.0,12.0,2.0,1.0,8.0,4.0,30.0,53
412865,2015,4.0,1.0,4.0,0.0,1.0,6.0,4.0,0.0,9.0,6.0,35.0,61
412865,2016,1.0,0.0,2.0,2.0,2.0,7.0,3.0,3.0,6.0,5.0,31.0,60
412865,2017,2.0,0.0,4.0,0.0,2.0,10.0,3.0,2.0,6.0,5.0,34.0,56
412865,2018,2.0,0.0,0.0,1.0,0.0,13.0,1.0,5.0,9.0,9.0,40.0,59
412865,2019,2.0,0.0,0.0,1.0,2.0,21.0,3.0,3.0,3.0,5.0,40.0,61
412870,2012,2.0,0.0,3.0,0.0,0.0,13.0,3.0,1.0,15.0,5.0,42.0,84
412870,2013,0.0,0.0,0.0,0.0,0.0,0.0,0.0,0.0,0.0,0.0,54.0,89
412870,2014,3.0,0.0,1.0,3.0,3.0,17.0,9.0,0.0,25.0,5.0,66.0,104
412870,2015,3.0,0.0,2.0,2.0,2.0,21.0,6.0,2.0,22.0,3.0,63.0,113
412870,2016,6.0,0.0,2.0,1.0,0.0,24.0,5.0,1.0,12.0,2.0,53.0,128
412870,2017,5.0,0.0,2.0,2.0,1.0,27.0,10.0,0.0,16.0,2.0,65.0,131
412870,2018,3.0,1.0,8.0,5.0,1.0,24.0,5.0,0.0,8.0,3.0,58.0,119
412870,2019,8.0,0.0,2.0,1.0,2.0,29.0,5.0,0.0,18.0,6.0,72.0,119
412880,2012,3.0,0.0,2.0,1.0,1.0,19.0,4.0,2.0,9.0,5.0,46.0,64
412880,2013,0.0,0.0,0.0,0.0,0.0,0.0,0.0,0.0,0.0,0.0,42.0,63
412880,2014,2.0,0.0,2.0,2.0,0.0,18.0,5.0,0.0,14.0,7.0,50.0,73
412880,2015,1.0,0.0,2.0,3.0,2.0,20.0,5.0,2.0,14.0,2.0,51.0,83
412880,2016,1.0,0.0,0.0,3.0,2.0,16.0,6.0,1.0,10.0,0.0,39.0,65
412880,2017,5.0,0.0,0.0,2.0,2.0,22.0,1.0,0.0,20.0,3.0,55.0,73
412880,2018,5.0,0.0,0.0,0.0,1.0,22.0,5.0,2.0,23.0,5.0,63.0,78
412880,2019,1.0,0.0,4.0,1.0,1.0,18.0,9.0,1.0,22.0,2.0,59.0,74
420000,2013,0.0,0.0,0.0,0.0,0.0,0.0,0.0,0.0,0.0,0.0,1.0,1
420000,2015,0.0,0.0,0.0,0.0,0.0,0.0,0.0,0.0,0.0,0.0,1.0,2
420000,2016,0.0,0.0,0.0,0.0,0.0,0.0,0.0,0.0,0.0,0.0,0.0,1
420000,2017,0.0,0.0,0.0,0.0,0.0,0.0,0.0,0.0,0.0,0.0,0.0,1
420000,2019,0.0,0.0,0.0,0.0,0.0,0.0,0.0,0.0,1.0,0.0,1.0,3
420005,2012,0.0,0.0,0.0,0.0,0.0,1.0,0.0,0.0,0.0,0.0,17.0,33
420005,2013,0.0,0.0,0.0,0.0,0.0,0.0,0.0,0.0,0.0,0.0,23.0,48
420005,2014,2.0,0.0,0.0,0.0,0.0,6.0,1.0,0.0,2.0,8.0,19.0,33
420005,2015,1.0,0.0,2.0,0.0,1.0,8.0,1.0,1.0,2.0,1.0,17.0,27
420005,2016,0.0,0.0,0.0,1.0,0.0,4.0,1.0,3.0,3.0,7.0,19.0,27
420005,2017,1.0,0.0,2.0,0.0,2.0,12.0,1.0,1.0,2.0,9.0,31.0,41
420005,2018,4.0,0.0,0.0,3.0,0.0,7.0,1.0,2.0,3.0,6.0,27.0,35
420005,2019,0.0,0.0,0.0,0.0,1.0,10.0,0.0,3.0,1.0,6.0,21.0,25
420010,2012,10.0,0.0,3.0,4.0,5.0,38.0,18.0,1.0,39.0,12.0,148.0,269
420010,2013,0.0,0.0,0.0,0.0,0.0,0.0,0.0,0.0,0.0,0.0,156.0,258
420010,2014,7.0,0.0,11.0,1.0,1.0,53.0,23.0,2.0,58.0,21.0,197.0,299
420010,2015,4.0,2.0,4.0,4.0,1.0,55.0,22.0,2.0,56.0,15.0,180.0,290
420010,2016,9.0,0.0,7.0,2.0,2.0,64.0,30.0,8.0,74.0,22.0,218.0,314
420010,2017,8.0,0.0,5.0,5.0,2.0,69.0,15.0,12.0,37.0,13.0,167.0,277
420010,2018,8.0,0.0,8.0,4.0,5.0,69.0,13.0,13.0,31.0,31.0,184.0,299
420010,2019,4.0,1.0,3.0,8.0,5.0,66.0,13.0,18.0,32.0,29.0,179.0,285
420020,2012,10.0,0.0,1.0,6.0,3.0,30.0,6.0,0.0,29.0,3.0,88.0,142
420020,2013,0.0,0.0,0.0,0.0,0.0,0.0,0.0,0.0,0.0,0.0,93.0,138
420020,2014,6.0,1.0,3.0,1.0,3.0,25.0,11.0,4.0,14.0,3.0,75.0,125
420020,2015,5.0,0.0,0.0,4.0,0.0,37.0,6.0,0.0,16.0,15.0,83.0,166
420020,2016,1.0,0.0,3.0,4.0,2.0,31.0,4.0,5.0,23.0,8.0,81.0,138
420020,2017,5.0,0.0,4.0,4.0,2.0,36.0,10.0,2.0,13.0,8.0,84.0,159
420020,2018,3.0,0.0,2.0,2.0,2.0,32.0,8.0,3.0,16.0,3.0,71.0,140
420020,2019,5.0,0.0,0.0,0.0,2.0,20.0,6.0,1.0,19.0,5.0,59.0,124
420030,2012,2.0,1.0,1.0,1.0,0.0,6.0,2.0,0.0,7.0,7.0,28.0,66
420030,2013,0.0,0.0,0.0,0.0,0.0,0.0,0.0,0.0,0.0,0.0,22.0,41
420030,2014,2.0,0.0,0.0,1.0,1.0,13.0,3.0,0.0,4.0,1.0,25.0,54
420030,2015,0.0,0.0,0.0,1.0,0.0,5.0,3.0,0.0,8.0,0.0,19.0,53
420030,2016,2.0,0.0,0.0,0.0,1.0,9.0,4.0,3.0,4.0,3.0,26.0,48
420030,2017,4.0,0.0,0.0,2.0,0.0,17.0,3.0,1.0,12.0,3.0,42.0,68
420030,2018,6.0,0.0,0.0,2.0,0.0,16.0,2.0,2.0,11.0,2.0,41.0,76
420030,2019,1.0,0.0,2.0,3.0,3.0,12.0,3.0,1.0,6.0,1.0,32.0,70
420040,2012,0.0,0.0,0.0,0.0,1.0,1.0,0.0,0.0,0.0,0.0,58.0,91
420040,2013,0.0,0.0,0.0,0.0,0.0,0.0,0.0,0.0,0.0,0.0,58.0,73
420040,2014,0.0,0.0,0.0,0.0,0.0,10.0,3.0,2.0,3.0,10.0,70.0,89
420040,2015,10.0,0.0,3.0,3.0,2.0,21.0,2.0,2.0,6.0,11.0,70.0,103
420040,2016,3.0,1.0,0.0,2.0,3.0,19.0,3.0,1.0,9.0,2.0,47.0,74
420040,2017,7.0,0.0,0.0,3.0,5.0,16.0,10.0,1.0,9.0,7.0,77.0,106
420040,2018,6.0,1.0,0.0,7.0,2.0,15.0,1.0,3.0,9.0,8.0,61.0,98
420040,2019,3.0,0.0,0.0,5.0,0.0,33.0,2.0,1.0,17.0,5.0,68.0,112
420050,2012,6.0,2.0,2.0,1.0,1.0,9.0,0.0,1.0,7.0,1.0,41.0,69
420050,2013,0.0,0.0,0.0,0.0,0.0,0.0,0.0,0.0,0.0,0.0,37.0,71
420050,2014,4.0,0.0,2.0,1.0,0.0,15.0,4.0,0.0,10.0,10.0,46.0,64
420050,2015,10.0,1.0,2.0,2.0,1.0,12.0,6.0,2.0,11.0,6.0,53.0,77
420050,2016,9.0,1.0,0.0,1.0,0.0,18.0,7.0,0.0,20.0,2.0,58.0,86
420050,2017,4.0,0.0,0.0,0.0,2.0,17.0,6.0,2.0,10.0,2.0,43.0,54
420050,2018,0.0,0.0,2.0,3.0,1.0,22.0,4.0,1.0,13.0,5.0,51.0,76
420050,2019,2.0,1.0,0.0,2.0,0.0,26.0,7.0,0.0,13.0,2.0,54.0,92
420055,2012,1.0,1.0,0.0,0.0,0.0,4.0,3.0,0.0,5.0,1.0,17.0,29
420055,2013,0.0,0.0,0.0,0.0,0.0,0.0,0.0,0.0,0.0,0.0,23.0,32
420055,2014,1.0,0.0,0.0,0.0,1.0,6.0,0.0,0.0,5.0,2.0,18.0,28
420055,2015,0.0,0.0,0.0,2.0,2.0,8.0,3.0,1.0,3.0,2.0,22.0,38
420055,2016,0.0,0.0,1.0,1.0,0.0,9.0,1.0,1.0,2.0,1.0,16.0,23
420055,2017,0.0,0.0,0.0,3.0,0.0,5.0,3.0,0.0,2.0,1.0,14.0,28
420055,2018,1.0,0.0,2.0,1.0,0.0,13.0,2.0,2.0,3.0,3.0,27.0,40
420055,2019,2.0,0.0,0.0,0.0,0.0,6.0,1.0,0.0,10.0,4.0,23.0,33
420060,2012,4.0,1.0,0.0,0.0,1.0,12.0,2.0,2.0,10.0,7.0,41.0,67
420060,2013,0.0,0.0,0.0,0.0,0.0,0.0,0.0,0.0,0.0,0.0,37.0,60
420060,2014,4.0,0.0,0.0,1.0,1.0,11.0,3.0,2.0,5.0,6.0,35.0,60
420060,2015,3.0,1.0,0.0,0.0,0.0,8.0,5.0,0.0,12.0,5.0,34.0,65
420060,2016,3.0,0.0,2.0,3.0,1.0,8.0,4.0,4.0,12.0,3.0,40.0,77
420060,2017,2.0,0.0,0.0,1.0,2.0,12.0,2.0,2.0,6.0,5.0,35.0,78
420060,2018,0.0,0.0,0.0,1.0,2.0,15.0,5.0,1.0,11.0,4.0,39.0,78
420060,2019,2.0,0.0,0.0,0.0,0.0,9.0,7.0,0.0,6.0,7.0,32.0,74
420070,2012,11.0,0.0,2.0,1.0,2.0,12.0,5.0,2.0,16.0,8.0,64.0,105
420070,2013,0.0,0.0,0.0,0.0,0.0,0.0,0.0,0.0,0.0,0.0,54.0,114
420070,2014,3.0,0.0,0.0,1.0,1.0,16.0,6.0,4.0,18.0,6.0,60.0,128
420070,2015,3.0,0.0,10.0,0.0,1.0,19.0,7.0,1.0,11.0,4.0,58.0,122
420070,2016,6.0,0.0,4.0,1.0,0.0,22.0,5.0,1.0,7.0,4.0,50.0,110
420070,2017,5.0,0.0,1.0,4.0,0.0,19.0,7.0,6.0,10.0,11.0,64.0,134
420070,2018,3.0,0.0,2.0,3.0,1.0,26.0,6.0,2.0,10.0,4.0,58.0,118
420070,2019,3.0,0.0,1.0,3.0,1.0,20.0,6.0,0.0,11.0,3.0,48.0,99
420075,2012,2.0,0.0,0.0,0.0,1.0,2.0,4.0,0.0,6.0,1.0,16.0,18
420075,2013,0.0,0.0,0.0,0.0,0.0,0.0,0.0,0.0,0.0,0.0,5.0,8
420075,2014,0.0,0.0,0.0,0.0,0.0,5.0,0.0,0.0,1.0,2.0,8.0,16
420075,2015,1.0,0.0,0.0,0.0,0.0,4.0,0.0,0.0,3.0,0.0,8.0,13
420075,2016,2.0,0.0,0.0,0.0,1.0,10.0,0.0,0.0,3.0,1.0,18.0,21
420075,2017,0.0,1.0,0.0,0.0,0.0,3.0,0.0,0.0,0.0,0.0,4.0,6
420075,2018,0.0,0.0,0.0,0.0,0.0,6.0,3.0,0.0,2.0,4.0,15.0,18
420075,2019,2.0,0.0,0.0,0.0,0.0,5.0,3.0,0.0,6.0,2.0,18.0,21
420080,2012,0.0,0.0,2.0,1.0,0.0,6.0,2.0,0.0,13.0,4.0,58.0,73
420080,2013,0.0,0.0,0.0,0.0,0.0,0.0,0.0,0.0,0.0,0.0,57.0,78
420080,2014,12.0,0.0,2.0,0.0,1.0,14.0,6.0,4.0,14.0,10.0,63.0,80
420080,2015,4.0,0.0,0.0,1.0,1.0,11.0,2.0,5.0,13.0,2.0,39.0,63
420080,2016,2.0,0.0,0.0,2.0,1.0,19.0,2.0,1.0,6.0,3.0,36.0,64
420080,2017,4.0,0.0,0.0,1.0,1.0,16.0,4.0,2.0,5.0,6.0,39.0,66
420080,2018,3.0,0.0,2.0,0.0,0.0,12.0,1.0,7.0,7.0,11.0,43.0,64
420080,2019,0.0,0.0,0.0,0.0,0.0,18.0,0.0,5.0,8.0,11.0,42.0,58
420090,2012,2.0,0.0,0.0,1.0,2.0,8.0,2.0,2.0,12.0,1.0,32.0,58
420090,2013,0.0,0.0,0.0,0.0,0.0,0.0,0.0,0.0,0.0,0.0,29.0,51
420090,2014,3.0,0.0,0.0,0.0,3.0,7.0,7.0,0.0,12.0,0.0,33.0,57
420090,2015,3.0,0.0,0.0,0.0,0.0,8.0,2.0,1.0,3.0,2.0,19.0,47
420090,2016,2.0,0.0,2.0,1.0,1.0,11.0,1.0,3.0,4.0,2.0,27.0,53
420090,2017,0.0,0.0,0.0,0.0,0.0,12.0,1.0,1.0,5.0,8.0,28.0,54
420090,2018,2.0,0.0,0.0,1.0,2.0,7.0,1.0,0.0,9.0,3.0,25.0,59
420090,2019,4.0,0.0,0.0,1.0,4.0,8.0,6.0,2.0,3.0,5.0,33.0,64
420100,2012,1.0,1.0,1.0,0.0,0.0,4.0,0.0,0.0,0.0,1.0,36.0,96
420100,2013,0.0,0.0,0.0,0.0,0.0,0.0,0.0,0.0,0.0,0.0,47.0,114
420100,2014,3.0,0.0,0.0,2.0,1.0,7.0,3.0,5.0,7.0,7.0,36.0,109
420100,2015,4.0,0.0,4.0,4.0,0.0,7.0,1.0,1.0,9.0,9.0,41.0,97
420100,2016,6.0,0.0,0.0,3.0,2.0,9.0,0.0,0.0,7.0,2.0,38.0,102
420100,2017,5.0,0.0,0.0,2.0,1.0,12.0,4.0,1.0,10.0,5.0,40.0,83
420100,2018,2.0,1.0,3.0,4.0,3.0,14.0,4.0,3.0,8.0,6.0,48.0,117
420100,2019,1.0,0.0,0.0,0.0,2.0,10.0,10.0,0.0,9.0,4.0,36.0,96
420110,2012,0.0,0.0,0.0,0.0,0.0,1.0,0.0,1.0,3.0,0.0,10.0,25
420110,2013,0.0,0.0,0.0,0.0,0.0,0.0,0.0,0.0,0.0,0.0,17.0,30
420110,2014,1.0,0.0,0.0,0.0,0.0,7.0,1.0,0.0,6.0,2.0,18.0,29
420110,2015,1.0,0.0,0.0,0.0,0.0,3.0,2.0,0.0,7.0,0.0,13.0,30
420110,2016,0.0,0.0,0.0,0.0,1.0,5.0,1.0,0.0,2.0,0.0,9.0,18
420110,2017,1.0,0.0,0.0,0.0,0.0,5.0,0.0,2.0,2.0,1.0,11.0,32
420110,2018,0.0,0.0,0.0,0.0,0.0,8.0,1.0,1.0,7.0,2.0,19.0,38
420110,2019,0.0,0.0,0.0,0.0,1.0,5.0,2.0,2.0,1.0,1.0,15.0,35
420120,2012,2.0,0.0,4.0,3.0,1.0,11.0,4.0,2.0,23.0,6.0,60.0,102
420120,2013,0.0,0.0,0.0,0.0,0.0,0.0,0.0,0.0,0.0,0.0,54.0,97
420120,2014,6.0,0.0,2.0,3.0,3.0,22.0,9.0,1.0,13.0,6.0,65.0,116
420120,2015,6.0,1.0,2.0,2.0,1.0,25.0,8.0,2.0,17.0,2.0,66.0,123
420120,2016,3.0,0.0,2.0,4.0,1.0,28.0,5.0,0.0,17.0,5.0,65.0,128
420120,2017,3.0,1.0,3.0,2.0,4.0,21.0,4.0,4.0,16.0,6.0,65.0,125
420120,2018,2.0,0.0,0.0,2.0,5.0,28.0,3.0,1.0,18.0,11.0,71.0,129
420120,2019,4.0,0.0,0.0,2.0,3.0,31.0,3.0,6.0,7.0,5.0,64.0,130
420125,2012,7.0,0.0,0.0,1.0,1.0,25.0,10.0,2.0,17.0,13.0,77.0,123
420125,2013,0.0,0.0,0.0,0.0,0.0,0.0,0.0,0.0,0.0,0.0,76.0,125
420125,2014,12.0,0.0,2.0,0.0,2.0,35.0,3.0,4.0,24.0,9.0,96.0,156
420125,2015,3.0,1.0,2.0,3.0,2.0,34.0,7.0,0.0,14.0,10.0,77.0,127
420125,2016,5.0,0.0,4.0,2.0,0.0,28.0,7.0,1.0,16.0,3.0,66.0,116
420125,2017,7.0,0.0,2.0,1.0,2.0,34.0,8.0,1.0,15.0,9.0,79.0,145
420125,2018,5.0,0.0,4.0,0.0,3.0,36.0,11.0,2.0,20.0,5.0,86.0,139
420125,2019,4.0,0.0,0.0,0.0,5.0,33.0,5.0,1.0,18.0,4.0,70.0,127
420127,2012,2.0,0.0,0.0,1.0,1.0,9.0,2.0,3.0,7.0,3.0,28.0,42
420127,2013,0.0,0.0,0.0,0.0,0.0,0.0,0.0,0.0,0.0,0.0,34.0,45
420127,2014,1.0,0.0,4.0,1.0,0.0,14.0,3.0,1.0,4.0,2.0,30.0,42
420127,2015,1.0,0.0,0.0,3.0,1.0,12.0,3.0,0.0,7.0,4.0,31.0,44
420127,2016,2.0,0.0,4.0,1.0,0.0,18.0,3.0,2.0,6.0,4.0,40.0,46
420127,2017,4.0,0.0,4.0,1.0,1.0,14.0,2.0,3.0,8.0,4.0,42.0,55
420127,2018,4.0,0.0,0.0,1.0,0.0,15.0,6.0,1.0,2.0,5.0,34.0,44
420127,2019,4.0,0.0,0.0,2.0,1.0,18.0,5.0,3.0,6.0,4.0,43.0,54
420130,2012,19.0,2.0,9.0,6.0,5.0,79.0,25.0,5.0,67.0,14.0,233.0,499
420130,2013,0.0,0.0,0.0,0.0,0.0,0.0,0.0,0.0,0.0,0.0,212.0,459
420130,2014,14.0,2.0,8.0,7.0,9.0,78.0,28.0,6.0,61.0,12.0,227.0,494
420130,2015,19.0,1.0,7.0,7.0,3.0,91.0,33.0,12.0,70.0,21.0,265.0,549
420130,2016,19.0,0.0,4.0,14.0,6.0,80.0,35.0,3.0,56.0,14.0,231.0,549
420130,2017,15.0,2.0,5.0,13.0,7.0,89.0,32.0,9.0,49.0,15.0,236.0,560
420130,2018,19.0,0.0,2.0,11.0,7.0,109.0,26.0,4.0,55.0,18.0,251.0,588
420130,2019,24.0,0.0,6.0,14.0,6.0,95.0,26.0,8.0,35.0,20.0,234.0,572
420140,2012,39.0,2.0,14.0,24.0,16.0,160.0,28.0,10.0,142.0,38.0,507.0,872
420140,2013,0.0,0.0,0.0,0.0,0.0,0.0,0.0,0.0,0.0,0.0,455.0,829
420140,2014,67.0,5.0,13.0,16.0,15.0,174.0,67.0,17.0,161.0,30.0,568.0,893
420140,2015,57.0,1.0,16.0,16.0,20.0,220.0,64.0,5.0,181.0,36.0,620.0,942
420140,2016,56.0,4.0,22.0,26.0,20.0,162.0,62.0,11.0,163.0,34.0,565.0,895
420140,2017,52.0,5.0,10.0,15.0,17.0,198.0,55.0,15.0,174.0,28.0,569.0,917
420140,2018,58.0,3.0,7.0,21.0,12.0,224.0,52.0,10.0,152.0,27.0,566.0,910
420140,2019,80.0,5.0,24.0,19.0,18.0,233.0,64.0,14.0,157.0,49.0,668.0,1004
420150,2012,16.0,0.0,0.0,3.0,1.0,25.0,8.0,4.0,19.0,4.0,83.0,103
420150,2013,0.0,0.0,0.0,0.0,0.0,0.0,0.0,0.0,0.0,0.0,74.0,95
420150,2014,4.0,2.0,0.0,1.0,2.0,25.0,6.0,7.0,17.0,11.0,84.0,107
420150,2015,11.0,1.0,0.0,4.0,3.0,25.0,11.0,1.0,21.0,5.0,86.0,124
420150,2016,6.0,1.0,6.0,4.0,2.0,18.0,6.0,1.0,12.0,2.0,58.0,94
420150,2017,8.0,2.0,3.0,1.0,0.0,29.0,6.0,2.0,13.0,19.0,83.0,132
420150,2018,4.0,0.0,6.0,1.0,3.0,27.0,1.0,2.0,10.0,8.0,62.0,113
420150,2019,8.0,0.0,0.0,1.0,1.0,33.0,7.0,4.0,14.0,10.0,78.0,117
420160,2012,1.0,0.0,2.0,0.0,0.0,1.0,1.0,1.0,6.0,4.0,22.0,28
420160,2013,0.0,0.0,0.0,0.0,0.0,0.0,0.0,0.0,0.0,0.0,25.0,32
420160,2014,3.0,0.0,0.0,0.0,1.0,10.0,2.0,2.0,5.0,1.0,26.0,34
420160,2015,2.0,0.0,0.0,0.0,0.0,3.0,2.0,1.0,6.0,3.0,17.0,26
420160,2016,1.0,0.0,0.0,0.0,1.0,9.0,3.0,0.0,6.0,1.0,23.0,40
420160,2017,4.0,0.0,0.0,0.0,3.0,13.0,1.0,0.0,9.0,5.0,35.0,43
420160,2018,0.0,0.0,0.0,1.0,0.0,12.0,0.0,1.0,11.0,1.0,26.0,31
420160,2019,2.0,0.0,2.0,3.0,0.0,9.0,5.0,0.0,7.0,1.0,29.0,41
420165,2012,2.0,0.0,0.0,1.0,1.0,2.0,2.0,2.0,6.0,4.0,20.0,24
420165,2013,0.0,0.0,0.0,0.0,0.0,0.0,0.0,0.0,0.0,0.0,19.0,24
420165,2014,2.0,0.0,0.0,0.0,0.0,6.0,1.0,2.0,6.0,4.0,21.0,28
420165,2015,1.0,0.0,0.0,0.0,0.0,11.0,1.0,0.0,4.0,2.0,20.0,25
420165,2016,0.0,0.0,0.0,0.0,1.0,5.0,0.0,0.0,6.0,0.0,12.0,14
420165,2017,2.0,0.0,2.0,0.0,1.0,7.0,2.0,0.0,4.0,4.0,23.0,32
420165,2018,0.0,0.0,0.0,0.0,0.0,9.0,0.0,1.0,3.0,0.0,13.0,15
420165,2019,1.0,0.0,1.0,1.0,1.0,9.0,0.0,0.0,4.0,2.0,19.0,23
420170,2012,5.0,0.0,0.0,1.0,2.0,30.0,2.0,2.0,22.0,10.0,74.0,102
420170,2013,0.0,0.0,0.0,0.0,0.0,0.0,0.0,0.0,0.0,0.0,54.0,79
420170,2014,7.0,0.0,0.0,0.0,0.0,25.0,8.0,0.0,16.0,5.0,61.0,99
420170,2015,8.0,0.0,0.0,1.0,0.0,18.0,1.0,1.0,18.0,7.0,54.0,99
420170,2016,3.0,0.0,2.0,1.0,2.0,26.0,2.0,2.0,20.0,9.0,67.0,102
420170,2017,3.0,0.0,0.0,1.0,1.0,17.0,2.0,1.0,20.0,1.0,46.0,84
420170,2018,8.0,0.0,2.0,3.0,1.0,27.0,7.0,4.0,20.0,6.0,78.0,126
420170,2019,8.0,1.0,3.0,1.0,0.0,28.0,4.0,0.0,20.0,6.0,71.0,100
420180,2012,3.0,0.0,0.0,2.0,0.0,6.0,1.0,0.0,6.0,0.0,18.0,33
420180,2013,0.0,0.0,0.0,0.0,0.0,0.0,0.0,0.0,0.0,0.0,23.0,45
420180,2014,2.0,0.0,0.0,5.0,0.0,8.0,4.0,4.0,4.0,3.0,30.0,48
420180,2015,3.0,1.0,2.0,0.0,3.0,5.0,6.0,3.0,2.0,3.0,28.0,48
420180,2016,1.0,0.0,0.0,0.0,1.0,6.0,1.0,2.0,3.0,3.0,17.0,28
420180,2017,3.0,0.0,0.0,0.0,0.0,10.0,3.0,0.0,6.0,1.0,23.0,51
420180,2018,1.0,0.0,0.0,2.0,0.0,1.0,1.0,0.0,6.0,1.0,12.0,32
420180,2019,0.0,0.0,2.0,0.0,0.0,7.0,6.0,2.0,2.0,2.0,21.0,44
420190,2012,2.0,0.0,0.0,1.0,2.0,11.0,2.0,1.0,13.0,2.0,35.0,78
420190,2013,0.0,0.0,0.0,0.0,0.0,0.0,0.0,0.0,0.0,0.0,36.0,68
420190,2014,2.0,0.0,0.0,0.0,1.0,14.0,4.0,3.0,8.0,9.0,41.0,70
420190,2015,1.0,0.0,2.0,0.0,2.0,13.0,7.0,0.0,21.0,2.0,48.0,72
420190,2016,2.0,0.0,4.0,1.0,1.0,6.0,4.0,4.0,13.0,4.0,39.0,63
420190,2017,2.0,0.0,0.0,3.0,3.0,16.0,5.0,0.0,12.0,3.0,44.0,80
420190,2018,4.0,0.0,2.0,2.0,2.0,26.0,2.0,2.0,13.0,3.0,56.0,89
420190,2019,0.0,0.0,0.0,1.0,0.0,31.0,9.0,0.0,8.0,1.0,51.0,84
420195,2012,3.0,0.0,4.0,5.0,1.0,34.0,3.0,2.0,20.0,7.0,89.0,158
420195,2013,0.0,0.0,0.0,0.0,0.0,0.0,0.0,0.0,0.0,0.0,74.0,149
420195,2014,9.0,1.0,0.0,4.0,2.0,24.0,10.0,1.0,16.0,8.0,76.0,138
420195,2015,12.0,0.0,4.0,4.0,5.0,43.0,11.0,3.0,14.0,5.0,103.0,166
420195,2016,12.0,0.0,3.0,5.0,4.0,27.0,11.0,2.0,14.0,2.0,80.0,143
420195,2017,12.0,1.0,0.0,5.0,0.0,41.0,12.0,3.0,14.0,3.0,91.0,162
420195,2018,7.0,0.0,2.0,3.0,4.0,25.0,12.0,0.0,22.0,3.0,78.0,155
420195,2019,15.0,0.0,2.0,2.0,3.0,32.0,16.0,2.0,15.0,3.0,90.0,166
420200,2012,78.0,12.0,32.0,18.0,29.0,289.0,55.0,27.0,222.0,121.0,912.0,1354
420200,2013,0.0,0.0,0.0,0.0,0.0,0.0,0.0,0.0,0.0,0.0,889.0,1442
420200,2014,79.0,9.0,46.0,28.0,23.0,268.0,55.0,54.0,165.0,152.0,894.0,1536
420200,2015,80.0,8.0,30.0,24.0,30.0,294.0,42.0,49.0,139.0,143.0,845.0,1607
420200,2016,82.0,18.0,32.0,18.0,25.0,249.0,31.0,70.0,111.0,129.0,769.0,1601
420200,2017,64.0,10.0,24.0,25.0,29.0,299.0,52.0,42.0,192.0,130.0,887.0,1695
420200,2018,55.0,4.0,44.0,23.0,27.0,318.0,59.0,37.0,155.0,101.0,823.0,1635
420200,2019,57.0,0.0,26.0,32.0,42.0,294.0,66.0,33.0,198.0,103.0,854.0,1595
420205,2012,7.0,0.0,0.0,2.0,0.0,19.0,4.0,1.0,11.0,2.0,46.0,108
420205,2013,0.0,0.0,0.0,0.0,0.0,0.0,0.0,0.0,0.0,0.0,56.0,107
420205,2014,5.0,0.0,0.0,5.0,3.0,22.0,2.0,5.0,12.0,7.0,61.0,139
420205,2015,4.0,0.0,2.0,1.0,1.0,23.0,10.0,1.0,25.0,2.0,69.0,134
420205,2016,8.0,0.0,1.0,3.0,1.0,25.0,10.0,0.0,10.0,7.0,65.0,137
420205,2017,4.0,0.0,2.0,1.0,0.0,27.0,11.0,2.0,18.0,2.0,67.0,146
420205,2018,8.0,0.0,2.0,1.0,1.0,24.0,5.0,3.0,14.0,6.0,64.0,149
420205,2019,7.0,0.0,4.0,3.0,4.0,28.0,3.0,3.0,13.0,9.0,74.0,142
420207,2012,6.0,0.0,2.0,1.0,0.0,9.0,5.0,2.0,7.0,6.0,42.0,95
420207,2013,0.0,0.0,0.0,0.0,0.0,0.0,0.0,0.0,0.0,0.0,55.0,118
420207,2014,7.0,1.0,4.0,4.0,1.0,23.0,12.0,1.0,19.0,4.0,81.0,130
420207,2015,5.0,0.0,8.0,5.0,2.0,26.0,8.0,4.0,10.0,2.0,71.0,130
420207,2016,12.0,0.0,4.0,2.0,4.0,22.0,10.0,5.0,14.0,6.0,80.0,139
420207,2017,4.0,0.0,2.0,4.0,1.0,29.0,11.0,4.0,19.0,8.0,82.0,145
420207,2018,8.0,1.0,2.0,5.0,1.0,37.0,11.0,1.0,17.0,1.0,84.0,161
420207,2019,7.0,0.0,5.0,2.0,3.0,31.0,9.0,3.0,19.0,5.0,84.0,151
420208,2012,2.0,0.0,0.0,0.0,1.0,3.0,3.0,1.0,3.0,3.0,19.0,38
420208,2013,0.0,0.0,0.0,0.0,0.0,0.0,0.0,0.0,0.0,0.0,16.0,32
420208,2014,4.0,1.0,0.0,1.0,0.0,7.0,2.0,3.0,3.0,1.0,22.0,35
420208,2015,2.0,0.0,0.0,0.0,1.0,14.0,0.0,0.0,2.0,2.0,21.0,40
420208,2016,3.0,0.0,0.0,0.0,0.0,10.0,3.0,1.0,5.0,1.0,23.0,40
420208,2017,1.0,0.0,0.0,1.0,0.0,4.0,0.0,0.0,4.0,1.0,11.0,34
420208,2018,2.0,0.0,2.0,2.0,0.0,5.0,0.0,1.0,2.0,0.0,15.0,41
420208,2019,1.0,0.0,0.0,0.0,1.0,12.0,2.0,0.0,4.0,2.0,22.0,44
420209,2012,0.0,0.0,0.0,0.0,1.0,4.0,1.0,3.0,1.0,4.0,15.0,24
420209,2013,0.0,0.0,0.0,0.0,0.0,0.0,0.0,0.0,0.0,0.0,12.0,18
420209,2014,1.0,0.0,0.0,1.0,1.0,7.0,0.0,1.0,3.0,2.0,16.0,21
420209,2015,0.0,0.0,0.0,0.0,1.0,1.0,1.0,1.0,4.0,0.0,8.0,14
420209,2016,1.0,0.0,0.0,0.0,0.0,5.0,0.0,0.0,1.0,0.0,7.0,14
420209,2017,0.0,0.0,0.0,0.0,0.0,5.0,1.0,0.0,2.0,1.0,9.0,24
420209,2018,0.0,0.0,0.0,0.0,0.0,2.0,3.0,0.0,0.0,0.0,5.0,10
420209,2019,2.0,0.0,0.0,0.0,0.0,5.0,0.0,1.0,2.0,1.0,11.0,20
420210,2012,19.0,0.0,3.0,5.0,4.0,51.0,16.0,3.0,37.0,13.0,171.0,361
420210,2013,0.0,0.0,0.0,0.0,0.0,0.0,0.0,0.0,0.0,0.0,186.0,411
420210,2014,18.0,0.0,1.0,7.0,3.0,57.0,13.0,13.0,55.0,18.0,185.0,417
420210,2015,17.0,0.0,2.0,8.0,5.0,59.0,24.0,6.0,52.0,18.0,191.0,475
420210,2016,18.0,1.0,12.0,7.0,6.0,102.0,17.0,6.0,51.0,14.0,234.0,510
420210,2017,13.0,0.0,14.0,12.0,7.0,97.0,19.0,6.0,42.0,21.0,231.0,515
420210,2018,15.0,2.0,9.0,9.0,7.0,77.0,17.0,10.0,42.0,20.0,208.0,524
420210,2019,17.0,0.0,8.0,14.0,11.0,86.0,19.0,7.0,36.0,18.0,216.0,506
420213,2012,2.0,0.0,1.0,3.0,1.0,3.0,0.0,1.0,3.0,4.0,34.0,66
420213,2013,0.0,0.0,0.0,0.0,0.0,0.0,0.0,0.0,0.0,0.0,31.0,68
420213,2014,5.0,0.0,1.0,2.0,0.0,6.0,0.0,5.0,4.0,13.0,38.0,78
420213,2015,2.0,1.0,0.0,0.0,0.0,6.0,0.0,1.0,3.0,9.0,22.0,53
420213,2016,0.0,0.0,2.0,0.0,0.0,9.0,2.0,1.0,5.0,1.0,20.0,53
420213,2017,3.0,0.0,0.0,2.0,1.0,18.0,5.0,2.0,3.0,4.0,38.0,69
420213,2018,5.0,0.0,6.0,1.0,0.0,20.0,5.0,1.0,5.0,1.0,52.0,87
420213,2019,2.0,0.0,0.0,1.0,0.0,9.0,1.0,0.0,4.0,0.0,45.0,65
420215,2012,2.0,0.0,0.0,0.0,0.0,6.0,0.0,1.0,5.0,6.0,21.0,34
420215,2013,0.0,0.0,0.0,0.0,0.0,0.0,0.0,0.0,0.0,0.0,18.0,29
420215,2014,1.0,0.0,0.0,0.0,1.0,8.0,2.0,2.0,4.0,2.0,20.0,32
420215,2015,0.0,0.0,1.0,0.0,1.0,3.0,2.0,2.0,6.0,1.0,16.0,26
420215,2016,1.0,1.0,0.0,1.0,0.0,8.0,3.0,2.0,4.0,2.0,22.0,34
420215,2017,2.0,0.0,0.0,0.0,3.0,12.0,2.0,0.0,1.0,3.0,23.0,41
420215,2018,2.0,0.0,2.0,0.0,1.0,2.0,0.0,0.0,5.0,2.0,14.0,28
420215,2019,2.0,0.0,4.0,2.0,1.0,6.0,2.0,0.0,2.0,2.0,21.0,33
420220,2012,8.0,0.0,4.0,1.0,2.0,24.0,1.0,0.0,28.0,7.0,84.0,102
420220,2013,0.0,0.0,0.0,0.0,0.0,0.0,0.0,0.0,0.0,0.0,82.0,110
420220,2014,4.0,0.0,0.0,0.0,2.0,30.0,10.0,6.0,20.0,5.0,77.0,99
420220,2015,6.0,0.0,2.0,1.0,1.0,31.0,2.0,4.0,23.0,14.0,84.0,119
420220,2016,1.0,0.0,1.0,3.0,1.0,32.0,8.0,0.0,24.0,8.0,78.0,119
420220,2017,7.0,0.0,0.0,1.0,0.0,25.0,8.0,2.0,19.0,5.0,67.0,102
420220,2018,5.0,0.0,4.0,0.0,1.0,48.0,2.0,1.0,23.0,7.0,91.0,125
420220,2019,7.0,0.0,0.0,3.0,0.0,26.0,6.0,4.0,17.0,6.0,69.0,97
420230,2012,48.0,2.0,22.0,10.0,8.0,117.0,16.0,14.0,119.0,68.0,432.0,875
420230,2013,0.0,0.0,0.0,0.0,0.0,0.0,0.0,0.0,0.0,0.0,470.0,889
420230,2014,30.0,2.0,25.0,21.0,19.0,122.0,38.0,15.0,114.0,66.0,457.0,965
420230,2015,34.0,5.0,19.0,19.0,21.0,127.0,45.0,16.0,124.0,36.0,448.0,992
420230,2016,48.0,0.0,13.0,19.0,16.0,129.0,50.0,26.0,100.0,48.0,450.0,952
420230,2017,42.0,3.0,21.0,20.0,19.0,137.0,41.0,19.0,112.0,39.0,458.0,994
420230,2018,33.0,2.0,8.0,25.0,9.0,132.0,30.0,27.0,96.0,56.0,436.0,958
420230,2019,31.0,3.0,14.0,15.0,3.0,163.0,52.0,24.0,79.0,55.0,445.0,965
420240,2012,239.0,5.0,114.0,52.0,90.0,771.0,160.0,42.0,977.0,250.0,2740.0,4401
420240,2013,0.0,0.0,0.0,0.0,0.0,0.0,0.0,0.0,0.0,0.0,2736.0,4268
420240,2014,215.0,12.0,103.0,77.0,84.0,860.0,307.0,88.0,878.0,234.0,2858.0,4480
420240,2015,196.0,16.0,109.0,87.0,87.0,797.0,186.0,82.0,661.0,207.0,2428.0,4511
420240,2016,164.0,10.0,96.0,81.0,95.0,811.0,192.0,56.0,652.0,165.0,2322.0,4401
420240,2017,184.0,8.0,101.0,77.0,93.0,812.0,214.0,40.0,683.0,168.0,2380.0,4510
420240,2018,222.0,6.0,87.0,83.0,87.0,784.0,209.0,47.0,629.0,146.0,2301.0,4532
420240,2019,210.0,11.0,90.0,83.0,72.0,709.0,208.0,41.0,619.0,153.0,2198.0,4411
420243,2012,1.0,1.0,2.0,0.0,3.0,5.0,1.0,0.0,7.0,1.0,21.0,34
420243,2013,0.0,0.0,0.0,0.0,0.0,0.0,0.0,0.0,0.0,0.0,24.0,48
420243,2014,0.0,0.0,2.0,1.0,0.0,6.0,3.0,1.0,5.0,6.0,27.0,53
420243,2015,1.0,0.0,0.0,1.0,0.0,13.0,0.0,1.0,6.0,3.0,27.0,59
420243,2016,3.0,0.0,0.0,1.0,1.0,12.0,1.0,0.0,3.0,1.0,22.0,39
420243,2017,2.0,0.0,2.0,2.0,1.0,7.0,0.0,1.0,6.0,3.0,24.0,50
420243,2018,0.0,0.0,0.0,1.0,1.0,6.0,1.0,2.0,3.0,2.0,16.0,35
420243,2019,2.0,0.0,0.0,0.0,2.0,6.0,2.0,2.0,1.0,1.0,16.0,33
420245,2012,11.0,1.0,9.0,3.0,2.0,33.0,7.0,3.0,41.0,20.0,133.0,229
420245,2013,0.0,0.0,0.0,0.0,0.0,0.0,0.0,0.0,0.0,0.0,148.0,265
420245,2014,7.0,0.0,0.0,3.0,3.0,56.0,19.0,7.0,33.0,13.0,141.0,253
420245,2015,15.0,1.0,6.0,0.0,1.0,49.0,14.0,7.0,33.0,17.0,143.0,277
420245,2016,7.0,2.0,4.0,1.0,6.0,40.0,10.0,12.0,27.0,23.0,133.0,285
420245,2017,7.0,1.0,2.0,4.0,2.0,43.0,21.0,11.0,34.0,17.0,145.0,292
420245,2018,11.0,2.0,6.0,2.0,3.0,68.0,12.0,2.0,23.0,6.0,135.0,299
420245,2019,6.0,2.0,6.0,6.0,4.0,70.0,8.0,6.0,26.0,7.0,142.0,302
420250,2012,2.0,0.0,0.0,0.0,1.0,6.0,1.0,0.0,8.0,3.0,22.0,39
420250,2013,0.0,0.0,0.0,0.0,0.0,0.0,0.0,0.0,0.0,0.0,22.0,39
420250,2014,2.0,0.0,0.0,2.0,0.0,15.0,2.0,2.0,6.0,1.0,30.0,51
420250,2015,2.0,0.0,0.0,1.0,1.0,10.0,2.0,0.0,4.0,3.0,23.0,45
420250,2016,2.0,1.0,2.0,1.0,1.0,12.0,4.0,0.0,6.0,3.0,32.0,48
420250,2017,4.0,1.0,2.0,2.0,0.0,9.0,5.0,0.0,8.0,3.0,34.0,51
420250,2018,4.0,0.0,0.0,0.0,1.0,8.0,3.0,1.0,11.0,4.0,32.0,53
420250,2019,2.0,0.0,0.0,0.0,1.0,4.0,0.0,0.0,6.0,2.0,15.0,35
420253,2012,1.0,0.0,2.0,1.0,0.0,1.0,1.0,0.0,0.0,0.0,29.0,48
420253,2013,0.0,0.0,0.0,0.0,0.0,0.0,0.0,0.0,0.0,0.0,23.0,34
420253,2014,2.0,0.0,0.0,0.0,0.0,4.0,0.0,0.0,2.0,2.0,35.0,49
420253,2015,2.0,0.0,1.0,1.0,0.0,8.0,0.0,1.0,1.0,4.0,25.0,36
420253,2016,3.0,0.0,0.0,0.0,1.0,7.0,0.0,0.0,2.0,9.0,22.0,34
420253,2017,2.0,0.0,0.0,0.0,0.0,5.0,1.0,0.0,2.0,1.0,13.0,30
420253,2018,3.0,0.0,4.0,1.0,0.0,7.0,1.0,0.0,2.0,2.0,20.0,32
420253,2019,1.0,0.0,0.0,0.0,0.0,7.0,1.0,2.0,3.0,4.0,18.0,36
420257,2012,1.0,0.0,0.0,0.0,0.0,6.0,2.0,1.0,8.0,5.0,23.0,25
420257,2013,0.0,0.0,0.0,0.0,0.0,0.0,0.0,0.0,0.0,0.0,24.0,26
420257,2014,3.0,0.0,0.0,1.0,0.0,6.0,1.0,1.0,6.0,1.0,19.0,22
420257,2015,1.0,0.0,0.0,0.0,0.0,6.0,2.0,0.0,8.0,0.0,17.0,23
420257,2016,1.0,0.0,0.0,0.0,0.0,11.0,0.0,0.0,5.0,1.0,18.0,21
420257,2017,2.0,0.0,0.0,0.0,1.0,12.0,2.0,1.0,3.0,2.0,23.0,29
420257,2018,1.0,0.0,0.0,1.0,1.0,4.0,3.0,0.0,5.0,1.0,16.0,21
420257,2019,2.0,0.0,0.0,1.0,1.0,7.0,3.0,1.0,3.0,2.0,20.0,22
420260,2012,5.0,0.0,0.0,2.0,1.0,15.0,5.0,1.0,7.0,5.0,47.0,117
420260,2013,0.0,0.0,0.0,0.0,0.0,0.0,0.0,0.0,0.0,0.0,48.0,110
420260,2014,7.0,0.0,4.0,2.0,1.0,15.0,9.0,3.0,4.0,2.0,49.0,108
420260,2015,2.0,0.0,0.0,3.0,2.0,23.0,6.0,2.0,21.0,3.0,62.0,151
420260,2016,2.0,0.0,0.0,0.0,2.0,25.0,4.0,1.0,4.0,4.0,43.0,131
420260,2017,5.0,0.0,5.0,1.0,4.0,22.0,8.0,1.0,8.0,4.0,58.0,156
420260,2018,1.0,0.0,4.0,3.0,1.0,21.0,5.0,2.0,9.0,4.0,50.0,120
420260,2019,4.0,1.0,8.0,3.0,0.0,14.0,3.0,1.0,13.0,4.0,52.0,124
420270,2012,4.0,0.0,2.0,1.0,1.0,12.0,2.0,3.0,12.0,5.0,42.0,63
420270,2013,0.0,0.0,0.0,0.0,0.0,0.0,0.0,0.0,0.0,0.0,43.0,57
420270,2014,1.0,0.0,0.0,1.0,0.0,12.0,1.0,0.0,12.0,6.0,34.0,45
420270,2015,7.0,0.0,0.0,1.0,0.0,18.0,3.0,1.0,9.0,4.0,43.0,65
420270,2016,2.0,0.0,2.0,1.0,2.0,13.0,5.0,0.0,15.0,2.0,42.0,59
420270,2017,2.0,1.0,4.0,2.0,1.0,8.0,1.0,0.0,13.0,3.0,35.0,54
420270,2018,4.0,0.0,0.0,1.0,1.0,12.0,4.0,0.0,10.0,1.0,34.0,60
420270,2019,5.0,0.0,0.0,0.0,2.0,14.0,4.0,2.0,9.0,8.0,44.0,72
420280,2012,31.0,2.0,4.0,7.0,11.0,80.0,5.0,0.0,104.0,40.0,314.0,459
420280,2013,0.0,0.0,0.0,0.0,0.0,0.0,0.0,0.0,0.0,0.0,286.0,456
420280,2014,21.0,7.0,6.0,7.0,11.0,106.0,20.0,9.0,87.0,22.0,307.0,453
420280,2015,29.0,3.0,1.0,13.0,4.0,126.0,29.0,8.0,88.0,21.0,328.0,495
420280,2016,22.0,3.0,12.0,4.0,5.0,102.0,25.0,9.0,90.0,19.0,291.0,469
420280,2017,21.0,4.0,12.0,11.0,3.0,134.0,25.0,18.0,61.0,33.0,328.0,498
420280,2018,25.0,2.0,10.0,4.0,9.0,126.0,19.0,11.0,65.0,33.0,305.0,516
420280,2019,18.0,0.0,14.0,2.0,4.0,120.0,27.0,13.0,68.0,34.0,318.0,573
420285,2012,5.0,1.0,1.0,0.0,3.0,12.0,1.0,0.0,5.0,3.0,31.0,48
420285,2013,0.0,0.0,0.0,0.0,0.0,0.0,0.0,0.0,0.0,0.0,40.0,59
420285,2014,2.0,0.0,0.0,2.0,1.0,11.0,3.0,2.0,5.0,2.0,30.0,50
420285,2015,4.0,0.0,2.0,1.0,0.0,10.0,2.0,0.0,5.0,2.0,27.0,47
420285,2016,0.0,1.0,0.0,0.0,1.0,11.0,2.0,0.0,5.0,1.0,21.0,45
420285,2017,3.0,0.0,0.0,1.0,1.0,14.0,1.0,0.0,7.0,1.0,28.0,44
420285,2018,0.0,0.0,0.0,1.0,0.0,6.0,3.0,0.0,5.0,0.0,15.0,42
420285,2019,1.0,0.0,0.0,0.0,0.0,9.0,1.0,1.0,4.0,2.0,19.0,44
420287,2012,1.0,0.0,0.0,1.0,0.0,3.0,1.0,1.0,2.0,2.0,19.0,33
420287,2013,0.0,0.0,0.0,0.0,0.0,0.0,0.0,0.0,0.0,0.0,23.0,34
420287,2014,1.0,0.0,0.0,0.0,0.0,6.0,0.0,0.0,8.0,1.0,20.0,30
420287,2015,2.0,0.0,2.0,1.0,0.0,3.0,3.0,2.0,2.0,0.0,15.0,23
420287,2016,2.0,2.0,0.0,2.0,1.0,2.0,2.0,0.0,5.0,2.0,18.0,32
420287,2017,1.0,0.0,0.0,0.0,0.0,5.0,5.0,0.0,7.0,0.0,18.0,28
420287,2018,2.0,0.0,1.0,1.0,0.0,7.0,1.0,2.0,5.0,0.0,19.0,37
420287,2019,2.0,0.0,0.0,0.0,0.0,5.0,2.0,0.0,5.0,2.0,16.0,32
420290,2012,75.0,3.0,22.0,12.0,24.0,299.0,48.0,27.0,296.0,126.0,972.0,1526
420290,2013,0.0,0.0,0.0,0.0,0.0,0.0,0.0,0.0,0.0,0.0,1071.0,1625
420290,2014,100.0,3.0,19.0,5.0,17.0,334.0,152.0,19.0,366.0,65.0,1093.0,1657
420290,2015,102.0,5.0,13.0,17.0,19.0,372.0,103.0,18.0,349.0,55.0,1053.0,1730
420290,2016,80.0,6.0,28.0,30.0,37.0,359.0,93.0,29.0,302.0,87.0,1051.0,1731
420290,2017,76.0,8.0,47.0,28.0,39.0,357.0,70.0,58.0,251.0,163.0,1098.0,1841
420290,2018,81.0,6.0,30.0,24.0,33.0,426.0,79.0,41.0,224.0,150.0,1095.0,1923
420290,2019,76.0,1.0,40.0,24.0,25.0,431.0,89.0,57.0,226.0,158.0,1128.0,1960
420300,2012,71.0,10.0,22.0,25.0,21.0,195.0,40.0,11.0,233.0,37.0,682.0,1115
420300,2013,0.0,0.0,0.0,0.0,0.0,0.0,0.0,0.0,0.0,0.0,713.0,1175
420300,2014,32.0,1.0,13.0,12.0,13.0,265.0,81.0,25.0,241.0,71.0,755.0,1221
420300,2015,25.0,2.0,22.0,15.0,11.0,292.0,57.0,56.0,146.0,138.0,767.0,1202
420300,2016,41.0,2.0,18.0,14.0,12.0,293.0,51.0,68.0,131.0,169.0,800.0,1216
420300,2017,48.0,1.0,17.0,24.0,17.0,261.0,49.0,92.0,95.0,173.0,779.0,1150
420300,2018,48.0,2.0,30.0,14.0,8.0,280.0,37.0,50.0,94.0,120.0,687.0,1230
420300,2019,46.0,1.0,19.0,9.0,7.0,309.0,37.0,57.0,95.0,137.0,720.0,1161
420310,2012,2.0,0.0,0.0,0.0,0.0,5.0,0.0,1.0,3.0,0.0,50.0,58
420310,2013,0.0,0.0,0.0,0.0,0.0,0.0,0.0,0.0,0.0,0.0,65.0,71
420310,2014,3.0,0.0,0.0,0.0,1.0,8.0,2.0,3.0,23.0,5.0,55.0,61
420310,2015,1.0,1.0,0.0,2.0,0.0,25.0,3.0,3.0,18.0,10.0,63.0,71
420310,2016,3.0,0.0,0.0,1.0,1.0,22.0,4.0,3.0,15.0,6.0,55.0,62
420310,2017,5.0,0.0,0.0,1.0,0.0,27.0,3.0,3.0,13.0,7.0,59.0,69
420310,2018,7.0,0.0,0.0,0.0,2.0,22.0,4.0,1.0,7.0,4.0,48.0,68
420310,2019,5.0,0.0,4.0,2.0,0.0,32.0,3.0,1.0,18.0,5.0,70.0,89
420315,2012,5.0,1.0,0.0,1.0,1.0,8.0,3.0,1.0,6.0,1.0,28.0,62
420315,2013,0.0,0.0,0.0,0.0,0.0,0.0,0.0,0.0,0.0,0.0,33.0,74
420315,2014,0.0,0.0,0.0,0.0,2.0,6.0,4.0,0.0,10.0,5.0,27.0,63
420315,2015,3.0,0.0,0.0,1.0,0.0,12.0,3.0,4.0,3.0,5.0,31.0,69
420315,2016,1.0,0.0,0.0,2.0,0.0,13.0,3.0,3.0,1.0,5.0,28.0,58
420315,2017,0.0,0.0,2.0,0.0,1.0,9.0,5.0,7.0,2.0,11.0,37.0,68
420315,2018,3.0,0.0,0.0,1.0,0.0,17.0,2.0,1.0,2.0,9.0,35.0,64
420315,2019,0.0,0.0,3.0,1.0,1.0,10.0,2.0,0.0,2.0,7.0,26.0,63
420320,2012,81.0,3.0,12.0,7.0,17.0,220.0,59.0,11.0,221.0,51.0,761.0,1191
420320,2013,0.0,0.0,0.0,0.0,0.0,0.0,0.0,0.0,0.0,0.0,660.0,1191
420320,2014,57.0,2.0,12.0,10.0,9.0,203.0,41.0,30.0,117.0,81.0,598.0,1186
420320,2015,56.0,2.0,22.0,10.0,11.0,239.0,30.0,36.0,88.0,101.0,614.0,1322
420320,2016,49.0,3.0,19.0,15.0,13.0,229.0,37.0,45.0,82.0,99.0,598.0,1297
420320,2017,42.0,4.0,22.0,16.0,17.0,269.0,45.0,38.0,118.0,91.0,668.0,1418
420320,2018,46.0,4.0,18.0,19.0,18.0,249.0,61.0,30.0,125.0,70.0,644.0,1438
420320,2019,34.0,9.0,22.0,30.0,19.0,285.0,63.0,23.0,135.0,60.0,684.0,1453
420325,2012,3.0,0.0,0.0,0.0,0.0,5.0,0.0,1.0,4.0,2.0,16.0,31
420325,2013,0.0,0.0,0.0,0.0,0.0,0.0,0.0,0.0,0.0,0.0,10.0,26
420325,2014,3.0,0.0,0.0,0.0,0.0,4.0,1.0,2.0,1.0,2.0,14.0,30
420325,2015,1.0,0.0,0.0,1.0,1.0,3.0,0.0,1.0,3.0,0.0,10.0,22
420325,2016,2.0,0.0,0.0,1.0,0.0,6.0,2.0,1.0,3.0,1.0,16.0,27
420325,2017,0.0,0.0,0.0,0.0,1.0,4.0,0.0,2.0,3.0,2.0,12.0,25
420325,2018,1.0,0.0,0.0,1.0,0.0,3.0,1.0,0.0,2.0,1.0,9.0,30
420325,2019,3.0,0.0,4.0,0.0,0.0,5.0,3.0,0.0,2.0,2.0,19.0,36
420330,2012,3.0,1.0,2.0,4.0,0.0,18.0,9.0,4.0,29.0,4.0,76.0,137
420330,2013,0.0,0.0,0.0,0.0,0.0,0.0,0.0,0.0,0.0,0.0,47.0,106
420330,2014,3.0,0.0,0.0,2.0,2.0,19.0,12.0,4.0,26.0,7.0,75.0,117
420330,2015,7.0,1.0,0.0,2.0,4.0,26.0,13.0,3.0,19.0,7.0,82.0,141
420330,2016,1.0,0.0,0.0,1.0,5.0,33.0,10.0,4.0,16.0,6.0,76.0,147
420330,2017,5.0,0.0,6.0,1.0,4.0,23.0,5.0,1.0,26.0,10.0,81.0,146
420330,2018,5.0,0.0,0.0,3.0,1.0,24.0,10.0,1.0,21.0,20.0,89.0,154
420330,2019,6.0,0.0,2.0,3.0,3.0,26.0,8.0,3.0,20.0,10.0,86.0,153
420340,2012,3.0,0.0,2.0,2.0,2.0,8.0,1.0,3.0,13.0,5.0,42.0,100
420340,2013,0.0,0.0,0.0,0.0,0.0,0.0,0.0,0.0,0.0,0.0,47.0,109
420340,2014,5.0,0.0,3.0,1.0,1.0,11.0,5.0,1.0,5.0,5.0,39.0,89
420340,2015,0.0,0.0,4.0,2.0,0.0,7.0,0.0,1.0,10.0,4.0,28.0,70
420340,2016,4.0,0.0,0.0,0.0,3.0,11.0,7.0,0.0,11.0,5.0,42.0,89
420340,2017,4.0,0.0,4.0,2.0,4.0,20.0,4.0,1.0,12.0,3.0,54.0,115
420340,2018,4.0,0.0,4.0,0.0,3.0,11.0,3.0,3.0,9.0,5.0,42.0,95
420340,2019,5.0,0.0,2.0,0.0,0.0,11.0,2.0,2.0,12.0,2.0,36.0,79
420350,2012,10.0,0.0,4.0,5.0,4.0,21.0,8.0,4.0,15.0,22.0,93.0,136
420350,2013,0.0,0.0,0.0,0.0,0.0,0.0,0.0,0.0,0.0,0.0,90.0,139
420350,2014,12.0,2.0,4.0,0.0,2.0,30.0,7.0,9.0,17.0,23.0,106.0,146
420350,2015,8.0,1.0,0.0,3.0,2.0,36.0,17.0,3.0,20.0,13.0,103.0,163
420350,2016,7.0,1.0,1.0,2.0,1.0,38.0,12.0,7.0,14.0,14.0,97.0,158
420350,2017,11.0,0.0,4.0,1.0,6.0,28.0,6.0,3.0,19.0,7.0,85.0,140
420350,2018,7.0,0.0,0.0,4.0,1.0,38.0,2.0,4.0,12.0,20.0,88.0,152
420350,2019,4.0,0.0,1.0,4.0,1.0,44.0,3.0,7.0,19.0,10.0,94.0,144
420360,2012,6.0,0.0,2.0,0.0,1.0,3.0,0.0,1.0,1.0,2.0,303.0,470
420360,2013,0.0,0.0,0.0,0.0,0.0,0.0,0.0,0.0,0.0,0.0,314.0,482
420360,2014,32.0,0.0,8.0,6.0,11.0,99.0,29.0,23.0,94.0,63.0,366.0,543
420360,2015,16.0,0.0,2.0,8.0,5.0,110.0,22.0,19.0,108.0,55.0,350.0,502
420360,2016,19.0,2.0,8.0,10.0,14.0,132.0,30.0,19.0,93.0,61.0,390.0,550
420360,2017,27.0,0.0,2.0,16.0,4.0,112.0,28.0,34.0,68.0,64.0,363.0,510
420360,2018,20.0,0.0,3.0,4.0,12.0,144.0,25.0,33.0,56.0,93.0,405.0,578
420360,2019,24.0,0.0,13.0,11.0,9.0,151.0,12.0,49.0,44.0,104.0,423.0,556
420370,2012,2.0,0.0,2.0,2.0,1.0,10.0,7.0,0.0,9.0,3.0,74.0,126
420370,2013,0.0,0.0,0.0,0.0,0.0,0.0,0.0,0.0,0.0,0.0,75.0,141
420370,2014,4.0,0.0,2.0,0.0,2.0,23.0,11.0,3.0,24.0,14.0,84.0,140
420370,2015,1.0,0.0,2.0,3.0,2.0,20.0,2.0,2.0,18.0,4.0,57.0,117
420370,2016,6.0,0.0,2.0,0.0,2.0,26.0,3.0,1.0,16.0,4.0,61.0,121
420370,2017,8.0,0.0,6.0,0.0,1.0,22.0,8.0,1.0,13.0,3.0,65.0,118
420370,2018,5.0,1.0,0.0,1.0,0.0,31.0,10.0,1.0,11.0,8.0,70.0,149
420370,2019,8.0,1.0,2.0,3.0,2.0,36.0,8.0,7.0,23.0,15.0,110.0,160
420380,2012,56.0,4.0,14.0,8.0,3.0,88.0,4.0,11.0,36.0,81.0,503.0,802
420380,2013,0.0,0.0,0.0,0.0,0.0,0.0,0.0,0.0,0.0,0.0,490.0,824
420380,2014,49.0,0.0,13.0,13.0,14.0,141.0,21.0,39.0,59.0,116.0,507.0,802
420380,2015,45.0,2.0,23.0,12.0,23.0,165.0,26.0,20.0,116.0,94.0,567.0,882
420380,2016,43.0,2.0,17.0,17.0,8.0,230.0,51.0,22.0,81.0,62.0,533.0,846
420380,2017,36.0,1.0,26.0,10.0,3.0,392.0,18.0,8.0,20.0,17.0,534.0,793
420380,2018,51.0,1.0,20.0,8.0,2.0,484.0,6.0,15.0,5.0,3.0,596.0,842
420380,2019,36.0,1.0,12.0,21.0,1.0,446.0,8.0,0.0,12.0,5.0,587.0,814
420390,2012,1.0,0.0,6.0,1.0,0.0,0.0,0.0,0.0,2.0,0.0,241.0,296
420390,2013,0.0,0.0,0.0,0.0,0.0,0.0,0.0,0.0,0.0,0.0,255.0,325
420390,2014,15.0,1.0,7.0,5.0,2.0,76.0,13.0,12.0,38.0,28.0,222.0,280
420390,2015,26.0,0.0,4.0,6.0,4.0,78.0,20.0,9.0,73.0,16.0,239.0,306
420390,2016,20.0,1.0,4.0,7.0,3.0,94.0,16.0,7.0,54.0,38.0,245.0,318
420390,2017,23.0,0.0,3.0,6.0,6.0,98.0,20.0,7.0,49.0,32.0,248.0,325
420390,2018,18.0,2.0,4.0,18.0,4.0,105.0,8.0,17.0,39.0,39.0,256.0,333
420390,2019,24.0,0.0,2.0,7.0,4.0,81.0,12.0,28.0,31.0,64.0,257.0,309
420395,2012,34.0,1.0,6.0,2.0,3.0,59.0,12.0,4.0,53.0,17.0,192.0,299
420395,2013,0.0,0.0,0.0,0.0,0.0,0.0,0.0,0.0,0.0,0.0,208.0,319
420395,2014,10.0,7.0,4.0,7.0,5.0,53.0,19.0,4.0,64.0,9.0,194.0,310
420395,2015,23.0,6.0,12.0,8.0,13.0,69.0,23.0,3.0,66.0,6.0,229.0,354
420395,2016,25.0,7.0,3.0,11.0,6.0,69.0,23.0,2.0,59.0,6.0,211.0,338
420395,2017,29.0,7.0,6.0,15.0,6.0,81.0,16.0,4.0,39.0,6.0,209.0,327
420395,2018,25.0,3.0,2.0,5.0,3.0,66.0,18.0,7.0,39.0,13.0,181.0,310
420395,2019,33.0,2.0,10.0,5.0,4.0,65.0,21.0,6.0,44.0,11.0,204.0,347
420400,2012,2.0,0.0,2.0,0.0,0.0,0.0,0.0,0.0,4.0,1.0,89.0,140
420400,2013,0.0,0.0,0.0,0.0,0.0,0.0,0.0,0.0,0.0,0.0,92.0,136
420400,2014,5.0,0.0,2.0,1.0,4.0,20.0,10.0,4.0,21.0,12.0,90.0,124
420400,2015,9.0,0.0,2.0,4.0,2.0,28.0,9.0,1.0,22.0,7.0,85.0,134
420400,2016,7.0,0.0,0.0,3.0,2.0,30.0,7.0,3.0,26.0,8.0,92.0,143
420400,2017,12.0,1.0,4.0,2.0,2.0,45.0,10.0,3.0,27.0,11.0,118.0,187
420400,2018,5.0,0.0,3.0,1.0,2.0,51.0,8.0,2.0,23.0,4.0,99.0,161
420400,2019,10.0,1.0,8.0,3.0,0.0,55.0,8.0,1.0,23.0,9.0,120.0,187
420410,2012,1.0,1.0,2.0,0.0,0.0,4.0,0.0,0.0,3.0,2.0,28.0,46
420410,2013,0.0,0.0,0.0,0.0,0.0,0.0,0.0,0.0,0.0,0.0,29.0,48
420410,2014,3.0,1.0,4.0,1.0,1.0,5.0,3.0,4.0,6.0,4.0,32.0,58
420410,2015,3.0,0.0,2.0,0.0,1.0,13.0,4.0,1.0,9.0,4.0,37.0,70
420410,2016,2.0,0.0,0.0,1.0,0.0,14.0,9.0,0.0,13.0,2.0,41.0,55
420410,2017,2.0,1.0,2.0,3.0,0.0,11.0,7.0,0.0,7.0,2.0,35.0,57
420410,2018,1.0,0.0,3.0,1.0,0.0,15.0,3.0,1.0,1.0,3.0,28.0,47
420410,2019,3.0,2.0,2.0,3.0,1.0,16.0,4.0,0.0,8.0,1.0,41.0,64
420415,2012,1.0,0.0,0.0,0.0,0.0,0.0,0.0,0.0,0.0,0.0,24.0,36
420415,2013,0.0,0.0,0.0,0.0,0.0,0.0,0.0,0.0,0.0,0.0,20.0,31
420415,2014,1.0,0.0,0.0,1.0,0.0,5.0,2.0,0.0,3.0,1.0,13.0,23
420415,2015,2.0,0.0,0.0,1.0,1.0,5.0,2.0,0.0,7.0,4.0,22.0,35
420415,2016,2.0,0.0,0.0,0.0,1.0,9.0,4.0,1.0,3.0,7.0,27.0,35
420415,2017,1.0,0.0,2.0,2.0,1.0,12.0,0.0,0.0,5.0,4.0,28.0,31
420415,2018,1.0,0.0,0.0,1.0,0.0,9.0,2.0,5.0,2.0,1.0,23.0,29
420415,2019,1.0,0.0,0.0,1.0,0.0,7.0,2.0,1.0,3.0,8.0,24.0,30
420417,2012,0.0,0.0,0.0,1.0,2.0,7.0,1.0,0.0,3.0,5.0,19.0,41
420417,2013,0.0,0.0,0.0,0.0,0.0,0.0,0.0,0.0,0.0,0.0,12.0,35
420417,2014,4.0,0.0,0.0,1.0,0.0,1.0,0.0,4.0,8.0,1.0,19.0,48
420417,2015,0.0,0.0,2.0,0.0,1.0,7.0,3.0,2.0,4.0,0.0,19.0,49
420417,2016,0.0,0.0,0.0,2.0,2.0,0.0,3.0,0.0,2.0,2.0,12.0,30
420417,2017,0.0,0.0,0.0,2.0,0.0,7.0,3.0,0.0,2.0,0.0,14.0,36
420417,2018,2.0,1.0,0.0,1.0,0.0,4.0,1.0,0.0,2.0,2.0,13.0,35
420417,2019,1.0,0.0,0.0,2.0,0.0,9.0,1.0,1.0,5.0,0.0,19.0,40
420419,2012,1.0,1.0,0.0,1.0,0.0,5.0,3.0,2.0,3.0,3.0,19.0,37
420419,2013,0.0,0.0,0.0,0.0,0.0,0.0,0.0,0.0,0.0,0.0,24.0,44
420419,2014,1.0,0.0,0.0,1.0,1.0,8.0,2.0,2.0,2.0,1.0,20.0,28
420419,2015,3.0,0.0,0.0,0.0,0.0,15.0,3.0,1.0,5.0,1.0,28.0,41
420419,2016,4.0,1.0,2.0,1.0,0.0,10.0,2.0,1.0,6.0,1.0,28.0,49
420419,2017,1.0,0.0,0.0,0.0,0.0,9.0,4.0,1.0,9.0,2.0,26.0,43
420419,2018,3.0,0.0,0.0,0.0,0.0,5.0,3.0,1.0,4.0,3.0,19.0,35
420419,2019,1.0,0.0,2.0,3.0,0.0,6.0,2.0,0.0,6.0,0.0,20.0,44
420420,2012,137.0,8.0,49.0,52.0,58.0,581.0,134.0,64.0,618.0,258.0,1977.0,3006
420420,2013,0.0,0.0,0.0,0.0,0.0,0.0,0.0,0.0,0.0,0.0,2102.0,3183
420420,2014,129.0,10.0,69.0,65.0,67.0,682.0,219.0,87.0,545.0,224.0,2111.0,3273
420420,2015,129.0,7.0,53.0,115.0,118.0,700.0,202.0,79.0,622.0,125.0,2154.0,3449
420420,2016,117.0,8.0,55.0,76.0,89.0,743.0,271.0,22.0,720.0,53.0,2155.0,3314
420420,2017,153.0,6.0,63.0,74.0,64.0,803.0,243.0,74.0,693.0,147.0,2321.0,3516
420420,2018,173.0,12.0,76.0,69.0,56.0,805.0,250.0,70.0,650.0,127.0,2290.0,3626
420420,2019,183.0,13.0,72.0,79.0,95.0,809.0,220.0,83.0,529.0,205.0,2295.0,3657
420425,2012,12.0,0.0,0.0,3.0,7.0,32.0,12.0,2.0,51.0,10.0,130.0,182
420425,2013,0.0,0.0,0.0,0.0,0.0,0.0,0.0,0.0,0.0,0.0,143.0,196
420425,2014,9.0,1.0,6.0,4.0,4.0,47.0,16.0,4.0,57.0,6.0,155.0,216
420425,2015,13.0,0.0,4.0,2.0,7.0,52.0,20.0,2.0,34.0,7.0,141.0,212
420425,2016,17.0,0.0,1.0,11.0,8.0,35.0,13.0,5.0,45.0,6.0,141.0,195
420425,2017,10.0,0.0,2.0,5.0,8.0,39.0,16.0,2.0,54.0,4.0,140.0,202
420425,2018,10.0,2.0,3.0,2.0,3.0,57.0,8.0,2.0,43.0,10.0,141.0,212
420425,2019,15.0,0.0,5.0,3.0,2.0,46.0,9.0,5.0,34.0,12.0,131.0,193
420430,2012,73.0,1.0,21.0,11.0,21.0,196.0,44.0,16.0,199.0,71.0,657.0,917
420430,2013,0.0,0.0,0.0,0.0,0.0,0.0,0.0,0.0,0.0,0.0,660.0,889
420430,2014,86.0,1.0,18.0,11.0,17.0,222.0,74.0,28.0,239.0,61.0,760.0,1009
420430,2015,85.0,5.0,13.0,17.0,22.0,254.0,61.0,33.0,223.0,76.0,792.0,1055
420430,2016,90.0,3.0,34.0,27.0,19.0,243.0,73.0,24.0,206.0,72.0,791.0,1035
420430,2017,119.0,3.0,32.0,30.0,28.0,261.0,66.0,47.0,243.0,77.0,908.0,1130
420430,2018,124.0,5.0,30.0,22.0,24.0,258.0,70.0,32.0,202.0,90.0,860.0,1063
420430,2019,145.0,0.0,30.0,31.0,21.0,275.0,96.0,28.0,203.0,73.0,902.0,1111
420435,2012,2.0,0.0,0.0,0.0,0.0,16.0,0.0,0.0,0.0,2.0,29.0,38
420435,2013,0.0,0.0,0.0,0.0,0.0,0.0,0.0,0.0,0.0,0.0,33.0,42
420435,2014,0.0,0.0,0.0,2.0,0.0,10.0,5.0,2.0,7.0,3.0,32.0,50
420435,2015,5.0,0.0,0.0,2.0,1.0,6.0,4.0,3.0,9.0,4.0,35.0,41
420435,2016,6.0,0.0,2.0,1.0,2.0,11.0,6.0,1.0,12.0,1.0,42.0,54
420435,2017,3.0,0.0,4.0,4.0,1.0,9.0,4.0,1.0,17.0,5.0,48.0,67
420435,2018,8.0,0.0,2.0,0.0,2.0,17.0,4.0,2.0,9.0,5.0,49.0,68
420435,2019,2.0,0.0,0.0,0.0,0.0,16.0,2.0,1.0,11.0,3.0,35.0,61
420440,2012,3.0,0.0,6.0,0.0,0.0,30.0,0.0,2.0,8.0,5.0,74.0,96
420440,2013,0.0,0.0,0.0,0.0,0.0,0.0,0.0,0.0,0.0,0.0,78.0,102
420440,2014,5.0,1.0,0.0,8.0,3.0,26.0,5.0,3.0,33.0,8.0,95.0,112
420440,2015,4.0,3.0,0.0,4.0,2.0,25.0,3.0,1.0,16.0,12.0,72.0,97
420440,2016,2.0,0.0,4.0,3.0,2.0,23.0,8.0,0.0,21.0,7.0,75.0,114
420440,2017,9.0,0.0,4.0,0.0,3.0,35.0,4.0,3.0,17.0,4.0,80.0,109
420440,2018,6.0,0.0,6.0,0.0,2.0,27.0,5.0,2.0,26.0,14.0,88.0,119
420440,2019,5.0,0.0,4.0,1.0,6.0,41.0,10.0,1.0,22.0,10.0,100.0,137
420445,2012,2.0,0.0,0.0,1.0,1.0,3.0,3.0,0.0,3.0,0.0,15.0,21
420445,2013,0.0,0.0,0.0,0.0,0.0,0.0,0.0,0.0,0.0,0.0,9.0,15
420445,2014,2.0,0.0,0.0,0.0,0.0,2.0,1.0,1.0,6.0,6.0,19.0,26
420445,2015,2.0,0.0,0.0,0.0,0.0,5.0,1.0,1.0,0.0,3.0,13.0,15
420445,2016,0.0,1.0,0.0,1.0,1.0,8.0,2.0,0.0,5.0,3.0,21.0,30
420445,2017,2.0,0.0,0.0,1.0,1.0,7.0,1.0,2.0,6.0,0.0,20.0,34
420445,2018,1.0,0.0,2.0,1.0,1.0,5.0,0.0,0.0,2.0,0.0,12.0,20
420445,2019,0.0,0.0,0.0,2.0,1.0,2.0,1.0,1.0,7.0,0.0,14.0,17
420450,2012,10.0,0.0,6.0,3.0,4.0,27.0,6.0,3.0,18.0,9.0,86.0,178
420450,2013,0.0,0.0,0.0,0.0,0.0,0.0,0.0,0.0,0.0,0.0,79.0,167
420450,2014,10.0,0.0,8.0,3.0,3.0,33.0,8.0,1.0,34.0,2.0,102.0,175
420450,2015,11.0,0.0,6.0,8.0,5.0,26.0,13.0,0.0,32.0,5.0,106.0,215
420450,2016,15.0,1.0,6.0,3.0,4.0,31.0,10.0,4.0,26.0,9.0,109.0,212
420450,2017,10.0,1.0,1.0,1.0,2.0,24.0,9.0,1.0,20.0,12.0,81.0,182
420450,2018,7.0,0.0,2.0,1.0,7.0,35.0,4.0,0.0,28.0,7.0,91.0,192
420450,2019,8.0,0.0,0.0,2.0,2.0,29.0,9.0,2.0,26.0,2.0,81.0,177
420455,2012,7.0,0.0,2.0,2.0,3.0,34.0,3.0,2.0,25.0,17.0,119.0,199
420455,2013,0.0,0.0,0.0,0.0,0.0,0.0,0.0,0.0,0.0,0.0,129.0,216
420455,2014,9.0,1.0,2.0,4.0,6.0,36.0,12.0,2.0,26.0,11.0,117.0,223
420455,2015,11.0,1.0,5.0,4.0,7.0,30.0,7.0,4.0,17.0,11.0,100.0,196
420455,2016,11.0,1.0,7.0,1.0,1.0,47.0,14.0,4.0,20.0,8.0,115.0,214
420455,2017,13.0,0.0,2.0,1.0,6.0,50.0,8.0,6.0,20.0,6.0,114.0,217
420455,2018,17.0,0.0,0.0,4.0,4.0,50.0,9.0,2.0,23.0,13.0,122.0,229
420455,2019,4.0,1.0,4.0,2.0,1.0,53.0,11.0,3.0,22.0,6.0,107.0,237
420460,2012,199.0,4.0,56.0,34.0,53.0,525.0,134.0,40.0,665.0,128.0,1849.0,2731
420460,2013,0.0,0.0,0.0,0.0,0.0,0.0,0.0,0.0,0.0,0.0,1921.0,2812
420460,2014,161.0,6.0,52.0,35.0,41.0,633.0,231.0,46.0,585.0,116.0,1920.0,2868
420460,2015,157.0,3.0,42.0,46.0,58.0,617.0,212.0,46.0,607.0,92.0,1889.0,2925
420460,2016,156.0,6.0,55.0,40.0,57.0,606.0,229.0,54.0,559.0,96.0,1869.0,2841
420460,2017,155.0,6.0,64.0,41.0,44.0,655.0,208.0,33.0,575.0,102.0,1883.0,2871
420460,2018,150.0,4.0,72.0,36.0,50.0,669.0,206.0,43.0,512.0,108.0,1860.0,2839
420460,2019,149.0,6.0,50.0,66.0,49.0,588.0,159.0,52.0,439.0,150.0,1714.0,2728
420470,2012,4.0,1.0,4.0,0.0,0.0,9.0,1.0,0.0,7.0,1.0,75.0,94
420470,2013,0.0,0.0,0.0,0.0,0.0,0.0,0.0,0.0,0.0,0.0,118.0,138
420470,2014,9.0,4.0,6.0,2.0,1.0,34.0,10.0,7.0,38.0,9.0,122.0,144
420470,2015,9.0,2.0,0.0,4.0,2.0,33.0,10.0,7.0,40.0,10.0,123.0,138
420470,2016,15.0,0.0,4.0,2.0,7.0,38.0,5.0,2.0,30.0,8.0,111.0,131
420470,2017,11.0,0.0,1.0,3.0,2.0,40.0,15.0,1.0,32.0,10.0,115.0,131
420470,2018,9.0,0.0,6.0,2.0,2.0,39.0,12.0,4.0,31.0,7.0,112.0,123
420470,2019,8.0,1.0,8.0,6.0,4.0,37.0,8.0,1.0,28.0,7.0,109.0,130
420475,2012,0.0,0.0,2.0,0.0,1.0,1.0,0.0,0.0,2.0,3.0,14.0,23
420475,2013,0.0,0.0,0.0,0.0,0.0,0.0,0.0,0.0,0.0,0.0,12.0,17
420475,2014,1.0,0.0,0.0,0.0,1.0,5.0,1.0,0.0,2.0,3.0,13.0,21
420475,2015,2.0,0.0,0.0,0.0,0.0,2.0,2.0,1.0,4.0,3.0,14.0,24
420475,2016,2.0,0.0,0.0,1.0,0.0,5.0,0.0,1.0,2.0,3.0,14.0,18
420475,2017,0.0,0.0,0.0,1.0,0.0,1.0,0.0,0.0,7.0,1.0,10.0,17
420475,2018,1.0,0.0,0.0,1.0,1.0,4.0,1.0,1.0,6.0,1.0,16.0,24
420475,2019,0.0,0.0,2.0,2.0,1.0,6.0,4.0,1.0,3.0,2.0,21.0,27
420480,2012,20.0,4.0,4.0,16.0,20.0,56.0,4.0,5.0,14.0,70.0,298.0,617
420480,2013,0.0,0.0,0.0,0.0,0.0,0.0,0.0,0.0,0.0,0.0,322.0,624
420480,2014,34.0,4.0,17.0,22.0,13.0,88.0,17.0,16.0,60.0,41.0,348.0,660
420480,2015,37.0,0.0,7.0,9.0,6.0,112.0,33.0,9.0,86.0,22.0,321.0,632
420480,2016,29.0,10.0,16.0,15.0,18.0,116.0,22.0,8.0,78.0,25.0,340.0,659
420480,2017,47.0,0.0,10.0,6.0,2.0,107.0,44.0,6.0,98.0,16.0,336.0,618
420480,2018,38.0,1.0,15.0,12.0,6.0,144.0,35.0,9.0,84.0,19.0,364.0,687
420480,2019,31.0,0.0,18.0,21.0,17.0,118.0,30.0,9.0,84.0,27.0,356.0,646
420490,2012,7.0,0.0,0.0,2.0,1.0,13.0,0.0,1.0,13.0,2.0,45.0,71
420490,2013,0.0,0.0,0.0,0.0,0.0,0.0,0.0,0.0,0.0,0.0,65.0,84
420490,2014,3.0,0.0,0.0,2.0,1.0,21.0,8.0,1.0,22.0,7.0,67.0,94
420490,2015,5.0,0.0,4.0,2.0,1.0,18.0,6.0,1.0,14.0,4.0,56.0,94
420490,2016,2.0,0.0,2.0,0.0,4.0,21.0,3.0,2.0,14.0,8.0,56.0,81
420490,2017,7.0,1.0,1.0,2.0,3.0,27.0,6.0,0.0,20.0,6.0,73.0,101
420490,2018,4.0,0.0,0.0,3.0,1.0,33.0,4.0,0.0,9.0,5.0,59.0,111
420490,2019,8.0,0.0,0.0,3.0,3.0,27.0,7.0,2.0,9.0,8.0,67.0,96
420500,2012,16.0,1.0,6.0,1.0,4.0,39.0,13.0,3.0,29.0,12.0,155.0,244
420500,2013,0.0,0.0,0.0,0.0,0.0,0.0,0.0,0.0,0.0,0.0,170.0,241
420500,2014,9.0,0.0,2.0,4.0,3.0,63.0,13.0,7.0,46.0,15.0,167.0,259
420500,2015,5.0,1.0,2.0,4.0,5.0,65.0,13.0,13.0,30.0,26.0,164.0,251
420500,2016,5.0,3.0,5.0,7.0,3.0,60.0,16.0,2.0,36.0,11.0,148.0,240
420500,2017,5.0,2.0,3.0,1.0,4.0,41.0,6.0,4.0,24.0,11.0,101.0,211
420500,2018,5.0,0.0,8.0,6.0,4.0,65.0,14.0,6.0,50.0,21.0,179.0,250
420500,2019,8.0,0.0,2.0,7.0,3.0,63.0,22.0,8.0,32.0,20.0,165.0,240
420510,2012,0.0,0.0,0.0,0.0,1.0,10.0,2.0,0.0,6.0,4.0,29.0,48
420510,2013,0.0,0.0,0.0,0.0,0.0,0.0,0.0,0.0,0.0,0.0,23.0,42
420510,2014,1.0,0.0,0.0,1.0,0.0,5.0,2.0,1.0,6.0,1.0,25.0,39
420510,2015,1.0,0.0,7.0,0.0,0.0,7.0,3.0,0.0,7.0,2.0,28.0,58
420510,2016,1.0,0.0,0.0,1.0,1.0,12.0,3.0,1.0,11.0,0.0,30.0,52
420510,2017,3.0,0.0,4.0,0.0,2.0,12.0,1.0,1.0,6.0,1.0,30.0,55
420510,2018,2.0,0.0,2.0,0.0,0.0,17.0,5.0,0.0,10.0,1.0,37.0,61
420510,2019,2.0,0.0,4.0,1.0,0.0,18.0,0.0,0.0,5.0,3.0,33.0,65
420515,2012,2.0,0.0,2.0,0.0,1.0,7.0,0.0,0.0,7.0,11.0,31.0,49
420515,2013,0.0,0.0,0.0,0.0,0.0,0.0,0.0,0.0,0.0,0.0,24.0,36
420515,2014,2.0,0.0,2.0,0.0,0.0,9.0,2.0,0.0,11.0,6.0,32.0,42
420515,2015,3.0,0.0,0.0,1.0,0.0,5.0,0.0,2.0,7.0,3.0,21.0,28
420515,2016,2.0,0.0,0.0,1.0,1.0,9.0,2.0,0.0,6.0,2.0,23.0,32
420515,2017,1.0,0.0,0.0,1.0,1.0,5.0,3.0,0.0,6.0,1.0,18.0,31
420515,2018,2.0,0.0,0.0,1.0,1.0,9.0,1.0,0.0,10.0,4.0,28.0,42
420515,2019,4.0,1.0,0.0,3.0,1.0,6.0,1.0,2.0,9.0,2.0,29.0,39
420517,2012,0.0,0.0,0.0,0.0,0.0,0.0,1.0,0.0,0.0,0.0,24.0,52
420517,2013,0.0,0.0,0.0,0.0,0.0,0.0,0.0,0.0,0.0,0.0,32.0,51
420517,2014,1.0,0.0,0.0,1.0,0.0,1.0,1.0,0.0,3.0,5.0,37.0,63
420517,2015,0.0,0.0,0.0,0.0,1.0,8.0,1.0,4.0,3.0,7.0,31.0,55
420517,2016,3.0,0.0,0.0,0.0,0.0,11.0,5.0,3.0,5.0,9.0,36.0,50
420517,2017,3.0,1.0,2.0,0.0,1.0,9.0,0.0,0.0,8.0,6.0,31.0,61
420517,2018,2.0,0.0,2.0,0.0,0.0,14.0,1.0,2.0,5.0,3.0,29.0,55
420517,2019,1.0,0.0,0.0,3.0,0.0,12.0,2.0,2.0,3.0,5.0,28.0,58
420519,2012,0.0,0.0,0.0,0.0,2.0,8.0,0.0,2.0,2.0,4.0,29.0,37
420519,2013,0.0,0.0,0.0,0.0,0.0,0.0,0.0,0.0,0.0,0.0,24.0,33
420519,2014,3.0,0.0,0.0,0.0,2.0,3.0,4.0,1.0,8.0,0.0,21.0,32
420519,2015,2.0,0.0,0.0,0.0,0.0,8.0,2.0,1.0,10.0,1.0,24.0,27
420519,2016,3.0,0.0,0.0,0.0,1.0,13.0,3.0,0.0,8.0,2.0,30.0,39
420519,2017,2.0,0.0,2.0,2.0,0.0,11.0,3.0,1.0,6.0,0.0,28.0,41
420519,2018,3.0,0.0,0.0,0.0,0.0,10.0,3.0,1.0,3.0,1.0,21.0,32
420519,2019,1.0,0.0,0.0,0.0,0.0,8.0,2.0,1.0,9.0,2.0,24.0,34
420520,2012,1.0,0.0,0.0,0.0,0.0,0.0,0.0,0.0,0.0,0.0,35.0,50
420520,2013,0.0,0.0,0.0,0.0,0.0,0.0,0.0,0.0,0.0,0.0,30.0,43
420520,2014,7.0,0.0,0.0,2.0,0.0,13.0,5.0,2.0,11.0,6.0,48.0,65
420520,2015,2.0,0.0,2.0,0.0,1.0,15.0,0.0,0.0,7.0,3.0,31.0,57
420520,2016,3.0,0.0,2.0,1.0,1.0,7.0,2.0,3.0,8.0,3.0,30.0,48
420520,2017,3.0,0.0,0.0,2.0,1.0,14.0,4.0,2.0,11.0,4.0,42.0,68
420520,2018,0.0,0.0,2.0,1.0,1.0,16.0,1.0,0.0,11.0,1.0,33.0,56
420520,2019,3.0,0.0,4.0,0.0,1.0,14.0,5.0,1.0,6.0,5.0,40.0,66
420530,2012,1.0,0.0,4.0,0.0,1.0,0.0,1.0,0.0,1.0,0.0,112.0,136
420530,2013,0.0,0.0,0.0,0.0,0.0,0.0,0.0,0.0,0.0,0.0,140.0,167
420530,2014,10.0,0.0,2.0,7.0,7.0,27.0,11.0,1.0,38.0,2.0,122.0,140
420530,2015,11.0,0.0,0.0,0.0,1.0,37.0,11.0,1.0,33.0,7.0,112.0,130
420530,2016,16.0,0.0,6.0,1.0,0.0,41.0,12.0,4.0,41.0,8.0,129.0,146
420530,2017,16.0,0.0,3.0,0.0,1.0,59.0,8.0,1.0,43.0,4.0,138.0,164
420530,2018,18.0,1.0,8.0,1.0,1.0,51.0,4.0,9.0,12.0,31.0,136.0,165
420530,2019,16.0,0.0,4.0,0.0,1.0,57.0,4.0,9.0,21.0,20.0,133.0,161
420535,2012,3.0,0.0,0.0,0.0,0.0,1.0,0.0,0.0,3.0,3.0,10.0,12
420535,2013,0.0,0.0,0.0,0.0,0.0,0.0,0.0,0.0,0.0,0.0,16.0,20
420535,2014,3.0,0.0,0.0,0.0,0.0,7.0,1.0,0.0,6.0,2.0,19.0,22
420535,2015,1.0,0.0,0.0,0.0,0.0,4.0,1.0,1.0,5.0,2.0,14.0,16
420535,2016,0.0,0.0,2.0,0.0,0.0,10.0,4.0,0.0,2.0,0.0,18.0,22
420535,2017,2.0,0.0,0.0,0.0,0.0,5.0,2.0,0.0,3.0,1.0,13.0,15
420535,2018,1.0,0.0,0.0,0.0,1.0,7.0,1.0,0.0,10.0,0.0,20.0,26
420535,2019,2.0,0.0,0.0,1.0,0.0,7.0,2.0,0.0,3.0,0.0,15.0,23
420540,2012,242.0,10.0,98.0,52.0,134.0,836.0,125.0,70.0,902.0,461.0,3022.0,5495
420540,2013,0.0,0.0,0.0,0.0,0.0,0.0,0.0,0.0,0.0,0.0,2995.0,5630
420540,2014,210.0,14.0,122.0,106.0,107.0,909.0,253.0,118.0,768.0,336.0,2970.0,5813
420540,2015,195.0,11.0,124.0,110.0,99.0,967.0,291.0,123.0,839.0,314.0,3101.0,6135
420540,2016,196.0,11.0,136.0,109.0,134.0,944.0,268.0,134.0,802.0,361.0,3105.0,6235
420540,2017,199.0,9.0,137.0,111.0,133.0,982.0,261.0,141.0,831.0,387.0,3199.0,6355
420540,2018,193.0,15.0,154.0,120.0,130.0,964.0,265.0,145.0,695.0,408.0,3133.0,6368
420540,2019,226.0,14.0,182.0,105.0,121.0,907.0,233.0,155.0,639.0,395.0,3049.0,6134
420543,2012,0.0,0.0,0.0,0.0,0.0,6.0,0.0,0.0,0.0,2.0,15.0,25
420543,2013,0.0,0.0,0.0,0.0,0.0,0.0,0.0,0.0,0.0,0.0,19.0,25
420543,2014,0.0,0.0,0.0,0.0,0.0,3.0,2.0,4.0,5.0,3.0,17.0,27
420543,2015,2.0,0.0,0.0,0.0,3.0,1.0,2.0,1.0,4.0,2.0,15.0,19
420543,2016,1.0,0.0,0.0,1.0,0.0,2.0,1.0,0.0,10.0,3.0,18.0,24
420543,2017,3.0,0.0,2.0,1.0,0.0,12.0,2.0,0.0,5.0,3.0,28.0,39
420543,2018,4.0,0.0,0.0,1.0,1.0,14.0,2.0,2.0,7.0,4.0,35.0,40
420543,2019,1.0,0.0,2.0,0.0,0.0,8.0,1.0,1.0,4.0,4.0,21.0,25
420545,2012,23.0,1.0,7.0,6.0,3.0,68.0,12.0,1.0,60.0,16.0,207.0,346
420545,2013,0.0,0.0,0.0,0.0,0.0,0.0,0.0,0.0,0.0,0.0,215.0,348
420545,2014,23.0,0.0,1.0,6.0,8.0,91.0,31.0,13.0,65.0,10.0,252.0,411
420545,2015,23.0,1.0,5.0,10.0,2.0,73.0,32.0,6.0,78.0,12.0,243.0,386
420545,2016,28.0,0.0,2.0,6.0,3.0,93.0,33.0,7.0,77.0,9.0,263.0,409
420545,2017,16.0,1.0,7.0,5.0,4.0,109.0,36.0,7.0,76.0,9.0,270.0,435
420545,2018,24.0,0.0,9.0,11.0,10.0,125.0,34.0,8.0,64.0,17.0,303.0,454
420545,2019,31.0,1.0,10.0,9.0,6.0,96.0,23.0,5.0,64.0,21.0,266.0,446
420550,2012,42.0,1.0,4.0,9.0,11.0,88.0,31.0,6.0,79.0,49.0,327.0,549
420550,2013,0.0,0.0,0.0,0.0,0.0,0.0,0.0,0.0,0.0,0.0,392.0,530
420550,2014,45.0,2.0,14.0,2.0,3.0,117.0,43.0,18.0,102.0,29.0,378.0,562
420550,2015,46.0,0.0,6.0,13.0,9.0,135.0,46.0,15.0,99.0,38.0,407.0,587
420550,2016,51.0,1.0,12.0,5.0,3.0,133.0,28.0,17.0,74.0,40.0,365.0,570
420550,2017,48.0,0.0,10.0,6.0,5.0,142.0,21.0,12.0,74.0,34.0,352.0,516
420550,2018,32.0,1.0,8.0,8.0,12.0,130.0,13.0,16.0,51.0,35.0,372.0,538
420550,2019,20.0,0.0,11.0,1.0,2.0,12.0,4.0,0.0,8.0,4.0,381.0,521
420555,2012,0.0,0.0,0.0,0.0,0.0,4.0,0.0,1.0,1.0,3.0,12.0,24
420555,2013,0.0,0.0,0.0,0.0,0.0,0.0,0.0,0.0,0.0,0.0,19.0,37
420555,2014,1.0,0.0,0.0,0.0,2.0,4.0,0.0,0.0,4.0,0.0,15.0,26
420555,2015,1.0,0.0,0.0,1.0,0.0,10.0,1.0,0.0,5.0,2.0,20.0,32
420555,2016,0.0,0.0,0.0,1.0,0.0,5.0,0.0,0.0,2.0,1.0,10.0,26
420555,2017,1.0,0.0,0.0,0.0,0.0,8.0,0.0,0.0,1.0,1.0,11.0,23
420555,2018,2.0,0.0,0.0,0.0,0.0,3.0,0.0,1.0,4.0,2.0,12.0,25
420555,2019,0.0,0.0,0.0,2.0,0.0,3.0,2.0,0.0,2.0,0.0,9.0,22
420560,2012,4.0,0.0,0.0,2.0,1.0,14.0,3.0,1.0,7.0,1.0,34.0,50
420560,2013,0.0,0.0,0.0,0.0,0.0,0.0,0.0,0.0,0.0,0.0,28.0,45
420560,2014,1.0,0.0,4.0,0.0,0.0,10.0,3.0,1.0,10.0,1.0,33.0,44
420560,2015,2.0,0.0,0.0,0.0,0.0,10.0,1.0,1.0,4.0,2.0,22.0,36
420560,2016,2.0,0.0,0.0,1.0,0.0,7.0,1.0,3.0,4.0,2.0,20.0,41
420560,2017,1.0,0.0,0.0,2.0,1.0,14.0,2.0,0.0,6.0,7.0,34.0,51
420560,2018,2.0,0.0,0.0,0.0,1.0,14.0,1.0,0.0,11.0,1.0,31.0,48
420560,2019,3.0,0.0,0.0,0.0,1.0,12.0,3.0,0.0,4.0,1.0,24.0,32
420570,2012,15.0,0.0,12.0,1.0,2.0,48.0,15.0,4.0,35.0,24.0,163.0,251
420570,2013,0.0,0.0,0.0,0.0,0.0,0.0,0.0,0.0,0.0,0.0,148.0,252
420570,2014,12.0,2.0,9.0,8.0,7.0,47.0,16.0,3.0,33.0,21.0,158.0,255
420570,2015,5.0,1.0,6.0,2.0,3.0,44.0,15.0,9.0,41.0,12.0,139.0,258
420570,2016,8.0,0.0,9.0,5.0,6.0,69.0,16.0,6.0,43.0,16.0,179.0,280
420570,2017,15.0,4.0,14.0,2.0,2.0,70.0,13.0,6.0,58.0,15.0,200.0,317
420570,2018,8.0,3.0,4.0,10.0,4.0,60.0,18.0,8.0,39.0,17.0,174.0,308
420570,2019,14.0,0.0,4.0,10.0,5.0,62.0,16.0,7.0,39.0,16.0,173.0,320
420580,2012,13.0,0.0,2.0,4.0,3.0,25.0,11.0,3.0,37.0,10.0,110.0,253
420580,2013,0.0,0.0,0.0,0.0,0.0,0.0,0.0,0.0,0.0,0.0,119.0,279
420580,2014,20.0,0.0,4.0,4.0,4.0,50.0,17.0,4.0,24.0,6.0,135.0,314
420580,2015,13.0,1.0,12.0,2.0,0.0,36.0,7.0,3.0,25.0,6.0,105.0,267
420580,2016,9.0,0.0,2.0,7.0,4.0,34.0,7.0,3.0,29.0,10.0,105.0,263
420580,2017,6.0,1.0,10.0,4.0,5.0,37.0,16.0,5.0,28.0,5.0,118.0,293
420580,2018,10.0,1.0,4.0,5.0,5.0,43.0,16.0,4.0,29.0,12.0,129.0,305
420580,2019,5.0,0.0,4.0,9.0,3.0,48.0,12.0,0.0,21.0,5.0,107.0,281
420590,2012,37.0,0.0,19.0,10.0,11.0,145.0,20.0,16.0,125.0,81.0,470.0,765
420590,2013,0.0,0.0,0.0,0.0,0.0,0.0,0.0,0.0,0.0,0.0,561.0,800
420590,2014,27.0,3.0,9.0,5.0,19.0,176.0,52.0,33.0,135.0,87.0,547.0,823
420590,2015,50.0,5.0,33.0,11.0,15.0,198.0,63.0,21.0,154.0,59.0,609.0,901
420590,2016,22.0,6.0,16.0,10.0,16.0,182.0,39.0,15.0,142.0,61.0,509.0,829
420590,2017,29.0,1.0,24.0,13.0,15.0,216.0,41.0,17.0,136.0,39.0,531.0,906
420590,2018,47.0,3.0,15.0,10.0,17.0,204.0,48.0,15.0,151.0,49.0,559.0,935
420590,2019,34.0,0.0,12.0,24.0,12.0,248.0,74.0,18.0,153.0,49.0,627.0,995
420600,2012,8.0,0.0,1.0,1.0,4.0,31.0,5.0,3.0,27.0,9.0,93.0,166
420600,2013,0.0,0.0,0.0,0.0,0.0,0.0,0.0,0.0,0.0,0.0,76.0,139
420600,2014,4.0,0.0,2.0,3.0,0.0,28.0,14.0,3.0,27.0,16.0,98.0,163
420600,2015,5.0,0.0,4.0,4.0,1.0,29.0,14.0,3.0,15.0,6.0,82.0,159
420600,2016,5.0,0.0,2.0,3.0,5.0,23.0,12.0,7.0,27.0,7.0,92.0,174
420600,2017,7.0,0.0,4.0,6.0,2.0,25.0,9.0,3.0,27.0,9.0,93.0,176
420600,2018,5.0,0.0,0.0,4.0,2.0,29.0,4.0,3.0,21.0,13.0,83.0,209
420600,2019,5.0,0.0,4.0,4.0,2.0,29.0,3.0,2.0,12.0,9.0,70.0,162
420610,2012,6.0,0.0,2.0,1.0,1.0,12.0,1.0,0.0,15.0,7.0,49.0,73
420610,2013,0.0,0.0,0.0,0.0,0.0,0.0,0.0,0.0,0.0,0.0,48.0,70
420610,2014,9.0,1.0,2.0,1.0,4.0,8.0,8.0,2.0,10.0,3.0,48.0,85
420610,2015,4.0,0.0,2.0,2.0,1.0,16.0,5.0,0.0,16.0,5.0,51.0,80
420610,2016,5.0,2.0,2.0,1.0,0.0,17.0,6.0,1.0,11.0,3.0,48.0,73
420610,2017,2.0,1.0,0.0,1.0,2.0,13.0,6.0,1.0,11.0,3.0,43.0,70
420610,2018,4.0,2.0,0.0,0.0,0.0,22.0,4.0,5.0,12.0,5.0,54.0,85
420610,2019,5.0,0.0,0.0,0.0,1.0,26.0,2.0,1.0,9.0,4.0,50.0,84
420620,2012,15.0,0.0,6.0,1.0,1.0,30.0,3.0,4.0,31.0,11.0,102.0,145
420620,2013,0.0,0.0,0.0,0.0,0.0,0.0,0.0,0.0,0.0,0.0,95.0,127
420620,2014,8.0,0.0,3.0,1.0,4.0,26.0,9.0,3.0,27.0,6.0,89.0,122
420620,2015,11.0,2.0,0.0,5.0,2.0,25.0,6.0,0.0,25.0,7.0,83.0,125
420620,2016,5.0,1.0,2.0,5.0,3.0,27.0,8.0,3.0,22.0,4.0,80.0,143
420620,2017,13.0,2.0,0.0,4.0,2.0,26.0,15.0,3.0,19.0,5.0,90.0,128
420620,2018,14.0,1.0,3.0,3.0,2.0,33.0,10.0,3.0,15.0,5.0,89.0,141
420620,2019,9.0,0.0,0.0,0.0,2.0,42.0,5.0,2.0,18.0,9.0,87.0,140
420630,2012,9.0,1.0,1.0,2.0,2.0,57.0,3.0,4.0,39.0,23.0,152.0,247
420630,2013,0.0,0.0,0.0,0.0,0.0,0.0,0.0,0.0,0.0,0.0,165.0,250
420630,2014,10.0,0.0,5.0,4.0,3.0,45.0,13.0,2.0,62.0,8.0,153.0,267
420630,2015,18.0,1.0,4.0,3.0,1.0,58.0,11.0,1.0,60.0,9.0,166.0,250
420630,2016,11.0,1.0,6.0,3.0,5.0,66.0,13.0,6.0,47.0,14.0,172.0,285
420630,2017,11.0,0.0,2.0,6.0,9.0,63.0,10.0,4.0,40.0,24.0,169.0,302
420630,2018,15.0,0.0,2.0,6.0,7.0,75.0,16.0,4.0,40.0,17.0,183.0,322
420630,2019,7.0,0.0,13.0,2.0,3.0,71.0,15.0,6.0,53.0,22.0,192.0,335
420640,2012,6.0,0.0,0.0,4.0,2.0,24.0,8.0,2.0,24.0,21.0,94.0,115
420640,2013,0.0,0.0,0.0,0.0,0.0,0.0,0.0,0.0,0.0,0.0,70.0,85
420640,2014,9.0,1.0,2.0,0.0,2.0,19.0,10.0,6.0,24.0,18.0,94.0,108
420640,2015,3.0,1.0,4.0,1.0,1.0,31.0,10.0,3.0,21.0,9.0,84.0,112
420640,2016,3.0,0.0,0.0,1.0,1.0,16.0,2.0,2.0,21.0,6.0,52.0,85
420640,2017,7.0,1.0,3.0,1.0,3.0,35.0,10.0,1.0,29.0,1.0,91.0,123
420640,2018,2.0,0.0,2.0,1.0,1.0,42.0,12.0,2.0,22.0,4.0,90.0,116
420640,2019,7.0,0.0,6.0,0.0,2.0,42.0,4.0,2.0,29.0,11.0,104.0,138
420650,2012,35.0,2.0,6.0,6.0,10.0,99.0,31.0,11.0,101.0,36.0,366.0,629
420650,2013,0.0,0.0,0.0,0.0,0.0,0.0,0.0,0.0,0.0,0.0,352.0,638
420650,2014,17.0,2.0,6.0,6.0,10.0,85.0,26.0,10.0,103.0,16.0,282.0,539
420650,2015,36.0,1.0,7.0,13.0,11.0,112.0,36.0,8.0,93.0,13.0,330.0,630
420650,2016,19.0,0.0,4.0,13.0,5.0,115.0,41.0,9.0,76.0,15.0,297.0,572
420650,2017,27.0,3.0,15.0,16.0,6.0,111.0,34.0,3.0,79.0,23.0,317.0,646
420650,2018,21.0,4.0,14.0,10.0,8.0,119.0,36.0,7.0,83.0,21.0,325.0,598
420650,2019,26.0,0.0,20.0,10.0,9.0,132.0,31.0,3.0,64.0,22.0,317.0,602
420660,2012,1.0,1.0,0.0,0.0,1.0,10.0,1.0,0.0,14.0,4.0,56.0,70
420660,2013,0.0,0.0,0.0,0.0,0.0,0.0,0.0,0.0,0.0,0.0,44.0,59
420660,2014,2.0,0.0,0.0,0.0,1.0,7.0,7.0,0.0,9.0,4.0,31.0,45
420660,2015,2.0,0.0,0.0,0.0,0.0,15.0,3.0,0.0,13.0,10.0,44.0,58
420660,2016,4.0,0.0,0.0,2.0,1.0,12.0,3.0,1.0,8.0,2.0,36.0,57
420660,2017,2.0,0.0,0.0,2.0,1.0,15.0,3.0,0.0,11.0,8.0,42.0,57
420660,2018,1.0,0.0,0.0,1.0,2.0,17.0,2.0,3.0,11.0,5.0,42.0,59
420660,2019,2.0,0.0,0.0,3.0,0.0,12.0,7.0,3.0,14.0,3.0,45.0,62
420665,2012,2.0,0.0,0.0,2.0,4.0,6.0,0.0,2.0,7.0,5.0,31.0,65
420665,2013,0.0,0.0,0.0,0.0,0.0,0.0,0.0,0.0,0.0,0.0,41.0,77
420665,2014,3.0,0.0,4.0,3.0,1.0,14.0,7.0,0.0,14.0,10.0,58.0,91
420665,2015,2.0,0.0,0.0,1.0,2.0,16.0,8.0,2.0,20.0,2.0,53.0,89
420665,2016,4.0,1.0,3.0,1.0,4.0,20.0,7.0,1.0,16.0,2.0,59.0,97
420665,2017,7.0,1.0,2.0,3.0,3.0,24.0,11.0,2.0,22.0,3.0,79.0,118
420665,2018,6.0,0.0,4.0,0.0,4.0,20.0,9.0,3.0,20.0,9.0,75.0,108
420665,2019,8.0,0.0,2.0,2.0,3.0,20.0,7.0,2.0,16.0,5.0,66.0,106
420670,2012,2.0,0.0,0.0,0.0,0.0,1.0,0.0,0.0,1.0,0.0,192.0,275
420670,2013,0.0,0.0,0.0,0.0,0.0,0.0,0.0,0.0,0.0,0.0,213.0,273
420670,2014,27.0,0.0,8.0,8.0,6.0,74.0,16.0,8.0,35.0,29.0,221.0,303
420670,2015,16.0,1.0,2.0,3.0,6.0,92.0,12.0,6.0,48.0,12.0,200.0,298
420670,2016,20.0,1.0,4.0,2.0,6.0,69.0,14.0,2.0,66.0,10.0,201.0,309
420670,2017,18.0,1.0,11.0,4.0,2.0,89.0,12.0,8.0,50.0,20.0,220.0,320
420670,2018,22.0,0.0,2.0,6.0,5.0,107.0,13.0,3.0,30.0,17.0,205.0,335
420670,2019,12.0,0.0,10.0,9.0,4.0,86.0,9.0,3.0,45.0,26.0,208.0,322
420675,2012,0.0,0.0,0.0,0.0,0.0,0.0,0.0,0.0,0.0,0.0,10.0,18
420675,2013,0.0,0.0,0.0,0.0,0.0,0.0,0.0,0.0,0.0,0.0,16.0,26
420675,2014,0.0,0.0,0.0,0.0,0.0,2.0,0.0,0.0,1.0,0.0,17.0,20
420675,2015,0.0,0.0,0.0,0.0,0.0,4.0,0.0,0.0,1.0,0.0,11.0,20
420675,2016,2.0,0.0,2.0,2.0,0.0,6.0,0.0,0.0,3.0,1.0,18.0,23
420675,2017,1.0,0.0,2.0,1.0,0.0,11.0,0.0,0.0,4.0,0.0,19.0,24
420675,2018,1.0,0.0,0.0,2.0,0.0,2.0,0.0,2.0,1.0,3.0,11.0,16
420675,2019,0.0,0.0,2.0,0.0,0.0,6.0,0.0,0.0,1.0,2.0,11.0,15
420680,2012,0.0,0.0,0.0,0.0,0.0,0.0,0.0,0.0,0.0,0.0,23.0,39
420680,2013,0.0,0.0,0.0,0.0,0.0,0.0,0.0,0.0,0.0,0.0,25.0,32
420680,2014,2.0,0.0,0.0,0.0,0.0,3.0,2.0,0.0,5.0,3.0,18.0,26
420680,2015,2.0,0.0,0.0,1.0,0.0,8.0,4.0,1.0,9.0,2.0,30.0,39
420680,2016,2.0,0.0,0.0,0.0,1.0,9.0,4.0,0.0,4.0,2.0,22.0,37
420680,2017,1.0,0.0,0.0,0.0,0.0,9.0,4.0,0.0,5.0,1.0,21.0,28
420680,2018,0.0,0.0,0.0,0.0,0.0,18.0,5.0,1.0,4.0,7.0,35.0,51
420680,2019,0.0,0.0,0.0,0.0,0.0,12.0,1.0,0.0,4.0,0.0,17.0,26
420690,2012,4.0,0.0,4.0,4.0,4.0,62.0,8.0,1.0,42.0,36.0,167.0,256
420690,2013,0.0,0.0,0.0,0.0,0.0,0.0,0.0,0.0,0.0,0.0,174.0,252
420690,2014,6.0,1.0,11.0,4.0,2.0,59.0,11.0,3.0,33.0,13.0,157.0,266
420690,2015,8.0,0.0,0.0,5.0,6.0,61.0,8.0,5.0,28.0,12.0,134.0,240
420690,2016,6.0,0.0,6.0,6.0,6.0,68.0,15.0,6.0,34.0,11.0,158.0,256
420690,2017,5.0,0.0,4.0,6.0,2.0,58.0,12.0,2.0,46.0,10.0,145.0,243
420690,2018,10.0,0.0,10.0,6.0,5.0,84.0,16.0,4.0,37.0,13.0,185.0,290
420690,2019,8.0,0.0,2.0,4.0,2.0,56.0,12.0,0.0,34.0,6.0,125.0,226
420700,2012,48.0,1.0,14.0,7.0,11.0,149.0,42.0,4.0,159.0,30.0,467.0,842
420700,2013,0.0,0.0,0.0,0.0,0.0,0.0,0.0,0.0,0.0,0.0,406.0,703
420700,2014,35.0,0.0,18.0,15.0,6.0,130.0,44.0,9.0,135.0,15.0,411.0,708
420700,2015,42.0,2.0,14.0,16.0,13.0,147.0,59.0,16.0,137.0,21.0,467.0,795
420700,2016,32.0,2.0,18.0,9.0,6.0,149.0,39.0,10.0,131.0,20.0,416.0,770
420700,2017,38.0,4.0,9.0,20.0,7.0,146.0,48.0,5.0,116.0,20.0,413.0,747
420700,2018,42.0,1.0,15.0,23.0,16.0,174.0,54.0,11.0,140.0,18.0,498.0,836
420700,2019,37.0,2.0,19.0,23.0,12.0,167.0,56.0,8.0,103.0,31.0,460.0,755
420710,2012,3.0,1.0,7.0,2.0,0.0,25.0,3.0,1.0,28.0,17.0,92.0,166
420710,2013,0.0,0.0,0.0,0.0,0.0,0.0,0.0,0.0,0.0,0.0,99.0,166
420710,2014,7.0,1.0,4.0,4.0,2.0,30.0,10.0,4.0,27.0,20.0,109.0,181
420710,2015,6.0,4.0,7.0,2.0,2.0,46.0,7.0,6.0,26.0,12.0,118.0,197
420710,2016,9.0,2.0,7.0,3.0,5.0,33.0,7.0,3.0,19.0,10.0,98.0,180
420710,2017,10.0,1.0,1.0,2.0,1.0,33.0,9.0,2.0,21.0,12.0,93.0,168
420710,2018,5.0,1.0,0.0,2.0,3.0,47.0,10.0,1.0,22.0,5.0,96.0,183
420710,2019,5.0,0.0,3.0,5.0,4.0,43.0,5.0,4.0,18.0,6.0,93.0,194
420720,2012,6.0,0.0,0.0,2.0,0.0,16.0,5.0,1.0,21.0,8.0,61.0,95
420720,2013,0.0,0.0,0.0,0.0,0.0,0.0,0.0,0.0,0.0,0.0,73.0,118
420720,2014,4.0,2.0,0.0,5.0,1.0,26.0,16.0,0.0,14.0,3.0,71.0,109
420720,2015,6.0,0.0,0.0,0.0,1.0,21.0,11.0,1.0,22.0,7.0,69.0,109
420720,2016,5.0,1.0,0.0,2.0,2.0,33.0,7.0,2.0,22.0,7.0,81.0,110
420720,2017,2.0,0.0,0.0,4.0,0.0,22.0,8.0,3.0,18.0,6.0,63.0,111
420720,2018,4.0,0.0,1.0,3.0,2.0,21.0,6.0,2.0,16.0,1.0,56.0,105
420720,2019,5.0,0.0,0.0,3.0,0.0,31.0,6.0,3.0,10.0,5.0,64.0,106
420730,2012,32.0,0.0,6.0,5.0,4.0,148.0,31.0,17.0,116.0,55.0,428.0,525
420730,2013,0.0,0.0,0.0,0.0,0.0,0.0,0.0,0.0,0.0,0.0,421.0,512
420730,2014,18.0,7.0,11.0,16.0,12.0,131.0,42.0,10.0,121.0,41.0,412.0,504
420730,2015,26.0,0.0,11.0,9.0,12.0,144.0,48.0,10.0,132.0,31.0,425.0,523
420730,2016,24.0,3.0,16.0,15.0,12.0,190.0,42.0,18.0,130.0,39.0,492.0,640
420730,2017,32.0,1.0,17.0,9.0,8.0,218.0,48.0,13.0,131.0,34.0,513.0,657
420730,2018,38.0,2.0,9.0,9.0,6.0,202.0,52.0,24.0,127.0,43.0,513.0,665
420730,2019,29.0,4.0,19.0,8.0,14.0,197.0,31.0,15.0,93.0,44.0,459.0,640
420740,2012,1.0,0.0,0.0,1.0,1.0,11.0,3.0,0.0,9.0,4.0,30.0,65
420740,2013,0.0,0.0,0.0,0.0,0.0,0.0,0.0,0.0,0.0,0.0,40.0,69
420740,2014,3.0,1.0,2.0,2.0,2.0,14.0,6.0,4.0,10.0,7.0,51.0,75
420740,2015,4.0,0.0,0.0,3.0,0.0,15.0,8.0,4.0,18.0,6.0,58.0,100
420740,2016,5.0,1.0,2.0,0.0,3.0,18.0,3.0,0.0,11.0,4.0,47.0,75
420740,2017,4.0,0.0,2.0,4.0,0.0,19.0,2.0,4.0,9.0,4.0,48.0,81
420740,2018,0.0,0.0,0.0,2.0,1.0,22.0,4.0,2.0,8.0,2.0,41.0,69
420740,2019,7.0,2.0,6.0,0.0,0.0,18.0,6.0,1.0,13.0,3.0,56.0,97
420750,2012,62.0,0.0,9.0,11.0,17.0,165.0,40.0,5.0,162.0,51.0,523.0,808
420750,2013,0.0,0.0,0.0,0.0,0.0,0.0,0.0,0.0,0.0,0.0,560.0,797
420750,2014,58.0,0.0,16.0,11.0,8.0,162.0,56.0,12.0,186.0,42.0,551.0,823
420750,2015,62.0,1.0,7.0,15.0,13.0,172.0,36.0,23.0,177.0,69.0,576.0,822
420750,2016,61.0,0.0,20.0,10.0,6.0,215.0,51.0,29.0,139.0,72.0,603.0,864
420750,2017,46.0,1.0,20.0,9.0,14.0,236.0,46.0,17.0,168.0,56.0,613.0,967
420750,2018,48.0,2.0,20.0,16.0,13.0,226.0,59.0,16.0,151.0,46.0,597.0,901
420750,2019,44.0,0.0,21.0,17.0,28.0,238.0,51.0,32.0,113.0,69.0,613.0,910
420757,2012,2.0,0.0,0.0,1.0,0.0,5.0,4.0,0.0,9.0,1.0,22.0,27
420757,2013,0.0,0.0,0.0,0.0,0.0,0.0,0.0,0.0,0.0,0.0,25.0,31
420757,2014,2.0,0.0,0.0,0.0,1.0,3.0,0.0,0.0,6.0,0.0,12.0,17
420757,2015,0.0,0.0,0.0,1.0,0.0,4.0,3.0,0.0,11.0,1.0,20.0,26
420757,2016,3.0,0.0,0.0,1.0,0.0,7.0,6.0,0.0,8.0,1.0,27.0,28
420757,2017,3.0,0.0,0.0,0.0,0.0,13.0,3.0,2.0,22.0,2.0,45.0,47
420757,2018,1.0,0.0,0.0,0.0,0.0,5.0,2.0,1.0,7.0,1.0,17.0,19
420757,2019,5.0,0.0,1.0,2.0,2.0,12.0,2.0,0.0,15.0,0.0,40.0,43
420760,2012,6.0,1.0,2.0,1.0,1.0,9.0,2.0,2.0,7.0,4.0,40.0,54
420760,2013,0.0,0.0,0.0,0.0,0.0,0.0,0.0,0.0,0.0,0.0,36.0,44
420760,2014,5.0,0.0,2.0,0.0,1.0,14.0,1.0,1.0,8.0,4.0,37.0,50
420760,2015,6.0,0.0,0.0,0.0,0.0,8.0,0.0,0.0,7.0,2.0,23.0,40
420760,2016,3.0,1.0,2.0,2.0,0.0,8.0,6.0,1.0,9.0,4.0,36.0,51
420760,2017,9.0,0.0,0.0,3.0,1.0,8.0,2.0,3.0,4.0,4.0,36.0,49
420760,2018,3.0,0.0,0.0,2.0,3.0,19.0,5.0,2.0,12.0,5.0,52.0,60
420760,2019,6.0,0.0,0.0,2.0,0.0,19.0,3.0,0.0,5.0,5.0,41.0,52
420765,2012,3.0,0.0,0.0,0.0,1.0,10.0,2.0,1.0,7.0,6.0,66.0,87
420765,2013,0.0,0.0,0.0,0.0,0.0,0.0,0.0,0.0,0.0,0.0,70.0,84
420765,2014,7.0,0.0,1.0,2.0,2.0,28.0,10.0,5.0,14.0,15.0,88.0,119
420765,2015,1.0,0.0,0.0,4.0,1.0,22.0,6.0,1.0,12.0,8.0,56.0,89
420765,2016,6.0,1.0,3.0,0.0,2.0,24.0,4.0,1.0,13.0,8.0,62.0,90
420765,2017,5.0,2.0,2.0,2.0,0.0,21.0,7.0,2.0,20.0,5.0,66.0,108
420765,2018,4.0,1.0,0.0,4.0,2.0,27.0,7.0,4.0,11.0,6.0,66.0,106
420765,2019,4.0,0.0,2.0,1.0,5.0,31.0,4.0,5.0,19.0,11.0,82.0,120
420768,2012,2.0,0.0,2.0,0.0,0.0,9.0,3.0,0.0,2.0,1.0,63.0,120
420768,2013,0.0,0.0,0.0,0.0,0.0,0.0,0.0,0.0,0.0,0.0,82.0,129
420768,2014,3.0,0.0,0.0,2.0,0.0,9.0,3.0,1.0,3.0,6.0,67.0,118
420768,2015,9.0,0.0,2.0,2.0,2.0,14.0,1.0,6.0,9.0,20.0,101.0,188
420768,2016,13.0,0.0,3.0,4.0,4.0,28.0,3.0,8.0,15.0,22.0,100.0,165
420768,2017,6.0,1.0,0.0,2.0,1.0,33.0,4.0,5.0,14.0,14.0,95.0,179
420768,2018,4.0,1.0,0.0,2.0,0.0,46.0,3.0,10.0,8.0,20.0,94.0,153
420768,2019,5.0,1.0,0.0,3.0,2.0,30.0,3.0,6.0,13.0,11.0,74.0,130
420770,2012,8.0,0.0,4.0,2.0,2.0,13.0,1.0,2.0,19.0,3.0,56.0,79
420770,2013,0.0,0.0,0.0,0.0,0.0,0.0,0.0,0.0,0.0,0.0,77.0,108
420770,2014,5.0,0.0,6.0,0.0,1.0,13.0,8.0,6.0,20.0,2.0,61.0,94
420770,2015,8.0,0.0,2.0,1.0,0.0,28.0,6.0,3.0,19.0,11.0,78.0,114
420770,2016,8.0,0.0,2.0,1.0,1.0,12.0,7.0,2.0,13.0,3.0,49.0,72
420770,2017,10.0,1.0,4.0,2.0,1.0,19.0,11.0,0.0,15.0,11.0,75.0,112
420770,2018,14.0,1.0,6.0,2.0,2.0,13.0,6.0,1.0,11.0,6.0,62.0,86
420770,2019,15.0,1.0,0.0,3.0,1.0,24.0,8.0,0.0,14.0,10.0,76.0,96
420775,2012,3.0,0.0,0.0,0.0,0.0,6.0,1.0,2.0,13.0,2.0,30.0,39
420775,2013,0.0,0.0,0.0,0.0,0.0,0.0,0.0,0.0,0.0,0.0,32.0,39
420775,2014,0.0,0.0,0.0,1.0,1.0,6.0,9.0,1.0,7.0,2.0,27.0,31
420775,2015,3.0,0.0,2.0,1.0,1.0,10.0,4.0,1.0,14.0,0.0,36.0,41
420775,2016,1.0,1.0,2.0,0.0,1.0,11.0,4.0,3.0,9.0,0.0,32.0,43
420775,2017,1.0,0.0,2.0,0.0,0.0,16.0,4.0,4.0,8.0,5.0,40.0,49
420775,2018,1.0,0.0,2.0,1.0,0.0,16.0,10.0,0.0,9.0,0.0,39.0,47
420775,2019,1.0,0.0,0.0,0.0,0.0,15.0,4.0,1.0,8.0,2.0,31.0,37
420780,2012,4.0,1.0,6.0,1.0,1.0,17.0,6.0,2.0,22.0,5.0,70.0,112
420780,2013,0.0,0.0,0.0,0.0,0.0,0.0,0.0,0.0,0.0,0.0,85.0,124
420780,2014,3.0,0.0,2.0,1.0,1.0,24.0,8.0,3.0,29.0,11.0,91.0,128
420780,2015,11.0,0.0,6.0,1.0,1.0,24.0,13.0,1.0,18.0,11.0,100.0,148
420780,2016,9.0,2.0,2.0,1.0,2.0,21.0,7.0,1.0,17.0,7.0,72.0,98
420780,2017,8.0,0.0,2.0,0.0,4.0,24.0,13.0,2.0,24.0,9.0,86.0,117
420780,2018,10.0,0.0,2.0,3.0,4.0,25.0,7.0,7.0,28.0,11.0,98.0,133
420780,2019,14.0,0.0,0.0,0.0,3.0,35.0,8.0,2.0,31.0,17.0,110.0,154
420785,2012,3.0,0.0,0.0,0.0,0.0,10.0,0.0,0.0,1.0,0.0,15.0,21
420785,2013,0.0,0.0,0.0,0.0,0.0,0.0,0.0,0.0,0.0,0.0,27.0,30
420785,2014,3.0,0.0,0.0,1.0,0.0,5.0,2.0,2.0,3.0,6.0,22.0,22
420785,2015,0.0,0.0,0.0,0.0,0.0,7.0,2.0,3.0,8.0,2.0,22.0,22
420785,2016,3.0,0.0,0.0,1.0,0.0,6.0,4.0,3.0,4.0,0.0,21.0,22
420785,2017,3.0,0.0,2.0,1.0,0.0,4.0,4.0,3.0,8.0,1.0,26.0,28
420785,2018,2.0,0.0,1.0,0.0,0.0,8.0,0.0,1.0,4.0,2.0,19.0,21
420785,2019,5.0,0.0,0.0,0.0,1.0,8.0,2.0,0.0,9.0,1.0,26.0,32
420790,2012,7.0,0.0,4.0,2.0,4.0,9.0,3.0,2.0,17.0,3.0,58.0,112
420790,2013,0.0,0.0,0.0,0.0,0.0,0.0,0.0,0.0,0.0,0.0,71.0,134
420790,2014,8.0,1.0,0.0,2.0,2.0,21.0,12.0,1.0,21.0,8.0,78.0,138
420790,2015,8.0,0.0,0.0,3.0,2.0,16.0,7.0,0.0,15.0,3.0,55.0,135
420790,2016,2.0,0.0,0.0,0.0,2.0,23.0,8.0,3.0,11.0,6.0,55.0,116
420790,2017,6.0,0.0,0.0,0.0,2.0,35.0,9.0,1.0,17.0,6.0,77.0,145
420790,2018,10.0,0.0,2.0,2.0,2.0,23.0,6.0,4.0,16.0,13.0,78.0,138
420790,2019,5.0,0.0,2.0,3.0,0.0,33.0,6.0,5.0,3.0,4.0,80.0,143
420800,2012,3.0,0.0,4.0,3.0,0.0,9.0,2.0,3.0,11.0,5.0,49.0,73
420800,2013,0.0,0.0,0.0,0.0,0.0,0.0,0.0,0.0,0.0,0.0,42.0,58
420800,2014,3.0,0.0,0.0,2.0,1.0,11.0,4.0,2.0,10.0,7.0,42.0,58
420800,2015,7.0,0.0,0.0,1.0,1.0,22.0,1.0,3.0,14.0,7.0,56.0,70
420800,2016,5.0,0.0,2.0,1.0,0.0,17.0,5.0,3.0,9.0,5.0,47.0,60
420800,2017,3.0,0.0,0.0,0.0,0.0,19.0,6.0,2.0,11.0,3.0,44.0,51
420800,2018,6.0,0.0,4.0,1.0,2.0,10.0,7.0,2.0,10.0,3.0,45.0,55
420800,2019,4.0,0.0,4.0,3.0,1.0,25.0,1.0,2.0,14.0,4.0,58.0,88
420810,2012,12.0,0.0,4.0,4.0,5.0,30.0,6.0,4.0,36.0,13.0,114.0,267
420810,2013,0.0,0.0,0.0,0.0,0.0,0.0,0.0,0.0,0.0,0.0,125.0,283
420810,2014,12.0,0.0,3.0,6.0,7.0,27.0,18.0,13.0,34.0,14.0,134.0,291
420810,2015,13.0,0.0,7.0,9.0,5.0,53.0,24.0,4.0,30.0,15.0,160.0,315
420810,2016,24.0,0.0,2.0,4.0,5.0,44.0,17.0,5.0,32.0,13.0,146.0,312
420810,2017,18.0,0.0,4.0,7.0,6.0,48.0,16.0,2.0,32.0,12.0,146.0,293
420810,2018,8.0,0.0,2.0,3.0,3.0,39.0,12.0,2.0,29.0,9.0,138.0,280
420810,2019,5.0,0.0,0.0,1.0,1.0,27.0,5.0,3.0,24.0,3.0,148.0,296
420820,2012,122.0,20.0,56.0,45.0,68.0,485.0,86.0,38.0,468.0,256.0,1659.0,3030
420820,2013,0.0,0.0,0.0,0.0,0.0,0.0,0.0,0.0,0.0,0.0,1678.0,3028
420820,2014,138.0,13.0,57.0,53.0,63.0,575.0,128.0,81.0,423.0,259.0,1795.0,3319
420820,2015,166.0,20.0,67.0,71.0,75.0,614.0,152.0,81.0,406.0,219.0,1872.0,3571
420820,2016,142.0,24.0,75.0,62.0,57.0,601.0,137.0,48.0,382.0,198.0,1728.0,3465
420820,2017,125.0,12.0,78.0,55.0,51.0,665.0,172.0,83.0,424.0,218.0,1883.0,3599
420820,2018,126.0,18.0,77.0,55.0,54.0,707.0,193.0,84.0,435.0,233.0,1982.0,3808
420820,2019,106.0,13.0,62.0,65.0,48.0,724.0,112.0,112.0,392.0,215.0,1851.0,3667
420830,2012,35.0,4.0,7.0,8.0,9.0,123.0,25.0,14.0,120.0,59.0,409.0,671
420830,2013,0.0,0.0,0.0,0.0,0.0,0.0,0.0,0.0,0.0,0.0,402.0,700
420830,2014,37.0,3.0,13.0,4.0,10.0,116.0,40.0,15.0,106.0,41.0,388.0,751
420830,2015,38.0,5.0,10.0,8.0,13.0,153.0,29.0,12.0,88.0,45.0,405.0,834
420830,2016,39.0,2.0,8.0,10.0,9.0,126.0,35.0,23.0,70.0,60.0,391.0,828
420830,2017,30.0,3.0,22.0,9.0,17.0,161.0,28.0,25.0,81.0,65.0,445.0,872
420830,2018,30.0,2.0,15.0,16.0,11.0,177.0,31.0,15.0,84.0,43.0,426.0,890
420830,2019,30.0,1.0,10.0,23.0,11.0,170.0,38.0,9.0,101.0,42.0,436.0,926
420840,2012,11.0,0.0,2.0,9.0,6.0,31.0,9.0,8.0,38.0,30.0,157.0,214
420840,2013,0.0,0.0,0.0,0.0,0.0,0.0,0.0,0.0,0.0,0.0,139.0,179
420840,2014,4.0,0.0,3.0,0.0,0.0,21.0,6.0,0.0,4.0,11.0,120.0,179
420840,2015,4.0,0.0,4.0,8.0,6.0,50.0,11.0,4.0,41.0,13.0,142.0,219
420840,2016,8.0,1.0,4.0,4.0,3.0,64.0,7.0,2.0,32.0,16.0,141.0,208
420840,2017,7.0,0.0,3.0,0.0,0.0,53.0,17.0,2.0,38.0,13.0,137.0,210
420840,2018,7.0,0.0,6.0,0.0,0.0,61.0,13.0,1.0,40.0,12.0,144.0,218
420840,2019,5.0,0.0,3.0,2.0,1.0,51.0,15.0,10.0,30.0,24.0,146.0,220
420845,2012,6.0,0.0,4.0,2.0,3.0,27.0,4.0,2.0,22.0,5.0,78.0,205
420845,2013,0.0,0.0,0.0,0.0,0.0,0.0,0.0,0.0,0.0,0.0,95.0,200
420845,2014,6.0,0.0,4.0,1.0,1.0,46.0,8.0,0.0,28.0,7.0,102.0,244
420845,2015,10.0,0.0,4.0,2.0,1.0,53.0,10.0,3.0,28.0,11.0,123.0,290
420845,2016,13.0,0.0,6.0,5.0,6.0,37.0,6.0,3.0,22.0,14.0,112.0,255
420845,2017,9.0,0.0,6.0,2.0,3.0,38.0,15.0,2.0,16.0,9.0,100.0,264
420845,2018,8.0,2.0,5.0,5.0,5.0,44.0,15.0,2.0,27.0,5.0,118.0,271
420845,2019,10.0,0.0,6.0,12.0,6.0,57.0,12.0,5.0,18.0,10.0,136.0,293
420850,2012,23.0,3.0,2.0,5.0,6.0,63.0,16.0,10.0,50.0,24.0,209.0,349
420850,2013,0.0,0.0,0.0,0.0,0.0,0.0,0.0,0.0,0.0,0.0,204.0,328
420850,2014,14.0,1.0,8.0,9.0,5.0,70.0,15.0,26.0,47.0,40.0,239.0,372
420850,2015,17.0,0.0,12.0,8.0,9.0,72.0,38.0,8.0,55.0,32.0,252.0,400
420850,2016,20.0,1.0,4.0,12.0,7.0,57.0,33.0,7.0,60.0,22.0,223.0,373
420850,2017,26.0,1.0,3.0,17.0,6.0,78.0,25.0,9.0,50.0,10.0,226.0,379
420850,2018,17.0,1.0,11.0,5.0,7.0,85.0,25.0,9.0,50.0,28.0,238.0,423
420850,2019,13.0,1.0,6.0,6.0,10.0,84.0,18.0,4.0,67.0,19.0,229.0,424
420860,2012,1.0,0.0,0.0,0.0,2.0,4.0,0.0,1.0,4.0,0.0,35.0,49
420860,2013,0.0,0.0,0.0,0.0,0.0,0.0,0.0,0.0,0.0,0.0,49.0,63
420860,2014,1.0,0.0,0.0,0.0,0.0,10.0,6.0,2.0,8.0,4.0,33.0,44
420860,2015,3.0,1.0,0.0,0.0,1.0,13.0,6.0,1.0,9.0,2.0,37.0,57
420860,2016,1.0,0.0,0.0,1.0,0.0,14.0,7.0,3.0,7.0,3.0,36.0,48
420860,2017,2.0,1.0,1.0,3.0,0.0,15.0,1.0,0.0,13.0,6.0,43.0,66
420860,2018,1.0,0.0,0.0,0.0,0.0,15.0,4.0,1.0,9.0,2.0,32.0,50
420860,2019,0.0,0.0,0.0,1.0,2.0,13.0,7.0,0.0,13.0,3.0,39.0,57
420870,2012,4.0,0.0,1.0,2.0,3.0,19.0,1.0,5.0,10.0,20.0,76.0,133
420870,2013,0.0,0.0,0.0,0.0,0.0,0.0,0.0,0.0,0.0,0.0,78.0,121
420870,2014,9.0,0.0,2.0,0.0,2.0,25.0,10.0,1.0,20.0,7.0,77.0,123
420870,2015,7.0,0.0,0.0,1.0,1.0,20.0,6.0,3.0,17.0,8.0,63.0,94
420870,2016,5.0,1.0,0.0,3.0,5.0,26.0,9.0,3.0,20.0,5.0,77.0,129
420870,2017,10.0,1.0,2.0,2.0,2.0,24.0,9.0,3.0,23.0,5.0,82.0,127
420870,2018,2.0,2.0,2.0,4.0,2.0,43.0,11.0,1.0,15.0,9.0,92.0,147
420870,2019,4.0,3.0,0.0,5.0,3.0,36.0,4.0,2.0,24.0,2.0,87.0,130
420880,2012,16.0,2.0,5.0,6.0,3.0,44.0,9.0,5.0,50.0,17.0,163.0,255
420880,2013,0.0,0.0,0.0,0.0,0.0,0.0,0.0,0.0,0.0,0.0,136.0,226
420880,2014,12.0,3.0,6.0,8.0,2.0,38.0,14.0,3.0,35.0,3.0,127.0,210
420880,2015,11.0,4.0,2.0,8.0,6.0,48.0,18.0,2.0,30.0,7.0,138.0,234
420880,2016,16.0,5.0,10.0,6.0,4.0,51.0,11.0,2.0,35.0,4.0,144.0,242
420880,2017,29.0,3.0,3.0,7.0,5.0,48.0,15.0,1.0,29.0,4.0,144.0,253
420880,2018,17.0,5.0,9.0,4.0,4.0,46.0,11.0,3.0,32.0,12.0,144.0,266
420880,2019,10.0,3.0,6.0,1.0,3.0,67.0,16.0,2.0,37.0,8.0,153.0,260
420890,2012,172.0,3.0,55.0,22.0,38.0,383.0,92.0,38.0,465.0,174.0,1445.0,2333
420890,2013,0.0,0.0,0.0,0.0,0.0,0.0,0.0,0.0,0.0,0.0,1403.0,2310
420890,2014,118.0,4.0,45.0,44.0,47.0,475.0,160.0,25.0,434.0,91.0,1446.0,2408
420890,2015,115.0,6.0,55.0,43.0,43.0,460.0,134.0,13.0,437.0,65.0,1371.0,2519
420890,2016,101.0,4.0,55.0,56.0,49.0,447.0,106.0,22.0,373.0,81.0,1294.0,2312
420890,2017,108.0,9.0,51.0,46.0,38.0,468.0,112.0,36.0,360.0,84.0,1312.0,2421
420890,2018,134.0,4.0,36.0,33.0,49.0,464.0,116.0,36.0,348.0,93.0,1317.0,2352
420890,2019,119.0,7.0,42.0,30.0,41.0,470.0,109.0,27.0,324.0,98.0,1274.0,2311
420895,2012,2.0,0.0,0.0,0.0,1.0,1.0,0.0,0.0,1.0,1.0,10.0,16
420895,2013,0.0,0.0,0.0,0.0,0.0,0.0,0.0,0.0,0.0,0.0,22.0,25
420895,2014,2.0,0.0,0.0,0.0,0.0,7.0,1.0,2.0,6.0,2.0,20.0,26
420895,2015,1.0,0.0,0.0,0.0,0.0,2.0,2.0,1.0,2.0,3.0,11.0,15
420895,2016,2.0,0.0,0.0,1.0,0.0,3.0,0.0,1.0,3.0,2.0,12.0,14
420895,2017,1.0,0.0,0.0,0.0,0.0,10.0,1.0,0.0,6.0,0.0,18.0,26
420895,2018,0.0,0.0,0.0,0.0,0.0,6.0,1.0,1.0,3.0,1.0,12.0,17
420895,2019,1.0,0.0,0.0,0.0,0.0,9.0,1.0,0.0,3.0,3.0,17.0,23
420900,2012,4.0,0.0,0.0,0.0,0.0,2.0,0.0,0.0,4.0,1.0,257.0,324
420900,2013,0.0,0.0,0.0,0.0,0.0,0.0,0.0,0.0,0.0,0.0,284.0,336
420900,2014,28.0,3.0,6.0,9.0,4.0,89.0,16.0,11.0,59.0,53.0,292.0,352
420900,2015,24.0,1.0,7.0,6.0,4.0,107.0,22.0,7.0,90.0,22.0,299.0,406
420900,2016,27.0,0.0,14.0,2.0,2.0,108.0,18.0,5.0,73.0,12.0,266.0,379
420900,2017,25.0,2.0,6.0,5.0,6.0,110.0,20.0,1.0,64.0,19.0,264.0,342
420900,2018,27.0,2.0,13.0,2.0,4.0,112.0,16.0,3.0,52.0,25.0,257.0,370
420900,2019,21.0,0.0,4.0,9.0,12.0,104.0,12.0,7.0,49.0,30.0,249.0,353
420910,2012,420.0,9.0,129.0,105.0,147.0,1221.0,357.0,67.0,1599.0,310.0,4384.0,7886
420910,2013,0.0,0.0,0.0,0.0,0.0,0.0,0.0,0.0,0.0,0.0,4476.0,7848
420910,2014,360.0,9.0,185.0,143.0,142.0,1424.0,480.0,130.0,1352.0,314.0,4550.0,8063
420910,2015,385.0,10.0,160.0,180.0,161.0,1388.0,489.0,97.0,1366.0,239.0,4486.0,8402
420910,2016,377.0,14.0,144.0,153.0,149.0,1357.0,379.0,94.0,1070.0,304.0,4041.0,8030
420910,2017,306.0,16.0,169.0,147.0,143.0,1467.0,390.0,87.0,1142.0,226.0,4093.0,8083
420910,2018,319.0,13.0,176.0,163.0,157.0,1508.0,359.0,110.0,1043.0,287.0,4138.0,8177
420910,2019,303.0,13.0,162.0,167.0,145.0,1576.0,340.0,101.0,877.0,344.0,4032.0,7815
420915,2012,4.0,1.0,0.0,0.0,0.0,18.0,3.0,3.0,13.0,7.0,51.0,92
420915,2013,0.0,0.0,0.0,0.0,0.0,0.0,0.0,0.0,0.0,0.0,51.0,84
420915,2014,3.0,0.0,0.0,2.0,1.0,22.0,1.0,4.0,5.0,7.0,48.0,98
420915,2015,4.0,0.0,1.0,2.0,2.0,25.0,3.0,2.0,10.0,2.0,51.0,108
420915,2016,3.0,0.0,0.0,1.0,0.0,26.0,8.0,1.0,19.0,0.0,58.0,106
420915,2017,6.0,0.0,2.0,2.0,0.0,22.0,4.0,1.0,10.0,2.0,49.0,102
420915,2018,4.0,1.0,1.0,1.0,4.0,19.0,3.0,0.0,10.0,3.0,46.0,88
420915,2019,4.0,0.0,1.0,0.0,2.0,22.0,5.0,2.0,12.0,3.0,53.0,99
420917,2012,4.0,0.0,0.0,0.0,0.0,1.0,2.0,0.0,5.0,1.0,14.0,27
420917,2013,0.0,0.0,0.0,0.0,0.0,0.0,0.0,0.0,0.0,0.0,15.0,18
420917,2014,1.0,0.0,0.0,0.0,1.0,5.0,1.0,1.0,3.0,2.0,14.0,20
420917,2015,2.0,0.0,0.0,0.0,0.0,3.0,1.0,0.0,5.0,4.0,15.0,20
420917,2016,0.0,0.0,0.0,0.0,1.0,4.0,0.0,0.0,2.0,1.0,8.0,13
420917,2017,2.0,0.0,0.0,0.0,0.0,9.0,2.0,1.0,4.0,3.0,21.0,29
420917,2018,0.0,0.0,2.0,1.0,0.0,8.0,3.0,1.0,6.0,0.0,21.0,28
420917,2019,2.0,0.0,2.0,1.0,1.0,6.0,2.0,2.0,5.0,1.0,22.0,34
420920,2012,0.0,0.0,0.0,0.0,0.0,0.0,0.0,0.0,0.0,0.0,14.0,20
420920,2013,0.0,0.0,0.0,0.0,0.0,0.0,0.0,0.0,0.0,0.0,17.0,19
420920,2014,0.0,0.0,0.0,0.0,0.0,10.0,4.0,1.0,3.0,5.0,24.0,29
420920,2015,2.0,0.0,0.0,0.0,1.0,11.0,0.0,0.0,3.0,3.0,20.0,33
420920,2016,3.0,0.0,0.0,0.0,0.0,8.0,1.0,0.0,4.0,2.0,18.0,26
420920,2017,0.0,0.0,4.0,0.0,0.0,7.0,0.0,0.0,5.0,2.0,18.0,25
420920,2018,2.0,0.0,2.0,1.0,0.0,5.0,0.0,0.0,3.0,4.0,17.0,22
420920,2019,1.0,0.0,4.0,1.0,0.0,9.0,0.0,0.0,4.0,1.0,20.0,27
420930,2012,120.0,5.0,24.0,36.0,44.0,338.0,61.0,33.0,287.0,171.0,1263.0,2299
420930,2013,0.0,0.0,0.0,0.0,0.0,0.0,0.0,0.0,0.0,0.0,1210.0,2340
420930,2014,107.0,4.0,46.0,34.0,34.0,375.0,81.0,48.0,257.0,160.0,1205.0,2406
420930,2015,119.0,4.0,34.0,47.0,34.0,377.0,85.0,67.0,237.0,143.0,1212.0,2428
420930,2016,137.0,7.0,48.0,38.0,35.0,434.0,115.0,50.0,285.0,120.0,1272.0,2476
420930,2017,132.0,7.0,52.0,33.0,34.0,405.0,113.0,55.0,268.0,123.0,1228.0,2491
420930,2018,104.0,4.0,51.0,50.0,28.0,387.0,96.0,39.0,258.0,115.0,1132.0,2320
420930,2019,75.0,4.0,34.0,48.0,33.0,451.0,119.0,46.0,252.0,108.0,1171.0,2287
420940,2012,45.0,1.0,8.0,9.0,5.0,93.0,22.0,8.0,95.0,32.0,384.0,566
420940,2013,0.0,0.0,0.0,0.0,0.0,0.0,0.0,0.0,0.0,0.0,375.0,573
420940,2014,27.0,4.0,7.0,5.0,13.0,109.0,49.0,8.0,101.0,23.0,350.0,511
420940,2015,28.0,3.0,4.0,7.0,13.0,103.0,56.0,12.0,100.0,31.0,358.0,502
420940,2016,20.0,3.0,8.0,11.0,7.0,98.0,34.0,8.0,71.0,13.0,274.0,421
420940,2017,25.0,4.0,8.0,9.0,3.0,96.0,51.0,8.0,75.0,17.0,296.0,473
420940,2018,21.0,0.0,10.0,2.0,6.0,110.0,42.0,10.0,52.0,27.0,281.0,440
420940,2019,29.0,1.0,10.0,13.0,12.0,119.0,24.0,9.0,63.0,23.0,304.0,453
420945,2012,0.0,0.0,2.0,0.0,0.0,1.0,0.0,0.0,0.0,0.0,11.0,15
420945,2013,0.0,0.0,0.0,0.0,0.0,0.0,0.0,0.0,0.0,0.0,10.0,12
420945,2014,0.0,0.0,0.0,0.0,0.0,5.0,0.0,0.0,1.0,3.0,14.0,21
420945,2015,3.0,0.0,2.0,0.0,0.0,3.0,0.0,0.0,0.0,5.0,16.0,21
420945,2016,0.0,0.0,0.0,0.0,2.0,6.0,3.0,1.0,1.0,2.0,15.0,20
420945,2017,1.0,0.0,0.0,0.0,1.0,5.0,0.0,0.0,5.0,7.0,20.0,26
420945,2018,0.0,0.0,0.0,1.0,0.0,3.0,0.0,1.0,1.0,7.0,13.0,21
420945,2019,2.0,0.0,2.0,0.0,0.0,11.0,2.0,0.0,0.0,2.0,19.0,26
420950,2012,2.0,0.0,0.0,0.0,3.0,15.0,3.0,2.0,21.0,5.0,51.0,85
420950,2013,0.0,0.0,0.0,0.0,0.0,0.0,0.0,0.0,0.0,0.0,56.0,101
420950,2014,3.0,0.0,2.0,0.0,3.0,11.0,9.0,2.0,12.0,5.0,48.0,98
420950,2015,2.0,0.0,2.0,0.0,1.0,20.0,5.0,3.0,15.0,3.0,51.0,106
420950,2016,5.0,1.0,0.0,1.0,0.0,21.0,7.0,0.0,17.0,1.0,53.0,97
420950,2017,2.0,0.0,2.0,2.0,3.0,19.0,7.0,1.0,20.0,4.0,60.0,101
420950,2018,6.0,0.0,4.0,2.0,3.0,19.0,6.0,0.0,14.0,3.0,58.0,102
420950,2019,3.0,1.0,2.0,2.0,0.0,18.0,2.0,0.0,15.0,4.0,47.0,99
420960,2012,18.0,0.0,4.0,5.0,6.0,40.0,15.0,4.0,43.0,9.0,144.0,185
420960,2013,0.0,0.0,0.0,0.0,0.0,0.0,0.0,0.0,0.0,0.0,138.0,194
420960,2014,16.0,2.0,2.0,3.0,2.0,50.0,12.0,2.0,40.0,18.0,149.0,214
420960,2015,13.0,0.0,2.0,1.0,4.0,50.0,13.0,2.0,40.0,13.0,138.0,201
420960,2016,10.0,0.0,2.0,9.0,6.0,57.0,9.0,9.0,35.0,10.0,151.0,217
420960,2017,5.0,1.0,0.0,2.0,4.0,38.0,14.0,2.0,32.0,7.0,105.0,166
420960,2018,6.0,1.0,2.0,1.0,4.0,55.0,15.0,3.0,40.0,5.0,132.0,168
420960,2019,8.0,0.0,0.0,1.0,1.0,64.0,7.0,1.0,35.0,9.0,126.0,170
420970,2012,6.0,0.0,0.0,3.0,7.0,24.0,1.0,2.0,7.0,7.0,66.0,160
420970,2013,0.0,0.0,0.0,0.0,0.0,0.0,0.0,0.0,0.0,0.0,72.0,160
420970,2014,4.0,0.0,3.0,4.0,1.0,21.0,6.0,3.0,12.0,3.0,63.0,162
420970,2015,3.0,0.0,2.0,3.0,0.0,23.0,10.0,5.0,22.0,17.0,85.0,185
420970,2016,8.0,2.0,5.0,7.0,0.0,40.0,8.0,8.0,13.0,15.0,106.0,166
420970,2017,3.0,0.0,4.0,3.0,0.0,41.0,4.0,13.0,9.0,11.0,88.0,146
420970,2018,6.0,0.0,0.0,2.0,3.0,37.0,1.0,9.0,11.0,7.0,78.0,179
420970,2019,6.0,0.0,2.0,5.0,1.0,36.0,4.0,7.0,10.0,7.0,85.0,161
420980,2012,1.0,0.0,0.0,0.0,0.0,4.0,3.0,1.0,3.0,2.0,14.0,29
420980,2013,0.0,0.0,0.0,0.0,0.0,0.0,0.0,0.0,0.0,0.0,18.0,30
420980,2014,0.0,0.0,2.0,3.0,0.0,8.0,2.0,0.0,1.0,1.0,18.0,33
420980,2015,2.0,0.0,0.0,1.0,0.0,5.0,6.0,2.0,8.0,2.0,26.0,43
420980,2016,2.0,1.0,2.0,2.0,0.0,9.0,0.0,2.0,5.0,1.0,24.0,39
420980,2017,1.0,0.0,0.0,0.0,1.0,6.0,2.0,0.0,7.0,1.0,19.0,39
420980,2018,0.0,0.0,0.0,2.0,1.0,5.0,2.0,1.0,3.0,1.0,15.0,32
420980,2019,2.0,0.0,0.0,0.0,0.0,6.0,2.0,0.0,4.0,1.0,15.0,37
420985,2012,2.0,0.0,0.0,1.0,3.0,9.0,2.0,0.0,12.0,0.0,35.0,55
420985,2013,0.0,0.0,0.0,0.0,0.0,0.0,0.0,0.0,0.0,0.0,26.0,42
420985,2014,3.0,0.0,2.0,0.0,0.0,9.0,6.0,1.0,9.0,1.0,32.0,55
420985,2015,3.0,1.0,2.0,0.0,1.0,12.0,3.0,0.0,16.0,3.0,41.0,60
420985,2016,8.0,0.0,0.0,1.0,2.0,8.0,3.0,1.0,7.0,3.0,33.0,48
420985,2017,5.0,0.0,2.0,0.0,2.0,14.0,4.0,0.0,8.0,4.0,39.0,58
420985,2018,3.0,0.0,2.0,0.0,1.0,9.0,3.0,2.0,6.0,0.0,26.0,44
420985,2019,5.0,0.0,1.0,0.0,0.0,13.0,4.0,3.0,13.0,3.0,42.0,58
420990,2012,3.0,0.0,0.0,2.0,2.0,22.0,5.0,4.0,24.0,10.0,72.0,141
420990,2013,0.0,0.0,0.0,0.0,0.0,0.0,0.0,0.0,0.0,0.0,96.0,169
420990,2014,7.0,0.0,4.0,2.0,0.0,48.0,4.0,2.0,26.0,4.0,100.0,166
420990,2015,1.0,0.0,0.0,2.0,4.0,29.0,7.0,2.0,21.0,6.0,72.0,147
420990,2016,5.0,0.0,2.0,6.0,3.0,39.0,9.0,1.0,21.0,2.0,88.0,159
420990,2017,9.0,0.0,4.0,5.0,3.0,28.0,8.0,5.0,19.0,9.0,90.0,166
420990,2018,12.0,0.0,2.0,5.0,8.0,47.0,8.0,1.0,21.0,8.0,112.0,194
420990,2019,7.0,0.0,2.0,1.0,0.0,41.0,8.0,2.0,13.0,6.0,81.0,154
421000,2012,4.0,0.0,3.0,4.0,4.0,27.0,8.0,4.0,19.0,4.0,77.0,144
421000,2013,0.0,0.0,0.0,0.0,0.0,0.0,0.0,0.0,0.0,0.0,84.0,168
421000,2014,7.0,1.0,2.0,4.0,1.0,34.0,8.0,4.0,30.0,14.0,105.0,186
421000,2015,3.0,0.0,6.0,4.0,2.0,36.0,11.0,2.0,24.0,7.0,95.0,158
421000,2016,6.0,0.0,2.0,1.0,2.0,37.0,6.0,1.0,24.0,3.0,82.0,168
421000,2017,6.0,0.0,2.0,3.0,5.0,30.0,8.0,2.0,28.0,10.0,94.0,178
421000,2018,4.0,0.0,5.0,5.0,8.0,33.0,8.0,2.0,38.0,6.0,109.0,214
421000,2019,5.0,1.0,1.0,5.0,4.0,36.0,11.0,5.0,33.0,11.0,112.0,198
421003,2012,0.0,0.0,0.0,0.0,0.0,0.0,0.0,0.0,0.0,0.0,40.0,48
421003,2013,0.0,0.0,0.0,0.0,0.0,0.0,0.0,0.0,0.0,0.0,34.0,43
421003,2014,4.0,0.0,0.0,1.0,0.0,20.0,2.0,1.0,8.0,6.0,45.0,60
421003,2015,5.0,0.0,0.0,1.0,1.0,23.0,5.0,1.0,12.0,4.0,56.0,74
421003,2016,8.0,0.0,0.0,0.0,0.0,18.0,3.0,0.0,14.0,2.0,46.0,63
421003,2017,0.0,0.0,2.0,0.0,1.0,15.0,5.0,3.0,8.0,4.0,40.0,61
421003,2018,1.0,0.0,4.0,0.0,0.0,18.0,4.0,1.0,11.0,2.0,41.0,59
421003,2019,2.0,0.0,4.0,2.0,2.0,16.0,3.0,1.0,4.0,1.0,36.0,60
421005,2012,2.0,0.0,0.0,0.0,0.0,2.0,0.0,1.0,4.0,0.0,9.0,16
421005,2013,0.0,0.0,0.0,0.0,0.0,0.0,0.0,0.0,0.0,0.0,16.0,33
421005,2014,2.0,0.0,0.0,0.0,0.0,6.0,1.0,1.0,3.0,2.0,15.0,22
421005,2015,1.0,0.0,0.0,0.0,0.0,4.0,1.0,2.0,3.0,3.0,14.0,18
421005,2016,0.0,0.0,0.0,1.0,1.0,5.0,3.0,2.0,2.0,1.0,15.0,26
421005,2017,3.0,0.0,0.0,0.0,1.0,5.0,1.0,0.0,3.0,4.0,17.0,21
421005,2018,1.0,0.0,0.0,0.0,0.0,6.0,0.0,1.0,3.0,1.0,12.0,20
421005,2019,1.0,0.0,0.0,1.0,0.0,6.0,1.0,0.0,4.0,2.0,15.0,24
421010,2012,38.0,1.0,26.0,18.0,10.0,117.0,36.0,5.0,131.0,44.0,427.0,745
421010,2013,0.0,0.0,0.0,0.0,0.0,0.0,0.0,0.0,0.0,0.0,482.0,827
421010,2014,57.0,0.0,10.0,16.0,15.0,124.0,38.0,18.0,102.0,64.0,445.0,798
421010,2015,27.0,0.0,21.0,16.0,15.0,126.0,55.0,16.0,114.0,46.0,436.0,777
421010,2016,31.0,1.0,18.0,14.0,12.0,125.0,50.0,15.0,101.0,32.0,400.0,765
421010,2017,58.0,1.0,12.0,14.0,14.0,162.0,44.0,16.0,133.0,41.0,498.0,843
421010,2018,45.0,2.0,15.0,13.0,9.0,154.0,39.0,18.0,88.0,30.0,492.0,820
421010,2019,30.0,0.0,16.0,2.0,2.0,81.0,27.0,5.0,69.0,13.0,455.0,754
421020,2012,2.0,1.0,0.0,0.0,0.0,3.0,1.0,0.0,3.0,2.0,14.0,34
421020,2013,0.0,0.0,0.0,0.0,0.0,0.0,0.0,0.0,0.0,0.0,16.0,27
421020,2014,2.0,0.0,0.0,1.0,0.0,6.0,3.0,2.0,4.0,1.0,19.0,36
421020,2015,2.0,0.0,2.0,1.0,1.0,6.0,2.0,3.0,2.0,1.0,20.0,40
421020,2016,2.0,0.0,0.0,0.0,0.0,5.0,2.0,0.0,3.0,1.0,13.0,25
421020,2017,1.0,0.0,0.0,2.0,2.0,3.0,3.0,1.0,3.0,4.0,20.0,38
421020,2018,2.0,1.0,0.0,0.0,2.0,7.0,2.0,4.0,6.0,3.0,27.0,51
421020,2019,1.0,1.0,0.0,0.0,2.0,4.0,1.0,0.0,1.0,4.0,15.0,30
421030,2012,3.0,1.0,2.0,2.0,2.0,16.0,2.0,2.0,8.0,6.0,55.0,95
421030,2013,0.0,0.0,0.0,0.0,0.0,0.0,0.0,0.0,0.0,0.0,61.0,91
421030,2014,0.0,2.0,0.0,3.0,2.0,17.0,4.0,3.0,14.0,6.0,51.0,76
421030,2015,4.0,0.0,2.0,1.0,4.0,18.0,5.0,3.0,9.0,9.0,60.0,97
421030,2016,5.0,4.0,2.0,5.0,1.0,24.0,5.0,3.0,13.0,5.0,67.0,121
421030,2017,0.0,1.0,2.0,1.0,1.0,18.0,4.0,2.0,9.0,8.0,47.0,82
421030,2018,5.0,1.0,0.0,1.0,1.0,29.0,5.0,1.0,9.0,3.0,59.0,95
421030,2019,3.0,0.0,0.0,0.0,1.0,21.0,8.0,2.0,11.0,3.0,64.0,101
421040,2012,4.0,0.0,0.0,2.0,2.0,20.0,3.0,1.0,19.0,5.0,58.0,92
421040,2013,0.0,0.0,0.0,0.0,0.0,0.0,0.0,0.0,0.0,0.0,50.0,79
421040,2014,8.0,0.0,0.0,1.0,1.0,28.0,12.0,8.0,24.0,4.0,88.0,116
421040,2015,7.0,0.0,0.0,1.0,0.0,24.0,6.0,3.0,22.0,4.0,67.0,107
421040,2016,4.0,1.0,2.0,3.0,0.0,28.0,5.0,2.0,16.0,3.0,68.0,103
421040,2017,4.0,1.0,3.0,2.0,0.0,20.0,4.0,1.0,19.0,2.0,56.0,90
421040,2018,4.0,0.0,1.0,1.0,4.0,31.0,8.0,1.0,11.0,1.0,63.0,106
421040,2019,4.0,1.0,3.0,3.0,4.0,23.0,5.0,3.0,13.0,2.0,61.0,105
421050,2012,14.0,0.0,2.0,2.0,6.0,91.0,25.0,5.0,92.0,27.0,286.0,315
421050,2013,0.0,0.0,0.0,0.0,0.0,0.0,0.0,0.0,0.0,0.0,270.0,310
421050,2014,22.0,0.0,10.0,5.0,5.0,96.0,38.0,12.0,107.0,19.0,316.0,377
421050,2015,15.0,2.0,4.0,2.0,6.0,95.0,40.0,8.0,125.0,26.0,323.0,373
421050,2016,27.0,0.0,6.0,8.0,8.0,96.0,42.0,6.0,83.0,16.0,292.0,362
421050,2017,25.0,1.0,4.0,7.0,2.0,115.0,24.0,8.0,97.0,21.0,304.0,360
421050,2018,28.0,0.0,9.0,7.0,3.0,123.0,54.0,3.0,116.0,10.0,353.0,403
421050,2019,15.0,0.0,12.0,1.0,2.0,113.0,35.0,8.0,114.0,9.0,310.0,371
421055,2012,0.0,0.0,0.0,0.0,0.0,3.0,0.0,0.0,1.0,1.0,8.0,12
421055,2013,0.0,0.0,0.0,0.0,0.0,0.0,0.0,0.0,0.0,0.0,9.0,12
421055,2014,2.0,0.0,0.0,0.0,1.0,2.0,0.0,0.0,2.0,3.0,16.0,17
421055,2015,0.0,0.0,2.0,0.0,0.0,6.0,2.0,3.0,4.0,5.0,25.0,26
421055,2016,0.0,0.0,0.0,0.0,1.0,2.0,1.0,1.0,4.0,8.0,17.0,18
421055,2017,1.0,0.0,0.0,0.0,0.0,2.0,1.0,0.0,2.0,4.0,10.0,17
421055,2018,2.0,0.0,0.0,1.0,0.0,4.0,1.0,2.0,4.0,1.0,15.0,16
421055,2019,4.0,0.0,0.0,0.0,0.0,11.0,0.0,1.0,4.0,2.0,22.0,26
421060,2012,12.0,0.0,4.0,2.0,1.0,40.0,5.0,2.0,36.0,11.0,117.0,186
421060,2013,0.0,0.0,0.0,0.0,0.0,0.0,0.0,0.0,0.0,0.0,105.0,168
421060,2014,4.0,0.0,6.0,2.0,2.0,44.0,16.0,2.0,33.0,5.0,114.0,182
421060,2015,9.0,1.0,0.0,3.0,4.0,33.0,11.0,2.0,44.0,8.0,115.0,203
421060,2016,11.0,1.0,2.0,2.0,5.0,38.0,7.0,2.0,37.0,7.0,112.0,202
421060,2017,9.0,1.0,3.0,4.0,4.0,44.0,9.0,4.0,34.0,4.0,116.0,210
421060,2018,8.0,1.0,4.0,6.0,4.0,46.0,20.0,3.0,38.0,6.0,137.0,228
421060,2019,5.0,3.0,4.0,4.0,6.0,47.0,12.0,2.0,24.0,9.0,116.0,215
421070,2012,0.0,0.0,0.0,2.0,0.0,8.0,0.0,0.0,5.0,2.0,17.0,41
421070,2013,0.0,0.0,0.0,0.0,0.0,0.0,0.0,0.0,0.0,0.0,15.0,30
421070,2014,1.0,0.0,2.0,1.0,1.0,5.0,1.0,1.0,6.0,1.0,19.0,33
421070,2015,1.0,0.0,0.0,0.0,0.0,5.0,2.0,0.0,3.0,6.0,17.0,29
421070,2016,0.0,0.0,2.0,1.0,0.0,9.0,1.0,2.0,6.0,3.0,24.0,36
421070,2017,1.0,0.0,2.0,1.0,0.0,8.0,0.0,4.0,4.0,1.0,21.0,31
421070,2018,4.0,0.0,6.0,0.0,1.0,5.0,1.0,1.0,5.0,2.0,25.0,41
421070,2019,2.0,0.0,2.0,1.0,0.0,5.0,3.0,0.0,1.0,3.0,18.0,38
421080,2012,4.0,0.0,0.0,0.0,3.0,20.0,0.0,2.0,22.0,1.0,57.0,73
421080,2013,0.0,0.0,0.0,0.0,0.0,0.0,0.0,0.0,0.0,0.0,55.0,76
421080,2014,5.0,1.0,2.0,1.0,4.0,26.0,9.0,0.0,26.0,0.0,74.0,86
421080,2015,4.0,0.0,0.0,2.0,1.0,19.0,11.0,0.0,18.0,1.0,56.0,72
421080,2016,4.0,0.0,0.0,4.0,3.0,25.0,9.0,0.0,19.0,1.0,66.0,85
421080,2017,6.0,1.0,3.0,2.0,2.0,25.0,8.0,2.0,14.0,4.0,68.0,82
421080,2018,9.0,1.0,0.0,3.0,1.0,29.0,4.0,0.0,20.0,2.0,69.0,91
421080,2019,5.0,0.0,4.0,0.0,0.0,20.0,4.0,1.0,20.0,3.0,59.0,79
421085,2012,1.0,0.0,2.0,0.0,0.0,5.0,0.0,0.0,2.0,1.0,13.0,30
421085,2013,0.0,0.0,0.0,0.0,0.0,0.0,0.0,0.0,0.0,0.0,16.0,30
421085,2014,4.0,0.0,0.0,0.0,1.0,1.0,4.0,0.0,4.0,0.0,14.0,36
421085,2015,1.0,0.0,0.0,1.0,0.0,4.0,1.0,0.0,2.0,0.0,9.0,28
421085,2016,0.0,0.0,0.0,0.0,0.0,7.0,2.0,0.0,2.0,1.0,12.0,33
421085,2017,1.0,0.0,0.0,1.0,0.0,1.0,1.0,0.0,3.0,0.0,7.0,22
421085,2018,0.0,0.0,0.0,1.0,0.0,10.0,0.0,0.0,2.0,1.0,14.0,27
421085,2019,0.0,0.0,0.0,0.0,0.0,7.0,0.0,0.0,4.0,2.0,13.0,36
421090,2012,1.0,1.0,2.0,0.0,0.0,12.0,0.0,1.0,8.0,2.0,29.0,43
421090,2013,0.0,0.0,0.0,0.0,0.0,0.0,0.0,0.0,0.0,0.0,30.0,44
421090,2014,3.0,0.0,0.0,1.0,0.0,5.0,5.0,1.0,8.0,5.0,28.0,52
421090,2015,2.0,0.0,0.0,1.0,1.0,8.0,5.0,2.0,4.0,0.0,23.0,41
421090,2016,2.0,0.0,1.0,1.0,1.0,5.0,1.0,0.0,5.0,4.0,20.0,37
421090,2017,3.0,0.0,2.0,1.0,1.0,12.0,2.0,0.0,7.0,1.0,29.0,44
421090,2018,2.0,0.0,2.0,1.0,0.0,9.0,1.0,0.0,4.0,3.0,22.0,44
421090,2019,3.0,0.0,0.0,2.0,0.0,10.0,2.0,1.0,5.0,3.0,26.0,49
421100,2012,3.0,0.0,0.0,1.0,1.0,2.0,2.0,0.0,3.0,6.0,45.0,108
421100,2013,0.0,0.0,0.0,0.0,0.0,0.0,0.0,0.0,0.0,0.0,65.0,106
421100,2014,2.0,0.0,2.0,0.0,1.0,3.0,1.0,1.0,5.0,1.0,59.0,112
421100,2015,3.0,0.0,0.0,4.0,0.0,4.0,7.0,0.0,7.0,1.0,62.0,123
421100,2016,5.0,0.0,2.0,1.0,2.0,17.0,6.0,0.0,11.0,4.0,54.0,126
421100,2017,4.0,0.0,5.0,2.0,3.0,14.0,4.0,2.0,11.0,6.0,51.0,121
421100,2018,4.0,0.0,2.0,2.0,2.0,17.0,6.0,1.0,20.0,5.0,61.0,122
421100,2019,10.0,0.0,4.0,3.0,1.0,25.0,3.0,5.0,10.0,5.0,66.0,120
421105,2012,5.0,0.0,2.0,4.0,2.0,20.0,2.0,6.0,5.0,9.0,61.0,152
421105,2013,0.0,0.0,0.0,0.0,0.0,0.0,0.0,0.0,0.0,0.0,67.0,154
421105,2014,5.0,1.0,0.0,1.0,3.0,21.0,6.0,2.0,13.0,5.0,59.0,126
421105,2015,5.0,0.0,8.0,2.0,1.0,21.0,9.0,3.0,16.0,11.0,78.0,162
421105,2016,6.0,0.0,2.0,1.0,4.0,28.0,10.0,1.0,30.0,6.0,88.0,161
421105,2017,8.0,1.0,4.0,1.0,1.0,27.0,11.0,2.0,14.0,5.0,74.0,150
421105,2018,6.0,0.0,4.0,2.0,1.0,23.0,8.0,0.0,22.0,9.0,76.0,155
421105,2019,9.0,0.0,0.0,4.0,1.0,30.0,11.0,3.0,7.0,3.0,72.0,142
421110,2012,11.0,0.0,0.0,0.0,1.0,20.0,3.0,2.0,7.0,18.0,63.0,137
421110,2013,0.0,0.0,0.0,0.0,0.0,0.0,0.0,0.0,0.0,0.0,52.0,106
421110,2014,4.0,0.0,0.0,4.0,2.0,26.0,0.0,2.0,10.0,13.0,64.0,128
421110,2015,8.0,0.0,2.0,3.0,2.0,18.0,1.0,3.0,10.0,15.0,63.0,131
421110,2016,12.0,0.0,4.0,1.0,1.0,20.0,6.0,5.0,6.0,6.0,61.0,131
421110,2017,7.0,1.0,3.0,2.0,2.0,21.0,11.0,1.0,14.0,4.0,66.0,132
421110,2018,2.0,0.0,4.0,3.0,1.0,22.0,5.0,0.0,13.0,2.0,61.0,129
421110,2019,4.0,0.0,7.0,0.0,1.0,10.0,2.0,1.0,6.0,1.0,65.0,131
421120,2012,16.0,1.0,2.0,2.0,10.0,43.0,9.0,4.0,53.0,13.0,155.0,243
421120,2013,0.0,0.0,0.0,0.0,0.0,0.0,0.0,0.0,0.0,0.0,153.0,258
421120,2014,16.0,0.0,2.0,3.0,3.0,46.0,17.0,3.0,42.0,14.0,147.0,245
421120,2015,15.0,0.0,3.0,6.0,8.0,49.0,9.0,4.0,41.0,8.0,144.0,249
421120,2016,18.0,1.0,2.0,1.0,4.0,40.0,10.0,5.0,51.0,4.0,136.0,244
421120,2017,6.0,2.0,6.0,4.0,4.0,69.0,20.0,3.0,35.0,3.0,152.0,268
421120,2018,8.0,1.0,7.0,3.0,5.0,65.0,9.0,0.0,25.0,3.0,126.0,233
421120,2019,12.0,3.0,3.0,7.0,7.0,45.0,12.0,1.0,30.0,7.0,128.0,217
421125,2012,2.0,0.0,1.0,0.0,2.0,5.0,1.0,1.0,10.0,1.0,30.0,44
421125,2013,0.0,0.0,0.0,0.0,0.0,0.0,0.0,0.0,0.0,0.0,41.0,56
421125,2014,3.0,0.0,0.0,0.0,0.0,6.0,5.0,0.0,12.0,0.0,26.0,32
421125,2015,1.0,0.0,1.0,0.0,1.0,7.0,2.0,0.0,12.0,0.0,24.0,34
421125,2016,1.0,0.0,0.0,0.0,0.0,7.0,1.0,1.0,10.0,0.0,21.0,27
421125,2017,4.0,0.0,0.0,2.0,2.0,13.0,3.0,0.0,10.0,1.0,35.0,49
421125,2018,1.0,0.0,0.0,1.0,1.0,12.0,6.0,0.0,7.0,3.0,31.0,39
421125,2019,2.0,0.0,0.0,0.0,0.0,11.0,5.0,1.0,7.0,1.0,28.0,37
421130,2012,46.0,8.0,13.0,20.0,23.0,162.0,39.0,28.0,121.0,85.0,552.0,1160
421130,2013,0.0,0.0,0.0,0.0,0.0,0.0,0.0,0.0,0.0,0.0,627.0,1229
421130,2014,62.0,8.0,12.0,18.0,16.0,209.0,51.0,46.0,106.0,98.0,629.0,1384
421130,2015,50.0,8.0,23.0,32.0,22.0,222.0,37.0,53.0,134.0,84.0,666.0,1452
421130,2016,73.0,7.0,24.0,25.0,22.0,216.0,53.0,29.0,122.0,66.0,638.0,1448
421130,2017,40.0,6.0,18.0,21.0,22.0,253.0,59.0,36.0,132.0,74.0,662.0,1370
421130,2018,41.0,3.0,31.0,16.0,11.0,288.0,86.0,29.0,120.0,86.0,711.0,1446
421130,2019,31.0,3.0,24.0,13.0,9.0,316.0,158.0,32.0,92.0,41.0,719.0,1435
421140,2012,5.0,1.0,0.0,0.0,1.0,18.0,4.0,3.0,11.0,3.0,47.0,58
421140,2013,0.0,0.0,0.0,0.0,0.0,0.0,0.0,0.0,0.0,0.0,44.0,52
421140,2014,3.0,0.0,2.0,1.0,1.0,12.0,5.0,2.0,5.0,4.0,35.0,50
421140,2015,0.0,0.0,2.0,0.0,1.0,13.0,2.0,0.0,10.0,5.0,33.0,54
421140,2016,4.0,0.0,0.0,0.0,0.0,12.0,3.0,1.0,10.0,1.0,31.0,51
421140,2017,2.0,1.0,0.0,0.0,4.0,11.0,3.0,0.0,13.0,5.0,39.0,59
421140,2018,1.0,0.0,0.0,0.0,1.0,17.0,2.0,0.0,8.0,2.0,31.0,46
421140,2019,2.0,0.0,2.0,2.0,1.0,18.0,2.0,1.0,13.0,6.0,47.0,74
421145,2012,2.0,1.0,0.0,0.0,1.0,7.0,1.0,3.0,2.0,3.0,29.0,51
421145,2013,0.0,0.0,0.0,0.0,0.0,0.0,0.0,0.0,0.0,0.0,36.0,55
421145,2014,2.0,1.0,0.0,0.0,0.0,6.0,5.0,1.0,12.0,1.0,28.0,47
421145,2015,1.0,0.0,0.0,2.0,1.0,10.0,7.0,0.0,7.0,2.0,30.0,43
421145,2016,1.0,0.0,0.0,0.0,1.0,4.0,2.0,1.0,8.0,0.0,17.0,31
421145,2017,1.0,0.0,0.0,0.0,2.0,7.0,5.0,1.0,6.0,4.0,26.0,39
421145,2018,4.0,0.0,2.0,1.0,1.0,8.0,4.0,2.0,9.0,1.0,32.0,53
421145,2019,0.0,1.0,3.0,1.0,0.0,14.0,5.0,0.0,5.0,3.0,32.0,58
421150,2012,5.0,2.0,0.0,3.0,0.0,22.0,3.0,1.0,21.0,9.0,113.0,153
421150,2013,0.0,0.0,0.0,0.0,0.0,0.0,0.0,0.0,0.0,0.0,107.0,152
421150,2014,6.0,0.0,4.0,4.0,1.0,22.0,11.0,2.0,37.0,15.0,109.0,143
421150,2015,4.0,0.0,4.0,1.0,3.0,26.0,4.0,2.0,25.0,7.0,123.0,174
421150,2016,6.0,0.0,1.0,3.0,1.0,25.0,11.0,5.0,19.0,12.0,104.0,142
421150,2017,4.0,1.0,6.0,3.0,3.0,37.0,12.0,2.0,25.0,9.0,125.0,147
421150,2018,7.0,0.0,4.0,0.0,4.0,50.0,14.0,5.0,27.0,20.0,146.0,190
421150,2019,6.0,1.0,0.0,3.0,6.0,51.0,9.0,9.0,25.0,19.0,138.0,194
421160,2012,14.0,0.0,3.0,1.0,5.0,26.0,12.0,3.0,48.0,7.0,121.0,178
421160,2013,0.0,0.0,0.0,0.0,0.0,0.0,0.0,0.0,0.0,0.0,116.0,177
421160,2014,4.0,0.0,2.0,2.0,5.0,37.0,11.0,4.0,36.0,7.0,110.0,186
421160,2015,11.0,1.0,4.0,3.0,3.0,38.0,12.0,2.0,32.0,11.0,121.0,194
421160,2016,7.0,0.0,4.0,3.0,3.0,34.0,10.0,4.0,35.0,8.0,118.0,168
421160,2017,6.0,0.0,4.0,2.0,1.0,41.0,11.0,1.0,29.0,1.0,96.0,160
421160,2018,11.0,1.0,2.0,1.0,2.0,41.0,15.0,1.0,29.0,3.0,110.0,175
421160,2019,6.0,0.0,0.0,5.0,6.0,33.0,12.0,1.0,37.0,7.0,108.0,160
421165,2012,4.0,0.0,2.0,1.0,0.0,5.0,0.0,0.0,5.0,2.0,19.0,25
421165,2013,0.0,0.0,0.0,0.0,0.0,0.0,0.0,0.0,0.0,0.0,13.0,21
421165,2014,3.0,0.0,0.0,0.0,0.0,6.0,0.0,1.0,4.0,2.0,16.0,24
421165,2015,0.0,0.0,0.0,0.0,0.0,4.0,0.0,0.0,4.0,2.0,10.0,19
421165,2016,1.0,0.0,2.0,0.0,1.0,5.0,3.0,0.0,1.0,0.0,13.0,24
421165,2017,2.0,0.0,0.0,1.0,2.0,4.0,2.0,0.0,4.0,2.0,17.0,29
421165,2018,0.0,0.0,0.0,0.0,1.0,6.0,3.0,0.0,4.0,0.0,14.0,25
421165,2019,0.0,0.0,0.0,0.0,1.0,6.0,2.0,0.0,7.0,0.0,17.0,24
421170,2012,26.0,1.0,2.0,17.0,9.0,46.0,17.0,3.0,62.0,22.0,206.0,299
421170,2013,0.0,0.0,0.0,0.0,0.0,0.0,0.0,0.0,0.0,0.0,192.0,260
421170,2014,13.0,1.0,8.0,3.0,5.0,54.0,30.0,6.0,46.0,11.0,178.0,252
421170,2015,24.0,1.0,2.0,9.0,3.0,54.0,14.0,7.0,61.0,14.0,189.0,275
421170,2016,27.0,1.0,2.0,2.0,5.0,51.0,29.0,6.0,80.0,15.0,218.0,289
421170,2017,14.0,2.0,4.0,10.0,5.0,81.0,29.0,8.0,67.0,21.0,241.0,310
421170,2018,12.0,1.0,4.0,4.0,7.0,83.0,18.0,7.0,71.0,11.0,219.0,291
421170,2019,23.0,0.0,9.0,4.0,9.0,74.0,27.0,4.0,60.0,32.0,243.0,322
421175,2012,9.0,2.0,0.0,6.0,3.0,43.0,7.0,5.0,29.0,14.0,166.0,257
421175,2013,0.0,0.0,0.0,0.0,0.0,0.0,0.0,0.0,0.0,0.0,156.0,252
421175,2014,11.0,0.0,4.0,3.0,2.0,57.0,8.0,8.0,25.0,14.0,146.0,239
421175,2015,4.0,0.0,0.0,3.0,1.0,48.0,9.0,13.0,31.0,19.0,140.0,247
421175,2016,13.0,0.0,2.0,5.0,9.0,61.0,20.0,2.0,45.0,16.0,173.0,296
421175,2017,13.0,1.0,6.0,4.0,2.0,45.0,16.0,6.0,29.0,18.0,140.0,256
421175,2018,15.0,2.0,0.0,10.0,8.0,56.0,9.0,5.0,26.0,13.0,144.0,264
421175,2019,8.0,0.0,4.0,6.0,0.0,55.0,8.0,7.0,27.0,7.0,122.0,234
421180,2012,0.0,0.0,0.0,0.0,0.0,0.0,0.0,0.0,0.0,0.0,58.0,78
421180,2013,0.0,0.0,0.0,0.0,0.0,0.0,0.0,0.0,0.0,0.0,64.0,78
421180,2014,5.0,0.0,4.0,3.0,1.0,20.0,4.0,1.0,9.0,7.0,59.0,79
421180,2015,3.0,0.0,0.0,2.0,0.0,12.0,3.0,1.0,15.0,6.0,43.0,62
421180,2016,5.0,0.0,6.0,2.0,0.0,19.0,2.0,1.0,16.0,7.0,58.0,76
421180,2017,9.0,0.0,0.0,2.0,2.0,28.0,3.0,2.0,20.0,8.0,76.0,90
421180,2018,5.0,0.0,3.0,2.0,1.0,22.0,3.0,4.0,15.0,5.0,60.0,73
421180,2019,3.0,0.0,0.0,2.0,2.0,24.0,1.0,4.0,8.0,14.0,61.0,71
421185,2012,1.0,0.0,0.0,0.0,0.0,6.0,0.0,0.0,6.0,1.0,18.0,24
421185,2013,0.0,0.0,0.0,0.0,0.0,0.0,0.0,0.0,0.0,0.0,22.0,27
421185,2014,0.0,1.0,0.0,1.0,0.0,4.0,0.0,0.0,0.0,1.0,20.0,26
421185,2015,3.0,0.0,0.0,0.0,0.0,2.0,0.0,0.0,5.0,6.0,21.0,24
421185,2016,2.0,0.0,0.0,0.0,0.0,0.0,0.0,1.0,7.0,1.0,11.0,17
421185,2017,3.0,0.0,0.0,1.0,0.0,6.0,1.0,0.0,1.0,5.0,18.0,26
421185,2018,0.0,0.0,0.0,0.0,0.0,12.0,1.0,1.0,6.0,2.0,22.0,28
421185,2019,1.0,0.0,0.0,0.0,1.0,5.0,1.0,1.0,1.0,3.0,13.0,24
421187,2012,2.0,0.0,0.0,0.0,0.0,4.0,3.0,3.0,5.0,6.0,24.0,28
421187,2013,0.0,0.0,0.0,0.0,0.0,0.0,0.0,0.0,0.0,0.0,8.0,14
421187,2014,1.0,0.0,0.0,0.0,0.0,6.0,0.0,0.0,5.0,3.0,15.0,19
421187,2015,1.0,0.0,2.0,1.0,1.0,4.0,2.0,0.0,2.0,2.0,15.0,20
421187,2016,0.0,0.0,0.0,1.0,0.0,4.0,4.0,0.0,2.0,0.0,11.0,20
421187,2017,2.0,0.0,0.0,0.0,0.0,6.0,1.0,1.0,3.0,1.0,14.0,24
421187,2018,3.0,0.0,0.0,0.0,1.0,4.0,1.0,0.0,2.0,2.0,13.0,25
421187,2019,0.0,0.0,0.0,2.0,0.0,10.0,0.0,0.0,5.0,1.0,18.0,28
421189,2012,1.0,0.0,0.0,1.0,0.0,5.0,1.0,0.0,4.0,3.0,17.0,35
421189,2013,0.0,0.0,0.0,0.0,0.0,0.0,0.0,0.0,0.0,0.0,6.0,18
421189,2014,1.0,0.0,0.0,1.0,0.0,3.0,0.0,1.0,4.0,2.0,12.0,29
421189,2015,1.0,0.0,0.0,0.0,0.0,6.0,0.0,0.0,7.0,1.0,15.0,34
421189,2016,0.0,0.0,0.0,1.0,0.0,4.0,3.0,0.0,5.0,1.0,14.0,30
421189,2017,1.0,0.0,0.0,1.0,0.0,2.0,0.0,0.0,1.0,1.0,6.0,19
421189,2018,1.0,0.0,0.0,0.0,0.0,2.0,0.0,0.0,1.0,1.0,5.0,26
421189,2019,1.0,0.0,0.0,0.0,0.0,3.0,0.0,1.0,5.0,2.0,12.0,31
421190,2012,111.0,4.0,45.0,33.0,43.0,317.0,71.0,34.0,326.0,172.0,1199.0,2287
421190,2013,0.0,0.0,0.0,0.0,0.0,0.0,0.0,0.0,0.0,0.0,1264.0,2396
421190,2014,97.0,2.0,37.0,40.0,38.0,394.0,115.0,42.0,317.0,144.0,1251.0,2469
421190,2015,97.0,9.0,56.0,39.0,45.0,394.0,153.0,49.0,382.0,124.0,1353.0,2586
421190,2016,99.0,2.0,32.0,41.0,41.0,414.0,117.0,52.0,339.0,145.0,1293.0,2568
421190,2017,120.0,6.0,49.0,49.0,51.0,481.0,138.0,61.0,352.0,132.0,1450.0,2814
421190,2018,104.0,3.0,52.0,44.0,66.0,448.0,136.0,72.0,317.0,178.0,1463.0,2882
421190,2019,98.0,3.0,49.0,54.0,57.0,436.0,106.0,65.0,251.0,165.0,1319.0,2784
421200,2012,8.0,1.0,0.0,3.0,3.0,15.0,1.0,5.0,3.0,12.0,51.0,97
421200,2013,0.0,0.0,0.0,0.0,0.0,0.0,0.0,0.0,0.0,0.0,82.0,112
421200,2014,10.0,1.0,0.0,0.0,1.0,20.0,0.0,29.0,5.0,38.0,104.0,127
421200,2015,8.0,0.0,0.0,1.0,0.0,24.0,1.0,19.0,5.0,22.0,81.0,116
421200,2016,6.0,0.0,4.0,0.0,0.0,29.0,0.0,13.0,3.0,29.0,84.0,128
421200,2017,2.0,0.0,1.0,1.0,0.0,32.0,2.0,11.0,4.0,21.0,74.0,97
421200,2018,3.0,0.0,4.0,0.0,1.0,22.0,2.0,20.0,2.0,26.0,81.0,99
421200,2019,5.0,0.0,2.0,0.0,0.0,31.0,2.0,19.0,5.0,34.0,98.0,118
421205,2012,1.0,0.0,2.0,0.0,0.0,3.0,1.0,0.0,1.0,4.0,16.0,30
421205,2013,0.0,0.0,0.0,0.0,0.0,0.0,0.0,0.0,0.0,0.0,15.0,33
421205,2014,0.0,0.0,0.0,0.0,0.0,3.0,0.0,1.0,1.0,3.0,11.0,32
421205,2015,0.0,0.0,0.0,0.0,0.0,3.0,0.0,0.0,3.0,1.0,8.0,26
421205,2016,0.0,0.0,0.0,1.0,1.0,7.0,0.0,0.0,6.0,0.0,15.0,35
421205,2017,1.0,0.0,0.0,0.0,1.0,3.0,1.0,0.0,1.0,0.0,7.0,20
421205,2018,1.0,0.0,2.0,0.0,0.0,8.0,2.0,1.0,3.0,0.0,17.0,28
421205,2019,0.0,0.0,2.0,0.0,1.0,5.0,1.0,0.0,1.0,2.0,12.0,23
421210,2012,8.0,1.0,4.0,2.0,4.0,14.0,7.0,1.0,17.0,7.0,146.0,191
421210,2013,0.0,0.0,0.0,0.0,0.0,0.0,0.0,0.0,0.0,0.0,137.0,188
421210,2014,10.0,1.0,2.0,4.0,8.0,40.0,14.0,7.0,38.0,8.0,139.0,177
421210,2015,12.0,1.0,4.0,6.0,3.0,42.0,13.0,2.0,24.0,17.0,126.0,164
421210,2016,9.0,0.0,4.0,6.0,2.0,44.0,15.0,8.0,40.0,21.0,149.0,196
421210,2017,8.0,0.0,6.0,2.0,3.0,53.0,6.0,7.0,31.0,20.0,137.0,189
421210,2018,8.0,0.0,2.0,4.0,3.0,59.0,13.0,3.0,34.0,9.0,135.0,179
421210,2019,10.0,1.0,4.0,4.0,5.0,48.0,7.0,6.0,22.0,16.0,125.0,173
421220,2012,9.0,0.0,6.0,3.0,3.0,28.0,3.0,9.0,20.0,50.0,131.0,267
421220,2013,0.0,0.0,0.0,0.0,0.0,0.0,0.0,0.0,0.0,0.0,118.0,225
421220,2014,8.0,1.0,11.0,3.0,1.0,25.0,5.0,23.0,14.0,49.0,143.0,241
421220,2015,7.0,1.0,2.0,2.0,9.0,40.0,4.0,22.0,20.0,65.0,173.0,286
421220,2016,11.0,0.0,2.0,2.0,3.0,41.0,4.0,16.0,6.0,37.0,122.0,228
421220,2017,8.0,0.0,5.0,0.0,2.0,49.0,3.0,13.0,10.0,37.0,127.0,252
421220,2018,12.0,0.0,0.0,4.0,2.0,64.0,5.0,8.0,17.0,24.0,141.0,258
421220,2019,7.0,0.0,2.0,4.0,3.0,42.0,3.0,6.0,9.0,10.0,120.0,249
421223,2012,3.0,0.0,0.0,0.0,0.0,11.0,1.0,0.0,11.0,2.0,32.0,49
421223,2013,0.0,0.0,0.0,0.0,0.0,0.0,0.0,0.0,0.0,0.0,29.0,48
421223,2014,2.0,0.0,0.0,0.0,0.0,9.0,3.0,1.0,3.0,6.0,24.0,39
421223,2015,1.0,0.0,0.0,1.0,1.0,12.0,4.0,1.0,6.0,6.0,34.0,53
421223,2016,4.0,0.0,0.0,3.0,2.0,9.0,0.0,1.0,4.0,0.0,23.0,58
421223,2017,1.0,0.0,0.0,0.0,1.0,16.0,4.0,0.0,6.0,0.0,28.0,54
421223,2018,2.0,0.0,0.0,0.0,0.0,12.0,1.0,0.0,3.0,1.0,19.0,47
421223,2019,4.0,0.0,2.0,0.0,0.0,6.0,1.0,0.0,9.0,0.0,22.0,41
421225,2012,6.0,3.0,1.0,2.0,2.0,15.0,3.0,4.0,15.0,9.0,61.0,80
421225,2013,0.0,0.0,0.0,0.0,0.0,0.0,0.0,0.0,0.0,0.0,57.0,88
421225,2014,4.0,0.0,0.0,3.0,0.0,20.0,7.0,1.0,12.0,6.0,53.0,96
421225,2015,7.0,0.0,2.0,0.0,0.0,25.0,4.0,1.0,13.0,0.0,52.0,88
421225,2016,5.0,0.0,0.0,3.0,2.0,18.0,8.0,2.0,14.0,3.0,56.0,81
421225,2017,4.0,0.0,0.0,2.0,1.0,32.0,8.0,1.0,17.0,2.0,67.0,105
421225,2018,2.0,0.0,10.0,1.0,2.0,23.0,4.0,0.0,10.0,0.0,52.0,89
421225,2019,3.0,0.0,2.0,1.0,4.0,25.0,6.0,3.0,9.0,6.0,61.0,90
421227,2012,0.0,0.0,0.0,3.0,2.0,2.0,2.0,0.0,3.0,2.0,28.0,41
421227,2013,0.0,0.0,0.0,0.0,0.0,0.0,0.0,0.0,0.0,0.0,48.0,55
421227,2014,3.0,0.0,0.0,1.0,1.0,11.0,13.0,3.0,16.0,2.0,61.0,70
421227,2015,5.0,0.0,0.0,0.0,0.0,13.0,6.0,1.0,15.0,6.0,53.0,68
421227,2016,1.0,0.0,0.0,0.0,0.0,18.0,6.0,3.0,10.0,3.0,41.0,54
421227,2017,7.0,0.0,0.0,1.0,1.0,20.0,9.0,2.0,14.0,2.0,60.0,76
421227,2018,3.0,0.0,3.0,2.0,1.0,14.0,1.0,3.0,4.0,8.0,40.0,62
421227,2019,5.0,1.0,3.0,0.0,1.0,22.0,2.0,6.0,4.0,9.0,53.0,66
421230,2012,4.0,0.0,2.0,1.0,0.0,17.0,4.0,0.0,20.0,4.0,53.0,93
421230,2013,0.0,0.0,0.0,0.0,0.0,0.0,0.0,0.0,0.0,0.0,61.0,98
421230,2014,7.0,0.0,0.0,2.0,2.0,12.0,3.0,4.0,11.0,2.0,44.0,78
421230,2015,1.0,0.0,4.0,1.0,2.0,16.0,7.0,3.0,20.0,5.0,60.0,122
421230,2016,1.0,0.0,0.0,1.0,1.0,19.0,2.0,2.0,8.0,5.0,39.0,81
421230,2017,4.0,1.0,0.0,1.0,3.0,15.0,5.0,5.0,19.0,6.0,59.0,106
421230,2018,0.0,0.0,2.0,3.0,2.0,18.0,7.0,0.0,18.0,3.0,54.0,98
421230,2019,4.0,0.0,0.0,2.0,1.0,18.0,4.0,2.0,7.0,4.0,42.0,98
421240,2012,3.0,1.0,2.0,0.0,0.0,2.0,2.0,0.0,8.0,2.0,20.0,32
421240,2013,0.0,0.0,0.0,0.0,0.0,0.0,0.0,0.0,0.0,0.0,21.0,32
421240,2014,4.0,1.0,2.0,2.0,1.0,10.0,3.0,1.0,7.0,2.0,37.0,46
421240,2015,1.0,0.0,2.0,1.0,0.0,7.0,7.0,0.0,6.0,1.0,26.0,36
421240,2016,2.0,0.0,0.0,3.0,0.0,1.0,7.0,0.0,11.0,0.0,24.0,41
421240,2017,2.0,0.0,0.0,1.0,0.0,7.0,3.0,0.0,10.0,1.0,24.0,37
421240,2018,2.0,0.0,3.0,1.0,0.0,9.0,3.0,1.0,2.0,3.0,24.0,38
421240,2019,2.0,0.0,3.0,0.0,1.0,12.0,5.0,0.0,5.0,3.0,32.0,40
421250,2012,13.0,1.0,8.0,4.0,7.0,51.0,11.0,6.0,29.0,22.0,162.0,319
421250,2013,0.0,0.0,0.0,0.0,0.0,0.0,0.0,0.0,0.0,0.0,214.0,372
421250,2014,14.0,5.0,5.0,7.0,5.0,79.0,23.0,13.0,33.0,22.0,206.0,376
421250,2015,24.0,4.0,0.0,10.0,10.0,71.0,17.0,12.0,52.0,31.0,231.0,397
421250,2016,19.0,0.0,8.0,6.0,3.0,62.0,12.0,5.0,44.0,15.0,174.0,375
421250,2017,15.0,0.0,8.0,5.0,7.0,88.0,23.0,7.0,38.0,29.0,220.0,427
421250,2018,20.0,1.0,10.0,4.0,11.0,94.0,17.0,4.0,37.0,19.0,217.0,459
421250,2019,9.0,1.0,14.0,6.0,9.0,82.0,18.0,4.0,33.0,19.0,195.0,433
421260,2012,1.0,0.0,2.0,2.0,0.0,5.0,4.0,2.0,5.0,1.0,22.0,27
421260,2013,0.0,0.0,0.0,0.0,0.0,0.0,0.0,0.0,0.0,0.0,19.0,32
421260,2014,2.0,1.0,0.0,0.0,0.0,8.0,5.0,2.0,10.0,0.0,28.0,42
421260,2015,2.0,0.0,4.0,0.0,0.0,6.0,7.0,1.0,4.0,3.0,28.0,31
421260,2016,1.0,1.0,0.0,0.0,0.0,3.0,0.0,3.0,1.0,0.0,9.0,13
421260,2017,2.0,0.0,0.0,2.0,0.0,3.0,3.0,1.0,9.0,3.0,23.0,37
421260,2018,3.0,0.0,0.0,0.0,3.0,10.0,1.0,0.0,2.0,1.0,20.0,32
421260,2019,3.0,0.0,0.0,2.0,0.0,10.0,3.0,0.0,3.0,3.0,24.0,34
421265,2013,0.0,0.0,0.0,0.0,0.0,0.0,0.0,0.0,0.0,0.0,8.0,9
421265,2014,9.0,2.0,0.0,5.0,1.0,20.0,7.0,1.0,19.0,4.0,69.0,100
421265,2015,4.0,1.0,5.0,4.0,1.0,22.0,9.0,0.0,18.0,3.0,67.0,96
421265,2016,7.0,2.0,0.0,3.0,2.0,14.0,8.0,0.0,19.0,2.0,57.0,89
421265,2017,7.0,0.0,2.0,0.0,0.0,16.0,11.0,0.0,15.0,6.0,57.0,90
421265,2018,6.0,0.0,4.0,1.0,1.0,21.0,9.0,2.0,9.0,4.0,57.0,99
421265,2019,9.0,0.0,8.0,3.0,2.0,24.0,5.0,3.0,17.0,2.0,73.0,119
421270,2012,2.0,0.0,0.0,0.0,3.0,8.0,6.0,1.0,17.0,4.0,41.0,82
421270,2013,0.0,0.0,0.0,0.0,0.0,0.0,0.0,0.0,0.0,0.0,39.0,69
421270,2014,2.0,0.0,0.0,3.0,1.0,9.0,7.0,2.0,8.0,6.0,38.0,59
421270,2015,1.0,0.0,0.0,1.0,2.0,13.0,3.0,2.0,10.0,7.0,39.0,63
421270,2016,3.0,0.0,2.0,0.0,1.0,16.0,5.0,4.0,4.0,2.0,37.0,63
421270,2017,5.0,0.0,0.0,1.0,1.0,20.0,10.0,0.0,5.0,2.0,44.0,83
421270,2018,2.0,0.0,0.0,0.0,1.0,17.0,3.0,3.0,5.0,2.0,33.0,69
421270,2019,2.0,0.0,0.0,2.0,0.0,17.0,8.0,0.0,10.0,0.0,39.0,87
421280,2012,3.0,1.0,14.0,1.0,4.0,46.0,8.0,1.0,26.0,20.0,133.0,263
421280,2013,0.0,0.0,0.0,0.0,0.0,0.0,0.0,0.0,0.0,0.0,136.0,292
421280,2014,9.0,0.0,3.0,5.0,3.0,47.0,13.0,6.0,30.0,23.0,140.0,281
421280,2015,13.0,0.0,7.0,2.0,6.0,51.0,10.0,5.0,37.0,20.0,151.0,328
421280,2016,11.0,0.0,4.0,9.0,8.0,59.0,13.0,6.0,27.0,12.0,149.0,354
421280,2017,9.0,1.0,7.0,7.0,6.0,66.0,17.0,5.0,35.0,18.0,171.0,380
421280,2018,14.0,2.0,14.0,6.0,2.0,77.0,21.0,5.0,31.0,12.0,184.0,369
421280,2019,11.0,1.0,2.0,10.0,1.0,74.0,17.0,8.0,37.0,11.0,172.0,354
421290,2012,10.0,0.0,5.0,2.0,0.0,28.0,15.0,5.0,54.0,12.0,149.0,259
421290,2013,0.0,0.0,0.0,0.0,0.0,0.0,0.0,0.0,0.0,0.0,156.0,266
421290,2014,6.0,1.0,6.0,5.0,4.0,58.0,19.0,4.0,47.0,21.0,172.0,266
421290,2015,6.0,1.0,3.0,7.0,8.0,33.0,17.0,5.0,56.0,9.0,145.0,269
421290,2016,6.0,1.0,6.0,3.0,6.0,58.0,26.0,2.0,53.0,14.0,175.0,303
421290,2017,11.0,2.0,5.0,3.0,2.0,81.0,21.0,3.0,67.0,17.0,212.0,310
421290,2018,12.0,1.0,5.0,5.0,7.0,68.0,15.0,15.0,40.0,30.0,198.0,329
421290,2019,11.0,0.0,3.0,11.0,10.0,74.0,24.0,14.0,44.0,27.0,218.0,318
421300,2012,0.0,1.0,2.0,0.0,0.0,5.0,4.0,1.0,6.0,2.0,25.0,29
421300,2013,0.0,0.0,0.0,0.0,0.0,0.0,0.0,0.0,0.0,0.0,42.0,47
421300,2014,3.0,0.0,0.0,0.0,2.0,7.0,3.0,2.0,13.0,1.0,35.0,39
421300,2015,3.0,0.0,1.0,0.0,2.0,16.0,2.0,1.0,11.0,2.0,40.0,44
421300,2016,4.0,0.0,2.0,0.0,0.0,11.0,5.0,1.0,12.0,1.0,36.0,39
421300,2017,8.0,0.0,2.0,0.0,0.0,10.0,5.0,1.0,8.0,1.0,35.0,37
421300,2018,8.0,0.0,1.0,4.0,1.0,14.0,6.0,1.0,12.0,0.0,49.0,52
421300,2019,5.0,0.0,2.0,5.0,0.0,15.0,6.0,0.0,10.0,1.0,44.0,46
421310,2012,4.0,0.0,0.0,0.0,2.0,8.0,2.0,2.0,15.0,3.0,38.0,49
421310,2013,0.0,0.0,0.0,0.0,0.0,0.0,0.0,0.0,0.0,0.0,56.0,69
421310,2014,2.0,0.0,2.0,1.0,2.0,13.0,7.0,4.0,13.0,7.0,54.0,71
421310,2015,6.0,0.0,4.0,3.0,0.0,16.0,3.0,1.0,7.0,5.0,46.0,59
421310,2016,3.0,0.0,0.0,1.0,1.0,19.0,3.0,1.0,9.0,3.0,42.0,55
421310,2017,6.0,0.0,2.0,4.0,0.0,19.0,3.0,5.0,16.0,4.0,61.0,79
421310,2018,7.0,0.0,0.0,5.0,2.0,18.0,3.0,1.0,12.0,7.0,56.0,74
421310,2019,4.0,0.0,2.0,1.0,0.0,15.0,1.0,2.0,5.0,3.0,35.0,51
421315,2012,1.0,0.0,0.0,0.0,0.0,2.0,2.0,0.0,4.0,2.0,17.0,28
421315,2013,0.0,0.0,0.0,0.0,0.0,0.0,0.0,0.0,0.0,0.0,20.0,32
421315,2014,2.0,0.0,2.0,1.0,0.0,5.0,4.0,1.0,2.0,3.0,21.0,33
421315,2015,2.0,1.0,0.0,0.0,0.0,6.0,2.0,2.0,6.0,1.0,20.0,34
421315,2016,1.0,0.0,0.0,1.0,0.0,2.0,3.0,0.0,5.0,0.0,12.0,20
421315,2017,0.0,1.0,0.0,1.0,1.0,5.0,1.0,0.0,6.0,2.0,17.0,30
421315,2018,1.0,0.0,0.0,0.0,0.0,8.0,3.0,0.0,9.0,1.0,23.0,31
421315,2019,4.0,0.0,2.0,2.0,0.0,17.0,3.0,3.0,4.0,1.0,36.0,51
421320,2012,26.0,1.0,2.0,5.0,8.0,87.0,3.0,1.0,60.0,59.0,288.0,359
421320,2013,0.0,0.0,0.0,0.0,0.0,0.0,0.0,0.0,0.0,0.0,264.0,334
421320,2014,23.0,0.0,7.0,3.0,11.0,68.0,32.0,5.0,99.0,23.0,271.0,378
421320,2015,23.0,1.0,15.0,8.0,7.0,87.0,20.0,10.0,60.0,24.0,255.0,376
421320,2016,27.0,3.0,9.0,5.0,10.0,79.0,31.0,12.0,80.0,28.0,284.0,392
421320,2017,19.0,1.0,7.0,2.0,13.0,94.0,30.0,11.0,81.0,23.0,281.0,409
421320,2018,25.0,3.0,4.0,7.0,5.0,105.0,20.0,15.0,76.0,42.0,302.0,430
421320,2019,14.0,2.0,8.0,3.0,7.0,103.0,26.0,11.0,76.0,24.0,274.0,392
421330,2012,4.0,5.0,0.0,0.0,1.0,9.0,2.0,0.0,3.0,1.0,63.0,77
421330,2013,0.0,0.0,0.0,0.0,0.0,0.0,0.0,0.0,0.0,0.0,38.0,74
421330,2014,5.0,0.0,0.0,1.0,0.0,8.0,5.0,0.0,4.0,3.0,33.0,65
421330,2015,4.0,0.0,0.0,0.0,0.0,20.0,2.0,2.0,7.0,4.0,40.0,80
421330,2016,0.0,1.0,0.0,1.0,0.0,15.0,2.0,1.0,4.0,3.0,28.0,56
421330,2017,0.0,0.0,0.0,5.0,2.0,9.0,3.0,0.0,4.0,2.0,25.0,57
421330,2018,2.0,0.0,0.0,2.0,0.0,14.0,2.0,1.0,7.0,4.0,33.0,63
421330,2019,1.0,0.0,0.0,3.0,1.0,13.0,0.0,1.0,5.0,2.0,26.0,63
421335,2012,1.0,3.0,0.0,0.0,1.0,4.0,3.0,0.0,0.0,5.0,23.0,49
421335,2013,0.0,0.0,0.0,0.0,0.0,0.0,0.0,0.0,0.0,0.0,28.0,56
421335,2014,3.0,0.0,0.0,3.0,0.0,3.0,0.0,1.0,6.0,2.0,20.0,43
421335,2015,3.0,0.0,2.0,3.0,0.0,7.0,3.0,1.0,9.0,5.0,33.0,65
421335,2016,2.0,0.0,0.0,1.0,2.0,8.0,2.0,0.0,7.0,1.0,23.0,66
421335,2017,1.0,1.0,2.0,0.0,0.0,13.0,2.0,0.0,7.0,3.0,29.0,62
421335,2018,2.0,0.0,1.0,1.0,1.0,11.0,5.0,1.0,8.0,3.0,33.0,71
421335,2019,2.0,0.0,2.0,3.0,0.0,12.0,1.0,1.0,6.0,3.0,30.0,57
421340,2012,3.0,0.0,0.0,17.0,9.0,24.0,15.0,0.0,31.0,3.0,144.0,184
421340,2013,0.0,0.0,0.0,0.0,0.0,0.0,0.0,0.0,0.0,0.0,114.0,147
421340,2014,6.0,0.0,0.0,1.0,2.0,16.0,6.0,6.0,28.0,10.0,117.0,172
421340,2015,8.0,0.0,4.0,2.0,0.0,24.0,4.0,4.0,14.0,19.0,102.0,160
421340,2016,8.0,0.0,4.0,1.0,0.0,39.0,6.0,6.0,26.0,12.0,102.0,149
421340,2017,9.0,0.0,6.0,0.0,1.0,48.0,9.0,4.0,23.0,6.0,115.0,172
421340,2018,11.0,0.0,2.0,1.0,4.0,56.0,3.0,13.0,11.0,24.0,125.0,177
421340,2019,5.0,0.0,0.0,1.0,0.0,43.0,7.0,6.0,7.0,21.0,90.0,148
421350,2012,16.0,2.0,3.0,3.0,3.0,42.0,8.0,3.0,37.0,21.0,140.0,218
421350,2013,0.0,0.0,0.0,0.0,0.0,0.0,0.0,0.0,0.0,0.0,132.0,244
421350,2014,12.0,1.0,4.0,2.0,1.0,30.0,16.0,11.0,35.0,16.0,128.0,235
421350,2015,15.0,0.0,2.0,2.0,1.0,52.0,9.0,2.0,35.0,14.0,133.0,255
421350,2016,15.0,1.0,9.0,2.0,2.0,37.0,9.0,14.0,28.0,16.0,134.0,274
421350,2017,5.0,0.0,10.0,4.0,5.0,48.0,12.0,5.0,27.0,17.0,133.0,269
421350,2018,13.0,2.0,4.0,3.0,3.0,48.0,15.0,6.0,21.0,15.0,131.0,271
421350,2019,9.0,1.0,2.0,2.0,3.0,60.0,10.0,6.0,43.0,13.0,152.0,337
421360,2012,44.0,3.0,4.0,11.0,12.0,83.0,15.0,5.0,71.0,39.0,291.0,507
421360,2013,0.0,0.0,0.0,0.0,0.0,0.0,0.0,0.0,0.0,0.0,233.0,431
421360,2014,33.0,0.0,4.0,4.0,5.0,85.0,23.0,3.0,72.0,23.0,256.0,435
421360,2015,26.0,1.0,2.0,8.0,7.0,88.0,12.0,10.0,71.0,17.0,246.0,475
421360,2016,23.0,2.0,8.0,4.0,6.0,70.0,18.0,1.0,53.0,28.0,214.0,394
421360,2017,22.0,1.0,4.0,5.0,3.0,82.0,13.0,13.0,51.0,48.0,246.0,389
421360,2018,27.0,6.0,6.0,13.0,5.0,106.0,16.0,8.0,38.0,48.0,273.0,425
421360,2019,33.0,0.0,7.0,2.0,5.0,98.0,16.0,7.0,45.0,39.0,255.0,423
421370,2012,10.0,1.0,0.0,2.0,10.0,41.0,4.0,2.0,32.0,8.0,127.0,245
421370,2013,0.0,0.0,0.0,0.0,0.0,0.0,0.0,0.0,0.0,0.0,120.0,221
421370,2014,9.0,1.0,0.0,7.0,2.0,45.0,8.0,9.0,25.0,13.0,122.0,235
421370,2015,5.0,3.0,2.0,6.0,4.0,41.0,9.0,2.0,21.0,8.0,102.0,234
421370,2016,9.0,0.0,2.0,4.0,0.0,53.0,12.0,5.0,15.0,2.0,102.0,236
421370,2017,6.0,0.0,10.0,7.0,3.0,49.0,6.0,3.0,20.0,5.0,109.0,233
421370,2018,8.0,0.0,2.0,3.0,3.0,52.0,5.0,3.0,27.0,2.0,105.0,248
421370,2019,8.0,0.0,0.0,7.0,5.0,60.0,10.0,0.0,20.0,4.0,114.0,238
421380,2012,5.0,0.0,2.0,1.0,3.0,9.0,1.0,1.0,12.0,3.0,38.0,75
421380,2013,0.0,0.0,0.0,0.0,0.0,0.0,0.0,0.0,0.0,0.0,46.0,87
421380,2014,4.0,0.0,0.0,3.0,1.0,11.0,6.0,1.0,15.0,7.0,48.0,73
421380,2015,2.0,0.0,0.0,3.0,2.0,28.0,7.0,2.0,17.0,3.0,65.0,95
421380,2016,10.0,0.0,4.0,1.0,2.0,36.0,5.0,0.0,18.0,7.0,86.0,119
421380,2017,4.0,1.0,3.0,1.0,0.0,24.0,7.0,3.0,13.0,2.0,59.0,98
421380,2018,4.0,0.0,0.0,1.0,3.0,25.0,7.0,0.0,18.0,1.0,60.0,96
421380,2019,2.0,0.0,2.0,6.0,0.0,27.0,4.0,2.0,15.0,2.0,62.0,101
421390,2012,2.0,1.0,2.0,0.0,0.0,1.0,0.0,0.0,5.0,1.0,12.0,13
421390,2013,0.0,0.0,0.0,0.0,0.0,0.0,0.0,0.0,0.0,0.0,12.0,16
421390,2014,0.0,0.0,0.0,0.0,1.0,3.0,3.0,0.0,4.0,2.0,13.0,17
421390,2015,1.0,0.0,0.0,0.0,1.0,2.0,1.0,0.0,2.0,0.0,7.0,11
421390,2016,4.0,0.0,0.0,0.0,0.0,1.0,1.0,0.0,4.0,1.0,11.0,14
421390,2017,1.0,0.0,2.0,1.0,0.0,3.0,2.0,1.0,5.0,2.0,17.0,18
421390,2018,3.0,0.0,2.0,0.0,0.0,4.0,2.0,1.0,3.0,3.0,18.0,22
421390,2019,1.0,0.0,0.0,0.0,1.0,6.0,1.0,0.0,3.0,0.0,12.0,16
421400,2012,5.0,0.0,4.0,3.0,7.0,30.0,8.0,8.0,33.0,25.0,139.0,215
421400,2013,0.0,0.0,0.0,0.0,0.0,0.0,0.0,0.0,0.0,0.0,154.0,219
421400,2014,4.0,0.0,2.0,4.0,6.0,39.0,5.0,7.0,17.0,8.0,123.0,203
421400,2015,11.0,0.0,0.0,4.0,2.0,60.0,9.0,5.0,31.0,22.0,150.0,262
421400,2016,11.0,0.0,2.0,3.0,3.0,52.0,17.0,1.0,48.0,5.0,142.0,232
421400,2017,6.0,0.0,6.0,3.0,4.0,55.0,9.0,2.0,36.0,7.0,128.0,216
421400,2018,12.0,0.0,3.0,3.0,6.0,56.0,14.0,4.0,30.0,8.0,136.0,240
421400,2019,13.0,1.0,6.0,4.0,8.0,55.0,8.0,2.0,36.0,3.0,139.0,273
421410,2012,0.0,0.0,0.0,0.0,1.0,4.0,1.0,1.0,6.0,2.0,15.0,22
421410,2013,0.0,0.0,0.0,0.0,0.0,0.0,0.0,0.0,0.0,0.0,17.0,27
421410,2014,1.0,0.0,0.0,2.0,1.0,4.0,3.0,0.0,5.0,2.0,18.0,30
421410,2015,1.0,0.0,0.0,0.0,0.0,5.0,1.0,1.0,0.0,2.0,10.0,26
421410,2016,1.0,0.0,0.0,0.0,0.0,6.0,6.0,2.0,2.0,0.0,17.0,35
421410,2017,1.0,0.0,0.0,0.0,1.0,4.0,2.0,1.0,3.0,2.0,14.0,23
421410,2018,0.0,0.0,0.0,1.0,0.0,3.0,0.0,0.0,5.0,0.0,9.0,20
421410,2019,0.0,0.0,0.0,0.0,0.0,3.0,3.0,0.0,5.0,0.0,11.0,27
421415,2012,3.0,0.0,0.0,0.0,1.0,5.0,1.0,1.0,3.0,0.0,23.0,34
421415,2013,0.0,0.0,0.0,0.0,0.0,0.0,0.0,0.0,0.0,0.0,18.0,31
421415,2014,1.0,0.0,0.0,0.0,2.0,3.0,2.0,1.0,8.0,1.0,18.0,28
421415,2015,0.0,0.0,0.0,1.0,1.0,8.0,0.0,0.0,6.0,2.0,18.0,34
421415,2016,3.0,0.0,0.0,0.0,0.0,3.0,1.0,0.0,4.0,2.0,13.0,33
421415,2017,1.0,0.0,2.0,1.0,0.0,4.0,1.0,0.0,7.0,0.0,16.0,35
421415,2018,1.0,0.0,0.0,3.0,1.0,10.0,1.0,0.0,0.0,2.0,19.0,36
421415,2019,1.0,0.0,0.0,1.0,2.0,13.0,5.0,1.0,5.0,1.0,29.0,42
421420,2012,10.0,0.0,2.0,4.0,1.0,29.0,0.0,1.0,8.0,3.0,92.0,127
421420,2013,0.0,0.0,0.0,0.0,0.0,0.0,0.0,0.0,0.0,0.0,120.0,149
421420,2014,6.0,0.0,5.0,1.0,1.0,39.0,4.0,4.0,22.0,22.0,104.0,126
421420,2015,9.0,1.0,2.0,1.0,2.0,28.0,9.0,7.0,21.0,18.0,99.0,112
421420,2016,10.0,0.0,0.0,1.0,3.0,34.0,14.0,6.0,28.0,19.0,115.0,137
421420,2017,11.0,0.0,2.0,5.0,3.0,40.0,9.0,3.0,31.0,17.0,122.0,143
421420,2018,12.0,0.0,4.0,4.0,2.0,39.0,10.0,8.0,32.0,17.0,130.0,147
421420,2019,12.0,2.0,4.0,1.0,3.0,42.0,8.0,4.0,19.0,7.0,102.0,127
421430,2012,1.0,1.0,0.0,0.0,0.0,8.0,1.0,0.0,6.0,1.0,19.0,31
421430,2013,0.0,0.0,0.0,0.0,0.0,0.0,0.0,0.0,0.0,0.0,17.0,24
421430,2014,3.0,0.0,2.0,1.0,0.0,5.0,0.0,1.0,3.0,0.0,15.0,25
421430,2015,3.0,0.0,0.0,2.0,0.0,6.0,2.0,0.0,5.0,2.0,20.0,30
421430,2016,1.0,0.0,0.0,0.0,3.0,2.0,0.0,1.0,3.0,4.0,16.0,30
421430,2017,0.0,0.0,0.0,1.0,0.0,9.0,2.0,1.0,4.0,2.0,19.0,33
421430,2018,0.0,0.0,0.0,0.0,1.0,6.0,1.0,1.0,3.0,2.0,16.0,27
421430,2019,2.0,0.0,0.0,0.0,2.0,8.0,1.0,0.0,6.0,2.0,21.0,44
421440,2012,3.0,1.0,0.0,0.0,2.0,10.0,3.0,1.0,14.0,2.0,36.0,59
421440,2013,0.0,0.0,0.0,0.0,0.0,0.0,0.0,0.0,0.0,0.0,36.0,61
421440,2014,6.0,0.0,5.0,1.0,1.0,11.0,5.0,1.0,17.0,2.0,51.0,85
421440,2015,2.0,0.0,4.0,3.0,0.0,15.0,5.0,5.0,9.0,5.0,48.0,75
421440,2016,6.0,0.0,0.0,1.0,1.0,11.0,3.0,4.0,9.0,9.0,44.0,71
421440,2017,5.0,0.0,2.0,2.0,2.0,24.0,2.0,5.0,6.0,6.0,54.0,75
421440,2018,8.0,0.0,0.0,1.0,0.0,18.0,0.0,1.0,6.0,3.0,38.0,75
421440,2019,4.0,0.0,2.0,2.0,0.0,25.0,4.0,4.0,5.0,4.0,51.0,69
421450,2012,3.0,0.0,4.0,2.0,1.0,9.0,2.0,1.0,5.0,3.0,34.0,87
421450,2013,0.0,0.0,0.0,0.0,0.0,0.0,0.0,0.0,0.0,0.0,17.0,63
421450,2014,0.0,1.0,0.0,3.0,0.0,7.0,1.0,1.0,3.0,2.0,19.0,82
421450,2015,2.0,0.0,0.0,3.0,1.0,9.0,1.0,2.0,4.0,3.0,25.0,85
421450,2016,1.0,0.0,2.0,2.0,0.0,9.0,1.0,1.0,6.0,0.0,22.0,81
421450,2017,7.0,0.0,4.0,2.0,0.0,13.0,3.0,0.0,14.0,3.0,46.0,94
421450,2018,2.0,0.0,1.0,2.0,1.0,7.0,6.0,0.0,10.0,2.0,31.0,87
421450,2019,2.0,0.0,0.0,3.0,0.0,11.0,5.0,0.0,7.0,0.0,28.0,84
421460,2012,1.0,0.0,2.0,3.0,2.0,12.0,5.0,2.0,6.0,8.0,42.0,72
421460,2013,0.0,0.0,0.0,0.0,0.0,0.0,0.0,0.0,0.0,0.0,47.0,82
421460,2014,4.0,0.0,2.0,2.0,1.0,14.0,2.0,3.0,15.0,4.0,49.0,85
421460,2015,2.0,0.0,1.0,2.0,4.0,21.0,3.0,0.0,12.0,5.0,50.0,87
421460,2016,3.0,1.0,0.0,2.0,2.0,16.0,4.0,2.0,10.0,2.0,42.0,84
421460,2017,3.0,1.0,2.0,4.0,1.0,26.0,3.0,3.0,21.0,7.0,71.0,112
421460,2018,3.0,0.0,7.0,0.0,1.0,14.0,5.0,0.0,10.0,1.0,41.0,75
421460,2019,4.0,0.0,2.0,3.0,1.0,21.0,5.0,0.0,11.0,0.0,50.0,107
421470,2012,7.0,0.0,2.0,3.0,0.0,24.0,0.0,0.0,22.0,7.0,69.0,115
421470,2013,0.0,0.0,0.0,0.0,0.0,0.0,0.0,0.0,0.0,0.0,80.0,109
421470,2014,7.0,0.0,6.0,1.0,3.0,39.0,5.0,3.0,21.0,6.0,91.0,127
421470,2015,9.0,0.0,0.0,3.0,1.0,25.0,7.0,4.0,15.0,13.0,77.0,119
421470,2016,5.0,0.0,2.0,1.0,2.0,21.0,3.0,3.0,19.0,5.0,61.0,104
421470,2017,5.0,0.0,2.0,2.0,2.0,27.0,3.0,0.0,14.0,4.0,59.0,99
421470,2018,5.0,1.0,1.0,0.0,2.0,26.0,4.0,4.0,19.0,5.0,67.0,127
421470,2019,4.0,0.0,4.0,1.0,2.0,18.0,9.0,2.0,19.0,6.0,65.0,109
421480,2012,37.0,3.0,17.0,14.0,23.0,160.0,36.0,11.0,171.0,36.0,510.0,895
421480,2013,0.0,0.0,0.0,0.0,0.0,0.0,0.0,0.0,0.0,0.0,575.0,935
421480,2014,36.0,4.0,13.0,13.0,16.0,168.0,53.0,10.0,133.0,40.0,488.0,868
421480,2015,39.0,2.0,24.0,15.0,15.0,174.0,47.0,14.0,151.0,44.0,526.0,951
421480,2016,35.0,1.0,27.0,20.0,17.0,182.0,57.0,12.0,144.0,36.0,531.0,926
421480,2017,32.0,2.0,17.0,18.0,27.0,185.0,58.0,17.0,128.0,39.0,523.0,905
421480,2018,48.0,0.0,12.0,21.0,22.0,173.0,49.0,10.0,134.0,34.0,503.0,924
421480,2019,22.0,2.0,18.0,13.0,19.0,176.0,27.0,13.0,139.0,38.0,469.0,931
421490,2012,1.0,0.0,0.0,0.0,1.0,17.0,1.0,2.0,12.0,5.0,39.0,51
421490,2013,0.0,0.0,0.0,0.0,0.0,0.0,0.0,0.0,0.0,0.0,38.0,52
421490,2014,2.0,1.0,0.0,0.0,0.0,8.0,2.0,1.0,13.0,1.0,28.0,42
421490,2015,3.0,1.0,0.0,0.0,1.0,13.0,9.0,1.0,14.0,3.0,45.0,75
421490,2016,1.0,0.0,0.0,0.0,1.0,12.0,0.0,0.0,16.0,4.0,34.0,52
421490,2017,2.0,0.0,2.0,1.0,0.0,17.0,4.0,3.0,13.0,9.0,52.0,77
421490,2018,3.0,0.0,0.0,1.0,0.0,16.0,3.0,5.0,5.0,3.0,36.0,61
421490,2019,2.0,0.0,0.0,0.0,2.0,11.0,2.0,1.0,11.0,6.0,35.0,56
421500,2012,26.0,3.0,7.0,11.0,7.0,92.0,28.0,6.0,98.0,29.0,310.0,554
421500,2013,0.0,0.0,0.0,0.0,0.0,0.0,0.0,0.0,0.0,0.0,330.0,539
421500,2014,26.0,1.0,25.0,11.0,5.0,114.0,44.0,23.0,104.0,30.0,384.0,585
421500,2015,24.0,5.0,7.0,17.0,10.0,105.0,41.0,12.0,118.0,40.0,380.0,610
421500,2016,35.0,1.0,18.0,8.0,5.0,113.0,50.0,8.0,133.0,23.0,394.0,615
421500,2017,30.0,1.0,6.0,9.0,8.0,136.0,53.0,13.0,97.0,40.0,393.0,595
421500,2018,29.0,0.0,8.0,8.0,4.0,143.0,43.0,13.0,121.0,26.0,403.0,580
421500,2019,26.0,1.0,12.0,6.0,2.0,132.0,25.0,15.0,96.0,20.0,356.0,540
421505,2012,3.0,0.0,0.0,0.0,0.0,5.0,0.0,0.0,3.0,1.0,14.0,22
421505,2013,0.0,0.0,0.0,0.0,0.0,0.0,0.0,0.0,0.0,0.0,8.0,22
421505,2014,1.0,0.0,2.0,0.0,0.0,8.0,1.0,1.0,2.0,1.0,16.0,33
421505,2015,2.0,0.0,0.0,0.0,0.0,4.0,2.0,1.0,2.0,4.0,15.0,34
421505,2016,4.0,0.0,2.0,0.0,2.0,5.0,0.0,1.0,2.0,3.0,19.0,35
421505,2017,1.0,0.0,2.0,1.0,0.0,4.0,2.0,0.0,2.0,2.0,14.0,29
421505,2018,1.0,0.0,0.0,2.0,0.0,3.0,1.0,1.0,2.0,0.0,10.0,27
421505,2019,0.0,1.0,2.0,1.0,0.0,8.0,2.0,1.0,3.0,2.0,20.0,41
421507,2012,1.0,0.0,0.0,0.0,0.0,3.0,4.0,0.0,12.0,1.0,35.0,53
421507,2013,0.0,0.0,0.0,0.0,0.0,0.0,0.0,0.0,0.0,0.0,32.0,39
421507,2014,3.0,0.0,0.0,1.0,2.0,15.0,6.0,1.0,8.0,5.0,44.0,54
421507,2015,4.0,0.0,0.0,2.0,3.0,15.0,5.0,0.0,8.0,6.0,43.0,60
421507,2016,1.0,0.0,0.0,1.0,0.0,13.0,4.0,4.0,4.0,3.0,30.0,41
421507,2017,5.0,0.0,0.0,0.0,1.0,18.0,4.0,3.0,6.0,5.0,42.0,56
421507,2018,2.0,1.0,5.0,2.0,2.0,10.0,0.0,3.0,10.0,6.0,41.0,57
421507,2019,4.0,0.0,0.0,2.0,3.0,10.0,2.0,0.0,10.0,2.0,33.0,52
421510,2012,5.0,0.0,4.0,0.0,1.0,21.0,1.0,0.0,21.0,7.0,62.0,93
421510,2013,0.0,0.0,0.0,0.0,0.0,0.0,0.0,0.0,0.0,0.0,79.0,114
421510,2014,6.0,0.0,2.0,1.0,3.0,16.0,7.0,3.0,26.0,7.0,71.0,110
421510,2015,6.0,0.0,6.0,0.0,1.0,23.0,4.0,2.0,28.0,11.0,81.0,131
421510,2016,3.0,0.0,2.0,1.0,2.0,26.0,7.0,4.0,27.0,9.0,81.0,120
421510,2017,4.0,1.0,5.0,1.0,3.0,31.0,7.0,2.0,26.0,5.0,85.0,133
421510,2018,12.0,0.0,0.0,4.0,4.0,29.0,6.0,4.0,20.0,5.0,84.0,133
421510,2019,15.0,1.0,0.0,4.0,1.0,27.0,8.0,3.0,26.0,9.0,94.0,128
421520,2012,4.0,0.0,4.0,1.0,2.0,9.0,1.0,0.0,6.0,1.0,31.0,58
421520,2013,0.0,0.0,0.0,0.0,0.0,0.0,0.0,0.0,0.0,0.0,26.0,49
421520,2014,2.0,0.0,2.0,0.0,1.0,7.0,3.0,3.0,10.0,4.0,32.0,46
421520,2015,1.0,0.0,2.0,1.0,0.0,11.0,2.0,0.0,10.0,1.0,28.0,39
421520,2016,3.0,0.0,2.0,1.0,0.0,6.0,3.0,0.0,9.0,1.0,25.0,46
421520,2017,3.0,0.0,0.0,0.0,1.0,11.0,0.0,3.0,4.0,3.0,25.0,47
421520,2018,0.0,0.0,9.0,3.0,1.0,6.0,1.0,0.0,9.0,1.0,30.0,43
421520,2019,4.0,0.0,0.0,1.0,2.0,15.0,2.0,0.0,7.0,1.0,33.0,50
421530,2012,1.0,0.0,0.0,1.0,2.0,6.0,1.0,2.0,1.0,4.0,27.0,71
421530,2013,0.0,0.0,0.0,0.0,0.0,0.0,0.0,0.0,0.0,0.0,54.0,94
421530,2014,4.0,0.0,0.0,1.0,2.0,15.0,0.0,5.0,2.0,10.0,39.0,86
421530,2015,3.0,0.0,0.0,1.0,0.0,9.0,2.0,2.0,8.0,3.0,28.0,86
421530,2016,3.0,0.0,0.0,0.0,1.0,17.0,10.0,1.0,8.0,1.0,41.0,98
421530,2017,1.0,0.0,5.0,3.0,1.0,9.0,4.0,0.0,9.0,1.0,33.0,83
421530,2018,3.0,0.0,0.0,3.0,0.0,20.0,6.0,2.0,9.0,6.0,49.0,97
421530,2019,6.0,0.0,0.0,2.0,1.0,25.0,6.0,3.0,11.0,3.0,57.0,104
421535,2012,2.0,0.0,4.0,0.0,0.0,6.0,2.0,1.0,3.0,0.0,19.0,39
421535,2013,0.0,0.0,0.0,0.0,0.0,0.0,0.0,0.0,0.0,0.0,28.0,46
421535,2014,3.0,0.0,0.0,2.0,1.0,9.0,2.0,3.0,5.0,5.0,30.0,54
421535,2015,5.0,0.0,1.0,1.0,0.0,15.0,3.0,2.0,9.0,2.0,38.0,59
421535,2016,2.0,0.0,0.0,2.0,0.0,9.0,6.0,0.0,7.0,2.0,28.0,40
421535,2017,3.0,0.0,2.0,0.0,2.0,9.0,4.0,1.0,5.0,2.0,28.0,46
421535,2018,0.0,1.0,0.0,0.0,0.0,2.0,1.0,0.0,6.0,7.0,17.0,30
421535,2019,5.0,0.0,0.0,0.0,1.0,15.0,4.0,0.0,4.0,2.0,31.0,43
421540,2012,5.0,0.0,4.0,0.0,0.0,13.0,0.0,1.0,11.0,6.0,46.0,64
421540,2013,0.0,0.0,0.0,0.0,0.0,0.0,0.0,0.0,0.0,0.0,40.0,58
421540,2014,4.0,0.0,0.0,1.0,1.0,11.0,1.0,1.0,16.0,3.0,42.0,53
421540,2015,5.0,0.0,2.0,1.0,0.0,17.0,3.0,1.0,11.0,2.0,42.0,57
421540,2016,2.0,0.0,3.0,0.0,0.0,13.0,3.0,2.0,11.0,4.0,39.0,56
421540,2017,2.0,0.0,2.0,1.0,0.0,12.0,3.0,1.0,7.0,3.0,31.0,43
421540,2018,4.0,0.0,0.0,0.0,0.0,14.0,2.0,0.0,9.0,4.0,33.0,52
421540,2019,2.0,0.0,0.0,4.0,1.0,18.0,2.0,1.0,9.0,1.0,39.0,55
421545,2012,11.0,1.0,0.0,4.0,2.0,28.0,5.0,1.0,27.0,9.0,92.0,176
421545,2013,0.0,0.0,0.0,0.0,0.0,0.0,0.0,0.0,0.0,0.0,114.0,204
421545,2014,9.0,12.0,5.0,6.0,2.0,43.0,13.0,0.0,19.0,2.0,119.0,211
421545,2015,6.0,9.0,3.0,4.0,3.0,35.0,11.0,1.0,32.0,3.0,107.0,197
421545,2016,13.0,3.0,4.0,7.0,2.0,46.0,13.0,0.0,35.0,3.0,126.0,203
421545,2017,12.0,4.0,6.0,4.0,5.0,41.0,7.0,3.0,17.0,8.0,107.0,211
421545,2018,11.0,2.0,6.0,2.0,3.0,48.0,7.0,2.0,12.0,4.0,97.0,173
421545,2019,7.0,0.0,4.0,6.0,1.0,53.0,7.0,4.0,21.0,5.0,108.0,192
421550,2012,16.0,2.0,6.0,6.0,2.0,75.0,1.0,3.0,12.0,15.0,205.0,304
421550,2013,0.0,0.0,0.0,0.0,0.0,0.0,0.0,0.0,0.0,0.0,199.0,317
421550,2014,8.0,0.0,11.0,3.0,1.0,106.0,2.0,5.0,6.0,9.0,155.0,251
421550,2015,5.0,0.0,2.0,3.0,2.0,135.0,7.0,0.0,11.0,1.0,166.0,308
421550,2016,9.0,0.0,0.0,10.0,1.0,142.0,2.0,4.0,4.0,1.0,174.0,287
421550,2017,12.0,0.0,4.0,3.0,0.0,173.0,8.0,14.0,5.0,1.0,220.0,303
421550,2018,16.0,0.0,10.0,6.0,0.0,188.0,10.0,9.0,4.0,1.0,244.0,321
421550,2019,11.0,2.0,6.0,1.0,0.0,172.0,6.0,3.0,4.0,2.0,208.0,297
421555,2012,2.0,0.0,0.0,2.0,2.0,4.0,1.0,0.0,4.0,4.0,19.0,24
421555,2013,0.0,0.0,0.0,0.0,0.0,0.0,0.0,0.0,0.0,0.0,15.0,26
421555,2014,0.0,0.0,0.0,1.0,0.0,8.0,0.0,0.0,3.0,3.0,15.0,18
421555,2015,1.0,0.0,0.0,1.0,1.0,5.0,0.0,0.0,3.0,3.0,14.0,25
421555,2016,1.0,0.0,0.0,2.0,0.0,3.0,0.0,0.0,3.0,1.0,10.0,19
421555,2017,1.0,2.0,0.0,1.0,0.0,4.0,1.0,0.0,5.0,0.0,14.0,28
421555,2018,1.0,0.0,0.0,0.0,0.0,8.0,3.0,0.0,10.0,0.0,23.0,34
421555,2019,1.0,0.0,0.0,0.0,1.0,9.0,2.0,0.0,4.0,3.0,21.0,25
421560,2012,1.0,0.0,0.0,0.0,0.0,1.0,0.0,0.0,7.0,0.0,9.0,15
421560,2013,0.0,0.0,0.0,0.0,0.0,0.0,0.0,0.0,0.0,0.0,19.0,21
421560,2014,0.0,0.0,0.0,1.0,1.0,4.0,4.0,0.0,4.0,0.0,14.0,19
421560,2015,0.0,0.0,0.0,0.0,0.0,6.0,2.0,0.0,5.0,1.0,14.0,22
421560,2016,1.0,1.0,1.0,0.0,0.0,7.0,1.0,0.0,4.0,1.0,16.0,28
421560,2017,3.0,0.0,2.0,1.0,0.0,5.0,1.0,0.0,4.0,2.0,18.0,27
421560,2018,0.0,0.0,0.0,0.0,0.0,4.0,0.0,1.0,1.0,2.0,8.0,14
421560,2019,4.0,0.0,0.0,0.0,0.0,4.0,1.0,0.0,7.0,1.0,17.0,22
421565,2012,3.0,0.0,4.0,1.0,3.0,8.0,4.0,4.0,5.0,6.0,45.0,92
421565,2013,0.0,0.0,0.0,0.0,0.0,0.0,0.0,0.0,0.0,0.0,53.0,98
421565,2014,7.0,1.0,0.0,2.0,0.0,14.0,5.0,3.0,19.0,3.0,55.0,94
421565,2015,3.0,1.0,0.0,4.0,4.0,14.0,11.0,4.0,17.0,1.0,59.0,101
421565,2016,6.0,0.0,5.0,1.0,2.0,25.0,11.0,1.0,18.0,5.0,77.0,122
421565,2017,6.0,0.0,6.0,1.0,2.0,24.0,11.0,2.0,14.0,3.0,69.0,111
421565,2018,6.0,1.0,2.0,2.0,1.0,26.0,6.0,6.0,14.0,2.0,66.0,132
421565,2019,7.0,0.0,4.0,4.0,1.0,25.0,5.0,3.0,19.0,2.0,70.0,113
421567,2012,2.0,1.0,0.0,1.0,3.0,9.0,6.0,3.0,9.0,5.0,43.0,83
421567,2013,0.0,0.0,0.0,0.0,0.0,0.0,0.0,0.0,0.0,0.0,57.0,95
421567,2014,2.0,2.0,0.0,2.0,2.0,11.0,1.0,3.0,7.0,13.0,45.0,90
421567,2015,2.0,0.0,0.0,1.0,1.0,9.0,6.0,2.0,6.0,4.0,31.0,95
421567,2016,2.0,0.0,0.0,1.0,1.0,12.0,5.0,4.0,9.0,5.0,40.0,93
421567,2017,1.0,0.0,0.0,1.0,0.0,10.0,4.0,1.0,5.0,3.0,25.0,86
421567,2018,2.0,0.0,2.0,1.0,2.0,14.0,4.0,1.0,13.0,2.0,43.0,99
421567,2019,3.0,0.0,0.0,3.0,1.0,14.0,8.0,2.0,5.0,2.0,42.0,90
421568,2012,1.0,0.0,0.0,1.0,1.0,5.0,1.0,0.0,0.0,4.0,13.0,26
421568,2013,0.0,0.0,0.0,0.0,0.0,0.0,0.0,0.0,0.0,0.0,20.0,36
421568,2014,2.0,0.0,5.0,1.0,0.0,7.0,1.0,3.0,4.0,4.0,27.0,34
421568,2015,1.0,0.0,1.0,0.0,0.0,5.0,2.0,1.0,6.0,2.0,18.0,32
421568,2016,1.0,0.0,0.0,1.0,0.0,9.0,4.0,1.0,8.0,3.0,27.0,34
421568,2017,3.0,0.0,0.0,0.0,0.0,16.0,3.0,2.0,5.0,0.0,29.0,41
421568,2018,1.0,0.0,4.0,1.0,0.0,10.0,3.0,0.0,8.0,1.0,28.0,44
421568,2019,0.0,0.0,0.0,1.0,1.0,5.0,3.0,0.0,4.0,1.0,15.0,21
421569,2012,2.0,0.0,0.0,0.0,0.0,11.0,1.0,0.0,2.0,0.0,19.0,24
421569,2013,0.0,0.0,0.0,0.0,0.0,0.0,0.0,0.0,0.0,0.0,8.0,11
421569,2014,2.0,0.0,2.0,0.0,0.0,9.0,1.0,0.0,3.0,5.0,23.0,26
421569,2015,2.0,0.0,0.0,1.0,1.0,5.0,0.0,0.0,6.0,2.0,17.0,20
421569,2016,2.0,0.0,0.0,0.0,1.0,6.0,1.0,0.0,4.0,2.0,16.0,19
421569,2017,0.0,0.0,0.0,0.0,0.0,6.0,0.0,1.0,3.0,0.0,10.0,13
421569,2018,2.0,0.0,0.0,0.0,0.0,4.0,0.0,1.0,2.0,4.0,14.0,16
421569,2019,0.0,0.0,0.0,0.0,0.0,6.0,2.0,1.0,3.0,3.0,15.0,18
421570,2012,14.0,0.0,13.0,2.0,3.0,40.0,8.0,7.0,39.0,20.0,157.0,257
421570,2013,0.0,0.0,0.0,0.0,0.0,0.0,0.0,0.0,0.0,0.0,174.0,300
421570,2014,13.0,1.0,8.0,4.0,5.0,47.0,18.0,8.0,46.0,5.0,157.0,290
421570,2015,16.0,1.0,4.0,7.0,7.0,58.0,18.0,3.0,45.0,18.0,177.0,311
421570,2016,7.0,1.0,7.0,7.0,11.0,50.0,17.0,2.0,45.0,16.0,166.0,302
421570,2017,13.0,1.0,7.0,6.0,4.0,59.0,11.0,7.0,40.0,22.0,174.0,332
421570,2018,11.0,0.0,2.0,6.0,3.0,63.0,13.0,12.0,31.0,22.0,172.0,338
421570,2019,9.0,0.0,3.0,1.0,2.0,66.0,11.0,11.0,38.0,11.0,158.0,320
421575,2012,2.0,0.0,2.0,0.0,0.0,10.0,3.0,1.0,4.0,6.0,28.0,40
421575,2013,0.0,0.0,0.0,0.0,0.0,0.0,0.0,0.0,0.0,0.0,19.0,34
421575,2014,1.0,0.0,0.0,0.0,0.0,8.0,2.0,3.0,5.0,4.0,23.0,37
421575,2015,2.0,0.0,0.0,1.0,0.0,8.0,4.0,4.0,7.0,2.0,28.0,50
421575,2016,1.0,0.0,0.0,0.0,0.0,13.0,0.0,6.0,0.0,7.0,27.0,39
421575,2017,2.0,0.0,1.0,0.0,0.0,8.0,1.0,4.0,2.0,4.0,22.0,26
421575,2018,1.0,0.0,0.0,0.0,0.0,11.0,3.0,1.0,6.0,2.0,24.0,45
421575,2019,1.0,0.0,0.0,0.0,1.0,6.0,0.0,4.0,3.0,8.0,23.0,38
421580,2012,82.0,0.0,21.0,3.0,6.0,229.0,111.0,9.0,348.0,49.0,865.0,1180
421580,2013,0.0,0.0,0.0,0.0,0.0,0.0,0.0,0.0,0.0,0.0,874.0,1172
421580,2014,59.0,0.0,16.0,19.0,12.0,263.0,119.0,24.0,290.0,60.0,865.0,1185
421580,2015,62.0,0.0,13.0,20.0,31.0,294.0,87.0,44.0,210.0,88.0,849.0,1154
421580,2016,75.0,2.0,22.0,14.0,27.0,267.0,104.0,14.0,234.0,36.0,796.0,1099
421580,2017,65.0,1.0,16.0,29.0,23.0,292.0,66.0,23.0,204.0,66.0,785.0,1087
421580,2018,64.0,2.0,13.0,22.0,15.0,280.0,71.0,32.0,216.0,63.0,783.0,1081
421580,2019,54.0,0.0,19.0,21.0,19.0,302.0,47.0,46.0,117.0,110.0,749.0,1041
421590,2012,1.0,1.0,0.0,0.0,0.0,7.0,0.0,0.0,5.0,2.0,17.0,20
421590,2013,0.0,0.0,0.0,0.0,0.0,0.0,0.0,0.0,0.0,0.0,14.0,19
421590,2014,1.0,1.0,0.0,1.0,1.0,8.0,3.0,0.0,4.0,1.0,20.0,24
421590,2015,1.0,0.0,2.0,1.0,1.0,7.0,4.0,0.0,3.0,1.0,20.0,26
421590,2016,1.0,0.0,0.0,1.0,1.0,8.0,1.0,0.0,4.0,1.0,17.0,29
421590,2017,0.0,2.0,0.0,1.0,1.0,6.0,2.0,0.0,3.0,1.0,16.0,26
421590,2018,0.0,0.0,0.0,1.0,1.0,3.0,1.0,1.0,1.0,2.0,10.0,17
421590,2019,0.0,0.0,0.0,0.0,0.0,3.0,1.0,1.0,3.0,1.0,9.0,24
421600,2012,10.0,1.0,2.0,3.0,2.0,14.0,3.0,0.0,13.0,7.0,92.0,122
421600,2013,0.0,0.0,0.0,0.0,0.0,0.0,0.0,0.0,0.0,0.0,92.0,123
421600,2014,14.0,0.0,4.0,0.0,0.0,31.0,13.0,2.0,21.0,15.0,100.0,128
421600,2015,4.0,2.0,3.0,3.0,0.0,33.0,12.0,0.0,27.0,4.0,88.0,111
421600,2016,12.0,1.0,4.0,2.0,2.0,28.0,7.0,1.0,29.0,1.0,87.0,120
421600,2017,8.0,4.0,0.0,1.0,4.0,39.0,5.0,2.0,38.0,9.0,110.0,146
421600,2018,12.0,2.0,2.0,1.0,2.0,39.0,6.0,2.0,19.0,5.0,92.0,134
421600,2019,8.0,4.0,4.0,1.0,3.0,30.0,8.0,2.0,24.0,11.0,100.0,150
421605,2012,1.0,1.0,0.0,3.0,1.0,10.0,0.0,1.0,2.0,8.0,37.0,74
421605,2013,0.0,0.0,0.0,0.0,0.0,0.0,0.0,0.0,0.0,0.0,39.0,60
421605,2014,1.0,0.0,4.0,1.0,1.0,12.0,2.0,2.0,8.0,5.0,37.0,79
421605,2015,5.0,1.0,1.0,0.0,0.0,9.0,2.0,0.0,6.0,3.0,28.0,74
421605,2016,4.0,0.0,2.0,3.0,1.0,12.0,5.0,0.0,10.0,2.0,39.0,78
421605,2017,5.0,0.0,3.0,1.0,0.0,13.0,1.0,1.0,13.0,3.0,40.0,76
421605,2018,7.0,0.0,2.0,2.0,0.0,16.0,3.0,0.0,5.0,4.0,39.0,87
421605,2019,4.0,0.0,2.0,1.0,1.0,20.0,9.0,2.0,3.0,1.0,43.0,82
421610,2012,2.0,0.0,0.0,0.0,0.0,5.0,3.0,0.0,6.0,4.0,55.0,87
421610,2013,0.0,0.0,0.0,0.0,0.0,0.0,0.0,0.0,0.0,0.0,93.0,129
421610,2014,3.0,0.0,2.0,1.0,1.0,15.0,5.0,2.0,12.0,11.0,77.0,117
421610,2015,2.0,0.0,1.0,2.0,0.0,26.0,5.0,5.0,17.0,14.0,88.0,130
421610,2016,1.0,0.0,0.0,0.0,1.0,22.0,9.0,6.0,15.0,11.0,65.0,104
421610,2017,2.0,0.0,2.0,0.0,2.0,29.0,2.0,3.0,12.0,19.0,72.0,116
421610,2018,3.0,0.0,2.0,3.0,1.0,29.0,4.0,4.0,10.0,23.0,79.0,120
421610,2019,12.0,0.0,4.0,1.0,0.0,27.0,6.0,2.0,19.0,13.0,84.0,131
421620,2012,31.0,3.0,16.0,9.0,14.0,119.0,23.0,9.0,80.0,26.0,335.0,631
421620,2013,0.0,0.0,0.0,0.0,0.0,0.0,0.0,0.0,0.0,0.0,365.0,627
421620,2014,25.0,0.0,11.0,7.0,10.0,118.0,44.0,15.0,79.0,26.0,337.0,641
421620,2015,28.0,1.0,11.0,10.0,7.0,124.0,42.0,17.0,105.0,45.0,397.0,666
421620,2016,30.0,0.0,7.0,8.0,7.0,154.0,45.0,10.0,81.0,41.0,383.0,640
421620,2017,34.0,2.0,13.0,6.0,10.0,159.0,43.0,15.0,97.0,35.0,415.0,701
421620,2018,25.0,1.0,10.0,13.0,12.0,163.0,44.0,10.0,84.0,18.0,380.0,661
421620,2019,25.0,5.0,15.0,14.0,12.0,143.0,30.0,16.0,95.0,27.0,383.0,696
421625,2012,4.0,0.0,2.0,1.0,0.0,6.0,1.0,1.0,8.0,7.0,44.0,71
421625,2013,0.0,0.0,0.0,0.0,0.0,0.0,0.0,0.0,0.0,0.0,37.0,55
421625,2014,2.0,0.0,2.0,0.0,1.0,4.0,2.0,2.0,5.0,6.0,37.0,55
421625,2015,0.0,1.0,0.0,2.0,3.0,7.0,2.0,1.0,10.0,2.0,29.0,67
421625,2016,1.0,2.0,2.0,0.0,0.0,11.0,3.0,1.0,11.0,4.0,35.0,70
421625,2017,3.0,0.0,0.0,1.0,0.0,13.0,6.0,3.0,13.0,2.0,41.0,64
421625,2018,1.0,0.0,1.0,1.0,0.0,10.0,6.0,0.0,13.0,3.0,37.0,57
421625,2019,0.0,0.0,1.0,0.0,1.0,16.0,4.0,1.0,12.0,4.0,39.0,55
421630,2012,16.0,1.0,6.0,1.0,6.0,56.0,10.0,14.0,47.0,52.0,213.0,372
421630,2013,0.0,0.0,0.0,0.0,0.0,0.0,0.0,0.0,0.0,0.0,271.0,447
421630,2014,20.0,2.0,6.0,9.0,6.0,77.0,22.0,23.0,66.0,46.0,281.0,430
421630,2015,14.0,4.0,7.0,10.0,8.0,100.0,34.0,21.0,60.0,44.0,304.0,465
421630,2016,24.0,0.0,6.0,5.0,5.0,103.0,36.0,19.0,75.0,35.0,310.0,450
421630,2017,20.0,3.0,8.0,11.0,3.0,101.0,39.0,13.0,70.0,27.0,296.0,463
421630,2018,20.0,14.0,3.0,6.0,11.0,124.0,33.0,11.0,72.0,20.0,322.0,511
421630,2019,15.0,3.0,17.0,7.0,1.0,105.0,20.0,26.0,42.0,50.0,303.0,465
421635,2012,1.0,0.0,2.0,2.0,0.0,10.0,1.0,1.0,7.0,0.0,25.0,46
421635,2013,0.0,0.0,0.0,0.0,0.0,0.0,0.0,0.0,0.0,0.0,15.0,31
421635,2014,0.0,0.0,0.0,2.0,0.0,2.0,4.0,1.0,6.0,2.0,17.0,42
421635,2015,1.0,0.0,2.0,2.0,1.0,9.0,2.0,2.0,9.0,0.0,28.0,64
421635,2016,0.0,1.0,2.0,0.0,1.0,9.0,2.0,0.0,5.0,1.0,21.0,57
421635,2017,1.0,0.0,0.0,1.0,0.0,11.0,5.0,0.0,5.0,1.0,24.0,46
421635,2018,1.0,0.0,0.0,0.0,0.0,9.0,1.0,0.0,5.0,1.0,17.0,57
421635,2019,4.0,0.0,4.0,0.0,0.0,9.0,2.0,0.0,3.0,1.0,23.0,62
421640,2012,3.0,0.0,3.0,0.0,2.0,13.0,2.0,1.0,9.0,6.0,45.0,70
421640,2013,0.0,0.0,0.0,0.0,0.0,0.0,0.0,0.0,0.0,0.0,37.0,69
421640,2014,3.0,0.0,0.0,1.0,2.0,18.0,9.0,0.0,10.0,5.0,49.0,87
421640,2015,4.0,0.0,2.0,1.0,1.0,19.0,6.0,3.0,11.0,1.0,48.0,81
421640,2016,4.0,0.0,2.0,1.0,0.0,15.0,4.0,2.0,17.0,1.0,47.0,87
421640,2017,1.0,0.0,0.0,3.0,2.0,21.0,4.0,1.0,18.0,6.0,57.0,105
421640,2018,3.0,0.0,2.0,2.0,2.0,27.0,1.0,1.0,11.0,5.0,54.0,90
421640,2019,8.0,0.0,1.0,1.0,1.0,19.0,2.0,0.0,18.0,5.0,57.0,91
421650,2012,12.0,1.0,0.0,5.0,2.0,47.0,4.0,3.0,48.0,10.0,205.0,344
421650,2013,0.0,0.0,0.0,0.0,0.0,0.0,0.0,0.0,0.0,0.0,179.0,304
421650,2014,24.0,0.0,8.0,6.0,12.0,74.0,22.0,9.0,67.0,19.0,244.0,369
421650,2015,19.0,0.0,6.0,6.0,5.0,85.0,18.0,2.0,75.0,12.0,230.0,368
421650,2016,20.0,0.0,5.0,3.0,6.0,84.0,24.0,4.0,69.0,11.0,226.0,355
421650,2017,19.0,2.0,3.0,5.0,8.0,93.0,18.0,3.0,76.0,11.0,240.0,361
421650,2018,19.0,0.0,8.0,8.0,5.0,81.0,21.0,4.0,56.0,13.0,216.0,389
421650,2019,20.0,0.0,14.0,8.0,6.0,92.0,27.0,5.0,33.0,23.0,228.0,389
421660,2012,166.0,2.0,66.0,37.0,70.0,401.0,82.0,62.0,500.0,247.0,1686.0,2988
421660,2013,0.0,0.0,0.0,0.0,0.0,0.0,0.0,0.0,0.0,0.0,1749.0,3049
421660,2014,126.0,1.0,60.0,61.0,67.0,512.0,185.0,63.0,474.0,190.0,1758.0,3166
421660,2015,138.0,5.0,76.0,66.0,74.0,526.0,178.0,65.0,518.0,172.0,1825.0,3344
421660,2016,118.0,3.0,45.0,62.0,65.0,511.0,191.0,58.0,493.0,168.0,1723.0,3202
421660,2017,144.0,2.0,68.0,46.0,74.0,550.0,187.0,83.0,455.0,183.0,1802.0,3367
421660,2018,119.0,5.0,55.0,72.0,69.0,521.0,159.0,80.0,406.0,219.0,1762.0,3364
421660,2019,116.0,6.0,58.0,45.0,45.0,538.0,146.0,87.0,335.0,243.0,1663.0,3269
421670,2012,6.0,0.0,0.0,0.0,7.0,18.0,4.0,0.0,25.0,12.0,98.0,160
421670,2013,0.0,0.0,0.0,0.0,0.0,0.0,0.0,0.0,0.0,0.0,96.0,163
421670,2014,7.0,3.0,0.0,8.0,4.0,34.0,8.0,4.0,29.0,24.0,123.0,173
421670,2015,6.0,0.0,6.0,7.0,4.0,44.0,12.0,6.0,34.0,15.0,134.0,175
421670,2016,8.0,1.0,2.0,2.0,2.0,41.0,8.0,13.0,24.0,21.0,123.0,180
421670,2017,9.0,0.0,5.0,1.0,2.0,36.0,10.0,10.0,36.0,17.0,126.0,173
421670,2018,11.0,0.0,5.0,7.0,2.0,49.0,9.0,13.0,20.0,23.0,139.0,190
421670,2019,6.0,0.0,5.0,5.0,1.0,50.0,5.0,5.0,34.0,11.0,122.0,176
421680,2012,0.0,0.0,2.0,1.0,0.0,8.0,5.0,1.0,6.0,4.0,35.0,70
421680,2013,0.0,0.0,0.0,0.0,0.0,0.0,0.0,0.0,0.0,0.0,39.0,82
421680,2014,3.0,0.0,0.0,2.0,1.0,11.0,2.0,2.0,9.0,7.0,40.0,85
421680,2015,1.0,0.0,1.0,2.0,0.0,13.0,2.0,3.0,5.0,5.0,33.0,84
421680,2016,3.0,0.0,4.0,1.0,2.0,15.0,3.0,5.0,10.0,6.0,49.0,101
421680,2017,4.0,0.0,2.0,2.0,1.0,15.0,1.0,1.0,9.0,3.0,38.0,84
421680,2018,1.0,0.0,2.0,1.0,2.0,15.0,5.0,2.0,9.0,9.0,46.0,90
421680,2019,1.0,1.0,0.0,1.0,0.0,13.0,4.0,1.0,3.0,2.0,26.0,73
421690,2012,17.0,2.0,4.0,3.0,6.0,63.0,25.0,3.0,88.0,26.0,239.0,326
421690,2013,0.0,0.0,0.0,0.0,0.0,0.0,0.0,0.0,0.0,0.0,236.0,326
421690,2014,14.0,2.0,5.0,3.0,9.0,65.0,31.0,8.0,80.0,19.0,238.0,309
421690,2015,21.0,0.0,4.0,2.0,8.0,93.0,27.0,8.0,68.0,24.0,256.0,342
421690,2016,19.0,0.0,7.0,6.0,3.0,75.0,18.0,9.0,53.0,16.0,207.0,301
421690,2017,12.0,4.0,5.0,9.0,9.0,84.0,20.0,7.0,51.0,10.0,212.0,310
421690,2018,17.0,2.0,13.0,7.0,4.0,98.0,26.0,1.0,67.0,4.0,241.0,345
421690,2019,20.0,0.0,13.0,6.0,4.0,92.0,9.0,5.0,76.0,16.0,246.0,354
421700,2012,19.0,0.0,6.0,5.0,4.0,25.0,4.0,2.0,30.0,14.0,114.0,164
421700,2013,0.0,0.0,0.0,0.0,0.0,0.0,0.0,0.0,0.0,0.0,122.0,182
421700,2014,6.0,3.0,6.0,3.0,1.0,34.0,14.0,3.0,33.0,5.0,115.0,157
421700,2015,10.0,4.0,2.0,5.0,3.0,34.0,10.0,4.0,31.0,7.0,111.0,184
421700,2016,7.0,2.0,0.0,2.0,10.0,41.0,18.0,1.0,29.0,12.0,122.0,194
421700,2017,14.0,1.0,4.0,2.0,4.0,40.0,9.0,2.0,32.0,12.0,123.0,199
421700,2018,10.0,0.0,2.0,1.0,0.0,45.0,8.0,3.0,35.0,12.0,116.0,178
421700,2019,8.0,0.0,3.0,0.0,0.0,33.0,6.0,2.0,30.0,7.0,92.0,142
421710,2012,0.0,1.0,0.0,0.0,1.0,6.0,0.0,2.0,15.0,3.0,29.0,40
421710,2013,0.0,0.0,0.0,0.0,0.0,0.0,0.0,0.0,0.0,0.0,17.0,25
421710,2014,4.0,1.0,0.0,0.0,0.0,10.0,1.0,0.0,9.0,3.0,32.0,37
421710,2015,1.0,0.0,0.0,1.0,0.0,10.0,2.0,0.0,10.0,1.0,26.0,36
421710,2016,1.0,0.0,4.0,1.0,3.0,6.0,3.0,0.0,3.0,2.0,23.0,36
421710,2017,2.0,0.0,0.0,0.0,0.0,16.0,0.0,1.0,5.0,2.0,26.0,46
421710,2018,1.0,0.0,2.0,2.0,0.0,10.0,3.0,0.0,2.0,2.0,22.0,38
421710,2019,2.0,0.0,2.0,1.0,0.0,11.0,2.0,1.0,4.0,2.0,26.0,49
421715,2012,2.0,0.0,0.0,1.0,0.0,6.0,1.0,0.0,5.0,0.0,15.0,16
421715,2013,0.0,0.0,0.0,0.0,0.0,0.0,0.0,0.0,0.0,0.0,18.0,19
421715,2014,1.0,2.0,0.0,0.0,0.0,4.0,3.0,1.0,4.0,1.0,16.0,20
421715,2015,3.0,0.0,0.0,0.0,0.0,4.0,3.0,0.0,3.0,1.0,14.0,18
421715,2016,1.0,0.0,0.0,0.0,0.0,8.0,5.0,0.0,2.0,1.0,17.0,18
421715,2017,1.0,0.0,0.0,1.0,0.0,10.0,2.0,0.0,7.0,0.0,21.0,24
421715,2018,0.0,0.0,0.0,1.0,0.0,5.0,1.0,0.0,6.0,1.0,14.0,16
421715,2019,0.0,0.0,0.0,1.0,0.0,4.0,4.0,0.0,8.0,0.0,17.0,17
421720,2012,30.0,0.0,2.0,2.0,7.0,75.0,17.0,4.0,94.0,45.0,331.0,466
421720,2013,0.0,0.0,0.0,0.0,0.0,0.0,0.0,0.0,0.0,0.0,315.0,470
421720,2014,34.0,1.0,9.0,7.0,10.0,93.0,26.0,13.0,112.0,47.0,354.0,530
421720,2015,30.0,1.0,13.0,9.0,19.0,115.0,25.0,10.0,97.0,39.0,358.0,572
421720,2016,33.0,1.0,8.0,6.0,9.0,118.0,25.0,3.0,119.0,29.0,351.0,549
421720,2017,29.0,3.0,11.0,12.0,15.0,158.0,28.0,7.0,79.0,34.0,377.0,573
421720,2018,24.0,4.0,16.0,4.0,8.0,136.0,30.0,5.0,89.0,31.0,349.0,565
421720,2019,27.0,2.0,20.0,11.0,11.0,133.0,32.0,11.0,78.0,35.0,360.0,570
421725,2012,1.0,1.0,3.0,0.0,2.0,3.0,0.0,0.0,8.0,0.0,19.0,28
421725,2013,0.0,0.0,0.0,0.0,0.0,0.0,0.0,0.0,0.0,0.0,14.0,23
421725,2014,1.0,0.0,1.0,1.0,2.0,5.0,2.0,0.0,6.0,2.0,20.0,36
421725,2015,0.0,0.0,4.0,0.0,1.0,4.0,4.0,0.0,6.0,0.0,19.0,37
421725,2016,1.0,0.0,2.0,0.0,3.0,6.0,3.0,1.0,3.0,2.0,21.0,36
421725,2017,2.0,0.0,0.0,1.0,0.0,11.0,2.0,0.0,7.0,3.0,26.0,38
421725,2018,0.0,0.0,4.0,0.0,0.0,5.0,1.0,1.0,2.0,1.0,15.0,33
421725,2019,2.0,0.0,0.0,0.0,1.0,9.0,2.0,0.0,3.0,5.0,24.0,43
421730,2012,3.0,0.0,0.0,2.0,3.0,16.0,5.0,2.0,18.0,8.0,72.0,115
421730,2013,0.0,0.0,0.0,0.0,0.0,0.0,0.0,0.0,0.0,0.0,67.0,101
421730,2014,8.0,2.0,0.0,4.0,4.0,17.0,9.0,9.0,21.0,12.0,86.0,108
421730,2015,8.0,5.0,0.0,4.0,3.0,15.0,9.0,3.0,23.0,6.0,76.0,115
421730,2016,8.0,1.0,0.0,4.0,3.0,26.0,12.0,5.0,25.0,6.0,91.0,127
421730,2017,8.0,1.0,1.0,4.0,0.0,37.0,10.0,3.0,23.0,10.0,99.0,136
421730,2018,7.0,0.0,2.0,4.0,1.0,34.0,7.0,8.0,16.0,14.0,95.0,135
421730,2019,6.0,0.0,0.0,3.0,1.0,25.0,5.0,3.0,23.0,5.0,74.0,110
421740,2012,22.0,0.0,4.0,1.0,4.0,54.0,16.0,6.0,58.0,22.0,187.0,278
421740,2013,0.0,0.0,0.0,0.0,0.0,0.0,0.0,0.0,0.0,0.0,137.0,222
421740,2014,11.0,1.0,6.0,5.0,0.0,51.0,24.0,5.0,43.0,7.0,153.0,269
421740,2015,15.0,2.0,9.0,4.0,4.0,42.0,19.0,0.0,35.0,12.0,142.0,277
421740,2016,16.0,1.0,5.0,4.0,9.0,42.0,14.0,3.0,45.0,10.0,149.0,283
421740,2017,7.0,2.0,0.0,5.0,7.0,53.0,18.0,1.0,51.0,5.0,149.0,256
421740,2018,20.0,0.0,4.0,3.0,3.0,53.0,14.0,4.0,37.0,9.0,147.0,268
421740,2019,11.0,0.0,10.0,2.0,5.0,58.0,11.0,0.0,34.0,7.0,138.0,271
421750,2012,15.0,0.0,3.0,2.0,4.0,48.0,12.0,5.0,38.0,32.0,162.0,186
421750,2013,0.0,0.0,0.0,0.0,0.0,0.0,0.0,0.0,0.0,0.0,179.0,196
421750,2014,14.0,0.0,6.0,0.0,4.0,60.0,17.0,7.0,56.0,32.0,201.0,216
421750,2015,12.0,0.0,6.0,3.0,2.0,64.0,15.0,10.0,40.0,28.0,180.0,203
421750,2016,19.0,0.0,1.0,3.0,5.0,83.0,4.0,8.0,32.0,34.0,198.0,213
421750,2017,11.0,1.0,5.0,2.0,2.0,81.0,14.0,15.0,47.0,54.0,233.0,248
421750,2018,18.0,0.0,4.0,0.0,2.0,91.0,16.0,8.0,37.0,33.0,211.0,245
421750,2019,14.0,0.0,7.0,4.0,1.0,82.0,18.0,6.0,55.0,18.0,213.0,245
421755,2012,2.0,0.0,0.0,0.0,0.0,6.0,9.0,0.0,7.0,4.0,29.0,43
421755,2013,0.0,0.0,0.0,0.0,0.0,0.0,0.0,0.0,0.0,0.0,33.0,40
421755,2014,1.0,1.0,0.0,0.0,1.0,7.0,5.0,3.0,1.0,2.0,21.0,29
421755,2015,2.0,0.0,0.0,0.0,1.0,6.0,2.0,0.0,8.0,3.0,22.0,28
421755,2016,3.0,0.0,0.0,0.0,0.0,8.0,2.0,0.0,8.0,1.0,22.0,35
421755,2017,0.0,0.0,0.0,0.0,3.0,6.0,2.0,0.0,10.0,2.0,23.0,38
421755,2018,0.0,1.0,0.0,0.0,1.0,9.0,0.0,3.0,1.0,5.0,20.0,34
421755,2019,1.0,0.0,0.0,2.0,1.0,12.0,2.0,1.0,7.0,3.0,29.0,36
421760,2012,9.0,0.0,3.0,3.0,3.0,36.0,6.0,1.0,26.0,9.0,96.0,146
421760,2013,0.0,0.0,0.0,0.0,0.0,0.0,0.0,0.0,0.0,0.0,79.0,119
421760,2014,6.0,0.0,6.0,2.0,1.0,32.0,15.0,4.0,31.0,5.0,102.0,159
421760,2015,8.0,0.0,1.0,0.0,5.0,24.0,17.0,1.0,30.0,5.0,92.0,153
421760,2016,5.0,0.0,4.0,4.0,4.0,45.0,10.0,2.0,21.0,5.0,100.0,146
421760,2017,6.0,0.0,2.0,6.0,2.0,31.0,10.0,2.0,24.0,3.0,86.0,137
421760,2018,9.0,1.0,2.0,3.0,0.0,36.0,15.0,2.0,24.0,5.0,98.0,150
421760,2019,10.0,1.0,0.0,2.0,1.0,32.0,6.0,2.0,23.0,4.0,81.0,144
421770,2012,15.0,0.0,4.0,6.0,9.0,50.0,5.0,7.0,29.0,26.0,227.0,395
421770,2013,0.0,0.0,0.0,0.0,0.0,0.0,0.0,0.0,0.0,0.0,204.0,378
421770,2014,23.0,0.0,2.0,10.0,8.0,83.0,37.0,7.0,73.0,17.0,270.0,439
421770,2015,26.0,2.0,8.0,7.0,6.0,100.0,36.0,13.0,64.0,17.0,285.0,437
421770,2016,27.0,1.0,12.0,10.0,8.0,98.0,22.0,3.0,52.0,16.0,258.0,440
421770,2017,26.0,0.0,7.0,11.0,6.0,110.0,16.0,7.0,59.0,17.0,259.0,421
421770,2018,16.0,2.0,15.0,8.0,10.0,110.0,30.0,8.0,56.0,15.0,271.0,429
421770,2019,24.0,2.0,13.0,10.0,3.0,89.0,30.0,7.0,65.0,10.0,254.0,423
421775,2012,1.0,0.0,0.0,0.0,0.0,3.0,1.0,0.0,6.0,0.0,11.0,29
421775,2013,0.0,0.0,0.0,0.0,0.0,0.0,0.0,0.0,0.0,0.0,11.0,25
421775,2014,1.0,0.0,4.0,1.0,0.0,10.0,3.0,0.0,7.0,1.0,27.0,31
421775,2015,4.0,0.0,2.0,2.0,1.0,5.0,5.0,0.0,9.0,5.0,33.0,41
421775,2016,2.0,0.0,0.0,1.0,0.0,7.0,10.0,1.0,10.0,1.0,32.0,39
421775,2017,1.0,0.0,0.0,0.0,0.0,6.0,6.0,2.0,5.0,2.0,22.0,30
421775,2018,2.0,0.0,2.0,0.0,0.0,6.0,10.0,2.0,3.0,0.0,25.0,32
421775,2019,0.0,0.0,0.0,0.0,0.0,4.0,5.0,0.0,6.0,1.0,16.0,24
421780,2012,12.0,1.0,2.0,3.0,6.0,39.0,6.0,5.0,19.0,21.0,138.0,229
421780,2013,0.0,0.0,0.0,0.0,0.0,0.0,0.0,0.0,0.0,0.0,159.0,237
421780,2014,8.0,0.0,6.0,2.0,6.0,44.0,9.0,2.0,25.0,9.0,113.0,196
421780,2015,5.0,0.0,2.0,5.0,5.0,45.0,17.0,1.0,37.0,16.0,133.0,233
421780,2016,8.0,1.0,3.0,2.0,1.0,47.0,14.0,1.0,28.0,6.0,111.0,229
421780,2017,10.0,0.0,7.0,5.0,3.0,62.0,19.0,6.0,35.0,7.0,156.0,245
421780,2018,11.0,1.0,8.0,5.0,5.0,62.0,30.0,5.0,39.0,10.0,177.0,273
421780,2019,9.0,0.0,6.0,1.0,2.0,43.0,11.0,3.0,21.0,11.0,107.0,224
421790,2012,2.0,0.0,3.0,0.0,0.0,5.0,0.0,0.0,5.0,1.0,57.0,83
421790,2013,0.0,0.0,0.0,0.0,0.0,0.0,0.0,0.0,0.0,0.0,61.0,98
421790,2014,1.0,1.0,0.0,2.0,3.0,7.0,1.0,0.0,4.0,3.0,70.0,95
421790,2015,9.0,0.0,0.0,6.0,1.0,8.0,5.0,1.0,8.0,2.0,54.0,87
421790,2016,5.0,0.0,6.0,2.0,1.0,24.0,4.0,2.0,11.0,3.0,59.0,93
421790,2017,5.0,0.0,2.0,2.0,1.0,20.0,8.0,1.0,10.0,4.0,56.0,84
421790,2018,6.0,0.0,0.0,0.0,0.0,22.0,9.0,1.0,14.0,0.0,52.0,66
421790,2019,8.0,0.0,3.0,2.0,0.0,18.0,10.0,0.0,22.0,2.0,66.0,85
421795,2012,2.0,0.0,2.0,1.0,0.0,3.0,3.0,2.0,10.0,0.0,23.0,24
421795,2013,0.0,0.0,0.0,0.0,0.0,0.0,0.0,0.0,0.0,0.0,22.0,27
421795,2014,1.0,0.0,0.0,1.0,0.0,2.0,2.0,1.0,8.0,1.0,16.0,17
421795,2015,1.0,0.0,0.0,0.0,0.0,11.0,6.0,1.0,6.0,1.0,26.0,29
421795,2016,0.0,0.0,0.0,0.0,0.0,11.0,3.0,0.0,8.0,2.0,24.0,26
421795,2017,0.0,0.0,0.0,0.0,0.0,9.0,3.0,1.0,11.0,0.0,24.0,29
421795,2018,0.0,0.0,0.0,0.0,2.0,16.0,1.0,0.0,10.0,2.0,31.0,36
421795,2019,3.0,0.0,0.0,1.0,0.0,16.0,2.0,0.0,12.0,1.0,35.0,41
421800,2012,35.0,6.0,7.0,13.0,9.0,84.0,17.0,1.0,115.0,33.0,328.0,534
421800,2013,0.0,0.0,0.0,0.0,0.0,0.0,0.0,0.0,0.0,0.0,315.0,539
421800,2014,21.0,1.0,16.0,9.0,6.0,92.0,38.0,7.0,115.0,24.0,330.0,564
421800,2015,19.0,2.0,16.0,5.0,8.0,116.0,36.0,8.0,91.0,18.0,321.0,604
421800,2016,15.0,2.0,6.0,6.0,11.0,101.0,43.0,17.0,89.0,29.0,321.0,569
421800,2017,25.0,2.0,14.0,9.0,21.0,127.0,36.0,18.0,90.0,43.0,388.0,669
421800,2018,25.0,4.0,7.0,12.0,14.0,113.0,27.0,15.0,67.0,38.0,328.0,617
421800,2019,24.0,6.0,17.0,7.0,11.0,119.0,18.0,17.0,68.0,44.0,337.0,698
421810,2012,2.0,0.0,0.0,0.0,1.0,3.0,1.0,0.0,1.0,1.0,32.0,49
421810,2013,0.0,0.0,0.0,0.0,0.0,0.0,0.0,0.0,0.0,0.0,36.0,60
421810,2014,1.0,0.0,0.0,2.0,1.0,8.0,4.0,1.0,14.0,4.0,36.0,57
421810,2015,5.0,0.0,0.0,1.0,1.0,7.0,3.0,0.0,7.0,2.0,26.0,52
421810,2016,5.0,0.0,2.0,0.0,2.0,16.0,4.0,0.0,11.0,2.0,44.0,61
421810,2017,4.0,0.0,0.0,0.0,1.0,21.0,7.0,0.0,15.0,2.0,50.0,70
421810,2018,4.0,0.0,0.0,1.0,0.0,17.0,3.0,0.0,15.0,1.0,43.0,57
421810,2019,6.0,1.0,0.0,2.0,2.0,19.0,2.0,2.0,10.0,1.0,45.0,67
421820,2012,29.0,1.0,13.0,6.0,6.0,104.0,4.0,0.0,104.0,61.0,356.0,471
421820,2013,0.0,0.0,0.0,0.0,0.0,0.0,0.0,0.0,0.0,0.0,314.0,434
421820,2014,19.0,1.0,12.0,8.0,6.0,124.0,35.0,11.0,104.0,38.0,358.0,505
421820,2015,17.0,1.0,9.0,14.0,9.0,105.0,27.0,12.0,78.0,47.0,319.0,470
421820,2016,26.0,0.0,5.0,12.0,6.0,106.0,31.0,10.0,112.0,41.0,349.0,503
421820,2017,18.0,0.0,8.0,14.0,9.0,112.0,32.0,3.0,100.0,21.0,317.0,505
421820,2018,30.0,2.0,16.0,5.0,11.0,116.0,24.0,8.0,76.0,33.0,321.0,490
421820,2019,36.0,1.0,3.0,9.0,12.0,109.0,32.0,12.0,85.0,42.0,342.0,490
421825,2012,8.0,1.0,0.0,2.0,0.0,26.0,0.0,1.0,3.0,8.0,63.0,109
421825,2013,0.0,0.0,0.0,0.0,0.0,0.0,0.0,0.0,0.0,0.0,68.0,115
421825,2014,4.0,2.0,3.0,1.0,1.0,34.0,3.0,0.0,3.0,6.0,60.0,101
421825,2015,3.0,0.0,0.0,2.0,1.0,41.0,4.0,9.0,10.0,5.0,75.0,127
421825,2016,4.0,0.0,0.0,0.0,1.0,33.0,2.0,4.0,10.0,6.0,60.0,97
421825,2017,6.0,0.0,1.0,2.0,0.0,59.0,3.0,3.0,2.0,2.0,78.0,111
421825,2018,8.0,0.0,1.0,1.0,2.0,36.0,1.0,3.0,4.0,3.0,60.0,121
421825,2019,8.0,0.0,2.0,3.0,0.0,38.0,2.0,5.0,3.0,10.0,71.0,121
421830,2012,9.0,0.0,0.0,2.0,3.0,15.0,5.0,2.0,11.0,11.0,113.0,283
421830,2013,0.0,0.0,0.0,0.0,0.0,0.0,0.0,0.0,0.0,0.0,132.0,258
421830,2014,26.0,0.0,12.0,4.0,0.0,61.0,6.0,12.0,14.0,44.0,201.0,321
421830,2015,18.0,1.0,2.0,2.0,4.0,48.0,10.0,9.0,29.0,28.0,166.0,321
421830,2016,13.0,0.0,4.0,7.0,8.0,61.0,17.0,6.0,29.0,21.0,166.0,295
421830,2017,16.0,1.0,4.0,9.0,6.0,78.0,12.0,11.0,21.0,28.0,187.0,285
421830,2018,17.0,0.0,7.0,4.0,2.0,88.0,18.0,15.0,39.0,27.0,221.0,362
421830,2019,9.0,0.0,10.0,8.0,4.0,83.0,13.0,6.0,27.0,13.0,180.0,323
421835,2012,3.0,0.0,0.0,0.0,1.0,10.0,3.0,1.0,16.0,5.0,39.0,50
421835,2013,0.0,0.0,0.0,0.0,0.0,0.0,0.0,0.0,0.0,0.0,30.0,46
421835,2014,1.0,0.0,0.0,1.0,1.0,10.0,3.0,1.0,6.0,4.0,27.0,39
421835,2015,2.0,0.0,0.0,1.0,1.0,8.0,3.0,0.0,6.0,0.0,21.0,31
421835,2016,2.0,0.0,2.0,1.0,1.0,9.0,1.0,0.0,7.0,2.0,27.0,35
421835,2017,3.0,0.0,0.0,0.0,2.0,7.0,1.0,1.0,10.0,2.0,26.0,36
421835,2018,1.0,0.0,2.0,1.0,1.0,7.0,0.0,2.0,9.0,0.0,24.0,38
421835,2019,1.0,0.0,2.0,0.0,2.0,16.0,6.0,0.0,10.0,2.0,39.0,49
421840,2012,4.0,0.0,2.0,0.0,1.0,14.0,3.0,0.0,17.0,2.0,44.0,68
421840,2013,0.0,0.0,0.0,0.0,0.0,0.0,0.0,0.0,0.0,0.0,58.0,88
421840,2014,6.0,0.0,0.0,3.0,1.0,15.0,6.0,1.0,20.0,1.0,60.0,78
421840,2015,2.0,3.0,0.0,1.0,2.0,18.0,6.0,0.0,16.0,3.0,53.0,78
421840,2016,6.0,3.0,4.0,3.0,4.0,13.0,2.0,1.0,17.0,0.0,53.0,83
421840,2017,4.0,4.0,2.0,3.0,2.0,26.0,6.0,0.0,15.0,4.0,66.0,101
421840,2018,9.0,0.0,0.0,1.0,1.0,22.0,8.0,2.0,13.0,6.0,62.0,91
421840,2019,7.0,0.0,2.0,6.0,1.0,25.0,5.0,5.0,14.0,2.0,67.0,105
421850,2012,0.0,0.0,0.0,1.0,1.0,14.0,3.0,0.0,7.0,1.0,70.0,95
421850,2013,0.0,0.0,0.0,0.0,0.0,0.0,0.0,0.0,0.0,0.0,76.0,101
421850,2014,6.0,0.0,2.0,1.0,4.0,31.0,4.0,4.0,10.0,11.0,80.0,103
421850,2015,8.0,0.0,0.0,3.0,1.0,30.0,7.0,1.0,23.0,5.0,80.0,114
421850,2016,8.0,0.0,0.0,3.0,2.0,33.0,4.0,1.0,22.0,4.0,80.0,129
421850,2017,8.0,0.0,4.0,1.0,0.0,32.0,4.0,3.0,23.0,4.0,81.0,124
421850,2018,2.0,0.0,0.0,1.0,2.0,34.0,1.0,1.0,20.0,3.0,64.0,103
421850,2019,4.0,0.0,0.0,4.0,2.0,29.0,9.0,2.0,18.0,4.0,74.0,122
421860,2012,3.0,1.0,0.0,2.0,2.0,13.0,8.0,3.0,16.0,5.0,54.0,89
421860,2013,0.0,0.0,0.0,0.0,0.0,0.0,0.0,0.0,0.0,0.0,51.0,95
421860,2014,6.0,1.0,1.0,2.0,2.0,17.0,6.0,2.0,12.0,4.0,54.0,95
421860,2015,5.0,0.0,4.0,2.0,2.0,26.0,6.0,3.0,21.0,3.0,72.0,114
421860,2016,4.0,0.0,0.0,2.0,1.0,13.0,8.0,1.0,10.0,2.0,41.0,90
421860,2017,5.0,0.0,0.0,1.0,4.0,26.0,6.0,0.0,18.0,3.0,63.0,106
421860,2018,1.0,0.0,0.0,6.0,2.0,20.0,7.0,0.0,10.0,2.0,48.0,81
421860,2019,3.0,0.0,6.0,4.0,1.0,17.0,2.0,1.0,5.0,2.0,42.0,80
421870,2012,87.0,5.0,40.0,5.0,27.0,267.0,38.0,20.0,264.0,91.0,867.0,1259
421870,2013,0.0,0.0,0.0,0.0,0.0,0.0,0.0,0.0,0.0,0.0,848.0,1260
421870,2014,68.0,30.0,17.0,24.0,34.0,252.0,91.0,10.0,301.0,33.0,898.0,1324
421870,2015,67.0,32.0,47.0,34.0,34.0,249.0,75.0,12.0,298.0,37.0,893.0,1325
421870,2016,79.0,24.0,23.0,53.0,36.0,281.0,96.0,4.0,276.0,25.0,897.0,1340
421870,2017,99.0,26.0,27.0,39.0,35.0,307.0,69.0,18.0,237.0,60.0,917.0,1411
421870,2018,89.0,6.0,47.0,31.0,21.0,270.0,56.0,24.0,196.0,87.0,835.0,1364
421870,2019,115.0,5.0,23.0,19.0,22.0,314.0,80.0,19.0,209.0,62.0,869.0,1368
421875,2012,3.0,0.0,2.0,1.0,3.0,6.0,4.0,0.0,4.0,3.0,34.0,58
421875,2013,0.0,0.0,0.0,0.0,0.0,0.0,0.0,0.0,0.0,0.0,25.0,49
421875,2014,1.0,0.0,1.0,4.0,4.0,12.0,3.0,0.0,5.0,2.0,33.0,54
421875,2015,3.0,0.0,4.0,0.0,0.0,18.0,0.0,0.0,6.0,2.0,33.0,54
421875,2016,5.0,0.0,2.0,2.0,1.0,8.0,0.0,0.0,4.0,0.0,22.0,46
421875,2017,1.0,0.0,3.0,1.0,1.0,9.0,0.0,0.0,6.0,3.0,24.0,50
421875,2018,1.0,0.0,0.0,1.0,0.0,15.0,1.0,2.0,6.0,4.0,30.0,50
421875,2019,1.0,0.0,4.0,0.0,1.0,14.0,4.0,1.0,13.0,7.0,45.0,68
421880,2012,5.0,0.0,0.0,0.0,3.0,19.0,3.0,5.0,16.0,24.0,79.0,132
421880,2013,0.0,0.0,0.0,0.0,0.0,0.0,0.0,0.0,0.0,0.0,99.0,152
421880,2014,5.0,0.0,0.0,1.0,2.0,36.0,11.0,6.0,38.0,4.0,104.0,151
421880,2015,10.0,0.0,2.0,2.0,6.0,36.0,13.0,6.0,34.0,16.0,125.0,155
421880,2016,7.0,1.0,2.0,3.0,4.0,25.0,11.0,3.0,37.0,9.0,107.0,167
421880,2017,7.0,1.0,6.0,6.0,2.0,44.0,9.0,2.0,36.0,3.0,118.0,175
421880,2018,13.0,1.0,1.0,3.0,5.0,42.0,9.0,2.0,29.0,8.0,114.0,161
421880,2019,8.0,0.0,4.0,1.0,4.0,41.0,14.0,0.0,35.0,3.0,110.0,174
421885,2012,1.0,0.0,0.0,0.0,0.0,6.0,1.0,1.0,0.0,0.0,12.0,20
421885,2013,0.0,0.0,0.0,0.0,0.0,0.0,0.0,0.0,0.0,0.0,27.0,37
421885,2014,1.0,0.0,0.0,0.0,1.0,5.0,1.0,5.0,3.0,1.0,18.0,22
421885,2015,1.0,0.0,0.0,1.0,0.0,9.0,2.0,1.0,5.0,0.0,19.0,29
421885,2016,2.0,0.0,0.0,0.0,0.0,9.0,2.0,0.0,8.0,1.0,22.0,27
421885,2017,3.0,0.0,0.0,0.0,0.0,8.0,1.0,1.0,8.0,2.0,23.0,37
421885,2018,1.0,0.0,0.0,0.0,0.0,8.0,0.0,0.0,4.0,5.0,18.0,30
421885,2019,2.0,0.0,0.0,1.0,0.0,8.0,4.0,1.0,4.0,0.0,20.0,34
421890,2012,5.0,0.0,0.0,0.0,0.0,8.0,4.0,2.0,7.0,1.0,44.0,127
421890,2013,0.0,0.0,0.0,0.0,0.0,0.0,0.0,0.0,0.0,0.0,52.0,126
421890,2014,1.0,0.0,0.0,2.0,0.0,14.0,3.0,5.0,14.0,4.0,47.0,140
421890,2015,1.0,0.0,2.0,0.0,3.0,15.0,4.0,2.0,10.0,3.0,47.0,115
421890,2016,5.0,2.0,0.0,2.0,3.0,19.0,0.0,3.0,7.0,7.0,50.0,136
421890,2017,8.0,0.0,0.0,1.0,0.0,21.0,6.0,4.0,12.0,7.0,62.0,141
421890,2018,3.0,0.0,3.0,4.0,3.0,19.0,8.0,1.0,13.0,9.0,63.0,134
421890,2019,2.0,0.0,2.0,3.0,1.0,30.0,4.0,1.0,17.0,6.0,67.0,137
421895,2012,0.0,0.0,0.0,0.0,0.0,5.0,1.0,1.0,5.0,1.0,14.0,26
421895,2013,0.0,0.0,0.0,0.0,0.0,0.0,0.0,0.0,0.0,0.0,19.0,35
421895,2014,0.0,0.0,2.0,0.0,1.0,3.0,0.0,0.0,0.0,2.0,10.0,25
421895,2015,1.0,0.0,2.0,0.0,1.0,1.0,1.0,1.0,2.0,1.0,11.0,26
421895,2016,0.0,0.0,2.0,1.0,0.0,6.0,0.0,3.0,3.0,0.0,16.0,41
421895,2017,3.0,0.0,0.0,0.0,0.0,5.0,1.0,0.0,3.0,1.0,13.0,31
421895,2018,0.0,1.0,0.0,1.0,0.0,5.0,1.0,0.0,6.0,1.0,15.0,35
421895,2019,2.0,0.0,0.0,1.0,0.0,6.0,0.0,0.0,5.0,4.0,18.0,38
421900,2012,16.0,1.0,2.0,2.0,5.0,38.0,11.0,6.0,39.0,16.0,137.0,193
421900,2013,0.0,0.0,0.0,0.0,0.0,0.0,0.0,0.0,0.0,0.0,132.0,185
421900,2014,8.0,0.0,4.0,2.0,3.0,43.0,7.0,5.0,53.0,17.0,142.0,229
421900,2015,12.0,0.0,6.0,6.0,1.0,42.0,21.0,3.0,40.0,11.0,142.0,190
421900,2016,7.0,0.0,3.0,1.0,1.0,29.0,19.0,3.0,45.0,10.0,118.0,189
421900,2017,10.0,0.0,4.0,4.0,1.0,51.0,22.0,3.0,40.0,9.0,144.0,206
421900,2018,11.0,3.0,10.0,1.0,6.0,44.0,22.0,0.0,38.0,13.0,149.0,222
421900,2019,13.0,1.0,2.0,8.0,4.0,49.0,14.0,5.0,27.0,17.0,140.0,204
421910,2012,3.0,0.0,4.0,6.0,3.0,9.0,3.0,0.0,10.0,0.0,45.0,54
421910,2013,0.0,0.0,0.0,0.0,0.0,0.0,0.0,0.0,0.0,0.0,43.0,49
421910,2014,4.0,0.0,0.0,2.0,3.0,13.0,3.0,1.0,5.0,4.0,38.0,46
421910,2015,3.0,0.0,2.0,0.0,4.0,14.0,5.0,2.0,14.0,1.0,51.0,59
421910,2016,2.0,0.0,0.0,2.0,0.0,12.0,2.0,0.0,19.0,1.0,38.0,45
421910,2017,3.0,1.0,0.0,1.0,0.0,15.0,2.0,0.0,12.0,4.0,39.0,46
421910,2018,3.0,0.0,0.0,0.0,0.0,13.0,1.0,2.0,9.0,3.0,31.0,38
421910,2019,5.0,0.0,0.0,0.0,0.0,18.0,4.0,0.0,18.0,7.0,52.0,69
421915,2012,0.0,0.0,0.0,0.0,0.0,0.0,0.0,0.0,0.0,0.0,15.0,24
421915,2013,0.0,0.0,0.0,0.0,0.0,0.0,0.0,0.0,0.0,0.0,25.0,30
421915,2014,4.0,1.0,0.0,0.0,0.0,1.0,3.0,1.0,2.0,4.0,16.0,34
421915,2015,0.0,0.0,0.0,0.0,0.0,8.0,2.0,0.0,4.0,4.0,18.0,33
421915,2016,1.0,0.0,0.0,0.0,0.0,10.0,2.0,1.0,2.0,1.0,17.0,28
421915,2017,3.0,1.0,3.0,0.0,1.0,9.0,3.0,1.0,4.0,6.0,33.0,45
421915,2018,2.0,0.0,0.0,0.0,0.0,5.0,2.0,0.0,4.0,1.0,15.0,25
421915,2019,1.0,0.0,2.0,1.0,0.0,7.0,6.0,1.0,2.0,2.0,22.0,34
421917,2012,1.0,0.0,0.0,1.0,0.0,1.0,0.0,0.0,0.0,1.0,45.0,56
421917,2013,0.0,0.0,0.0,0.0,0.0,0.0,0.0,0.0,0.0,0.0,37.0,53
421917,2014,6.0,0.0,0.0,3.0,2.0,18.0,4.0,3.0,7.0,3.0,47.0,66
421917,2015,8.0,2.0,0.0,1.0,0.0,22.0,5.0,1.0,13.0,4.0,57.0,75
421917,2016,5.0,0.0,0.0,0.0,1.0,17.0,8.0,2.0,19.0,3.0,55.0,78
421917,2017,3.0,0.0,2.0,2.0,0.0,10.0,4.0,1.0,13.0,4.0,42.0,57
421917,2018,2.0,0.0,4.0,2.0,3.0,14.0,2.0,3.0,17.0,3.0,50.0,68
421917,2019,4.0,0.0,2.0,2.0,1.0,25.0,0.0,0.0,9.0,1.0,44.0,61
421920,2012,2.0,1.0,4.0,2.0,0.0,11.0,4.0,3.0,9.0,6.0,43.0,84
421920,2013,0.0,0.0,0.0,0.0,0.0,0.0,0.0,0.0,0.0,0.0,37.0,73
421920,2014,3.0,0.0,2.0,0.0,4.0,10.0,4.0,3.0,6.0,4.0,36.0,68
421920,2015,5.0,0.0,2.0,0.0,0.0,13.0,8.0,6.0,8.0,4.0,46.0,81
421920,2016,3.0,0.0,0.0,2.0,3.0,15.0,5.0,2.0,5.0,0.0,35.0,83
421920,2017,3.0,0.0,0.0,2.0,2.0,12.0,9.0,1.0,8.0,3.0,41.0,85
421920,2018,4.0,0.0,0.0,0.0,3.0,11.0,6.0,1.0,11.0,3.0,39.0,75
421920,2019,6.0,1.0,2.0,1.0,1.0,16.0,4.0,1.0,11.0,3.0,46.0,94
421930,2012,46.0,0.0,18.0,6.0,6.0,186.0,53.0,12.0,218.0,29.0,587.0,682
421930,2013,0.0,0.0,0.0,0.0,0.0,0.0,0.0,0.0,0.0,0.0,696.0,763
421930,2014,98.0,0.0,23.0,13.0,17.0,199.0,65.0,17.0,162.0,40.0,642.0,733
421930,2015,74.0,0.0,17.0,15.0,18.0,232.0,86.0,13.0,206.0,54.0,719.0,817
421930,2016,88.0,1.0,7.0,11.0,14.0,219.0,71.0,6.0,213.0,28.0,670.0,755
421930,2017,99.0,0.0,4.0,17.0,6.0,234.0,71.0,11.0,208.0,26.0,677.0,745
421930,2018,115.0,2.0,11.0,14.0,10.0,238.0,67.0,10.0,230.0,18.0,722.0,776
421930,2019,96.0,0.0,10.0,23.0,21.0,239.0,66.0,1.0,233.0,11.0,709.0,771
421935,2012,0.0,0.0,0.0,1.0,0.0,15.0,2.0,0.0,6.0,9.0,57.0,88
421935,2013,0.0,0.0,0.0,0.0,0.0,0.0,0.0,0.0,0.0,0.0,45.0,72
421935,2014,0.0,0.0,0.0,2.0,1.0,10.0,4.0,1.0,7.0,8.0,39.0,68
421935,2015,3.0,0.0,0.0,1.0,1.0,11.0,4.0,1.0,11.0,6.0,41.0,64
421935,2016,3.0,0.0,4.0,0.0,1.0,13.0,5.0,0.0,11.0,2.0,41.0,72
421935,2017,1.0,0.0,0.0,0.0,0.0,15.0,3.0,2.0,6.0,5.0,33.0,67
421935,2018,2.0,1.0,2.0,0.0,1.0,14.0,4.0,2.0,14.0,4.0,44.0,86
421935,2019,1.0,0.0,4.0,3.0,1.0,15.0,3.0,0.0,9.0,6.0,42.0,81
421940,2012,1.0,0.0,0.0,0.0,0.0,8.0,0.0,0.0,3.0,4.0,23.0,39
421940,2013,0.0,0.0,0.0,0.0,0.0,0.0,0.0,0.0,0.0,0.0,25.0,37
421940,2014,0.0,0.0,4.0,1.0,0.0,16.0,4.0,2.0,6.0,1.0,39.0,61
421940,2015,2.0,0.0,0.0,2.0,1.0,8.0,0.0,2.0,6.0,3.0,24.0,50
421940,2016,1.0,0.0,0.0,0.0,1.0,9.0,3.0,0.0,7.0,1.0,22.0,43
421940,2017,4.0,0.0,0.0,0.0,0.0,12.0,3.0,2.0,6.0,2.0,29.0,52
421940,2018,3.0,0.0,0.0,0.0,1.0,9.0,4.0,0.0,8.0,0.0,25.0,49
421940,2019,0.0,0.0,0.0,4.0,1.0,8.0,6.0,0.0,4.0,1.0,25.0,47
421950,2012,7.0,0.0,13.0,5.0,1.0,16.0,3.0,1.0,12.0,4.0,422.0,599
421950,2013,0.0,0.0,0.0,0.0,0.0,0.0,0.0,0.0,0.0,0.0,455.0,650
421950,2014,11.0,1.0,7.0,5.0,2.0,50.0,5.0,7.0,24.0,31.0,442.0,622
421950,2015,33.0,0.0,8.0,7.0,8.0,117.0,6.0,24.0,43.0,99.0,497.0,733
421950,2016,52.0,1.0,11.0,20.0,23.0,157.0,24.0,23.0,89.0,86.0,486.0,681
421950,2017,27.0,0.0,8.0,4.0,10.0,182.0,25.0,18.0,74.0,89.0,474.0,705
421950,2018,31.0,1.0,16.0,23.0,11.0,182.0,23.0,35.0,70.0,103.0,498.0,731
421950,2019,30.0,0.0,12.0,10.0,10.0,173.0,26.0,30.0,74.0,90.0,456.0,684
421960,2012,1.0,0.0,0.0,1.0,0.0,10.0,2.0,1.0,10.0,4.0,33.0,37
421960,2013,0.0,0.0,0.0,0.0,0.0,0.0,0.0,0.0,0.0,0.0,24.0,24
421960,2014,0.0,0.0,2.0,0.0,0.0,8.0,3.0,1.0,2.0,2.0,26.0,28
421960,2015,3.0,0.0,2.0,0.0,2.0,11.0,1.0,1.0,2.0,4.0,26.0,27
421960,2016,2.0,0.0,0.0,0.0,0.0,3.0,2.0,3.0,5.0,2.0,17.0,19
421960,2017,3.0,0.0,1.0,1.0,0.0,11.0,1.0,0.0,6.0,7.0,32.0,36
421960,2018,2.0,0.0,0.0,1.0,1.0,14.0,1.0,2.0,4.0,5.0,30.0,34
421960,2019,1.0,0.0,0.0,1.0,0.0,7.0,1.0,0.0,5.0,6.0,22.0,25
421970,2012,16.0,0.0,2.0,9.0,3.0,84.0,10.0,9.0,39.0,21.0,284.0,349
421970,2013,0.0,0.0,0.0,0.0,0.0,0.0,0.0,0.0,0.0,0.0,298.0,357
421970,2014,16.0,1.0,4.0,6.0,4.0,89.0,15.0,16.0,46.0,49.0,300.0,369
421970,2015,15.0,0.0,8.0,10.0,5.0,120.0,5.0,25.0,31.0,90.0,329.0,416
421970,2016,30.0,2.0,11.0,8.0,5.0,138.0,5.0,31.0,37.0,95.0,362.0,452
421970,2017,26.0,0.0,12.0,10.0,10.0,124.0,9.0,25.0,26.0,102.0,349.0,429
421970,2018,32.0,1.0,11.0,8.0,12.0,152.0,15.0,40.0,46.0,105.0,423.0,543
421970,2019,30.0,2.0,16.0,5.0,7.0,146.0,10.0,42.0,27.0,85.0,370.0,472
421985,2012,0.0,0.0,0.0,0.0,0.0,0.0,0.0,0.0,0.0,0.0,28.0,42
421985,2013,0.0,0.0,0.0,0.0,0.0,0.0,0.0,0.0,0.0,0.0,38.0,44
421985,2014,1.0,0.0,0.0,1.0,2.0,9.0,3.0,1.0,4.0,3.0,27.0,34
421985,2015,2.0,0.0,0.0,1.0,0.0,6.0,4.0,1.0,5.0,3.0,22.0,27
421985,2016,1.0,1.0,0.0,3.0,0.0,16.0,2.0,1.0,4.0,7.0,35.0,45
421985,2017,2.0,0.0,1.0,3.0,1.0,12.0,2.0,4.0,7.0,3.0,35.0,43
421985,2018,0.0,0.0,1.0,2.0,2.0,20.0,1.0,1.0,7.0,7.0,42.0,51
421985,2019,6.0,0.0,2.0,0.0,1.0,19.0,4.0,5.0,9.0,12.0,59.0,66
422000,2013,0.0,0.0,0.0,0.0,0.0,0.0,0.0,0.0,0.0,0.0,63.0,132
422000,2014,5.0,0.0,6.0,3.0,2.0,33.0,5.0,1.0,23.0,6.0,86.0,200
422000,2015,6.0,0.0,2.0,2.0,1.0,26.0,7.0,1.0,25.0,5.0,76.0,180
422000,2016,7.0,0.0,6.0,4.0,3.0,38.0,6.0,3.0,21.0,5.0,93.0,190
422000,2017,12.0,0.0,2.0,5.0,1.0,31.0,12.0,7.0,21.0,3.0,94.0,195
422000,2018,10.0,1.0,0.0,4.0,4.0,38.0,12.0,3.0,25.0,3.0,100.0,200
422000,2019,5.0,0.0,13.0,4.0,2.0,38.0,7.0,4.0,19.0,5.0,97.0,194
430003,2012,8.0,0.0,4.0,1.0,1.0,10.0,4.0,2.0,7.0,11.0,48.0,81
430003,2013,0.0,0.0,0.0,0.0,0.0,0.0,0.0,0.0,0.0,0.0,39.0,57
430003,2014,7.0,0.0,0.0,1.0,1.0,16.0,6.0,3.0,8.0,5.0,47.0,73
430003,2015,2.0,0.0,2.0,1.0,1.0,12.0,3.0,4.0,5.0,6.0,36.0,55
430003,2016,1.0,0.0,2.0,2.0,0.0,11.0,3.0,2.0,1.0,10.0,32.0,49
430003,2017,2.0,1.0,0.0,2.0,1.0,12.0,3.0,1.0,4.0,6.0,32.0,52
430003,2018,4.0,0.0,2.0,2.0,1.0,12.0,6.0,5.0,5.0,9.0,46.0,71
430003,2019,3.0,0.0,0.0,1.0,1.0,20.0,4.0,0.0,3.0,11.0,43.0,56
430005,2012,2.0,0.0,0.0,0.0,0.0,12.0,2.0,0.0,4.0,4.0,35.0,48
430005,2013,0.0,0.0,0.0,0.0,0.0,0.0,0.0,0.0,0.0,0.0,37.0,44
430005,2014,1.0,0.0,0.0,0.0,3.0,10.0,4.0,0.0,6.0,4.0,32.0,48
430005,2015,4.0,0.0,0.0,1.0,0.0,7.0,2.0,1.0,8.0,2.0,26.0,36
430005,2016,1.0,0.0,2.0,1.0,0.0,11.0,3.0,1.0,3.0,3.0,28.0,43
430005,2017,1.0,0.0,0.0,3.0,0.0,12.0,0.0,1.0,10.0,3.0,31.0,45
430005,2018,2.0,0.0,0.0,5.0,3.0,12.0,0.0,2.0,4.0,0.0,28.0,36
430005,2019,4.0,0.0,0.0,5.0,2.0,8.0,0.0,0.0,10.0,3.0,32.0,51
430010,2012,12.0,2.0,2.0,5.0,6.0,33.0,9.0,1.0,38.0,4.0,113.0,182
430010,2013,0.0,0.0,0.0,0.0,0.0,0.0,0.0,0.0,0.0,0.0,113.0,180
430010,2014,14.0,1.0,10.0,4.0,3.0,25.0,10.0,0.0,32.0,1.0,101.0,162
430010,2015,7.0,3.0,0.0,2.0,3.0,30.0,12.0,4.0,31.0,7.0,99.0,161
430010,2016,12.0,0.0,6.0,6.0,2.0,33.0,13.0,1.0,28.0,8.0,109.0,165
430010,2017,8.0,0.0,2.0,2.0,4.0,26.0,9.0,1.0,27.0,9.0,89.0,150
430010,2018,12.0,0.0,4.0,4.0,3.0,37.0,7.0,3.0,25.0,8.0,103.0,175
430010,2019,11.0,0.0,6.0,2.0,6.0,39.0,9.0,2.0,22.0,8.0,106.0,165
430020,2012,0.0,0.0,2.0,5.0,5.0,1.0,0.0,0.0,4.0,2.0,59.0,70
430020,2013,0.0,0.0,0.0,0.0,0.0,0.0,0.0,0.0,0.0,0.0,67.0,81
430020,2014,6.0,2.0,2.0,2.0,3.0,13.0,5.0,4.0,6.0,2.0,45.0,61
430020,2015,5.0,0.0,0.0,1.0,3.0,23.0,2.0,3.0,14.0,6.0,57.0,68
430020,2016,3.0,1.0,4.0,0.0,2.0,26.0,2.0,1.0,11.0,8.0,58.0,78
430020,2017,3.0,0.0,0.0,1.0,0.0,24.0,2.0,3.0,9.0,5.0,48.0,60
430020,2018,4.0,2.0,2.0,1.0,0.0,29.0,4.0,2.0,13.0,10.0,67.0,88
430020,2019,3.0,0.0,0.0,3.0,2.0,14.0,3.0,1.0,16.0,4.0,46.0,59
430030,2012,8.0,0.0,4.0,1.0,2.0,14.0,8.0,5.0,6.0,11.0,60.0,67
430030,2013,0.0,0.0,0.0,0.0,0.0,0.0,0.0,0.0,0.0,0.0,43.0,52
430030,2014,2.0,0.0,0.0,1.0,1.0,19.0,3.0,2.0,13.0,4.0,45.0,59
430030,2015,0.0,0.0,0.0,1.0,0.0,14.0,3.0,1.0,19.0,2.0,40.0,48
430030,2016,1.0,0.0,2.0,0.0,0.0,19.0,5.0,1.0,10.0,5.0,43.0,57
430030,2017,3.0,0.0,0.0,0.0,0.0,20.0,6.0,2.0,18.0,4.0,53.0,59
430030,2018,2.0,0.0,0.0,0.0,1.0,18.0,3.0,1.0,6.0,3.0,34.0,39
430030,2019,2.0,0.0,2.0,0.0,2.0,18.0,7.0,0.0,11.0,2.0,44.0,49
430040,2012,102.0,4.0,15.0,9.0,20.0,168.0,60.0,11.0,229.0,42.0,727.0,871
430040,2013,0.0,0.0,0.0,0.0,0.0,0.0,0.0,0.0,0.0,0.0,751.0,935
430040,2014,91.0,2.0,13.0,12.0,10.0,213.0,99.0,15.0,227.0,74.0,756.0,925
430040,2015,83.0,4.0,28.0,25.0,23.0,230.0,83.0,22.0,256.0,46.0,800.0,954
430040,2016,84.0,4.0,12.0,20.0,21.0,234.0,70.0,20.0,187.0,89.0,741.0,858
430040,2017,124.0,6.0,11.0,24.0,21.0,234.0,50.0,27.0,168.0,80.0,748.0,888
430040,2018,113.0,5.0,16.0,19.0,27.0,296.0,67.0,25.0,164.0,67.0,799.0,934
430040,2019,96.0,4.0,19.0,15.0,12.0,257.0,51.0,23.0,158.0,74.0,709.0,828
430045,2012,0.0,0.0,2.0,0.0,0.0,4.0,0.0,1.0,1.0,0.0,26.0,33
430045,2013,0.0,0.0,0.0,0.0,0.0,0.0,0.0,0.0,0.0,0.0,32.0,34
430045,2014,5.0,0.0,0.0,0.0,3.0,8.0,6.0,1.0,12.0,1.0,36.0,37
430045,2015,3.0,0.0,0.0,0.0,0.0,11.0,6.0,0.0,7.0,2.0,29.0,31
430045,2016,5.0,0.0,2.0,0.0,0.0,14.0,1.0,0.0,11.0,3.0,36.0,38
430045,2017,2.0,0.0,4.0,0.0,1.0,8.0,6.0,0.0,7.0,3.0,31.0,38
430045,2018,4.0,1.0,2.0,1.0,1.0,9.0,6.0,0.0,11.0,5.0,40.0,43
430045,2019,2.0,0.0,2.0,1.0,2.0,11.0,5.0,0.0,9.0,5.0,37.0,40
430047,2012,1.0,0.0,0.0,6.0,7.0,3.0,0.0,0.0,0.0,0.0,17.0,21
430047,2013,0.0,0.0,0.0,0.0,0.0,0.0,0.0,0.0,0.0,0.0,21.0,24
430047,2014,0.0,0.0,0.0,2.0,3.0,4.0,3.0,0.0,7.0,0.0,19.0,22
430047,2015,1.0,0.0,2.0,0.0,1.0,6.0,1.0,0.0,2.0,2.0,15.0,24
430047,2016,1.0,0.0,0.0,0.0,0.0,7.0,1.0,1.0,4.0,0.0,14.0,22
430047,2017,2.0,0.0,4.0,1.0,0.0,9.0,2.0,0.0,3.0,0.0,21.0,25
430047,2018,1.0,0.0,0.0,3.0,1.0,3.0,3.0,1.0,1.0,0.0,14.0,16
430047,2019,1.0,0.0,0.0,1.0,2.0,3.0,1.0,0.0,3.0,3.0,14.0,17
430050,2012,3.0,0.0,1.0,0.0,1.0,0.0,0.0,0.0,2.0,4.0,30.0,70
430050,2013,0.0,0.0,0.0,0.0,0.0,0.0,0.0,0.0,0.0,0.0,34.0,61
430050,2014,5.0,0.0,0.0,3.0,1.0,16.0,4.0,5.0,8.0,7.0,50.0,72
430050,2015,0.0,0.0,6.0,0.0,1.0,14.0,3.0,10.0,7.0,15.0,56.0,71
430050,2016,4.0,0.0,0.0,0.0,0.0,7.0,3.0,10.0,6.0,21.0,52.0,72
430050,2017,4.0,2.0,0.0,2.0,0.0,12.0,6.0,4.0,6.0,16.0,52.0,70
430050,2018,3.0,0.0,2.0,1.0,1.0,16.0,2.0,1.0,11.0,9.0,48.0,73
430050,2019,4.0,1.0,0.0,1.0,0.0,11.0,2.0,2.0,6.0,1.0,28.0,50
430055,2012,1.0,14.0,0.0,0.0,0.0,2.0,0.0,0.0,0.0,0.0,18.0,21
430055,2013,0.0,0.0,0.0,0.0,0.0,0.0,0.0,0.0,0.0,0.0,19.0,21
430055,2014,0.0,2.0,0.0,4.0,3.0,3.0,0.0,0.0,0.0,1.0,13.0,14
430055,2015,0.0,0.0,0.0,4.0,3.0,2.0,1.0,1.0,2.0,1.0,14.0,18
430055,2016,0.0,0.0,2.0,8.0,3.0,0.0,0.0,0.0,1.0,1.0,15.0,15
430055,2017,1.0,0.0,0.0,6.0,4.0,0.0,0.0,0.0,0.0,0.0,11.0,13
430055,2018,1.0,0.0,1.0,2.0,0.0,3.0,2.0,0.0,5.0,0.0,14.0,15
430055,2019,0.0,0.0,0.0,1.0,0.0,4.0,0.0,0.0,8.0,1.0,14.0,16
430057,2012,1.0,0.0,0.0,0.0,1.0,4.0,0.0,0.0,5.0,2.0,13.0,19
430057,2013,0.0,0.0,0.0,0.0,0.0,0.0,0.0,0.0,0.0,0.0,17.0,21
430057,2014,3.0,0.0,0.0,1.0,0.0,5.0,5.0,1.0,7.0,1.0,23.0,26
430057,2015,3.0,0.0,4.0,0.0,0.0,7.0,1.0,1.0,6.0,3.0,25.0,32
430057,2016,2.0,0.0,0.0,0.0,1.0,13.0,2.0,0.0,7.0,3.0,28.0,32
430057,2017,7.0,0.0,0.0,1.0,0.0,3.0,1.0,0.0,6.0,2.0,20.0,26
430057,2018,1.0,0.0,0.0,3.0,0.0,12.0,3.0,0.0,11.0,0.0,30.0,35
430057,2019,0.0,0.0,0.0,0.0,1.0,3.0,0.0,0.0,7.0,0.0,11.0,16
430060,2012,141.0,4.0,58.0,52.0,64.0,379.0,97.0,30.0,372.0,101.0,1316.0,3416
430060,2013,0.0,0.0,0.0,0.0,0.0,0.0,0.0,0.0,0.0,0.0,1240.0,3352
430060,2014,115.0,9.0,63.0,62.0,61.0,406.0,123.0,45.0,302.0,75.0,1263.0,3419
430060,2015,139.0,13.0,74.0,63.0,46.0,366.0,131.0,36.0,304.0,86.0,1259.0,3505
430060,2016,138.0,9.0,55.0,69.0,41.0,435.0,110.0,57.0,287.0,80.0,1281.0,3330
430060,2017,135.0,9.0,84.0,71.0,30.0,377.0,127.0,25.0,290.0,87.0,1238.0,3263
430060,2018,118.0,12.0,68.0,55.0,49.0,388.0,137.0,31.0,247.0,72.0,1178.0,2995
430060,2019,107.0,11.0,49.0,53.0,30.0,393.0,116.0,41.0,260.0,70.0,1130.0,2764
430063,2012,1.0,0.0,0.0,0.0,0.0,8.0,1.0,1.0,11.0,3.0,28.0,52
430063,2013,0.0,0.0,0.0,0.0,0.0,0.0,0.0,0.0,0.0,0.0,38.0,60
430063,2014,4.0,0.0,0.0,3.0,0.0,14.0,2.0,1.0,2.0,9.0,35.0,61
430063,2015,1.0,0.0,4.0,0.0,3.0,10.0,1.0,1.0,4.0,9.0,33.0,57
430063,2016,3.0,0.0,0.0,2.0,0.0,11.0,3.0,1.0,6.0,10.0,36.0,55
430063,2017,2.0,0.0,0.0,1.0,2.0,11.0,4.0,4.0,4.0,4.0,32.0,48
430063,2018,2.0,0.0,2.0,0.0,2.0,11.0,3.0,0.0,6.0,2.0,28.0,54
430063,2019,2.0,0.0,2.0,1.0,2.0,17.0,1.0,1.0,7.0,3.0,37.0,61
430064,2012,4.0,1.0,1.0,0.0,0.0,5.0,1.0,0.0,1.0,3.0,40.0,78
430064,2013,0.0,0.0,0.0,0.0,0.0,0.0,0.0,0.0,0.0,0.0,57.0,78
430064,2014,4.0,6.0,0.0,3.0,0.0,18.0,9.0,2.0,15.0,1.0,59.0,73
430064,2015,3.0,2.0,2.0,2.0,7.0,22.0,12.0,3.0,17.0,2.0,72.0,94
430064,2016,3.0,0.0,2.0,1.0,1.0,22.0,8.0,1.0,19.0,1.0,58.0,69
430064,2017,0.0,0.0,2.0,1.0,3.0,9.0,11.0,2.0,28.0,5.0,62.0,77
430064,2018,4.0,0.0,5.0,4.0,1.0,20.0,1.0,1.0,12.0,9.0,59.0,82
430064,2019,6.0,2.0,0.0,1.0,1.0,23.0,8.0,3.0,16.0,4.0,64.0,84
430066,2012,1.0,0.0,0.0,0.0,0.0,3.0,0.0,2.0,1.0,6.0,13.0,15
430066,2013,0.0,0.0,0.0,0.0,0.0,0.0,0.0,0.0,0.0,0.0,8.0,13
430066,2014,0.0,0.0,0.0,0.0,0.0,5.0,1.0,1.0,2.0,1.0,10.0,11
430066,2015,1.0,0.0,0.0,1.0,1.0,4.0,1.0,1.0,2.0,2.0,13.0,14
430066,2016,0.0,0.0,2.0,0.0,0.0,4.0,1.0,2.0,1.0,1.0,11.0,11
430066,2017,1.0,0.0,0.0,1.0,1.0,3.0,0.0,0.0,0.0,0.0,6.0,6
430066,2018,0.0,0.0,0.0,1.0,1.0,2.0,1.0,1.0,3.0,5.0,14.0,15
430066,2019,1.0,0.0,0.0,1.0,0.0,2.0,0.0,0.0,0.0,0.0,4.0,6
430070,2012,3.0,0.0,2.0,3.0,9.0,7.0,4.0,0.0,10.0,3.0,47.0,54
430070,2013,0.0,0.0,0.0,0.0,0.0,0.0,0.0,0.0,0.0,0.0,48.0,52
430070,2014,5.0,0.0,2.0,2.0,3.0,10.0,5.0,2.0,7.0,1.0,39.0,41
430070,2015,2.0,0.0,4.0,3.0,4.0,14.0,2.0,1.0,14.0,0.0,50.0,60
430070,2016,12.0,0.0,0.0,4.0,4.0,12.0,4.0,0.0,10.0,5.0,52.0,59
430070,2017,4.0,0.0,2.0,1.0,4.0,11.0,4.0,0.0,18.0,4.0,48.0,56
430070,2018,5.0,0.0,0.0,5.0,3.0,14.0,4.0,1.0,15.0,2.0,49.0,56
430070,2019,1.0,0.0,0.0,1.0,2.0,19.0,1.0,1.0,6.0,1.0,32.0,61
430080,2012,3.0,0.0,2.0,0.0,1.0,49.0,4.0,1.0,35.0,3.0,115.0,127
430080,2013,0.0,0.0,0.0,0.0,0.0,0.0,0.0,0.0,0.0,0.0,120.0,129
430080,2014,7.0,0.0,2.0,1.0,5.0,45.0,11.0,0.0,50.0,4.0,128.0,144
430080,2015,8.0,0.0,4.0,0.0,2.0,51.0,11.0,1.0,51.0,2.0,130.0,149
430080,2016,13.0,0.0,7.0,1.0,1.0,46.0,10.0,0.0,49.0,1.0,128.0,137
430080,2017,12.0,0.0,0.0,1.0,1.0,53.0,8.0,0.0,38.0,0.0,113.0,125
430080,2018,11.0,0.0,4.0,1.0,1.0,44.0,8.0,1.0,39.0,0.0,109.0,122
430080,2019,12.0,0.0,6.0,2.0,1.0,41.0,13.0,0.0,40.0,0.0,115.0,127
430085,2012,0.0,0.0,0.0,0.0,1.0,9.0,1.0,0.0,6.0,1.0,20.0,40
430085,2013,0.0,0.0,0.0,0.0,0.0,0.0,0.0,0.0,0.0,0.0,24.0,43
430085,2014,0.0,0.0,0.0,1.0,0.0,8.0,1.0,3.0,0.0,4.0,17.0,26
430085,2015,0.0,0.0,2.0,0.0,0.0,5.0,1.0,0.0,6.0,5.0,19.0,45
430085,2016,2.0,0.0,0.0,1.0,2.0,11.0,2.0,0.0,5.0,1.0,24.0,42
430085,2017,2.0,0.0,0.0,2.0,0.0,7.0,2.0,1.0,5.0,1.0,20.0,41
430085,2018,1.0,0.0,2.0,1.0,1.0,6.0,4.0,2.0,4.0,3.0,24.0,42
430085,2019,3.0,0.0,2.0,1.0,0.0,6.0,2.0,1.0,4.0,5.0,24.0,46
430087,2012,3.0,1.0,0.0,1.0,2.0,18.0,4.0,2.0,15.0,5.0,54.0,104
430087,2013,0.0,0.0,0.0,0.0,0.0,0.0,0.0,0.0,0.0,0.0,54.0,82
430087,2014,7.0,0.0,2.0,0.0,2.0,28.0,4.0,1.0,14.0,8.0,66.0,108
430087,2015,3.0,0.0,2.0,2.0,2.0,19.0,2.0,0.0,15.0,5.0,51.0,93
430087,2016,4.0,0.0,0.0,3.0,0.0,20.0,0.0,1.0,13.0,6.0,47.0,95
430087,2017,5.0,0.0,1.0,2.0,1.0,18.0,4.0,2.0,12.0,8.0,53.0,88
430087,2018,6.0,0.0,0.0,1.0,1.0,26.0,2.0,0.0,12.0,5.0,53.0,100
430087,2019,6.0,0.0,0.0,1.0,1.0,14.0,7.0,2.0,18.0,7.0,56.0,89
430090,2012,2.0,0.0,0.0,4.0,6.0,8.0,4.0,0.0,5.0,2.0,33.0,50
430090,2013,0.0,0.0,0.0,0.0,0.0,0.0,0.0,0.0,0.0,0.0,35.0,57
430090,2014,2.0,0.0,0.0,6.0,5.0,11.0,4.0,2.0,9.0,6.0,45.0,54
430090,2015,4.0,0.0,4.0,2.0,1.0,10.0,5.0,2.0,10.0,4.0,42.0,60
430090,2016,2.0,0.0,0.0,3.0,2.0,15.0,0.0,2.0,9.0,5.0,38.0,46
430090,2017,1.0,0.0,4.0,0.0,1.0,11.0,5.0,0.0,12.0,2.0,36.0,51
430090,2018,4.0,0.0,2.0,3.0,0.0,9.0,2.0,0.0,11.0,3.0,35.0,50
430090,2019,3.0,0.0,2.0,0.0,1.0,19.0,6.0,1.0,10.0,4.0,46.0,67
430100,2012,17.0,0.0,5.0,2.0,6.0,52.0,20.0,3.0,89.0,5.0,199.0,218
430100,2013,0.0,0.0,0.0,0.0,0.0,0.0,0.0,0.0,0.0,0.0,206.0,217
430100,2014,12.0,0.0,4.0,2.0,6.0,66.0,36.0,3.0,100.0,15.0,245.0,273
430100,2015,11.0,0.0,3.0,4.0,11.0,64.0,23.0,3.0,64.0,9.0,195.0,228
430100,2016,10.0,0.0,0.0,4.0,6.0,84.0,16.0,3.0,88.0,14.0,225.0,257
430100,2017,10.0,1.0,3.0,4.0,5.0,84.0,15.0,4.0,70.0,20.0,216.0,234
430100,2018,9.0,0.0,5.0,3.0,7.0,96.0,24.0,4.0,74.0,16.0,238.0,268
430100,2019,9.0,0.0,9.0,4.0,7.0,97.0,23.0,5.0,66.0,24.0,244.0,271
430105,2012,4.0,0.0,0.0,0.0,0.0,11.0,2.0,2.0,20.0,5.0,45.0,74
430105,2013,0.0,0.0,0.0,0.0,0.0,0.0,0.0,0.0,0.0,0.0,56.0,96
430105,2014,4.0,0.0,0.0,0.0,1.0,12.0,8.0,2.0,19.0,5.0,51.0,103
430105,2015,5.0,0.0,1.0,2.0,2.0,23.0,12.0,2.0,25.0,4.0,76.0,127
430105,2016,2.0,0.0,2.0,1.0,0.0,30.0,12.0,2.0,24.0,7.0,80.0,113
430105,2017,7.0,0.0,2.0,2.0,0.0,25.0,10.0,0.0,20.0,3.0,69.0,118
430105,2018,7.0,0.0,4.0,4.0,0.0,29.0,7.0,4.0,26.0,1.0,82.0,131
430105,2019,4.0,0.0,2.0,2.0,2.0,22.0,10.0,3.0,16.0,4.0,65.0,100
430107,2012,2.0,0.0,0.0,0.0,1.0,3.0,0.0,0.0,4.0,2.0,13.0,21
430107,2013,0.0,0.0,0.0,0.0,0.0,0.0,0.0,0.0,0.0,0.0,14.0,19
430107,2014,0.0,0.0,2.0,1.0,1.0,6.0,0.0,1.0,2.0,0.0,14.0,16
430107,2015,5.0,0.0,2.0,0.0,0.0,2.0,2.0,1.0,2.0,3.0,20.0,28
430107,2016,0.0,0.0,0.0,1.0,0.0,2.0,0.0,0.0,5.0,4.0,12.0,19
430107,2017,0.0,0.0,0.0,0.0,1.0,3.0,0.0,2.0,3.0,3.0,13.0,21
430107,2018,1.0,0.0,0.0,1.0,2.0,1.0,1.0,0.0,6.0,2.0,15.0,20
430107,2019,2.0,0.0,2.0,1.0,1.0,5.0,1.0,1.0,2.0,2.0,17.0,20
430110,2012,9.0,0.0,2.0,4.0,1.0,21.0,6.0,2.0,23.0,3.0,85.0,147
430110,2013,0.0,0.0,0.0,0.0,0.0,0.0,0.0,0.0,0.0,0.0,115.0,182
430110,2014,6.0,0.0,9.0,4.0,0.0,35.0,12.0,1.0,39.0,5.0,111.0,177
430110,2015,7.0,0.0,6.0,0.0,1.0,36.0,17.0,4.0,23.0,4.0,98.0,183
430110,2016,4.0,0.0,2.0,3.0,2.0,30.0,11.0,5.0,28.0,6.0,92.0,175
430110,2017,10.0,0.0,4.0,2.0,5.0,37.0,12.0,3.0,25.0,8.0,106.0,169
430110,2018,6.0,0.0,2.0,0.0,5.0,34.0,7.0,5.0,22.0,11.0,92.0,164
430110,2019,14.0,0.0,2.0,4.0,4.0,33.0,8.0,0.0,20.0,11.0,96.0,165
430120,2012,16.0,3.0,4.0,4.0,6.0,23.0,2.0,6.0,6.0,34.0,107.0,131
430120,2013,0.0,0.0,0.0,0.0,0.0,0.0,0.0,0.0,0.0,0.0,92.0,108
430120,2014,13.0,0.0,1.0,3.0,5.0,28.0,14.0,9.0,37.0,13.0,123.0,139
430120,2015,13.0,0.0,2.0,6.0,4.0,34.0,16.0,7.0,42.0,8.0,132.0,153
430120,2016,19.0,0.0,0.0,4.0,3.0,25.0,10.0,1.0,43.0,5.0,110.0,138
430120,2017,24.0,0.0,2.0,7.0,6.0,35.0,14.0,1.0,48.0,8.0,145.0,162
430120,2018,18.0,0.0,0.0,1.0,1.0,32.0,12.0,1.0,38.0,3.0,106.0,127
430120,2019,11.0,0.0,0.0,4.0,2.0,38.0,14.0,3.0,29.0,2.0,103.0,117
430130,2012,19.0,0.0,8.0,2.0,1.0,18.0,7.0,4.0,32.0,26.0,124.0,206
430130,2013,0.0,0.0,0.0,0.0,0.0,0.0,0.0,0.0,0.0,0.0,116.0,211
430130,2014,13.0,0.0,8.0,3.0,3.0,40.0,5.0,10.0,22.0,22.0,130.0,201
430130,2015,12.0,1.0,4.0,3.0,1.0,42.0,8.0,9.0,27.0,28.0,138.0,232
430130,2016,11.0,1.0,3.0,4.0,4.0,44.0,6.0,15.0,40.0,23.0,155.0,219
430130,2017,15.0,0.0,2.0,6.0,4.0,53.0,5.0,5.0,15.0,43.0,153.0,220
430130,2018,11.0,1.0,2.0,9.0,4.0,39.0,9.0,12.0,34.0,22.0,144.0,227
430130,2019,7.0,1.0,2.0,5.0,1.0,40.0,5.0,5.0,26.0,15.0,107.0,188
430140,2012,19.0,0.0,2.0,6.0,5.0,18.0,7.0,5.0,14.0,6.0,84.0,102
430140,2013,0.0,0.0,0.0,0.0,0.0,0.0,0.0,0.0,0.0,0.0,78.0,90
430140,2014,15.0,0.0,0.0,6.0,6.0,22.0,10.0,4.0,16.0,7.0,89.0,110
430140,2015,9.0,1.0,0.0,9.0,7.0,20.0,10.0,3.0,20.0,7.0,90.0,112
430140,2016,11.0,0.0,4.0,2.0,7.0,25.0,13.0,1.0,28.0,7.0,99.0,117
430140,2017,3.0,0.0,2.0,2.0,4.0,26.0,9.0,1.0,33.0,6.0,86.0,114
430140,2018,3.0,0.0,4.0,2.0,3.0,28.0,4.0,2.0,27.0,8.0,81.0,120
430140,2019,3.0,0.0,4.0,5.0,3.0,29.0,6.0,1.0,16.0,4.0,71.0,116
430150,2012,0.0,0.0,0.0,0.0,0.0,3.0,2.0,1.0,4.0,0.0,29.0,46
430150,2013,0.0,0.0,0.0,0.0,0.0,0.0,0.0,0.0,0.0,0.0,55.0,77
430150,2014,2.0,2.0,0.0,1.0,1.0,20.0,5.0,1.0,8.0,3.0,43.0,62
430150,2015,2.0,3.0,2.0,1.0,2.0,13.0,8.0,2.0,16.0,2.0,51.0,76
430150,2016,0.0,1.0,0.0,0.0,2.0,15.0,2.0,0.0,24.0,4.0,48.0,71
430150,2017,2.0,0.0,2.0,1.0,1.0,18.0,5.0,0.0,22.0,5.0,56.0,76
430150,2018,4.0,0.0,4.0,1.0,2.0,23.0,5.0,2.0,19.0,5.0,65.0,90
430150,2019,5.0,2.0,0.0,0.0,1.0,16.0,9.0,0.0,23.0,2.0,58.0,76
430155,2012,1.0,0.0,0.0,1.0,0.0,5.0,2.0,0.0,8.0,0.0,17.0,30
430155,2013,0.0,0.0,0.0,0.0,0.0,0.0,0.0,0.0,0.0,0.0,18.0,30
430155,2014,3.0,0.0,2.0,0.0,1.0,5.0,2.0,2.0,4.0,1.0,20.0,34
430155,2015,2.0,0.0,0.0,0.0,2.0,5.0,2.0,1.0,5.0,1.0,18.0,28
430155,2016,3.0,0.0,2.0,0.0,2.0,5.0,0.0,0.0,7.0,2.0,21.0,25
430155,2017,2.0,0.0,0.0,1.0,0.0,5.0,1.0,1.0,4.0,0.0,14.0,23
430155,2018,3.0,0.0,4.0,1.0,1.0,5.0,0.0,0.0,8.0,2.0,24.0,33
430155,2019,1.0,0.0,0.0,0.0,1.0,6.0,2.0,0.0,8.0,2.0,20.0,31
430160,2012,108.0,2.0,25.0,23.0,28.0,310.0,52.0,26.0,296.0,132.0,1003.0,1576
430160,2013,0.0,0.0,0.0,0.0,0.0,0.0,0.0,0.0,0.0,0.0,1097.0,1584
430160,2014,119.0,1.0,40.0,23.0,23.0,325.0,111.0,46.0,245.0,152.0,1085.0,1591
430160,2015,104.0,3.0,46.0,28.0,23.0,357.0,89.0,55.0,254.0,159.0,1119.0,1615
430160,2016,130.0,4.0,39.0,25.0,28.0,387.0,53.0,71.0,161.0,223.0,1123.0,1619
430160,2017,117.0,2.0,33.0,20.0,15.0,406.0,115.0,34.0,298.0,101.0,1143.0,1644
430160,2018,115.0,9.0,44.0,39.0,24.0,383.0,112.0,22.0,327.0,65.0,1141.0,1591
430160,2019,130.0,3.0,50.0,29.0,24.0,407.0,107.0,32.0,347.0,89.0,1219.0,1676
430163,2012,4.0,0.0,2.0,0.0,1.0,11.0,5.0,0.0,7.0,0.0,46.0,109
430163,2013,0.0,0.0,0.0,0.0,0.0,0.0,0.0,0.0,0.0,0.0,67.0,152
430163,2014,6.0,0.0,3.0,2.0,3.0,11.0,6.0,2.0,14.0,4.0,51.0,138
430163,2015,3.0,0.0,2.0,0.0,0.0,22.0,7.0,2.0,19.0,1.0,56.0,146
430163,2016,5.0,0.0,4.0,1.0,1.0,23.0,7.0,2.0,21.0,4.0,68.0,143
430163,2017,4.0,0.0,0.0,2.0,0.0,33.0,6.0,3.0,17.0,3.0,69.0,153
430163,2018,3.0,0.0,2.0,2.0,1.0,27.0,7.0,4.0,17.0,1.0,64.0,149
430163,2019,3.0,0.0,1.0,3.0,3.0,32.0,8.0,1.0,13.0,7.0,71.0,151
430165,2012,3.0,0.0,2.0,1.0,0.0,15.0,2.0,1.0,13.0,4.0,46.0,56
430165,2013,0.0,0.0,0.0,0.0,0.0,0.0,0.0,0.0,0.0,0.0,32.0,42
430165,2014,3.0,0.0,0.0,0.0,0.0,19.0,8.0,0.0,17.0,7.0,54.0,64
430165,2015,6.0,1.0,0.0,1.0,4.0,12.0,12.0,0.0,16.0,3.0,55.0,63
430165,2016,2.0,0.0,2.0,0.0,0.0,13.0,3.0,2.0,14.0,3.0,39.0,52
430165,2017,4.0,0.0,2.0,2.0,1.0,11.0,3.0,1.0,11.0,5.0,40.0,51
430165,2018,5.0,0.0,0.0,1.0,3.0,16.0,3.0,1.0,15.0,7.0,51.0,73
430165,2019,5.0,1.0,2.0,3.0,2.0,14.0,1.0,0.0,13.0,2.0,43.0,57
430170,2012,1.0,0.0,0.0,3.0,1.0,14.0,2.0,0.0,14.0,2.0,37.0,69
430170,2013,0.0,0.0,0.0,0.0,0.0,0.0,0.0,0.0,0.0,0.0,32.0,60
430170,2014,3.0,0.0,4.0,0.0,3.0,10.0,11.0,0.0,13.0,2.0,46.0,67
430170,2015,3.0,0.0,3.0,2.0,0.0,11.0,7.0,0.0,14.0,3.0,43.0,73
430170,2016,6.0,0.0,0.0,3.0,4.0,24.0,11.0,3.0,16.0,6.0,73.0,104
430170,2017,1.0,0.0,2.0,2.0,0.0,16.0,5.0,0.0,11.0,3.0,40.0,62
430170,2018,3.0,0.0,0.0,0.0,2.0,16.0,5.0,0.0,23.0,4.0,53.0,71
430170,2019,4.0,0.0,0.0,0.0,1.0,23.0,2.0,2.0,10.0,6.0,48.0,76
430175,2012,4.0,0.0,4.0,1.0,5.0,6.0,5.0,0.0,9.0,2.0,45.0,65
430175,2013,0.0,0.0,0.0,0.0,0.0,0.0,0.0,0.0,0.0,0.0,36.0,57
430175,2014,3.0,1.0,0.0,0.0,2.0,11.0,7.0,0.0,13.0,4.0,41.0,68
430175,2015,0.0,1.0,0.0,0.0,0.0,8.0,4.0,1.0,19.0,3.0,36.0,50
430175,2016,2.0,0.0,0.0,1.0,1.0,12.0,5.0,1.0,9.0,1.0,32.0,61
430175,2017,4.0,0.0,2.0,2.0,0.0,12.0,1.0,5.0,15.0,4.0,45.0,73
430175,2018,1.0,0.0,0.0,0.0,0.0,16.0,3.0,3.0,9.0,4.0,36.0,59
430175,2019,4.0,0.0,0.0,0.0,0.0,13.0,3.0,0.0,7.0,2.0,29.0,38
430180,2012,3.0,0.0,0.0,0.0,0.0,5.0,2.0,0.0,1.0,8.0,26.0,45
430180,2013,0.0,0.0,0.0,0.0,0.0,0.0,0.0,0.0,0.0,0.0,34.0,49
430180,2014,2.0,0.0,0.0,1.0,0.0,15.0,2.0,0.0,7.0,3.0,31.0,42
430180,2015,6.0,1.0,0.0,3.0,2.0,12.0,1.0,3.0,6.0,6.0,41.0,65
430180,2016,3.0,0.0,0.0,0.0,0.0,7.0,0.0,0.0,5.0,4.0,19.0,39
430180,2017,2.0,0.0,0.0,1.0,0.0,6.0,1.0,1.0,8.0,7.0,26.0,46
430180,2018,6.0,0.0,4.0,0.0,1.0,9.0,4.0,1.0,13.0,4.0,42.0,48
430180,2019,6.0,0.0,4.0,1.0,0.0,13.0,5.0,1.0,12.0,8.0,51.0,63
430185,2012,4.0,0.0,0.0,0.0,0.0,3.0,2.0,0.0,6.0,3.0,26.0,45
430185,2013,0.0,0.0,0.0,0.0,0.0,0.0,0.0,0.0,0.0,0.0,31.0,42
430185,2014,0.0,0.0,2.0,0.0,1.0,6.0,1.0,2.0,5.0,4.0,25.0,37
430185,2015,1.0,0.0,0.0,3.0,1.0,12.0,2.0,4.0,8.0,2.0,34.0,48
430185,2016,1.0,0.0,2.0,0.0,0.0,8.0,3.0,0.0,8.0,3.0,25.0,44
430185,2017,1.0,0.0,2.0,1.0,0.0,9.0,0.0,0.0,6.0,4.0,23.0,52
430185,2018,1.0,0.0,0.0,3.0,0.0,7.0,1.0,1.0,7.0,3.0,23.0,42
430185,2019,1.0,0.0,2.0,1.0,0.0,8.0,3.0,0.0,3.0,4.0,22.0,47
430187,2012,0.0,0.0,0.0,1.0,0.0,8.0,1.0,1.0,3.0,5.0,19.0,30
430187,2013,0.0,0.0,0.0,0.0,0.0,0.0,0.0,0.0,0.0,0.0,20.0,40
430187,2014,0.0,0.0,2.0,0.0,0.0,2.0,1.0,4.0,2.0,8.0,19.0,38
430187,2015,3.0,0.0,0.0,0.0,0.0,5.0,3.0,0.0,5.0,2.0,18.0,34
430187,2016,6.0,0.0,0.0,0.0,1.0,10.0,1.0,4.0,3.0,5.0,31.0,48
430187,2017,1.0,0.0,0.0,1.0,0.0,12.0,2.0,3.0,5.0,6.0,30.0,53
430187,2018,0.0,0.0,0.0,0.0,1.0,19.0,1.0,0.0,6.0,5.0,32.0,53
430187,2019,2.0,0.0,1.0,1.0,1.0,8.0,1.0,2.0,3.0,4.0,23.0,40
430190,2012,5.0,0.0,0.0,2.0,2.0,13.0,6.0,0.0,19.0,0.0,56.0,128
430190,2013,0.0,0.0,0.0,0.0,0.0,0.0,0.0,0.0,0.0,0.0,55.0,151
430190,2014,5.0,0.0,0.0,0.0,2.0,9.0,9.0,4.0,16.0,3.0,48.0,121
430190,2015,2.0,0.0,0.0,5.0,0.0,16.0,9.0,0.0,29.0,8.0,69.0,162
430190,2016,7.0,0.0,3.0,2.0,2.0,22.0,4.0,5.0,16.0,11.0,73.0,160
430190,2017,4.0,0.0,0.0,6.0,2.0,24.0,8.0,2.0,23.0,8.0,77.0,163
430190,2018,6.0,0.0,2.0,4.0,6.0,21.0,7.0,5.0,11.0,4.0,66.0,152
430190,2019,9.0,0.0,3.0,8.0,5.0,21.0,4.0,1.0,11.0,3.0,65.0,151
430192,2012,0.0,0.0,0.0,0.0,0.0,2.0,0.0,0.0,5.0,0.0,8.0,15
430192,2013,0.0,0.0,0.0,0.0,0.0,0.0,0.0,0.0,0.0,0.0,10.0,12
430192,2014,0.0,0.0,0.0,1.0,1.0,0.0,1.0,0.0,4.0,1.0,8.0,10
430192,2015,0.0,2.0,0.0,0.0,1.0,4.0,0.0,1.0,0.0,1.0,9.0,11
430192,2016,0.0,0.0,0.0,0.0,0.0,1.0,0.0,0.0,1.0,0.0,2.0,6
430192,2017,1.0,0.0,0.0,0.0,0.0,3.0,0.0,1.0,3.0,2.0,10.0,13
430192,2018,1.0,0.0,2.0,2.0,0.0,1.0,1.0,0.0,4.0,0.0,11.0,12
430192,2019,0.0,0.0,0.0,1.0,0.0,3.0,0.0,0.0,3.0,0.0,7.0,9
430195,2012,1.0,0.0,4.0,0.0,2.0,8.0,0.0,0.0,9.0,3.0,33.0,33
430195,2013,0.0,0.0,0.0,0.0,0.0,0.0,0.0,0.0,0.0,0.0,19.0,20
430195,2014,1.0,0.0,0.0,0.0,1.0,11.0,3.0,2.0,11.0,2.0,32.0,36
430195,2015,3.0,0.0,0.0,2.0,4.0,8.0,2.0,2.0,2.0,3.0,27.0,30
430195,2016,0.0,0.0,2.0,1.0,1.0,11.0,0.0,2.0,8.0,5.0,32.0,34
430195,2017,2.0,0.0,2.0,0.0,2.0,12.0,2.0,0.0,9.0,5.0,35.0,36
430195,2018,3.0,0.0,2.0,2.0,0.0,8.0,0.0,1.0,13.0,3.0,33.0,36
430195,2019,2.0,1.0,3.0,1.0,1.0,10.0,1.0,1.0,11.0,1.0,32.0,34
430200,2012,25.0,3.0,2.0,4.0,3.0,13.0,3.0,0.0,9.0,4.0,66.0,123
430200,2013,0.0,0.0,0.0,0.0,0.0,0.0,0.0,0.0,0.0,0.0,46.0,119
430200,2014,6.0,1.0,0.0,0.0,1.0,22.0,3.0,3.0,15.0,6.0,62.0,109
430200,2015,6.0,2.0,2.0,5.0,5.0,18.0,3.0,2.0,20.0,7.0,70.0,130
430200,2016,6.0,2.0,0.0,4.0,2.0,14.0,4.0,4.0,18.0,2.0,56.0,99
430200,2017,5.0,1.0,0.0,5.0,5.0,17.0,3.0,1.0,10.0,8.0,55.0,104
430200,2018,4.0,2.0,5.0,2.0,4.0,19.0,1.0,5.0,16.0,10.0,68.0,115
430200,2019,3.0,1.0,5.0,1.0,1.0,19.0,3.0,1.0,13.0,2.0,49.0,98
430205,2012,1.0,1.0,0.0,0.0,0.0,0.0,0.0,0.0,1.0,1.0,14.0,24
430205,2013,0.0,0.0,0.0,0.0,0.0,0.0,0.0,0.0,0.0,0.0,25.0,34
430205,2014,4.0,0.0,0.0,0.0,0.0,4.0,0.0,4.0,3.0,1.0,19.0,37
430205,2015,2.0,0.0,0.0,0.0,0.0,5.0,3.0,1.0,2.0,3.0,20.0,35
430205,2016,1.0,0.0,0.0,0.0,0.0,6.0,1.0,2.0,7.0,3.0,25.0,40
430205,2017,1.0,1.0,0.0,1.0,0.0,6.0,2.0,3.0,5.0,3.0,26.0,40
430205,2018,2.0,0.0,0.0,1.0,0.0,7.0,2.0,0.0,4.0,2.0,18.0,28
430205,2019,2.0,0.0,0.0,0.0,0.0,6.0,0.0,2.0,3.0,0.0,14.0,27
430210,2012,88.0,1.0,23.0,20.0,44.0,242.0,72.0,23.0,322.0,92.0,931.0,1406
430210,2013,0.0,0.0,0.0,0.0,0.0,0.0,0.0,0.0,0.0,0.0,1028.0,1469
430210,2014,112.0,1.0,43.0,23.0,38.0,296.0,97.0,40.0,379.0,101.0,1130.0,1614
430210,2015,111.0,7.0,45.0,37.0,42.0,345.0,91.0,33.0,334.0,98.0,1144.0,1700
430210,2016,87.0,3.0,27.0,33.0,29.0,271.0,74.0,29.0,223.0,96.0,872.0,1483
430210,2017,80.0,6.0,45.0,28.0,32.0,300.0,80.0,28.0,225.0,92.0,916.0,1541
430210,2018,73.0,0.0,36.0,40.0,38.0,280.0,78.0,17.0,269.0,72.0,903.0,1528
430210,2019,68.0,3.0,33.0,30.0,46.0,278.0,58.0,35.0,192.0,78.0,822.0,1557
430215,2012,0.0,0.0,0.0,1.0,1.0,6.0,0.0,0.0,5.0,2.0,22.0,24
430215,2013,0.0,0.0,0.0,0.0,0.0,0.0,0.0,0.0,0.0,0.0,14.0,17
430215,2014,1.0,0.0,2.0,2.0,0.0,9.0,2.0,0.0,4.0,2.0,23.0,24
430215,2015,3.0,0.0,3.0,0.0,1.0,9.0,3.0,1.0,8.0,0.0,30.0,34
430215,2016,0.0,0.0,2.0,0.0,0.0,8.0,1.0,1.0,9.0,1.0,23.0,24
430215,2017,3.0,0.0,0.0,0.0,0.0,6.0,0.0,0.0,7.0,1.0,17.0,20
430215,2018,0.0,0.0,2.0,0.0,0.0,5.0,1.0,3.0,2.0,6.0,21.0,23
430215,2019,0.0,1.0,0.0,1.0,1.0,12.0,3.0,1.0,2.0,2.0,25.0,30
430220,2012,3.0,0.0,0.0,0.0,0.0,5.0,3.0,0.0,7.0,1.0,55.0,64
430220,2013,0.0,0.0,0.0,0.0,0.0,0.0,0.0,0.0,0.0,0.0,57.0,58
430220,2014,5.0,0.0,0.0,3.0,3.0,12.0,9.0,2.0,26.0,4.0,64.0,70
430220,2015,8.0,0.0,2.0,1.0,0.0,20.0,12.0,1.0,20.0,2.0,66.0,73
430220,2016,9.0,0.0,0.0,1.0,2.0,14.0,4.0,0.0,23.0,3.0,56.0,65
430220,2017,5.0,0.0,4.0,2.0,0.0,31.0,7.0,1.0,24.0,2.0,76.0,87
430220,2018,6.0,0.0,4.0,4.0,3.0,25.0,8.0,0.0,26.0,3.0,79.0,90
430220,2019,6.0,0.0,4.0,2.0,1.0,28.0,5.0,2.0,13.0,9.0,70.0,79
430222,2012,1.0,0.0,0.0,0.0,0.0,2.0,0.0,1.0,1.0,1.0,7.0,7
430222,2013,0.0,0.0,0.0,0.0,0.0,0.0,0.0,0.0,0.0,0.0,30.0,33
430222,2014,1.0,0.0,2.0,0.0,1.0,5.0,1.0,2.0,5.0,3.0,20.0,23
430222,2015,1.0,0.0,0.0,1.0,0.0,2.0,1.0,0.0,4.0,0.0,9.0,13
430222,2016,1.0,0.0,2.0,0.0,0.0,10.0,2.0,0.0,3.0,2.0,20.0,21
430222,2017,1.0,0.0,0.0,0.0,0.0,9.0,2.0,2.0,5.0,1.0,20.0,24
430222,2018,3.0,0.0,0.0,0.0,0.0,9.0,2.0,2.0,3.0,1.0,20.0,25
430222,2019,1.0,0.0,2.0,1.0,0.0,4.0,2.0,0.0,5.0,0.0,15.0,21
430223,2012,3.0,0.0,0.0,1.0,0.0,8.0,1.0,1.0,2.0,17.0,33.0,35
430223,2013,0.0,0.0,0.0,0.0,0.0,0.0,0.0,0.0,0.0,0.0,34.0,39
430223,2014,1.0,0.0,0.0,0.0,1.0,11.0,2.0,1.0,3.0,4.0,23.0,26
430223,2015,4.0,0.0,0.0,0.0,0.0,13.0,1.0,1.0,6.0,2.0,27.0,30
430223,2016,2.0,0.0,0.0,0.0,0.0,10.0,0.0,0.0,2.0,0.0,14.0,16
430223,2017,2.0,0.0,2.0,1.0,1.0,17.0,4.0,1.0,9.0,1.0,39.0,46
430223,2018,1.0,0.0,0.0,0.0,1.0,13.0,4.0,0.0,7.0,2.0,28.0,34
430223,2019,2.0,0.0,2.0,2.0,0.0,13.0,1.0,1.0,10.0,2.0,33.0,35
430225,2012,0.0,0.0,0.0,1.0,0.0,4.0,0.0,1.0,6.0,3.0,15.0,17
430225,2013,0.0,0.0,0.0,0.0,0.0,0.0,0.0,0.0,0.0,0.0,13.0,16
430225,2014,1.0,0.0,0.0,1.0,1.0,8.0,3.0,3.0,2.0,4.0,23.0,26
430225,2015,3.0,1.0,0.0,1.0,1.0,6.0,1.0,0.0,3.0,0.0,16.0,20
430225,2016,1.0,0.0,0.0,0.0,0.0,2.0,1.0,2.0,7.0,2.0,15.0,21
430225,2017,0.0,0.0,2.0,1.0,0.0,2.0,0.0,0.0,3.0,2.0,10.0,14
430225,2018,0.0,0.0,0.0,0.0,2.0,8.0,0.0,0.0,2.0,3.0,15.0,21
430225,2019,1.0,0.0,0.0,0.0,0.0,16.0,0.0,1.0,3.0,1.0,22.0,26
430230,2012,3.0,0.0,0.0,0.0,0.0,5.0,5.0,0.0,8.0,5.0,60.0,159
430230,2013,0.0,0.0,0.0,0.0,0.0,0.0,0.0,0.0,0.0,0.0,57.0,144
430230,2014,3.0,0.0,0.0,1.0,1.0,8.0,1.0,5.0,7.0,15.0,65.0,133
430230,2015,9.0,0.0,2.0,4.0,4.0,11.0,6.0,2.0,16.0,9.0,69.0,154
430230,2016,3.0,0.0,2.0,2.0,3.0,19.0,6.0,3.0,14.0,7.0,69.0,160
430230,2017,6.0,0.0,0.0,2.0,5.0,16.0,3.0,0.0,18.0,15.0,65.0,165
430230,2018,10.0,1.0,2.0,7.0,3.0,22.0,3.0,4.0,11.0,10.0,77.0,170
430230,2019,5.0,0.0,1.0,1.0,1.0,31.0,5.0,6.0,8.0,8.0,66.0,160
430235,2012,11.0,0.0,4.0,1.0,3.0,34.0,9.0,3.0,31.0,16.0,121.0,159
430235,2013,0.0,0.0,0.0,0.0,0.0,0.0,0.0,0.0,0.0,0.0,104.0,122
430235,2014,15.0,1.0,0.0,2.0,3.0,47.0,14.0,6.0,30.0,8.0,127.0,164
430235,2015,10.0,0.0,4.0,10.0,3.0,47.0,14.0,6.0,33.0,14.0,141.0,184
430235,2016,11.0,0.0,2.0,7.0,3.0,43.0,14.0,6.0,32.0,15.0,134.0,166
430235,2017,8.0,2.0,3.0,0.0,2.0,54.0,14.0,4.0,33.0,22.0,144.0,169
430235,2018,15.0,0.0,4.0,6.0,4.0,42.0,7.0,5.0,24.0,15.0,127.0,158
430235,2019,13.0,1.0,8.0,9.0,3.0,61.0,11.0,2.0,31.0,15.0,155.0,192
430237,2012,1.0,0.0,0.0,1.0,1.0,4.0,2.0,1.0,5.0,0.0,15.0,25
430237,2013,0.0,0.0,0.0,0.0,0.0,0.0,0.0,0.0,0.0,0.0,21.0,33
430237,2014,5.0,0.0,0.0,0.0,0.0,7.0,5.0,1.0,2.0,1.0,22.0,34
430237,2015,2.0,0.0,0.0,0.0,0.0,7.0,2.0,2.0,4.0,1.0,18.0,25
430237,2016,2.0,0.0,0.0,1.0,0.0,7.0,4.0,0.0,3.0,1.0,18.0,23
430237,2017,2.0,0.0,0.0,0.0,0.0,14.0,3.0,0.0,6.0,4.0,29.0,39
430237,2018,1.0,0.0,0.0,0.0,0.0,7.0,0.0,1.0,5.0,1.0,15.0,18
430237,2019,2.0,0.0,0.0,0.0,0.0,11.0,0.0,0.0,4.0,1.0,23.0,33
430240,2012,9.0,1.0,1.0,0.0,4.0,38.0,13.0,1.0,48.0,11.0,137.0,150
430240,2013,0.0,0.0,0.0,0.0,0.0,0.0,0.0,0.0,0.0,0.0,143.0,150
430240,2014,6.0,0.0,4.0,0.0,2.0,42.0,6.0,2.0,36.0,5.0,119.0,137
430240,2015,9.0,0.0,5.0,2.0,1.0,53.0,22.0,2.0,48.0,8.0,152.0,165
430240,2016,9.0,0.0,4.0,2.0,3.0,42.0,15.0,4.0,55.0,4.0,138.0,147
430240,2017,8.0,0.0,7.0,3.0,3.0,48.0,17.0,1.0,41.0,3.0,131.0,149
430240,2018,11.0,0.0,4.0,1.0,4.0,60.0,11.0,1.0,38.0,8.0,138.0,154
430240,2019,5.0,0.0,4.0,0.0,1.0,61.0,10.0,1.0,42.0,10.0,135.0,159
430245,2012,2.0,1.0,4.0,1.0,1.0,7.0,3.0,4.0,15.0,8.0,47.0,83
430245,2013,0.0,0.0,0.0,0.0,0.0,0.0,0.0,0.0,0.0,0.0,57.0,104
430245,2014,6.0,1.0,4.0,2.0,2.0,11.0,7.0,2.0,18.0,4.0,57.0,84
430245,2015,7.0,0.0,2.0,2.0,2.0,17.0,13.0,1.0,19.0,11.0,74.0,100
430245,2016,5.0,1.0,0.0,1.0,0.0,13.0,15.0,3.0,9.0,2.0,49.0,76
430245,2017,4.0,0.0,0.0,0.0,1.0,8.0,5.0,4.0,20.0,3.0,45.0,64
430245,2018,5.0,0.0,4.0,0.0,2.0,15.0,5.0,6.0,12.0,8.0,57.0,80
430245,2019,3.0,0.0,0.0,2.0,3.0,29.0,6.0,4.0,15.0,9.0,71.0,104
430250,2012,1.0,2.0,0.0,2.0,0.0,7.0,0.0,1.0,9.0,5.0,29.0,61
430250,2013,0.0,0.0,0.0,0.0,0.0,0.0,0.0,0.0,0.0,0.0,25.0,51
430250,2014,2.0,0.0,2.0,3.0,0.0,5.0,1.0,3.0,10.0,3.0,29.0,50
430250,2015,7.0,0.0,0.0,0.0,2.0,6.0,3.0,2.0,4.0,6.0,30.0,57
430250,2016,4.0,0.0,0.0,2.0,0.0,16.0,5.0,3.0,6.0,6.0,42.0,61
430250,2017,5.0,0.0,3.0,0.0,1.0,11.0,4.0,0.0,5.0,2.0,31.0,54
430250,2018,3.0,1.0,0.0,0.0,1.0,14.0,2.0,3.0,7.0,5.0,36.0,63
430250,2019,3.0,0.0,0.0,1.0,1.0,17.0,2.0,0.0,7.0,4.0,35.0,63
430258,2012,0.0,0.0,0.0,0.0,0.0,0.0,0.0,0.0,2.0,0.0,9.0,10
430258,2013,0.0,0.0,0.0,0.0,0.0,0.0,0.0,0.0,0.0,0.0,12.0,20
430258,2014,1.0,0.0,0.0,1.0,1.0,1.0,1.0,0.0,2.0,2.0,9.0,17
430258,2015,0.0,0.0,0.0,0.0,0.0,4.0,0.0,0.0,3.0,2.0,9.0,17
430258,2016,3.0,0.0,0.0,1.0,0.0,6.0,3.0,0.0,4.0,1.0,18.0,27
430258,2017,0.0,0.0,2.0,0.0,1.0,0.0,2.0,0.0,7.0,0.0,12.0,22
430258,2018,0.0,0.0,0.0,0.0,0.0,4.0,2.0,0.0,6.0,1.0,13.0,18
430258,2019,1.0,0.0,0.0,2.0,1.0,6.0,3.0,0.0,5.0,0.0,18.0,25
430260,2012,0.0,0.0,0.0,0.0,0.0,1.0,0.0,0.0,1.0,0.0,21.0,27
430260,2013,0.0,0.0,0.0,0.0,0.0,0.0,0.0,0.0,0.0,0.0,30.0,45
430260,2014,1.0,0.0,0.0,0.0,0.0,11.0,6.0,1.0,2.0,3.0,27.0,34
430260,2015,6.0,1.0,0.0,0.0,1.0,7.0,2.0,0.0,5.0,2.0,24.0,42
430260,2016,5.0,0.0,2.0,0.0,0.0,8.0,2.0,0.0,5.0,2.0,24.0,34
430260,2017,1.0,0.0,0.0,1.0,2.0,13.0,3.0,1.0,12.0,0.0,33.0,46
430260,2018,1.0,0.0,2.0,4.0,0.0,6.0,1.0,1.0,9.0,1.0,26.0,43
430260,2019,2.0,0.0,0.0,0.0,1.0,8.0,2.0,0.0,6.0,5.0,24.0,40
430265,2012,0.0,0.0,0.0,0.0,2.0,8.0,3.0,3.0,2.0,3.0,27.0,33
430265,2013,0.0,0.0,0.0,0.0,0.0,0.0,0.0,0.0,0.0,0.0,25.0,32
430265,2014,1.0,0.0,2.0,2.0,1.0,14.0,4.0,2.0,8.0,2.0,36.0,45
430265,2015,0.0,0.0,2.0,0.0,0.0,7.0,2.0,1.0,5.0,3.0,20.0,32
430265,2016,5.0,0.0,0.0,3.0,1.0,6.0,2.0,0.0,9.0,3.0,29.0,41
430265,2017,6.0,0.0,1.0,1.0,0.0,8.0,3.0,0.0,15.0,4.0,38.0,50
430265,2018,2.0,0.0,0.0,2.0,2.0,9.0,4.0,1.0,9.0,2.0,31.0,42
430265,2019,2.0,0.0,4.0,1.0,1.0,11.0,2.0,1.0,9.0,2.0,34.0,46
430270,2012,10.0,0.0,8.0,5.0,2.0,27.0,5.0,2.0,33.0,2.0,113.0,220
430270,2013,0.0,0.0,0.0,0.0,0.0,0.0,0.0,0.0,0.0,0.0,131.0,237
430270,2014,7.0,1.0,12.0,4.0,2.0,56.0,29.0,4.0,48.0,12.0,176.0,313
430270,2015,13.0,0.0,2.0,1.0,2.0,30.0,21.0,4.0,39.0,14.0,129.0,274
430270,2016,5.0,0.0,8.0,3.0,1.0,52.0,19.0,2.0,43.0,13.0,146.0,269
430270,2017,8.0,1.0,3.0,6.0,3.0,49.0,12.0,3.0,39.0,12.0,136.0,243
430270,2018,8.0,0.0,9.0,0.0,7.0,47.0,17.0,3.0,51.0,15.0,157.0,265
430270,2019,11.0,1.0,4.0,2.0,4.0,49.0,15.0,9.0,38.0,14.0,147.0,233
430280,2012,23.0,2.0,6.0,3.0,2.0,76.0,10.0,8.0,66.0,30.0,247.0,352
430280,2013,0.0,0.0,0.0,0.0,0.0,0.0,0.0,0.0,0.0,0.0,290.0,424
430280,2014,22.0,1.0,8.0,6.0,5.0,66.0,16.0,18.0,58.0,52.0,252.0,398
430280,2015,19.0,1.0,14.0,8.0,8.0,79.0,13.0,12.0,54.0,40.0,248.0,390
430280,2016,20.0,3.0,6.0,6.0,5.0,79.0,19.0,16.0,52.0,59.0,265.0,382
430280,2017,10.0,2.0,7.0,6.0,4.0,84.0,13.0,16.0,46.0,57.0,245.0,366
430280,2018,14.0,2.0,19.0,6.0,7.0,97.0,24.0,12.0,41.0,54.0,276.0,417
430280,2019,16.0,2.0,3.0,7.0,7.0,106.0,12.0,10.0,53.0,43.0,259.0,394
430290,2012,8.0,0.0,0.0,2.0,2.0,17.0,8.0,0.0,14.0,4.0,57.0,127
430290,2013,0.0,0.0,0.0,0.0,0.0,0.0,0.0,0.0,0.0,0.0,84.0,130
430290,2014,5.0,0.0,0.0,3.0,2.0,12.0,3.0,2.0,19.0,4.0,50.0,104
430290,2015,7.0,0.0,10.0,3.0,7.0,27.0,4.0,2.0,12.0,4.0,76.0,136
430290,2016,8.0,0.0,0.0,1.0,0.0,29.0,7.0,1.0,11.0,6.0,63.0,117
430290,2017,4.0,0.0,2.0,1.0,1.0,19.0,1.0,4.0,18.0,6.0,56.0,98
430290,2018,5.0,0.0,4.0,3.0,1.0,20.0,5.0,1.0,8.0,5.0,52.0,95
430290,2019,7.0,0.0,4.0,2.0,1.0,21.0,11.0,0.0,20.0,5.0,71.0,118
430300,2012,72.0,0.0,18.0,12.0,13.0,200.0,66.0,16.0,197.0,56.0,660.0,999
430300,2013,0.0,0.0,0.0,0.0,0.0,0.0,0.0,0.0,0.0,0.0,608.0,976
430300,2014,60.0,0.0,16.0,13.0,22.0,193.0,55.0,19.0,175.0,50.0,604.0,975
430300,2015,66.0,2.0,29.0,16.0,21.0,226.0,50.0,24.0,180.0,62.0,677.0,1076
430300,2016,65.0,3.0,21.0,20.0,13.0,226.0,52.0,15.0,177.0,43.0,635.0,989
430300,2017,68.0,1.0,23.0,19.0,17.0,217.0,47.0,11.0,159.0,44.0,606.0,997
430300,2018,75.0,1.0,14.0,13.0,17.0,219.0,55.0,10.0,156.0,33.0,593.0,968
430300,2019,81.0,2.0,29.0,19.0,17.0,277.0,44.0,15.0,171.0,45.0,701.0,984
430310,2012,89.0,1.0,34.0,31.0,25.0,267.0,76.0,24.0,322.0,73.0,975.0,1928
430310,2013,0.0,0.0,0.0,0.0,0.0,0.0,0.0,0.0,0.0,0.0,1039.0,1932
430310,2014,92.0,2.0,61.0,30.0,36.0,278.0,140.0,26.0,360.0,57.0,1094.0,2106
430310,2015,99.0,6.0,35.0,27.0,32.0,293.0,123.0,14.0,281.0,69.0,984.0,2010
430310,2016,77.0,6.0,31.0,33.0,26.0,289.0,120.0,27.0,290.0,54.0,953.0,1933
430310,2017,105.0,5.0,31.0,41.0,35.0,292.0,91.0,32.0,256.0,65.0,962.0,1894
430310,2018,81.0,1.0,42.0,36.0,36.0,268.0,83.0,25.0,238.0,71.0,881.0,1778
430310,2019,85.0,3.0,23.0,27.0,35.0,276.0,85.0,9.0,221.0,31.0,795.0,1673
430320,2012,4.0,0.0,0.0,1.0,0.0,13.0,1.0,4.0,8.0,4.0,36.0,59
430320,2013,0.0,0.0,0.0,0.0,0.0,0.0,0.0,0.0,0.0,0.0,28.0,60
430320,2014,2.0,0.0,0.0,0.0,0.0,10.0,4.0,3.0,11.0,5.0,35.0,67
430320,2015,4.0,1.0,0.0,0.0,3.0,8.0,2.0,1.0,5.0,7.0,31.0,61
430320,2016,3.0,0.0,0.0,0.0,1.0,7.0,0.0,0.0,5.0,1.0,17.0,46
430320,2017,1.0,0.0,0.0,1.0,0.0,10.0,2.0,2.0,3.0,8.0,28.0,47
430320,2018,3.0,0.0,0.0,2.0,0.0,13.0,2.0,1.0,5.0,5.0,31.0,55
430320,2019,1.0,0.0,0.0,0.0,3.0,11.0,2.0,0.0,9.0,2.0,28.0,52
430330,2012,5.0,0.0,0.0,0.0,0.0,12.0,2.0,0.0,8.0,5.0,34.0,44
430330,2013,0.0,0.0,0.0,0.0,0.0,0.0,0.0,0.0,0.0,0.0,64.0,76
430330,2014,6.0,2.0,0.0,1.0,1.0,11.0,6.0,1.0,16.0,2.0,46.0,56
430330,2015,6.0,0.0,2.0,1.0,0.0,13.0,2.0,0.0,8.0,5.0,37.0,46
430330,2016,5.0,1.0,0.0,0.0,0.0,14.0,3.0,1.0,11.0,7.0,42.0,46
430330,2017,3.0,0.0,2.0,0.0,1.0,13.0,5.0,3.0,31.0,4.0,62.0,67
430330,2018,2.0,0.0,0.0,0.0,1.0,19.0,4.0,1.0,10.0,3.0,40.0,46
430330,2019,1.0,0.0,0.0,2.0,0.0,22.0,4.0,0.0,11.0,3.0,43.0,53
430340,2012,3.0,1.0,0.0,0.0,1.0,7.0,4.0,0.0,11.0,6.0,40.0,50
430340,2013,0.0,0.0,0.0,0.0,0.0,0.0,0.0,0.0,0.0,0.0,26.0,38
430340,2014,2.0,0.0,0.0,0.0,0.0,7.0,2.0,1.0,8.0,3.0,23.0,29
430340,2015,4.0,0.0,4.0,0.0,0.0,10.0,4.0,0.0,11.0,3.0,36.0,43
430340,2016,1.0,0.0,0.0,1.0,0.0,6.0,2.0,0.0,6.0,1.0,17.0,24
430340,2017,3.0,0.0,2.0,0.0,0.0,13.0,3.0,0.0,10.0,6.0,37.0,54
430340,2018,2.0,0.0,0.0,3.0,0.0,15.0,2.0,0.0,9.0,1.0,33.0,47
430340,2019,2.0,0.0,0.0,0.0,0.0,13.0,3.0,0.0,8.0,3.0,29.0,43
430350,2012,33.0,3.0,17.0,12.0,17.0,112.0,21.0,10.0,92.0,75.0,469.0,783
430350,2013,0.0,0.0,0.0,0.0,0.0,0.0,0.0,0.0,0.0,0.0,504.0,794
430350,2014,22.0,2.0,13.0,12.0,15.0,188.0,27.0,32.0,84.0,113.0,510.0,862
430350,2015,38.0,0.0,18.0,11.0,9.0,184.0,33.0,23.0,90.0,102.0,508.0,928
430350,2016,52.0,1.0,14.0,11.0,14.0,166.0,24.0,29.0,54.0,108.0,474.0,821
430350,2017,37.0,1.0,18.0,18.0,7.0,148.0,30.0,36.0,67.0,112.0,474.0,786
430350,2018,35.0,3.0,13.0,11.0,15.0,192.0,37.0,20.0,82.0,91.0,499.0,857
430350,2019,29.0,4.0,15.0,13.0,15.0,205.0,33.0,40.0,112.0,101.0,567.0,856
430355,2012,2.0,0.0,0.0,0.0,2.0,5.0,0.0,0.0,5.0,0.0,18.0,21
430355,2013,0.0,0.0,0.0,0.0,0.0,0.0,0.0,0.0,0.0,0.0,24.0,32
430355,2014,5.0,0.0,0.0,2.0,3.0,3.0,1.0,0.0,3.0,1.0,18.0,23
430355,2015,3.0,0.0,2.0,2.0,1.0,5.0,0.0,0.0,10.0,0.0,23.0,27
430355,2016,2.0,0.0,2.0,1.0,2.0,3.0,5.0,0.0,9.0,1.0,25.0,26
430355,2017,0.0,0.0,0.0,4.0,4.0,7.0,6.0,1.0,5.0,3.0,30.0,35
430355,2018,1.0,0.0,2.0,6.0,2.0,9.0,2.0,0.0,6.0,1.0,29.0,39
430355,2019,3.0,0.0,4.0,1.0,3.0,13.0,5.0,1.0,8.0,5.0,43.0,48
430360,2012,0.0,0.0,0.0,1.0,0.0,4.0,2.0,0.0,7.0,0.0,48.0,61
430360,2013,0.0,0.0,0.0,0.0,0.0,0.0,0.0,0.0,0.0,0.0,57.0,69
430360,2014,3.0,0.0,0.0,2.0,3.0,14.0,3.0,2.0,15.0,2.0,44.0,66
430360,2015,3.0,0.0,6.0,1.0,0.0,18.0,5.0,2.0,9.0,5.0,49.0,76
430360,2016,0.0,0.0,2.0,3.0,0.0,18.0,4.0,1.0,6.0,6.0,41.0,64
430360,2017,0.0,0.0,0.0,0.0,1.0,11.0,1.0,4.0,4.0,4.0,25.0,45
430360,2018,4.0,0.0,0.0,1.0,0.0,22.0,1.0,2.0,8.0,4.0,42.0,71
430360,2019,5.0,0.0,2.0,2.0,1.0,27.0,1.0,1.0,9.0,3.0,51.0,74
430367,2012,1.0,0.0,0.0,0.0,1.0,3.0,2.0,0.0,5.0,1.0,21.0,30
430367,2013,0.0,0.0,0.0,0.0,0.0,0.0,0.0,0.0,0.0,0.0,25.0,33
430367,2014,1.0,0.0,0.0,1.0,0.0,6.0,2.0,1.0,4.0,0.0,19.0,24
430367,2015,2.0,0.0,2.0,0.0,0.0,10.0,0.0,0.0,6.0,0.0,20.0,27
430367,2016,1.0,0.0,0.0,0.0,2.0,4.0,0.0,1.0,4.0,1.0,16.0,22
430367,2017,1.0,0.0,0.0,1.0,0.0,11.0,3.0,1.0,2.0,0.0,19.0,25
430367,2018,2.0,0.0,0.0,1.0,0.0,13.0,1.0,2.0,6.0,2.0,27.0,31
430367,2019,2.0,0.0,0.0,2.0,0.0,5.0,0.0,1.0,4.0,1.0,15.0,22
430370,2012,5.0,0.0,2.0,0.0,0.0,11.0,1.0,0.0,8.0,5.0,41.0,52
430370,2013,0.0,0.0,0.0,0.0,0.0,0.0,0.0,0.0,0.0,0.0,57.0,68
430370,2014,1.0,0.0,2.0,0.0,1.0,11.0,7.0,4.0,11.0,3.0,40.0,47
430370,2015,5.0,1.0,2.0,2.0,2.0,19.0,3.0,0.0,12.0,4.0,50.0,59
430370,2016,2.0,1.0,6.0,2.0,2.0,21.0,5.0,1.0,6.0,9.0,55.0,58
430370,2017,2.0,0.0,0.0,1.0,2.0,15.0,3.0,0.0,17.0,6.0,46.0,49
430370,2018,4.0,0.0,0.0,2.0,2.0,17.0,2.0,0.0,13.0,6.0,46.0,55
430370,2019,2.0,0.0,2.0,1.0,0.0,15.0,1.0,1.0,9.0,7.0,38.0,45
430380,2012,1.0,0.0,0.0,1.0,0.0,8.0,0.0,0.0,17.0,4.0,40.0,58
430380,2013,0.0,0.0,0.0,0.0,0.0,0.0,0.0,0.0,0.0,0.0,40.0,51
430380,2014,1.0,0.0,0.0,2.0,1.0,14.0,2.0,0.0,10.0,0.0,30.0,43
430380,2015,6.0,1.0,3.0,1.0,0.0,6.0,7.0,3.0,9.0,3.0,39.0,64
430380,2016,3.0,0.0,0.0,0.0,3.0,13.0,3.0,1.0,9.0,2.0,34.0,54
430380,2017,3.0,1.0,4.0,0.0,2.0,11.0,2.0,0.0,4.0,4.0,31.0,53
430380,2018,4.0,0.0,2.0,0.0,0.0,15.0,2.0,0.0,10.0,2.0,36.0,58
430380,2019,4.0,0.0,0.0,3.0,3.0,16.0,4.0,0.0,9.0,4.0,43.0,58
430390,2012,60.0,3.0,8.0,15.0,13.0,120.0,49.0,10.0,168.0,32.0,530.0,855
430390,2013,0.0,0.0,0.0,0.0,0.0,0.0,0.0,0.0,0.0,0.0,545.0,811
430390,2014,44.0,2.0,11.0,13.0,22.0,137.0,63.0,20.0,210.0,28.0,552.0,845
430390,2015,43.0,1.0,26.0,22.0,11.0,170.0,68.0,8.0,195.0,28.0,572.0,913
430390,2016,44.0,0.0,15.0,22.0,24.0,141.0,63.0,8.0,174.0,44.0,538.0,851
430390,2017,51.0,2.0,6.0,17.0,22.0,187.0,63.0,13.0,176.0,34.0,571.0,904
430390,2018,53.0,0.0,15.0,20.0,19.0,187.0,56.0,12.0,164.0,32.0,558.0,879
430390,2019,36.0,1.0,18.0,15.0,12.0,174.0,51.0,8.0,149.0,39.0,503.0,782
430400,2012,3.0,0.0,0.0,0.0,0.0,7.0,2.0,0.0,2.0,2.0,49.0,67
430400,2013,0.0,0.0,0.0,0.0,0.0,0.0,0.0,0.0,0.0,0.0,58.0,69
430400,2014,10.0,0.0,5.0,1.0,0.0,18.0,7.0,2.0,16.0,6.0,68.0,88
430400,2015,5.0,1.0,0.0,1.0,0.0,16.0,6.0,2.0,16.0,1.0,48.0,67
430400,2016,12.0,0.0,3.0,2.0,0.0,19.0,2.0,0.0,18.0,1.0,57.0,78
430400,2017,8.0,0.0,0.0,2.0,3.0,16.0,11.0,1.0,19.0,3.0,63.0,85
430400,2018,8.0,0.0,2.0,1.0,0.0,17.0,6.0,1.0,16.0,4.0,59.0,74
430400,2019,6.0,0.0,0.0,3.0,3.0,20.0,8.0,0.0,10.0,1.0,53.0,65
430410,2012,3.0,16.0,0.0,0.0,3.0,0.0,0.0,0.0,4.0,1.0,34.0,41
430410,2013,0.0,0.0,0.0,0.0,0.0,0.0,0.0,0.0,0.0,0.0,30.0,36
430410,2014,2.0,11.0,0.0,8.0,0.0,3.0,0.0,2.0,1.0,4.0,31.0,32
430410,2015,4.0,1.0,1.0,7.0,7.0,11.0,1.0,2.0,2.0,7.0,43.0,50
430410,2016,2.0,1.0,1.0,4.0,10.0,2.0,0.0,0.0,2.0,7.0,29.0,39
430410,2017,5.0,0.0,0.0,15.0,10.0,10.0,3.0,1.0,3.0,7.0,54.0,57
430410,2018,4.0,0.0,0.0,6.0,2.0,17.0,3.0,0.0,3.0,4.0,39.0,43
430410,2019,3.0,0.0,2.0,1.0,0.0,10.0,2.0,0.0,4.0,4.0,26.0,28
430420,2012,19.0,0.0,9.0,3.0,3.0,54.0,13.0,2.0,64.0,16.0,197.0,333
430420,2013,0.0,0.0,0.0,0.0,0.0,0.0,0.0,0.0,0.0,0.0,217.0,339
430420,2014,22.0,0.0,7.0,11.0,10.0,52.0,20.0,3.0,58.0,19.0,204.0,318
430420,2015,22.0,1.0,8.0,8.0,3.0,58.0,16.0,4.0,56.0,17.0,193.0,348
430420,2016,21.0,0.0,6.0,6.0,3.0,68.0,18.0,5.0,65.0,20.0,212.0,366
430420,2017,14.0,1.0,8.0,3.0,3.0,69.0,20.0,5.0,65.0,21.0,210.0,322
430420,2018,11.0,0.0,2.0,7.0,7.0,65.0,30.0,4.0,84.0,21.0,231.0,343
430420,2019,15.0,1.0,4.0,10.0,8.0,77.0,22.0,4.0,69.0,9.0,219.0,332
430430,2012,4.0,1.0,0.0,1.0,1.0,6.0,3.0,1.0,8.0,8.0,35.0,47
430430,2013,0.0,0.0,0.0,0.0,0.0,0.0,0.0,0.0,0.0,0.0,41.0,56
430430,2014,2.0,0.0,4.0,3.0,0.0,16.0,6.0,0.0,6.0,7.0,44.0,59
430430,2015,2.0,0.0,3.0,2.0,2.0,17.0,2.0,2.0,17.0,8.0,55.0,79
430430,2016,3.0,0.0,2.0,1.0,2.0,13.0,3.0,1.0,12.0,1.0,38.0,47
430430,2017,2.0,0.0,2.0,1.0,1.0,21.0,5.0,0.0,15.0,3.0,50.0,62
430430,2018,2.0,0.0,2.0,2.0,2.0,14.0,7.0,2.0,10.0,4.0,45.0,63
430430,2019,6.0,0.0,2.0,0.0,2.0,18.0,3.0,0.0,16.0,4.0,51.0,68
430435,2012,7.0,1.0,2.0,0.0,6.0,28.0,16.0,4.0,18.0,17.0,99.0,134
430435,2013,0.0,0.0,0.0,0.0,0.0,0.0,0.0,0.0,0.0,0.0,93.0,128
430435,2014,9.0,0.0,4.0,1.0,2.0,23.0,12.0,8.0,19.0,14.0,92.0,133
430435,2015,3.0,2.0,2.0,4.0,0.0,25.0,8.0,5.0,20.0,14.0,85.0,131
430435,2016,11.0,0.0,0.0,2.0,0.0,32.0,4.0,6.0,16.0,18.0,89.0,130
430435,2017,12.0,0.0,0.0,1.0,2.0,37.0,14.0,1.0,28.0,5.0,100.0,137
430435,2018,11.0,0.0,4.0,1.0,0.0,44.0,10.0,6.0,28.0,9.0,113.0,149
430435,2019,11.0,0.0,1.0,5.0,0.0,34.0,12.0,1.0,20.0,11.0,95.0,122
430440,2012,23.0,0.0,8.0,6.0,14.0,152.0,36.0,8.0,162.0,33.0,448.0,615
430440,2013,0.0,0.0,0.0,0.0,0.0,0.0,0.0,0.0,0.0,0.0,486.0,639
430440,2014,26.0,1.0,17.0,6.0,9.0,186.0,62.0,8.0,192.0,37.0,546.0,676
430440,2015,20.0,0.0,13.0,15.0,9.0,178.0,59.0,6.0,170.0,36.0,506.0,664
430440,2016,31.0,1.0,10.0,3.0,8.0,178.0,56.0,15.0,148.0,45.0,495.0,622
430440,2017,27.0,0.0,16.0,13.0,13.0,207.0,54.0,7.0,158.0,29.0,524.0,648
430440,2018,40.0,1.0,14.0,9.0,15.0,221.0,45.0,16.0,136.0,43.0,540.0,696
430440,2019,39.0,1.0,12.0,13.0,17.0,219.0,54.0,15.0,174.0,37.0,581.0,715
430450,2012,44.0,2.0,15.0,7.0,9.0,69.0,24.0,10.0,70.0,68.0,321.0,573
430450,2013,0.0,0.0,0.0,0.0,0.0,0.0,0.0,0.0,0.0,0.0,306.0,558
430450,2014,17.0,0.0,11.0,11.0,9.0,102.0,22.0,20.0,61.0,68.0,325.0,574
430450,2015,25.0,4.0,7.0,13.0,22.0,76.0,24.0,12.0,75.0,36.0,309.0,553
430450,2016,24.0,2.0,9.0,9.0,11.0,99.0,18.0,10.0,79.0,57.0,324.0,522
430450,2017,26.0,0.0,13.0,8.0,9.0,74.0,33.0,9.0,59.0,70.0,316.0,585
430450,2018,14.0,0.0,11.0,6.0,2.0,102.0,22.0,15.0,50.0,68.0,292.0,553
430450,2019,31.0,2.0,3.0,11.0,6.0,105.0,11.0,20.0,43.0,81.0,315.0,526
430460,2012,257.0,4.0,78.0,62.0,111.0,736.0,247.0,35.0,981.0,105.0,2662.0,5176
430460,2013,0.0,0.0,0.0,0.0,0.0,0.0,0.0,0.0,0.0,0.0,2702.0,5335
430460,2014,227.0,10.0,92.0,104.0,87.0,742.0,296.0,53.0,858.0,112.0,2620.0,5328
430460,2015,214.0,16.0,124.0,91.0,95.0,792.0,316.0,49.0,861.0,110.0,2684.0,5475
430460,2016,266.0,10.0,104.0,94.0,76.0,827.0,317.0,55.0,713.0,121.0,2590.0,5205
430460,2017,243.0,10.0,149.0,102.0,94.0,826.0,271.0,55.0,711.0,113.0,2592.0,4991
430460,2018,254.0,8.0,99.0,95.0,68.0,833.0,251.0,48.0,713.0,95.0,2476.0,4919
430460,2019,262.0,12.0,109.0,122.0,89.0,824.0,317.0,49.0,702.0,109.0,2616.0,4828
430461,2012,0.0,0.0,0.0,0.0,0.0,5.0,3.0,1.0,2.0,0.0,11.0,16
430461,2013,0.0,0.0,0.0,0.0,0.0,0.0,0.0,0.0,0.0,0.0,18.0,24
430461,2014,0.0,0.0,0.0,0.0,3.0,1.0,1.0,0.0,5.0,1.0,11.0,12
430461,2015,0.0,0.0,0.0,2.0,0.0,1.0,2.0,1.0,2.0,1.0,9.0,16
430461,2016,0.0,0.0,0.0,0.0,0.0,0.0,0.0,1.0,0.0,0.0,1.0,4
430461,2017,1.0,0.0,0.0,0.0,0.0,3.0,1.0,0.0,2.0,0.0,7.0,11
430461,2018,1.0,0.0,0.0,0.0,1.0,3.0,1.0,0.0,4.0,0.0,10.0,16
430461,2019,0.0,0.0,0.0,1.0,0.0,0.0,1.0,0.0,3.0,0.0,5.0,12
430462,2012,4.0,0.0,1.0,0.0,0.0,1.0,0.0,1.0,0.0,2.0,18.0,19
430462,2013,0.0,0.0,0.0,0.0,0.0,0.0,0.0,0.0,0.0,0.0,14.0,17
430462,2014,0.0,0.0,0.0,1.0,0.0,1.0,1.0,0.0,0.0,5.0,17.0,23
430462,2015,0.0,0.0,0.0,0.0,0.0,5.0,0.0,1.0,2.0,2.0,13.0,16
430462,2016,0.0,1.0,0.0,1.0,1.0,3.0,1.0,0.0,1.0,0.0,16.0,21
430462,2017,0.0,0.0,0.0,0.0,0.0,3.0,1.0,0.0,2.0,1.0,16.0,18
430462,2018,2.0,0.0,0.0,2.0,0.0,6.0,0.0,2.0,2.0,5.0,19.0,23
430462,2019,1.0,0.0,0.0,1.0,0.0,5.0,1.0,0.0,2.0,1.0,11.0,13
430463,2012,18.0,2.0,9.0,9.0,13.0,112.0,42.0,17.0,70.0,42.0,397.0,737
430463,2013,0.0,0.0,0.0,0.0,0.0,0.0,0.0,0.0,0.0,0.0,481.0,813
430463,2014,32.0,0.0,11.0,8.0,9.0,144.0,37.0,51.0,81.0,88.0,470.0,795
430463,2015,29.0,0.0,16.0,17.0,15.0,164.0,63.0,16.0,150.0,65.0,535.0,927
430463,2016,29.0,0.0,17.0,12.0,17.0,186.0,52.0,25.0,135.0,72.0,549.0,923
430463,2017,25.0,1.0,18.0,16.0,8.0,184.0,47.0,31.0,123.0,68.0,528.0,895
430463,2018,30.0,2.0,22.0,11.0,9.0,237.0,45.0,37.0,95.0,60.0,550.0,931
430463,2019,38.0,2.0,14.0,13.0,13.0,230.0,57.0,20.0,114.0,59.0,560.0,874
430465,2012,1.0,0.0,1.0,0.0,0.0,3.0,1.0,1.0,7.0,3.0,20.0,30
430465,2013,0.0,0.0,0.0,0.0,0.0,0.0,0.0,0.0,0.0,0.0,16.0,32
430465,2014,1.0,0.0,2.0,0.0,1.0,6.0,1.0,1.0,6.0,0.0,18.0,25
430465,2015,3.0,0.0,0.0,1.0,0.0,5.0,4.0,1.0,8.0,4.0,26.0,37
430465,2016,0.0,0.0,2.0,0.0,0.0,13.0,7.0,1.0,7.0,2.0,32.0,42
430465,2017,2.0,0.0,0.0,1.0,1.0,8.0,4.0,1.0,3.0,2.0,22.0,28
430465,2018,3.0,0.0,2.0,1.0,0.0,6.0,3.0,0.0,8.0,2.0,25.0,37
430465,2019,1.0,0.0,0.0,0.0,0.0,9.0,1.0,0.0,4.0,1.0,16.0,20
430466,2012,34.0,1.0,8.0,3.0,2.0,29.0,2.0,7.0,28.0,42.0,171.0,299
430466,2013,0.0,0.0,0.0,0.0,0.0,0.0,0.0,0.0,0.0,0.0,188.0,315
430466,2014,23.0,2.0,10.0,8.0,3.0,68.0,5.0,30.0,25.0,40.0,225.0,380
430466,2015,21.0,0.0,4.0,6.0,4.0,48.0,6.0,21.0,24.0,51.0,195.0,357
430466,2016,20.0,0.0,10.0,3.0,3.0,71.0,5.0,17.0,31.0,46.0,216.0,341
430466,2017,15.0,1.0,5.0,6.0,4.0,79.0,2.0,24.0,26.0,32.0,207.0,380
430466,2018,20.0,1.0,7.0,8.0,5.0,69.0,11.0,7.0,46.0,18.0,194.0,370
430466,2019,22.0,2.0,9.0,6.0,5.0,88.0,14.0,9.0,44.0,19.0,219.0,381
430467,2012,3.0,2.0,0.0,1.0,1.0,8.0,2.0,2.0,5.0,1.0,27.0,49
430467,2013,0.0,0.0,0.0,0.0,0.0,0.0,0.0,0.0,0.0,0.0,22.0,45
430467,2014,4.0,0.0,0.0,0.0,2.0,4.0,0.0,1.0,14.0,1.0,26.0,48
430467,2015,0.0,0.0,0.0,3.0,2.0,13.0,2.0,0.0,6.0,5.0,31.0,55
430467,2016,0.0,1.0,0.0,2.0,1.0,10.0,4.0,0.0,12.0,3.0,33.0,47
430467,2017,1.0,0.0,0.0,0.0,1.0,9.0,5.0,0.0,14.0,1.0,31.0,52
430467,2018,2.0,0.0,0.0,2.0,1.0,15.0,5.0,2.0,10.0,4.0,41.0,56
430467,2019,4.0,1.0,2.0,1.0,1.0,11.0,5.0,2.0,8.0,2.0,37.0,53
430468,2012,3.0,1.0,3.0,3.0,1.0,20.0,3.0,3.0,18.0,12.0,89.0,124
430468,2013,0.0,0.0,0.0,0.0,0.0,0.0,0.0,0.0,0.0,0.0,85.0,142
430468,2014,3.0,0.0,2.0,7.0,0.0,28.0,8.0,9.0,24.0,4.0,85.0,130
430468,2015,5.0,0.0,2.0,5.0,4.0,25.0,6.0,6.0,25.0,19.0,97.0,148
430468,2016,4.0,0.0,0.0,0.0,4.0,32.0,6.0,3.0,21.0,6.0,76.0,121
430468,2017,3.0,2.0,2.0,1.0,1.0,36.0,5.0,4.0,22.0,11.0,87.0,127
430468,2018,7.0,0.0,0.0,3.0,2.0,35.0,7.0,0.0,25.0,12.0,91.0,143
430468,2019,4.0,0.0,3.0,4.0,3.0,37.0,8.0,4.0,19.0,4.0,86.0,129
430469,2012,1.0,0.0,0.0,0.0,0.0,11.0,2.0,0.0,17.0,1.0,34.0,37
430469,2013,0.0,0.0,0.0,0.0,0.0,0.0,0.0,0.0,0.0,0.0,34.0,38
430469,2014,4.0,0.0,0.0,2.0,1.0,8.0,2.0,2.0,4.0,2.0,25.0,32
430469,2015,0.0,0.0,2.0,0.0,2.0,8.0,5.0,0.0,3.0,2.0,23.0,35
430469,2016,2.0,1.0,4.0,1.0,2.0,7.0,2.0,0.0,11.0,3.0,33.0,49
430469,2017,4.0,0.0,0.0,1.0,0.0,9.0,2.0,0.0,4.0,2.0,22.0,28
430469,2018,2.0,0.0,2.0,1.0,0.0,12.0,5.0,2.0,6.0,3.0,33.0,41
430469,2019,2.0,0.0,2.0,0.0,0.0,12.0,5.0,1.0,6.0,2.0,30.0,36
430470,2012,28.0,3.0,8.0,211.0,174.0,42.0,14.0,3.0,61.0,9.0,564.0,824
430470,2013,0.0,0.0,0.0,0.0,0.0,0.0,0.0,0.0,0.0,0.0,668.0,907
430470,2014,43.0,4.0,19.0,43.0,28.0,196.0,60.0,10.0,185.0,24.0,612.0,871
430470,2015,50.0,2.0,22.0,29.0,35.0,185.0,53.0,7.0,206.0,17.0,606.0,921
430470,2016,59.0,1.0,13.0,12.0,4.0,180.0,64.0,5.0,218.0,23.0,579.0,829
430470,2017,51.0,0.0,19.0,20.0,9.0,189.0,72.0,15.0,209.0,30.0,614.0,807
430470,2018,48.0,4.0,12.0,22.0,9.0,211.0,59.0,14.0,147.0,62.0,588.0,790
430470,2019,60.0,2.0,19.0,10.0,19.0,235.0,52.0,24.0,154.0,73.0,648.0,830
430471,2012,2.0,0.0,0.0,0.0,1.0,8.0,1.0,0.0,4.0,4.0,20.0,40
430471,2013,0.0,0.0,0.0,0.0,0.0,0.0,0.0,0.0,0.0,0.0,35.0,66
430471,2014,3.0,0.0,2.0,0.0,2.0,5.0,7.0,5.0,14.0,5.0,43.0,72
430471,2015,2.0,1.0,2.0,2.0,1.0,6.0,5.0,1.0,6.0,2.0,28.0,47
430471,2016,0.0,0.0,2.0,2.0,1.0,6.0,3.0,0.0,7.0,1.0,22.0,44
430471,2017,2.0,0.0,0.0,1.0,0.0,11.0,4.0,1.0,5.0,3.0,27.0,54
430471,2018,1.0,1.0,2.0,2.0,2.0,7.0,3.0,3.0,6.0,3.0,30.0,52
430471,2019,2.0,0.0,0.0,2.0,0.0,13.0,3.0,2.0,8.0,4.0,34.0,63
430480,2012,23.0,0.0,5.0,3.0,8.0,65.0,17.0,1.0,65.0,18.0,205.0,254
430480,2013,0.0,0.0,0.0,0.0,0.0,0.0,0.0,0.0,0.0,0.0,204.0,268
430480,2014,23.0,1.0,2.0,4.0,6.0,76.0,29.0,5.0,89.0,23.0,259.0,319
430480,2015,20.0,3.0,9.0,9.0,3.0,88.0,30.0,4.0,94.0,9.0,269.0,356
430480,2016,27.0,0.0,6.0,4.0,8.0,73.0,23.0,8.0,86.0,14.0,249.0,342
430480,2017,7.0,3.0,8.0,3.0,13.0,78.0,15.0,5.0,74.0,12.0,218.0,301
430480,2018,29.0,1.0,7.0,6.0,16.0,95.0,23.0,11.0,61.0,22.0,271.0,381
430480,2019,19.0,0.0,8.0,5.0,7.0,105.0,28.0,2.0,71.0,15.0,260.0,373
430485,2012,0.0,0.0,0.0,0.0,0.0,4.0,0.0,0.0,2.0,0.0,7.0,10
430485,2013,0.0,0.0,0.0,0.0,0.0,0.0,0.0,0.0,0.0,0.0,4.0,9
430485,2014,1.0,0.0,0.0,0.0,0.0,1.0,1.0,0.0,1.0,1.0,5.0,8
430485,2015,0.0,0.0,0.0,0.0,0.0,3.0,1.0,0.0,1.0,0.0,5.0,10
430485,2016,1.0,0.0,0.0,0.0,1.0,1.0,0.0,0.0,4.0,0.0,7.0,10
430485,2017,0.0,0.0,0.0,2.0,0.0,2.0,2.0,0.0,5.0,0.0,11.0,14
430485,2018,1.0,0.0,0.0,0.0,0.0,4.0,0.0,0.0,1.0,0.0,6.0,11
430485,2019,0.0,0.0,0.0,0.0,1.0,2.0,0.0,0.0,3.0,2.0,8.0,12
430490,2012,5.0,0.0,3.0,1.0,6.0,12.0,0.0,1.0,10.0,9.0,48.0,76
430490,2013,0.0,0.0,0.0,0.0,0.0,0.0,0.0,0.0,0.0,0.0,45.0,73
430490,2014,6.0,0.0,0.0,3.0,5.0,23.0,2.0,2.0,11.0,12.0,64.0,93
430490,2015,8.0,0.0,2.0,0.0,1.0,16.0,3.0,3.0,12.0,7.0,53.0,77
430490,2016,5.0,0.0,0.0,3.0,8.0,19.0,1.0,1.0,14.0,9.0,60.0,92
430490,2017,3.0,0.0,6.0,5.0,5.0,31.0,6.0,4.0,23.0,7.0,90.0,117
430490,2018,6.0,3.0,2.0,6.0,4.0,21.0,2.0,0.0,18.0,4.0,66.0,90
430490,2019,4.0,0.0,0.0,10.0,6.0,21.0,5.0,4.0,14.0,8.0,72.0,93
430495,2012,1.0,0.0,0.0,0.0,0.0,3.0,2.0,0.0,3.0,1.0,14.0,19
430495,2013,0.0,0.0,0.0,0.0,0.0,0.0,0.0,0.0,0.0,0.0,28.0,38
430495,2014,3.0,0.0,0.0,0.0,1.0,6.0,1.0,1.0,7.0,5.0,30.0,36
430495,2015,2.0,0.0,0.0,0.0,0.0,6.0,0.0,1.0,3.0,2.0,20.0,26
430495,2016,4.0,0.0,0.0,0.0,0.0,3.0,0.0,1.0,1.0,0.0,12.0,15
430495,2017,3.0,0.0,0.0,0.0,0.0,5.0,1.0,2.0,7.0,2.0,28.0,37
430495,2018,2.0,0.0,0.0,0.0,0.0,12.0,5.0,1.0,9.0,4.0,33.0,42
430495,2019,1.0,0.0,0.0,0.0,1.0,12.0,3.0,0.0,4.0,2.0,23.0,27
430500,2012,6.0,0.0,0.0,2.0,3.0,7.0,1.0,0.0,12.0,3.0,61.0,97
430500,2013,0.0,0.0,0.0,0.0,0.0,0.0,0.0,0.0,0.0,0.0,77.0,112
430500,2014,5.0,0.0,2.0,3.0,2.0,19.0,5.0,0.0,24.0,5.0,65.0,91
430500,2015,2.0,0.0,0.0,1.0,0.0,22.0,6.0,1.0,12.0,5.0,49.0,83
430500,2016,3.0,0.0,0.0,3.0,0.0,20.0,4.0,1.0,18.0,2.0,51.0,86
430500,2017,7.0,1.0,2.0,1.0,4.0,16.0,6.0,1.0,14.0,2.0,54.0,84
430500,2018,7.0,0.0,2.0,1.0,4.0,24.0,5.0,2.0,17.0,3.0,65.0,90
430500,2019,1.0,0.0,2.0,3.0,2.0,19.0,8.0,2.0,17.0,2.0,56.0,80
430510,2012,455.0,25.0,171.0,87.0,131.0,1157.0,331.0,31.0,1717.0,168.0,4317.0,6181
430510,2013,0.0,0.0,0.0,0.0,0.0,0.0,0.0,0.0,0.0,0.0,4467.0,6392
430510,2014,526.0,14.0,121.0,98.0,131.0,1261.0,551.0,56.0,1560.0,130.0,4539.0,6421
430510,2015,510.0,18.0,175.0,133.0,142.0,1298.0,432.0,99.0,1344.0,263.0,4428.0,6498
430510,2016,430.0,11.0,127.0,97.0,105.0,1347.0,436.0,109.0,1376.0,263.0,4301.0,6076
430510,2017,482.0,12.0,164.0,114.0,93.0,1260.0,375.0,108.0,1222.0,323.0,4154.0,5839
430510,2018,476.0,9.0,138.0,98.0,113.0,1350.0,376.0,94.0,1197.0,348.0,4199.0,5823
430510,2019,432.0,11.0,110.0,113.0,123.0,1348.0,320.0,94.0,1131.0,343.0,4026.0,5680
430511,2012,2.0,0.0,0.0,0.0,0.0,2.0,1.0,0.0,1.0,1.0,8.0,13
430511,2013,0.0,0.0,0.0,0.0,0.0,0.0,0.0,0.0,0.0,0.0,16.0,30
430511,2014,3.0,0.0,0.0,0.0,1.0,4.0,1.0,1.0,9.0,2.0,21.0,33
430511,2015,3.0,0.0,0.0,0.0,1.0,2.0,0.0,1.0,3.0,1.0,11.0,20
430511,2016,1.0,0.0,0.0,0.0,0.0,2.0,1.0,0.0,4.0,1.0,9.0,15
430511,2017,1.0,0.0,0.0,0.0,0.0,7.0,1.0,1.0,4.0,2.0,16.0,24
430511,2018,4.0,0.0,0.0,0.0,0.0,1.0,1.0,1.0,3.0,3.0,13.0,23
430511,2019,3.0,0.0,2.0,0.0,0.0,3.0,1.0,1.0,5.0,3.0,18.0,25
430512,2012,5.0,0.0,2.0,1.0,1.0,6.0,0.0,4.0,7.0,1.0,27.0,52
430512,2013,0.0,0.0,0.0,0.0,0.0,0.0,0.0,0.0,0.0,0.0,28.0,55
430512,2014,1.0,0.0,0.0,1.0,2.0,13.0,0.0,1.0,6.0,13.0,38.0,61
430512,2015,1.0,0.0,0.0,1.0,1.0,10.0,0.0,5.0,2.0,5.0,28.0,53
430512,2016,2.0,0.0,0.0,1.0,1.0,1.0,1.0,1.0,5.0,6.0,22.0,39
430512,2017,2.0,2.0,0.0,1.0,0.0,11.0,1.0,2.0,2.0,6.0,28.0,50
430512,2018,5.0,0.0,0.0,0.0,0.0,5.0,2.0,1.0,5.0,3.0,21.0,38
430512,2019,3.0,0.0,2.0,0.0,0.0,7.0,2.0,0.0,4.0,4.0,22.0,42
430513,2012,3.0,0.0,0.0,0.0,2.0,5.0,5.0,0.0,10.0,1.0,27.0,36
430513,2013,0.0,0.0,0.0,0.0,0.0,0.0,0.0,0.0,0.0,0.0,17.0,27
430513,2014,1.0,0.0,2.0,1.0,1.0,8.0,2.0,0.0,3.0,0.0,18.0,39
430513,2015,0.0,0.0,2.0,0.0,0.0,10.0,0.0,0.0,3.0,4.0,19.0,38
430513,2016,1.0,0.0,0.0,1.0,0.0,4.0,2.0,0.0,6.0,1.0,15.0,23
430513,2017,1.0,1.0,0.0,0.0,1.0,11.0,2.0,1.0,8.0,2.0,27.0,43
430513,2018,0.0,0.0,0.0,1.0,0.0,1.0,3.0,0.0,2.0,1.0,8.0,18
430513,2019,1.0,0.0,2.0,1.0,0.0,2.0,2.0,0.0,5.0,1.0,14.0,22
430515,2012,2.0,0.0,0.0,1.0,1.0,4.0,1.0,0.0,4.0,1.0,25.0,28
430515,2013,0.0,0.0,0.0,0.0,0.0,0.0,0.0,0.0,0.0,0.0,20.0,28
430515,2014,1.0,0.0,0.0,0.0,0.0,7.0,4.0,0.0,12.0,4.0,28.0,30
430515,2015,4.0,0.0,0.0,0.0,1.0,5.0,5.0,0.0,9.0,4.0,28.0,28
430515,2016,1.0,1.0,1.0,2.0,0.0,6.0,1.0,0.0,7.0,1.0,20.0,23
430515,2017,1.0,1.0,0.0,1.0,0.0,8.0,4.0,3.0,5.0,3.0,26.0,33
430515,2018,2.0,1.0,0.0,1.0,0.0,12.0,3.0,1.0,3.0,5.0,28.0,31
430515,2019,1.0,0.0,0.0,0.0,0.0,18.0,2.0,0.0,4.0,4.0,29.0,29
430517,2012,2.0,0.0,4.0,2.0,1.0,11.0,5.0,2.0,16.0,9.0,58.0,119
430517,2013,0.0,0.0,0.0,0.0,0.0,0.0,0.0,0.0,0.0,0.0,70.0,138
430517,2014,2.0,0.0,2.0,1.0,3.0,19.0,5.0,3.0,9.0,9.0,53.0,119
430517,2015,3.0,1.0,0.0,7.0,1.0,15.0,4.0,3.0,11.0,6.0,51.0,104
430517,2016,6.0,1.0,0.0,2.0,1.0,23.0,5.0,4.0,13.0,13.0,68.0,128
430517,2017,5.0,1.0,1.0,1.0,2.0,27.0,4.0,5.0,11.0,10.0,67.0,127
430517,2018,7.0,0.0,2.0,1.0,1.0,21.0,3.0,2.0,9.0,10.0,56.0,130
430517,2019,6.0,0.0,2.0,2.0,2.0,20.0,5.0,6.0,14.0,8.0,65.0,119
430520,2012,8.0,0.0,2.0,1.0,0.0,22.0,12.0,0.0,45.0,2.0,94.0,115
430520,2013,0.0,0.0,0.0,0.0,0.0,0.0,0.0,0.0,0.0,0.0,109.0,130
430520,2014,12.0,0.0,0.0,0.0,1.0,38.0,26.0,1.0,49.0,3.0,130.0,150
430520,2015,9.0,0.0,4.0,1.0,1.0,34.0,21.0,1.0,42.0,1.0,114.0,140
430520,2016,6.0,0.0,6.0,18.0,18.0,23.0,15.0,0.0,34.0,1.0,121.0,141
430520,2017,4.0,1.0,4.0,1.0,15.0,32.0,10.0,1.0,38.0,6.0,112.0,150
430520,2018,15.0,0.0,2.0,3.0,0.0,51.0,11.0,6.0,34.0,8.0,130.0,166
430520,2019,11.0,0.0,4.0,3.0,2.0,43.0,9.0,1.0,20.0,10.0,103.0,114
430530,2012,6.0,1.0,0.0,8.0,12.0,13.0,1.0,0.0,13.0,6.0,67.0,80
430530,2013,0.0,0.0,0.0,0.0,0.0,0.0,0.0,0.0,0.0,0.0,55.0,61
430530,2014,3.0,1.0,2.0,6.0,1.0,16.0,3.0,2.0,17.0,5.0,59.0,69
430530,2015,2.0,0.0,0.0,3.0,4.0,21.0,6.0,1.0,18.0,8.0,65.0,73
430530,2016,5.0,0.0,1.0,1.0,1.0,19.0,6.0,2.0,17.0,7.0,60.0,77
430530,2017,7.0,0.0,0.0,3.0,2.0,24.0,3.0,0.0,17.0,0.0,56.0,68
430530,2018,9.0,0.0,0.0,4.0,3.0,31.0,4.0,1.0,15.0,11.0,78.0,98
430530,2019,2.0,0.0,4.0,1.0,2.0,37.0,4.0,2.0,15.0,4.0,71.0,92
430535,2012,16.0,2.0,6.0,5.0,5.0,57.0,9.0,2.0,56.0,13.0,244.0,348
430535,2013,0.0,0.0,0.0,0.0,0.0,0.0,0.0,0.0,0.0,0.0,266.0,396
430535,2014,16.0,0.0,12.0,5.0,2.0,115.0,39.0,7.0,110.0,16.0,323.0,432
430535,2015,21.0,0.0,7.0,6.0,1.0,79.0,33.0,8.0,92.0,20.0,267.0,392
430535,2016,29.0,1.0,7.0,5.0,5.0,90.0,30.0,7.0,84.0,19.0,277.0,379
430535,2017,21.0,1.0,6.0,5.0,1.0,92.0,31.0,6.0,71.0,13.0,247.0,367
430535,2018,27.0,1.0,9.0,7.0,3.0,87.0,24.0,10.0,78.0,19.0,265.0,362
430535,2019,26.0,1.0,10.0,6.0,1.0,83.0,17.0,11.0,62.0,28.0,245.0,346
430537,2012,0.0,0.0,0.0,1.0,2.0,4.0,1.0,1.0,3.0,2.0,23.0,45
430537,2013,0.0,0.0,0.0,0.0,0.0,0.0,0.0,0.0,0.0,0.0,26.0,40
430537,2014,4.0,0.0,0.0,0.0,0.0,2.0,1.0,1.0,1.0,4.0,15.0,33
430537,2015,0.0,0.0,0.0,1.0,0.0,5.0,2.0,0.0,3.0,2.0,15.0,29
430537,2016,2.0,0.0,0.0,0.0,0.0,0.0,0.0,0.0,2.0,0.0,5.0,15
430537,2017,5.0,0.0,0.0,1.0,1.0,3.0,1.0,1.0,4.0,0.0,16.0,29
430537,2018,1.0,0.0,0.0,0.0,0.0,3.0,0.0,0.0,4.0,1.0,9.0,28
430537,2019,2.0,0.0,0.0,0.0,4.0,3.0,2.0,1.0,5.0,2.0,19.0,32
430540,2012,0.0,0.0,0.0,0.0,0.0,4.0,0.0,0.0,1.0,2.0,34.0,53
430540,2013,0.0,0.0,0.0,0.0,0.0,0.0,0.0,0.0,0.0,0.0,43.0,66
430540,2014,2.0,2.0,2.0,0.0,0.0,12.0,2.0,1.0,7.0,4.0,32.0,46
430540,2015,3.0,0.0,0.0,2.0,3.0,14.0,5.0,2.0,3.0,1.0,33.0,56
430540,2016,1.0,0.0,0.0,4.0,2.0,7.0,2.0,1.0,8.0,5.0,30.0,48
430540,2017,4.0,0.0,0.0,3.0,2.0,16.0,6.0,0.0,17.0,1.0,49.0,59
430540,2018,3.0,0.0,0.0,1.0,2.0,17.0,4.0,1.0,3.0,5.0,37.0,47
430540,2019,2.0,0.0,4.0,0.0,1.0,13.0,2.0,1.0,7.0,1.0,31.0,42
430543,2012,3.0,0.0,0.0,0.0,1.0,8.0,4.0,0.0,3.0,1.0,21.0,41
430543,2013,0.0,0.0,0.0,0.0,0.0,0.0,0.0,0.0,0.0,0.0,26.0,42
430543,2014,3.0,2.0,3.0,2.0,0.0,6.0,4.0,1.0,7.0,5.0,33.0,58
430543,2015,2.0,0.0,0.0,0.0,1.0,5.0,5.0,1.0,5.0,1.0,20.0,44
430543,2016,4.0,1.0,0.0,0.0,0.0,6.0,3.0,0.0,4.0,1.0,19.0,38
430543,2017,0.0,0.0,0.0,1.0,1.0,6.0,2.0,2.0,7.0,3.0,22.0,42
430543,2018,2.0,1.0,0.0,0.0,3.0,11.0,1.0,3.0,3.0,9.0,33.0,48
430543,2019,1.0,1.0,0.0,1.0,0.0,7.0,4.0,0.0,5.0,9.0,28.0,40
430544,2012,1.0,0.0,2.0,0.0,1.0,13.0,0.0,1.0,8.0,5.0,34.0,59
430544,2013,0.0,0.0,0.0,0.0,0.0,0.0,0.0,0.0,0.0,0.0,32.0,62
430544,2014,0.0,0.0,2.0,2.0,2.0,13.0,0.0,3.0,5.0,11.0,38.0,67
430544,2015,0.0,0.0,0.0,2.0,0.0,11.0,4.0,2.0,7.0,1.0,27.0,54
430544,2016,1.0,0.0,0.0,2.0,0.0,17.0,0.0,1.0,5.0,6.0,32.0,50
430544,2017,2.0,0.0,2.0,1.0,2.0,9.0,3.0,1.0,5.0,8.0,33.0,49
430544,2018,5.0,0.0,0.0,1.0,2.0,14.0,1.0,0.0,7.0,6.0,36.0,51
430544,2019,3.0,0.0,0.0,1.0,2.0,17.0,2.0,2.0,7.0,5.0,39.0,61
430545,2012,5.0,1.0,4.0,2.0,1.0,13.0,1.0,3.0,21.0,6.0,86.0,169
430545,2013,0.0,0.0,0.0,0.0,0.0,0.0,0.0,0.0,0.0,0.0,80.0,164
430545,2014,5.0,1.0,2.0,2.0,1.0,31.0,8.0,2.0,19.0,7.0,78.0,174
430545,2015,6.0,1.0,4.0,6.0,1.0,19.0,15.0,4.0,24.0,2.0,82.0,185
430545,2016,6.0,1.0,2.0,0.0,1.0,33.0,10.0,1.0,23.0,9.0,86.0,176
430545,2017,5.0,1.0,6.0,4.0,2.0,37.0,10.0,3.0,19.0,8.0,97.0,201
430545,2018,4.0,0.0,5.0,6.0,1.0,39.0,4.0,2.0,22.0,5.0,88.0,195
430545,2019,8.0,0.0,0.0,6.0,4.0,45.0,13.0,6.0,17.0,4.0,103.0,202
430550,2012,2.0,0.0,2.0,1.0,2.0,7.0,2.0,0.0,6.0,0.0,24.0,42
430550,2013,0.0,0.0,0.0,0.0,0.0,0.0,0.0,0.0,0.0,0.0,21.0,37
430550,2014,5.0,0.0,0.0,0.0,4.0,9.0,1.0,0.0,11.0,1.0,31.0,47
430550,2015,2.0,0.0,2.0,0.0,2.0,4.0,1.0,0.0,4.0,0.0,16.0,34
430550,2016,1.0,0.0,0.0,0.0,3.0,2.0,1.0,0.0,8.0,0.0,16.0,39
430550,2017,3.0,0.0,2.0,2.0,2.0,10.0,2.0,1.0,10.0,1.0,33.0,45
430550,2018,5.0,0.0,0.0,2.0,1.0,7.0,1.0,0.0,9.0,0.0,25.0,34
430550,2019,2.0,0.0,0.0,1.0,1.0,9.0,1.0,0.0,6.0,0.0,20.0,38
430558,2012,1.0,0.0,0.0,1.0,0.0,2.0,1.0,1.0,6.0,6.0,18.0,26
430558,2013,0.0,0.0,0.0,0.0,0.0,0.0,0.0,0.0,0.0,0.0,10.0,15
430558,2014,1.0,0.0,0.0,0.0,1.0,5.0,1.0,0.0,3.0,2.0,13.0,22
430558,2015,1.0,0.0,0.0,1.0,1.0,3.0,1.0,0.0,7.0,2.0,16.0,23
430558,2016,3.0,0.0,0.0,0.0,1.0,7.0,0.0,0.0,7.0,2.0,20.0,26
430558,2017,2.0,1.0,0.0,0.0,0.0,8.0,1.0,1.0,4.0,1.0,18.0,30
430558,2018,1.0,0.0,0.0,2.0,0.0,6.0,0.0,0.0,5.0,1.0,15.0,22
430558,2019,0.0,0.0,0.0,0.0,1.0,5.0,0.0,1.0,6.0,1.0,14.0,19
430560,2012,0.0,1.0,0.0,0.0,2.0,9.0,2.0,0.0,10.0,2.0,29.0,37
430560,2013,0.0,0.0,0.0,0.0,0.0,0.0,0.0,0.0,0.0,0.0,18.0,29
430560,2014,2.0,0.0,0.0,1.0,1.0,12.0,0.0,1.0,4.0,1.0,22.0,24
430560,2015,1.0,0.0,2.0,0.0,0.0,10.0,1.0,2.0,0.0,1.0,17.0,25
430560,2016,1.0,0.0,0.0,2.0,0.0,8.0,0.0,0.0,6.0,1.0,18.0,24
430560,2017,1.0,0.0,0.0,1.0,1.0,8.0,2.0,0.0,8.0,0.0,21.0,31
430560,2018,1.0,0.0,2.0,0.0,1.0,11.0,3.0,0.0,6.0,0.0,24.0,29
430560,2019,2.0,0.0,0.0,0.0,1.0,7.0,3.0,2.0,8.0,3.0,26.0,32
430570,2012,0.0,0.0,0.0,2.0,0.0,3.0,0.0,0.0,7.0,1.0,27.0,35
430570,2013,0.0,0.0,0.0,0.0,0.0,0.0,0.0,0.0,0.0,0.0,27.0,29
430570,2014,4.0,0.0,0.0,2.0,1.0,11.0,3.0,1.0,6.0,6.0,34.0,37
430570,2015,1.0,0.0,0.0,1.0,1.0,5.0,1.0,0.0,10.0,2.0,21.0,23
430570,2016,5.0,1.0,4.0,2.0,2.0,29.0,5.0,0.0,18.0,7.0,73.0,83
430570,2017,2.0,0.0,4.0,4.0,1.0,23.0,5.0,5.0,14.0,11.0,69.0,82
430570,2018,7.0,0.0,2.0,3.0,2.0,28.0,4.0,2.0,11.0,2.0,63.0,78
430570,2019,3.0,1.0,4.0,0.0,2.0,26.0,3.0,1.0,17.0,9.0,69.0,79
430580,2012,18.0,0.0,2.0,2.0,4.0,22.0,9.0,0.0,19.0,1.0,96.0,119
430580,2013,0.0,0.0,0.0,0.0,0.0,0.0,0.0,0.0,0.0,0.0,91.0,120
430580,2014,9.0,1.0,4.0,3.0,2.0,29.0,13.0,3.0,26.0,2.0,93.0,115
430580,2015,6.0,0.0,0.0,3.0,4.0,33.0,13.0,2.0,30.0,2.0,93.0,124
430580,2016,9.0,0.0,2.0,3.0,3.0,33.0,6.0,0.0,22.0,7.0,87.0,113
430580,2017,14.0,1.0,2.0,1.0,3.0,28.0,5.0,0.0,22.0,8.0,86.0,125
430580,2018,11.0,1.0,2.0,5.0,4.0,34.0,2.0,0.0,25.0,5.0,89.0,126
430580,2019,18.0,1.0,4.0,2.0,1.0,48.0,7.0,1.0,22.0,1.0,106.0,154
430583,2012,3.0,0.0,0.0,0.0,0.0,3.0,0.0,1.0,2.0,2.0,11.0,14
430583,2013,0.0,0.0,0.0,0.0,0.0,0.0,0.0,0.0,0.0,0.0,6.0,6
430583,2014,1.0,0.0,0.0,2.0,0.0,1.0,0.0,0.0,3.0,1.0,8.0,9
430583,2015,0.0,0.0,0.0,0.0,0.0,1.0,0.0,0.0,0.0,0.0,2.0,3
430583,2016,0.0,0.0,0.0,1.0,0.0,3.0,1.0,0.0,0.0,0.0,5.0,7
430583,2017,0.0,0.0,2.0,1.0,0.0,2.0,0.0,0.0,0.0,1.0,6.0,7
430583,2018,4.0,0.0,0.0,0.0,0.0,5.0,0.0,0.0,1.0,0.0,10.0,14
430583,2019,0.0,0.0,0.0,0.0,1.0,2.0,1.0,0.0,1.0,0.0,5.0,9
430585,2012,4.0,0.0,0.0,4.0,4.0,3.0,1.0,0.0,1.0,0.0,17.0,26
430585,2013,0.0,0.0,0.0,0.0,0.0,0.0,0.0,0.0,0.0,0.0,14.0,21
430585,2014,0.0,0.0,0.0,0.0,0.0,5.0,1.0,0.0,2.0,1.0,9.0,15
430585,2015,3.0,1.0,0.0,1.0,1.0,2.0,1.0,0.0,2.0,0.0,11.0,23
430585,2016,4.0,0.0,2.0,1.0,0.0,3.0,1.0,0.0,3.0,0.0,14.0,21
430585,2017,1.0,0.0,0.0,0.0,0.0,12.0,1.0,1.0,6.0,0.0,21.0,27
430585,2018,2.0,0.0,0.0,1.0,0.0,6.0,0.0,0.0,5.0,2.0,16.0,22
430585,2019,1.0,0.0,2.0,0.0,0.0,6.0,0.0,1.0,2.0,2.0,14.0,19
430587,2012,1.0,0.0,0.0,0.0,0.0,3.0,0.0,0.0,4.0,0.0,21.0,29
430587,2013,0.0,0.0,0.0,0.0,0.0,0.0,0.0,0.0,0.0,0.0,28.0,33
430587,2014,0.0,0.0,2.0,1.0,0.0,4.0,1.0,0.0,9.0,1.0,18.0,26
430587,2015,2.0,0.0,3.0,0.0,0.0,4.0,1.0,0.0,6.0,1.0,17.0,27
430587,2016,0.0,0.0,0.0,1.0,2.0,8.0,1.0,1.0,5.0,2.0,20.0,27
430587,2017,0.0,1.0,2.0,2.0,2.0,11.0,1.0,0.0,6.0,0.0,25.0,37
430587,2018,1.0,0.0,0.0,0.0,0.0,9.0,3.0,0.0,5.0,3.0,21.0,25
430587,2019,2.0,0.0,0.0,0.0,0.0,14.0,3.0,0.0,4.0,0.0,23.0,31
430590,2012,2.0,0.0,1.0,0.0,0.0,12.0,1.0,1.0,5.0,3.0,71.0,100
430590,2013,0.0,0.0,0.0,0.0,0.0,0.0,0.0,0.0,0.0,0.0,91.0,114
430590,2014,6.0,1.0,4.0,1.0,3.0,20.0,4.0,4.0,22.0,10.0,75.0,94
430590,2015,6.0,0.0,5.0,1.0,0.0,29.0,3.0,1.0,12.0,4.0,61.0,89
430590,2016,3.0,0.0,0.0,0.0,2.0,29.0,8.0,0.0,17.0,3.0,62.0,90
430590,2017,5.0,0.0,0.0,1.0,1.0,29.0,5.0,0.0,22.0,3.0,66.0,90
430590,2018,4.0,0.0,0.0,3.0,0.0,32.0,3.0,2.0,16.0,7.0,71.0,105
430590,2019,6.0,0.0,2.0,0.0,2.0,21.0,4.0,0.0,14.0,4.0,56.0,83
430593,2012,0.0,0.0,0.0,0.0,1.0,0.0,0.0,0.0,2.0,1.0,6.0,8
430593,2013,0.0,0.0,0.0,0.0,0.0,0.0,0.0,0.0,0.0,0.0,3.0,3
430593,2014,0.0,0.0,0.0,0.0,0.0,2.0,0.0,0.0,2.0,1.0,5.0,8
430593,2015,1.0,0.0,0.0,0.0,1.0,3.0,2.0,0.0,0.0,0.0,7.0,8
430593,2016,0.0,0.0,0.0,0.0,0.0,2.0,0.0,1.0,1.0,1.0,5.0,5
430593,2017,1.0,0.0,0.0,0.0,0.0,3.0,0.0,0.0,3.0,1.0,8.0,12
430593,2018,0.0,0.0,0.0,2.0,0.0,5.0,0.0,0.0,3.0,1.0,11.0,12
430593,2019,0.0,0.0,0.0,0.0,1.0,4.0,0.0,0.0,1.0,0.0,6.0,9
430595,2012,1.0,0.0,0.0,0.0,0.0,3.0,0.0,0.0,6.0,4.0,14.0,24
430595,2013,0.0,0.0,0.0,0.0,0.0,0.0,0.0,0.0,0.0,0.0,15.0,24
430595,2014,1.0,0.0,0.0,0.0,1.0,4.0,1.0,0.0,3.0,0.0,10.0,17
430595,2015,1.0,1.0,1.0,0.0,2.0,8.0,1.0,0.0,6.0,1.0,21.0,35
430595,2016,0.0,0.0,0.0,0.0,0.0,6.0,4.0,0.0,6.0,2.0,18.0,28
430595,2017,2.0,0.0,0.0,0.0,1.0,9.0,1.0,1.0,4.0,1.0,19.0,28
430595,2018,3.0,0.0,0.0,0.0,1.0,7.0,2.0,1.0,6.0,2.0,22.0,36
430595,2019,4.0,0.0,2.0,1.0,0.0,8.0,4.0,1.0,10.0,0.0,30.0,35
430597,2012,2.0,0.0,0.0,0.0,0.0,7.0,0.0,0.0,10.0,0.0,19.0,41
430597,2013,0.0,0.0,0.0,0.0,0.0,0.0,0.0,0.0,0.0,0.0,24.0,37
430597,2014,2.0,0.0,0.0,0.0,1.0,9.0,3.0,0.0,5.0,0.0,20.0,32
430597,2015,1.0,0.0,4.0,4.0,0.0,5.0,5.0,0.0,18.0,2.0,39.0,55
430597,2016,1.0,0.0,2.0,3.0,1.0,6.0,5.0,1.0,10.0,0.0,29.0,46
430597,2017,2.0,0.0,2.0,1.0,0.0,7.0,2.0,0.0,9.0,0.0,23.0,45
430597,2018,2.0,0.0,2.0,0.0,0.0,13.0,1.0,0.0,3.0,1.0,22.0,40
430597,2019,1.0,0.0,0.0,0.0,0.0,17.0,1.0,0.0,8.0,0.0,27.0,43
430600,2012,3.0,2.0,0.0,2.0,2.0,19.0,1.0,1.0,16.0,2.0,89.0,138
430600,2013,0.0,0.0,0.0,0.0,0.0,0.0,0.0,0.0,0.0,0.0,74.0,118
430600,2014,8.0,1.0,4.0,3.0,4.0,25.0,12.0,2.0,35.0,6.0,104.0,156
430600,2015,9.0,3.0,5.0,3.0,1.0,37.0,9.0,3.0,21.0,5.0,96.0,125
430600,2016,10.0,0.0,5.0,5.0,0.0,30.0,10.0,0.0,36.0,3.0,99.0,145
430600,2017,7.0,0.0,2.0,1.0,0.0,31.0,19.0,0.0,39.0,2.0,101.0,133
430600,2018,7.0,0.0,2.0,0.0,0.0,32.0,21.0,6.0,33.0,6.0,107.0,139
430600,2019,6.0,0.0,5.0,3.0,0.0,32.0,13.0,1.0,26.0,2.0,93.0,139
430605,2012,2.0,0.0,2.0,0.0,2.0,16.0,2.0,2.0,6.0,16.0,48.0,84
430605,2013,0.0,0.0,0.0,0.0,0.0,0.0,0.0,0.0,0.0,0.0,48.0,89
430605,2014,1.0,0.0,0.0,1.0,0.0,20.0,3.0,7.0,1.0,14.0,47.0,95
430605,2015,2.0,0.0,4.0,1.0,0.0,20.0,2.0,3.0,2.0,28.0,62.0,113
430605,2016,4.0,0.0,2.0,0.0,0.0,21.0,1.0,11.0,2.0,15.0,57.0,91
430605,2017,1.0,0.0,0.0,4.0,1.0,17.0,1.0,1.0,4.0,11.0,40.0,82
430605,2018,4.0,0.0,4.0,2.0,0.0,18.0,1.0,6.0,3.0,16.0,54.0,98
430605,2019,3.0,0.0,0.0,2.0,1.0,25.0,1.0,4.0,8.0,8.0,52.0,85
430607,2012,3.0,0.0,0.0,2.0,1.0,1.0,0.0,1.0,0.0,1.0,30.0,33
430607,2013,0.0,0.0,0.0,0.0,0.0,0.0,0.0,0.0,0.0,0.0,21.0,27
430607,2014,0.0,1.0,0.0,0.0,0.0,9.0,5.0,0.0,9.0,0.0,24.0,28
430607,2015,5.0,0.0,2.0,1.0,1.0,9.0,2.0,0.0,4.0,1.0,25.0,30
430607,2016,1.0,1.0,0.0,0.0,4.0,7.0,3.0,0.0,5.0,0.0,21.0,24
430607,2017,2.0,2.0,0.0,0.0,0.0,7.0,3.0,4.0,5.0,2.0,25.0,30
430607,2018,4.0,0.0,0.0,1.0,0.0,13.0,3.0,0.0,4.0,8.0,33.0,42
430607,2019,3.0,0.0,0.0,0.0,0.0,12.0,4.0,0.0,5.0,2.0,26.0,30
430610,2012,83.0,1.0,12.0,10.0,19.0,213.0,23.0,33.0,131.0,148.0,681.0,917
430610,2013,0.0,0.0,0.0,0.0,0.0,0.0,0.0,0.0,0.0,0.0,645.0,872
430610,2014,54.0,3.0,20.0,11.0,10.0,251.0,33.0,44.0,144.0,129.0,700.0,907
430610,2015,55.0,1.0,7.0,20.0,15.0,227.0,50.0,33.0,187.0,81.0,676.0,909
430610,2016,69.0,0.0,21.0,15.0,13.0,238.0,48.0,27.0,165.0,62.0,658.0,851
430610,2017,77.0,3.0,31.0,8.0,6.0,238.0,66.0,23.0,194.0,73.0,720.0,862
430610,2018,64.0,3.0,16.0,12.0,10.0,252.0,56.0,18.0,157.0,79.0,667.0,851
430610,2019,44.0,1.0,20.0,10.0,12.0,255.0,40.0,20.0,144.0,61.0,607.0,801
430613,2012,1.0,0.0,0.0,0.0,0.0,4.0,2.0,0.0,3.0,0.0,16.0,19
430613,2013,0.0,0.0,0.0,0.0,0.0,0.0,0.0,0.0,0.0,0.0,10.0,16
430613,2014,1.0,0.0,0.0,0.0,0.0,2.0,0.0,1.0,4.0,0.0,8.0,16
430613,2015,1.0,0.0,0.0,0.0,0.0,4.0,3.0,1.0,2.0,0.0,11.0,21
430613,2016,2.0,0.0,0.0,1.0,0.0,1.0,1.0,2.0,1.0,1.0,9.0,13
430613,2017,1.0,0.0,0.0,0.0,0.0,2.0,0.0,0.0,0.0,1.0,4.0,11
430613,2018,0.0,0.0,2.0,0.0,0.0,7.0,0.0,0.0,3.0,0.0,12.0,15
430613,2019,1.0,0.0,0.0,0.0,0.0,2.0,1.0,1.0,3.0,0.0,8.0,13
430620,2012,7.0,0.0,1.0,2.0,1.0,25.0,12.0,0.0,28.0,6.0,82.0,96
430620,2013,0.0,0.0,0.0,0.0,0.0,0.0,0.0,0.0,0.0,0.0,91.0,111
430620,2014,4.0,0.0,2.0,2.0,1.0,27.0,16.0,0.0,32.0,0.0,85.0,103
430620,2015,13.0,0.0,0.0,1.0,0.0,28.0,10.0,0.0,31.0,4.0,87.0,116
430620,2016,8.0,0.0,0.0,4.0,4.0,36.0,9.0,1.0,41.0,6.0,110.0,143
430620,2017,6.0,1.0,4.0,3.0,3.0,33.0,8.0,1.0,20.0,2.0,81.0,106
430620,2018,13.0,1.0,0.0,3.0,2.0,28.0,6.0,2.0,14.0,6.0,75.0,126
430620,2019,8.0,0.0,2.0,2.0,3.0,23.0,3.0,4.0,24.0,6.0,75.0,115
430630,2012,4.0,0.0,2.0,1.0,3.0,7.0,2.0,1.0,8.0,3.0,33.0,54
430630,2013,0.0,0.0,0.0,0.0,0.0,0.0,0.0,0.0,0.0,0.0,25.0,36
430630,2014,1.0,0.0,0.0,1.0,0.0,4.0,6.0,0.0,11.0,0.0,24.0,37
430630,2015,2.0,1.0,2.0,1.0,1.0,3.0,2.0,0.0,7.0,3.0,22.0,31
430630,2016,2.0,0.0,2.0,3.0,5.0,5.0,3.0,2.0,10.0,1.0,33.0,50
430630,2017,1.0,0.0,0.0,0.0,0.0,6.0,0.0,0.0,7.0,4.0,18.0,37
430630,2018,2.0,0.0,3.0,0.0,0.0,9.0,1.0,2.0,11.0,5.0,33.0,43
430630,2019,3.0,0.0,2.0,0.0,2.0,10.0,0.0,1.0,5.0,0.0,23.0,32
430632,2012,2.0,0.0,2.0,1.0,1.0,7.0,0.0,1.0,4.0,1.0,24.0,34
430632,2013,0.0,0.0,0.0,0.0,0.0,0.0,0.0,0.0,0.0,0.0,20.0,29
430632,2014,1.0,0.0,0.0,0.0,0.0,5.0,1.0,0.0,4.0,2.0,13.0,19
430632,2015,1.0,0.0,0.0,1.0,0.0,7.0,2.0,2.0,2.0,4.0,19.0,39
430632,2016,0.0,0.0,0.0,1.0,0.0,4.0,0.0,1.0,8.0,1.0,15.0,26
430632,2017,0.0,0.0,0.0,0.0,1.0,3.0,1.0,0.0,6.0,2.0,13.0,37
430632,2018,1.0,0.0,0.0,2.0,0.0,3.0,0.0,0.0,6.0,2.0,14.0,32
430632,2019,1.0,0.0,0.0,0.0,1.0,7.0,0.0,0.0,2.0,0.0,11.0,26
430635,2012,2.0,0.0,0.0,0.0,0.0,3.0,2.0,0.0,5.0,0.0,12.0,23
430635,2013,0.0,0.0,0.0,0.0,0.0,0.0,0.0,0.0,0.0,0.0,11.0,24
430635,2014,3.0,0.0,0.0,0.0,0.0,0.0,0.0,0.0,6.0,4.0,13.0,22
430635,2015,1.0,0.0,0.0,1.0,1.0,3.0,0.0,1.0,4.0,1.0,12.0,20
430635,2016,2.0,0.0,2.0,0.0,0.0,3.0,1.0,0.0,2.0,1.0,11.0,23
430635,2017,3.0,0.0,0.0,0.0,0.0,4.0,1.0,1.0,2.0,8.0,19.0,27
430635,2018,2.0,0.0,0.0,1.0,0.0,4.0,1.0,0.0,1.0,0.0,9.0,19
430635,2019,0.0,0.0,0.0,0.0,0.0,5.0,0.0,2.0,1.0,5.0,13.0,19
430637,2012,3.0,0.0,0.0,0.0,0.0,6.0,1.0,0.0,2.0,1.0,14.0,27
430637,2013,0.0,0.0,0.0,0.0,0.0,0.0,0.0,0.0,0.0,0.0,10.0,24
430637,2014,1.0,0.0,2.0,1.0,0.0,8.0,3.0,0.0,6.0,1.0,22.0,34
430637,2015,1.0,0.0,0.0,1.0,0.0,5.0,0.0,0.0,7.0,0.0,14.0,28
430637,2016,2.0,0.0,0.0,0.0,0.0,9.0,0.0,1.0,1.0,2.0,15.0,27
430637,2017,0.0,1.0,1.0,0.0,1.0,4.0,1.0,0.0,3.0,0.0,11.0,24
430637,2018,2.0,0.0,0.0,2.0,0.0,6.0,1.0,0.0,1.0,0.0,12.0,25
430637,2019,0.0,0.0,0.0,0.0,2.0,4.0,2.0,0.0,5.0,0.0,13.0,20
430640,2012,19.0,0.0,0.0,10.0,9.0,53.0,16.0,5.0,105.0,18.0,237.0,366
430640,2013,0.0,0.0,0.0,0.0,0.0,0.0,0.0,0.0,0.0,0.0,255.0,353
430640,2014,24.0,0.0,6.0,6.0,13.0,64.0,23.0,6.0,75.0,20.0,238.0,363
430640,2015,22.0,2.0,14.0,12.0,10.0,75.0,26.0,1.0,90.0,14.0,270.0,403
430640,2016,27.0,0.0,6.0,7.0,9.0,77.0,33.0,8.0,90.0,13.0,278.0,405
430640,2017,25.0,0.0,2.0,10.0,12.0,90.0,39.0,6.0,100.0,18.0,305.0,396
430640,2018,25.0,0.0,12.0,13.0,11.0,93.0,27.0,5.0,88.0,22.0,296.0,404
430640,2019,33.0,1.0,9.0,5.0,13.0,90.0,25.0,8.0,73.0,24.0,281.0,359
430642,2012,1.0,0.0,0.0,0.0,0.0,6.0,0.0,1.0,6.0,3.0,32.0,35
430642,2013,0.0,0.0,0.0,0.0,0.0,0.0,0.0,0.0,0.0,0.0,28.0,32
430642,2014,5.0,0.0,0.0,0.0,0.0,7.0,4.0,1.0,8.0,1.0,26.0,27
430642,2015,1.0,2.0,0.0,1.0,0.0,3.0,4.0,0.0,4.0,2.0,17.0,22
430642,2016,5.0,0.0,0.0,0.0,0.0,8.0,0.0,0.0,1.0,0.0,14.0,28
430642,2017,1.0,0.0,0.0,0.0,1.0,11.0,3.0,1.0,7.0,1.0,25.0,34
430642,2018,0.0,0.0,0.0,1.0,0.0,9.0,2.0,1.0,2.0,2.0,19.0,30
430642,2019,0.0,0.0,2.0,0.0,0.0,4.0,1.0,1.0,2.0,4.0,14.0,23
430645,2012,2.0,0.0,0.0,0.0,5.0,7.0,0.0,0.0,9.0,4.0,27.0,29
430645,2013,0.0,0.0,0.0,0.0,0.0,0.0,0.0,0.0,0.0,0.0,19.0,22
430645,2014,6.0,0.0,2.0,0.0,1.0,8.0,1.0,1.0,0.0,4.0,23.0,26
430645,2015,4.0,0.0,0.0,0.0,0.0,5.0,1.0,0.0,8.0,2.0,20.0,25
430645,2016,0.0,0.0,0.0,1.0,2.0,10.0,1.0,2.0,7.0,3.0,26.0,28
430645,2017,1.0,0.0,0.0,0.0,0.0,7.0,1.0,0.0,11.0,0.0,20.0,23
430645,2018,0.0,1.0,2.0,2.0,2.0,5.0,1.0,0.0,7.0,1.0,21.0,31
430645,2019,5.0,0.0,0.0,0.0,2.0,8.0,1.0,0.0,5.0,3.0,24.0,31
430650,2012,6.0,0.0,2.0,2.0,4.0,18.0,2.0,5.0,19.0,15.0,85.0,151
430650,2013,0.0,0.0,0.0,0.0,0.0,0.0,0.0,0.0,0.0,0.0,102.0,161
430650,2014,1.0,0.0,0.0,2.0,2.0,36.0,5.0,9.0,15.0,14.0,84.0,163
430650,2015,4.0,0.0,2.0,4.0,1.0,26.0,5.0,1.0,13.0,14.0,70.0,172
430650,2016,3.0,0.0,4.0,3.0,3.0,29.0,3.0,8.0,12.0,10.0,75.0,138
430650,2017,4.0,0.0,0.0,2.0,4.0,33.0,4.0,6.0,8.0,15.0,76.0,150
430650,2018,7.0,0.0,2.0,6.0,1.0,37.0,3.0,2.0,15.0,15.0,88.0,149
430650,2019,7.0,1.0,0.0,5.0,3.0,35.0,4.0,5.0,14.0,13.0,87.0,157
430655,2012,1.0,0.0,0.0,0.0,0.0,3.0,0.0,0.0,4.0,1.0,9.0,15
430655,2013,0.0,0.0,0.0,0.0,0.0,0.0,0.0,0.0,0.0,0.0,9.0,10
430655,2014,0.0,0.0,0.0,0.0,0.0,8.0,3.0,1.0,2.0,1.0,15.0,19
430655,2015,0.0,0.0,0.0,0.0,1.0,2.0,4.0,2.0,6.0,1.0,16.0,25
430655,2016,0.0,1.0,0.0,1.0,1.0,4.0,0.0,0.0,7.0,1.0,15.0,21
430655,2017,0.0,0.0,0.0,1.0,0.0,7.0,0.0,0.0,6.0,1.0,15.0,21
430655,2018,1.0,0.0,0.0,1.0,0.0,9.0,1.0,1.0,5.0,0.0,18.0,26
430655,2019,0.0,0.0,1.0,2.0,1.0,8.0,2.0,2.0,5.0,1.0,22.0,31
430660,2012,30.0,1.0,5.0,4.0,7.0,98.0,27.0,13.0,84.0,55.0,328.0,481
430660,2013,0.0,0.0,0.0,0.0,0.0,0.0,0.0,0.0,0.0,0.0,346.0,433
430660,2014,40.0,2.0,4.0,13.0,5.0,113.0,30.0,28.0,76.0,79.0,390.0,466
430660,2015,31.0,6.0,4.0,12.0,10.0,103.0,19.0,37.0,56.0,82.0,360.0,436
430660,2016,23.0,2.0,10.0,12.0,4.0,124.0,32.0,19.0,57.0,77.0,360.0,443
430660,2017,32.0,9.0,8.0,5.0,7.0,120.0,24.0,28.0,52.0,71.0,356.0,415
430660,2018,33.0,6.0,11.0,2.0,7.0,127.0,25.0,21.0,91.0,56.0,379.0,451
430660,2019,50.0,0.0,9.0,8.0,7.0,126.0,29.0,10.0,108.0,29.0,376.0,414
430670,2012,2.0,0.0,0.0,0.0,0.0,4.0,0.0,0.0,5.0,1.0,12.0,17
430670,2013,0.0,0.0,0.0,0.0,0.0,0.0,0.0,0.0,0.0,0.0,18.0,30
430670,2014,5.0,0.0,2.0,1.0,0.0,1.0,1.0,1.0,5.0,1.0,17.0,33
430670,2015,0.0,0.0,1.0,1.0,1.0,8.0,1.0,0.0,4.0,3.0,20.0,32
430670,2016,0.0,0.0,4.0,0.0,0.0,7.0,1.0,0.0,9.0,0.0,21.0,38
430670,2017,4.0,0.0,0.0,0.0,1.0,4.0,0.0,0.0,4.0,1.0,14.0,25
430670,2018,2.0,0.0,0.0,0.0,0.0,7.0,0.0,1.0,3.0,3.0,16.0,37
430670,2019,2.0,0.0,0.0,0.0,2.0,16.0,0.0,0.0,5.0,0.0,25.0,38
430673,2012,1.0,0.0,0.0,2.0,0.0,7.0,0.0,0.0,5.0,1.0,21.0,34
430673,2013,0.0,0.0,0.0,0.0,0.0,0.0,0.0,0.0,0.0,0.0,19.0,38
430673,2014,3.0,0.0,2.0,1.0,0.0,17.0,4.0,0.0,6.0,0.0,33.0,42
430673,2015,5.0,0.0,0.0,0.0,1.0,7.0,2.0,1.0,8.0,2.0,26.0,42
430673,2016,1.0,0.0,0.0,1.0,0.0,15.0,2.0,0.0,10.0,2.0,31.0,39
430673,2017,4.0,0.0,2.0,0.0,0.0,13.0,1.0,0.0,14.0,3.0,37.0,49
430673,2018,1.0,0.0,0.0,3.0,0.0,9.0,3.0,2.0,8.0,4.0,30.0,35
430673,2019,3.0,0.0,0.0,1.0,0.0,11.0,2.0,2.0,11.0,2.0,32.0,37
430675,2012,2.0,0.0,0.0,0.0,3.0,0.0,0.0,0.0,2.0,1.0,9.0,11
430675,2013,0.0,0.0,0.0,0.0,0.0,0.0,0.0,0.0,0.0,0.0,6.0,11
430675,2014,1.0,0.0,0.0,1.0,2.0,2.0,1.0,0.0,1.0,0.0,9.0,15
430675,2015,0.0,0.0,0.0,5.0,6.0,2.0,0.0,0.0,0.0,0.0,16.0,23
430675,2016,1.0,0.0,0.0,5.0,2.0,1.0,1.0,0.0,0.0,0.0,10.0,14
430675,2017,1.0,0.0,0.0,2.0,0.0,6.0,0.0,0.0,4.0,2.0,15.0,20
430675,2018,1.0,0.0,5.0,3.0,1.0,1.0,0.0,0.0,3.0,0.0,14.0,16
430675,2019,0.0,0.0,0.0,2.0,0.0,2.0,0.0,0.0,1.0,2.0,7.0,13
430676,2012,33.0,2.0,4.0,10.0,8.0,61.0,18.0,5.0,78.0,14.0,256.0,550
430676,2013,0.0,0.0,0.0,0.0,0.0,0.0,0.0,0.0,0.0,0.0,267.0,572
430676,2014,26.0,1.0,10.0,12.0,4.0,81.0,25.0,12.0,63.0,16.0,251.0,593
430676,2015,24.0,0.0,11.0,13.0,10.0,79.0,21.0,12.0,64.0,10.0,244.0,558
430676,2016,26.0,1.0,6.0,14.0,9.0,82.0,31.0,2.0,72.0,8.0,251.0,578
430676,2017,21.0,1.0,15.0,9.0,11.0,102.0,22.0,8.0,67.0,9.0,265.0,571
430676,2018,20.0,2.0,3.0,20.0,8.0,88.0,27.0,6.0,48.0,9.0,231.0,544
430676,2019,18.0,2.0,17.0,8.0,9.0,106.0,16.0,7.0,74.0,20.0,278.0,522
430680,2012,9.0,2.0,8.0,32.0,32.0,12.0,7.0,1.0,13.0,4.0,165.0,238
430680,2013,0.0,0.0,0.0,0.0,0.0,0.0,0.0,0.0,0.0,0.0,171.0,252
430680,2014,10.0,0.0,4.0,52.0,37.0,11.0,10.0,2.0,14.0,8.0,187.0,274
430680,2015,11.0,0.0,10.0,35.0,36.0,9.0,2.0,0.0,18.0,5.0,161.0,267
430680,2016,12.0,1.0,1.0,51.0,53.0,11.0,4.0,1.0,20.0,7.0,167.0,264
430680,2017,17.0,0.0,12.0,22.0,14.0,44.0,17.0,3.0,35.0,6.0,170.0,292
430680,2018,8.0,0.0,2.0,13.0,13.0,53.0,22.0,0.0,49.0,12.0,172.0,262
430680,2019,13.0,0.0,6.0,15.0,10.0,45.0,14.0,2.0,46.0,9.0,160.0,285
430690,2012,22.0,0.0,6.0,6.0,6.0,30.0,22.0,5.0,41.0,21.0,161.0,313
430690,2013,0.0,0.0,0.0,0.0,0.0,0.0,0.0,0.0,0.0,0.0,154.0,274
430690,2014,21.0,1.0,2.0,4.0,5.0,32.0,19.0,3.0,46.0,17.0,151.0,268
430690,2015,22.0,0.0,6.0,14.0,4.0,30.0,18.0,4.0,44.0,7.0,149.0,271
430690,2016,12.0,0.0,4.0,2.0,5.0,45.0,20.0,11.0,39.0,16.0,154.0,296
430690,2017,8.0,0.0,6.0,5.0,6.0,42.0,14.0,7.0,56.0,16.0,160.0,282
430690,2018,9.0,0.0,12.0,4.0,3.0,46.0,17.0,6.0,50.0,14.0,161.0,292
430690,2019,19.0,1.0,11.0,8.0,5.0,46.0,10.0,0.0,50.0,8.0,158.0,289
430692,2012,1.0,0.0,0.0,1.0,0.0,1.0,0.0,0.0,2.0,2.0,11.0,19
430692,2013,0.0,0.0,0.0,0.0,0.0,0.0,0.0,0.0,0.0,0.0,22.0,37
430692,2014,1.0,0.0,0.0,0.0,1.0,5.0,3.0,0.0,4.0,1.0,15.0,21
430692,2015,4.0,0.0,3.0,2.0,1.0,0.0,0.0,0.0,1.0,0.0,11.0,17
430692,2016,0.0,0.0,0.0,0.0,1.0,4.0,1.0,0.0,3.0,0.0,9.0,25
430692,2017,1.0,0.0,2.0,0.0,1.0,4.0,0.0,0.0,0.0,0.0,9.0,22
430692,2018,0.0,0.0,0.0,0.0,0.0,5.0,0.0,0.0,5.0,0.0,11.0,23
430692,2019,3.0,0.0,0.0,0.0,0.0,8.0,0.0,0.0,1.0,2.0,14.0,23
430693,2012,3.0,0.0,3.0,1.0,2.0,23.0,4.0,0.0,14.0,7.0,57.0,101
430693,2013,0.0,0.0,0.0,0.0,0.0,0.0,0.0,0.0,0.0,0.0,63.0,97
430693,2014,3.0,0.0,2.0,2.0,1.0,15.0,7.0,1.0,28.0,5.0,64.0,100
430693,2015,9.0,0.0,3.0,4.0,4.0,27.0,8.0,2.0,20.0,5.0,82.0,120
430693,2016,4.0,0.0,5.0,1.0,4.0,22.0,6.0,2.0,20.0,5.0,69.0,100
430693,2017,6.0,0.0,3.0,4.0,0.0,27.0,5.0,1.0,19.0,2.0,67.0,97
430693,2018,5.0,0.0,2.0,1.0,2.0,29.0,7.0,5.0,25.0,6.0,82.0,127
430693,2019,7.0,0.0,2.0,3.0,1.0,40.0,8.0,2.0,14.0,4.0,81.0,108
430695,2012,1.0,0.0,2.0,0.0,0.0,4.0,1.0,1.0,1.0,1.0,11.0,16
430695,2013,0.0,0.0,0.0,0.0,0.0,0.0,0.0,0.0,0.0,0.0,18.0,29
430695,2014,2.0,0.0,0.0,1.0,0.0,7.0,4.0,1.0,5.0,4.0,28.0,40
430695,2015,2.0,0.0,2.0,0.0,1.0,2.0,1.0,2.0,6.0,1.0,23.0,35
430695,2016,2.0,0.0,0.0,0.0,0.0,5.0,2.0,1.0,3.0,0.0,22.0,30
430695,2017,2.0,0.0,0.0,1.0,1.0,6.0,6.0,0.0,6.0,3.0,27.0,33
430695,2018,0.0,0.0,2.0,2.0,2.0,9.0,4.0,1.0,5.0,2.0,28.0,32
430695,2019,6.0,0.0,0.0,0.0,0.0,9.0,3.0,1.0,2.0,0.0,21.0,28
430697,2012,2.0,0.0,0.0,0.0,0.0,4.0,4.0,0.0,4.0,2.0,17.0,30
430697,2013,0.0,0.0,0.0,0.0,0.0,0.0,0.0,0.0,0.0,0.0,27.0,39
430697,2014,5.0,0.0,0.0,0.0,2.0,10.0,6.0,1.0,13.0,3.0,42.0,55
430697,2015,4.0,0.0,0.0,0.0,0.0,7.0,6.0,0.0,8.0,1.0,31.0,44
430697,2016,3.0,0.0,2.0,1.0,0.0,6.0,4.0,0.0,12.0,3.0,31.0,41
430697,2017,3.0,0.0,0.0,1.0,1.0,9.0,4.0,3.0,7.0,2.0,30.0,46
430697,2018,1.0,0.0,0.0,1.0,2.0,11.0,7.0,1.0,5.0,3.0,32.0,44
430697,2019,2.0,0.0,0.0,0.0,0.0,12.0,2.0,0.0,3.0,0.0,19.0,36
430700,2012,69.0,7.0,24.0,15.0,25.0,210.0,62.0,16.0,352.0,71.0,858.0,1298
430700,2013,0.0,0.0,0.0,0.0,0.0,0.0,0.0,0.0,0.0,0.0,891.0,1329
430700,2014,96.0,4.0,32.0,27.0,46.0,254.0,89.0,28.0,330.0,51.0,959.0,1353
430700,2015,72.0,6.0,20.0,22.0,30.0,297.0,78.0,28.0,300.0,57.0,917.0,1452
430700,2016,79.0,0.0,25.0,28.0,26.0,247.0,91.0,34.0,258.0,78.0,866.0,1321
430700,2017,85.0,2.0,17.0,32.0,25.0,261.0,96.0,27.0,271.0,75.0,891.0,1340
430700,2018,85.0,4.0,20.0,28.0,31.0,282.0,90.0,19.0,261.0,72.0,893.0,1348
430700,2019,75.0,1.0,32.0,25.0,23.0,277.0,95.0,15.0,240.0,47.0,831.0,1280
430705,2012,0.0,0.0,0.0,0.0,1.0,8.0,2.0,0.0,5.0,0.0,16.0,26
430705,2013,0.0,0.0,0.0,0.0,0.0,0.0,0.0,0.0,0.0,0.0,18.0,25
430705,2014,2.0,0.0,0.0,0.0,2.0,6.0,7.0,0.0,6.0,0.0,23.0,40
430705,2015,2.0,0.0,0.0,2.0,4.0,8.0,3.0,0.0,5.0,0.0,24.0,45
430705,2016,3.0,0.0,4.0,2.0,2.0,6.0,0.0,0.0,5.0,0.0,22.0,32
430705,2017,2.0,0.0,0.0,0.0,0.0,13.0,0.0,0.0,5.0,0.0,20.0,33
430705,2018,4.0,0.0,0.0,0.0,1.0,1.0,4.0,0.0,7.0,0.0,17.0,30
430705,2019,1.0,0.0,0.0,0.0,0.0,5.0,2.0,0.0,5.0,0.0,13.0,23
430710,2012,5.0,0.0,2.0,2.0,3.0,12.0,0.0,3.0,9.0,4.0,41.0,73
430710,2013,0.0,0.0,0.0,0.0,0.0,0.0,0.0,0.0,0.0,0.0,32.0,51
430710,2014,2.0,0.0,2.0,0.0,2.0,11.0,2.0,2.0,10.0,10.0,45.0,71
430710,2015,4.0,0.0,0.0,2.0,1.0,17.0,6.0,2.0,5.0,3.0,40.0,57
430710,2016,7.0,0.0,0.0,1.0,0.0,12.0,2.0,4.0,11.0,2.0,40.0,68
430710,2017,3.0,0.0,0.0,0.0,2.0,11.0,5.0,1.0,10.0,5.0,41.0,70
430710,2018,7.0,0.0,0.0,0.0,0.0,11.0,5.0,5.0,9.0,5.0,44.0,72
430710,2019,3.0,0.0,0.0,0.0,0.0,8.0,4.0,1.0,6.0,3.0,25.0,63
430720,2012,2.0,0.0,0.0,0.0,1.0,5.0,2.0,0.0,8.0,1.0,19.0,51
430720,2013,0.0,0.0,0.0,0.0,0.0,0.0,0.0,0.0,0.0,0.0,26.0,45
430720,2014,1.0,2.0,2.0,1.0,1.0,6.0,5.0,2.0,13.0,3.0,38.0,63
430720,2015,2.0,0.0,0.0,0.0,2.0,5.0,2.0,0.0,4.0,2.0,19.0,45
430720,2016,1.0,0.0,2.0,0.0,2.0,15.0,0.0,3.0,6.0,1.0,33.0,51
430720,2017,2.0,0.0,2.0,0.0,2.0,15.0,4.0,2.0,9.0,3.0,41.0,62
430720,2018,1.0,0.0,2.0,1.0,0.0,11.0,5.0,4.0,7.0,1.0,33.0,50
430720,2019,3.0,1.0,0.0,2.0,0.0,13.0,1.0,2.0,13.0,4.0,39.0,63
430730,2012,1.0,0.0,2.0,1.0,0.0,7.0,0.0,0.0,2.0,1.0,63.0,80
430730,2013,0.0,0.0,0.0,0.0,0.0,0.0,0.0,0.0,0.0,0.0,72.0,86
430730,2014,9.0,1.0,0.0,2.0,0.0,20.0,5.0,3.0,24.0,0.0,64.0,79
430730,2015,9.0,0.0,0.0,1.0,5.0,19.0,7.0,0.0,22.0,3.0,66.0,87
430730,2016,10.0,0.0,0.0,1.0,0.0,27.0,5.0,1.0,32.0,1.0,77.0,91
430730,2017,3.0,2.0,0.0,2.0,3.0,30.0,3.0,2.0,15.0,4.0,64.0,81
430730,2018,4.0,0.0,0.0,0.0,0.0,29.0,4.0,4.0,12.0,7.0,60.0,80
430730,2019,1.0,2.0,4.0,0.0,1.0,24.0,1.0,1.0,13.0,6.0,53.0,87
430740,2012,1.0,0.0,0.0,0.0,1.0,1.0,0.0,0.0,2.0,0.0,20.0,38
430740,2013,0.0,0.0,0.0,0.0,0.0,0.0,0.0,0.0,0.0,0.0,13.0,35
430740,2014,1.0,1.0,0.0,0.0,0.0,7.0,1.0,2.0,1.0,3.0,26.0,42
430740,2015,1.0,0.0,0.0,1.0,0.0,5.0,0.0,0.0,0.0,1.0,11.0,27
430740,2016,2.0,0.0,2.0,0.0,0.0,2.0,2.0,4.0,2.0,1.0,22.0,33
430740,2017,0.0,0.0,2.0,1.0,0.0,4.0,4.0,0.0,4.0,3.0,18.0,31
430740,2018,3.0,0.0,0.0,0.0,0.0,10.0,1.0,1.0,0.0,1.0,17.0,33
430740,2019,1.0,0.0,0.0,1.0,1.0,7.0,1.0,1.0,7.0,4.0,23.0,39
430745,2012,1.0,0.0,0.0,0.0,0.0,8.0,2.0,0.0,4.0,5.0,23.0,32
430745,2013,0.0,0.0,0.0,0.0,0.0,0.0,0.0,0.0,0.0,0.0,38.0,49
430745,2014,4.0,0.0,0.0,0.0,0.0,13.0,2.0,0.0,5.0,1.0,26.0,40
430745,2015,1.0,0.0,0.0,0.0,0.0,14.0,1.0,2.0,7.0,3.0,28.0,41
430745,2016,3.0,0.0,0.0,0.0,0.0,8.0,3.0,0.0,2.0,0.0,16.0,27
430745,2017,1.0,0.0,0.0,0.0,0.0,12.0,2.0,0.0,8.0,3.0,26.0,36
430745,2018,2.0,0.0,0.0,0.0,0.0,7.0,3.0,0.0,12.0,1.0,25.0,36
430745,2019,2.0,0.0,2.0,1.0,0.0,7.0,1.0,0.0,2.0,1.0,20.0,26
430750,2012,3.0,133.0,0.0,0.0,1.0,4.0,0.0,0.0,3.0,2.0,152.0,160
430750,2013,0.0,0.0,0.0,0.0,0.0,0.0,0.0,0.0,0.0,0.0,159.0,167
430750,2014,9.0,86.0,7.0,16.0,17.0,17.0,2.0,1.0,7.0,15.0,177.0,186
430750,2015,12.0,1.0,8.0,64.0,64.0,14.0,4.0,3.0,7.0,4.0,181.0,192
430750,2016,6.0,4.0,8.0,71.0,57.0,11.0,5.0,0.0,7.0,7.0,176.0,185
430750,2017,4.0,2.0,11.0,64.0,67.0,15.0,1.0,0.0,14.0,7.0,185.0,197
430750,2018,15.0,0.0,4.0,19.0,16.0,41.0,10.0,5.0,32.0,14.0,156.0,177
430750,2019,28.0,1.0,0.0,6.0,7.0,60.0,14.0,4.0,34.0,8.0,163.0,183
430755,2012,0.0,0.0,0.0,2.0,2.0,9.0,3.0,0.0,12.0,1.0,29.0,46
430755,2013,0.0,0.0,0.0,0.0,0.0,0.0,0.0,0.0,0.0,0.0,44.0,64
430755,2014,3.0,0.0,0.0,1.0,0.0,11.0,15.0,1.0,18.0,2.0,51.0,67
430755,2015,6.0,1.0,1.0,0.0,0.0,13.0,8.0,1.0,21.0,0.0,55.0,75
430755,2016,5.0,0.0,0.0,2.0,0.0,13.0,4.0,0.0,16.0,3.0,43.0,67
430755,2017,7.0,0.0,0.0,1.0,0.0,9.0,4.0,1.0,25.0,4.0,51.0,72
430755,2018,7.0,0.0,0.0,3.0,1.0,18.0,6.0,3.0,12.0,2.0,52.0,72
430755,2019,5.0,0.0,2.0,1.0,1.0,21.0,5.0,2.0,15.0,2.0,57.0,79
430760,2012,39.0,0.0,14.0,9.0,6.0,96.0,44.0,5.0,150.0,6.0,373.0,589
430760,2013,0.0,0.0,0.0,0.0,0.0,0.0,0.0,0.0,0.0,0.0,449.0,647
430760,2014,47.0,1.0,10.0,9.0,13.0,110.0,62.0,14.0,142.0,32.0,446.0,644
430760,2015,33.0,0.0,12.0,9.0,10.0,126.0,46.0,21.0,115.0,62.0,434.0,625
430760,2016,40.0,6.0,16.0,19.0,12.0,114.0,44.0,24.0,126.0,45.0,449.0,651
430760,2017,32.0,3.0,21.0,11.0,17.0,121.0,47.0,10.0,127.0,29.0,418.0,655
430760,2018,29.0,2.0,7.0,12.0,14.0,141.0,42.0,4.0,118.0,31.0,401.0,634
430760,2019,28.0,3.0,3.0,14.0,16.0,140.0,27.0,8.0,94.0,22.0,355.0,552
430770,2012,96.0,1.0,25.0,18.0,24.0,195.0,65.0,7.0,267.0,41.0,778.0,1220
430770,2013,0.0,0.0,0.0,0.0,0.0,0.0,0.0,0.0,0.0,0.0,662.0,1119
430770,2014,50.0,0.0,22.0,13.0,21.0,175.0,97.0,16.0,209.0,27.0,631.0,1071
430770,2015,73.0,1.0,29.0,27.0,21.0,212.0,84.0,11.0,239.0,25.0,722.0,1233
430770,2016,59.0,1.0,33.0,18.0,15.0,194.0,78.0,12.0,193.0,28.0,631.0,1086
430770,2017,55.0,6.0,28.0,26.0,19.0,215.0,74.0,20.0,170.0,33.0,647.0,1106
430770,2018,56.0,5.0,21.0,23.0,20.0,230.0,80.0,16.0,195.0,38.0,685.0,1129
430770,2019,68.0,5.0,29.0,20.0,27.0,207.0,87.0,17.0,181.0,45.0,686.0,1062
430780,2012,34.0,1.0,6.0,6.0,19.0,76.0,14.0,15.0,64.0,64.0,301.0,388
430780,2013,0.0,0.0,0.0,0.0,0.0,0.0,0.0,0.0,0.0,0.0,349.0,424
430780,2014,31.0,1.0,7.0,5.0,10.0,94.0,23.0,9.0,80.0,48.0,308.0,420
430780,2015,43.0,3.0,11.0,8.0,10.0,123.0,27.0,16.0,65.0,43.0,349.0,474
430780,2016,34.0,1.0,6.0,13.0,7.0,130.0,28.0,9.0,72.0,23.0,323.0,413
430780,2017,28.0,2.0,7.0,9.0,11.0,131.0,31.0,7.0,66.0,35.0,327.0,450
430780,2018,32.0,1.0,10.0,10.0,9.0,127.0,18.0,4.0,62.0,30.0,303.0,427
430780,2019,27.0,0.0,10.0,7.0,13.0,127.0,13.0,4.0,70.0,18.0,289.0,409
430781,2012,4.0,1.0,0.0,1.0,0.0,10.0,0.0,2.0,2.0,6.0,27.0,30
430781,2013,0.0,0.0,0.0,0.0,0.0,0.0,0.0,0.0,0.0,0.0,29.0,32
430781,2014,2.0,0.0,0.0,0.0,0.0,27.0,1.0,0.0,0.0,2.0,32.0,33
430781,2015,5.0,0.0,0.0,1.0,0.0,20.0,6.0,0.0,13.0,2.0,47.0,54
430781,2016,3.0,0.0,3.0,1.0,0.0,9.0,3.0,0.0,7.0,2.0,28.0,33
430781,2017,4.0,0.0,0.0,0.0,2.0,8.0,6.0,0.0,9.0,2.0,31.0,36
430781,2018,5.0,0.0,0.0,0.0,0.0,19.0,3.0,1.0,10.0,2.0,40.0,43
430781,2019,4.0,0.0,0.0,0.0,2.0,13.0,3.0,2.0,8.0,1.0,33.0,36
430783,2012,2.0,0.0,0.0,0.0,0.0,4.0,0.0,0.0,6.0,2.0,16.0,24
430783,2013,0.0,0.0,0.0,0.0,0.0,0.0,0.0,0.0,0.0,0.0,16.0,25
430783,2014,1.0,0.0,0.0,0.0,0.0,6.0,2.0,0.0,6.0,1.0,16.0,26
430783,2015,2.0,0.0,2.0,0.0,0.0,5.0,2.0,2.0,2.0,1.0,16.0,26
430783,2016,1.0,0.0,0.0,1.0,0.0,3.0,0.0,0.0,6.0,0.0,11.0,20
430783,2017,1.0,0.0,0.0,0.0,0.0,10.0,1.0,2.0,5.0,1.0,20.0,28
430783,2018,1.0,0.0,0.0,0.0,0.0,8.0,3.0,0.0,6.0,0.0,18.0,30
430783,2019,2.0,0.0,4.0,0.0,0.0,6.0,0.0,0.0,3.0,3.0,18.0,25
430786,2012,0.0,0.0,0.0,0.0,0.0,4.0,0.0,0.0,3.0,4.0,11.0,18
430786,2013,0.0,0.0,0.0,0.0,0.0,0.0,0.0,0.0,0.0,0.0,10.0,18
430786,2014,5.0,0.0,1.0,0.0,1.0,3.0,3.0,0.0,5.0,1.0,19.0,24
430786,2015,0.0,0.0,0.0,0.0,0.0,3.0,1.0,0.0,3.0,0.0,7.0,14
430786,2016,2.0,0.0,0.0,0.0,1.0,6.0,1.0,0.0,5.0,2.0,17.0,23
430786,2017,1.0,0.0,0.0,1.0,1.0,13.0,3.0,1.0,5.0,0.0,25.0,29
430786,2018,0.0,0.0,0.0,1.0,0.0,10.0,3.0,0.0,5.0,2.0,21.0,26
430786,2019,1.0,1.0,0.0,1.0,0.0,1.0,3.0,1.0,4.0,2.0,14.0,19
430790,2012,100.0,2.0,27.0,13.0,15.0,197.0,3.0,0.0,299.0,29.0,747.0,890
430790,2013,0.0,0.0,0.0,0.0,0.0,0.0,0.0,0.0,0.0,0.0,712.0,817
430790,2014,103.0,0.0,20.0,14.0,20.0,217.0,96.0,5.0,282.0,28.0,788.0,906
430790,2015,77.0,1.0,16.0,17.0,13.0,251.0,75.0,9.0,254.0,25.0,739.0,916
430790,2016,80.0,1.0,31.0,9.0,13.0,208.0,70.0,8.0,216.0,26.0,662.0,811
430790,2017,86.0,2.0,18.0,11.0,13.0,231.0,66.0,6.0,241.0,35.0,709.0,874
430790,2018,86.0,0.0,25.0,18.0,25.0,271.0,60.0,9.0,214.0,29.0,738.0,916
430790,2019,80.0,1.0,21.0,17.0,17.0,233.0,46.0,7.0,203.0,36.0,661.0,848
430800,2012,7.0,0.0,2.0,3.0,5.0,16.0,1.0,1.0,16.0,0.0,52.0,65
430800,2013,0.0,0.0,0.0,0.0,0.0,0.0,0.0,0.0,0.0,0.0,37.0,57
430800,2014,2.0,0.0,0.0,1.0,1.0,15.0,4.0,1.0,16.0,1.0,41.0,52
430800,2015,2.0,1.0,0.0,0.0,1.0,21.0,5.0,0.0,10.0,2.0,42.0,68
430800,2016,5.0,0.0,0.0,0.0,1.0,26.0,6.0,1.0,12.0,1.0,52.0,63
430800,2017,2.0,0.0,2.0,1.0,1.0,10.0,3.0,2.0,14.0,2.0,37.0,56
430800,2018,6.0,0.0,0.0,4.0,2.0,22.0,3.0,0.0,7.0,4.0,48.0,63
430800,2019,2.0,0.0,0.0,1.0,0.0,20.0,1.0,1.0,14.0,8.0,47.0,72
430805,2012,2.0,0.0,0.0,0.0,0.0,3.0,1.0,0.0,5.0,0.0,21.0,28
430805,2013,0.0,0.0,0.0,0.0,0.0,0.0,0.0,0.0,0.0,0.0,17.0,25
430805,2014,0.0,0.0,2.0,0.0,0.0,5.0,3.0,0.0,4.0,0.0,16.0,28
430805,2015,1.0,0.0,0.0,0.0,0.0,10.0,3.0,1.0,6.0,2.0,28.0,38
430805,2016,0.0,0.0,0.0,0.0,0.0,1.0,1.0,0.0,3.0,3.0,11.0,15
430805,2017,1.0,0.0,0.0,1.0,0.0,7.0,1.0,1.0,6.0,3.0,20.0,26
430805,2018,0.0,0.0,0.0,2.0,0.0,8.0,5.0,2.0,3.0,1.0,21.0,28
430805,2019,1.0,0.0,0.0,1.0,0.0,6.0,0.0,1.0,4.0,5.0,18.0,28
430807,2012,3.0,0.0,0.0,0.0,3.0,21.0,1.0,7.0,7.0,11.0,53.0,63
430807,2013,0.0,0.0,0.0,0.0,0.0,0.0,0.0,0.0,0.0,0.0,36.0,53
430807,2014,5.0,0.0,0.0,1.0,2.0,17.0,3.0,1.0,6.0,9.0,44.0,63
430807,2015,4.0,0.0,4.0,1.0,1.0,19.0,2.0,1.0,3.0,7.0,42.0,66
430807,2016,6.0,0.0,2.0,1.0,1.0,19.0,1.0,3.0,8.0,2.0,43.0,61
430807,2017,5.0,0.0,0.0,2.0,0.0,19.0,2.0,0.0,7.0,4.0,39.0,53
430807,2018,3.0,0.0,0.0,1.0,1.0,14.0,1.0,1.0,9.0,4.0,34.0,52
430807,2019,5.0,0.0,2.0,0.0,1.0,10.0,3.0,3.0,1.0,6.0,31.0,52
430810,2012,14.0,3.0,5.0,3.0,6.0,18.0,8.0,1.0,31.0,13.0,110.0,138
430810,2013,0.0,0.0,0.0,0.0,0.0,0.0,0.0,0.0,0.0,0.0,116.0,138
430810,2014,13.0,0.0,3.0,2.0,9.0,32.0,12.0,1.0,41.0,9.0,124.0,159
430810,2015,14.0,1.0,4.0,4.0,4.0,44.0,8.0,3.0,44.0,6.0,132.0,155
430810,2016,11.0,1.0,5.0,3.0,3.0,33.0,7.0,6.0,41.0,16.0,127.0,151
430810,2017,11.0,1.0,3.0,3.0,9.0,45.0,10.0,0.0,39.0,8.0,129.0,150
430810,2018,14.0,0.0,0.0,7.0,4.0,37.0,7.0,1.0,38.0,10.0,118.0,165
430810,2019,12.0,2.0,2.0,2.0,9.0,48.0,9.0,4.0,31.0,4.0,123.0,147
430820,2012,33.0,1.0,9.0,2.0,8.0,92.0,11.0,1.0,103.0,9.0,287.0,345
430820,2013,0.0,0.0,0.0,0.0,0.0,0.0,0.0,0.0,0.0,0.0,260.0,314
430820,2014,23.0,0.0,18.0,11.0,6.0,77.0,37.0,2.0,120.0,20.0,314.0,372
430820,2015,40.0,0.0,7.0,3.0,12.0,94.0,38.0,2.0,116.0,7.0,319.0,379
430820,2016,29.0,0.0,7.0,3.0,4.0,86.0,30.0,1.0,120.0,3.0,283.0,350
430820,2017,34.0,0.0,12.0,8.0,9.0,105.0,38.0,1.0,111.0,5.0,323.0,379
430820,2018,35.0,0.0,14.0,2.0,5.0,137.0,39.0,0.0,152.0,5.0,389.0,449
430820,2019,34.0,0.0,10.0,5.0,8.0,129.0,25.0,2.0,109.0,7.0,329.0,377
430825,2012,1.0,0.0,0.0,0.0,1.0,0.0,3.0,0.0,2.0,1.0,8.0,13
430825,2013,0.0,0.0,0.0,0.0,0.0,0.0,0.0,0.0,0.0,0.0,12.0,14
430825,2014,1.0,0.0,0.0,0.0,0.0,1.0,0.0,0.0,1.0,0.0,3.0,7
430825,2015,0.0,0.0,0.0,0.0,0.0,2.0,0.0,0.0,3.0,1.0,9.0,11
430825,2016,0.0,0.0,0.0,0.0,0.0,6.0,2.0,0.0,6.0,1.0,15.0,17
430825,2017,0.0,0.0,0.0,0.0,0.0,6.0,1.0,1.0,4.0,1.0,13.0,17
430825,2018,0.0,0.0,0.0,1.0,0.0,2.0,0.0,0.0,5.0,2.0,10.0,14
430825,2019,2.0,0.0,2.0,0.0,0.0,1.0,1.0,0.0,5.0,0.0,11.0,19
430830,2012,14.0,6.0,2.0,1.0,5.0,10.0,4.0,0.0,7.0,4.0,53.0,109
430830,2013,0.0,0.0,0.0,0.0,0.0,0.0,0.0,0.0,0.0,0.0,49.0,89
430830,2014,8.0,3.0,2.0,3.0,1.0,16.0,9.0,3.0,18.0,8.0,79.0,124
430830,2015,2.0,0.0,2.0,3.0,8.0,10.0,8.0,4.0,19.0,7.0,63.0,119
430830,2016,5.0,0.0,2.0,8.0,5.0,9.0,9.0,0.0,16.0,5.0,59.0,97
430830,2017,3.0,1.0,4.0,2.0,3.0,15.0,6.0,0.0,18.0,3.0,55.0,89
430830,2018,5.0,0.0,0.0,2.0,3.0,14.0,7.0,2.0,22.0,5.0,60.0,111
430830,2019,3.0,0.0,2.0,2.0,2.0,13.0,3.0,3.0,13.0,9.0,50.0,90
430840,2012,2.0,1.0,0.0,1.0,2.0,12.0,2.0,2.0,9.0,3.0,34.0,58
430840,2013,0.0,0.0,0.0,0.0,0.0,0.0,0.0,0.0,0.0,0.0,30.0,61
430840,2014,4.0,0.0,2.0,3.0,1.0,4.0,4.0,0.0,13.0,2.0,33.0,56
430840,2015,2.0,0.0,3.0,1.0,1.0,13.0,5.0,2.0,8.0,4.0,39.0,67
430840,2016,3.0,0.0,2.0,0.0,0.0,21.0,5.0,1.0,8.0,3.0,43.0,73
430840,2017,2.0,0.0,8.0,1.0,2.0,17.0,0.0,0.0,12.0,3.0,45.0,69
430840,2018,4.0,0.0,0.0,1.0,0.0,9.0,4.0,1.0,10.0,3.0,32.0,63
430840,2019,3.0,0.0,0.0,4.0,2.0,25.0,6.0,2.0,9.0,5.0,56.0,88
430843,2012,1.0,0.0,0.0,0.0,0.0,1.0,1.0,0.0,3.0,2.0,8.0,13
430843,2013,0.0,0.0,0.0,0.0,0.0,0.0,0.0,0.0,0.0,0.0,12.0,17
430843,2014,1.0,0.0,0.0,1.0,0.0,4.0,2.0,0.0,3.0,0.0,11.0,17
430843,2015,1.0,0.0,0.0,1.0,1.0,4.0,2.0,0.0,3.0,2.0,14.0,18
430843,2016,1.0,0.0,0.0,4.0,0.0,2.0,5.0,0.0,4.0,0.0,16.0,22
430843,2017,0.0,0.0,0.0,0.0,0.0,2.0,3.0,1.0,4.0,0.0,10.0,18
430843,2018,0.0,0.0,0.0,1.0,1.0,4.0,1.0,1.0,3.0,3.0,14.0,17
430843,2019,0.0,0.0,0.0,0.0,1.0,3.0,0.0,0.0,3.0,3.0,10.0,14
430845,2012,1.0,0.0,4.0,0.0,1.0,8.0,0.0,2.0,6.0,11.0,34.0,47
430845,2013,0.0,0.0,0.0,0.0,0.0,0.0,0.0,0.0,0.0,0.0,34.0,49
430845,2014,4.0,0.0,4.0,0.0,0.0,15.0,2.0,4.0,3.0,7.0,39.0,55
430845,2015,3.0,0.0,0.0,1.0,1.0,12.0,5.0,2.0,14.0,3.0,41.0,49
430845,2016,4.0,0.0,2.0,1.0,0.0,18.0,5.0,3.0,11.0,3.0,47.0,49
430845,2017,2.0,0.0,0.0,1.0,1.0,11.0,8.0,2.0,14.0,5.0,44.0,47
430845,2018,3.0,0.0,0.0,0.0,1.0,15.0,2.0,2.0,12.0,2.0,37.0,46
430845,2019,3.0,0.0,2.0,1.0,1.0,18.0,2.0,0.0,17.0,1.0,45.0,57
430850,2012,7.0,0.0,2.0,1.0,1.0,27.0,4.0,2.0,21.0,6.0,265.0,331
430850,2013,0.0,0.0,0.0,0.0,0.0,0.0,0.0,0.0,0.0,0.0,308.0,385
430850,2014,45.0,1.0,15.0,6.0,9.0,92.0,33.0,4.0,141.0,17.0,369.0,408
430850,2015,35.0,0.0,19.0,7.0,11.0,112.0,36.0,7.0,127.0,15.0,370.0,430
430850,2016,38.0,2.0,8.0,7.0,7.0,104.0,43.0,4.0,113.0,10.0,339.0,397
430850,2017,30.0,2.0,6.0,13.0,5.0,114.0,36.0,9.0,111.0,20.0,350.0,398
430850,2018,39.0,3.0,13.0,7.0,6.0,134.0,42.0,8.0,108.0,23.0,388.0,467
430850,2019,28.0,2.0,6.0,9.0,8.0,158.0,25.0,10.0,117.0,29.0,392.0,460
430860,2012,16.0,2.0,10.0,9.0,12.0,72.0,18.0,6.0,81.0,26.0,257.0,320
430860,2013,0.0,0.0,0.0,0.0,0.0,0.0,0.0,0.0,0.0,0.0,278.0,348
430860,2014,23.0,2.0,4.0,8.0,11.0,61.0,34.0,7.0,95.0,44.0,292.0,366
430860,2015,16.0,1.0,14.0,12.0,14.0,77.0,17.0,12.0,78.0,53.0,294.0,414
430860,2016,23.0,1.0,17.0,12.0,11.0,78.0,21.0,18.0,78.0,54.0,315.0,417
430860,2017,21.0,0.0,15.0,5.0,8.0,92.0,20.0,19.0,57.0,67.0,304.0,400
430860,2018,17.0,1.0,6.0,8.0,14.0,112.0,20.0,13.0,83.0,35.0,309.0,410
430860,2019,24.0,4.0,10.0,10.0,13.0,94.0,30.0,12.0,75.0,31.0,304.0,379
430865,2012,2.0,1.0,2.0,0.0,3.0,7.0,6.0,0.0,7.0,2.0,33.0,37
430865,2013,0.0,0.0,0.0,0.0,0.0,0.0,0.0,0.0,0.0,0.0,15.0,15
430865,2014,0.0,0.0,0.0,0.0,1.0,6.0,5.0,1.0,7.0,3.0,23.0,28
430865,2015,0.0,0.0,0.0,1.0,0.0,4.0,2.0,1.0,7.0,1.0,16.0,24
430865,2016,1.0,0.0,0.0,0.0,0.0,3.0,0.0,1.0,1.0,3.0,9.0,18
430865,2017,2.0,0.0,0.0,2.0,0.0,7.0,1.0,0.0,2.0,6.0,20.0,24
430865,2018,1.0,0.0,0.0,0.0,0.0,4.0,1.0,2.0,4.0,4.0,16.0,24
430865,2019,0.0,0.0,0.0,1.0,0.0,8.0,2.0,0.0,4.0,3.0,18.0,23
430870,2012,0.0,0.0,2.0,0.0,1.0,7.0,0.0,3.0,16.0,3.0,34.0,51
430870,2013,0.0,0.0,0.0,0.0,0.0,0.0,0.0,0.0,0.0,0.0,40.0,49
430870,2014,4.0,0.0,0.0,3.0,1.0,8.0,4.0,1.0,13.0,3.0,37.0,50
430870,2015,3.0,1.0,4.0,2.0,2.0,8.0,0.0,1.0,14.0,2.0,37.0,56
430870,2016,4.0,0.0,2.0,2.0,1.0,11.0,6.0,2.0,14.0,2.0,44.0,52
430870,2017,2.0,0.0,4.0,0.0,0.0,10.0,6.0,0.0,12.0,4.0,38.0,50
430870,2018,4.0,0.0,0.0,0.0,1.0,6.0,0.0,0.0,12.0,1.0,24.0,40
430870,2019,6.0,0.0,2.0,0.0,0.0,14.0,3.0,0.0,11.0,1.0,37.0,55
430880,2012,2.0,1.0,2.0,0.0,0.0,10.0,2.0,1.0,14.0,2.0,47.0,70
430880,2013,0.0,0.0,0.0,0.0,0.0,0.0,0.0,0.0,0.0,0.0,51.0,79
430880,2014,6.0,0.0,6.0,2.0,0.0,19.0,5.0,0.0,18.0,3.0,59.0,86
430880,2015,3.0,0.0,0.0,3.0,0.0,14.0,9.0,5.0,22.0,3.0,59.0,97
430880,2016,1.0,0.0,0.0,0.0,0.0,17.0,6.0,1.0,15.0,1.0,41.0,82
430880,2017,3.0,0.0,4.0,0.0,2.0,16.0,0.0,4.0,20.0,4.0,53.0,90
430880,2018,5.0,0.0,4.0,1.0,1.0,15.0,2.0,1.0,10.0,6.0,45.0,74
430880,2019,6.0,0.0,4.0,2.0,1.0,19.0,4.0,2.0,10.0,4.0,52.0,82
430885,2012,4.0,0.0,0.0,1.0,2.0,1.0,0.0,0.0,2.0,1.0,13.0,17
430885,2013,0.0,0.0,0.0,0.0,0.0,0.0,0.0,0.0,0.0,0.0,16.0,27
430885,2014,2.0,0.0,0.0,0.0,0.0,4.0,2.0,1.0,5.0,0.0,14.0,22
430885,2015,2.0,0.0,0.0,1.0,2.0,4.0,0.0,0.0,5.0,1.0,15.0,22
430885,2016,1.0,0.0,0.0,1.0,3.0,7.0,2.0,1.0,4.0,3.0,22.0,34
430885,2017,3.0,0.0,2.0,4.0,0.0,6.0,1.0,0.0,1.0,3.0,20.0,26
430885,2018,1.0,0.0,0.0,0.0,1.0,6.0,1.0,0.0,2.0,1.0,12.0,15
430885,2019,0.0,0.0,0.0,3.0,2.0,4.0,0.0,1.0,1.0,0.0,11.0,18
430890,2012,11.0,0.0,2.0,3.0,4.0,39.0,15.0,2.0,45.0,11.0,136.0,189
430890,2013,0.0,0.0,0.0,0.0,0.0,0.0,0.0,0.0,0.0,0.0,137.0,170
430890,2014,9.0,1.0,8.0,5.0,6.0,34.0,20.0,3.0,46.0,4.0,144.0,187
430890,2015,13.0,0.0,2.0,1.0,5.0,38.0,16.0,2.0,34.0,10.0,145.0,190
430890,2016,21.0,0.0,4.0,3.0,5.0,47.0,11.0,6.0,49.0,7.0,153.0,210
430890,2017,20.0,0.0,11.0,1.0,2.0,52.0,11.0,7.0,46.0,13.0,163.0,194
430890,2018,8.0,1.0,4.0,10.0,6.0,43.0,13.0,4.0,37.0,9.0,139.0,188
430890,2019,15.0,0.0,8.0,2.0,1.0,43.0,11.0,5.0,43.0,4.0,135.0,168
430900,2012,14.0,5.0,8.0,5.0,11.0,58.0,13.0,0.0,58.0,19.0,191.0,214
430900,2013,0.0,0.0,0.0,0.0,0.0,0.0,0.0,0.0,0.0,0.0,175.0,192
430900,2014,12.0,8.0,2.0,1.0,10.0,69.0,17.0,1.0,54.0,4.0,178.0,193
430900,2015,8.0,0.0,4.0,12.0,5.0,76.0,16.0,2.0,70.0,9.0,202.0,221
430900,2016,13.0,0.0,4.0,5.0,4.0,72.0,23.0,1.0,52.0,9.0,183.0,200
430900,2017,13.0,0.0,4.0,7.0,10.0,60.0,8.0,6.0,50.0,11.0,169.0,190
430900,2018,6.0,0.0,4.0,7.0,4.0,65.0,5.0,0.0,39.0,14.0,144.0,176
430900,2019,11.0,0.0,4.0,4.0,4.0,74.0,13.0,2.0,41.0,8.0,161.0,188
430905,2012,4.0,0.0,2.0,3.0,1.0,8.0,1.0,2.0,8.0,2.0,33.0,73
430905,2013,0.0,0.0,0.0,0.0,0.0,0.0,0.0,0.0,0.0,0.0,50.0,88
430905,2014,3.0,0.0,0.0,0.0,0.0,8.0,4.0,0.0,18.0,2.0,35.0,76
430905,2015,5.0,0.0,4.0,3.0,1.0,13.0,9.0,2.0,8.0,1.0,46.0,88
430905,2016,3.0,0.0,1.0,2.0,2.0,18.0,4.0,1.0,11.0,1.0,43.0,94
430905,2017,6.0,0.0,0.0,3.0,2.0,18.0,5.0,0.0,8.0,3.0,45.0,103
430905,2018,3.0,0.0,0.0,1.0,2.0,17.0,4.0,2.0,14.0,3.0,46.0,82
430905,2019,1.0,0.0,0.0,1.0,1.0,15.0,10.0,1.0,12.0,4.0,45.0,97
430910,2012,30.0,1.0,12.0,7.0,8.0,107.0,19.0,2.0,129.0,34.0,355.0,487
430910,2013,0.0,0.0,0.0,0.0,0.0,0.0,0.0,0.0,0.0,0.0,394.0,514
430910,2014,26.0,1.0,15.0,10.0,13.0,138.0,37.0,6.0,155.0,28.0,431.0,536
430910,2015,34.0,0.0,20.0,7.0,10.0,138.0,51.0,14.0,150.0,46.0,470.0,591
430910,2016,28.0,0.0,16.0,4.0,8.0,168.0,45.0,18.0,103.0,73.0,463.0,553
430910,2017,43.0,1.0,16.0,18.0,14.0,167.0,57.0,5.0,146.0,26.0,495.0,608
430910,2018,32.0,2.0,9.0,13.0,16.0,175.0,53.0,9.0,142.0,17.0,468.0,589
430910,2019,24.0,4.0,11.0,12.0,7.0,208.0,40.0,10.0,147.0,30.0,493.0,604
430912,2012,2.0,0.0,0.0,0.0,1.0,4.0,0.0,0.0,5.0,4.0,16.0,27
430912,2013,0.0,0.0,0.0,0.0,0.0,0.0,0.0,0.0,0.0,0.0,18.0,25
430912,2014,3.0,0.0,0.0,0.0,3.0,2.0,1.0,1.0,2.0,4.0,17.0,28
430912,2015,1.0,0.0,0.0,0.0,0.0,5.0,0.0,2.0,2.0,4.0,18.0,26
430912,2016,0.0,0.0,0.0,0.0,0.0,7.0,1.0,0.0,3.0,4.0,23.0,34
430912,2017,0.0,0.0,0.0,0.0,0.0,7.0,4.0,2.0,0.0,1.0,18.0,22
430912,2018,2.0,0.0,0.0,0.0,1.0,11.0,4.0,2.0,2.0,1.0,24.0,35
430912,2019,2.0,0.0,0.0,1.0,0.0,13.0,2.0,3.0,2.0,2.0,25.0,44
430915,2012,3.0,2.0,0.0,0.0,0.0,4.0,3.0,2.0,3.0,4.0,22.0,39
430915,2013,0.0,0.0,0.0,0.0,0.0,0.0,0.0,0.0,0.0,0.0,24.0,36
430915,2014,3.0,1.0,0.0,1.0,0.0,7.0,0.0,1.0,10.0,2.0,25.0,34
430915,2015,3.0,1.0,0.0,3.0,0.0,7.0,5.0,4.0,8.0,1.0,32.0,45
430915,2016,6.0,0.0,0.0,0.0,1.0,4.0,4.0,1.0,8.0,0.0,24.0,37
430915,2017,3.0,0.0,0.0,0.0,1.0,10.0,1.0,1.0,8.0,2.0,26.0,41
430915,2018,0.0,0.0,2.0,1.0,2.0,12.0,5.0,3.0,7.0,3.0,35.0,53
430915,2019,5.0,0.0,2.0,1.0,0.0,9.0,3.0,0.0,10.0,5.0,35.0,47
430920,2012,138.0,3.0,75.0,58.0,63.0,498.0,164.0,21.0,616.0,125.0,1873.0,3564
430920,2013,0.0,0.0,0.0,0.0,0.0,0.0,0.0,0.0,0.0,0.0,2010.0,3590
430920,2014,131.0,1.0,78.0,40.0,39.0,600.0,272.0,41.0,630.0,93.0,1942.0,3588
430920,2015,132.0,11.0,84.0,75.0,65.0,608.0,231.0,23.0,531.0,87.0,1848.0,3734
430920,2016,157.0,6.0,50.0,68.0,66.0,601.0,224.0,41.0,551.0,77.0,1841.0,3590
430920,2017,155.0,8.0,84.0,81.0,88.0,596.0,240.0,29.0,550.0,84.0,1917.0,3582
430920,2018,132.0,8.0,75.0,79.0,56.0,633.0,178.0,54.0,467.0,122.0,1804.0,3415
430920,2019,113.0,8.0,107.0,46.0,45.0,615.0,176.0,35.0,484.0,124.0,1753.0,3322
430925,2012,2.0,0.0,0.0,0.0,0.0,3.0,0.0,1.0,1.0,1.0,8.0,8
430925,2013,0.0,0.0,0.0,0.0,0.0,0.0,0.0,0.0,0.0,0.0,11.0,12
430925,2014,2.0,0.0,2.0,1.0,0.0,1.0,1.0,1.0,2.0,5.0,15.0,18
430925,2015,2.0,0.0,2.0,0.0,0.0,3.0,1.0,0.0,3.0,1.0,12.0,17
430925,2016,0.0,0.0,0.0,0.0,0.0,3.0,0.0,0.0,1.0,4.0,8.0,13
430925,2017,1.0,0.0,0.0,0.0,0.0,4.0,0.0,0.0,7.0,3.0,15.0,17
430925,2018,0.0,0.0,0.0,1.0,0.0,0.0,1.0,0.0,3.0,2.0,7.0,7
430925,2019,4.0,0.0,1.0,1.0,0.0,4.0,0.0,0.0,7.0,0.0,17.0,19
430930,2012,78.0,3.0,22.0,12.0,23.0,185.0,49.0,9.0,231.0,18.0,771.0,1377
430930,2013,0.0,0.0,0.0,0.0,0.0,0.0,0.0,0.0,0.0,0.0,722.0,1348
430930,2014,57.0,0.0,29.0,21.0,32.0,199.0,86.0,22.0,212.0,40.0,700.0,1317
430930,2015,62.0,0.0,25.0,30.0,19.0,245.0,78.0,17.0,210.0,41.0,730.0,1411
430930,2016,57.0,2.0,19.0,28.0,17.0,241.0,69.0,24.0,197.0,32.0,686.0,1364
430930,2017,50.0,5.0,21.0,31.0,21.0,254.0,81.0,22.0,204.0,42.0,731.0,1332
430930,2018,56.0,3.0,18.0,26.0,14.0,236.0,68.0,18.0,180.0,39.0,658.0,1243
430930,2019,61.0,3.0,24.0,27.0,15.0,227.0,57.0,21.0,156.0,27.0,618.0,1160
430940,2012,22.0,0.0,8.0,8.0,3.0,28.0,0.0,0.0,40.0,19.0,226.0,286
430940,2013,0.0,0.0,0.0,0.0,0.0,0.0,0.0,0.0,0.0,0.0,223.0,281
430940,2014,25.0,3.0,16.0,3.0,8.0,65.0,16.0,10.0,70.0,34.0,251.0,307
430940,2015,26.0,3.0,13.0,10.0,6.0,71.0,17.0,6.0,54.0,35.0,241.0,294
430940,2016,15.0,1.0,10.0,3.0,7.0,82.0,20.0,10.0,66.0,29.0,243.0,312
430940,2017,31.0,0.0,6.0,4.0,5.0,87.0,26.0,11.0,66.0,29.0,265.0,320
430940,2018,19.0,1.0,11.0,4.0,4.0,78.0,25.0,5.0,76.0,21.0,244.0,315
430940,2019,29.0,1.0,3.0,6.0,4.0,100.0,20.0,9.0,42.0,33.0,247.0,326
430950,2012,9.0,0.0,0.0,1.0,1.0,13.0,2.0,1.0,17.0,1.0,72.0,98
430950,2013,0.0,0.0,0.0,0.0,0.0,0.0,0.0,0.0,0.0,0.0,59.0,83
430950,2014,2.0,0.0,0.0,5.0,4.0,16.0,3.0,0.0,24.0,2.0,56.0,80
430950,2015,2.0,0.0,0.0,6.0,4.0,14.0,3.0,0.0,18.0,0.0,47.0,74
430950,2016,3.0,0.0,0.0,13.0,11.0,13.0,6.0,0.0,14.0,2.0,62.0,89
430950,2017,3.0,0.0,4.0,13.0,13.0,10.0,3.0,0.0,9.0,3.0,58.0,78
430950,2018,2.0,0.0,0.0,8.0,5.0,22.0,6.0,1.0,4.0,4.0,53.0,66
430950,2019,2.0,0.0,5.0,4.0,2.0,23.0,2.0,1.0,10.0,4.0,53.0,67
430955,2012,5.0,1.0,0.0,1.0,3.0,11.0,2.0,0.0,5.0,8.0,38.0,50
430955,2013,0.0,0.0,0.0,0.0,0.0,0.0,0.0,0.0,0.0,0.0,44.0,59
430955,2014,0.0,0.0,2.0,0.0,1.0,10.0,3.0,0.0,10.0,4.0,30.0,43
430955,2015,1.0,0.0,0.0,2.0,0.0,9.0,7.0,1.0,10.0,6.0,36.0,43
430955,2016,1.0,0.0,0.0,1.0,0.0,12.0,4.0,4.0,16.0,6.0,46.0,63
430955,2017,3.0,1.0,0.0,0.0,1.0,12.0,5.0,2.0,7.0,2.0,35.0,45
430955,2018,6.0,0.0,2.0,2.0,1.0,18.0,2.0,1.0,7.0,1.0,41.0,50
430955,2019,4.0,0.0,2.0,1.0,0.0,20.0,0.0,0.0,16.0,3.0,48.0,65
430957,2012,2.0,0.0,0.0,0.0,0.0,3.0,1.0,1.0,5.0,0.0,12.0,33
430957,2013,0.0,0.0,0.0,0.0,0.0,0.0,0.0,0.0,0.0,0.0,17.0,33
430957,2014,0.0,0.0,2.0,2.0,1.0,2.0,4.0,0.0,1.0,0.0,13.0,35
430957,2015,1.0,0.0,0.0,0.0,1.0,5.0,2.0,0.0,1.0,1.0,11.0,31
430957,2016,0.0,0.0,0.0,0.0,3.0,11.0,4.0,0.0,5.0,1.0,24.0,39
430957,2017,2.0,0.0,2.0,0.0,2.0,4.0,4.0,1.0,1.0,1.0,17.0,30
430957,2018,0.0,0.0,0.0,2.0,0.0,6.0,5.0,0.0,6.0,2.0,21.0,33
430957,2019,3.0,0.0,0.0,4.0,1.0,8.0,3.0,1.0,6.0,3.0,29.0,45
430960,2012,12.0,1.0,7.0,2.0,4.0,30.0,4.0,2.0,25.0,12.0,147.0,185
430960,2013,0.0,0.0,0.0,0.0,0.0,0.0,0.0,0.0,0.0,0.0,178.0,226
430960,2014,25.0,0.0,6.0,3.0,3.0,64.0,20.0,3.0,38.0,13.0,175.0,221
430960,2015,15.0,2.0,9.0,6.0,2.0,59.0,22.0,4.0,73.0,9.0,201.0,255
430960,2016,17.0,0.0,5.0,6.0,6.0,55.0,22.0,2.0,59.0,6.0,178.0,217
430960,2017,8.0,0.0,13.0,8.0,1.0,87.0,14.0,4.0,67.0,13.0,216.0,267
430960,2018,17.0,0.0,2.0,3.0,1.0,71.0,17.0,9.0,51.0,14.0,186.0,217
430960,2019,13.0,0.0,8.0,1.0,3.0,89.0,20.0,8.0,47.0,18.0,207.0,247
430965,2012,1.0,0.0,0.0,1.0,0.0,8.0,5.0,3.0,12.0,9.0,40.0,70
430965,2013,0.0,0.0,0.0,0.0,0.0,0.0,0.0,0.0,0.0,0.0,42.0,68
430965,2014,3.0,0.0,0.0,2.0,1.0,14.0,5.0,6.0,10.0,10.0,51.0,78
430965,2015,3.0,0.0,0.0,0.0,0.0,13.0,5.0,7.0,14.0,9.0,51.0,83
430965,2016,4.0,0.0,0.0,0.0,1.0,25.0,3.0,2.0,7.0,8.0,50.0,85
430965,2017,4.0,2.0,0.0,0.0,0.0,17.0,8.0,1.0,14.0,8.0,54.0,92
430965,2018,1.0,0.0,0.0,1.0,3.0,13.0,2.0,2.0,10.0,4.0,36.0,62
430965,2019,2.0,0.0,0.0,1.0,2.0,16.0,2.0,1.0,10.0,10.0,44.0,61
430970,2012,6.0,1.0,1.0,1.0,0.0,12.0,0.0,1.0,4.0,3.0,41.0,52
430970,2013,0.0,0.0,0.0,0.0,0.0,0.0,0.0,0.0,0.0,0.0,30.0,44
430970,2014,1.0,0.0,0.0,0.0,0.0,8.0,5.0,0.0,9.0,3.0,26.0,38
430970,2015,6.0,0.0,5.0,0.0,3.0,12.0,1.0,0.0,5.0,2.0,34.0,49
430970,2016,1.0,0.0,0.0,0.0,0.0,14.0,2.0,1.0,10.0,0.0,28.0,41
430970,2017,4.0,0.0,2.0,0.0,0.0,13.0,6.0,0.0,9.0,4.0,38.0,51
430970,2018,1.0,0.0,2.0,2.0,0.0,17.0,1.0,0.0,4.0,3.0,30.0,36
430970,2019,5.0,0.0,1.0,0.0,0.0,18.0,2.0,2.0,2.0,1.0,33.0,43
430975,2012,6.0,1.0,0.0,1.0,0.0,6.0,0.0,5.0,0.0,9.0,28.0,38
430975,2013,0.0,0.0,0.0,0.0,0.0,0.0,0.0,0.0,0.0,0.0,32.0,48
430975,2014,4.0,1.0,0.0,0.0,1.0,4.0,5.0,0.0,17.0,2.0,34.0,39
430975,2015,1.0,3.0,0.0,0.0,2.0,5.0,3.0,4.0,2.0,2.0,22.0,40
430975,2016,3.0,1.0,2.0,0.0,2.0,14.0,7.0,3.0,14.0,2.0,48.0,57
430975,2017,3.0,0.0,0.0,0.0,0.0,8.0,7.0,1.0,5.0,4.0,28.0,36
430975,2018,2.0,0.0,0.0,0.0,0.0,13.0,5.0,3.0,10.0,4.0,37.0,49
430975,2019,3.0,0.0,0.0,0.0,2.0,9.0,7.0,1.0,9.0,0.0,31.0,37
430980,2012,3.0,0.0,0.0,0.0,1.0,6.0,1.0,0.0,6.0,0.0,27.0,31
430980,2013,0.0,0.0,0.0,0.0,0.0,0.0,0.0,0.0,0.0,0.0,32.0,38
430980,2014,3.0,1.0,2.0,1.0,1.0,12.0,0.0,0.0,2.0,1.0,26.0,37
430980,2015,2.0,2.0,2.0,0.0,0.0,14.0,3.0,1.0,4.0,4.0,34.0,49
430980,2016,3.0,0.0,2.0,1.0,0.0,4.0,0.0,2.0,7.0,2.0,23.0,32
430980,2017,5.0,0.0,0.0,3.0,2.0,5.0,0.0,0.0,10.0,6.0,31.0,34
430980,2018,4.0,0.0,0.0,4.0,3.0,10.0,0.0,1.0,8.0,8.0,38.0,44
430980,2019,5.0,0.0,2.0,0.0,0.0,11.0,2.0,0.0,15.0,2.0,37.0,45
430990,2012,10.0,0.0,2.0,2.0,0.0,4.0,0.0,3.0,7.0,0.0,49.0,68
430990,2013,0.0,0.0,0.0,0.0,0.0,0.0,0.0,0.0,0.0,0.0,59.0,69
430990,2014,8.0,0.0,2.0,1.0,0.0,16.0,4.0,2.0,10.0,1.0,60.0,73
430990,2015,11.0,0.0,2.0,0.0,0.0,11.0,2.0,2.0,16.0,4.0,64.0,75
430990,2016,3.0,0.0,3.0,1.0,2.0,12.0,3.0,0.0,10.0,2.0,59.0,70
430990,2017,5.0,0.0,0.0,2.0,2.0,15.0,3.0,1.0,10.0,3.0,61.0,76
430990,2018,6.0,0.0,2.0,1.0,2.0,18.0,5.0,2.0,10.0,4.0,50.0,72
430990,2019,6.0,0.0,2.0,4.0,2.0,20.0,5.0,0.0,11.0,4.0,54.0,70
430995,2012,6.0,0.0,0.0,3.0,2.0,6.0,0.0,0.0,6.0,3.0,27.0,43
430995,2013,0.0,0.0,0.0,0.0,0.0,0.0,0.0,0.0,0.0,0.0,24.0,44
430995,2014,2.0,0.0,2.0,0.0,1.0,1.0,0.0,1.0,6.0,3.0,17.0,34
430995,2015,3.0,0.0,4.0,2.0,2.0,6.0,1.0,1.0,8.0,1.0,28.0,41
430995,2016,1.0,0.0,0.0,1.0,2.0,7.0,1.0,0.0,9.0,1.0,22.0,33
430995,2017,2.0,1.0,0.0,0.0,1.0,8.0,4.0,1.0,14.0,0.0,31.0,38
430995,2018,1.0,0.0,0.0,1.0,1.0,8.0,1.0,1.0,12.0,3.0,28.0,45
430995,2019,3.0,0.0,0.0,3.0,0.0,10.0,6.0,0.0,11.0,0.0,33.0,48
431000,2012,16.0,7.0,9.0,2.0,7.0,59.0,13.0,2.0,62.0,26.0,209.0,250
431000,2013,0.0,0.0,0.0,0.0,0.0,0.0,0.0,0.0,0.0,0.0,218.0,276
431000,2014,15.0,10.0,8.0,4.0,4.0,58.0,19.0,11.0,58.0,28.0,216.0,257
431000,2015,9.0,2.0,2.0,8.0,7.0,62.0,21.0,4.0,73.0,14.0,202.0,258
431000,2016,4.0,1.0,4.0,8.0,10.0,55.0,10.0,3.0,67.0,9.0,171.0,226
431000,2017,9.0,0.0,4.0,7.0,15.0,89.0,21.0,0.0,83.0,9.0,237.0,277
431000,2018,16.0,1.0,0.0,5.0,8.0,79.0,27.0,1.0,67.0,7.0,211.0,253
431000,2019,18.0,0.0,4.0,3.0,2.0,88.0,28.0,2.0,81.0,5.0,231.0,273
431010,2012,49.0,1.0,3.0,7.0,11.0,65.0,11.0,2.0,71.0,17.0,365.0,479
431010,2013,0.0,0.0,0.0,0.0,0.0,0.0,0.0,0.0,0.0,0.0,371.0,494
431010,2014,36.0,1.0,2.0,10.0,13.0,118.0,33.0,5.0,91.0,28.0,352.0,470
431010,2015,35.0,0.0,2.0,8.0,5.0,134.0,37.0,7.0,84.0,13.0,325.0,472
431010,2016,13.0,0.0,4.0,5.0,10.0,149.0,32.0,2.0,98.0,25.0,338.0,487
431010,2017,31.0,0.0,7.0,15.0,8.0,148.0,27.0,5.0,104.0,18.0,369.0,518
431010,2018,21.0,1.0,2.0,10.0,13.0,133.0,23.0,6.0,81.0,24.0,314.0,473
431010,2019,25.0,0.0,12.0,12.0,9.0,132.0,19.0,7.0,79.0,27.0,323.0,489
431020,2012,37.0,0.0,8.0,6.0,7.0,91.0,18.0,7.0,109.0,36.0,729.0,1065
431020,2013,0.0,0.0,0.0,0.0,0.0,0.0,0.0,0.0,0.0,0.0,764.0,1138
431020,2014,56.0,9.0,24.0,21.0,20.0,214.0,71.0,18.0,239.0,45.0,720.0,1107
431020,2015,55.0,6.0,25.0,21.0,37.0,233.0,53.0,18.0,221.0,63.0,733.0,1183
431020,2016,55.0,7.0,23.0,29.0,16.0,241.0,76.0,6.0,279.0,50.0,782.0,1210
431020,2017,55.0,5.0,25.0,29.0,22.0,247.0,78.0,16.0,238.0,57.0,772.0,1160
431020,2018,57.0,8.0,28.0,31.0,21.0,309.0,65.0,14.0,222.0,53.0,808.0,1179
431020,2019,59.0,3.0,43.0,44.0,21.0,254.0,77.0,16.0,200.0,29.0,746.0,1052
431030,2012,7.0,0.0,0.0,1.0,3.0,4.0,5.0,0.0,10.0,3.0,36.0,44
431030,2013,0.0,0.0,0.0,0.0,0.0,0.0,0.0,0.0,0.0,0.0,22.0,26
431030,2014,2.0,0.0,0.0,0.0,3.0,9.0,8.0,1.0,5.0,0.0,29.0,34
431030,2015,6.0,0.0,4.0,2.0,3.0,13.0,3.0,0.0,11.0,1.0,45.0,50
431030,2016,1.0,0.0,0.0,3.0,5.0,14.0,7.0,0.0,5.0,1.0,36.0,46
431030,2017,5.0,0.0,6.0,0.0,0.0,15.0,2.0,0.0,13.0,10.0,51.0,54
431030,2018,6.0,0.0,2.0,0.0,1.0,8.0,2.0,4.0,8.0,3.0,34.0,42
431030,2019,1.0,0.0,4.0,0.0,0.0,9.0,6.0,0.0,16.0,3.0,39.0,48
431033,2012,12.0,0.0,10.0,3.0,2.0,13.0,8.0,1.0,21.0,10.0,124.0,256
431033,2013,0.0,0.0,0.0,0.0,0.0,0.0,0.0,0.0,0.0,0.0,159.0,271
431033,2014,20.0,0.0,10.0,4.0,5.0,46.0,15.0,8.0,31.0,16.0,156.0,283
431033,2015,13.0,0.0,7.0,3.0,3.0,59.0,16.0,2.0,34.0,11.0,148.0,301
431033,2016,10.0,0.0,3.0,9.0,3.0,51.0,24.0,4.0,28.0,6.0,138.0,276
431033,2017,11.0,1.0,12.0,6.0,3.0,59.0,11.0,7.0,31.0,4.0,146.0,296
431033,2018,12.0,0.0,5.0,5.0,2.0,70.0,25.0,2.0,31.0,18.0,170.0,325
431033,2019,13.0,0.0,4.0,7.0,4.0,67.0,16.0,5.0,43.0,10.0,169.0,289
431036,2012,3.0,0.0,2.0,0.0,0.0,4.0,3.0,0.0,5.0,5.0,22.0,29
431036,2013,0.0,0.0,0.0,0.0,0.0,0.0,0.0,0.0,0.0,0.0,24.0,29
431036,2014,0.0,0.0,0.0,1.0,0.0,5.0,0.0,1.0,1.0,1.0,9.0,20
431036,2015,2.0,0.0,2.0,0.0,1.0,7.0,3.0,0.0,2.0,2.0,19.0,25
431036,2016,3.0,1.0,0.0,1.0,0.0,6.0,0.0,0.0,1.0,2.0,14.0,16
431036,2017,3.0,0.0,0.0,1.0,1.0,8.0,1.0,1.0,1.0,2.0,18.0,22
431036,2018,2.0,0.0,0.0,0.0,2.0,8.0,2.0,0.0,3.0,4.0,21.0,29
431036,2019,2.0,0.0,2.0,0.0,1.0,4.0,0.0,1.0,6.0,1.0,17.0,28
431040,2012,1.0,0.0,2.0,0.0,0.0,7.0,0.0,0.0,10.0,3.0,60.0,71
431040,2013,0.0,0.0,0.0,0.0,0.0,0.0,0.0,0.0,0.0,0.0,64.0,78
431040,2014,9.0,0.0,2.0,2.0,0.0,24.0,6.0,5.0,19.0,5.0,72.0,78
431040,2015,12.0,0.0,0.0,1.0,2.0,16.0,6.0,0.0,18.0,4.0,59.0,68
431040,2016,7.0,0.0,0.0,3.0,0.0,22.0,12.0,1.0,17.0,0.0,62.0,70
431040,2017,8.0,0.0,2.0,2.0,0.0,27.0,10.0,2.0,16.0,1.0,68.0,79
431040,2018,4.0,0.0,4.0,3.0,3.0,20.0,6.0,1.0,20.0,5.0,66.0,74
431040,2019,5.0,0.0,2.0,0.0,0.0,24.0,7.0,2.0,13.0,3.0,56.0,61
431041,2012,1.0,1.0,0.0,1.0,0.0,2.0,0.0,0.0,2.0,1.0,20.0,29
431041,2013,0.0,0.0,0.0,0.0,0.0,0.0,0.0,0.0,0.0,0.0,20.0,30
431041,2014,1.0,0.0,0.0,1.0,0.0,4.0,2.0,2.0,11.0,4.0,26.0,35
431041,2015,2.0,0.0,2.0,0.0,1.0,7.0,1.0,0.0,2.0,1.0,16.0,26
431041,2016,1.0,0.0,0.0,1.0,2.0,4.0,1.0,1.0,3.0,1.0,14.0,25
431041,2017,0.0,0.0,0.0,1.0,1.0,10.0,1.0,0.0,6.0,0.0,19.0,22
431041,2018,4.0,0.0,0.0,0.0,0.0,8.0,3.0,1.0,1.0,3.0,22.0,27
431041,2019,2.0,0.0,0.0,0.0,1.0,15.0,4.0,0.0,10.0,0.0,32.0,38
431043,2012,4.0,0.0,0.0,1.0,0.0,15.0,2.0,0.0,13.0,2.0,48.0,57
431043,2013,0.0,0.0,0.0,0.0,0.0,0.0,0.0,0.0,0.0,0.0,50.0,68
431043,2014,5.0,0.0,2.0,0.0,2.0,9.0,3.0,1.0,14.0,1.0,37.0,50
431043,2015,5.0,0.0,0.0,0.0,0.0,14.0,6.0,0.0,27.0,0.0,52.0,69
431043,2016,8.0,0.0,2.0,0.0,1.0,12.0,12.0,0.0,16.0,1.0,52.0,58
431043,2017,5.0,0.0,2.0,0.0,2.0,11.0,3.0,0.0,20.0,0.0,43.0,52
431043,2018,7.0,0.0,2.0,0.0,1.0,16.0,5.0,0.0,12.0,0.0,43.0,53
431043,2019,6.0,0.0,0.0,1.0,0.0,15.0,4.0,0.0,25.0,0.0,51.0,56
431046,2012,1.0,0.0,0.0,0.0,0.0,2.0,0.0,0.0,6.0,0.0,9.0,13
431046,2013,0.0,0.0,0.0,0.0,0.0,0.0,0.0,0.0,0.0,0.0,14.0,15
431046,2014,2.0,0.0,2.0,0.0,0.0,4.0,0.0,0.0,6.0,0.0,14.0,17
431046,2015,0.0,0.0,0.0,0.0,0.0,5.0,0.0,0.0,5.0,0.0,14.0,16
431046,2016,1.0,0.0,0.0,0.0,1.0,2.0,2.0,0.0,5.0,1.0,12.0,14
431046,2017,1.0,0.0,0.0,0.0,1.0,1.0,2.0,0.0,5.0,0.0,10.0,12
431046,2018,1.0,0.0,0.0,0.0,0.0,3.0,1.0,1.0,2.0,1.0,9.0,12
431046,2019,1.0,1.0,0.0,0.0,0.0,4.0,3.0,1.0,6.0,1.0,18.0,20
431050,2012,3.0,0.0,0.0,1.0,0.0,15.0,2.0,2.0,10.0,7.0,51.0,88
431050,2013,0.0,0.0,0.0,0.0,0.0,0.0,0.0,0.0,0.0,0.0,65.0,99
431050,2014,5.0,1.0,1.0,4.0,1.0,31.0,8.0,1.0,11.0,6.0,71.0,121
431050,2015,2.0,1.0,2.0,3.0,0.0,38.0,3.0,2.0,11.0,6.0,68.0,104
431050,2016,7.0,1.0,0.0,4.0,2.0,26.0,4.0,5.0,9.0,12.0,70.0,95
431050,2017,4.0,3.0,0.0,2.0,3.0,20.0,8.0,1.0,10.0,15.0,66.0,92
431050,2018,7.0,0.0,2.0,2.0,2.0,26.0,5.0,3.0,13.0,5.0,65.0,99
431050,2019,1.0,0.0,1.0,2.0,2.0,30.0,7.0,3.0,14.0,1.0,61.0,90
431053,2012,3.0,1.0,0.0,1.0,1.0,12.0,2.0,1.0,13.0,4.0,38.0,57
431053,2013,0.0,0.0,0.0,0.0,0.0,0.0,0.0,0.0,0.0,0.0,27.0,56
431053,2014,4.0,0.0,0.0,2.0,3.0,11.0,4.0,0.0,13.0,2.0,39.0,70
431053,2015,5.0,0.0,0.0,2.0,2.0,7.0,5.0,1.0,10.0,3.0,35.0,64
431053,2016,5.0,0.0,4.0,0.0,0.0,16.0,2.0,1.0,5.0,3.0,36.0,52
431053,2017,3.0,0.0,7.0,1.0,0.0,15.0,1.0,0.0,5.0,2.0,35.0,57
431053,2018,4.0,0.0,2.0,2.0,0.0,11.0,3.0,1.0,6.0,1.0,30.0,60
431053,2019,5.0,0.0,0.0,1.0,1.0,9.0,3.0,2.0,15.0,5.0,41.0,64
431055,2012,1.0,0.0,0.0,0.0,1.0,4.0,2.0,0.0,2.0,7.0,23.0,36
431055,2013,0.0,0.0,0.0,0.0,0.0,0.0,0.0,0.0,0.0,0.0,30.0,42
431055,2014,1.0,0.0,0.0,1.0,1.0,7.0,3.0,0.0,5.0,1.0,19.0,29
431055,2015,1.0,0.0,0.0,0.0,0.0,10.0,2.0,0.0,5.0,3.0,21.0,31
431055,2016,1.0,0.0,0.0,1.0,0.0,8.0,3.0,0.0,8.0,5.0,26.0,31
431055,2017,1.0,0.0,0.0,0.0,0.0,9.0,1.0,1.0,4.0,0.0,16.0,24
431055,2018,1.0,0.0,1.0,2.0,0.0,8.0,1.0,1.0,3.0,4.0,21.0,29
431055,2019,3.0,0.0,0.0,0.0,0.0,5.0,4.0,1.0,4.0,1.0,18.0,23
431057,2012,5.0,0.0,0.0,0.0,1.0,1.0,1.0,0.0,6.0,0.0,14.0,19
431057,2013,0.0,0.0,0.0,0.0,0.0,0.0,0.0,0.0,0.0,0.0,21.0,21
431057,2014,1.0,0.0,0.0,0.0,0.0,4.0,4.0,0.0,4.0,0.0,13.0,16
431057,2015,2.0,0.0,0.0,0.0,2.0,1.0,2.0,1.0,5.0,2.0,15.0,19
431057,2016,1.0,0.0,0.0,1.0,3.0,7.0,1.0,1.0,1.0,0.0,15.0,16
431057,2017,2.0,0.0,0.0,0.0,1.0,6.0,2.0,1.0,2.0,0.0,14.0,21
431057,2018,0.0,0.0,2.0,0.0,0.0,4.0,1.0,0.0,2.0,1.0,10.0,13
431057,2019,3.0,0.0,0.0,1.0,0.0,4.0,1.0,0.0,6.0,0.0,15.0,24
431060,2012,105.0,3.0,10.0,9.0,3.0,110.0,12.0,14.0,43.0,80.0,409.0,558
431060,2013,0.0,0.0,0.0,0.0,0.0,0.0,0.0,0.0,0.0,0.0,416.0,556
431060,2014,54.0,1.0,10.0,9.0,13.0,119.0,7.0,44.0,39.0,115.0,412.0,530
431060,2015,49.0,1.0,12.0,7.0,4.0,141.0,3.0,37.0,20.0,173.0,447.0,574
431060,2016,41.0,0.0,7.0,4.0,5.0,160.0,11.0,32.0,31.0,103.0,398.0,561
431060,2017,34.0,0.0,20.0,3.0,3.0,139.0,40.0,2.0,118.0,16.0,378.0,551
431060,2018,43.0,0.0,13.0,5.0,2.0,129.0,42.0,5.0,110.0,21.0,377.0,563
431060,2019,35.0,1.0,8.0,2.0,0.0,113.0,19.0,12.0,109.0,14.0,328.0,489
431065,2012,0.0,0.0,0.0,0.0,0.0,3.0,0.0,1.0,3.0,1.0,9.0,16
431065,2013,0.0,0.0,0.0,0.0,0.0,0.0,0.0,0.0,0.0,0.0,12.0,18
431065,2014,0.0,0.0,2.0,0.0,0.0,5.0,1.0,0.0,6.0,2.0,17.0,30
431065,2015,0.0,0.0,0.0,0.0,0.0,3.0,1.0,0.0,3.0,2.0,9.0,21
431065,2016,0.0,0.0,0.0,1.0,0.0,6.0,2.0,2.0,3.0,6.0,20.0,33
431065,2017,0.0,1.0,0.0,1.0,0.0,5.0,1.0,0.0,2.0,4.0,14.0,23
431065,2018,1.0,0.0,0.0,1.0,1.0,7.0,2.0,1.0,3.0,0.0,16.0,33
431065,2019,2.0,0.0,0.0,0.0,0.0,8.0,2.0,1.0,5.0,0.0,18.0,28
431070,2012,3.0,1.0,2.0,0.0,0.0,7.0,1.0,2.0,3.0,4.0,23.0,39
431070,2013,0.0,0.0,0.0,0.0,0.0,0.0,0.0,0.0,0.0,0.0,10.0,23
431070,2014,1.0,1.0,1.0,0.0,1.0,2.0,2.0,1.0,6.0,2.0,17.0,38
431070,2015,0.0,0.0,0.0,0.0,2.0,4.0,3.0,0.0,4.0,2.0,15.0,29
431070,2016,1.0,0.0,2.0,1.0,1.0,10.0,0.0,0.0,3.0,2.0,21.0,29
431070,2017,1.0,0.0,0.0,0.0,1.0,4.0,1.0,1.0,7.0,2.0,17.0,27
431070,2018,1.0,0.0,2.0,1.0,0.0,12.0,4.0,0.0,1.0,2.0,23.0,39
431070,2019,2.0,0.0,0.0,1.0,0.0,4.0,2.0,0.0,4.0,0.0,13.0,30
431075,2012,0.0,0.0,0.0,0.0,0.0,4.0,0.0,0.0,5.0,0.0,9.0,14
431075,2013,0.0,0.0,0.0,0.0,0.0,0.0,0.0,0.0,0.0,0.0,17.0,19
431075,2014,0.0,0.0,0.0,0.0,0.0,5.0,0.0,0.0,2.0,0.0,7.0,13
431075,2015,1.0,1.0,0.0,0.0,0.0,3.0,1.0,0.0,3.0,0.0,9.0,14
431075,2016,1.0,0.0,0.0,0.0,0.0,5.0,0.0,0.0,2.0,0.0,8.0,13
431075,2017,0.0,0.0,0.0,0.0,0.0,3.0,0.0,0.0,0.0,0.0,3.0,12
431075,2018,0.0,0.0,0.0,0.0,0.0,4.0,1.0,0.0,3.0,0.0,8.0,11
431075,2019,2.0,0.0,2.0,0.0,0.0,6.0,1.0,0.0,2.0,0.0,13.0,14
431080,2012,17.0,1.0,2.0,3.0,6.0,45.0,12.0,8.0,87.0,21.0,205.0,273
431080,2013,0.0,0.0,0.0,0.0,0.0,0.0,0.0,0.0,0.0,0.0,206.0,277
431080,2014,20.0,1.0,5.0,4.0,5.0,64.0,29.0,5.0,60.0,14.0,207.0,278
431080,2015,14.0,1.0,9.0,10.0,4.0,61.0,27.0,6.0,69.0,14.0,215.0,292
431080,2016,21.0,0.0,2.0,8.0,10.0,61.0,26.0,6.0,68.0,24.0,226.0,285
431080,2017,12.0,0.0,14.0,3.0,12.0,59.0,17.0,4.0,57.0,16.0,195.0,271
431080,2018,13.0,0.0,4.0,10.0,3.0,58.0,14.0,4.0,56.0,8.0,170.0,253
431080,2019,20.0,2.0,0.0,8.0,6.0,64.0,8.0,5.0,53.0,7.0,173.0,239
431085,2012,3.0,0.0,1.0,1.0,0.0,5.0,0.0,0.0,3.0,2.0,27.0,36
431085,2013,0.0,0.0,0.0,0.0,0.0,0.0,0.0,0.0,0.0,0.0,26.0,33
431085,2014,2.0,0.0,0.0,0.0,0.0,16.0,1.0,1.0,13.0,0.0,34.0,41
431085,2015,2.0,2.0,4.0,4.0,2.0,14.0,3.0,0.0,12.0,0.0,43.0,49
431085,2016,2.0,1.0,2.0,1.0,1.0,6.0,3.0,1.0,8.0,0.0,25.0,27
431085,2017,2.0,3.0,0.0,1.0,0.0,11.0,5.0,2.0,7.0,0.0,31.0,33
431085,2018,2.0,0.0,0.0,0.0,0.0,12.0,4.0,4.0,3.0,5.0,30.0,35
431085,2019,1.0,0.0,0.0,1.0,0.0,8.0,1.0,0.0,8.0,3.0,22.0,27
431087,2012,2.0,4.0,0.0,0.0,0.0,15.0,0.0,0.0,1.0,1.0,24.0,33
431087,2013,0.0,0.0,0.0,0.0,0.0,0.0,0.0,0.0,0.0,0.0,23.0,29
431087,2014,1.0,1.0,0.0,1.0,0.0,16.0,0.0,0.0,0.0,1.0,20.0,22
431087,2015,1.0,0.0,0.0,5.0,6.0,3.0,0.0,2.0,3.0,2.0,22.0,24
431087,2016,2.0,0.0,0.0,6.0,5.0,0.0,0.0,0.0,0.0,0.0,13.0,15
431087,2017,0.0,1.0,0.0,5.0,6.0,2.0,1.0,0.0,2.0,1.0,18.0,18
431087,2018,0.0,0.0,2.0,5.0,6.0,4.0,6.0,0.0,5.0,0.0,28.0,30
431087,2019,0.0,0.0,0.0,1.0,0.0,7.0,1.0,0.0,2.0,0.0,11.0,15
431090,2012,1.0,0.0,2.0,2.0,0.0,8.0,2.0,0.0,4.0,2.0,25.0,32
431090,2013,0.0,0.0,0.0,0.0,0.0,0.0,0.0,0.0,0.0,0.0,25.0,29
431090,2014,2.0,0.0,0.0,1.0,0.0,8.0,3.0,0.0,12.0,1.0,27.0,33
431090,2015,1.0,0.0,0.0,0.0,1.0,5.0,0.0,0.0,7.0,1.0,15.0,24
431090,2016,1.0,0.0,0.0,0.0,1.0,6.0,4.0,0.0,3.0,1.0,16.0,27
431090,2017,0.0,0.0,0.0,1.0,0.0,9.0,1.0,1.0,6.0,2.0,20.0,29
431090,2018,3.0,0.0,0.0,0.0,0.0,4.0,3.0,0.0,9.0,2.0,21.0,29
431090,2019,1.0,0.0,0.0,1.0,0.0,11.0,2.0,3.0,9.0,2.0,30.0,41
431100,2012,15.0,1.0,4.0,5.0,4.0,49.0,7.0,8.0,44.0,34.0,175.0,302
431100,2013,0.0,0.0,0.0,0.0,0.0,0.0,0.0,0.0,0.0,0.0,204.0,322
431100,2014,17.0,0.0,8.0,3.0,8.0,64.0,16.0,12.0,48.0,38.0,217.0,349
431100,2015,20.0,1.0,4.0,7.0,12.0,59.0,10.0,9.0,44.0,26.0,194.0,342
431100,2016,18.0,0.0,8.0,5.0,8.0,57.0,11.0,10.0,29.0,22.0,172.0,308
431100,2017,12.0,0.0,10.0,7.0,3.0,66.0,11.0,13.0,33.0,34.0,191.0,325
431100,2018,14.0,0.0,4.0,4.0,5.0,62.0,11.0,8.0,44.0,27.0,182.0,294
431100,2019,8.0,1.0,4.0,9.0,6.0,50.0,14.0,7.0,36.0,19.0,156.0,306
431110,2012,4.0,2.0,0.0,5.0,2.0,12.0,4.0,0.0,18.0,5.0,59.0,105
431110,2013,0.0,0.0,0.0,0.0,0.0,0.0,0.0,0.0,0.0,0.0,72.0,112
431110,2014,7.0,0.0,2.0,4.0,3.0,19.0,2.0,1.0,16.0,2.0,56.0,83
431110,2015,2.0,0.0,0.0,1.0,3.0,17.0,13.0,0.0,25.0,6.0,68.0,105
431110,2016,6.0,0.0,1.0,2.0,1.0,14.0,6.0,2.0,11.0,7.0,50.0,71
431110,2017,4.0,0.0,0.0,3.0,3.0,18.0,5.0,4.0,15.0,9.0,61.0,85
431110,2018,4.0,0.0,0.0,1.0,1.0,22.0,9.0,0.0,15.0,3.0,55.0,79
431110,2019,5.0,0.0,4.0,0.0,4.0,19.0,2.0,0.0,9.0,4.0,47.0,71
431112,2012,1.0,0.0,0.0,0.0,1.0,0.0,1.0,0.0,3.0,1.0,15.0,47
431112,2013,0.0,0.0,0.0,0.0,0.0,0.0,0.0,0.0,0.0,0.0,25.0,39
431112,2014,3.0,0.0,3.0,2.0,0.0,5.0,1.0,0.0,3.0,3.0,23.0,50
431112,2015,1.0,1.0,4.0,1.0,0.0,9.0,5.0,1.0,4.0,4.0,32.0,58
431112,2016,1.0,0.0,0.0,1.0,0.0,5.0,2.0,2.0,3.0,5.0,24.0,55
431112,2017,3.0,0.0,0.0,0.0,2.0,8.0,3.0,3.0,4.0,1.0,24.0,42
431112,2018,1.0,0.0,0.0,0.0,0.0,3.0,1.0,2.0,3.0,4.0,16.0,41
431112,2019,2.0,0.0,0.0,0.0,1.0,14.0,2.0,0.0,5.0,0.0,24.0,60
431113,2012,3.0,0.0,2.0,0.0,1.0,5.0,0.0,1.0,4.0,0.0,16.0,31
431113,2013,0.0,0.0,0.0,0.0,0.0,0.0,0.0,0.0,0.0,0.0,20.0,34
431113,2014,2.0,0.0,2.0,2.0,1.0,9.0,2.0,0.0,4.0,2.0,24.0,30
431113,2015,3.0,0.0,2.0,1.0,0.0,5.0,3.0,0.0,3.0,3.0,20.0,39
431113,2016,2.0,0.0,0.0,1.0,0.0,6.0,2.0,0.0,7.0,2.0,21.0,29
431113,2017,1.0,0.0,2.0,0.0,1.0,7.0,1.0,1.0,8.0,0.0,21.0,35
431113,2018,4.0,0.0,0.0,2.0,0.0,7.0,0.0,0.0,2.0,1.0,16.0,29
431113,2019,6.0,0.0,0.0,0.0,2.0,9.0,3.0,0.0,5.0,1.0,26.0,40
431115,2012,1.0,0.0,0.0,4.0,2.0,6.0,4.0,0.0,4.0,2.0,49.0,90
431115,2013,0.0,0.0,0.0,0.0,0.0,0.0,0.0,0.0,0.0,0.0,60.0,100
431115,2014,5.0,0.0,0.0,0.0,1.0,16.0,6.0,1.0,12.0,3.0,44.0,87
431115,2015,2.0,0.0,2.0,2.0,3.0,13.0,6.0,1.0,11.0,5.0,46.0,89
431115,2016,4.0,1.0,4.0,1.0,0.0,15.0,9.0,2.0,11.0,3.0,50.0,91
431115,2017,2.0,0.0,0.0,1.0,2.0,17.0,5.0,1.0,7.0,1.0,36.0,72
431115,2018,7.0,0.0,2.0,0.0,1.0,21.0,5.0,1.0,8.0,6.0,51.0,90
431115,2019,6.0,0.0,0.0,0.0,0.0,17.0,5.0,1.0,20.0,2.0,51.0,83
431120,2012,17.0,0.0,6.0,8.0,4.0,33.0,3.0,3.0,37.0,9.0,121.0,227
431120,2013,0.0,0.0,0.0,0.0,0.0,0.0,0.0,0.0,0.0,0.0,148.0,252
431120,2014,20.0,0.0,6.0,2.0,4.0,51.0,14.0,4.0,40.0,12.0,154.0,250
431120,2015,25.0,0.0,0.0,2.0,3.0,42.0,17.0,2.0,44.0,17.0,152.0,248
431120,2016,15.0,1.0,4.0,7.0,2.0,35.0,10.0,3.0,44.0,9.0,130.0,206
431120,2017,19.0,0.0,0.0,5.0,5.0,51.0,14.0,8.0,42.0,15.0,159.0,241
431120,2018,14.0,1.0,4.0,4.0,4.0,33.0,15.0,1.0,37.0,10.0,123.0,232
431120,2019,18.0,1.0,5.0,6.0,5.0,55.0,9.0,4.0,37.0,5.0,145.0,236
431123,2012,0.0,0.0,2.0,0.0,0.0,3.0,0.0,3.0,2.0,2.0,13.0,18
431123,2013,0.0,0.0,0.0,0.0,0.0,0.0,0.0,0.0,0.0,0.0,13.0,19
431123,2014,2.0,1.0,0.0,0.0,0.0,10.0,3.0,1.0,8.0,1.0,26.0,31
431123,2015,2.0,3.0,4.0,0.0,1.0,6.0,5.0,1.0,4.0,3.0,29.0,34
431123,2016,2.0,0.0,2.0,0.0,1.0,3.0,1.0,1.0,4.0,3.0,17.0,23
431123,2017,3.0,2.0,0.0,1.0,0.0,6.0,2.0,1.0,3.0,0.0,18.0,27
431123,2018,1.0,1.0,0.0,0.0,0.0,6.0,1.0,1.0,9.0,2.0,21.0,28
431123,2019,2.0,0.0,0.0,2.0,0.0,4.0,0.0,0.0,3.0,2.0,13.0,19
431125,2012,16.0,0.0,7.0,2.0,1.0,13.0,0.0,2.0,3.0,5.0,49.0,84
431125,2013,0.0,0.0,0.0,0.0,0.0,0.0,0.0,0.0,0.0,0.0,48.0,81
431125,2014,2.0,0.0,2.0,0.0,0.0,22.0,3.0,0.0,19.0,4.0,54.0,74
431125,2015,2.0,0.0,0.0,2.0,2.0,13.0,1.0,1.0,7.0,7.0,35.0,47
431125,2016,6.0,0.0,0.0,1.0,3.0,8.0,2.0,0.0,20.0,2.0,42.0,65
431125,2017,5.0,1.0,0.0,1.0,3.0,20.0,4.0,2.0,10.0,5.0,51.0,66
431125,2018,1.0,1.0,0.0,1.0,3.0,8.0,4.0,2.0,12.0,5.0,37.0,53
431125,2019,10.0,0.0,2.0,1.0,0.0,9.0,5.0,4.0,7.0,2.0,40.0,50
431127,2012,1.0,0.0,0.0,0.0,1.0,3.0,0.0,0.0,1.0,2.0,9.0,11
431127,2013,0.0,0.0,0.0,0.0,0.0,0.0,0.0,0.0,0.0,0.0,17.0,20
431127,2014,3.0,0.0,0.0,0.0,0.0,1.0,1.0,1.0,3.0,1.0,10.0,12
431127,2015,1.0,0.0,2.0,1.0,0.0,6.0,0.0,1.0,5.0,0.0,16.0,21
431127,2016,0.0,0.0,0.0,1.0,1.0,12.0,2.0,1.0,6.0,2.0,25.0,28
431127,2017,1.0,0.0,2.0,0.0,0.0,6.0,0.0,0.0,0.0,1.0,10.0,12
431127,2018,0.0,0.0,0.0,0.0,2.0,4.0,0.0,0.0,3.0,1.0,10.0,16
431127,2019,0.0,0.0,0.0,0.0,0.0,3.0,0.0,0.0,2.0,3.0,8.0,13
431130,2012,49.0,1.0,7.0,5.0,9.0,33.0,4.0,5.0,34.0,13.0,289.0,377
431130,2013,0.0,0.0,0.0,0.0,0.0,0.0,0.0,0.0,0.0,0.0,319.0,392
431130,2014,24.0,0.0,5.0,0.0,3.0,45.0,9.0,20.0,44.0,27.0,279.0,347
431130,2015,34.0,0.0,8.0,3.0,4.0,70.0,17.0,6.0,59.0,23.0,335.0,426
431130,2016,25.0,0.0,5.0,3.0,4.0,38.0,17.0,1.0,44.0,10.0,311.0,394
431130,2017,20.0,3.0,8.0,4.0,6.0,55.0,20.0,5.0,58.0,18.0,319.0,394
431130,2018,36.0,0.0,8.0,2.0,4.0,111.0,20.0,13.0,74.0,40.0,308.0,368
431130,2019,43.0,3.0,2.0,3.0,10.0,114.0,27.0,8.0,67.0,23.0,300.0,358
431140,2012,63.0,2.0,17.0,18.0,34.0,173.0,36.0,16.0,231.0,82.0,675.0,968
431140,2013,0.0,0.0,0.0,0.0,0.0,0.0,0.0,0.0,0.0,0.0,771.0,1071
431140,2014,67.0,3.0,21.0,17.0,17.0,196.0,96.0,12.0,306.0,57.0,792.0,1119
431140,2015,84.0,1.0,26.0,21.0,19.0,243.0,94.0,10.0,305.0,23.0,826.0,1213
431140,2016,64.0,2.0,36.0,21.0,20.0,234.0,81.0,15.0,290.0,44.0,807.0,1161
431140,2017,84.0,4.0,38.0,24.0,37.0,281.0,79.0,19.0,280.0,92.0,938.0,1246
431140,2018,79.0,3.0,39.0,21.0,24.0,335.0,101.0,18.0,243.0,66.0,929.0,1263
431140,2019,63.0,1.0,37.0,22.0,37.0,309.0,63.0,19.0,259.0,82.0,892.0,1266
431142,2012,2.0,0.0,0.0,0.0,1.0,11.0,2.0,2.0,6.0,5.0,31.0,33
431142,2013,0.0,0.0,0.0,0.0,0.0,0.0,0.0,0.0,0.0,0.0,36.0,36
431142,2014,1.0,0.0,0.0,2.0,1.0,9.0,3.0,1.0,3.0,3.0,23.0,25
431142,2015,1.0,0.0,2.0,1.0,1.0,10.0,2.0,0.0,4.0,6.0,27.0,29
431142,2016,2.0,0.0,0.0,0.0,0.0,11.0,1.0,0.0,3.0,9.0,26.0,30
431142,2017,1.0,0.0,0.0,0.0,0.0,13.0,1.0,3.0,5.0,2.0,27.0,28
431142,2018,0.0,0.0,0.0,2.0,0.0,10.0,1.0,2.0,1.0,4.0,21.0,22
431142,2019,0.0,0.0,0.0,0.0,0.0,22.0,0.0,1.0,5.0,4.0,32.0,35
431150,2012,7.0,0.0,0.0,0.0,2.0,10.0,5.0,1.0,19.0,1.0,46.0,71
431150,2013,0.0,0.0,0.0,0.0,0.0,0.0,0.0,0.0,0.0,0.0,40.0,66
431150,2014,4.0,0.0,0.0,0.0,1.0,12.0,5.0,0.0,9.0,4.0,35.0,69
431150,2015,7.0,1.0,2.0,4.0,1.0,15.0,2.0,1.0,15.0,5.0,53.0,84
431150,2016,1.0,0.0,2.0,0.0,0.0,11.0,4.0,2.0,13.0,5.0,38.0,67
431150,2017,4.0,0.0,0.0,4.0,0.0,16.0,3.0,1.0,11.0,6.0,46.0,72
431150,2018,3.0,0.0,0.0,0.0,1.0,13.0,3.0,0.0,10.0,3.0,33.0,62
431150,2019,5.0,0.0,2.0,0.0,2.0,15.0,3.0,1.0,7.0,14.0,49.0,81
431160,2012,2.0,0.0,0.0,0.0,1.0,3.0,1.0,0.0,4.0,2.0,31.0,49
431160,2013,0.0,0.0,0.0,0.0,0.0,0.0,0.0,0.0,0.0,0.0,41.0,61
431160,2014,4.0,1.0,2.0,1.0,4.0,12.0,4.0,0.0,13.0,2.0,46.0,68
431160,2015,3.0,1.0,0.0,3.0,2.0,9.0,2.0,1.0,11.0,3.0,37.0,49
431160,2016,6.0,0.0,2.0,0.0,1.0,10.0,7.0,1.0,7.0,0.0,36.0,61
431160,2017,3.0,1.0,1.0,0.0,0.0,20.0,3.0,0.0,14.0,4.0,48.0,75
431160,2018,4.0,0.0,2.0,4.0,0.0,17.0,8.0,1.0,15.0,3.0,55.0,80
431160,2019,3.0,0.0,0.0,2.0,0.0,13.0,1.0,1.0,7.0,3.0,30.0,56
431162,2012,1.0,2.0,4.0,1.0,2.0,10.0,3.0,2.0,14.0,5.0,48.0,65
431162,2013,0.0,0.0,0.0,0.0,0.0,0.0,0.0,0.0,0.0,0.0,51.0,73
431162,2014,0.0,1.0,2.0,1.0,1.0,16.0,11.0,2.0,17.0,6.0,57.0,92
431162,2015,1.0,2.0,0.0,2.0,3.0,18.0,6.0,1.0,26.0,2.0,61.0,83
431162,2016,5.0,0.0,0.0,2.0,0.0,13.0,9.0,1.0,11.0,9.0,50.0,81
431162,2017,1.0,1.0,1.0,0.0,1.0,19.0,11.0,1.0,12.0,2.0,49.0,75
431162,2018,3.0,0.0,2.0,2.0,1.0,15.0,5.0,0.0,17.0,2.0,47.0,80
431162,2019,4.0,0.0,2.0,0.0,4.0,20.0,2.0,0.0,11.0,1.0,44.0,69
431164,2012,0.0,0.0,0.0,0.0,0.0,3.0,0.0,0.0,0.0,0.0,3.0,6
431164,2013,0.0,0.0,0.0,0.0,0.0,0.0,0.0,0.0,0.0,0.0,5.0,6
431164,2014,0.0,0.0,0.0,0.0,0.0,3.0,0.0,0.0,2.0,1.0,6.0,8
431164,2015,0.0,0.0,0.0,0.0,0.0,6.0,1.0,1.0,1.0,1.0,10.0,11
431164,2016,1.0,0.0,0.0,0.0,0.0,1.0,1.0,2.0,4.0,0.0,9.0,11
431164,2017,0.0,0.0,0.0,1.0,0.0,2.0,1.0,0.0,1.0,1.0,6.0,7
431164,2018,0.0,0.0,0.0,0.0,2.0,1.0,1.0,1.0,5.0,0.0,10.0,13
431164,2019,1.0,0.0,0.0,0.0,0.0,1.0,0.0,0.0,1.0,0.0,3.0,4
431170,2012,3.0,0.0,0.0,1.0,0.0,9.0,0.0,0.0,3.0,1.0,37.0,59
431170,2013,0.0,0.0,0.0,0.0,0.0,0.0,0.0,0.0,0.0,0.0,44.0,76
431170,2014,6.0,0.0,0.0,2.0,0.0,13.0,1.0,1.0,5.0,7.0,35.0,55
431170,2015,4.0,0.0,2.0,0.0,0.0,15.0,3.0,3.0,13.0,8.0,48.0,74
431170,2016,3.0,1.0,0.0,1.0,0.0,14.0,3.0,1.0,9.0,5.0,37.0,60
431170,2017,1.0,0.0,0.0,5.0,0.0,24.0,2.0,2.0,12.0,7.0,54.0,78
431170,2018,2.0,0.0,2.0,2.0,3.0,18.0,2.0,4.0,11.0,10.0,54.0,78
431170,2019,4.0,0.0,0.0,1.0,0.0,23.0,2.0,0.0,10.0,0.0,40.0,68
431171,2012,3.0,0.0,2.0,1.0,0.0,11.0,3.0,1.0,6.0,4.0,33.0,50
431171,2013,0.0,0.0,0.0,0.0,0.0,0.0,0.0,0.0,0.0,0.0,32.0,39
431171,2014,1.0,0.0,0.0,1.0,0.0,13.0,1.0,3.0,11.0,2.0,32.0,37
431171,2015,2.0,0.0,0.0,1.0,1.0,6.0,6.0,0.0,12.0,4.0,32.0,35
431171,2016,5.0,0.0,2.0,0.0,1.0,17.0,3.0,1.0,17.0,3.0,49.0,61
431171,2017,3.0,0.0,0.0,1.0,1.0,20.0,5.0,0.0,13.0,1.0,44.0,47
431171,2018,3.0,0.0,0.0,1.0,1.0,13.0,7.0,3.0,11.0,5.0,44.0,48
431171,2019,1.0,0.0,2.0,0.0,0.0,19.0,7.0,2.0,10.0,9.0,50.0,57
431173,2012,1.0,0.0,0.0,1.0,0.0,6.0,1.0,1.0,5.0,5.0,20.0,26
431173,2013,0.0,0.0,0.0,0.0,0.0,0.0,0.0,0.0,0.0,0.0,15.0,29
431173,2014,0.0,0.0,0.0,1.0,0.0,3.0,2.0,0.0,2.0,0.0,8.0,19
431173,2015,0.0,0.0,1.0,0.0,0.0,10.0,5.0,2.0,7.0,2.0,27.0,39
431173,2016,0.0,1.0,0.0,0.0,0.0,9.0,4.0,0.0,8.0,0.0,22.0,34
431173,2017,3.0,0.0,0.0,1.0,1.0,7.0,4.0,1.0,7.0,2.0,26.0,33
431173,2018,2.0,0.0,2.0,1.0,0.0,5.0,6.0,0.0,8.0,2.0,26.0,41
431173,2019,3.0,0.0,0.0,4.0,1.0,16.0,3.0,0.0,6.0,2.0,35.0,42
431175,2012,4.0,0.0,4.0,4.0,0.0,19.0,2.0,1.0,20.0,4.0,64.0,74
431175,2013,0.0,0.0,0.0,0.0,0.0,0.0,0.0,0.0,0.0,0.0,59.0,73
431175,2014,11.0,0.0,0.0,1.0,0.0,14.0,7.0,2.0,20.0,2.0,57.0,65
431175,2015,10.0,0.0,0.0,2.0,4.0,14.0,4.0,3.0,18.0,5.0,60.0,75
431175,2016,10.0,0.0,0.0,2.0,1.0,8.0,3.0,3.0,15.0,5.0,47.0,52
431175,2017,12.0,0.0,0.0,4.0,1.0,14.0,4.0,2.0,21.0,3.0,61.0,72
431175,2018,8.0,0.0,6.0,0.0,0.0,21.0,5.0,1.0,16.0,6.0,63.0,72
431175,2019,10.0,1.0,3.0,6.0,1.0,16.0,3.0,1.0,14.0,2.0,57.0,65
431177,2012,1.0,0.0,2.0,1.0,0.0,11.0,1.0,0.0,6.0,1.0,28.0,52
431177,2013,0.0,0.0,0.0,0.0,0.0,0.0,0.0,0.0,0.0,0.0,27.0,52
431177,2014,3.0,0.0,2.0,5.0,1.0,14.0,0.0,3.0,10.0,6.0,44.0,88
431177,2015,6.0,0.0,2.0,1.0,0.0,13.0,3.0,2.0,12.0,2.0,43.0,72
431177,2016,1.0,0.0,2.0,3.0,0.0,14.0,3.0,2.0,3.0,4.0,32.0,55
431177,2017,1.0,0.0,0.0,1.0,2.0,18.0,3.0,3.0,5.0,4.0,38.0,74
431177,2018,6.0,1.0,4.0,2.0,1.0,11.0,6.0,2.0,13.0,7.0,54.0,93
431177,2019,2.0,0.0,3.0,2.0,0.0,10.0,3.0,0.0,15.0,4.0,39.0,67
431179,2012,4.0,0.0,0.0,0.0,1.0,0.0,1.0,0.0,2.0,2.0,12.0,16
431179,2013,0.0,0.0,0.0,0.0,0.0,0.0,0.0,0.0,0.0,0.0,10.0,15
431179,2014,2.0,0.0,0.0,1.0,1.0,1.0,3.0,1.0,1.0,0.0,10.0,12
431179,2015,1.0,0.0,0.0,1.0,0.0,5.0,1.0,0.0,8.0,4.0,20.0,25
431179,2016,1.0,0.0,0.0,0.0,1.0,7.0,3.0,1.0,5.0,1.0,19.0,23
431179,2017,1.0,0.0,0.0,0.0,2.0,4.0,1.0,0.0,5.0,0.0,13.0,20
431179,2018,0.0,0.0,2.0,0.0,3.0,8.0,2.0,1.0,5.0,0.0,21.0,26
431179,2019,1.0,0.0,0.0,1.0,0.0,5.0,3.0,0.0,6.0,2.0,18.0,26
431180,2012,30.0,2.0,15.0,26.0,39.0,77.0,16.0,9.0,59.0,34.0,388.0,486
431180,2013,0.0,0.0,0.0,0.0,0.0,0.0,0.0,0.0,0.0,0.0,400.0,473
431180,2014,37.0,0.0,6.0,43.0,62.0,113.0,39.0,7.0,113.0,19.0,439.0,527
431180,2015,36.0,0.0,10.0,41.0,54.0,102.0,29.0,8.0,139.0,17.0,436.0,534
431180,2016,37.0,1.0,4.0,45.0,55.0,81.0,41.0,2.0,109.0,24.0,399.0,486
431180,2017,40.0,3.0,10.0,57.0,52.0,115.0,35.0,13.0,112.0,31.0,469.0,532
431180,2018,35.0,0.0,20.0,65.0,58.0,122.0,27.0,12.0,105.0,30.0,474.0,581
431180,2019,27.0,2.0,9.0,63.0,46.0,116.0,38.0,5.0,82.0,30.0,418.0,510
431190,2012,2.0,0.0,0.0,0.0,0.0,7.0,0.0,1.0,6.0,5.0,21.0,31
431190,2013,0.0,0.0,0.0,0.0,0.0,0.0,0.0,0.0,0.0,0.0,22.0,35
431190,2014,1.0,0.0,4.0,0.0,0.0,9.0,2.0,2.0,13.0,2.0,33.0,48
431190,2015,0.0,0.0,0.0,1.0,0.0,6.0,1.0,0.0,7.0,3.0,18.0,34
431190,2016,1.0,0.0,0.0,0.0,0.0,10.0,0.0,0.0,6.0,3.0,20.0,40
431190,2017,2.0,0.0,0.0,0.0,2.0,8.0,3.0,0.0,6.0,2.0,23.0,41
431190,2018,0.0,0.0,2.0,1.0,1.0,8.0,3.0,1.0,9.0,2.0,27.0,39
431190,2019,3.0,0.0,0.0,0.0,0.0,6.0,2.0,1.0,7.0,2.0,21.0,38
431198,2012,4.0,0.0,0.0,1.0,1.0,6.0,0.0,0.0,6.0,1.0,21.0,33
431198,2013,0.0,0.0,0.0,0.0,0.0,0.0,0.0,0.0,0.0,0.0,16.0,32
431198,2014,2.0,0.0,0.0,2.0,0.0,4.0,1.0,1.0,7.0,1.0,18.0,29
431198,2015,1.0,0.0,2.0,1.0,1.0,10.0,0.0,1.0,2.0,1.0,19.0,39
431198,2016,2.0,0.0,0.0,0.0,1.0,7.0,3.0,0.0,3.0,0.0,16.0,39
431198,2017,1.0,0.0,0.0,0.0,0.0,3.0,1.0,3.0,7.0,0.0,15.0,34
431198,2018,1.0,0.0,0.0,1.0,2.0,10.0,2.0,0.0,3.0,3.0,22.0,50
431198,2019,3.0,0.0,0.0,0.0,1.0,7.0,2.0,1.0,4.0,2.0,20.0,33
431200,2012,2.0,0.0,0.0,0.0,1.0,6.0,0.0,0.0,6.0,5.0,20.0,24
431200,2013,0.0,0.0,0.0,0.0,0.0,0.0,0.0,0.0,0.0,0.0,13.0,17
431200,2014,0.0,0.0,0.0,0.0,0.0,4.0,1.0,0.0,3.0,4.0,12.0,18
431200,2015,0.0,0.0,0.0,0.0,0.0,6.0,0.0,0.0,5.0,1.0,12.0,17
431200,2016,1.0,1.0,0.0,0.0,0.0,3.0,0.0,0.0,4.0,0.0,9.0,11
431200,2017,0.0,0.0,0.0,0.0,0.0,2.0,0.0,0.0,2.0,1.0,5.0,8
431200,2018,1.0,0.0,0.0,0.0,0.0,1.0,0.0,0.0,4.0,1.0,7.0,9
431200,2019,2.0,0.0,2.0,1.0,0.0,9.0,1.0,0.0,1.0,1.0,17.0,24
431205,2012,1.0,0.0,0.0,5.0,6.0,7.0,5.0,0.0,5.0,4.0,33.0,38
431205,2013,0.0,0.0,0.0,0.0,0.0,0.0,0.0,0.0,0.0,0.0,34.0,41
431205,2014,5.0,0.0,4.0,9.0,7.0,6.0,4.0,1.0,5.0,3.0,44.0,46
431205,2015,1.0,1.0,0.0,6.0,8.0,10.0,1.0,0.0,9.0,2.0,38.0,46
431205,2016,2.0,0.0,2.0,2.0,2.0,10.0,2.0,0.0,4.0,2.0,26.0,37
431205,2017,3.0,0.0,0.0,4.0,0.0,8.0,0.0,0.0,4.0,2.0,21.0,28
431205,2018,1.0,0.0,0.0,1.0,0.0,6.0,6.0,0.0,6.0,1.0,21.0,29
431205,2019,1.0,0.0,0.0,1.0,1.0,12.0,0.0,1.0,6.0,0.0,22.0,32
431210,2012,3.0,1.0,0.0,0.0,2.0,6.0,1.0,0.0,6.0,1.0,21.0,47
431210,2013,0.0,0.0,0.0,0.0,0.0,0.0,0.0,0.0,0.0,0.0,24.0,43
431210,2014,2.0,0.0,4.0,1.0,1.0,5.0,2.0,1.0,5.0,2.0,23.0,44
431210,2015,2.0,0.0,0.0,1.0,0.0,9.0,4.0,1.0,3.0,3.0,23.0,41
431210,2016,3.0,1.0,1.0,1.0,1.0,6.0,1.0,0.0,6.0,0.0,20.0,37
431210,2017,2.0,0.0,2.0,1.0,0.0,6.0,7.0,0.0,9.0,2.0,29.0,44
431210,2018,5.0,0.0,1.0,0.0,0.0,9.0,4.0,1.0,7.0,1.0,28.0,50
431210,2019,2.0,0.0,6.0,1.0,0.0,10.0,2.0,0.0,4.0,2.0,27.0,48
431213,2012,2.0,0.0,0.0,0.0,1.0,3.0,1.0,0.0,6.0,1.0,14.0,25
431213,2013,0.0,0.0,0.0,0.0,0.0,0.0,0.0,0.0,0.0,0.0,11.0,23
431213,2014,2.0,0.0,0.0,2.0,0.0,2.0,3.0,1.0,6.0,0.0,16.0,35
431213,2015,2.0,0.0,0.0,0.0,0.0,4.0,0.0,2.0,3.0,0.0,11.0,28
431213,2016,2.0,0.0,2.0,1.0,1.0,9.0,4.0,0.0,9.0,1.0,29.0,36
431213,2017,1.0,0.0,2.0,0.0,1.0,4.0,0.0,0.0,10.0,0.0,18.0,25
431213,2018,6.0,0.0,1.0,2.0,0.0,7.0,2.0,0.0,6.0,0.0,24.0,38
431213,2019,2.0,0.0,2.0,0.0,1.0,8.0,1.0,0.0,6.0,1.0,21.0,29
431215,2012,2.0,0.0,2.0,1.0,1.0,7.0,1.0,0.0,10.0,3.0,30.0,51
431215,2013,0.0,0.0,0.0,0.0,0.0,0.0,0.0,0.0,0.0,0.0,28.0,47
431215,2014,0.0,0.0,2.0,0.0,2.0,10.0,5.0,1.0,14.0,4.0,38.0,56
431215,2015,3.0,0.0,2.0,3.0,2.0,12.0,5.0,0.0,14.0,4.0,45.0,54
431215,2016,1.0,0.0,2.0,2.0,2.0,11.0,1.0,0.0,9.0,1.0,29.0,34
431215,2017,5.0,0.0,2.0,3.0,1.0,12.0,3.0,1.0,13.0,4.0,44.0,49
431215,2018,3.0,0.0,0.0,1.0,1.0,9.0,1.0,2.0,6.0,5.0,28.0,37
431215,2019,3.0,0.0,0.0,2.0,4.0,12.0,1.0,0.0,10.0,4.0,36.0,46
431217,2012,3.0,0.0,0.0,0.0,1.0,2.0,0.0,0.0,3.0,2.0,12.0,15
431217,2013,0.0,0.0,0.0,0.0,0.0,0.0,0.0,0.0,0.0,0.0,16.0,20
431217,2014,2.0,0.0,0.0,1.0,0.0,10.0,1.0,1.0,1.0,2.0,18.0,22
431217,2015,1.0,0.0,0.0,1.0,0.0,9.0,1.0,0.0,3.0,4.0,19.0,23
431217,2016,3.0,0.0,0.0,0.0,2.0,7.0,0.0,0.0,3.0,4.0,19.0,22
431217,2017,1.0,0.0,0.0,0.0,0.0,7.0,2.0,0.0,1.0,1.0,12.0,15
431217,2018,1.0,0.0,0.0,0.0,0.0,4.0,1.0,0.0,7.0,3.0,16.0,17
431217,2019,1.0,0.0,2.0,0.0,0.0,5.0,2.0,0.0,1.0,2.0,13.0,14
431220,2012,2.0,0.0,2.0,1.0,0.0,8.0,0.0,1.0,7.0,7.0,45.0,54
431220,2013,0.0,0.0,0.0,0.0,0.0,0.0,0.0,0.0,0.0,0.0,36.0,56
431220,2014,0.0,0.0,0.0,0.0,0.0,8.0,1.0,3.0,5.0,4.0,21.0,36
431220,2015,2.0,0.0,2.0,1.0,1.0,13.0,2.0,1.0,5.0,8.0,35.0,49
431220,2016,0.0,0.0,0.0,1.0,1.0,12.0,0.0,0.0,6.0,1.0,21.0,31
431220,2017,3.0,0.0,0.0,1.0,4.0,12.0,3.0,0.0,10.0,3.0,36.0,48
431220,2018,2.0,0.0,0.0,0.0,0.0,14.0,6.0,0.0,7.0,2.0,31.0,53
431220,2019,0.0,0.0,0.0,1.0,1.0,19.0,1.0,2.0,8.0,3.0,35.0,50
431225,2012,5.0,0.0,2.0,3.0,3.0,18.0,3.0,2.0,14.0,3.0,60.0,114
431225,2013,0.0,0.0,0.0,0.0,0.0,0.0,0.0,0.0,0.0,0.0,52.0,99
431225,2014,4.0,0.0,0.0,0.0,3.0,15.0,5.0,2.0,23.0,4.0,57.0,114
431225,2015,2.0,0.0,2.0,0.0,1.0,22.0,5.0,2.0,25.0,5.0,64.0,112
431225,2016,5.0,0.0,4.0,2.0,1.0,17.0,2.0,3.0,23.0,3.0,60.0,102
431225,2017,3.0,0.0,0.0,3.0,1.0,17.0,12.0,2.0,19.0,0.0,57.0,95
431225,2018,5.0,0.0,1.0,4.0,0.0,17.0,6.0,2.0,14.0,11.0,60.0,105
431225,2019,3.0,0.0,2.0,2.0,1.0,19.0,7.0,2.0,17.0,9.0,62.0,99
431230,2012,3.0,0.0,0.0,1.0,0.0,6.0,2.0,0.0,6.0,0.0,35.0,56
431230,2013,0.0,0.0,0.0,0.0,0.0,0.0,0.0,0.0,0.0,0.0,43.0,67
431230,2014,4.0,0.0,2.0,0.0,1.0,11.0,8.0,1.0,4.0,4.0,35.0,56
431230,2015,3.0,0.0,0.0,1.0,1.0,18.0,5.0,2.0,9.0,1.0,40.0,61
431230,2016,4.0,0.0,0.0,0.0,3.0,17.0,1.0,1.0,9.0,3.0,38.0,67
431230,2017,0.0,0.0,4.0,1.0,0.0,18.0,1.0,0.0,12.0,0.0,36.0,58
431230,2018,1.0,0.0,0.0,1.0,1.0,15.0,1.0,0.0,11.0,5.0,35.0,61
431230,2019,2.0,0.0,2.0,1.0,1.0,12.0,4.0,2.0,10.0,1.0,35.0,68
431235,2012,0.0,0.0,1.0,1.0,1.0,0.0,0.0,0.0,2.0,2.0,8.0,9
431235,2013,0.0,0.0,0.0,0.0,0.0,0.0,0.0,0.0,0.0,0.0,7.0,8
431235,2014,1.0,0.0,0.0,3.0,1.0,1.0,1.0,1.0,4.0,0.0,12.0,13
431235,2015,2.0,0.0,0.0,1.0,2.0,1.0,1.0,1.0,5.0,0.0,13.0,16
431235,2016,0.0,0.0,0.0,0.0,3.0,1.0,2.0,0.0,3.0,0.0,9.0,11
431235,2017,4.0,0.0,0.0,2.0,1.0,0.0,0.0,0.0,2.0,2.0,11.0,17
431235,2018,2.0,0.0,0.0,1.0,0.0,2.0,2.0,0.0,2.0,0.0,9.0,13
431235,2019,2.0,0.0,0.0,0.0,0.0,4.0,0.0,0.0,7.0,3.0,16.0,19
431237,2012,1.0,0.0,0.0,0.0,0.0,0.0,1.0,0.0,1.0,0.0,13.0,25
431237,2013,0.0,0.0,0.0,0.0,0.0,0.0,0.0,0.0,0.0,0.0,14.0,30
431237,2014,1.0,0.0,2.0,0.0,1.0,4.0,0.0,0.0,2.0,1.0,18.0,34
431237,2015,1.0,0.0,0.0,2.0,1.0,2.0,4.0,0.0,6.0,2.0,22.0,39
431237,2016,1.0,0.0,0.0,1.0,0.0,4.0,0.0,1.0,2.0,5.0,18.0,45
431237,2017,1.0,0.0,2.0,1.0,1.0,8.0,3.0,0.0,5.0,1.0,22.0,39
431237,2018,1.0,0.0,2.0,2.0,1.0,3.0,3.0,1.0,3.0,3.0,20.0,34
431237,2019,3.0,0.0,0.0,0.0,0.0,10.0,2.0,0.0,6.0,4.0,25.0,39
431238,2012,0.0,0.0,0.0,0.0,0.0,4.0,0.0,0.0,7.0,0.0,11.0,12
431238,2013,0.0,0.0,0.0,0.0,0.0,0.0,0.0,0.0,0.0,0.0,12.0,16
431238,2014,0.0,0.0,0.0,0.0,0.0,5.0,0.0,1.0,3.0,1.0,10.0,17
431238,2015,3.0,0.0,0.0,0.0,0.0,6.0,3.0,1.0,4.0,1.0,18.0,21
431238,2016,2.0,0.0,0.0,2.0,0.0,4.0,0.0,0.0,2.0,0.0,10.0,10
431238,2017,0.0,0.0,0.0,0.0,1.0,2.0,0.0,0.0,3.0,1.0,7.0,13
431238,2018,2.0,0.0,0.0,0.0,2.0,3.0,2.0,0.0,7.0,5.0,21.0,25
431238,2019,1.0,0.0,0.0,2.0,1.0,2.0,5.0,0.0,3.0,0.0,14.0,24
431240,2012,43.0,1.0,19.0,10.0,15.0,157.0,25.0,18.0,116.0,70.0,609.0,833
431240,2013,0.0,0.0,0.0,0.0,0.0,0.0,0.0,0.0,0.0,0.0,627.0,895
431240,2014,35.0,1.0,16.0,16.0,14.0,236.0,46.0,38.0,162.0,96.0,661.0,910
431240,2015,42.0,2.0,31.0,14.0,21.0,219.0,55.0,26.0,164.0,97.0,671.0,975
431240,2016,47.0,4.0,9.0,11.0,20.0,233.0,51.0,25.0,155.0,78.0,634.0,928
431240,2017,47.0,2.0,21.0,11.0,21.0,294.0,47.0,28.0,158.0,62.0,692.0,975
431240,2018,49.0,6.0,21.0,16.0,18.0,237.0,57.0,9.0,158.0,51.0,622.0,910
431240,2019,42.0,2.0,13.0,28.0,19.0,245.0,46.0,10.0,152.0,33.0,590.0,873
431242,2012,7.0,1.0,0.0,1.0,1.0,4.0,0.0,0.0,3.0,0.0,17.0,23
431242,2013,0.0,0.0,0.0,0.0,0.0,0.0,0.0,0.0,0.0,0.0,17.0,28
431242,2014,2.0,1.0,0.0,0.0,1.0,6.0,1.0,0.0,6.0,4.0,23.0,35
431242,2015,3.0,1.0,0.0,0.0,2.0,3.0,4.0,0.0,7.0,2.0,22.0,35
431242,2016,0.0,0.0,0.0,2.0,2.0,7.0,0.0,0.0,3.0,0.0,14.0,22
431242,2017,4.0,0.0,2.0,2.0,1.0,8.0,1.0,0.0,6.0,2.0,26.0,34
431242,2018,4.0,0.0,0.0,1.0,1.0,7.0,2.0,0.0,8.0,0.0,23.0,29
431242,2019,2.0,0.0,2.0,0.0,2.0,8.0,0.0,0.0,6.0,1.0,21.0,31
431244,2012,5.0,0.0,2.0,1.0,0.0,3.0,2.0,0.0,6.0,0.0,20.0,29
431244,2013,0.0,0.0,0.0,0.0,0.0,0.0,0.0,0.0,0.0,0.0,19.0,25
431244,2014,0.0,0.0,5.0,0.0,0.0,5.0,4.0,1.0,3.0,1.0,19.0,23
431244,2015,1.0,0.0,2.0,0.0,1.0,3.0,3.0,0.0,5.0,1.0,16.0,20
431244,2016,2.0,0.0,0.0,0.0,1.0,13.0,4.0,0.0,4.0,0.0,24.0,30
431244,2017,4.0,0.0,0.0,3.0,0.0,12.0,1.0,1.0,6.0,1.0,28.0,33
431244,2018,4.0,0.0,0.0,0.0,1.0,14.0,3.0,0.0,4.0,0.0,26.0,35
431244,2019,4.0,0.0,0.0,0.0,0.0,4.0,2.0,1.0,3.0,2.0,17.0,24
431245,2012,6.0,0.0,0.0,0.0,1.0,5.0,3.0,0.0,6.0,5.0,29.0,44
431245,2013,0.0,0.0,0.0,0.0,0.0,0.0,0.0,0.0,0.0,0.0,31.0,48
431245,2014,1.0,1.0,0.0,3.0,0.0,8.0,2.0,5.0,4.0,10.0,36.0,52
431245,2015,6.0,0.0,0.0,2.0,2.0,7.0,3.0,2.0,8.0,3.0,38.0,62
431245,2016,1.0,0.0,5.0,2.0,2.0,11.0,0.0,3.0,6.0,10.0,43.0,58
431245,2017,1.0,0.0,1.0,1.0,1.0,14.0,2.0,0.0,6.0,8.0,35.0,58
431245,2018,4.0,0.0,2.0,0.0,1.0,14.0,2.0,1.0,12.0,3.0,39.0,59
431245,2019,4.0,0.0,0.0,0.0,0.0,10.0,2.0,4.0,3.0,5.0,29.0,48
431247,2012,0.0,0.0,0.0,2.0,3.0,9.0,5.0,1.0,18.0,1.0,41.0,61
431247,2013,0.0,0.0,0.0,0.0,0.0,0.0,0.0,0.0,0.0,0.0,45.0,62
431247,2014,4.0,0.0,2.0,2.0,4.0,16.0,7.0,2.0,21.0,1.0,59.0,77
431247,2015,2.0,0.0,2.0,1.0,3.0,9.0,6.0,0.0,21.0,0.0,44.0,59
431247,2016,6.0,0.0,2.0,1.0,1.0,8.0,6.0,1.0,9.0,4.0,38.0,58
431247,2017,7.0,0.0,2.0,4.0,3.0,12.0,3.0,1.0,12.0,0.0,44.0,59
431247,2018,9.0,0.0,4.0,2.0,0.0,20.0,6.0,0.0,15.0,2.0,59.0,75
431247,2019,6.0,0.0,4.0,1.0,1.0,11.0,4.0,0.0,15.0,3.0,45.0,61
431250,2012,7.0,0.0,3.0,0.0,1.0,17.0,5.0,1.0,20.0,4.0,61.0,118
431250,2013,0.0,0.0,0.0,0.0,0.0,0.0,0.0,0.0,0.0,0.0,43.0,113
431250,2014,3.0,0.0,0.0,1.0,1.0,19.0,2.0,2.0,17.0,5.0,51.0,122
431250,2015,4.0,0.0,2.0,3.0,0.0,17.0,12.0,2.0,5.0,3.0,48.0,135
431250,2016,6.0,0.0,0.0,1.0,3.0,17.0,6.0,2.0,21.0,8.0,64.0,137
431250,2017,5.0,1.0,4.0,2.0,0.0,26.0,8.0,2.0,18.0,8.0,76.0,139
431250,2018,2.0,0.0,1.0,1.0,1.0,16.0,6.0,5.0,11.0,8.0,51.0,108
431250,2019,7.0,1.0,4.0,8.0,2.0,23.0,8.0,5.0,12.0,9.0,79.0,146
431260,2012,1.0,0.0,0.0,1.0,4.0,14.0,0.0,0.0,5.0,0.0,26.0,33
431260,2013,0.0,0.0,0.0,0.0,0.0,0.0,0.0,0.0,0.0,0.0,34.0,51
431260,2014,1.0,0.0,2.0,3.0,1.0,13.0,1.0,0.0,3.0,0.0,26.0,49
431260,2015,3.0,1.0,0.0,1.0,2.0,15.0,2.0,1.0,4.0,1.0,36.0,47
431260,2016,0.0,0.0,0.0,5.0,6.0,8.0,3.0,0.0,7.0,1.0,30.0,49
431260,2017,1.0,1.0,1.0,2.0,0.0,13.0,3.0,0.0,8.0,3.0,32.0,57
431260,2018,2.0,0.0,0.0,2.0,5.0,10.0,1.0,0.0,11.0,1.0,32.0,50
431260,2019,2.0,0.0,0.0,2.0,3.0,9.0,1.0,0.0,7.0,0.0,24.0,47
431261,2012,1.0,0.0,0.0,0.0,0.0,0.0,0.0,0.0,0.0,0.0,8.0,23
431261,2013,0.0,0.0,0.0,0.0,0.0,0.0,0.0,0.0,0.0,0.0,15.0,32
431261,2014,2.0,0.0,1.0,0.0,0.0,6.0,0.0,0.0,0.0,5.0,20.0,39
431261,2015,0.0,0.0,0.0,1.0,1.0,3.0,2.0,1.0,5.0,3.0,20.0,34
431261,2016,2.0,0.0,0.0,1.0,2.0,2.0,0.0,3.0,3.0,3.0,18.0,39
431261,2017,0.0,0.0,2.0,0.0,1.0,8.0,2.0,1.0,3.0,2.0,19.0,42
431261,2018,1.0,0.0,2.0,0.0,0.0,7.0,3.0,2.0,6.0,2.0,25.0,46
431261,2019,1.0,0.0,0.0,1.0,0.0,4.0,2.0,0.0,5.0,3.0,16.0,28
431262,2012,2.0,0.0,0.0,1.0,0.0,1.0,0.0,0.0,1.0,1.0,8.0,22
431262,2013,0.0,0.0,0.0,0.0,0.0,0.0,0.0,0.0,0.0,0.0,10.0,20
431262,2014,0.0,0.0,0.0,0.0,1.0,3.0,1.0,0.0,5.0,0.0,11.0,22
431262,2015,2.0,2.0,1.0,3.0,0.0,4.0,0.0,0.0,2.0,0.0,14.0,23
431262,2016,1.0,0.0,4.0,1.0,0.0,5.0,2.0,0.0,1.0,0.0,14.0,34
431262,2017,2.0,0.0,0.0,0.0,0.0,5.0,1.0,1.0,4.0,4.0,18.0,32
431262,2018,2.0,0.0,0.0,0.0,0.0,3.0,2.0,0.0,4.0,1.0,12.0,24
431262,2019,1.0,0.0,0.0,0.0,0.0,4.0,1.0,1.0,6.0,0.0,13.0,19
431265,2012,16.0,2.0,6.0,5.0,11.0,34.0,11.0,2.0,55.0,12.0,154.0,224
431265,2013,0.0,0.0,0.0,0.0,0.0,0.0,0.0,0.0,0.0,0.0,155.0,214
431265,2014,17.0,3.0,4.0,4.0,4.0,37.0,17.0,3.0,65.0,15.0,169.0,222
431265,2015,11.0,0.0,15.0,6.0,7.0,64.0,19.0,5.0,69.0,7.0,203.0,256
431265,2016,12.0,0.0,6.0,7.0,6.0,61.0,26.0,4.0,57.0,12.0,191.0,239
431265,2017,9.0,0.0,2.0,8.0,11.0,67.0,16.0,5.0,48.0,14.0,180.0,250
431265,2018,14.0,0.0,4.0,4.0,6.0,61.0,18.0,10.0,42.0,21.0,180.0,219
431265,2019,14.0,1.0,0.0,11.0,7.0,72.0,20.0,3.0,41.0,14.0,183.0,234
431267,2012,0.0,0.0,0.0,1.0,0.0,0.0,0.0,0.0,5.0,1.0,8.0,10
431267,2013,0.0,0.0,0.0,0.0,0.0,0.0,0.0,0.0,0.0,0.0,9.0,21
431267,2014,2.0,0.0,4.0,0.0,0.0,6.0,0.0,0.0,5.0,1.0,18.0,18
431267,2015,3.0,0.0,0.0,2.0,2.0,1.0,1.0,0.0,1.0,2.0,12.0,25
431267,2016,1.0,0.0,0.0,1.0,1.0,4.0,0.0,0.0,4.0,0.0,11.0,15
431267,2017,4.0,0.0,0.0,1.0,0.0,4.0,1.0,0.0,5.0,0.0,15.0,19
431267,2018,1.0,0.0,0.0,0.0,0.0,6.0,4.0,0.0,5.0,0.0,16.0,23
431267,2019,5.0,0.0,0.0,2.0,2.0,6.0,0.0,0.0,1.0,0.0,16.0,23
431270,2012,5.0,1.0,2.0,2.0,3.0,13.0,2.0,3.0,11.0,14.0,111.0,157
431270,2013,0.0,0.0,0.0,0.0,0.0,0.0,0.0,0.0,0.0,0.0,115.0,150
431270,2014,12.0,0.0,6.0,6.0,1.0,30.0,8.0,5.0,19.0,19.0,127.0,174
431270,2015,8.0,0.0,0.0,4.0,5.0,19.0,7.0,10.0,16.0,16.0,122.0,190
431270,2016,15.0,0.0,0.0,2.0,5.0,20.0,9.0,3.0,20.0,10.0,131.0,181
431270,2017,14.0,0.0,0.0,1.0,0.0,44.0,7.0,9.0,29.0,20.0,146.0,190
431270,2018,9.0,1.0,4.0,3.0,4.0,46.0,19.0,12.0,29.0,20.0,154.0,204
431270,2019,10.0,0.0,3.0,2.0,2.0,39.0,13.0,10.0,19.0,24.0,129.0,181
431275,2012,5.0,0.0,0.0,0.0,1.0,4.0,1.0,2.0,3.0,3.0,27.0,30
431275,2013,0.0,0.0,0.0,0.0,0.0,0.0,0.0,0.0,0.0,0.0,25.0,31
431275,2014,3.0,0.0,1.0,4.0,3.0,8.0,3.0,1.0,11.0,2.0,36.0,39
431275,2015,2.0,0.0,2.0,0.0,3.0,13.0,1.0,0.0,9.0,3.0,33.0,41
431275,2016,5.0,0.0,2.0,1.0,1.0,10.0,2.0,0.0,9.0,3.0,33.0,34
431275,2017,1.0,0.0,2.0,1.0,3.0,9.0,5.0,1.0,5.0,0.0,27.0,32
431275,2018,0.0,0.0,0.0,3.0,2.0,11.0,2.0,0.0,11.0,5.0,34.0,44
431275,2019,3.0,0.0,0.0,2.0,2.0,10.0,1.0,1.0,9.0,2.0,30.0,36
431280,2012,3.0,0.0,0.0,0.0,3.0,8.0,0.0,4.0,2.0,17.0,40.0,49
431280,2013,0.0,0.0,0.0,0.0,0.0,0.0,0.0,0.0,0.0,0.0,38.0,45
431280,2014,7.0,0.0,2.0,0.0,2.0,9.0,3.0,1.0,7.0,17.0,49.0,54
431280,2015,3.0,0.0,4.0,1.0,0.0,15.0,6.0,7.0,15.0,13.0,64.0,77
431280,2016,7.0,0.0,2.0,1.0,2.0,16.0,2.0,4.0,12.0,20.0,66.0,72
431280,2017,9.0,0.0,0.0,0.0,2.0,14.0,2.0,5.0,9.0,13.0,54.0,62
431280,2018,2.0,0.0,0.0,2.0,0.0,15.0,6.0,7.0,21.0,11.0,64.0,72
431280,2019,6.0,0.0,0.0,2.0,4.0,21.0,6.0,5.0,15.0,9.0,68.0,74
431290,2012,7.0,0.0,0.0,6.0,8.0,17.0,2.0,3.0,6.0,10.0,62.0,68
431290,2013,0.0,0.0,0.0,0.0,0.0,0.0,0.0,0.0,0.0,0.0,63.0,75
431290,2014,8.0,0.0,0.0,8.0,5.0,18.0,7.0,3.0,14.0,7.0,73.0,85
431290,2015,4.0,0.0,0.0,0.0,2.0,34.0,6.0,3.0,15.0,9.0,73.0,88
431290,2016,10.0,2.0,2.0,1.0,0.0,22.0,7.0,2.0,15.0,10.0,71.0,84
431290,2017,10.0,1.0,4.0,0.0,2.0,24.0,7.0,0.0,19.0,13.0,80.0,88
431290,2018,7.0,0.0,2.0,1.0,1.0,19.0,5.0,1.0,23.0,8.0,67.0,85
431290,2019,2.0,0.0,2.0,2.0,5.0,22.0,5.0,2.0,21.0,3.0,64.0,83
431295,2012,2.0,0.0,2.0,0.0,3.0,2.0,0.0,0.0,3.0,0.0,21.0,24
431295,2013,0.0,0.0,0.0,0.0,0.0,0.0,0.0,0.0,0.0,0.0,16.0,17
431295,2014,6.0,0.0,1.0,1.0,0.0,3.0,1.0,0.0,4.0,1.0,17.0,21
431295,2015,0.0,0.0,0.0,1.0,0.0,4.0,1.0,0.0,6.0,1.0,13.0,16
431295,2016,1.0,0.0,0.0,1.0,1.0,6.0,2.0,0.0,6.0,0.0,17.0,18
431295,2017,1.0,0.0,0.0,0.0,0.0,7.0,0.0,1.0,6.0,0.0,16.0,20
431295,2018,1.0,0.0,0.0,1.0,0.0,5.0,0.0,0.0,4.0,4.0,16.0,17
431295,2019,2.0,0.0,2.0,2.0,0.0,5.0,1.0,1.0,3.0,1.0,17.0,19
431300,2012,3.0,0.0,0.0,1.0,2.0,8.0,0.0,1.0,7.0,3.0,27.0,30
431300,2013,0.0,0.0,0.0,0.0,0.0,0.0,0.0,0.0,0.0,0.0,19.0,21
431300,2014,4.0,0.0,0.0,3.0,1.0,12.0,3.0,1.0,6.0,0.0,33.0,36
431300,2015,2.0,0.0,2.0,4.0,4.0,7.0,2.0,0.0,5.0,0.0,26.0,32
431300,2016,0.0,0.0,0.0,1.0,2.0,4.0,1.0,0.0,4.0,1.0,14.0,15
431300,2017,1.0,0.0,0.0,2.0,1.0,8.0,1.0,1.0,5.0,2.0,21.0,29
431300,2018,2.0,0.0,0.0,0.0,1.0,10.0,4.0,0.0,8.0,1.0,26.0,32
431300,2019,4.0,0.0,0.0,4.0,1.0,5.0,1.0,0.0,3.0,3.0,21.0,28
431301,2012,0.0,0.0,0.0,0.0,0.0,2.0,0.0,1.0,3.0,2.0,24.0,28
431301,2013,0.0,0.0,0.0,0.0,0.0,0.0,0.0,0.0,0.0,0.0,20.0,20
431301,2014,4.0,0.0,2.0,1.0,0.0,5.0,6.0,0.0,6.0,1.0,25.0,27
431301,2015,5.0,0.0,0.0,0.0,1.0,6.0,2.0,0.0,8.0,1.0,23.0,27
431301,2016,1.0,0.0,0.0,0.0,1.0,9.0,5.0,0.0,8.0,2.0,26.0,30
431301,2017,0.0,0.0,0.0,0.0,1.0,13.0,3.0,0.0,10.0,1.0,28.0,33
431301,2018,2.0,0.0,1.0,1.0,2.0,17.0,4.0,1.0,12.0,2.0,42.0,43
431301,2019,7.0,0.0,2.0,0.0,1.0,9.0,2.0,0.0,13.0,5.0,39.0,44
431303,2012,0.0,0.0,2.0,0.0,3.0,7.0,3.0,1.0,7.0,3.0,29.0,56
431303,2013,0.0,0.0,0.0,0.0,0.0,0.0,0.0,0.0,0.0,0.0,29.0,47
431303,2014,3.0,1.0,0.0,1.0,0.0,9.0,7.0,1.0,9.0,3.0,34.0,53
431303,2015,0.0,0.0,2.0,0.0,1.0,9.0,7.0,0.0,13.0,5.0,37.0,58
431303,2016,5.0,0.0,4.0,2.0,0.0,20.0,3.0,1.0,14.0,4.0,53.0,61
431303,2017,0.0,1.0,1.0,0.0,1.0,12.0,4.0,0.0,16.0,6.0,41.0,52
431303,2018,4.0,0.0,1.0,0.0,2.0,15.0,5.0,2.0,6.0,3.0,38.0,50
431303,2019,4.0,1.0,0.0,0.0,0.0,9.0,6.0,2.0,11.0,1.0,34.0,45
431306,2012,26.0,0.0,13.0,7.0,6.0,36.0,8.0,4.0,48.0,12.0,176.0,273
431306,2013,0.0,0.0,0.0,0.0,0.0,0.0,0.0,0.0,0.0,0.0,176.0,270
431306,2014,8.0,0.0,0.0,6.0,1.0,46.0,9.0,15.0,37.0,22.0,154.0,240
431306,2015,12.0,0.0,2.0,3.0,8.0,61.0,12.0,9.0,40.0,17.0,164.0,257
431306,2016,9.0,1.0,8.0,7.0,6.0,57.0,15.0,11.0,56.0,13.0,183.0,267
431306,2017,7.0,0.0,4.0,5.0,3.0,61.0,15.0,4.0,39.0,10.0,149.0,257
431306,2018,12.0,0.0,2.0,4.0,2.0,56.0,10.0,4.0,33.0,20.0,143.0,231
431306,2019,11.0,2.0,8.0,1.0,7.0,59.0,7.0,7.0,36.0,16.0,154.0,243
431308,2012,2.0,0.0,0.0,0.0,1.0,6.0,0.0,0.0,5.0,1.0,15.0,16
431308,2013,0.0,0.0,0.0,0.0,0.0,0.0,0.0,0.0,0.0,0.0,12.0,13
431308,2014,1.0,0.0,0.0,0.0,0.0,6.0,0.0,0.0,5.0,0.0,12.0,15
431308,2015,1.0,0.0,0.0,0.0,2.0,5.0,0.0,0.0,8.0,0.0,16.0,17
431308,2016,0.0,0.0,0.0,0.0,0.0,6.0,0.0,0.0,4.0,0.0,10.0,13
431308,2017,0.0,0.0,0.0,0.0,1.0,9.0,1.0,0.0,2.0,0.0,13.0,17
431308,2018,1.0,0.0,2.0,2.0,1.0,2.0,1.0,1.0,4.0,0.0,14.0,18
431308,2019,1.0,0.0,0.0,2.0,2.0,8.0,3.0,0.0,4.0,0.0,20.0,23
431310,2012,4.0,0.0,0.0,3.0,2.0,18.0,4.0,0.0,16.0,1.0,48.0,59
431310,2013,0.0,0.0,0.0,0.0,0.0,0.0,0.0,0.0,0.0,0.0,52.0,69
431310,2014,3.0,0.0,2.0,2.0,5.0,11.0,7.0,1.0,28.0,1.0,60.0,69
431310,2015,5.0,0.0,2.0,2.0,2.0,15.0,4.0,0.0,17.0,0.0,47.0,61
431310,2016,1.0,0.0,3.0,3.0,1.0,21.0,3.0,0.0,14.0,3.0,49.0,64
431310,2017,4.0,0.0,4.0,1.0,0.0,17.0,2.0,1.0,22.0,2.0,53.0,67
431310,2018,4.0,0.0,0.0,1.0,1.0,14.0,1.0,0.0,5.0,3.0,29.0,43
431310,2019,5.0,1.0,1.0,2.0,1.0,17.0,2.0,0.0,15.0,1.0,46.0,57
431320,2012,8.0,0.0,5.0,2.0,5.0,42.0,8.0,1.0,44.0,8.0,137.0,214
431320,2013,0.0,0.0,0.0,0.0,0.0,0.0,0.0,0.0,0.0,0.0,145.0,221
431320,2014,16.0,0.0,4.0,6.0,8.0,53.0,30.0,4.0,55.0,11.0,189.0,245
431320,2015,13.0,0.0,4.0,6.0,4.0,57.0,26.0,5.0,82.0,12.0,209.0,280
431320,2016,10.0,1.0,2.0,3.0,5.0,62.0,23.0,2.0,58.0,7.0,173.0,250
431320,2017,16.0,0.0,3.0,6.0,6.0,60.0,30.0,4.0,68.0,10.0,203.0,267
431320,2018,21.0,0.0,6.0,12.0,6.0,54.0,22.0,4.0,56.0,13.0,194.0,256
431320,2019,22.0,0.0,6.0,6.0,6.0,68.0,12.0,3.0,40.0,14.0,177.0,241
431330,2012,27.0,0.0,2.0,1.0,4.0,72.0,3.0,27.0,16.0,103.0,271.0,293
431330,2013,0.0,0.0,0.0,0.0,0.0,0.0,0.0,0.0,0.0,0.0,302.0,328
431330,2014,32.0,1.0,11.0,5.0,2.0,71.0,11.0,23.0,64.0,58.0,279.0,323
431330,2015,30.0,1.0,4.0,6.0,5.0,90.0,7.0,20.0,37.0,89.0,289.0,328
431330,2016,29.0,0.0,6.0,9.0,12.0,93.0,16.0,22.0,48.0,75.0,310.0,348
431330,2017,28.0,1.0,5.0,1.0,6.0,104.0,20.0,10.0,65.0,38.0,278.0,314
431330,2018,37.0,0.0,3.0,5.0,6.0,118.0,15.0,10.0,80.0,39.0,313.0,340
431330,2019,29.0,0.0,10.0,4.0,17.0,109.0,18.0,12.0,69.0,28.0,296.0,328
431333,2012,0.0,0.0,0.0,1.0,0.0,2.0,0.0,0.0,0.0,0.0,14.0,24
431333,2013,0.0,0.0,0.0,0.0,0.0,0.0,0.0,0.0,0.0,0.0,12.0,19
431333,2014,1.0,0.0,0.0,0.0,0.0,6.0,2.0,1.0,3.0,0.0,13.0,18
431333,2015,1.0,1.0,0.0,0.0,0.0,4.0,8.0,1.0,8.0,0.0,23.0,25
431333,2016,2.0,0.0,0.0,1.0,0.0,5.0,1.0,0.0,3.0,0.0,12.0,20
431333,2017,1.0,1.0,0.0,1.0,0.0,3.0,3.0,0.0,7.0,2.0,18.0,27
431333,2018,1.0,0.0,0.0,1.0,0.0,9.0,0.0,1.0,3.0,1.0,18.0,23
431333,2019,1.0,0.0,0.0,1.0,0.0,6.0,0.0,0.0,4.0,0.0,12.0,12
431335,2012,3.0,0.0,2.0,0.0,1.0,8.0,0.0,0.0,15.0,0.0,29.0,29
431335,2013,0.0,0.0,0.0,0.0,0.0,0.0,0.0,0.0,0.0,0.0,19.0,19
431335,2014,1.0,0.0,2.0,0.0,0.0,3.0,3.0,0.0,10.0,1.0,20.0,28
431335,2015,4.0,0.0,0.0,0.0,0.0,7.0,3.0,0.0,12.0,1.0,27.0,28
431335,2016,4.0,0.0,0.0,0.0,2.0,7.0,2.0,0.0,5.0,1.0,21.0,24
431335,2017,4.0,0.0,0.0,2.0,0.0,7.0,3.0,0.0,5.0,0.0,21.0,27
431335,2018,2.0,0.0,0.0,1.0,0.0,7.0,1.0,0.0,7.0,2.0,20.0,26
431335,2019,0.0,0.0,0.0,1.0,1.0,6.0,2.0,0.0,2.0,3.0,15.0,20
431337,2012,23.0,2.0,4.0,6.0,1.0,49.0,19.0,3.0,72.0,14.0,199.0,374
431337,2013,0.0,0.0,0.0,0.0,0.0,0.0,0.0,0.0,0.0,0.0,189.0,362
431337,2014,11.0,0.0,4.0,12.0,6.0,61.0,24.0,2.0,59.0,6.0,186.0,381
431337,2015,13.0,2.0,14.0,7.0,9.0,67.0,19.0,4.0,63.0,10.0,208.0,426
431337,2016,21.0,3.0,4.0,11.0,7.0,76.0,15.0,3.0,51.0,11.0,204.0,401
431337,2017,26.0,1.0,5.0,9.0,10.0,71.0,19.0,2.0,63.0,8.0,214.0,387
431337,2018,20.0,2.0,6.0,7.0,6.0,64.0,20.0,2.0,58.0,9.0,194.0,386
431337,2019,19.0,0.0,5.0,10.0,5.0,65.0,24.0,1.0,47.0,5.0,181.0,363
431339,2012,0.0,0.0,0.0,1.0,0.0,6.0,3.0,1.0,10.0,0.0,21.0,44
431339,2013,0.0,0.0,0.0,0.0,0.0,0.0,0.0,0.0,0.0,0.0,15.0,30
431339,2014,1.0,0.0,4.0,3.0,2.0,9.0,1.0,2.0,4.0,3.0,29.0,42
431339,2015,3.0,0.0,0.0,0.0,0.0,6.0,5.0,0.0,4.0,2.0,20.0,29
431339,2016,1.0,0.0,0.0,0.0,0.0,6.0,1.0,0.0,7.0,2.0,17.0,32
431339,2017,0.0,0.0,0.0,0.0,0.0,8.0,3.0,0.0,6.0,2.0,19.0,38
431339,2018,1.0,0.0,2.0,1.0,1.0,13.0,4.0,0.0,4.0,2.0,28.0,44
431339,2019,2.0,0.0,2.0,0.0,0.0,8.0,4.0,4.0,5.0,1.0,26.0,34
431340,2012,157.0,8.0,45.0,32.0,71.0,379.0,118.0,26.0,587.0,103.0,1569.0,3194
431340,2013,0.0,0.0,0.0,0.0,0.0,0.0,0.0,0.0,0.0,0.0,1617.0,3173
431340,2014,159.0,7.0,61.0,54.0,65.0,406.0,162.0,60.0,487.0,149.0,1618.0,3206
431340,2015,137.0,6.0,66.0,59.0,78.0,480.0,169.0,43.0,471.0,126.0,1635.0,3505
431340,2016,149.0,2.0,74.0,54.0,59.0,475.0,138.0,69.0,414.0,126.0,1561.0,3164
431340,2017,155.0,11.0,84.0,51.0,54.0,476.0,193.0,48.0,476.0,139.0,1687.0,3213
431340,2018,171.0,6.0,70.0,77.0,63.0,527.0,187.0,43.0,505.0,95.0,1744.0,3141
431340,2019,163.0,10.0,60.0,64.0,61.0,531.0,167.0,45.0,446.0,104.0,1651.0,3085
431342,2012,0.0,0.0,0.0,0.0,0.0,8.0,1.0,0.0,1.0,6.0,18.0,20
431342,2013,0.0,0.0,0.0,0.0,0.0,0.0,0.0,0.0,0.0,0.0,17.0,25
431342,2014,2.0,0.0,0.0,0.0,0.0,6.0,0.0,0.0,8.0,0.0,16.0,21
431342,2015,0.0,0.0,0.0,0.0,0.0,5.0,2.0,0.0,4.0,0.0,11.0,20
431342,2016,0.0,0.0,2.0,0.0,1.0,5.0,2.0,0.0,7.0,0.0,17.0,21
431342,2017,1.0,0.0,0.0,0.0,0.0,13.0,0.0,1.0,5.0,1.0,21.0,26
431342,2018,1.0,0.0,0.0,0.0,0.0,7.0,1.0,2.0,7.0,1.0,19.0,31
431342,2019,1.0,0.0,0.0,1.0,0.0,8.0,2.0,1.0,2.0,1.0,16.0,20
431344,2012,1.0,0.0,0.0,0.0,0.0,1.0,0.0,0.0,2.0,1.0,19.0,20
431344,2013,0.0,0.0,0.0,0.0,0.0,0.0,0.0,0.0,0.0,0.0,22.0,32
431344,2014,1.0,1.0,0.0,1.0,0.0,3.0,4.0,1.0,10.0,1.0,22.0,24
431344,2015,1.0,0.0,2.0,2.0,2.0,4.0,1.0,0.0,3.0,1.0,16.0,22
431344,2016,1.0,0.0,2.0,0.0,0.0,7.0,4.0,0.0,9.0,0.0,23.0,27
431344,2017,4.0,0.0,0.0,0.0,0.0,5.0,2.0,1.0,7.0,3.0,22.0,26
431344,2018,2.0,0.0,2.0,0.0,0.0,8.0,0.0,0.0,2.0,2.0,16.0,20
431344,2019,1.0,0.0,0.0,0.0,0.0,9.0,2.0,0.0,0.0,2.0,14.0,19
431346,2012,1.0,0.0,0.0,0.0,0.0,3.0,1.0,0.0,2.0,0.0,10.0,11
431346,2013,0.0,0.0,0.0,0.0,0.0,0.0,0.0,0.0,0.0,0.0,12.0,16
431346,2014,2.0,0.0,0.0,0.0,1.0,4.0,2.0,0.0,6.0,0.0,15.0,20
431346,2015,1.0,0.0,0.0,0.0,0.0,6.0,2.0,0.0,9.0,0.0,18.0,23
431346,2016,0.0,0.0,0.0,0.0,1.0,3.0,1.0,1.0,4.0,0.0,10.0,15
431346,2017,0.0,0.0,0.0,0.0,0.0,5.0,1.0,0.0,4.0,0.0,11.0,17
431346,2018,2.0,0.0,0.0,0.0,0.0,6.0,1.0,1.0,4.0,1.0,16.0,23
431346,2019,0.0,0.0,0.0,1.0,1.0,7.0,1.0,0.0,1.0,0.0,11.0,20
431349,2012,5.0,0.0,1.0,0.0,2.0,16.0,0.0,1.0,10.0,6.0,45.0,47
431349,2013,0.0,0.0,0.0,0.0,0.0,0.0,0.0,0.0,0.0,0.0,32.0,33
431349,2014,7.0,0.0,4.0,1.0,1.0,18.0,3.0,0.0,12.0,6.0,52.0,53
431349,2015,1.0,0.0,0.0,1.0,2.0,13.0,1.0,1.0,9.0,10.0,40.0,44
431349,2016,5.0,0.0,0.0,0.0,1.0,15.0,2.0,1.0,6.0,4.0,34.0,38
431349,2017,2.0,0.0,2.0,0.0,0.0,20.0,1.0,2.0,9.0,9.0,48.0,52
431349,2018,2.0,0.0,2.0,1.0,2.0,15.0,2.0,1.0,7.0,7.0,40.0,44
431349,2019,2.0,0.0,0.0,3.0,0.0,19.0,1.0,2.0,9.0,5.0,41.0,44
431350,2012,26.0,5.0,17.0,6.0,7.0,82.0,34.0,9.0,113.0,29.0,357.0,577
431350,2013,0.0,0.0,0.0,0.0,0.0,0.0,0.0,0.0,0.0,0.0,371.0,596
431350,2014,18.0,2.0,8.0,8.0,14.0,122.0,29.0,18.0,97.0,43.0,359.0,593
431350,2015,28.0,2.0,17.0,11.0,11.0,120.0,36.0,11.0,102.0,21.0,361.0,639
431350,2016,23.0,2.0,16.0,12.0,6.0,138.0,38.0,18.0,97.0,40.0,391.0,675
431350,2017,20.0,7.0,2.0,15.0,12.0,132.0,40.0,20.0,72.0,39.0,362.0,618
431350,2018,20.0,3.0,17.0,17.0,12.0,161.0,34.0,24.0,95.0,40.0,423.0,672
431350,2019,31.0,2.0,16.0,13.0,12.0,105.0,31.0,25.0,75.0,54.0,364.0,579
431360,2012,2.0,0.0,2.0,2.0,1.0,8.0,0.0,0.0,0.0,16.0,32.0,36
431360,2013,0.0,0.0,0.0,0.0,0.0,0.0,0.0,0.0,0.0,0.0,23.0,29
431360,2014,0.0,0.0,2.0,0.0,1.0,7.0,1.0,5.0,0.0,11.0,28.0,32
431360,2015,4.0,0.0,0.0,0.0,0.0,5.0,0.0,0.0,2.0,7.0,18.0,27
431360,2016,2.0,0.0,0.0,0.0,0.0,5.0,0.0,3.0,2.0,4.0,17.0,29
431360,2017,1.0,0.0,0.0,0.0,2.0,8.0,0.0,2.0,0.0,13.0,26.0,29
431360,2018,2.0,0.0,0.0,0.0,0.0,11.0,2.0,4.0,1.0,7.0,27.0,36
431360,2019,0.0,0.0,4.0,0.0,3.0,6.0,1.0,0.0,5.0,0.0,19.0,28
431365,2012,8.0,0.0,2.0,1.0,2.0,6.0,5.0,3.0,20.0,6.0,60.0,113
431365,2013,0.0,0.0,0.0,0.0,0.0,0.0,0.0,0.0,0.0,0.0,66.0,128
431365,2014,7.0,0.0,3.0,1.0,2.0,18.0,8.0,3.0,29.0,8.0,80.0,135
431365,2015,3.0,0.0,2.0,1.0,4.0,20.0,5.0,0.0,15.0,4.0,54.0,122
431365,2016,6.0,0.0,3.0,8.0,2.0,27.0,8.0,3.0,18.0,6.0,81.0,156
431365,2017,5.0,0.0,2.0,1.0,3.0,25.0,8.0,2.0,24.0,2.0,73.0,147
431365,2018,5.0,1.0,2.0,4.0,1.0,21.0,7.0,2.0,18.0,6.0,67.0,130
431365,2019,6.0,1.0,2.0,3.0,2.0,30.0,6.0,2.0,9.0,13.0,74.0,128
431370,2012,54.0,2.0,8.0,5.0,14.0,150.0,12.0,10.0,99.0,79.0,464.0,496
431370,2013,0.0,0.0,0.0,0.0,0.0,0.0,0.0,0.0,0.0,0.0,413.0,442
431370,2014,42.0,2.0,10.0,7.0,9.0,169.0,26.0,8.0,106.0,50.0,453.0,487
431370,2015,27.0,2.0,14.0,9.0,12.0,176.0,30.0,12.0,123.0,66.0,483.0,525
431370,2016,28.0,0.0,6.0,14.0,7.0,162.0,25.0,16.0,89.0,74.0,438.0,483
431370,2017,23.0,2.0,11.0,22.0,5.0,202.0,24.0,17.0,82.0,92.0,501.0,526
431370,2018,23.0,0.0,13.0,15.0,12.0,181.0,14.0,13.0,69.0,91.0,457.0,492
431370,2019,23.0,0.0,8.0,8.0,11.0,195.0,17.0,15.0,91.0,63.0,441.0,497
431380,2012,0.0,0.0,1.0,1.0,0.0,3.0,1.0,0.0,6.0,1.0,58.0,71
431380,2013,0.0,0.0,0.0,0.0,0.0,0.0,0.0,0.0,0.0,0.0,78.0,93
431380,2014,11.0,0.0,2.0,1.0,0.0,28.0,9.0,2.0,22.0,7.0,82.0,93
431380,2015,5.0,1.0,2.0,2.0,4.0,20.0,16.0,0.0,31.0,7.0,88.0,103
431380,2016,8.0,0.0,2.0,0.0,0.0,19.0,11.0,0.0,38.0,4.0,82.0,95
431380,2017,6.0,0.0,0.0,2.0,0.0,22.0,13.0,2.0,32.0,7.0,84.0,93
431380,2018,8.0,0.0,3.0,6.0,1.0,24.0,6.0,2.0,24.0,4.0,78.0,92
431380,2019,2.0,0.0,6.0,0.0,0.0,30.0,2.0,0.0,14.0,1.0,55.0,83
431390,2012,44.0,1.0,10.0,11.0,18.0,112.0,16.0,3.0,109.0,27.0,529.0,567
431390,2013,0.0,0.0,0.0,0.0,0.0,0.0,0.0,0.0,0.0,0.0,554.0,591
431390,2014,38.0,4.0,12.0,24.0,16.0,185.0,28.0,11.0,170.0,34.0,534.0,582
431390,2015,30.0,1.0,8.0,5.0,18.0,225.0,45.0,16.0,158.0,38.0,544.0,601
431390,2016,36.0,4.0,13.0,16.0,9.0,223.0,34.0,18.0,159.0,52.0,564.0,622
431390,2017,45.0,1.0,6.0,13.0,17.0,245.0,47.0,12.0,154.0,60.0,602.0,649
431390,2018,37.0,2.0,12.0,13.0,13.0,220.0,38.0,6.0,142.0,29.0,513.0,567
431390,2019,51.0,1.0,17.0,16.0,12.0,220.0,31.0,13.0,107.0,63.0,531.0,569
431395,2012,12.0,0.0,2.0,2.0,2.0,26.0,9.0,2.0,23.0,6.0,84.0,122
431395,2013,0.0,0.0,0.0,0.0,0.0,0.0,0.0,0.0,0.0,0.0,72.0,105
431395,2014,6.0,0.0,0.0,1.0,3.0,20.0,7.0,0.0,23.0,3.0,63.0,101
431395,2015,6.0,0.0,0.0,1.0,2.0,22.0,8.0,2.0,11.0,9.0,61.0,110
431395,2016,7.0,1.0,2.0,2.0,2.0,13.0,7.0,0.0,14.0,2.0,50.0,107
431395,2017,5.0,0.0,2.0,2.0,1.0,21.0,6.0,6.0,26.0,6.0,75.0,126
431395,2018,4.0,0.0,4.0,1.0,1.0,27.0,8.0,5.0,21.0,5.0,76.0,118
431395,2019,10.0,0.0,2.0,3.0,2.0,34.0,8.0,0.0,17.0,4.0,80.0,116
431400,2012,4.0,3.0,0.0,1.0,3.0,17.0,4.0,2.0,15.0,6.0,60.0,74
431400,2013,0.0,0.0,0.0,0.0,0.0,0.0,0.0,0.0,0.0,0.0,66.0,78
431400,2014,0.0,1.0,4.0,3.0,4.0,13.0,7.0,0.0,11.0,5.0,48.0,67
431400,2015,4.0,0.0,9.0,3.0,3.0,15.0,6.0,0.0,14.0,4.0,58.0,72
431400,2016,7.0,0.0,1.0,3.0,6.0,23.0,9.0,2.0,27.0,5.0,83.0,108
431400,2017,1.0,0.0,6.0,0.0,4.0,27.0,3.0,3.0,14.0,6.0,64.0,77
431400,2018,2.0,0.0,0.0,2.0,2.0,20.0,2.0,1.0,20.0,8.0,57.0,78
431400,2019,4.0,0.0,0.0,2.0,1.0,17.0,5.0,2.0,15.0,8.0,54.0,66
431402,2012,4.0,0.0,0.0,1.0,0.0,5.0,0.0,0.0,10.0,1.0,23.0,51
431402,2013,0.0,0.0,0.0,0.0,0.0,0.0,0.0,0.0,0.0,0.0,39.0,64
431402,2014,6.0,0.0,0.0,1.0,5.0,7.0,3.0,0.0,17.0,1.0,40.0,58
431402,2015,1.0,0.0,3.0,1.0,1.0,14.0,2.0,1.0,9.0,3.0,35.0,71
431402,2016,7.0,0.0,2.0,3.0,2.0,15.0,9.0,2.0,15.0,5.0,61.0,80
431402,2017,1.0,0.0,0.0,1.0,3.0,11.0,2.0,2.0,6.0,3.0,29.0,58
431402,2018,3.0,1.0,2.0,3.0,0.0,13.0,4.0,2.0,11.0,1.0,40.0,68
431402,2019,4.0,1.0,2.0,1.0,2.0,5.0,4.0,0.0,6.0,4.0,29.0,56
431403,2012,0.0,0.0,2.0,1.0,3.0,8.0,0.0,1.0,12.0,5.0,40.0,49
431403,2013,0.0,0.0,0.0,0.0,0.0,0.0,0.0,0.0,0.0,0.0,26.0,36
431403,2014,2.0,0.0,0.0,1.0,2.0,12.0,2.0,2.0,11.0,5.0,37.0,48
431403,2015,0.0,0.0,4.0,1.0,0.0,8.0,1.0,0.0,10.0,8.0,32.0,48
431403,2016,2.0,0.0,0.0,1.0,0.0,12.0,3.0,1.0,5.0,4.0,28.0,42
431403,2017,1.0,0.0,2.0,2.0,1.0,20.0,3.0,0.0,5.0,0.0,35.0,46
431403,2018,2.0,0.0,2.0,0.0,2.0,8.0,3.0,1.0,12.0,0.0,30.0,46
431403,2019,2.0,1.0,4.0,1.0,0.0,13.0,0.0,1.0,2.0,5.0,29.0,52
431405,2012,47.0,0.0,9.0,12.0,3.0,129.0,21.0,13.0,90.0,43.0,599.0,779
431405,2013,0.0,0.0,0.0,0.0,0.0,0.0,0.0,0.0,0.0,0.0,567.0,760
431405,2014,37.0,3.0,14.0,16.0,15.0,195.0,56.0,17.0,184.0,50.0,617.0,794
431405,2015,42.0,2.0,11.0,15.0,11.0,204.0,44.0,6.0,178.0,49.0,562.0,778
431405,2016,24.0,3.0,10.0,27.0,20.0,199.0,29.0,14.0,134.0,49.0,513.0,762
431405,2017,32.0,1.0,8.0,8.0,5.0,211.0,39.0,10.0,104.0,57.0,476.0,740
431405,2018,29.0,1.0,14.0,14.0,10.0,242.0,38.0,11.0,120.0,40.0,519.0,812
431405,2019,29.0,5.0,19.0,14.0,12.0,225.0,38.0,14.0,95.0,34.0,485.0,754
431406,2012,4.0,0.0,2.0,0.0,0.0,6.0,1.0,4.0,1.0,9.0,27.0,45
431406,2013,0.0,0.0,0.0,0.0,0.0,0.0,0.0,0.0,0.0,0.0,26.0,41
431406,2014,0.0,1.0,0.0,1.0,0.0,5.0,2.0,3.0,9.0,3.0,24.0,44
431406,2015,6.0,1.0,2.0,1.0,2.0,5.0,4.0,0.0,4.0,4.0,29.0,37
431406,2016,1.0,1.0,4.0,2.0,1.0,4.0,2.0,0.0,3.0,1.0,19.0,28
431406,2017,1.0,3.0,2.0,0.0,1.0,7.0,5.0,3.0,7.0,4.0,33.0,45
431406,2018,1.0,4.0,0.0,2.0,1.0,2.0,4.0,1.0,5.0,3.0,23.0,36
431406,2019,1.0,0.0,0.0,0.0,0.0,5.0,3.0,2.0,13.0,3.0,27.0,39
431407,2012,2.0,0.0,2.0,0.0,3.0,12.0,3.0,0.0,15.0,1.0,41.0,66
431407,2013,0.0,0.0,0.0,0.0,0.0,0.0,0.0,0.0,0.0,0.0,39.0,61
431407,2014,2.0,0.0,0.0,1.0,0.0,12.0,3.0,1.0,14.0,3.0,36.0,44
431407,2015,2.0,0.0,0.0,0.0,0.0,14.0,3.0,1.0,20.0,0.0,40.0,54
431407,2016,3.0,0.0,2.0,1.0,3.0,13.0,3.0,1.0,17.0,2.0,45.0,58
431407,2017,2.0,0.0,0.0,2.0,2.0,9.0,8.0,1.0,15.0,1.0,40.0,51
431407,2018,5.0,0.0,0.0,0.0,2.0,15.0,7.0,1.0,14.0,3.0,47.0,56
431407,2019,6.0,0.0,4.0,0.0,0.0,16.0,1.0,2.0,14.0,3.0,46.0,60
431410,2012,216.0,10.0,46.0,46.0,68.0,525.0,160.0,4.0,692.0,13.0,1781.0,2846
431410,2013,0.0,0.0,0.0,0.0,0.0,0.0,0.0,0.0,0.0,0.0,1731.0,2786
431410,2014,189.0,6.0,52.0,84.0,63.0,554.0,214.0,6.0,634.0,26.0,1829.0,2919
431410,2015,197.0,6.0,62.0,66.0,57.0,568.0,198.0,12.0,634.0,13.0,1814.0,2925
431410,2016,184.0,9.0,56.0,56.0,64.0,627.0,210.0,4.0,658.0,19.0,1887.0,2876
431410,2017,211.0,6.0,68.0,47.0,57.0,617.0,244.0,3.0,709.0,14.0,1976.0,2883
431410,2018,203.0,5.0,60.0,70.0,68.0,644.0,214.0,5.0,607.0,21.0,1898.0,2887
431410,2019,169.0,2.0,100.0,52.0,60.0,616.0,207.0,2.0,591.0,17.0,1816.0,2825
431413,2012,1.0,0.0,0.0,1.0,0.0,2.0,1.0,0.0,6.0,1.0,12.0,16
431413,2013,0.0,0.0,0.0,0.0,0.0,0.0,0.0,0.0,0.0,0.0,9.0,17
431413,2014,0.0,0.0,0.0,0.0,0.0,5.0,1.0,0.0,4.0,0.0,10.0,14
431413,2015,1.0,0.0,0.0,0.0,0.0,5.0,2.0,0.0,3.0,1.0,12.0,16
431413,2016,0.0,0.0,2.0,0.0,0.0,2.0,0.0,0.0,9.0,0.0,13.0,18
431413,2017,1.0,0.0,0.0,0.0,0.0,4.0,2.0,0.0,4.0,0.0,11.0,22
431413,2018,1.0,0.0,0.0,0.0,0.0,4.0,0.0,0.0,2.0,0.0,7.0,15
431413,2019,4.0,0.0,2.0,0.0,0.0,6.0,1.0,0.0,6.0,0.0,19.0,27
431415,2012,9.0,0.0,0.0,1.0,4.0,23.0,3.0,5.0,11.0,14.0,72.0,83
431415,2013,0.0,0.0,0.0,0.0,0.0,0.0,0.0,0.0,0.0,0.0,70.0,88
431415,2014,6.0,1.0,0.0,0.0,1.0,23.0,0.0,5.0,1.0,23.0,60.0,81
431415,2015,5.0,0.0,0.0,3.0,1.0,23.0,3.0,8.0,10.0,17.0,70.0,93
431415,2016,4.0,0.0,2.0,0.0,0.0,22.0,3.0,4.0,9.0,11.0,55.0,71
431415,2017,4.0,0.0,2.0,1.0,2.0,18.0,4.0,1.0,6.0,8.0,46.0,65
431415,2018,7.0,1.0,0.0,2.0,1.0,26.0,4.0,5.0,5.0,10.0,61.0,94
431415,2019,3.0,0.0,0.0,0.0,0.0,29.0,3.0,4.0,9.0,6.0,54.0,82
431417,2012,2.0,0.0,0.0,0.0,2.0,0.0,0.0,0.0,0.0,4.0,8.0,15
431417,2013,0.0,0.0,0.0,0.0,0.0,0.0,0.0,0.0,0.0,0.0,15.0,26
431417,2014,1.0,0.0,0.0,0.0,0.0,2.0,0.0,0.0,3.0,0.0,6.0,10
431417,2015,0.0,0.0,1.0,0.0,0.0,6.0,2.0,1.0,2.0,3.0,16.0,25
431417,2016,0.0,0.0,0.0,0.0,0.0,5.0,1.0,0.0,4.0,3.0,13.0,28
431417,2017,1.0,0.0,0.0,0.0,0.0,4.0,0.0,0.0,1.0,3.0,9.0,19
431417,2018,0.0,0.0,0.0,1.0,1.0,2.0,0.0,1.0,3.0,0.0,8.0,22
431417,2019,0.0,0.0,2.0,0.0,0.0,3.0,1.0,0.0,1.0,0.0,8.0,20
431420,2012,14.0,0.0,4.0,1.0,0.0,13.0,3.0,1.0,7.0,6.0,51.0,83
431420,2013,0.0,0.0,0.0,0.0,0.0,0.0,0.0,0.0,0.0,0.0,64.0,102
431420,2014,7.0,0.0,4.0,0.0,0.0,20.0,1.0,11.0,7.0,14.0,67.0,95
431420,2015,6.0,1.0,4.0,0.0,1.0,15.0,3.0,7.0,8.0,13.0,59.0,91
431420,2016,8.0,1.0,2.0,1.0,1.0,18.0,2.0,7.0,7.0,11.0,61.0,95
431420,2017,2.0,0.0,2.0,2.0,0.0,21.0,2.0,1.0,10.0,12.0,53.0,89
431420,2018,5.0,2.0,0.0,0.0,0.0,19.0,0.0,4.0,10.0,5.0,46.0,72
431420,2019,8.0,0.0,0.0,0.0,0.0,14.0,2.0,1.0,9.0,6.0,40.0,77
431430,2012,2.0,0.0,2.0,0.0,0.0,4.0,3.0,0.0,3.0,3.0,37.0,41
431430,2013,0.0,0.0,0.0,0.0,0.0,0.0,0.0,0.0,0.0,0.0,45.0,50
431430,2014,2.0,0.0,0.0,1.0,2.0,9.0,1.0,1.0,3.0,2.0,21.0,30
431430,2015,2.0,0.0,0.0,2.0,1.0,11.0,3.0,0.0,11.0,1.0,31.0,36
431430,2016,2.0,0.0,0.0,0.0,1.0,6.0,2.0,2.0,5.0,1.0,19.0,29
431430,2017,4.0,0.0,2.0,1.0,0.0,15.0,3.0,0.0,4.0,2.0,31.0,34
431430,2018,6.0,0.0,0.0,0.0,0.0,14.0,1.0,0.0,8.0,1.0,30.0,43
431430,2019,2.0,0.0,2.0,1.0,0.0,18.0,3.0,1.0,8.0,2.0,37.0,46
431440,2012,555.0,16.0,86.0,44.0,62.0,646.0,134.0,123.0,593.0,376.0,2799.0,4268
431440,2013,0.0,0.0,0.0,0.0,0.0,0.0,0.0,0.0,0.0,0.0,2819.0,4347
431440,2014,323.0,12.0,117.0,63.0,72.0,713.0,160.0,207.0,474.0,563.0,2939.0,4353
431440,2015,301.0,11.0,109.0,70.0,69.0,760.0,133.0,167.0,522.0,569.0,2917.0,4428
431440,2016,272.0,10.0,87.0,60.0,55.0,791.0,128.0,170.0,476.0,576.0,2821.0,4259
431440,2017,244.0,12.0,86.0,50.0,49.0,871.0,122.0,180.0,436.0,607.0,2813.0,4308
431440,2018,276.0,8.0,96.0,75.0,108.0,874.0,196.0,84.0,655.0,293.0,2711.0,4229
431440,2019,254.0,12.0,91.0,79.0,79.0,843.0,182.0,78.0,632.0,264.0,2552.0,3986
431442,2012,7.0,1.0,0.0,2.0,2.0,2.0,4.0,0.0,11.0,3.0,38.0,54
431442,2013,0.0,0.0,0.0,0.0,0.0,0.0,0.0,0.0,0.0,0.0,31.0,42
431442,2014,4.0,2.0,2.0,5.0,3.0,10.0,5.0,1.0,6.0,2.0,40.0,56
431442,2015,2.0,0.0,2.0,3.0,1.0,12.0,3.0,3.0,16.0,1.0,43.0,48
431442,2016,3.0,0.0,0.0,2.0,5.0,9.0,7.0,1.0,8.0,3.0,38.0,48
431442,2017,2.0,0.0,0.0,1.0,2.0,12.0,3.0,0.0,18.0,4.0,42.0,54
431442,2018,3.0,1.0,1.0,0.0,1.0,14.0,4.0,1.0,14.0,3.0,42.0,54
431442,2019,5.0,1.0,0.0,3.0,0.0,14.0,2.0,0.0,13.0,5.0,43.0,61
431445,2012,2.0,0.0,0.0,1.0,0.0,0.0,1.0,0.0,5.0,0.0,20.0,28
431445,2013,0.0,0.0,0.0,0.0,0.0,0.0,0.0,0.0,0.0,0.0,31.0,38
431445,2014,6.0,0.0,0.0,4.0,0.0,6.0,4.0,1.0,3.0,1.0,25.0,28
431445,2015,3.0,1.0,0.0,1.0,0.0,9.0,1.0,0.0,11.0,1.0,27.0,35
431445,2016,0.0,0.0,0.0,0.0,0.0,1.0,0.0,0.0,6.0,0.0,7.0,11
431445,2017,5.0,0.0,2.0,0.0,0.0,13.0,1.0,0.0,7.0,1.0,29.0,39
431445,2018,2.0,0.0,0.0,1.0,1.0,14.0,3.0,0.0,7.0,0.0,28.0,36
431445,2019,3.0,2.0,0.0,1.0,1.0,5.0,0.0,0.0,7.0,1.0,20.0,31
431446,2012,0.0,0.0,0.0,0.0,0.0,1.0,0.0,0.0,1.0,1.0,16.0,21
431446,2013,0.0,0.0,0.0,0.0,0.0,0.0,0.0,0.0,0.0,0.0,17.0,25
431446,2014,2.0,0.0,0.0,0.0,1.0,2.0,0.0,0.0,2.0,4.0,16.0,24
431446,2015,2.0,0.0,0.0,1.0,0.0,4.0,1.0,0.0,4.0,3.0,17.0,23
431446,2016,1.0,0.0,0.0,0.0,0.0,3.0,1.0,1.0,2.0,0.0,11.0,18
431446,2017,2.0,0.0,0.0,0.0,0.0,3.0,2.0,0.0,2.0,0.0,9.0,17
431446,2018,1.0,0.0,0.0,0.0,0.0,9.0,1.0,1.0,2.0,4.0,18.0,21
431446,2019,2.0,0.0,0.0,0.0,1.0,7.0,0.0,1.0,5.0,1.0,17.0,22
431447,2012,1.0,0.0,2.0,3.0,1.0,4.0,0.0,5.0,4.0,8.0,29.0,38
431447,2013,0.0,0.0,0.0,0.0,0.0,0.0,0.0,0.0,0.0,0.0,28.0,39
431447,2014,2.0,0.0,4.0,0.0,0.0,7.0,2.0,2.0,4.0,6.0,28.0,41
431447,2015,2.0,0.0,0.0,3.0,1.0,11.0,4.0,1.0,6.0,5.0,33.0,42
431447,2016,3.0,0.0,4.0,0.0,0.0,12.0,1.0,2.0,7.0,2.0,31.0,47
431447,2017,3.0,0.0,2.0,1.0,0.0,11.0,0.0,2.0,8.0,4.0,31.0,47
431447,2018,2.0,0.0,2.0,0.0,2.0,11.0,1.0,3.0,3.0,1.0,25.0,33
431447,2019,1.0,0.0,0.0,0.0,0.0,5.0,1.0,0.0,9.0,3.0,19.0,32
431449,2012,1.0,0.0,1.0,1.0,0.0,3.0,2.0,0.0,1.0,1.0,43.0,49
431449,2013,0.0,0.0,0.0,0.0,0.0,0.0,0.0,0.0,0.0,0.0,29.0,40
431449,2014,4.0,0.0,0.0,0.0,1.0,11.0,4.0,0.0,7.0,3.0,36.0,44
431449,2015,2.0,1.0,0.0,1.0,0.0,8.0,4.0,3.0,8.0,5.0,33.0,43
431449,2016,5.0,0.0,0.0,0.0,1.0,13.0,11.0,0.0,9.0,3.0,42.0,52
431449,2017,5.0,0.0,0.0,1.0,1.0,12.0,6.0,1.0,12.0,0.0,38.0,52
431449,2018,0.0,0.0,2.0,0.0,0.0,11.0,3.0,0.0,12.0,1.0,29.0,42
431449,2019,1.0,0.0,2.0,0.0,2.0,15.0,3.0,1.0,6.0,1.0,32.0,44
431450,2012,8.0,0.0,2.0,2.0,4.0,15.0,7.0,2.0,21.0,12.0,73.0,121
431450,2013,0.0,0.0,0.0,0.0,0.0,0.0,0.0,0.0,0.0,0.0,64.0,106
431450,2014,7.0,1.0,0.0,3.0,1.0,10.0,3.0,7.0,21.0,12.0,66.0,109
431450,2015,5.0,0.0,4.0,1.0,2.0,14.0,5.0,4.0,11.0,11.0,58.0,107
431450,2016,5.0,1.0,2.0,1.0,0.0,14.0,6.0,2.0,16.0,18.0,68.0,113
431450,2017,7.0,1.0,0.0,3.0,6.0,28.0,3.0,2.0,15.0,9.0,77.0,123
431450,2018,6.0,0.0,2.0,3.0,2.0,11.0,6.0,4.0,10.0,14.0,58.0,101
431450,2019,5.0,0.0,0.0,1.0,1.0,25.0,4.0,3.0,15.0,6.0,60.0,100
431454,2013,0.0,0.0,0.0,0.0,0.0,0.0,0.0,0.0,0.0,0.0,17.0,23
431454,2014,1.0,0.0,2.0,1.0,2.0,4.0,2.0,0.0,8.0,0.0,20.0,23
431454,2015,0.0,0.0,0.0,1.0,1.0,3.0,1.0,1.0,6.0,0.0,13.0,19
431454,2016,0.0,0.0,0.0,0.0,0.0,5.0,0.0,1.0,3.0,3.0,12.0,25
431454,2017,1.0,0.0,0.0,0.0,1.0,6.0,0.0,3.0,5.0,3.0,19.0,29
431454,2018,2.0,0.0,0.0,0.0,0.0,1.0,1.0,0.0,3.0,3.0,10.0,19
431454,2019,1.0,0.0,0.0,1.0,0.0,8.0,0.0,0.0,3.0,0.0,13.0,29
431455,2012,3.0,0.0,0.0,0.0,0.0,0.0,3.0,0.0,1.0,0.0,7.0,16
431455,2013,0.0,0.0,0.0,0.0,0.0,0.0,0.0,0.0,0.0,0.0,5.0,19
431455,2014,2.0,0.0,0.0,0.0,0.0,5.0,2.0,0.0,4.0,3.0,16.0,22
431455,2015,0.0,0.0,0.0,1.0,0.0,1.0,2.0,0.0,0.0,3.0,7.0,17
431455,2016,2.0,0.0,0.0,0.0,0.0,4.0,1.0,3.0,0.0,3.0,13.0,17
431455,2017,2.0,0.0,0.0,0.0,0.0,4.0,0.0,0.0,2.0,1.0,9.0,16
431455,2018,1.0,0.0,0.0,0.0,0.0,3.0,1.0,2.0,4.0,3.0,14.0,20
431455,2019,3.0,0.0,2.0,1.0,2.0,1.0,0.0,0.0,2.0,1.0,12.0,15
431460,2012,10.0,0.0,4.0,3.0,2.0,29.0,8.0,3.0,29.0,9.0,101.0,177
431460,2013,0.0,0.0,0.0,0.0,0.0,0.0,0.0,0.0,0.0,0.0,125.0,195
431460,2014,5.0,0.0,2.0,3.0,1.0,40.0,8.0,12.0,23.0,13.0,117.0,184
431460,2015,2.0,0.0,4.0,0.0,2.0,39.0,7.0,2.0,25.0,15.0,97.0,178
431460,2016,8.0,0.0,6.0,6.0,2.0,31.0,8.0,7.0,24.0,18.0,111.0,181
431460,2017,3.0,2.0,4.0,4.0,3.0,50.0,4.0,3.0,20.0,16.0,110.0,202
431460,2018,7.0,1.0,2.0,6.0,7.0,27.0,5.0,6.0,25.0,23.0,109.0,175
431460,2019,4.0,0.0,0.0,3.0,3.0,27.0,6.0,3.0,22.0,6.0,74.0,150
431470,2012,2.0,23.0,6.0,1.0,1.0,6.0,1.0,0.0,4.0,4.0,99.0,127
431470,2013,0.0,0.0,0.0,0.0,0.0,0.0,0.0,0.0,0.0,0.0,97.0,121
431470,2014,5.0,33.0,2.0,5.0,5.0,17.0,1.0,2.0,16.0,9.0,95.0,130
431470,2015,3.0,23.0,2.0,3.0,4.0,18.0,6.0,3.0,19.0,8.0,92.0,127
431470,2016,8.0,4.0,2.0,1.0,5.0,32.0,7.0,3.0,21.0,7.0,96.0,122
431470,2017,7.0,7.0,2.0,3.0,3.0,32.0,6.0,7.0,22.0,11.0,100.0,148
431470,2018,10.0,1.0,4.0,2.0,2.0,35.0,5.0,2.0,17.0,5.0,83.0,145
431470,2019,7.0,1.0,2.0,2.0,4.0,24.0,3.0,6.0,9.0,10.0,69.0,105
431475,2012,1.0,0.0,0.0,1.0,0.0,3.0,1.0,0.0,0.0,5.0,11.0,15
431475,2013,0.0,0.0,0.0,0.0,0.0,0.0,0.0,0.0,0.0,0.0,12.0,13
431475,2014,2.0,0.0,0.0,0.0,0.0,6.0,1.0,2.0,1.0,8.0,20.0,22
431475,2015,1.0,0.0,0.0,1.0,0.0,5.0,0.0,1.0,2.0,7.0,17.0,20
431475,2016,1.0,0.0,0.0,0.0,1.0,7.0,1.0,3.0,2.0,4.0,19.0,22
431475,2017,2.0,0.0,0.0,0.0,0.0,3.0,0.0,1.0,3.0,2.0,11.0,14
431475,2018,2.0,0.0,0.0,2.0,2.0,10.0,0.0,1.0,1.0,5.0,23.0,31
431475,2019,0.0,0.0,4.0,1.0,1.0,8.0,0.0,0.0,2.0,2.0,18.0,26
431477,2012,0.0,0.0,0.0,1.0,0.0,5.0,2.0,0.0,10.0,1.0,20.0,42
431477,2013,0.0,0.0,0.0,0.0,0.0,0.0,0.0,0.0,0.0,0.0,25.0,39
431477,2014,0.0,0.0,0.0,1.0,0.0,6.0,5.0,1.0,6.0,1.0,20.0,35
431477,2015,3.0,0.0,0.0,1.0,1.0,14.0,3.0,0.0,10.0,0.0,32.0,49
431477,2016,1.0,0.0,0.0,2.0,2.0,9.0,3.0,0.0,10.0,0.0,27.0,43
431477,2017,6.0,0.0,0.0,2.0,1.0,9.0,3.0,0.0,9.0,0.0,30.0,40
431477,2018,3.0,0.0,2.0,0.0,0.0,11.0,3.0,0.0,11.0,1.0,31.0,45
431477,2019,4.0,0.0,2.0,1.0,0.0,9.0,4.0,0.0,7.0,0.0,27.0,46
431478,2012,1.0,0.0,0.0,0.0,0.0,2.0,0.0,0.0,2.0,1.0,6.0,10
431478,2013,0.0,0.0,0.0,0.0,0.0,0.0,0.0,0.0,0.0,0.0,6.0,11
431478,2014,0.0,0.0,0.0,0.0,0.0,3.0,3.0,0.0,2.0,1.0,9.0,11
431478,2015,2.0,0.0,0.0,0.0,1.0,2.0,2.0,0.0,5.0,0.0,12.0,16
431478,2016,1.0,0.0,0.0,0.0,0.0,3.0,2.0,0.0,3.0,1.0,10.0,14
431478,2017,0.0,0.0,2.0,1.0,0.0,4.0,2.0,0.0,6.0,0.0,15.0,21
431478,2018,2.0,0.0,0.0,1.0,1.0,4.0,0.0,0.0,1.0,2.0,11.0,15
431478,2019,0.0,0.0,0.0,1.0,0.0,5.0,1.0,0.0,4.0,0.0,11.0,16
431480,2012,16.0,2.0,1.0,4.0,5.0,48.0,12.0,4.0,67.0,19.0,191.0,370
431480,2013,0.0,0.0,0.0,0.0,0.0,0.0,0.0,0.0,0.0,0.0,227.0,394
431480,2014,18.0,3.0,4.0,4.0,9.0,72.0,32.0,7.0,70.0,19.0,241.0,430
431480,2015,19.0,1.0,8.0,8.0,10.0,69.0,19.0,7.0,90.0,15.0,246.0,441
431480,2016,22.0,2.0,16.0,4.0,6.0,68.0,16.0,6.0,61.0,17.0,218.0,400
431480,2017,14.0,0.0,6.0,7.0,5.0,78.0,24.0,4.0,60.0,12.0,212.0,393
431480,2018,19.0,1.0,6.0,10.0,5.0,94.0,21.0,3.0,67.0,11.0,237.0,416
431480,2019,12.0,0.0,7.0,14.0,6.0,76.0,12.0,15.0,52.0,20.0,218.0,344
431490,2012,974.0,47.0,384.0,327.0,488.0,2653.0,605.0,145.0,3692.0,604.0,10172.0,19470
431490,2013,0.0,0.0,0.0,0.0,0.0,0.0,0.0,0.0,0.0,0.0,10190.0,19739
431490,2014,749.0,38.0,448.0,392.0,436.0,2768.0,1156.0,233.0,3122.0,607.0,9952.0,19189
431490,2015,781.0,47.0,505.0,428.0,408.0,2903.0,984.0,255.0,2865.0,646.0,9824.0,19724
431490,2016,813.0,39.0,485.0,376.0,416.0,2748.0,894.0,279.0,2601.0,687.0,9339.0,18635
431490,2017,871.0,42.0,411.0,442.0,431.0,2786.0,887.0,311.0,2430.0,691.0,9302.0,18490
431490,2018,809.0,39.0,437.0,415.0,351.0,2739.0,846.0,247.0,2176.0,616.0,8676.0,17579
431490,2019,760.0,39.0,421.0,394.0,312.0,2497.0,842.0,223.0,2067.0,609.0,8165.0,16520
431500,2012,2.0,0.0,0.0,1.0,0.0,5.0,4.0,1.0,10.0,6.0,29.0,40
431500,2013,0.0,0.0,0.0,0.0,0.0,0.0,0.0,0.0,0.0,0.0,28.0,35
431500,2014,0.0,0.0,4.0,0.0,0.0,10.0,5.0,1.0,8.0,3.0,31.0,37
431500,2015,1.0,0.0,0.0,0.0,0.0,10.0,4.0,1.0,12.0,5.0,33.0,36
431500,2016,3.0,0.0,0.0,0.0,1.0,10.0,0.0,1.0,4.0,1.0,20.0,29
431500,2017,2.0,0.0,2.0,1.0,0.0,13.0,2.0,0.0,10.0,1.0,31.0,37
431500,2018,1.0,0.0,0.0,0.0,0.0,11.0,3.0,2.0,8.0,3.0,28.0,40
431500,2019,4.0,0.0,0.0,0.0,0.0,10.0,3.0,1.0,8.0,0.0,26.0,32
431505,2012,4.0,0.0,0.0,0.0,1.0,4.0,2.0,0.0,6.0,2.0,19.0,27
431505,2013,0.0,0.0,0.0,0.0,0.0,0.0,0.0,0.0,0.0,0.0,8.0,15
431505,2014,2.0,0.0,0.0,0.0,1.0,5.0,2.0,0.0,5.0,2.0,17.0,18
431505,2015,0.0,0.0,0.0,0.0,0.0,4.0,4.0,0.0,7.0,0.0,15.0,20
431505,2016,1.0,0.0,0.0,1.0,0.0,4.0,1.0,0.0,8.0,1.0,16.0,21
431505,2017,0.0,0.0,0.0,1.0,1.0,1.0,1.0,0.0,2.0,0.0,6.0,9
431505,2018,0.0,0.0,4.0,1.0,0.0,9.0,0.0,0.0,1.0,1.0,16.0,24
431505,2019,0.0,0.0,0.0,0.0,1.0,6.0,1.0,0.0,7.0,0.0,15.0,17
431507,2012,1.0,0.0,0.0,0.0,0.0,2.0,1.0,0.0,0.0,0.0,4.0,5
431507,2013,0.0,0.0,0.0,0.0,0.0,0.0,0.0,0.0,0.0,0.0,7.0,9
431507,2014,0.0,0.0,0.0,0.0,0.0,1.0,1.0,3.0,3.0,0.0,8.0,11
431507,2015,0.0,0.0,0.0,0.0,0.0,1.0,2.0,1.0,3.0,0.0,7.0,14
431507,2016,1.0,0.0,0.0,1.0,0.0,5.0,0.0,0.0,4.0,0.0,11.0,12
431507,2017,0.0,0.0,2.0,1.0,0.0,3.0,1.0,0.0,2.0,2.0,11.0,13
431507,2018,0.0,0.0,0.0,0.0,0.0,7.0,0.0,0.0,3.0,1.0,11.0,13
431507,2019,0.0,0.0,0.0,0.0,0.0,8.0,2.0,2.0,2.0,2.0,16.0,17
431510,2012,4.0,0.0,3.0,1.0,1.0,18.0,10.0,3.0,23.0,7.0,77.0,113
431510,2013,0.0,0.0,0.0,0.0,0.0,0.0,0.0,0.0,0.0,0.0,77.0,116
431510,2014,12.0,0.0,2.0,3.0,1.0,41.0,13.0,1.0,28.0,10.0,111.0,141
431510,2015,8.0,0.0,2.0,1.0,1.0,36.0,14.0,2.0,26.0,9.0,99.0,142
431510,2016,3.0,0.0,4.0,1.0,2.0,26.0,7.0,5.0,31.0,9.0,89.0,115
431510,2017,7.0,0.0,2.0,1.0,0.0,27.0,3.0,6.0,23.0,9.0,78.0,114
431510,2018,3.0,0.0,2.0,0.0,1.0,32.0,6.0,3.0,28.0,14.0,89.0,116
431510,2019,6.0,0.0,0.0,1.0,0.0,47.0,7.0,9.0,17.0,7.0,94.0,132
431513,2012,1.0,1.0,0.0,0.0,1.0,0.0,1.0,0.0,3.0,1.0,8.0,14
431513,2013,0.0,0.0,0.0,0.0,0.0,0.0,0.0,0.0,0.0,0.0,9.0,13
431513,2014,0.0,0.0,0.0,1.0,0.0,3.0,2.0,0.0,2.0,2.0,10.0,14
431513,2015,0.0,0.0,0.0,0.0,0.0,5.0,2.0,1.0,5.0,2.0,15.0,21
431513,2016,2.0,1.0,0.0,2.0,1.0,4.0,2.0,1.0,2.0,0.0,15.0,15
431513,2017,0.0,0.0,0.0,0.0,0.0,6.0,1.0,0.0,5.0,5.0,17.0,21
431513,2018,2.0,0.0,2.0,0.0,1.0,8.0,2.0,0.0,5.0,3.0,23.0,31
431513,2019,3.0,0.0,0.0,0.0,0.0,7.0,2.0,1.0,5.0,1.0,19.0,20
431514,2012,1.0,0.0,2.0,4.0,2.0,3.0,2.0,0.0,7.0,3.0,25.0,26
431514,2013,0.0,0.0,0.0,0.0,0.0,0.0,0.0,0.0,0.0,0.0,20.0,30
431514,2014,1.0,0.0,0.0,0.0,0.0,7.0,4.0,0.0,6.0,2.0,20.0,28
431514,2015,0.0,0.0,0.0,0.0,0.0,8.0,1.0,2.0,8.0,1.0,20.0,24
431514,2016,0.0,0.0,0.0,0.0,0.0,16.0,2.0,0.0,10.0,2.0,30.0,36
431514,2017,3.0,0.0,0.0,0.0,0.0,12.0,3.0,0.0,7.0,4.0,29.0,38
431514,2018,1.0,0.0,0.0,2.0,1.0,14.0,4.0,1.0,7.0,1.0,31.0,40
431514,2019,0.0,0.0,0.0,0.0,0.0,7.0,2.0,0.0,7.0,3.0,19.0,24
431515,2012,6.0,1.0,4.0,1.0,1.0,4.0,4.0,0.0,6.0,5.0,32.0,43
431515,2013,0.0,0.0,0.0,0.0,0.0,0.0,0.0,0.0,0.0,0.0,29.0,47
431515,2014,1.0,0.0,6.0,2.0,0.0,5.0,2.0,1.0,10.0,3.0,30.0,45
431515,2015,1.0,2.0,2.0,1.0,2.0,12.0,5.0,1.0,8.0,6.0,40.0,52
431515,2016,3.0,3.0,2.0,0.0,1.0,10.0,4.0,1.0,9.0,5.0,38.0,48
431515,2017,4.0,1.0,0.0,3.0,0.0,7.0,4.0,2.0,10.0,5.0,36.0,48
431515,2018,4.0,0.0,2.0,1.0,0.0,11.0,5.0,3.0,7.0,11.0,44.0,52
431515,2019,7.0,0.0,0.0,1.0,0.0,18.0,3.0,2.0,8.0,1.0,40.0,58
431517,2012,3.0,0.0,0.0,0.0,2.0,3.0,0.0,1.0,1.0,7.0,18.0,19
431517,2013,0.0,0.0,0.0,0.0,0.0,0.0,0.0,0.0,0.0,0.0,15.0,16
431517,2014,1.0,0.0,0.0,0.0,0.0,2.0,1.0,0.0,2.0,4.0,10.0,12
431517,2015,2.0,0.0,0.0,0.0,0.0,8.0,1.0,1.0,3.0,7.0,22.0,26
431517,2016,5.0,0.0,2.0,0.0,0.0,6.0,0.0,1.0,3.0,1.0,18.0,18
431517,2017,3.0,0.0,0.0,1.0,0.0,8.0,2.0,2.0,4.0,1.0,21.0,24
431517,2018,1.0,0.0,0.0,0.0,0.0,9.0,0.0,1.0,4.0,5.0,20.0,21
431517,2019,3.0,0.0,0.0,0.0,0.0,6.0,1.0,0.0,3.0,0.0,13.0,14
431520,2012,3.0,0.0,0.0,1.0,2.0,2.0,1.0,0.0,5.0,0.0,18.0,25
431520,2013,0.0,0.0,0.0,0.0,0.0,0.0,0.0,0.0,0.0,0.0,19.0,25
431520,2014,1.0,0.0,0.0,4.0,1.0,7.0,3.0,0.0,6.0,1.0,28.0,34
431520,2015,1.0,0.0,0.0,2.0,3.0,4.0,4.0,0.0,8.0,1.0,24.0,28
431520,2016,3.0,0.0,0.0,1.0,4.0,7.0,1.0,0.0,6.0,3.0,25.0,32
431520,2017,0.0,0.0,0.0,0.0,2.0,10.0,4.0,2.0,15.0,1.0,34.0,37
431520,2018,3.0,0.0,4.0,2.0,0.0,14.0,5.0,0.0,7.0,3.0,38.0,41
431520,2019,1.0,0.0,0.0,1.0,0.0,12.0,2.0,1.0,8.0,1.0,26.0,30
431530,2012,19.0,4.0,5.0,3.0,4.0,40.0,4.0,4.0,23.0,35.0,156.0,281
431530,2013,0.0,0.0,0.0,0.0,0.0,0.0,0.0,0.0,0.0,0.0,167.0,284
431530,2014,31.0,2.0,9.0,4.0,6.0,70.0,12.0,8.0,39.0,27.0,209.0,306
431530,2015,22.0,2.0,4.0,3.0,1.0,61.0,9.0,13.0,27.0,25.0,167.0,266
431530,2016,33.0,0.0,2.0,3.0,1.0,68.0,13.0,20.0,20.0,25.0,187.0,268
431530,2017,24.0,2.0,9.0,6.0,2.0,81.0,19.0,15.0,38.0,40.0,237.0,324
431530,2018,27.0,0.0,12.0,5.0,4.0,66.0,18.0,5.0,44.0,15.0,197.0,273
431530,2019,15.0,1.0,0.0,8.0,3.0,78.0,20.0,12.0,36.0,16.0,189.0,256
431531,2012,1.0,0.0,0.0,0.0,1.0,1.0,2.0,1.0,5.0,0.0,11.0,27
431531,2013,0.0,0.0,0.0,0.0,0.0,0.0,0.0,0.0,0.0,0.0,6.0,14
431531,2014,1.0,0.0,0.0,1.0,0.0,4.0,2.0,1.0,3.0,0.0,12.0,21
431531,2015,1.0,0.0,0.0,0.0,1.0,2.0,0.0,0.0,1.0,0.0,6.0,20
431531,2016,1.0,0.0,0.0,0.0,0.0,1.0,1.0,1.0,2.0,0.0,6.0,10
431531,2017,2.0,0.0,0.0,0.0,0.0,4.0,1.0,0.0,0.0,1.0,8.0,16
431531,2018,0.0,0.0,0.0,0.0,0.0,7.0,0.0,0.0,3.0,0.0,10.0,23
431531,2019,0.0,0.0,2.0,0.0,0.0,3.0,3.0,0.0,4.0,1.0,13.0,19
431532,2012,4.0,0.0,0.0,1.0,1.0,3.0,3.0,0.0,6.0,3.0,21.0,30
431532,2013,0.0,0.0,0.0,0.0,0.0,0.0,0.0,0.0,0.0,0.0,18.0,24
431532,2014,2.0,0.0,0.0,0.0,0.0,2.0,2.0,0.0,2.0,1.0,9.0,19
431532,2015,1.0,0.0,0.0,0.0,0.0,3.0,5.0,1.0,4.0,2.0,16.0,26
431532,2016,0.0,1.0,0.0,0.0,0.0,2.0,2.0,0.0,2.0,1.0,8.0,14
431532,2017,2.0,0.0,0.0,0.0,0.0,4.0,1.0,1.0,3.0,2.0,13.0,22
431532,2018,0.0,0.0,0.0,0.0,0.0,2.0,0.0,0.0,1.0,1.0,4.0,12
431532,2019,2.0,0.0,2.0,3.0,0.0,6.0,1.0,0.0,2.0,1.0,17.0,24
431535,2012,2.0,2.0,0.0,0.0,0.0,7.0,1.0,1.0,13.0,2.0,28.0,35
431535,2013,0.0,0.0,0.0,0.0,0.0,0.0,0.0,0.0,0.0,0.0,20.0,28
431535,2014,0.0,1.0,0.0,1.0,0.0,14.0,3.0,1.0,6.0,3.0,29.0,38
431535,2015,0.0,0.0,0.0,2.0,2.0,12.0,2.0,1.0,13.0,4.0,36.0,42
431535,2016,4.0,0.0,0.0,1.0,2.0,13.0,2.0,1.0,12.0,2.0,37.0,46
431535,2017,1.0,0.0,2.0,1.0,0.0,7.0,11.0,0.0,8.0,2.0,32.0,41
431535,2018,2.0,0.0,0.0,0.0,0.0,12.0,5.0,1.0,12.0,2.0,34.0,39
431535,2019,5.0,0.0,0.0,1.0,1.0,6.0,3.0,0.0,19.0,2.0,37.0,40
431540,2012,4.0,0.0,3.0,1.0,0.0,14.0,1.0,2.0,8.0,10.0,73.0,186
431540,2013,0.0,0.0,0.0,0.0,0.0,0.0,0.0,0.0,0.0,0.0,84.0,194
431540,2014,12.0,1.0,8.0,4.0,1.0,29.0,8.0,3.0,21.0,19.0,108.0,212
431540,2015,7.0,1.0,6.0,1.0,2.0,25.0,12.0,2.0,14.0,14.0,84.0,204
431540,2016,3.0,0.0,2.0,1.0,1.0,23.0,5.0,4.0,17.0,12.0,68.0,156
431540,2017,8.0,0.0,4.0,0.0,5.0,30.0,3.0,3.0,16.0,6.0,75.0,184
431540,2018,6.0,1.0,0.0,4.0,2.0,33.0,5.0,4.0,16.0,7.0,80.0,183
431540,2019,10.0,1.0,6.0,1.0,5.0,28.0,5.0,0.0,25.0,5.0,86.0,192
431545,2012,1.0,0.0,0.0,1.0,1.0,2.0,1.0,0.0,0.0,0.0,7.0,8
431545,2013,0.0,0.0,0.0,0.0,0.0,0.0,0.0,0.0,0.0,0.0,10.0,15
431545,2014,2.0,0.0,0.0,0.0,2.0,1.0,1.0,0.0,2.0,0.0,9.0,12
431545,2015,1.0,1.0,2.0,0.0,3.0,0.0,0.0,0.0,1.0,0.0,8.0,13
431545,2016,1.0,0.0,0.0,3.0,0.0,3.0,0.0,0.0,0.0,0.0,7.0,9
431545,2017,1.0,0.0,0.0,0.0,0.0,5.0,1.0,0.0,3.0,0.0,10.0,13
431545,2018,0.0,0.0,0.0,1.0,2.0,1.0,1.0,0.0,3.0,0.0,8.0,13
431545,2019,1.0,0.0,4.0,1.0,0.0,6.0,1.0,0.0,3.0,0.0,16.0,21
431550,2012,10.0,0.0,2.0,1.0,3.0,32.0,2.0,1.0,38.0,9.0,100.0,158
431550,2013,0.0,0.0,0.0,0.0,0.0,0.0,0.0,0.0,0.0,0.0,96.0,167
431550,2014,13.0,2.0,2.0,3.0,7.0,29.0,4.0,1.0,32.0,9.0,102.0,165
431550,2015,9.0,1.0,5.0,2.0,3.0,31.0,8.0,2.0,25.0,2.0,89.0,144
431550,2016,9.0,0.0,2.0,5.0,5.0,47.0,13.0,2.0,41.0,10.0,134.0,199
431550,2017,9.0,1.0,0.0,6.0,4.0,32.0,10.0,5.0,27.0,1.0,95.0,159
431550,2018,4.0,1.0,3.0,4.0,3.0,26.0,16.0,3.0,30.0,10.0,100.0,167
431550,2019,13.0,1.0,1.0,2.0,1.0,41.0,9.0,5.0,19.0,8.0,100.0,166
431555,2012,0.0,0.0,0.0,2.0,1.0,3.0,0.0,1.0,2.0,1.0,20.0,32
431555,2013,0.0,0.0,0.0,0.0,0.0,0.0,0.0,0.0,0.0,0.0,16.0,25
431555,2014,3.0,0.0,0.0,0.0,0.0,3.0,1.0,4.0,3.0,3.0,19.0,28
431555,2015,2.0,0.0,2.0,1.0,0.0,1.0,1.0,0.0,4.0,0.0,15.0,23
431555,2016,1.0,0.0,1.0,0.0,0.0,6.0,0.0,0.0,3.0,3.0,28.0,33
431555,2017,1.0,0.0,0.0,0.0,0.0,8.0,2.0,0.0,5.0,4.0,23.0,31
431555,2018,1.0,0.0,0.0,1.0,0.0,10.0,1.0,4.0,3.0,2.0,23.0,36
431555,2019,0.0,0.0,0.0,0.0,0.0,8.0,1.0,0.0,2.0,3.0,15.0,21
431560,2012,250.0,4.0,21.0,24.0,23.0,178.0,31.0,25.0,184.0,103.0,1580.0,2522
431560,2013,0.0,0.0,0.0,0.0,0.0,0.0,0.0,0.0,0.0,0.0,1719.0,2769
431560,2014,152.0,6.0,26.0,42.0,27.0,533.0,154.0,104.0,375.0,284.0,1879.0,2960
431560,2015,109.0,33.0,45.0,46.0,36.0,552.0,146.0,108.0,384.0,291.0,1780.0,3060
431560,2016,133.0,13.0,44.0,37.0,36.0,550.0,114.0,97.0,268.0,274.0,1584.0,2848
431560,2017,149.0,4.0,50.0,24.0,33.0,508.0,120.0,87.0,255.0,232.0,1552.0,2768
431560,2018,143.0,8.0,46.0,30.0,35.0,551.0,99.0,110.0,262.0,237.0,1524.0,2710
431560,2019,146.0,12.0,34.0,33.0,24.0,470.0,84.0,71.0,227.0,193.0,1296.0,2521
431570,2012,35.0,0.0,12.0,7.0,6.0,81.0,23.0,6.0,56.0,33.0,261.0,367
431570,2013,0.0,0.0,0.0,0.0,0.0,0.0,0.0,0.0,0.0,0.0,248.0,349
431570,2014,40.0,0.0,17.0,5.0,8.0,96.0,27.0,9.0,92.0,12.0,307.0,409
431570,2015,24.0,1.0,8.0,14.0,11.0,102.0,29.0,7.0,71.0,25.0,293.0,425
431570,2016,48.0,1.0,13.0,10.0,3.0,102.0,25.0,10.0,73.0,23.0,308.0,451
431570,2017,28.0,4.0,5.0,6.0,7.0,87.0,35.0,5.0,71.0,18.0,266.0,402
431570,2018,25.0,1.0,12.0,8.0,1.0,87.0,21.0,6.0,70.0,31.0,262.0,371
431570,2019,31.0,1.0,13.0,5.0,4.0,103.0,18.0,3.0,76.0,23.0,277.0,382
431575,2012,2.0,0.0,0.0,0.0,0.0,5.0,0.0,0.0,5.0,4.0,17.0,32
431575,2013,0.0,0.0,0.0,0.0,0.0,0.0,0.0,0.0,0.0,0.0,29.0,48
431575,2014,4.0,0.0,0.0,1.0,1.0,8.0,0.0,4.0,5.0,5.0,28.0,43
431575,2015,0.0,0.0,0.0,0.0,3.0,8.0,4.0,0.0,13.0,4.0,32.0,46
431575,2016,2.0,0.0,0.0,0.0,0.0,8.0,2.0,1.0,3.0,2.0,18.0,39
431575,2017,1.0,0.0,0.0,0.0,0.0,8.0,3.0,2.0,6.0,3.0,23.0,45
431575,2018,0.0,0.0,0.0,2.0,0.0,12.0,2.0,3.0,4.0,1.0,24.0,44
431575,2019,2.0,1.0,4.0,0.0,0.0,11.0,0.0,1.0,6.0,3.0,28.0,49
431580,2012,10.0,0.0,0.0,10.0,11.0,11.0,3.0,1.0,18.0,2.0,77.0,97
431580,2013,0.0,0.0,0.0,0.0,0.0,0.0,0.0,0.0,0.0,0.0,66.0,89
431580,2014,4.0,0.0,0.0,10.0,10.0,13.0,5.0,2.0,9.0,3.0,66.0,104
431580,2015,3.0,0.0,0.0,10.0,7.0,9.0,1.0,1.0,7.0,2.0,46.0,92
431580,2016,3.0,0.0,1.0,21.0,12.0,14.0,5.0,0.0,15.0,0.0,71.0,127
431580,2017,8.0,0.0,2.0,2.0,1.0,15.0,4.0,0.0,22.0,1.0,55.0,98
431580,2018,0.0,0.0,4.0,8.0,3.0,18.0,3.0,2.0,20.0,3.0,61.0,120
431580,2019,5.0,0.0,4.0,6.0,4.0,32.0,8.0,1.0,16.0,7.0,83.0,125
431590,2012,1.0,0.0,0.0,2.0,0.0,4.0,1.0,1.0,6.0,3.0,48.0,64
431590,2013,0.0,0.0,0.0,0.0,0.0,0.0,0.0,0.0,0.0,0.0,62.0,80
431590,2014,8.0,5.0,0.0,2.0,6.0,15.0,5.0,1.0,18.0,2.0,62.0,73
431590,2015,4.0,3.0,2.0,6.0,5.0,14.0,10.0,3.0,16.0,2.0,65.0,77
431590,2016,4.0,6.0,8.0,1.0,4.0,10.0,5.0,3.0,13.0,4.0,58.0,76
431590,2017,7.0,1.0,4.0,4.0,3.0,23.0,5.0,2.0,31.0,4.0,84.0,98
431590,2018,5.0,4.0,0.0,3.0,5.0,24.0,6.0,0.0,22.0,6.0,75.0,91
431590,2019,3.0,10.0,4.0,5.0,0.0,27.0,6.0,2.0,23.0,4.0,84.0,97
431595,2012,1.0,0.0,0.0,2.0,1.0,2.0,1.0,2.0,3.0,0.0,13.0,20
431595,2013,0.0,0.0,0.0,0.0,0.0,0.0,0.0,0.0,0.0,0.0,12.0,23
431595,2014,0.0,0.0,0.0,0.0,1.0,3.0,2.0,0.0,2.0,2.0,10.0,18
431595,2015,0.0,0.0,2.0,0.0,0.0,3.0,0.0,0.0,1.0,4.0,10.0,18
431595,2016,2.0,0.0,0.0,0.0,1.0,2.0,1.0,1.0,1.0,1.0,9.0,17
431595,2017,1.0,0.0,0.0,1.0,0.0,3.0,0.0,3.0,1.0,1.0,10.0,15
431595,2018,3.0,0.0,0.0,1.0,0.0,2.0,1.0,2.0,1.0,1.0,11.0,22
431595,2019,1.0,0.0,0.0,1.0,0.0,6.0,2.0,2.0,0.0,0.0,12.0,17
431600,2012,8.0,0.0,3.0,8.0,0.0,29.0,5.0,4.0,34.0,7.0,156.0,247
431600,2013,0.0,0.0,0.0,0.0,0.0,0.0,0.0,0.0,0.0,0.0,170.0,246
431600,2014,8.0,2.0,4.0,4.0,6.0,60.0,17.0,37.0,45.0,39.0,226.0,276
431600,2015,10.0,1.0,8.0,5.0,8.0,44.0,17.0,8.0,51.0,20.0,172.0,248
431600,2016,6.0,1.0,3.0,3.0,2.0,47.0,17.0,4.0,50.0,17.0,150.0,244
431600,2017,7.0,1.0,5.0,4.0,5.0,70.0,6.0,7.0,43.0,17.0,165.0,256
431600,2018,9.0,0.0,4.0,3.0,3.0,61.0,18.0,6.0,54.0,23.0,181.0,272
431600,2019,12.0,0.0,4.0,4.0,3.0,62.0,23.0,5.0,32.0,13.0,158.0,258
431610,2012,14.0,0.0,4.0,1.0,2.0,29.0,15.0,0.0,37.0,1.0,106.0,114
431610,2013,0.0,0.0,0.0,0.0,0.0,0.0,0.0,0.0,0.0,0.0,111.0,114
431610,2014,7.0,0.0,5.0,1.0,1.0,26.0,9.0,11.0,18.0,19.0,97.0,104
431610,2015,6.0,0.0,5.0,5.0,0.0,32.0,11.0,7.0,29.0,10.0,106.0,113
431610,2016,3.0,0.0,0.0,0.0,1.0,31.0,18.0,0.0,29.0,5.0,88.0,97
431610,2017,6.0,1.0,0.0,2.0,2.0,34.0,7.0,3.0,31.0,1.0,90.0,111
431610,2018,8.0,1.0,0.0,5.0,1.0,27.0,5.0,1.0,17.0,10.0,78.0,124
431610,2019,7.0,1.0,0.0,3.0,1.0,31.0,5.0,1.0,18.0,6.0,73.0,121
431620,2012,7.0,0.0,2.0,9.0,12.0,9.0,0.0,2.0,8.0,2.0,53.0,53
431620,2013,0.0,0.0,0.0,0.0,0.0,0.0,0.0,0.0,0.0,0.0,48.0,51
431620,2014,6.0,5.0,6.0,4.0,3.0,16.0,3.0,0.0,12.0,3.0,58.0,60
431620,2015,4.0,1.0,0.0,8.0,4.0,11.0,3.0,0.0,14.0,6.0,52.0,55
431620,2016,4.0,2.0,0.0,1.0,1.0,19.0,2.0,0.0,10.0,3.0,42.0,44
431620,2017,0.0,0.0,0.0,2.0,3.0,15.0,2.0,1.0,11.0,4.0,38.0,40
431620,2018,4.0,0.0,2.0,3.0,0.0,16.0,0.0,1.0,13.0,7.0,47.0,55
431620,2019,3.0,0.0,2.0,2.0,0.0,12.0,2.0,0.0,11.0,2.0,34.0,41
431630,2012,0.0,0.0,0.0,0.0,3.0,6.0,5.0,5.0,10.0,4.0,34.0,47
431630,2013,0.0,0.0,0.0,0.0,0.0,0.0,0.0,0.0,0.0,0.0,58.0,82
431630,2014,1.0,0.0,2.0,4.0,1.0,7.0,5.0,2.0,10.0,6.0,38.0,56
431630,2015,4.0,0.0,2.0,0.0,0.0,9.0,2.0,0.0,14.0,3.0,34.0,59
431630,2016,6.0,0.0,4.0,5.0,1.0,10.0,6.0,1.0,13.0,6.0,52.0,69
431630,2017,4.0,0.0,0.0,5.0,0.0,16.0,6.0,2.0,11.0,13.0,58.0,79
431630,2018,0.0,0.0,0.0,0.0,0.0,16.0,6.0,2.0,6.0,8.0,38.0,58
431630,2019,4.0,0.0,0.0,1.0,1.0,20.0,4.0,4.0,9.0,6.0,49.0,67
431640,2012,11.0,0.0,8.0,4.0,6.0,63.0,12.0,11.0,81.0,45.0,276.0,445
431640,2013,0.0,0.0,0.0,0.0,0.0,0.0,0.0,0.0,0.0,0.0,261.0,421
431640,2014,14.0,0.0,1.0,8.0,8.0,56.0,25.0,9.0,67.0,49.0,239.0,400
431640,2015,23.0,0.0,3.0,6.0,9.0,79.0,25.0,7.0,72.0,30.0,254.0,451
431640,2016,26.0,1.0,4.0,11.0,12.0,77.0,19.0,16.0,62.0,46.0,275.0,449
431640,2017,27.0,2.0,9.0,5.0,5.0,99.0,26.0,20.0,49.0,51.0,294.0,462
431640,2018,39.0,2.0,7.0,7.0,7.0,102.0,18.0,24.0,44.0,66.0,317.0,497
431640,2019,18.0,0.0,7.0,5.0,4.0,112.0,24.0,24.0,76.0,40.0,310.0,485
431642,2012,2.0,0.0,0.0,0.0,0.0,6.0,1.0,0.0,9.0,5.0,23.0,24
431642,2013,0.0,0.0,0.0,0.0,0.0,0.0,0.0,0.0,0.0,0.0,23.0,25
431642,2014,1.0,0.0,2.0,1.0,0.0,6.0,1.0,1.0,6.0,3.0,24.0,27
431642,2015,3.0,0.0,2.0,1.0,0.0,11.0,1.0,1.0,9.0,4.0,34.0,36
431642,2016,0.0,0.0,0.0,2.0,0.0,8.0,1.0,0.0,3.0,3.0,18.0,23
431642,2017,0.0,0.0,0.0,0.0,1.0,11.0,1.0,0.0,5.0,2.0,20.0,24
431642,2018,3.0,0.0,0.0,0.0,0.0,17.0,1.0,1.0,7.0,3.0,35.0,39
431642,2019,1.0,0.0,0.0,0.0,0.0,12.0,1.0,0.0,3.0,2.0,19.0,19
431643,2012,2.0,0.0,0.0,2.0,1.0,7.0,0.0,0.0,0.0,0.0,15.0,18
431643,2013,0.0,0.0,0.0,0.0,0.0,0.0,0.0,0.0,0.0,0.0,23.0,29
431643,2014,2.0,0.0,0.0,0.0,0.0,14.0,0.0,0.0,2.0,1.0,19.0,27
431643,2015,1.0,0.0,0.0,1.0,0.0,12.0,1.0,0.0,9.0,0.0,24.0,27
431643,2016,0.0,0.0,0.0,0.0,2.0,10.0,2.0,1.0,7.0,4.0,26.0,33
431643,2017,0.0,0.0,0.0,0.0,1.0,4.0,0.0,0.0,5.0,5.0,15.0,24
431643,2018,0.0,0.0,0.0,1.0,1.0,9.0,1.0,1.0,4.0,2.0,19.0,24
431643,2019,2.0,0.0,0.0,0.0,0.0,9.0,3.0,1.0,4.0,6.0,25.0,32
431645,2012,28.0,2.0,0.0,2.0,0.0,56.0,4.0,0.0,13.0,6.0,115.0,132
431645,2013,0.0,0.0,0.0,0.0,0.0,0.0,0.0,0.0,0.0,0.0,125.0,148
431645,2014,13.0,0.0,2.0,3.0,0.0,103.0,1.0,0.0,7.0,3.0,132.0,149
431645,2015,15.0,2.0,4.0,4.0,0.0,38.0,13.0,2.0,24.0,3.0,105.0,120
431645,2016,10.0,0.0,4.0,2.0,4.0,51.0,18.0,3.0,41.0,4.0,137.0,154
431645,2017,13.0,0.0,0.0,4.0,1.0,34.0,12.0,0.0,23.0,2.0,89.0,104
431645,2018,12.0,0.0,2.0,2.0,2.0,37.0,9.0,2.0,23.0,10.0,99.0,135
431645,2019,10.0,2.0,4.0,2.0,1.0,38.0,7.0,4.0,27.0,9.0,104.0,126
431647,2012,1.0,0.0,0.0,1.0,0.0,8.0,1.0,0.0,4.0,2.0,21.0,25
431647,2013,0.0,0.0,0.0,0.0,0.0,0.0,0.0,0.0,0.0,0.0,18.0,21
431647,2014,1.0,0.0,0.0,0.0,0.0,7.0,2.0,0.0,6.0,1.0,17.0,19
431647,2015,4.0,0.0,0.0,0.0,1.0,8.0,1.0,1.0,5.0,1.0,21.0,27
431647,2016,1.0,0.0,0.0,0.0,0.0,6.0,0.0,0.0,9.0,3.0,19.0,29
431647,2017,1.0,0.0,0.0,0.0,0.0,7.0,4.0,0.0,12.0,1.0,25.0,28
431647,2018,1.0,0.0,0.0,0.0,0.0,10.0,2.0,0.0,6.0,2.0,21.0,25
431647,2019,0.0,0.0,4.0,2.0,0.0,6.0,2.0,0.0,1.0,1.0,16.0,20
431650,2012,4.0,1.0,0.0,3.0,2.0,16.0,1.0,0.0,12.0,3.0,52.0,76
431650,2013,0.0,0.0,0.0,0.0,0.0,0.0,0.0,0.0,0.0,0.0,36.0,61
431650,2014,1.0,0.0,0.0,2.0,0.0,17.0,3.0,2.0,11.0,5.0,41.0,67
431650,2015,3.0,0.0,1.0,1.0,1.0,16.0,7.0,2.0,17.0,6.0,54.0,87
431650,2016,5.0,1.0,2.0,1.0,3.0,14.0,7.0,3.0,15.0,8.0,59.0,89
431650,2017,3.0,0.0,2.0,0.0,2.0,16.0,4.0,1.0,19.0,6.0,53.0,85
431650,2018,2.0,0.0,6.0,2.0,2.0,21.0,6.0,1.0,21.0,8.0,69.0,97
431650,2019,3.0,0.0,0.0,6.0,1.0,13.0,9.0,0.0,17.0,2.0,51.0,73
431660,2012,2.0,0.0,0.0,0.0,3.0,4.0,3.0,0.0,8.0,4.0,86.0,149
431660,2013,0.0,0.0,0.0,0.0,0.0,0.0,0.0,0.0,0.0,0.0,109.0,161
431660,2014,8.0,0.0,7.0,6.0,5.0,36.0,15.0,0.0,31.0,12.0,124.0,164
431660,2015,5.0,0.0,6.0,3.0,2.0,39.0,11.0,8.0,34.0,22.0,132.0,165
431660,2016,9.0,0.0,0.0,2.0,3.0,41.0,16.0,4.0,30.0,11.0,120.0,173
431660,2017,17.0,0.0,6.0,7.0,3.0,36.0,12.0,6.0,38.0,23.0,148.0,207
431660,2018,8.0,1.0,8.0,4.0,9.0,41.0,12.0,4.0,32.0,15.0,134.0,187
431660,2019,16.0,0.0,0.0,2.0,5.0,33.0,3.0,0.0,44.0,10.0,113.0,162
431670,2012,10.0,0.0,4.0,4.0,5.0,20.0,1.0,3.0,5.0,7.0,71.0,92
431670,2013,0.0,0.0,0.0,0.0,0.0,0.0,0.0,0.0,0.0,0.0,71.0,95
431670,2014,7.0,0.0,2.0,1.0,2.0,58.0,0.0,3.0,8.0,1.0,84.0,116
431670,2015,6.0,1.0,0.0,0.0,1.0,48.0,3.0,0.0,18.0,7.0,84.0,121
431670,2016,5.0,0.0,0.0,1.0,0.0,15.0,8.0,0.0,24.0,5.0,58.0,90
431670,2017,4.0,0.0,0.0,1.0,2.0,26.0,2.0,8.0,5.0,20.0,69.0,95
431670,2018,1.0,1.0,0.0,1.0,1.0,24.0,1.0,9.0,7.0,19.0,64.0,87
431670,2019,7.0,0.0,0.0,1.0,0.0,21.0,1.0,5.0,18.0,6.0,59.0,81
431673,2012,3.0,0.0,0.0,1.0,1.0,4.0,0.0,0.0,3.0,3.0,19.0,24
431673,2013,0.0,0.0,0.0,0.0,0.0,0.0,0.0,0.0,0.0,0.0,10.0,15
431673,2014,0.0,0.0,0.0,0.0,0.0,4.0,0.0,3.0,1.0,0.0,13.0,21
431673,2015,1.0,0.0,0.0,0.0,0.0,1.0,0.0,0.0,2.0,1.0,8.0,19
431673,2016,0.0,0.0,0.0,0.0,0.0,3.0,0.0,0.0,1.0,1.0,6.0,11
431673,2017,5.0,0.0,0.0,2.0,0.0,4.0,0.0,1.0,7.0,1.0,20.0,28
431673,2018,1.0,0.0,0.0,3.0,1.0,2.0,0.0,1.0,1.0,0.0,9.0,17
431673,2019,0.0,0.0,0.0,3.0,1.0,4.0,2.0,0.0,3.0,1.0,14.0,20
431675,2012,8.0,0.0,2.0,1.0,3.0,11.0,4.0,1.0,15.0,3.0,49.0,63
431675,2013,0.0,0.0,0.0,0.0,0.0,0.0,0.0,0.0,0.0,0.0,57.0,87
431675,2014,1.0,0.0,2.0,1.0,1.0,9.0,2.0,1.0,19.0,4.0,40.0,55
431675,2015,5.0,1.0,2.0,1.0,2.0,23.0,6.0,1.0,16.0,2.0,59.0,85
431675,2016,1.0,0.0,0.0,2.0,6.0,9.0,1.0,0.0,17.0,0.0,36.0,65
431675,2017,3.0,0.0,4.0,1.0,3.0,16.0,4.0,1.0,16.0,2.0,50.0,77
431675,2018,4.0,0.0,0.0,1.0,0.0,16.0,7.0,1.0,10.0,8.0,47.0,69
431675,2019,2.0,0.0,5.0,2.0,1.0,18.0,5.0,2.0,11.0,4.0,50.0,71
431680,2012,74.0,4.0,36.0,43.0,33.0,283.0,103.0,20.0,375.0,64.0,1046.0,1575
431680,2013,0.0,0.0,0.0,0.0,0.0,0.0,0.0,0.0,0.0,0.0,1194.0,1685
431680,2014,71.0,2.0,43.0,33.0,33.0,325.0,140.0,22.0,408.0,65.0,1142.0,1632
431680,2015,67.0,8.0,29.0,34.0,60.0,333.0,123.0,34.0,395.0,84.0,1167.0,1715
431680,2016,70.0,4.0,40.0,37.0,45.0,358.0,138.0,26.0,382.0,75.0,1175.0,1641
431680,2017,84.0,3.0,43.0,36.0,43.0,343.0,146.0,24.0,374.0,87.0,1184.0,1620
431680,2018,81.0,5.0,44.0,37.0,36.0,404.0,126.0,31.0,385.0,81.0,1230.0,1707
431680,2019,112.0,1.0,50.0,31.0,32.0,409.0,127.0,16.0,360.0,65.0,1205.0,1613
431690,2012,338.0,15.0,90.0,72.0,81.0,672.0,115.0,32.0,763.0,155.0,2357.0,3624
431690,2013,0.0,0.0,0.0,0.0,0.0,0.0,0.0,0.0,0.0,0.0,2322.0,3441
431690,2014,287.0,7.0,54.0,74.0,54.0,704.0,197.0,37.0,696.0,147.0,2284.0,3406
431690,2015,274.0,13.0,65.0,71.0,100.0,745.0,216.0,59.0,675.0,169.0,2402.0,3666
431690,2016,263.0,8.0,104.0,76.0,63.0,738.0,168.0,58.0,661.0,174.0,2313.0,3518
431690,2017,269.0,6.0,78.0,72.0,71.0,764.0,181.0,64.0,616.0,171.0,2299.0,3509
431690,2018,232.0,8.0,74.0,76.0,63.0,840.0,169.0,61.0,625.0,186.0,2334.0,3635
431690,2019,264.0,9.0,59.0,84.0,56.0,773.0,177.0,69.0,536.0,177.0,2204.0,3454
431695,2012,0.0,0.0,2.0,2.0,1.0,9.0,0.0,0.0,12.0,0.0,28.0,38
431695,2013,0.0,0.0,0.0,0.0,0.0,0.0,0.0,0.0,0.0,0.0,35.0,51
431695,2014,4.0,0.0,5.0,5.0,1.0,14.0,8.0,5.0,16.0,1.0,60.0,84
431695,2015,3.0,0.0,1.0,3.0,3.0,10.0,6.0,0.0,8.0,0.0,34.0,52
431695,2016,1.0,0.0,2.0,1.0,1.0,12.0,4.0,0.0,14.0,2.0,38.0,50
431695,2017,6.0,0.0,1.0,2.0,1.0,10.0,6.0,0.0,9.0,5.0,40.0,58
431695,2018,5.0,0.0,0.0,5.0,2.0,9.0,1.0,1.0,19.0,4.0,46.0,60
431695,2019,0.0,0.0,4.0,1.0,3.0,15.0,1.0,1.0,10.0,2.0,37.0,53
431697,2012,1.0,0.0,0.0,1.0,0.0,3.0,1.0,0.0,7.0,2.0,15.0,20
431697,2013,0.0,0.0,0.0,0.0,0.0,0.0,0.0,0.0,0.0,0.0,19.0,26
431697,2014,2.0,0.0,0.0,0.0,0.0,8.0,1.0,0.0,3.0,3.0,17.0,25
431697,2015,3.0,0.0,4.0,0.0,0.0,9.0,3.0,0.0,3.0,2.0,24.0,30
431697,2016,2.0,0.0,0.0,0.0,0.0,4.0,2.0,0.0,7.0,3.0,18.0,23
431697,2017,0.0,0.0,0.0,0.0,0.0,8.0,0.0,2.0,1.0,4.0,15.0,17
431697,2018,2.0,0.0,0.0,0.0,0.0,8.0,0.0,0.0,1.0,1.0,12.0,17
431697,2019,0.0,0.0,0.0,1.0,1.0,8.0,0.0,3.0,5.0,2.0,20.0,23
431700,2012,4.0,0.0,4.0,0.0,1.0,6.0,1.0,2.0,2.0,3.0,34.0,70
431700,2013,0.0,0.0,0.0,0.0,0.0,0.0,0.0,0.0,0.0,0.0,40.0,65
431700,2014,7.0,0.0,0.0,0.0,0.0,8.0,1.0,5.0,8.0,9.0,40.0,68
431700,2015,1.0,0.0,0.0,1.0,3.0,6.0,2.0,1.0,4.0,5.0,24.0,57
431700,2016,3.0,0.0,0.0,0.0,0.0,8.0,2.0,4.0,9.0,8.0,34.0,53
431700,2017,3.0,0.0,0.0,0.0,0.0,11.0,2.0,1.0,8.0,5.0,30.0,64
431700,2018,0.0,0.0,2.0,0.0,0.0,13.0,3.0,0.0,8.0,7.0,33.0,57
431700,2019,2.0,0.0,0.0,0.0,0.0,11.0,1.0,0.0,8.0,7.0,29.0,69
431710,2012,59.0,3.0,14.0,20.0,15.0,171.0,33.0,14.0,155.0,68.0,555.0,1048
431710,2013,0.0,0.0,0.0,0.0,0.0,0.0,0.0,0.0,0.0,0.0,590.0,1049
431710,2014,56.0,0.0,27.0,10.0,12.0,200.0,62.0,22.0,166.0,72.0,628.0,1126
431710,2015,49.0,0.0,8.0,9.0,6.0,237.0,55.0,30.0,157.0,85.0,643.0,1193
431710,2016,81.0,2.0,15.0,7.0,8.0,248.0,40.0,43.0,150.0,95.0,694.0,1189
431710,2017,54.0,3.0,13.0,1.0,11.0,231.0,53.0,33.0,142.0,92.0,654.0,1099
431710,2018,53.0,5.0,10.0,12.0,10.0,260.0,77.0,13.0,157.0,36.0,634.0,1124
431710,2019,68.0,3.0,28.0,14.0,10.0,221.0,63.0,9.0,165.0,22.0,603.0,1080
431720,2012,45.0,2.0,24.0,22.0,36.0,193.0,28.0,22.0,153.0,123.0,673.0,919
431720,2013,0.0,0.0,0.0,0.0,0.0,0.0,0.0,0.0,0.0,0.0,689.0,919
431720,2014,43.0,0.0,9.0,19.0,26.0,223.0,43.0,46.0,187.0,150.0,747.0,973
431720,2015,55.0,1.0,12.0,18.0,24.0,222.0,77.0,17.0,261.0,98.0,786.0,1013
431720,2016,66.0,1.0,36.0,17.0,28.0,222.0,77.0,25.0,264.0,67.0,803.0,998
431720,2017,64.0,1.0,31.0,20.0,19.0,278.0,66.0,15.0,264.0,78.0,836.0,1028
431720,2018,50.0,0.0,24.0,20.0,35.0,269.0,71.0,14.0,278.0,70.0,831.0,1037
431720,2019,64.0,0.0,28.0,28.0,20.0,332.0,63.0,18.0,270.0,58.0,882.0,1060
431725,2012,0.0,0.0,0.0,0.0,0.0,1.0,2.0,0.0,2.0,0.0,5.0,7
431725,2013,0.0,0.0,0.0,0.0,0.0,0.0,0.0,0.0,0.0,0.0,4.0,9
431725,2014,0.0,0.0,2.0,1.0,1.0,3.0,0.0,0.0,1.0,0.0,8.0,8
431725,2015,0.0,0.0,0.0,0.0,1.0,2.0,0.0,0.0,3.0,0.0,6.0,8
431725,2016,1.0,1.0,0.0,0.0,0.0,3.0,0.0,0.0,3.0,0.0,8.0,12
431725,2017,1.0,0.0,0.0,0.0,0.0,0.0,2.0,0.0,3.0,1.0,7.0,10
431725,2018,1.0,0.0,0.0,0.0,0.0,3.0,0.0,0.0,1.0,2.0,7.0,10
431725,2019,0.0,0.0,0.0,0.0,0.0,2.0,0.0,0.0,4.0,1.0,7.0,12
431730,2012,26.0,0.0,2.0,3.0,6.0,46.0,21.0,9.0,53.0,17.0,186.0,347
431730,2013,0.0,0.0,0.0,0.0,0.0,0.0,0.0,0.0,0.0,0.0,222.0,413
431730,2014,26.0,2.0,9.0,21.0,10.0,61.0,28.0,7.0,58.0,18.0,242.0,399
431730,2015,31.0,5.0,15.0,16.0,6.0,55.0,16.0,8.0,47.0,17.0,220.0,442
431730,2016,18.0,2.0,7.0,2.0,7.0,71.0,24.0,5.0,65.0,20.0,221.0,402
431730,2017,19.0,3.0,6.0,2.0,3.0,76.0,24.0,8.0,50.0,22.0,214.0,401
431730,2018,20.0,1.0,2.0,2.0,7.0,77.0,19.0,25.0,24.0,64.0,241.0,397
431730,2019,13.0,2.0,8.0,7.0,2.0,75.0,12.0,13.0,39.0,47.0,218.0,374
431740,2012,29.0,4.0,12.0,14.0,27.0,84.0,15.0,9.0,84.0,41.0,357.0,550
431740,2013,0.0,0.0,0.0,0.0,0.0,0.0,0.0,0.0,0.0,0.0,396.0,586
431740,2014,27.0,1.0,6.0,5.0,4.0,124.0,47.0,9.0,136.0,31.0,392.0,551
431740,2015,41.0,3.0,9.0,4.0,8.0,126.0,45.0,9.0,137.0,35.0,417.0,560
431740,2016,34.0,1.0,12.0,7.0,14.0,142.0,49.0,23.0,151.0,67.0,500.0,627
431740,2017,39.0,2.0,11.0,9.0,12.0,137.0,55.0,18.0,128.0,34.0,446.0,572
431740,2018,43.0,0.0,18.0,9.0,8.0,162.0,47.0,15.0,133.0,29.0,464.0,592
431740,2019,34.0,3.0,4.0,6.0,10.0,170.0,43.0,11.0,151.0,42.0,474.0,595
431750,2012,49.0,3.0,16.0,20.0,27.0,211.0,48.0,21.0,233.0,49.0,682.0,983
431750,2013,0.0,0.0,0.0,0.0,0.0,0.0,0.0,0.0,0.0,0.0,734.0,1054
431750,2014,46.0,3.0,21.0,23.0,13.0,218.0,78.0,10.0,221.0,54.0,687.0,1019
431750,2015,54.0,4.0,14.0,15.0,20.0,246.0,60.0,12.0,201.0,52.0,679.0,973
431750,2016,60.0,0.0,21.0,16.0,21.0,232.0,72.0,5.0,244.0,32.0,704.0,1030
431750,2017,48.0,1.0,25.0,14.0,25.0,249.0,66.0,8.0,252.0,55.0,745.0,1062
431750,2018,60.0,5.0,30.0,15.0,22.0,289.0,55.0,23.0,200.0,55.0,754.0,1036
431750,2019,57.0,2.0,35.0,16.0,24.0,280.0,64.0,27.0,218.0,90.0,813.0,1098
431755,2012,2.0,1.0,1.0,2.0,0.0,3.0,0.0,0.0,5.0,1.0,16.0,21
431755,2013,0.0,0.0,0.0,0.0,0.0,0.0,0.0,0.0,0.0,0.0,17.0,26
431755,2014,0.0,0.0,2.0,0.0,0.0,2.0,0.0,1.0,4.0,0.0,9.0,12
431755,2015,1.0,0.0,0.0,0.0,2.0,4.0,0.0,0.0,3.0,2.0,12.0,16
431755,2016,3.0,0.0,0.0,0.0,3.0,2.0,1.0,1.0,3.0,1.0,14.0,16
431755,2017,0.0,0.0,0.0,2.0,0.0,4.0,1.0,0.0,4.0,4.0,15.0,21
431755,2018,2.0,0.0,2.0,3.0,2.0,6.0,0.0,0.0,5.0,1.0,21.0,29
431755,2019,0.0,0.0,0.0,2.0,1.0,10.0,2.0,0.0,3.0,1.0,19.0,21
431760,2012,24.0,5.0,11.0,10.0,9.0,73.0,14.0,8.0,93.0,21.0,292.0,460
431760,2013,0.0,0.0,0.0,0.0,0.0,0.0,0.0,0.0,0.0,0.0,301.0,461
431760,2014,19.0,2.0,4.0,3.0,6.0,78.0,34.0,6.0,115.0,12.0,280.0,449
431760,2015,22.0,2.0,6.0,9.0,11.0,84.0,36.0,13.0,97.0,15.0,295.0,500
431760,2016,21.0,3.0,10.0,13.0,8.0,93.0,24.0,12.0,63.0,27.0,280.0,471
431760,2017,31.0,2.0,13.0,7.0,11.0,87.0,23.0,6.0,83.0,17.0,282.0,450
431760,2018,19.0,3.0,10.0,10.0,7.0,105.0,23.0,10.0,59.0,38.0,284.0,476
431760,2019,31.0,2.0,9.0,8.0,8.0,104.0,24.0,15.0,64.0,36.0,301.0,443
431770,2012,5.0,0.0,0.0,2.0,2.0,15.0,4.0,1.0,12.0,8.0,51.0,110
431770,2013,0.0,0.0,0.0,0.0,0.0,0.0,0.0,0.0,0.0,0.0,58.0,112
431770,2014,5.0,0.0,2.0,1.0,3.0,12.0,8.0,2.0,15.0,6.0,54.0,103
431770,2015,4.0,0.0,2.0,1.0,0.0,20.0,8.0,1.0,7.0,9.0,52.0,97
431770,2016,5.0,0.0,0.0,2.0,0.0,15.0,6.0,6.0,16.0,13.0,63.0,98
431770,2017,5.0,0.0,0.0,1.0,0.0,24.0,4.0,7.0,18.0,18.0,77.0,109
431770,2018,9.0,0.0,4.0,1.0,2.0,28.0,2.0,6.0,20.0,13.0,85.0,122
431770,2019,3.0,0.0,2.0,3.0,1.0,31.0,5.0,9.0,8.0,9.0,71.0,108
431775,2012,1.0,0.0,0.0,3.0,7.0,0.0,0.0,1.0,5.0,0.0,17.0,20
431775,2013,0.0,0.0,0.0,0.0,0.0,0.0,0.0,0.0,0.0,0.0,17.0,23
431775,2014,3.0,0.0,0.0,1.0,0.0,3.0,1.0,0.0,3.0,0.0,11.0,15
431775,2015,4.0,0.0,2.0,1.0,0.0,8.0,2.0,0.0,7.0,1.0,25.0,34
431775,2016,0.0,0.0,0.0,0.0,0.0,8.0,1.0,1.0,2.0,0.0,12.0,14
431775,2017,1.0,0.0,0.0,0.0,0.0,5.0,2.0,1.0,3.0,2.0,14.0,17
431775,2018,0.0,0.0,0.0,1.0,1.0,4.0,0.0,0.0,7.0,2.0,15.0,20
431775,2019,3.0,0.0,2.0,0.0,0.0,4.0,4.0,1.0,0.0,1.0,15.0,23
431780,2012,4.0,0.0,2.0,2.0,1.0,8.0,0.0,1.0,8.0,3.0,158.0,195
431780,2013,0.0,0.0,0.0,0.0,0.0,0.0,0.0,0.0,0.0,0.0,156.0,190
431780,2014,11.0,1.0,0.0,1.0,0.0,56.0,17.0,2.0,36.0,18.0,151.0,198
431780,2015,22.0,0.0,6.0,6.0,3.0,71.0,11.0,3.0,45.0,10.0,177.0,220
431780,2016,17.0,0.0,6.0,5.0,6.0,67.0,11.0,0.0,46.0,5.0,163.0,196
431780,2017,16.0,1.0,2.0,3.0,4.0,62.0,13.0,3.0,48.0,3.0,155.0,183
431780,2018,13.0,0.0,0.0,2.0,3.0,56.0,13.0,2.0,33.0,13.0,149.0,173
431780,2019,22.0,0.0,2.0,12.0,8.0,45.0,15.0,1.0,40.0,2.0,149.0,170
431790,2012,13.0,0.0,0.0,1.0,0.0,37.0,5.0,0.0,35.0,22.0,114.0,139
431790,2013,0.0,0.0,0.0,0.0,0.0,0.0,0.0,0.0,0.0,0.0,117.0,145
431790,2014,13.0,0.0,4.0,1.0,2.0,47.0,11.0,5.0,37.0,21.0,141.0,161
431790,2015,5.0,0.0,2.0,0.0,0.0,34.0,6.0,2.0,41.0,6.0,96.0,145
431790,2016,5.0,0.0,0.0,0.0,0.0,28.0,14.0,3.0,37.0,9.0,96.0,128
431790,2017,8.0,0.0,1.0,1.0,2.0,50.0,6.0,1.0,39.0,13.0,121.0,151
431790,2018,17.0,0.0,4.0,2.0,0.0,48.0,12.0,5.0,52.0,19.0,159.0,188
431790,2019,3.0,0.0,8.0,5.0,2.0,56.0,12.0,4.0,40.0,12.0,142.0,171
431795,2012,0.0,0.0,0.0,2.0,0.0,2.0,1.0,1.0,2.0,1.0,13.0,16
431795,2013,0.0,0.0,0.0,0.0,0.0,0.0,0.0,0.0,0.0,0.0,17.0,21
431795,2014,1.0,0.0,2.0,0.0,0.0,9.0,3.0,3.0,3.0,4.0,25.0,28
431795,2015,2.0,0.0,0.0,0.0,0.0,4.0,1.0,2.0,4.0,3.0,16.0,21
431795,2016,0.0,1.0,0.0,0.0,0.0,9.0,0.0,0.0,4.0,3.0,18.0,24
431795,2017,2.0,0.0,2.0,1.0,0.0,6.0,1.0,1.0,7.0,4.0,24.0,29
431795,2018,1.0,0.0,0.0,0.0,1.0,3.0,0.0,0.0,3.0,4.0,12.0,18
431795,2019,0.0,0.0,0.0,1.0,0.0,3.0,1.0,0.0,1.0,0.0,6.0,14
431800,2012,40.0,0.0,16.0,13.0,9.0,149.0,51.0,13.0,154.0,52.0,530.0,761
431800,2013,0.0,0.0,0.0,0.0,0.0,0.0,0.0,0.0,0.0,0.0,594.0,774
431800,2014,39.0,2.0,9.0,6.0,6.0,175.0,66.0,39.0,177.0,76.0,598.0,735
431800,2015,42.0,2.0,20.0,6.0,16.0,201.0,69.0,34.0,199.0,83.0,672.0,806
431800,2016,44.0,0.0,16.0,15.0,9.0,225.0,56.0,27.0,177.0,74.0,643.0,807
431800,2017,53.0,1.0,16.0,13.0,16.0,246.0,63.0,18.0,225.0,68.0,719.0,823
431800,2018,60.0,1.0,16.0,8.0,12.0,260.0,56.0,21.0,142.0,79.0,655.0,763
431800,2019,56.0,1.0,12.0,21.0,12.0,282.0,61.0,25.0,179.0,70.0,719.0,812
431805,2012,1.0,0.0,0.0,1.0,1.0,8.0,0.0,0.0,4.0,2.0,18.0,27
431805,2013,0.0,0.0,0.0,0.0,0.0,0.0,0.0,0.0,0.0,0.0,15.0,16
431805,2014,2.0,0.0,0.0,0.0,0.0,5.0,2.0,1.0,2.0,1.0,13.0,23
431805,2015,1.0,0.0,0.0,1.0,0.0,4.0,2.0,0.0,7.0,0.0,15.0,22
431805,2016,0.0,0.0,0.0,3.0,2.0,3.0,1.0,0.0,4.0,3.0,16.0,22
431805,2017,4.0,0.0,6.0,0.0,0.0,5.0,1.0,0.0,4.0,2.0,22.0,28
431805,2018,0.0,0.0,0.0,2.0,1.0,2.0,2.0,0.0,3.0,2.0,12.0,20
431805,2019,2.0,0.0,0.0,2.0,2.0,11.0,1.0,0.0,6.0,0.0,24.0,28
431810,2012,6.0,0.0,6.0,4.0,3.0,37.0,11.0,6.0,15.0,15.0,108.0,174
431810,2013,0.0,0.0,0.0,0.0,0.0,0.0,0.0,0.0,0.0,0.0,107.0,177
431810,2014,7.0,1.0,2.0,8.0,6.0,32.0,17.0,6.0,33.0,17.0,129.0,215
431810,2015,9.0,1.0,0.0,6.0,5.0,41.0,15.0,2.0,27.0,19.0,128.0,196
431810,2016,9.0,1.0,9.0,10.0,7.0,32.0,8.0,5.0,21.0,7.0,110.0,174
431810,2017,9.0,0.0,0.0,4.0,2.0,30.0,10.0,3.0,30.0,7.0,95.0,178
431810,2018,7.0,0.0,4.0,2.0,2.0,23.0,9.0,3.0,29.0,7.0,86.0,151
431810,2019,13.0,0.0,2.0,5.0,8.0,37.0,15.0,0.0,29.0,1.0,110.0,174
431820,2012,18.0,0.0,2.0,5.0,5.0,21.0,9.0,1.0,33.0,5.0,151.0,283
431820,2013,0.0,0.0,0.0,0.0,0.0,0.0,0.0,0.0,0.0,0.0,145.0,264
431820,2014,7.0,1.0,5.0,13.0,7.0,40.0,7.0,5.0,43.0,9.0,138.0,261
431820,2015,6.0,0.0,3.0,12.0,6.0,50.0,14.0,3.0,40.0,14.0,153.0,274
431820,2016,10.0,0.0,3.0,10.0,1.0,53.0,10.0,11.0,44.0,17.0,195.0,294
431820,2017,4.0,0.0,4.0,4.0,3.0,76.0,17.0,7.0,51.0,24.0,208.0,275
431820,2018,11.0,0.0,4.0,5.0,2.0,72.0,7.0,4.0,33.0,11.0,149.0,249
431820,2019,11.0,0.0,3.0,3.0,6.0,59.0,13.0,7.0,37.0,17.0,158.0,269
431830,2012,41.0,2.0,10.0,8.0,16.0,174.0,38.0,20.0,168.0,111.0,588.0,790
431830,2013,0.0,0.0,0.0,0.0,0.0,0.0,0.0,0.0,0.0,0.0,583.0,774
431830,2014,41.0,1.0,14.0,17.0,11.0,207.0,40.0,31.0,120.0,88.0,571.0,765
431830,2015,38.0,2.0,18.0,9.0,13.0,217.0,62.0,50.0,120.0,116.0,645.0,812
431830,2016,50.0,3.0,19.0,10.0,16.0,224.0,45.0,42.0,109.0,124.0,642.0,832
431830,2017,49.0,0.0,14.0,11.0,7.0,253.0,26.0,53.0,90.0,137.0,641.0,802
431830,2018,37.0,2.0,19.0,13.0,16.0,230.0,26.0,57.0,77.0,171.0,648.0,795
431830,2019,30.0,4.0,17.0,12.0,11.0,269.0,35.0,40.0,128.0,105.0,651.0,792
431840,2012,13.0,2.0,8.0,4.0,4.0,51.0,4.0,3.0,55.0,7.0,200.0,295
431840,2013,0.0,0.0,0.0,0.0,0.0,0.0,0.0,0.0,0.0,0.0,177.0,270
431840,2014,8.0,0.0,4.0,6.0,4.0,78.0,27.0,9.0,66.0,4.0,208.0,288
431840,2015,18.0,0.0,13.0,0.0,2.0,58.0,26.0,6.0,74.0,12.0,209.0,302
431840,2016,14.0,1.0,6.0,3.0,5.0,55.0,19.0,2.0,47.0,14.0,166.0,264
431840,2017,19.0,1.0,6.0,5.0,2.0,74.0,18.0,1.0,50.0,13.0,189.0,290
431840,2018,15.0,0.0,10.0,1.0,2.0,68.0,18.0,5.0,36.0,24.0,179.0,257
431840,2019,16.0,0.0,4.0,7.0,6.0,73.0,16.0,9.0,44.0,30.0,205.0,294
431842,2012,3.0,0.0,0.0,0.0,0.0,1.0,0.0,0.0,0.0,2.0,16.0,23
431842,2013,0.0,0.0,0.0,0.0,0.0,0.0,0.0,0.0,0.0,0.0,27.0,34
431842,2014,4.0,0.0,0.0,1.0,4.0,7.0,2.0,4.0,3.0,9.0,35.0,42
431842,2015,1.0,0.0,0.0,0.0,2.0,6.0,2.0,7.0,4.0,4.0,26.0,33
431842,2016,1.0,0.0,2.0,0.0,2.0,9.0,0.0,1.0,11.0,6.0,32.0,41
431842,2017,1.0,0.0,2.0,0.0,1.0,7.0,1.0,3.0,6.0,9.0,31.0,37
431842,2018,1.0,0.0,0.0,0.0,0.0,9.0,2.0,4.0,9.0,10.0,35.0,51
431842,2019,4.0,0.0,0.0,0.0,1.0,10.0,1.0,1.0,7.0,3.0,27.0,39
431843,2012,2.0,0.0,0.0,0.0,1.0,4.0,1.0,1.0,5.0,1.0,16.0,24
431843,2013,0.0,0.0,0.0,0.0,0.0,0.0,0.0,0.0,0.0,0.0,15.0,21
431843,2014,4.0,0.0,2.0,2.0,0.0,7.0,1.0,1.0,5.0,0.0,22.0,31
431843,2015,6.0,0.0,0.0,0.0,0.0,2.0,0.0,0.0,3.0,1.0,12.0,20
431843,2016,1.0,0.0,0.0,0.0,0.0,6.0,1.0,0.0,4.0,0.0,12.0,23
431843,2017,2.0,0.0,0.0,0.0,0.0,6.0,3.0,1.0,7.0,1.0,20.0,29
431843,2018,5.0,0.0,0.0,1.0,2.0,3.0,1.0,0.0,7.0,2.0,21.0,27
431843,2019,5.0,0.0,0.0,0.0,0.0,7.0,1.0,0.0,2.0,0.0,15.0,28
431844,2012,2.0,0.0,0.0,0.0,0.0,8.0,0.0,2.0,2.0,7.0,22.0,22
431844,2013,0.0,0.0,0.0,0.0,0.0,0.0,0.0,0.0,0.0,0.0,15.0,17
431844,2014,2.0,0.0,0.0,0.0,1.0,4.0,1.0,2.0,9.0,4.0,23.0,26
431844,2015,2.0,0.0,0.0,0.0,0.0,11.0,0.0,1.0,3.0,5.0,22.0,26
431844,2016,1.0,0.0,0.0,0.0,0.0,8.0,2.0,0.0,1.0,6.0,18.0,18
431844,2017,6.0,0.0,2.0,0.0,0.0,3.0,0.0,0.0,6.0,4.0,21.0,22
431844,2018,2.0,0.0,0.0,0.0,0.0,9.0,1.0,1.0,7.0,3.0,23.0,24
431844,2019,1.0,0.0,1.0,0.0,1.0,6.0,1.0,0.0,8.0,3.0,21.0,22
431845,2012,1.0,0.0,0.0,1.0,0.0,6.0,0.0,1.0,4.0,3.0,22.0,23
431845,2013,0.0,0.0,0.0,0.0,0.0,0.0,0.0,0.0,0.0,0.0,27.0,28
431845,2014,1.0,1.0,1.0,1.0,0.0,4.0,2.0,1.0,8.0,2.0,22.0,22
431845,2015,0.0,0.0,0.0,0.0,0.0,15.0,1.0,1.0,7.0,1.0,25.0,26
431845,2016,0.0,0.0,0.0,0.0,0.0,5.0,0.0,1.0,9.0,3.0,18.0,22
431845,2017,1.0,0.0,0.0,0.0,0.0,15.0,1.0,0.0,7.0,1.0,25.0,26
431845,2018,1.0,0.0,2.0,0.0,0.0,13.0,0.0,2.0,3.0,5.0,30.0,31
431845,2019,0.0,0.0,2.0,0.0,0.0,11.0,1.0,0.0,2.0,3.0,19.0,21
431846,2012,2.0,1.0,2.0,0.0,0.0,3.0,0.0,0.0,3.0,1.0,12.0,14
431846,2013,0.0,0.0,0.0,0.0,0.0,0.0,0.0,0.0,0.0,0.0,15.0,18
431846,2014,2.0,0.0,0.0,0.0,0.0,9.0,3.0,1.0,4.0,0.0,19.0,22
431846,2015,0.0,1.0,0.0,1.0,0.0,4.0,3.0,0.0,7.0,1.0,17.0,22
431846,2016,3.0,1.0,0.0,2.0,0.0,3.0,1.0,0.0,3.0,1.0,14.0,17
431846,2017,1.0,1.0,0.0,1.0,0.0,8.0,3.0,0.0,5.0,1.0,20.0,21
431846,2018,0.0,0.0,0.0,0.0,0.0,3.0,2.0,0.0,5.0,3.0,13.0,16
431846,2019,1.0,0.0,0.0,1.0,1.0,7.0,0.0,1.0,3.0,0.0,14.0,20
431848,2012,1.0,2.0,0.0,2.0,1.0,9.0,3.0,0.0,7.0,1.0,29.0,40
431848,2013,0.0,0.0,0.0,0.0,0.0,0.0,0.0,0.0,0.0,0.0,33.0,47
431848,2014,0.0,2.0,0.0,0.0,1.0,11.0,1.0,1.0,13.0,2.0,31.0,41
431848,2015,1.0,0.0,0.0,0.0,2.0,10.0,4.0,0.0,8.0,6.0,31.0,43
431848,2016,2.0,0.0,2.0,0.0,2.0,10.0,2.0,1.0,9.0,2.0,30.0,35
431848,2017,1.0,0.0,0.0,1.0,1.0,11.0,3.0,2.0,11.0,1.0,31.0,42
431848,2018,1.0,0.0,0.0,1.0,0.0,10.0,4.0,0.0,12.0,2.0,30.0,40
431848,2019,2.0,1.0,0.0,3.0,0.0,8.0,3.0,0.0,9.0,2.0,28.0,40
431849,2012,0.0,0.0,0.0,0.0,0.0,0.0,0.0,0.0,5.0,1.0,13.0,13
431849,2013,0.0,0.0,0.0,0.0,0.0,0.0,0.0,0.0,0.0,0.0,15.0,15
431849,2014,1.0,0.0,0.0,2.0,0.0,10.0,2.0,1.0,4.0,1.0,21.0,24
431849,2015,1.0,0.0,0.0,0.0,1.0,8.0,2.0,0.0,6.0,1.0,19.0,22
431849,2016,2.0,0.0,0.0,0.0,0.0,5.0,2.0,0.0,8.0,1.0,18.0,19
431849,2017,1.0,0.0,2.0,1.0,0.0,8.0,3.0,0.0,10.0,1.0,26.0,33
431849,2018,0.0,0.0,2.0,1.0,0.0,6.0,2.0,0.0,7.0,1.0,19.0,19
431849,2019,1.0,0.0,0.0,0.0,0.0,7.0,1.0,1.0,6.0,0.0,16.0,17
431850,2012,23.0,0.0,4.0,2.0,3.0,15.0,17.0,7.0,40.0,10.0,154.0,282
431850,2013,0.0,0.0,0.0,0.0,0.0,0.0,0.0,0.0,0.0,0.0,149.0,260
431850,2014,13.0,0.0,2.0,0.0,2.0,38.0,16.0,3.0,48.0,29.0,166.0,290
431850,2015,12.0,4.0,2.0,3.0,3.0,41.0,20.0,16.0,34.0,27.0,162.0,303
431850,2016,17.0,3.0,7.0,3.0,4.0,51.0,24.0,11.0,39.0,25.0,186.0,312
431850,2017,17.0,2.0,4.0,3.0,3.0,44.0,8.0,9.0,40.0,30.0,169.0,293
431850,2018,14.0,3.0,4.0,3.0,4.0,46.0,10.0,5.0,19.0,22.0,130.0,262
431850,2019,17.0,1.0,6.0,4.0,3.0,37.0,5.0,6.0,23.0,24.0,127.0,271
431860,2012,6.0,2.0,2.0,1.0,0.0,19.0,3.0,2.0,11.0,10.0,60.0,79
431860,2013,0.0,0.0,0.0,0.0,0.0,0.0,0.0,0.0,0.0,0.0,55.0,74
431860,2014,2.0,1.0,2.0,1.0,3.0,12.0,5.0,2.0,8.0,8.0,45.0,71
431860,2015,5.0,2.0,2.0,1.0,2.0,20.0,1.0,5.0,14.0,11.0,64.0,85
431860,2016,8.0,0.0,0.0,0.0,1.0,12.0,0.0,1.0,11.0,7.0,41.0,58
431860,2017,2.0,0.0,2.0,0.0,2.0,29.0,7.0,1.0,12.0,9.0,64.0,83
431860,2018,5.0,0.0,2.0,1.0,0.0,22.0,2.0,5.0,14.0,16.0,68.0,88
431860,2019,4.0,0.0,0.0,4.0,0.0,31.0,5.0,1.0,9.0,2.0,56.0,73
431861,2012,0.0,0.0,2.0,1.0,0.0,5.0,2.0,0.0,1.0,3.0,15.0,19
431861,2013,0.0,0.0,0.0,0.0,0.0,0.0,0.0,0.0,0.0,0.0,13.0,14
431861,2014,1.0,0.0,0.0,0.0,2.0,7.0,2.0,0.0,3.0,1.0,16.0,18
431861,2015,2.0,0.0,0.0,0.0,0.0,6.0,1.0,0.0,3.0,5.0,17.0,22
431861,2016,1.0,0.0,0.0,1.0,1.0,12.0,0.0,1.0,9.0,0.0,25.0,31
431861,2017,1.0,1.0,2.0,0.0,0.0,7.0,2.0,0.0,5.0,0.0,18.0,22
431861,2018,4.0,0.0,0.0,0.0,3.0,5.0,2.0,0.0,4.0,1.0,19.0,29
431861,2019,0.0,0.0,0.0,0.0,1.0,7.0,1.0,0.0,9.0,4.0,22.0,29
431862,2012,3.0,0.0,0.0,1.0,0.0,4.0,0.0,0.0,0.0,2.0,23.0,36
431862,2013,0.0,0.0,0.0,0.0,0.0,0.0,0.0,0.0,0.0,0.0,26.0,47
431862,2014,0.0,0.0,0.0,0.0,0.0,6.0,2.0,1.0,3.0,3.0,23.0,42
431862,2015,2.0,0.0,0.0,0.0,3.0,10.0,2.0,1.0,2.0,5.0,29.0,58
431862,2016,2.0,0.0,3.0,0.0,1.0,9.0,1.0,1.0,4.0,2.0,31.0,54
431862,2017,3.0,0.0,0.0,2.0,1.0,10.0,1.0,0.0,2.0,6.0,25.0,54
431862,2018,6.0,0.0,0.0,2.0,1.0,7.0,0.0,2.0,1.0,2.0,22.0,62
431862,2019,2.0,0.0,4.0,0.0,1.0,14.0,3.0,2.0,4.0,6.0,36.0,67
431870,2012,188.0,8.0,64.0,42.0,70.0,389.0,135.0,42.0,520.0,110.0,1738.0,2878
431870,2013,0.0,0.0,0.0,0.0,0.0,0.0,0.0,0.0,0.0,0.0,1810.0,3090
431870,2014,155.0,9.0,62.0,43.0,41.0,497.0,213.0,51.0,557.0,135.0,1771.0,3063
431870,2015,170.0,11.0,52.0,36.0,52.0,539.0,197.0,52.0,527.0,124.0,1762.0,3109
431870,2016,159.0,16.0,50.0,48.0,43.0,438.0,190.0,36.0,433.0,130.0,1543.0,2869
431870,2017,152.0,7.0,62.0,50.0,41.0,514.0,209.0,31.0,488.0,88.0,1683.0,2981
431870,2018,158.0,9.0,66.0,49.0,38.0,472.0,124.0,84.0,310.0,156.0,1702.0,2890
431870,2019,205.0,7.0,54.0,67.0,41.0,501.0,114.0,98.0,300.0,203.0,1601.0,2710
431880,2012,7.0,2.0,6.0,12.0,15.0,71.0,9.0,17.0,18.0,102.0,263.0,466
431880,2013,0.0,0.0,0.0,0.0,0.0,0.0,0.0,0.0,0.0,0.0,255.0,390
431880,2014,13.0,1.0,10.0,3.0,6.0,83.0,20.0,37.0,34.0,89.0,297.0,483
431880,2015,14.0,0.0,2.0,4.0,3.0,103.0,3.0,47.0,5.0,107.0,288.0,430
431880,2016,21.0,0.0,13.0,5.0,2.0,84.0,8.0,36.0,18.0,88.0,278.0,449
431880,2017,18.0,2.0,13.0,9.0,10.0,105.0,1.0,30.0,12.0,76.0,279.0,438
431880,2018,20.0,5.0,6.0,7.0,11.0,106.0,9.0,37.0,21.0,79.0,302.0,477
431880,2019,13.0,2.0,4.0,12.0,9.0,90.0,9.0,19.0,20.0,77.0,256.0,396
431890,2012,16.0,1.0,4.0,8.0,6.0,72.0,5.0,7.0,51.0,40.0,213.0,405
431890,2013,0.0,0.0,0.0,0.0,0.0,0.0,0.0,0.0,0.0,0.0,229.0,424
431890,2014,21.0,2.0,6.0,10.0,8.0,73.0,11.0,9.0,44.0,37.0,221.0,416
431890,2015,35.0,2.0,3.0,11.0,10.0,71.0,17.0,21.0,49.0,53.0,272.0,493
431890,2016,35.0,3.0,9.0,7.0,7.0,87.0,19.0,21.0,39.0,57.0,285.0,483
431890,2017,25.0,1.0,6.0,10.0,8.0,95.0,17.0,26.0,24.0,58.0,270.0,436
431890,2018,36.0,1.0,9.0,4.0,5.0,84.0,12.0,19.0,33.0,68.0,271.0,437
431890,2019,30.0,2.0,9.0,6.0,2.0,109.0,20.0,30.0,58.0,79.0,345.0,521
431900,2012,19.0,2.0,13.0,2.0,4.0,44.0,15.0,0.0,68.0,4.0,174.0,226
431900,2013,0.0,0.0,0.0,0.0,0.0,0.0,0.0,0.0,0.0,0.0,200.0,248
431900,2014,14.0,0.0,8.0,5.0,4.0,50.0,20.0,1.0,75.0,2.0,181.0,238
431900,2015,7.0,0.0,9.0,2.0,2.0,62.0,26.0,4.0,85.0,6.0,204.0,260
431900,2016,16.0,0.0,0.0,3.0,4.0,74.0,21.0,1.0,66.0,6.0,191.0,227
431900,2017,18.0,0.0,4.0,9.0,1.0,59.0,23.0,1.0,69.0,3.0,187.0,215
431900,2018,10.0,1.0,2.0,1.0,3.0,60.0,24.0,1.0,76.0,6.0,184.0,213
431900,2019,17.0,0.0,6.0,4.0,2.0,86.0,17.0,2.0,64.0,4.0,202.0,241
431910,2012,0.0,1.0,2.0,0.0,0.0,5.0,1.0,0.0,2.0,1.0,51.0,58
431910,2013,0.0,0.0,0.0,0.0,0.0,0.0,0.0,0.0,0.0,0.0,51.0,62
431910,2014,3.0,0.0,0.0,0.0,2.0,8.0,6.0,0.0,11.0,5.0,38.0,46
431910,2015,5.0,0.0,2.0,2.0,1.0,15.0,8.0,0.0,16.0,2.0,51.0,62
431910,2016,6.0,0.0,0.0,1.0,1.0,13.0,5.0,0.0,26.0,3.0,55.0,67
431910,2017,2.0,0.0,0.0,1.0,1.0,13.0,4.0,1.0,22.0,0.0,44.0,54
431910,2018,5.0,0.0,4.0,1.0,1.0,21.0,4.0,0.0,12.0,7.0,61.0,65
431910,2019,3.0,0.0,0.0,1.0,1.0,17.0,6.0,0.0,14.0,1.0,46.0,56
431912,2012,1.0,0.0,0.0,0.0,0.0,2.0,1.0,1.0,4.0,3.0,12.0,26
431912,2013,0.0,0.0,0.0,0.0,0.0,0.0,0.0,0.0,0.0,0.0,22.0,31
431912,2014,2.0,0.0,2.0,0.0,2.0,3.0,4.0,2.0,9.0,2.0,26.0,31
431912,2015,3.0,0.0,0.0,0.0,0.0,9.0,2.0,0.0,5.0,0.0,20.0,29
431912,2016,6.0,0.0,0.0,0.0,0.0,10.0,2.0,2.0,6.0,1.0,27.0,36
431912,2017,7.0,0.0,0.0,0.0,0.0,7.0,3.0,0.0,6.0,2.0,25.0,32
431912,2018,1.0,0.0,0.0,0.0,1.0,6.0,2.0,0.0,3.0,0.0,13.0,18
431912,2019,0.0,0.0,0.0,1.0,0.0,5.0,4.0,1.0,6.0,0.0,17.0,29
431915,2012,9.0,1.0,0.0,3.0,0.0,20.0,1.0,0.0,14.0,8.0,57.0,92
431915,2013,0.0,0.0,0.0,0.0,0.0,0.0,0.0,0.0,0.0,0.0,53.0,92
431915,2014,4.0,0.0,0.0,0.0,2.0,19.0,4.0,3.0,15.0,9.0,56.0,89
431915,2015,6.0,0.0,0.0,2.0,2.0,30.0,7.0,1.0,22.0,4.0,74.0,106
431915,2016,7.0,0.0,2.0,1.0,1.0,19.0,1.0,0.0,14.0,0.0,45.0,72
431915,2017,3.0,0.0,4.0,0.0,2.0,26.0,12.0,2.0,13.0,3.0,65.0,90
431915,2018,6.0,0.0,0.0,4.0,0.0,21.0,3.0,0.0,15.0,4.0,53.0,72
431915,2019,2.0,0.0,0.0,3.0,0.0,11.0,6.0,1.0,13.0,10.0,46.0,73
431920,2012,3.0,1.0,0.0,2.0,0.0,11.0,1.0,0.0,9.0,6.0,34.0,72
431920,2013,0.0,0.0,0.0,0.0,0.0,0.0,0.0,0.0,0.0,0.0,30.0,54
431920,2014,3.0,0.0,0.0,1.0,0.0,9.0,1.0,1.0,6.0,2.0,23.0,47
431920,2015,5.0,0.0,2.0,3.0,0.0,7.0,2.0,2.0,7.0,5.0,33.0,56
431920,2016,4.0,1.0,2.0,0.0,0.0,8.0,3.0,2.0,5.0,4.0,29.0,57
431920,2017,0.0,0.0,0.0,1.0,1.0,13.0,0.0,4.0,5.0,10.0,34.0,59
431920,2018,2.0,1.0,1.0,1.0,2.0,5.0,0.0,3.0,2.0,6.0,23.0,46
431920,2019,4.0,0.0,0.0,1.0,1.0,12.0,0.0,6.0,4.0,5.0,33.0,54
431930,2012,4.0,0.0,5.0,1.0,0.0,9.0,0.0,6.0,4.0,13.0,45.0,60
431930,2013,0.0,0.0,0.0,0.0,0.0,0.0,0.0,0.0,0.0,0.0,31.0,42
431930,2014,1.0,0.0,0.0,0.0,0.0,14.0,0.0,2.0,4.0,13.0,34.0,47
431930,2015,4.0,0.0,0.0,2.0,0.0,8.0,0.0,2.0,3.0,13.0,32.0,41
431930,2016,2.0,0.0,0.0,0.0,1.0,18.0,0.0,6.0,2.0,10.0,39.0,49
431930,2017,1.0,1.0,0.0,0.0,1.0,13.0,1.0,2.0,8.0,8.0,35.0,45
431930,2018,7.0,0.0,0.0,1.0,0.0,15.0,3.0,1.0,12.0,3.0,42.0,55
431930,2019,4.0,0.0,2.0,0.0,0.0,13.0,1.0,0.0,8.0,5.0,33.0,46
431935,2012,3.0,0.0,1.0,0.0,2.0,3.0,1.0,0.0,10.0,0.0,23.0,33
431935,2013,0.0,0.0,0.0,0.0,0.0,0.0,0.0,0.0,0.0,0.0,32.0,46
431935,2014,3.0,0.0,0.0,4.0,2.0,5.0,2.0,2.0,5.0,1.0,24.0,38
431935,2015,0.0,0.0,2.0,0.0,1.0,7.0,6.0,0.0,6.0,5.0,27.0,35
431935,2016,1.0,0.0,0.0,0.0,1.0,9.0,4.0,0.0,12.0,2.0,29.0,42
431935,2017,2.0,0.0,2.0,1.0,0.0,6.0,3.0,1.0,12.0,5.0,32.0,42
431935,2018,1.0,0.0,2.0,0.0,1.0,11.0,4.0,0.0,10.0,3.0,32.0,42
431935,2019,1.0,0.0,0.0,0.0,0.0,10.0,3.0,0.0,9.0,2.0,25.0,31
431936,2012,3.0,0.0,0.0,2.0,0.0,8.0,5.0,0.0,1.0,6.0,27.0,28
431936,2013,0.0,0.0,0.0,0.0,0.0,0.0,0.0,0.0,0.0,0.0,20.0,21
431936,2014,2.0,0.0,0.0,0.0,0.0,13.0,1.0,0.0,5.0,3.0,24.0,24
431936,2015,1.0,0.0,0.0,1.0,0.0,7.0,0.0,0.0,7.0,3.0,20.0,22
431936,2016,0.0,0.0,0.0,0.0,1.0,10.0,0.0,2.0,3.0,8.0,26.0,28
431936,2017,3.0,0.0,0.0,0.0,0.0,11.0,0.0,0.0,5.0,3.0,22.0,25
431936,2018,0.0,0.0,0.0,0.0,0.0,8.0,2.0,1.0,4.0,3.0,18.0,19
431936,2019,1.0,0.0,2.0,0.0,0.0,7.0,1.0,0.0,5.0,2.0,18.0,18
431937,2012,1.0,0.0,0.0,0.0,0.0,7.0,0.0,2.0,3.0,4.0,18.0,24
431937,2013,0.0,0.0,0.0,0.0,0.0,0.0,0.0,0.0,0.0,0.0,18.0,21
431937,2014,3.0,0.0,1.0,0.0,1.0,8.0,0.0,1.0,5.0,7.0,26.0,34
431937,2015,2.0,0.0,0.0,1.0,1.0,3.0,2.0,1.0,5.0,4.0,19.0,24
431937,2016,0.0,0.0,0.0,0.0,1.0,4.0,0.0,0.0,10.0,1.0,16.0,20
431937,2017,3.0,0.0,0.0,0.0,3.0,7.0,2.0,1.0,5.0,1.0,22.0,31
431937,2018,3.0,0.0,0.0,0.0,2.0,8.0,2.0,0.0,6.0,1.0,22.0,25
431937,2019,0.0,0.0,2.0,3.0,1.0,12.0,2.0,0.0,5.0,1.0,26.0,36
431940,2012,12.0,0.0,4.0,3.0,2.0,28.0,7.0,5.0,24.0,17.0,102.0,149
431940,2013,0.0,0.0,0.0,0.0,0.0,0.0,0.0,0.0,0.0,0.0,108.0,159
431940,2014,10.0,0.0,2.0,3.0,2.0,22.0,8.0,4.0,32.0,11.0,97.0,153
431940,2015,10.0,0.0,2.0,2.0,3.0,32.0,8.0,4.0,33.0,7.0,103.0,162
431940,2016,12.0,1.0,6.0,1.0,4.0,23.0,13.0,4.0,25.0,12.0,101.0,162
431940,2017,10.0,1.0,2.0,6.0,2.0,35.0,10.0,5.0,28.0,6.0,105.0,153
431940,2018,6.0,1.0,3.0,3.0,3.0,38.0,2.0,1.0,16.0,6.0,79.0,143
431940,2019,13.0,1.0,0.0,6.0,2.0,45.0,8.0,3.0,28.0,2.0,108.0,181
431950,2012,29.0,0.0,5.0,4.0,11.0,45.0,9.0,6.0,44.0,29.0,225.0,317
431950,2013,0.0,0.0,0.0,0.0,0.0,0.0,0.0,0.0,0.0,0.0,221.0,328
431950,2014,11.0,0.0,9.0,7.0,3.0,89.0,19.0,7.0,43.0,24.0,217.0,353
431950,2015,14.0,1.0,6.0,15.0,7.0,79.0,17.0,7.0,46.0,30.0,223.0,354
431950,2016,21.0,1.0,0.0,3.0,7.0,71.0,14.0,9.0,52.0,18.0,201.0,341
431950,2017,25.0,0.0,4.0,5.0,4.0,71.0,11.0,5.0,35.0,34.0,195.0,303
431950,2018,7.0,0.0,11.0,11.0,5.0,97.0,16.0,3.0,38.0,21.0,209.0,328
431950,2019,16.0,0.0,10.0,8.0,8.0,65.0,9.0,8.0,55.0,16.0,197.0,298
431960,2012,17.0,2.0,4.0,5.0,5.0,47.0,5.0,10.0,37.0,41.0,176.0,242
431960,2013,0.0,0.0,0.0,0.0,0.0,0.0,0.0,0.0,0.0,0.0,197.0,254
431960,2014,11.0,0.0,0.0,2.0,5.0,66.0,6.0,8.0,46.0,25.0,170.0,243
431960,2015,11.0,0.0,12.0,3.0,5.0,62.0,6.0,10.0,35.0,34.0,179.0,261
431960,2016,12.0,0.0,4.0,3.0,1.0,52.0,7.0,9.0,24.0,26.0,144.0,218
431960,2017,13.0,0.0,4.0,3.0,4.0,54.0,11.0,6.0,46.0,24.0,165.0,259
431960,2018,10.0,0.0,4.0,6.0,3.0,63.0,12.0,2.0,33.0,24.0,157.0,255
431960,2019,12.0,1.0,8.0,5.0,2.0,69.0,8.0,6.0,35.0,16.0,162.0,247
431970,2012,4.0,0.0,0.0,0.0,1.0,3.0,3.0,0.0,9.0,2.0,22.0,31
431970,2013,0.0,0.0,0.0,0.0,0.0,0.0,0.0,0.0,0.0,0.0,18.0,27
431970,2014,0.0,0.0,0.0,0.0,0.0,8.0,2.0,0.0,8.0,1.0,19.0,38
431970,2015,3.0,0.0,0.0,0.0,0.0,6.0,4.0,0.0,5.0,3.0,21.0,42
431970,2016,3.0,0.0,2.0,0.0,1.0,7.0,1.0,0.0,10.0,1.0,27.0,40
431970,2017,2.0,0.0,0.0,0.0,2.0,6.0,0.0,1.0,5.0,1.0,17.0,31
431970,2018,1.0,0.0,0.0,0.0,0.0,11.0,0.0,1.0,6.0,5.0,24.0,37
431970,2019,1.0,0.0,0.0,0.0,0.0,11.0,2.0,0.0,5.0,1.0,20.0,31
431971,2012,2.0,0.0,0.0,0.0,1.0,1.0,0.0,0.0,0.0,0.0,5.0,5
431971,2013,0.0,0.0,0.0,0.0,0.0,0.0,0.0,0.0,0.0,0.0,14.0,15
431971,2014,1.0,0.0,0.0,1.0,2.0,5.0,1.0,0.0,4.0,3.0,17.0,20
431971,2015,3.0,0.0,0.0,3.0,0.0,4.0,1.0,1.0,3.0,5.0,20.0,22
431971,2016,0.0,0.0,0.0,1.0,1.0,5.0,2.0,1.0,5.0,2.0,17.0,18
431971,2017,1.0,0.0,0.0,0.0,2.0,3.0,1.0,0.0,2.0,0.0,9.0,9
431971,2018,1.0,0.0,0.0,0.0,0.0,3.0,1.0,0.0,3.0,1.0,9.0,13
431971,2019,1.0,0.0,0.0,1.0,1.0,3.0,1.0,0.0,1.0,1.0,9.0,14
431973,2012,2.0,0.0,0.0,0.0,0.0,1.0,1.0,0.0,1.0,0.0,35.0,49
431973,2013,0.0,0.0,0.0,0.0,0.0,0.0,0.0,0.0,0.0,0.0,35.0,42
431973,2014,2.0,0.0,0.0,0.0,1.0,9.0,2.0,0.0,6.0,4.0,25.0,30
431973,2015,7.0,0.0,0.0,0.0,0.0,4.0,1.0,0.0,5.0,2.0,19.0,32
431973,2016,7.0,0.0,0.0,0.0,0.0,13.0,0.0,0.0,8.0,2.0,30.0,36
431973,2017,3.0,0.0,0.0,0.0,0.0,11.0,4.0,0.0,13.0,1.0,32.0,37
431973,2018,7.0,0.0,0.0,2.0,1.0,15.0,2.0,1.0,8.0,2.0,40.0,45
431973,2019,11.0,0.0,0.0,0.0,0.0,7.0,4.0,0.0,12.0,1.0,35.0,37
431975,2012,1.0,0.0,0.0,1.0,0.0,4.0,2.0,0.0,5.0,5.0,18.0,20
431975,2013,0.0,0.0,0.0,0.0,0.0,0.0,0.0,0.0,0.0,0.0,17.0,21
431975,2014,1.0,0.0,0.0,0.0,0.0,5.0,0.0,2.0,7.0,1.0,16.0,21
431975,2015,2.0,0.0,2.0,2.0,0.0,10.0,1.0,1.0,5.0,0.0,23.0,25
431975,2016,0.0,0.0,0.0,1.0,0.0,3.0,1.0,0.0,4.0,6.0,15.0,20
431975,2017,2.0,0.0,0.0,0.0,0.0,8.0,0.0,0.0,6.0,2.0,18.0,21
431975,2018,0.0,0.0,0.0,0.0,1.0,9.0,1.0,0.0,7.0,1.0,19.0,27
431975,2019,0.0,0.0,0.0,0.0,0.0,8.0,3.0,0.0,3.0,0.0,14.0,23
431980,2012,4.0,1.0,1.0,2.0,0.0,8.0,1.0,1.0,10.0,4.0,32.0,87
431980,2013,0.0,0.0,0.0,0.0,0.0,0.0,0.0,0.0,0.0,0.0,55.0,101
431980,2014,4.0,1.0,0.0,4.0,1.0,10.0,6.0,1.0,16.0,3.0,48.0,91
431980,2015,5.0,1.0,0.0,3.0,1.0,17.0,8.0,3.0,18.0,6.0,62.0,101
431980,2016,2.0,0.0,2.0,1.0,7.0,19.0,4.0,3.0,16.0,8.0,62.0,99
431980,2017,6.0,0.0,2.0,3.0,0.0,16.0,1.0,1.0,14.0,6.0,49.0,92
431980,2018,2.0,0.0,2.0,1.0,2.0,11.0,7.0,3.0,10.0,5.0,43.0,73
431980,2019,1.0,0.0,0.0,1.0,0.0,22.0,2.0,0.0,12.0,6.0,44.0,79
431990,2012,86.0,3.0,18.0,12.0,20.0,181.0,41.0,9.0,213.0,58.0,697.0,1084
431990,2013,0.0,0.0,0.0,0.0,0.0,0.0,0.0,0.0,0.0,0.0,740.0,1114
431990,2014,56.0,0.0,16.0,20.0,25.0,233.0,47.0,54.0,158.0,120.0,772.0,1199
431990,2015,64.0,2.0,16.0,24.0,23.0,237.0,74.0,29.0,183.0,96.0,749.0,1213
431990,2016,42.0,0.0,22.0,20.0,17.0,237.0,73.0,23.0,216.0,51.0,702.0,1148
431990,2017,48.0,2.0,16.0,22.0,21.0,248.0,76.0,10.0,244.0,49.0,736.0,1198
431990,2018,64.0,1.0,29.0,24.0,23.0,266.0,88.0,29.0,196.0,82.0,802.0,1198
431990,2019,58.0,1.0,29.0,17.0,14.0,289.0,69.0,25.0,184.0,66.0,752.0,1174
432000,2012,116.0,2.0,25.0,21.0,43.0,294.0,96.0,17.0,384.0,63.0,1134.0,1902
432000,2013,0.0,0.0,0.0,0.0,0.0,0.0,0.0,0.0,0.0,0.0,1066.0,1912
432000,2014,86.0,1.0,25.0,34.0,36.0,322.0,140.0,38.0,337.0,93.0,1117.0,2012
432000,2015,98.0,3.0,28.0,37.0,27.0,396.0,152.0,31.0,300.0,85.0,1159.0,2057
432000,2016,98.0,8.0,37.0,31.0,27.0,361.0,103.0,35.0,271.0,81.0,1055.0,1910
432000,2017,88.0,4.0,28.0,36.0,35.0,344.0,114.0,27.0,322.0,42.0,1047.0,1855
432000,2018,103.0,6.0,30.0,41.0,28.0,315.0,116.0,20.0,282.0,42.0,984.0,1749
432000,2019,82.0,5.0,25.0,31.0,22.0,314.0,96.0,23.0,234.0,48.0,880.0,1551
432010,2012,17.0,3.0,9.0,4.0,8.0,15.0,4.0,3.0,19.0,7.0,212.0,257
432010,2013,0.0,0.0,0.0,0.0,0.0,0.0,0.0,0.0,0.0,0.0,191.0,256
432010,2014,26.0,0.0,11.0,15.0,7.0,50.0,14.0,2.0,53.0,20.0,201.0,277
432010,2015,14.0,3.0,7.0,5.0,5.0,66.0,17.0,7.0,66.0,22.0,216.0,312
432010,2016,16.0,5.0,5.0,6.0,11.0,50.0,18.0,1.0,47.0,15.0,178.0,272
432010,2017,27.0,1.0,7.0,5.0,5.0,95.0,15.0,5.0,47.0,19.0,230.0,320
432010,2018,14.0,0.0,6.0,5.0,13.0,87.0,13.0,2.0,47.0,14.0,204.0,309
432010,2019,27.0,0.0,18.0,7.0,8.0,90.0,19.0,2.0,52.0,11.0,234.0,324
432020,2012,3.0,0.0,0.0,0.0,0.0,8.0,0.0,0.0,0.0,3.0,69.0,96
432020,2013,0.0,0.0,0.0,0.0,0.0,0.0,0.0,0.0,0.0,0.0,101.0,136
432020,2014,21.0,0.0,4.0,2.0,1.0,37.0,12.0,1.0,48.0,11.0,139.0,166
432020,2015,12.0,1.0,3.0,7.0,7.0,34.0,7.0,1.0,33.0,1.0,106.0,156
432020,2016,12.0,0.0,2.0,5.0,2.0,40.0,22.0,0.0,39.0,3.0,125.0,150
432020,2017,13.0,2.0,2.0,4.0,2.0,52.0,10.0,4.0,43.0,15.0,147.0,174
432020,2018,4.0,0.0,4.0,2.0,3.0,55.0,6.0,3.0,34.0,7.0,119.0,172
432020,2019,5.0,0.0,0.0,3.0,0.0,50.0,21.0,2.0,35.0,8.0,124.0,184
432023,2012,3.0,0.0,0.0,0.0,0.0,5.0,0.0,0.0,4.0,1.0,19.0,28
432023,2013,0.0,0.0,0.0,0.0,0.0,0.0,0.0,0.0,0.0,0.0,22.0,30
432023,2014,3.0,0.0,0.0,2.0,0.0,6.0,0.0,2.0,9.0,1.0,24.0,31
432023,2015,4.0,0.0,0.0,0.0,0.0,8.0,4.0,0.0,7.0,1.0,24.0,31
432023,2016,4.0,0.0,0.0,0.0,1.0,5.0,1.0,1.0,8.0,0.0,20.0,27
432023,2017,2.0,0.0,0.0,0.0,0.0,10.0,4.0,0.0,10.0,3.0,29.0,32
432023,2018,0.0,0.0,0.0,0.0,0.0,19.0,5.0,0.0,7.0,0.0,31.0,37
432023,2019,7.0,0.0,0.0,1.0,0.0,10.0,4.0,0.0,3.0,1.0,33.0,38
432026,2012,5.0,0.0,1.0,0.0,2.0,19.0,3.0,3.0,1.0,12.0,47.0,65
432026,2013,0.0,0.0,0.0,0.0,0.0,0.0,0.0,0.0,0.0,0.0,50.0,62
432026,2014,4.0,1.0,0.0,0.0,0.0,10.0,4.0,2.0,20.0,4.0,45.0,58
432026,2015,4.0,5.0,2.0,1.0,0.0,11.0,3.0,2.0,15.0,8.0,51.0,79
432026,2016,3.0,3.0,0.0,1.0,3.0,21.0,9.0,3.0,18.0,4.0,65.0,84
432026,2017,4.0,4.0,0.0,1.0,2.0,16.0,8.0,2.0,13.0,4.0,54.0,64
432026,2018,4.0,5.0,4.0,5.0,6.0,18.0,4.0,2.0,18.0,2.0,68.0,90
432026,2019,5.0,0.0,2.0,2.0,1.0,21.0,3.0,1.0,17.0,3.0,55.0,71
432030,2012,1.0,3.0,0.0,1.0,0.0,12.0,0.0,0.0,2.0,0.0,47.0,56
432030,2013,0.0,0.0,0.0,0.0,0.0,0.0,0.0,0.0,0.0,0.0,40.0,47
432030,2014,2.0,3.0,0.0,1.0,1.0,31.0,0.0,0.0,2.0,5.0,47.0,56
432030,2015,2.0,0.0,2.0,2.0,1.0,15.0,2.0,3.0,3.0,8.0,38.0,51
432030,2016,4.0,1.0,2.0,1.0,2.0,13.0,4.0,2.0,12.0,6.0,47.0,57
432030,2017,0.0,0.0,2.0,0.0,2.0,20.0,2.0,1.0,16.0,1.0,44.0,51
432030,2018,5.0,0.0,0.0,0.0,2.0,17.0,9.0,1.0,14.0,4.0,52.0,63
432030,2019,3.0,0.0,2.0,3.0,1.0,17.0,2.0,1.0,13.0,0.0,42.0,44
432032,2012,1.0,1.0,0.0,0.0,1.0,6.0,1.0,0.0,8.0,0.0,20.0,23
432032,2013,0.0,0.0,0.0,0.0,0.0,0.0,0.0,0.0,0.0,0.0,19.0,23
432032,2014,2.0,1.0,0.0,1.0,0.0,10.0,2.0,0.0,13.0,4.0,33.0,37
432032,2015,2.0,0.0,0.0,0.0,1.0,7.0,4.0,0.0,9.0,0.0,23.0,28
432032,2016,1.0,0.0,0.0,2.0,0.0,8.0,2.0,0.0,8.0,0.0,21.0,27
432032,2017,1.0,0.0,0.0,1.0,1.0,13.0,3.0,0.0,5.0,2.0,26.0,33
432032,2018,1.0,0.0,0.0,0.0,3.0,6.0,1.0,0.0,5.0,2.0,18.0,24
432032,2019,1.0,0.0,0.0,0.0,0.0,15.0,4.0,0.0,5.0,0.0,25.0,30
432035,2012,2.0,0.0,0.0,1.0,0.0,9.0,4.0,0.0,8.0,4.0,31.0,51
432035,2013,0.0,0.0,0.0,0.0,0.0,0.0,0.0,0.0,0.0,0.0,26.0,52
432035,2014,3.0,0.0,2.0,1.0,1.0,8.0,3.0,4.0,6.0,3.0,31.0,54
432035,2015,3.0,0.0,0.0,2.0,0.0,7.0,0.0,2.0,3.0,3.0,20.0,52
432035,2016,2.0,0.0,0.0,0.0,1.0,11.0,1.0,2.0,5.0,7.0,29.0,51
432035,2017,4.0,0.0,0.0,0.0,1.0,7.0,2.0,1.0,5.0,1.0,21.0,52
432035,2018,6.0,0.0,1.0,0.0,3.0,9.0,2.0,0.0,7.0,5.0,33.0,65
432035,2019,2.0,0.0,0.0,3.0,1.0,3.0,2.0,1.0,7.0,2.0,21.0,40
432040,2012,8.0,2.0,4.0,1.0,3.0,31.0,7.0,1.0,38.0,9.0,113.0,170
432040,2013,0.0,0.0,0.0,0.0,0.0,0.0,0.0,0.0,0.0,0.0,116.0,168
432040,2014,18.0,0.0,4.0,1.0,2.0,30.0,18.0,3.0,39.0,8.0,123.0,186
432040,2015,19.0,0.0,0.0,6.0,11.0,39.0,13.0,3.0,39.0,7.0,137.0,208
432040,2016,12.0,1.0,4.0,4.0,3.0,43.0,16.0,6.0,37.0,9.0,135.0,213
432040,2017,24.0,1.0,4.0,3.0,9.0,39.0,10.0,2.0,40.0,6.0,138.0,202
432040,2018,19.0,0.0,6.0,2.0,0.0,35.0,17.0,1.0,36.0,5.0,121.0,176
432040,2019,17.0,4.0,2.0,4.0,3.0,61.0,14.0,2.0,23.0,7.0,137.0,202
432045,2012,2.0,0.0,0.0,0.0,0.0,0.0,0.0,2.0,2.0,1.0,7.0,12
432045,2013,0.0,0.0,0.0,0.0,0.0,0.0,0.0,0.0,0.0,0.0,16.0,26
432045,2014,1.0,0.0,0.0,0.0,0.0,3.0,2.0,0.0,2.0,0.0,8.0,13
432045,2015,0.0,0.0,0.0,0.0,1.0,0.0,0.0,0.0,2.0,0.0,3.0,16
432045,2016,0.0,1.0,3.0,0.0,0.0,1.0,0.0,0.0,2.0,1.0,8.0,19
432045,2017,2.0,0.0,2.0,2.0,0.0,3.0,2.0,0.0,4.0,2.0,17.0,24
432045,2018,0.0,0.0,1.0,0.0,0.0,2.0,1.0,1.0,1.0,1.0,7.0,13
432045,2019,1.0,0.0,0.0,0.0,0.0,4.0,1.0,3.0,0.0,0.0,9.0,14
432050,2012,3.0,0.0,0.0,1.0,2.0,10.0,2.0,0.0,12.0,1.0,31.0,52
432050,2013,0.0,0.0,0.0,0.0,0.0,0.0,0.0,0.0,0.0,0.0,39.0,60
432050,2014,2.0,0.0,0.0,0.0,0.0,8.0,1.0,0.0,13.0,0.0,24.0,47
432050,2015,3.0,0.0,0.0,0.0,0.0,11.0,3.0,2.0,10.0,0.0,30.0,50
432050,2016,7.0,0.0,4.0,0.0,2.0,12.0,2.0,0.0,17.0,0.0,45.0,54
432050,2017,3.0,0.0,0.0,0.0,1.0,14.0,4.0,0.0,13.0,3.0,38.0,60
432050,2018,7.0,0.0,4.0,2.0,1.0,19.0,1.0,0.0,12.0,0.0,46.0,60
432050,2019,4.0,0.0,2.0,1.0,3.0,13.0,3.0,0.0,16.0,0.0,42.0,61
432055,2012,2.0,0.0,0.0,1.0,0.0,4.0,4.0,0.0,12.0,2.0,32.0,58
432055,2013,0.0,0.0,0.0,0.0,0.0,0.0,0.0,0.0,0.0,0.0,35.0,61
432055,2014,1.0,0.0,2.0,1.0,3.0,8.0,3.0,1.0,5.0,2.0,26.0,56
432055,2015,5.0,0.0,0.0,2.0,1.0,3.0,3.0,2.0,5.0,2.0,23.0,56
432055,2016,1.0,0.0,2.0,1.0,1.0,7.0,1.0,0.0,5.0,3.0,21.0,51
432055,2017,1.0,0.0,2.0,1.0,1.0,19.0,3.0,3.0,7.0,2.0,39.0,76
432055,2018,4.0,0.0,0.0,1.0,1.0,12.0,2.0,0.0,10.0,1.0,31.0,62
432055,2019,2.0,0.0,0.0,2.0,1.0,7.0,4.0,1.0,8.0,0.0,25.0,47
432057,2012,0.0,0.0,0.0,0.0,1.0,2.0,1.0,0.0,3.0,1.0,14.0,16
432057,2013,0.0,0.0,0.0,0.0,0.0,0.0,0.0,0.0,0.0,0.0,11.0,12
432057,2014,2.0,0.0,2.0,1.0,0.0,5.0,2.0,0.0,3.0,0.0,15.0,19
432057,2015,3.0,0.0,0.0,1.0,2.0,2.0,0.0,0.0,8.0,0.0,16.0,21
432057,2016,0.0,0.0,0.0,1.0,0.0,7.0,1.0,0.0,4.0,1.0,14.0,18
432057,2017,0.0,0.0,0.0,4.0,0.0,3.0,1.0,0.0,4.0,0.0,12.0,17
432057,2018,0.0,1.0,0.0,1.0,1.0,4.0,0.0,0.0,4.0,2.0,13.0,17
432057,2019,2.0,0.0,0.0,1.0,0.0,8.0,0.0,0.0,2.0,1.0,14.0,19
432060,2012,1.0,0.0,0.0,0.0,3.0,6.0,1.0,1.0,3.0,5.0,20.0,30
432060,2013,0.0,0.0,0.0,0.0,0.0,0.0,0.0,0.0,0.0,0.0,19.0,29
432060,2014,1.0,0.0,0.0,0.0,1.0,10.0,2.0,2.0,4.0,0.0,20.0,27
432060,2015,1.0,1.0,0.0,2.0,1.0,5.0,3.0,2.0,7.0,1.0,23.0,35
432060,2016,2.0,0.0,0.0,0.0,0.0,8.0,3.0,2.0,6.0,1.0,22.0,38
432060,2017,3.0,0.0,0.0,0.0,4.0,6.0,0.0,1.0,2.0,3.0,19.0,26
432060,2018,1.0,0.0,0.0,0.0,0.0,7.0,2.0,0.0,11.0,1.0,22.0,30
432060,2019,2.0,0.0,0.0,0.0,0.0,8.0,0.0,0.0,6.0,3.0,19.0,32
432065,2012,2.0,0.0,0.0,0.0,1.0,3.0,0.0,0.0,9.0,2.0,17.0,23
432065,2013,0.0,0.0,0.0,0.0,0.0,0.0,0.0,0.0,0.0,0.0,22.0,29
432065,2014,1.0,0.0,0.0,0.0,1.0,3.0,1.0,1.0,3.0,1.0,12.0,20
432065,2015,4.0,0.0,2.0,2.0,0.0,5.0,1.0,0.0,2.0,0.0,16.0,21
432065,2016,1.0,1.0,2.0,0.0,0.0,7.0,1.0,0.0,8.0,1.0,21.0,27
432065,2017,1.0,0.0,0.0,1.0,1.0,5.0,1.0,0.0,3.0,0.0,12.0,22
432065,2018,2.0,0.0,0.0,0.0,0.0,9.0,3.0,0.0,5.0,1.0,20.0,25
432065,2019,0.0,0.0,0.0,0.0,0.0,3.0,1.0,0.0,3.0,0.0,7.0,9
432067,2012,3.0,0.0,0.0,2.0,0.0,1.0,2.0,0.0,7.0,1.0,48.0,87
432067,2013,0.0,0.0,0.0,0.0,0.0,0.0,0.0,0.0,0.0,0.0,38.0,62
432067,2014,5.0,1.0,2.0,5.0,1.0,13.0,7.0,4.0,16.0,5.0,59.0,95
432067,2015,6.0,0.0,0.0,3.0,2.0,15.0,1.0,0.0,14.0,2.0,43.0,81
432067,2016,4.0,0.0,2.0,3.0,0.0,17.0,6.0,1.0,19.0,3.0,55.0,88
432067,2017,4.0,0.0,0.0,1.0,2.0,13.0,6.0,3.0,12.0,2.0,43.0,72
432067,2018,5.0,0.0,2.0,0.0,2.0,11.0,5.0,1.0,9.0,8.0,43.0,73
432067,2019,7.0,0.0,0.0,0.0,1.0,14.0,7.0,2.0,20.0,2.0,53.0,77
432070,2012,16.0,0.0,2.0,4.0,0.0,27.0,0.0,14.0,5.0,36.0,106.0,170
432070,2013,0.0,0.0,0.0,0.0,0.0,0.0,0.0,0.0,0.0,0.0,102.0,157
432070,2014,8.0,5.0,3.0,4.0,1.0,34.0,18.0,6.0,31.0,17.0,127.0,191
432070,2015,11.0,9.0,11.0,3.0,5.0,39.0,15.0,3.0,44.0,8.0,148.0,206
432070,2016,13.0,1.0,4.0,3.0,3.0,31.0,15.0,6.0,43.0,14.0,133.0,171
432070,2017,8.0,6.0,4.0,2.0,6.0,46.0,13.0,3.0,39.0,21.0,148.0,189
432070,2018,16.0,3.0,2.0,2.0,7.0,52.0,14.0,6.0,40.0,15.0,157.0,195
432070,2019,19.0,0.0,10.0,2.0,2.0,54.0,17.0,4.0,34.0,13.0,155.0,214
432080,2012,86.0,4.0,6.0,3.0,2.0,23.0,3.0,2.0,24.0,9.0,166.0,342
432080,2013,0.0,0.0,0.0,0.0,0.0,0.0,0.0,0.0,0.0,0.0,215.0,395
432080,2014,24.0,2.0,8.0,7.0,6.0,41.0,22.0,12.0,51.0,18.0,235.0,387
432080,2015,24.0,1.0,5.0,9.0,20.0,51.0,27.0,6.0,53.0,23.0,219.0,368
432080,2016,23.0,2.0,2.0,12.0,18.0,55.0,17.0,7.0,68.0,18.0,222.0,391
432080,2017,19.0,0.0,2.0,14.0,14.0,63.0,21.0,4.0,72.0,24.0,233.0,375
432080,2018,23.0,0.0,13.0,6.0,7.0,65.0,16.0,7.0,55.0,34.0,226.0,367
432080,2019,13.0,3.0,4.0,3.0,4.0,55.0,16.0,4.0,43.0,19.0,166.0,350
432085,2012,2.0,0.0,1.0,1.0,0.0,12.0,2.0,0.0,4.0,1.0,31.0,46
432085,2013,0.0,0.0,0.0,0.0,0.0,0.0,0.0,0.0,0.0,0.0,28.0,40
432085,2014,1.0,0.0,0.0,2.0,1.0,13.0,3.0,0.0,7.0,2.0,31.0,45
432085,2015,1.0,0.0,0.0,2.0,2.0,14.0,1.0,0.0,11.0,4.0,35.0,56
432085,2016,4.0,0.0,0.0,2.0,3.0,14.0,3.0,0.0,11.0,2.0,39.0,56
432085,2017,4.0,0.0,0.0,0.0,1.0,19.0,3.0,1.0,20.0,10.0,58.0,77
432085,2018,0.0,0.0,2.0,2.0,1.0,17.0,2.0,0.0,17.0,3.0,44.0,61
432085,2019,3.0,0.0,2.0,1.0,0.0,10.0,2.0,1.0,6.0,3.0,28.0,51
432090,2012,13.0,0.0,10.0,4.0,9.0,27.0,8.0,1.0,41.0,23.0,191.0,237
432090,2013,0.0,0.0,0.0,0.0,0.0,0.0,0.0,0.0,0.0,0.0,220.0,267
432090,2014,20.0,1.0,4.0,6.0,5.0,61.0,5.0,6.0,28.0,36.0,207.0,287
432090,2015,21.0,1.0,18.0,4.0,3.0,69.0,16.0,5.0,50.0,26.0,233.0,359
432090,2016,35.0,1.0,13.0,8.0,8.0,60.0,12.0,6.0,51.0,25.0,230.0,321
432090,2017,30.0,1.0,4.0,16.0,12.0,58.0,11.0,8.0,58.0,19.0,217.0,320
432090,2018,24.0,0.0,11.0,21.0,24.0,77.0,17.0,5.0,67.0,23.0,269.0,385
432090,2019,24.0,2.0,10.0,31.0,12.0,79.0,23.0,3.0,61.0,17.0,262.0,346
432100,2012,4.0,9.0,2.0,3.0,3.0,9.0,3.0,0.0,9.0,4.0,98.0,123
432100,2013,0.0,0.0,0.0,0.0,0.0,0.0,0.0,0.0,0.0,0.0,98.0,123
432100,2014,12.0,6.0,2.0,4.0,3.0,25.0,2.0,8.0,12.0,22.0,96.0,124
432100,2015,5.0,0.0,4.0,4.0,11.0,22.0,3.0,9.0,10.0,21.0,90.0,125
432100,2016,7.0,0.0,0.0,6.0,4.0,39.0,6.0,5.0,8.0,30.0,105.0,139
432100,2017,6.0,1.0,0.0,2.0,4.0,32.0,7.0,8.0,14.0,38.0,112.0,130
432100,2018,6.0,0.0,4.0,8.0,7.0,41.0,3.0,2.0,21.0,8.0,100.0,118
432100,2019,15.0,1.0,2.0,3.0,4.0,39.0,5.0,0.0,15.0,9.0,93.0,113
432110,2012,7.0,0.0,4.0,4.0,3.0,29.0,8.0,2.0,11.0,8.0,83.0,186
432110,2013,0.0,0.0,0.0,0.0,0.0,0.0,0.0,0.0,0.0,0.0,87.0,185
432110,2014,4.0,0.0,0.0,3.0,4.0,27.0,7.0,7.0,13.0,10.0,75.0,183
432110,2015,3.0,0.0,4.0,8.0,1.0,28.0,10.0,6.0,19.0,8.0,87.0,182
432110,2016,6.0,0.0,2.0,3.0,3.0,33.0,5.0,4.0,13.0,19.0,88.0,182
432110,2017,9.0,1.0,0.0,3.0,3.0,34.0,6.0,8.0,25.0,16.0,105.0,201
432110,2018,6.0,5.0,9.0,1.0,2.0,35.0,10.0,1.0,10.0,12.0,91.0,153
432110,2019,8.0,0.0,0.0,2.0,1.0,33.0,5.0,3.0,13.0,11.0,76.0,144
432120,2012,42.0,1.0,13.0,19.0,30.0,110.0,35.0,13.0,111.0,53.0,515.0,687
432120,2013,0.0,0.0,0.0,0.0,0.0,0.0,0.0,0.0,0.0,0.0,587.0,761
432120,2014,27.0,1.0,7.0,13.0,12.0,182.0,50.0,27.0,132.0,67.0,527.0,723
432120,2015,30.0,1.0,12.0,10.0,18.0,186.0,35.0,16.0,155.0,49.0,513.0,752
432120,2016,31.0,2.0,17.0,11.0,10.0,185.0,32.0,20.0,106.0,47.0,466.0,686
432120,2017,23.0,3.0,5.0,9.0,12.0,179.0,28.0,14.0,88.0,52.0,413.0,666
432120,2018,29.0,1.0,19.0,9.0,9.0,180.0,23.0,14.0,110.0,45.0,445.0,693
432120,2019,29.0,5.0,7.0,9.0,9.0,182.0,29.0,10.0,98.0,53.0,431.0,637
432130,2012,51.0,0.0,0.0,6.0,6.0,72.0,6.0,8.0,33.0,41.0,237.0,278
432130,2013,0.0,0.0,0.0,0.0,0.0,0.0,0.0,0.0,0.0,0.0,272.0,321
432130,2014,28.0,1.0,7.0,0.0,7.0,111.0,11.0,13.0,62.0,48.0,292.0,357
432130,2015,27.0,0.0,3.0,3.0,2.0,105.0,14.0,9.0,58.0,31.0,253.0,332
432130,2016,24.0,1.0,7.0,3.0,6.0,119.0,15.0,9.0,47.0,27.0,258.0,322
432130,2017,23.0,0.0,2.0,7.0,9.0,80.0,17.0,5.0,40.0,35.0,218.0,277
432130,2018,13.0,0.0,8.0,5.0,9.0,102.0,13.0,6.0,46.0,18.0,220.0,278
432130,2019,14.0,1.0,5.0,6.0,4.0,81.0,7.0,3.0,41.0,11.0,173.0,233
432132,2012,0.0,0.0,0.0,2.0,0.0,2.0,0.0,0.0,0.0,1.0,30.0,34
432132,2013,0.0,0.0,0.0,0.0,0.0,0.0,0.0,0.0,0.0,0.0,33.0,34
432132,2014,4.0,0.0,0.0,0.0,1.0,7.0,1.0,0.0,13.0,2.0,28.0,30
432132,2015,2.0,0.0,0.0,0.0,2.0,5.0,3.0,0.0,9.0,0.0,21.0,23
432132,2016,4.0,0.0,2.0,0.0,1.0,10.0,4.0,0.0,8.0,0.0,30.0,34
432132,2017,1.0,0.0,5.0,1.0,0.0,10.0,7.0,0.0,8.0,3.0,35.0,38
432132,2018,4.0,0.0,0.0,0.0,0.0,7.0,1.0,1.0,6.0,0.0,19.0,25
432132,2019,3.0,0.0,0.0,0.0,2.0,13.0,3.0,1.0,12.0,2.0,38.0,41
432135,2012,1.0,0.0,0.0,1.0,0.0,4.0,1.0,1.0,6.0,1.0,16.0,40
432135,2013,0.0,0.0,0.0,0.0,0.0,0.0,0.0,0.0,0.0,0.0,23.0,54
432135,2014,0.0,0.0,0.0,0.0,1.0,3.0,0.0,1.0,9.0,4.0,18.0,36
432135,2015,0.0,0.0,2.0,0.0,0.0,6.0,3.0,2.0,4.0,1.0,18.0,49
432135,2016,2.0,0.0,0.0,0.0,1.0,4.0,2.0,3.0,3.0,2.0,17.0,37
432135,2017,2.0,0.0,0.0,1.0,2.0,13.0,1.0,1.0,7.0,1.0,29.0,49
432135,2018,2.0,0.0,0.0,0.0,2.0,6.0,6.0,1.0,6.0,8.0,31.0,46
432135,2019,1.0,0.0,1.0,1.0,0.0,6.0,5.0,2.0,9.0,4.0,29.0,49
432140,2012,15.0,0.0,0.0,1.0,0.0,22.0,4.0,4.0,19.0,6.0,113.0,219
432140,2013,0.0,0.0,0.0,0.0,0.0,0.0,0.0,0.0,0.0,0.0,139.0,224
432140,2014,12.0,1.0,2.0,5.0,5.0,37.0,10.0,5.0,40.0,11.0,128.0,200
432140,2015,7.0,0.0,8.0,3.0,4.0,53.0,7.0,7.0,32.0,23.0,144.0,251
432140,2016,2.0,0.0,2.0,3.0,0.0,39.0,7.0,2.0,30.0,8.0,93.0,192
432140,2017,7.0,0.0,4.0,2.0,2.0,44.0,6.0,3.0,27.0,8.0,103.0,215
432140,2018,10.0,0.0,8.0,4.0,4.0,51.0,3.0,1.0,22.0,6.0,109.0,220
432140,2019,15.0,0.0,8.0,1.0,3.0,47.0,9.0,2.0,21.0,8.0,115.0,209
432143,2012,4.0,1.0,3.0,0.0,3.0,20.0,6.0,4.0,14.0,5.0,66.0,113
432143,2013,0.0,0.0,0.0,0.0,0.0,0.0,0.0,0.0,0.0,0.0,68.0,115
432143,2014,2.0,0.0,0.0,2.0,2.0,9.0,6.0,4.0,26.0,10.0,61.0,96
432143,2015,2.0,0.0,2.0,1.0,2.0,31.0,10.0,5.0,18.0,10.0,81.0,125
432143,2016,5.0,1.0,0.0,5.0,1.0,18.0,8.0,4.0,17.0,7.0,66.0,114
432143,2017,5.0,1.0,0.0,0.0,1.0,24.0,7.0,7.0,16.0,13.0,74.0,120
432143,2018,2.0,0.0,4.0,1.0,1.0,37.0,7.0,4.0,17.0,10.0,83.0,135
432143,2019,4.0,0.0,4.0,1.0,2.0,27.0,11.0,3.0,14.0,9.0,75.0,131
432145,2012,26.0,2.0,11.0,3.0,8.0,102.0,21.0,24.0,86.0,106.0,391.0,425
432145,2013,0.0,0.0,0.0,0.0,0.0,0.0,0.0,0.0,0.0,0.0,331.0,376
432145,2014,21.0,1.0,2.0,8.0,13.0,123.0,3.0,36.0,17.0,119.0,343.0,396
432145,2015,30.0,2.0,17.0,11.0,8.0,117.0,11.0,27.0,23.0,117.0,363.0,420
432145,2016,36.0,1.0,0.0,11.0,11.0,106.0,5.0,26.0,42.0,79.0,318.0,370
432145,2017,31.0,2.0,6.0,10.0,10.0,117.0,17.0,6.0,46.0,62.0,307.0,393
432145,2018,26.0,0.0,14.0,6.0,6.0,128.0,15.0,14.0,40.0,63.0,312.0,440
432145,2019,27.0,3.0,7.0,7.0,9.0,124.0,7.0,16.0,52.0,59.0,311.0,415
432146,2012,5.0,0.0,0.0,3.0,3.0,2.0,4.0,0.0,3.0,0.0,20.0,33
432146,2013,0.0,0.0,0.0,0.0,0.0,0.0,0.0,0.0,0.0,0.0,21.0,39
432146,2014,3.0,0.0,0.0,0.0,0.0,8.0,4.0,0.0,7.0,0.0,22.0,35
432146,2015,2.0,0.0,0.0,0.0,0.0,9.0,2.0,0.0,6.0,2.0,21.0,27
432146,2016,3.0,0.0,0.0,0.0,2.0,7.0,6.0,1.0,7.0,1.0,27.0,39
432146,2017,4.0,0.0,0.0,0.0,2.0,9.0,1.0,0.0,6.0,1.0,23.0,31
432146,2018,3.0,0.0,0.0,2.0,1.0,11.0,3.0,0.0,11.0,0.0,31.0,47
432146,2019,1.0,0.0,2.0,2.0,0.0,11.0,1.0,1.0,6.0,0.0,24.0,31
432147,2012,2.0,0.0,2.0,1.0,0.0,16.0,2.0,2.0,8.0,2.0,38.0,60
432147,2013,0.0,0.0,0.0,0.0,0.0,0.0,0.0,0.0,0.0,0.0,40.0,51
432147,2014,0.0,0.0,0.0,0.0,0.0,10.0,6.0,0.0,6.0,3.0,26.0,51
432147,2015,3.0,1.0,2.0,0.0,0.0,11.0,5.0,2.0,7.0,3.0,34.0,58
432147,2016,0.0,0.0,0.0,0.0,0.0,9.0,3.0,0.0,15.0,4.0,31.0,48
432147,2017,0.0,1.0,0.0,0.0,0.0,11.0,2.0,0.0,8.0,1.0,23.0,34
432147,2018,9.0,0.0,0.0,1.0,0.0,9.0,1.0,1.0,9.0,1.0,31.0,44
432147,2019,4.0,0.0,6.0,0.0,0.0,11.0,5.0,1.0,9.0,1.0,45.0,65
432149,2012,1.0,0.0,0.0,0.0,0.0,3.0,1.0,1.0,4.0,3.0,14.0,19
432149,2013,0.0,0.0,0.0,0.0,0.0,0.0,0.0,0.0,0.0,0.0,8.0,17
432149,2014,1.0,0.0,0.0,0.0,0.0,4.0,2.0,0.0,5.0,3.0,15.0,23
432149,2015,2.0,0.0,2.0,0.0,0.0,3.0,0.0,0.0,5.0,0.0,12.0,18
432149,2016,1.0,1.0,0.0,0.0,1.0,2.0,2.0,2.0,2.0,2.0,13.0,18
432149,2017,2.0,0.0,2.0,1.0,1.0,3.0,3.0,1.0,5.0,1.0,19.0,27
432149,2018,0.0,0.0,3.0,1.0,0.0,3.0,0.0,0.0,3.0,0.0,10.0,18
432149,2019,1.0,0.0,2.0,4.0,0.0,3.0,0.0,1.0,6.0,0.0,17.0,20
432150,2012,41.0,5.0,14.0,4.0,9.0,94.0,31.0,10.0,113.0,55.0,385.0,536
432150,2013,0.0,0.0,0.0,0.0,0.0,0.0,0.0,0.0,0.0,0.0,354.0,464
432150,2014,34.0,1.0,4.0,8.0,4.0,102.0,41.0,9.0,114.0,23.0,340.0,514
432150,2015,25.0,1.0,18.0,2.0,4.0,150.0,54.0,9.0,132.0,24.0,419.0,572
432150,2016,31.0,0.0,16.0,8.0,5.0,146.0,53.0,12.0,142.0,26.0,439.0,590
432150,2017,32.0,0.0,12.0,9.0,7.0,160.0,60.0,8.0,118.0,23.0,429.0,557
432150,2018,27.0,0.0,8.0,14.0,7.0,181.0,56.0,12.0,121.0,16.0,443.0,609
432150,2019,28.0,2.0,17.0,5.0,9.0,166.0,46.0,11.0,123.0,28.0,436.0,568
432160,2012,22.0,1.0,16.0,6.0,6.0,77.0,12.0,3.0,71.0,20.0,358.0,661
432160,2013,0.0,0.0,0.0,0.0,0.0,0.0,0.0,0.0,0.0,0.0,362.0,758
432160,2014,42.0,1.0,20.0,10.0,9.0,134.0,37.0,18.0,101.0,42.0,417.0,819
432160,2015,36.0,0.0,14.0,9.0,5.0,130.0,50.0,10.0,112.0,23.0,391.0,831
432160,2016,31.0,1.0,4.0,9.0,10.0,142.0,44.0,14.0,80.0,28.0,367.0,813
432160,2017,25.0,4.0,15.0,19.0,18.0,146.0,33.0,24.0,83.0,31.0,400.0,856
432160,2018,24.0,1.0,5.0,15.0,10.0,150.0,43.0,12.0,86.0,29.0,375.0,806
432160,2019,37.0,6.0,17.0,17.0,13.0,135.0,38.0,13.0,82.0,26.0,384.0,761
432162,2012,1.0,0.0,2.0,3.0,0.0,3.0,1.0,1.0,7.0,1.0,19.0,19
432162,2013,0.0,0.0,0.0,0.0,0.0,0.0,0.0,0.0,0.0,0.0,8.0,9
432162,2014,0.0,0.0,0.0,1.0,1.0,5.0,2.0,0.0,1.0,2.0,12.0,15
432162,2015,0.0,0.0,0.0,3.0,1.0,6.0,0.0,0.0,3.0,1.0,14.0,16
432162,2016,0.0,0.0,2.0,1.0,0.0,8.0,3.0,1.0,3.0,1.0,19.0,19
432162,2017,1.0,0.0,2.0,1.0,0.0,5.0,2.0,1.0,1.0,2.0,15.0,17
432162,2018,1.0,0.0,0.0,2.0,1.0,15.0,1.0,0.0,2.0,0.0,22.0,29
432162,2019,0.0,0.0,0.0,0.0,1.0,4.0,1.0,0.0,1.0,2.0,9.0,11
432163,2012,0.0,0.0,0.0,1.0,0.0,4.0,0.0,1.0,6.0,0.0,12.0,17
432163,2013,0.0,0.0,0.0,0.0,0.0,0.0,0.0,0.0,0.0,0.0,6.0,8
432163,2014,1.0,0.0,2.0,0.0,0.0,2.0,1.0,0.0,3.0,1.0,10.0,12
432163,2015,0.0,0.0,0.0,0.0,0.0,5.0,1.0,0.0,2.0,1.0,9.0,10
432163,2016,0.0,0.0,0.0,0.0,0.0,3.0,0.0,0.0,4.0,3.0,10.0,14
432163,2017,0.0,0.0,0.0,0.0,0.0,3.0,0.0,1.0,2.0,0.0,6.0,10
432163,2018,0.0,0.0,0.0,0.0,0.0,2.0,1.0,0.0,4.0,0.0,7.0,9
432163,2019,0.0,0.0,2.0,0.0,1.0,2.0,0.0,0.0,5.0,2.0,12.0,14
432166,2012,11.0,2.0,0.0,2.0,1.0,19.0,3.0,4.0,27.0,7.0,81.0,103
432166,2013,0.0,0.0,0.0,0.0,0.0,0.0,0.0,0.0,0.0,0.0,83.0,106
432166,2014,10.0,0.0,8.0,1.0,1.0,29.0,8.0,0.0,30.0,2.0,89.0,123
432166,2015,4.0,0.0,2.0,1.0,2.0,45.0,16.0,3.0,29.0,3.0,105.0,134
432166,2016,8.0,0.0,0.0,2.0,2.0,36.0,14.0,3.0,27.0,2.0,94.0,127
432166,2017,3.0,1.0,0.0,1.0,2.0,43.0,10.0,2.0,27.0,5.0,94.0,130
432166,2018,11.0,1.0,0.0,2.0,0.0,48.0,10.0,3.0,29.0,8.0,112.0,136
432166,2019,3.0,0.0,4.0,1.0,4.0,44.0,8.0,4.0,31.0,8.0,107.0,135
432170,2012,24.0,1.0,3.0,7.0,12.0,50.0,15.0,1.0,48.0,15.0,221.0,322
432170,2013,0.0,0.0,0.0,0.0,0.0,0.0,0.0,0.0,0.0,0.0,212.0,318
432170,2014,25.0,1.0,4.0,7.0,7.0,64.0,13.0,6.0,66.0,19.0,214.0,326
432170,2015,21.0,0.0,6.0,9.0,3.0,87.0,20.0,8.0,52.0,23.0,229.0,328
432170,2016,22.0,2.0,6.0,9.0,8.0,82.0,19.0,9.0,50.0,21.0,228.0,313
432170,2017,13.0,0.0,8.0,1.0,3.0,70.0,13.0,3.0,47.0,18.0,176.0,292
432170,2018,13.0,0.0,0.0,4.0,4.0,79.0,11.0,7.0,42.0,24.0,185.0,302
432170,2019,15.0,0.0,8.0,9.0,3.0,73.0,17.0,9.0,50.0,19.0,203.0,312
432180,2012,6.0,0.0,0.0,2.0,2.0,16.0,8.0,2.0,26.0,8.0,232.0,260
432180,2013,0.0,0.0,0.0,0.0,0.0,0.0,0.0,0.0,0.0,0.0,281.0,311
432180,2014,38.0,1.0,9.0,6.0,4.0,77.0,32.0,5.0,88.0,15.0,275.0,290
432180,2015,27.0,0.0,0.0,5.0,3.0,73.0,25.0,0.0,100.0,10.0,243.0,268
432180,2016,31.0,0.0,4.0,7.0,3.0,70.0,31.0,2.0,110.0,9.0,267.0,296
432180,2017,17.0,0.0,16.0,5.0,13.0,91.0,29.0,8.0,91.0,14.0,284.0,319
432180,2018,16.0,0.0,10.0,5.0,7.0,87.0,31.0,5.0,89.0,11.0,261.0,297
432180,2019,27.0,0.0,8.0,4.0,6.0,82.0,31.0,8.0,77.0,22.0,265.0,299
432183,2012,2.0,0.0,0.0,1.0,0.0,6.0,0.0,1.0,4.0,2.0,16.0,30
432183,2013,0.0,0.0,0.0,0.0,0.0,0.0,0.0,0.0,0.0,0.0,18.0,34
432183,2014,0.0,0.0,0.0,0.0,0.0,3.0,3.0,0.0,5.0,2.0,13.0,23
432183,2015,3.0,0.0,0.0,1.0,0.0,4.0,1.0,0.0,7.0,3.0,19.0,35
432183,2016,1.0,1.0,2.0,1.0,1.0,3.0,4.0,2.0,3.0,2.0,21.0,31
432183,2017,0.0,0.0,0.0,1.0,1.0,8.0,2.0,2.0,4.0,1.0,19.0,26
432183,2018,1.0,0.0,0.0,0.0,0.0,6.0,1.0,1.0,7.0,3.0,19.0,30
432183,2019,2.0,0.0,0.0,1.0,0.0,7.0,2.0,0.0,4.0,0.0,16.0,27
432185,2012,11.0,0.0,2.0,0.0,0.0,7.0,13.0,0.0,18.0,0.0,53.0,57
432185,2013,0.0,0.0,0.0,0.0,0.0,0.0,0.0,0.0,0.0,0.0,51.0,72
432185,2014,4.0,0.0,0.0,1.0,0.0,11.0,3.0,5.0,8.0,3.0,36.0,57
432185,2015,2.0,0.0,0.0,0.0,1.0,13.0,5.0,0.0,7.0,6.0,36.0,59
432185,2016,4.0,0.0,0.0,4.0,0.0,8.0,5.0,0.0,8.0,0.0,29.0,52
432185,2017,3.0,0.0,0.0,2.0,2.0,14.0,5.0,1.0,11.0,2.0,41.0,71
432185,2018,2.0,0.0,0.0,2.0,1.0,14.0,0.0,1.0,4.0,4.0,29.0,48
432185,2019,1.0,0.0,0.0,1.0,0.0,17.0,3.0,0.0,5.0,1.0,28.0,56
432190,2012,18.0,2.0,8.0,4.0,7.0,60.0,13.0,5.0,71.0,34.0,250.0,313
432190,2013,0.0,0.0,0.0,0.0,0.0,0.0,0.0,0.0,0.0,0.0,265.0,319
432190,2014,17.0,0.0,0.0,2.0,2.0,84.0,14.0,7.0,56.0,27.0,219.0,313
432190,2015,24.0,0.0,2.0,3.0,3.0,72.0,16.0,10.0,75.0,28.0,233.0,312
432190,2016,34.0,1.0,2.0,2.0,3.0,59.0,23.0,5.0,86.0,15.0,232.0,305
432190,2017,33.0,0.0,10.0,1.0,2.0,88.0,25.0,3.0,66.0,10.0,238.0,306
432190,2018,35.0,0.0,3.0,3.0,1.0,103.0,14.0,7.0,72.0,19.0,257.0,318
432190,2019,19.0,0.0,6.0,0.0,1.0,76.0,22.0,3.0,57.0,8.0,235.0,298
432195,2012,3.0,1.0,0.0,2.0,0.0,8.0,2.0,2.0,11.0,12.0,43.0,72
432195,2013,0.0,0.0,0.0,0.0,0.0,0.0,0.0,0.0,0.0,0.0,52.0,68
432195,2014,8.0,0.0,8.0,2.0,1.0,15.0,6.0,4.0,10.0,7.0,74.0,92
432195,2015,2.0,0.0,0.0,1.0,4.0,11.0,3.0,2.0,11.0,8.0,51.0,84
432195,2016,2.0,0.0,0.0,1.0,2.0,20.0,3.0,0.0,8.0,3.0,48.0,93
432195,2017,1.0,0.0,0.0,2.0,0.0,18.0,3.0,0.0,18.0,3.0,54.0,84
432195,2018,0.0,0.0,0.0,2.0,4.0,12.0,2.0,0.0,8.0,4.0,35.0,72
432195,2019,1.0,0.0,0.0,4.0,2.0,18.0,3.0,1.0,10.0,6.0,48.0,88
432200,2012,16.0,1.0,5.0,5.0,4.0,61.0,11.0,3.0,61.0,23.0,276.0,384
432200,2013,0.0,0.0,0.0,0.0,0.0,0.0,0.0,0.0,0.0,0.0,249.0,367
432200,2014,17.0,1.0,2.0,4.0,2.0,77.0,25.0,4.0,73.0,12.0,219.0,333
432200,2015,17.0,0.0,6.0,5.0,1.0,81.0,25.0,3.0,90.0,13.0,241.0,361
432200,2016,13.0,0.0,10.0,2.0,4.0,106.0,19.0,4.0,74.0,13.0,247.0,350
432200,2017,10.0,3.0,4.0,10.0,5.0,76.0,17.0,3.0,62.0,22.0,213.0,340
432200,2018,14.0,1.0,17.0,11.0,2.0,88.0,21.0,4.0,52.0,16.0,226.0,357
432200,2019,13.0,0.0,10.0,8.0,8.0,84.0,18.0,2.0,52.0,25.0,220.0,341
432210,2012,2.0,0.0,0.0,1.0,1.0,7.0,4.0,1.0,9.0,4.0,35.0,39
432210,2013,0.0,0.0,0.0,0.0,0.0,0.0,0.0,0.0,0.0,0.0,47.0,48
432210,2014,8.0,0.0,0.0,0.0,0.0,20.0,3.0,3.0,10.0,3.0,47.0,52
432210,2015,5.0,0.0,0.0,1.0,0.0,11.0,3.0,0.0,15.0,3.0,38.0,51
432210,2016,1.0,0.0,0.0,0.0,1.0,8.0,4.0,0.0,7.0,3.0,24.0,43
432210,2017,7.0,0.0,0.0,1.0,0.0,18.0,0.0,0.0,11.0,4.0,41.0,53
432210,2018,2.0,0.0,2.0,0.0,0.0,20.0,4.0,2.0,11.0,6.0,47.0,58
432210,2019,5.0,0.0,0.0,1.0,2.0,14.0,3.0,1.0,11.0,3.0,40.0,44
432215,2012,4.0,1.0,0.0,2.0,1.0,12.0,0.0,0.0,4.0,5.0,32.0,43
432215,2013,0.0,0.0,0.0,0.0,0.0,0.0,0.0,0.0,0.0,0.0,32.0,47
432215,2014,1.0,0.0,0.0,0.0,0.0,30.0,1.0,1.0,2.0,0.0,35.0,40
432215,2015,4.0,2.0,1.0,5.0,7.0,12.0,2.0,0.0,11.0,1.0,45.0,51
432215,2016,6.0,0.0,0.0,2.0,2.0,9.0,6.0,0.0,10.0,0.0,35.0,40
432215,2017,8.0,0.0,0.0,2.0,4.0,11.0,4.0,0.0,17.0,0.0,46.0,51
432215,2018,5.0,0.0,0.0,4.0,7.0,4.0,1.0,1.0,4.0,6.0,32.0,35
432215,2019,7.0,1.0,4.0,1.0,0.0,6.0,1.0,1.0,8.0,5.0,34.0,41
432218,2012,0.0,0.0,0.0,1.0,2.0,5.0,0.0,0.0,1.0,2.0,12.0,17
432218,2013,0.0,0.0,0.0,0.0,0.0,0.0,0.0,0.0,0.0,0.0,10.0,13
432218,2014,2.0,1.0,0.0,0.0,0.0,4.0,1.0,0.0,7.0,0.0,16.0,18
432218,2015,0.0,0.0,0.0,0.0,0.0,2.0,0.0,1.0,0.0,0.0,4.0,7
432218,2016,0.0,0.0,0.0,0.0,0.0,0.0,0.0,0.0,1.0,2.0,7.0,9
432218,2017,0.0,0.0,0.0,0.0,0.0,4.0,1.0,2.0,1.0,1.0,10.0,15
432218,2018,2.0,0.0,0.0,0.0,0.0,4.0,0.0,0.0,2.0,0.0,8.0,13
432218,2019,1.0,0.0,2.0,0.0,0.0,4.0,1.0,0.0,2.0,0.0,10.0,10
432220,2012,45.0,0.0,6.0,2.0,2.0,49.0,12.0,6.0,30.0,26.0,182.0,284
432220,2013,0.0,0.0,0.0,0.0,0.0,0.0,0.0,0.0,0.0,0.0,177.0,271
432220,2014,31.0,4.0,8.0,7.0,4.0,48.0,22.0,17.0,29.0,15.0,220.0,297
432220,2015,34.0,1.0,8.0,6.0,4.0,57.0,19.0,4.0,38.0,17.0,188.0,299
432220,2016,37.0,2.0,5.0,10.0,3.0,56.0,19.0,6.0,35.0,19.0,192.0,266
432220,2017,30.0,0.0,3.0,3.0,1.0,49.0,14.0,1.0,43.0,14.0,158.0,243
432220,2018,25.0,0.0,6.0,6.0,3.0,62.0,18.0,8.0,47.0,18.0,193.0,281
432220,2019,36.0,0.0,9.0,3.0,4.0,61.0,13.0,7.0,27.0,17.0,177.0,244
432225,2012,2.0,1.0,2.0,0.0,0.0,8.0,1.0,0.0,8.0,5.0,31.0,53
432225,2013,0.0,0.0,0.0,0.0,0.0,0.0,0.0,0.0,0.0,0.0,33.0,44
432225,2014,6.0,0.0,0.0,0.0,2.0,14.0,6.0,2.0,15.0,5.0,50.0,66
432225,2015,3.0,0.0,0.0,1.0,0.0,17.0,1.0,4.0,8.0,4.0,38.0,51
432225,2016,5.0,0.0,2.0,3.0,3.0,15.0,4.0,1.0,13.0,3.0,50.0,65
432225,2017,3.0,0.0,0.0,2.0,2.0,12.0,2.0,0.0,9.0,7.0,37.0,56
432225,2018,5.0,0.0,0.0,2.0,1.0,15.0,2.0,0.0,8.0,3.0,36.0,58
432225,2019,5.0,0.0,2.0,3.0,2.0,23.0,4.0,1.0,8.0,5.0,54.0,76
432230,2012,7.0,0.0,5.0,2.0,0.0,13.0,5.0,0.0,23.0,3.0,60.0,67
432230,2013,0.0,0.0,0.0,0.0,0.0,0.0,0.0,0.0,0.0,0.0,70.0,73
432230,2014,6.0,0.0,2.0,2.0,0.0,19.0,11.0,0.0,25.0,5.0,70.0,79
432230,2015,4.0,0.0,0.0,1.0,1.0,18.0,3.0,0.0,23.0,0.0,50.0,66
432230,2016,3.0,0.0,2.0,1.0,2.0,24.0,4.0,1.0,37.0,3.0,77.0,84
432230,2017,6.0,0.0,4.0,3.0,2.0,24.0,4.0,0.0,20.0,0.0,63.0,74
432230,2018,3.0,0.0,0.0,2.0,4.0,24.0,6.0,0.0,20.0,2.0,61.0,75
432230,2019,1.0,0.0,0.0,4.0,4.0,28.0,4.0,2.0,18.0,2.0,63.0,71
432232,2012,3.0,0.0,0.0,1.0,0.0,4.0,2.0,3.0,2.0,3.0,18.0,33
432232,2013,0.0,0.0,0.0,0.0,0.0,0.0,0.0,0.0,0.0,0.0,16.0,29
432232,2014,3.0,0.0,0.0,0.0,0.0,5.0,0.0,0.0,1.0,8.0,21.0,44
432232,2015,2.0,0.0,0.0,1.0,0.0,9.0,3.0,3.0,3.0,10.0,31.0,48
432232,2016,0.0,0.0,0.0,0.0,3.0,7.0,2.0,2.0,0.0,4.0,19.0,36
432232,2017,0.0,0.0,0.0,0.0,0.0,9.0,1.0,3.0,1.0,6.0,20.0,38
432232,2018,0.0,0.0,0.0,0.0,0.0,7.0,1.0,3.0,4.0,3.0,18.0,27
432232,2019,1.0,1.0,0.0,1.0,2.0,4.0,0.0,2.0,3.0,1.0,16.0,30
432234,2012,2.0,3.0,0.0,0.0,1.0,4.0,3.0,0.0,3.0,2.0,19.0,22
432234,2013,0.0,0.0,0.0,0.0,0.0,0.0,0.0,0.0,0.0,0.0,17.0,17
432234,2014,0.0,1.0,0.0,2.0,0.0,6.0,2.0,0.0,3.0,2.0,16.0,18
432234,2015,0.0,0.0,0.0,1.0,0.0,6.0,3.0,0.0,6.0,4.0,20.0,20
432234,2016,0.0,0.0,0.0,1.0,1.0,5.0,2.0,0.0,3.0,1.0,13.0,14
432234,2017,1.0,0.0,0.0,2.0,0.0,4.0,1.0,0.0,1.0,0.0,9.0,13
432234,2018,1.0,0.0,0.0,1.0,0.0,3.0,0.0,0.0,3.0,0.0,8.0,12
432234,2019,1.0,0.0,0.0,0.0,0.0,7.0,1.0,0.0,2.0,0.0,11.0,14
432235,2012,0.0,1.0,0.0,0.0,0.0,0.0,0.0,0.0,1.0,1.0,4.0,7
432235,2013,0.0,0.0,0.0,0.0,0.0,0.0,0.0,0.0,0.0,0.0,8.0,10
432235,2014,0.0,0.0,0.0,0.0,0.0,0.0,0.0,0.0,1.0,0.0,1.0,4
432235,2015,1.0,0.0,0.0,0.0,0.0,0.0,2.0,0.0,1.0,0.0,4.0,4
432235,2016,0.0,0.0,0.0,0.0,1.0,1.0,1.0,0.0,3.0,0.0,6.0,10
432235,2017,0.0,0.0,0.0,0.0,0.0,2.0,0.0,0.0,2.0,0.0,4.0,4
432235,2018,0.0,0.0,0.0,0.0,0.0,3.0,0.0,0.0,2.0,0.0,5.0,6
432235,2019,1.0,0.0,0.0,0.0,1.0,5.0,0.0,0.0,1.0,0.0,8.0,8
432237,2012,1.0,0.0,0.0,0.0,1.0,7.0,2.0,3.0,5.0,1.0,20.0,23
432237,2013,0.0,0.0,0.0,0.0,0.0,0.0,0.0,0.0,0.0,0.0,18.0,26
432237,2014,4.0,0.0,0.0,0.0,0.0,4.0,4.0,0.0,10.0,1.0,23.0,28
432237,2015,0.0,0.0,2.0,0.0,1.0,6.0,2.0,1.0,5.0,0.0,17.0,25
432237,2016,0.0,0.0,0.0,0.0,0.0,4.0,2.0,4.0,7.0,1.0,18.0,21
432237,2017,2.0,2.0,0.0,2.0,0.0,7.0,1.0,1.0,6.0,0.0,21.0,29
432237,2018,3.0,0.0,0.0,1.0,2.0,5.0,3.0,0.0,7.0,2.0,23.0,27
432237,2019,1.0,0.0,0.0,1.0,0.0,9.0,4.0,0.0,6.0,0.0,21.0,28
432240,2012,105.0,0.0,37.0,20.0,27.0,342.0,23.0,76.0,113.0,352.0,1100.0,1874
432240,2013,0.0,0.0,0.0,0.0,0.0,0.0,0.0,0.0,0.0,0.0,1060.0,1909
432240,2014,91.0,0.0,30.0,39.0,27.0,322.0,75.0,59.0,227.0,219.0,1089.0,1851
432240,2015,80.0,4.0,37.0,35.0,43.0,375.0,66.0,97.0,179.0,231.0,1148.0,1954
432240,2016,71.0,3.0,34.0,27.0,22.0,357.0,68.0,76.0,178.0,210.0,1047.0,1780
432240,2017,87.0,2.0,30.0,33.0,24.0,392.0,57.0,81.0,171.0,198.0,1075.0,1794
432240,2018,60.0,1.0,21.0,31.0,19.0,412.0,56.0,50.0,139.0,178.0,967.0,1717
432240,2019,62.0,5.0,32.0,23.0,29.0,380.0,34.0,42.0,169.0,164.0,940.0,1723
432250,2012,18.0,2.0,3.0,4.0,4.0,12.0,1.0,0.0,14.0,15.0,585.0,976
432250,2013,0.0,0.0,0.0,0.0,0.0,0.0,0.0,0.0,0.0,0.0,497.0,902
432250,2014,28.0,2.0,10.0,10.0,10.0,105.0,13.0,38.0,33.0,94.0,516.0,973
432250,2015,72.0,2.0,16.0,35.0,29.0,129.0,36.0,27.0,105.0,58.0,574.0,1075
432250,2016,36.0,8.0,24.0,14.0,18.0,120.0,26.0,17.0,64.0,77.0,527.0,953
432250,2017,37.0,9.0,18.0,11.0,11.0,148.0,46.0,12.0,121.0,58.0,481.0,990
432250,2018,40.0,1.0,18.0,18.0,19.0,174.0,36.0,20.0,95.0,66.0,512.0,938
432250,2019,42.0,5.0,16.0,7.0,11.0,181.0,39.0,27.0,94.0,75.0,497.0,943
432252,2012,1.0,0.0,0.0,1.0,0.0,1.0,1.0,0.0,8.0,2.0,14.0,22
432252,2013,0.0,0.0,0.0,0.0,0.0,0.0,0.0,0.0,0.0,0.0,11.0,22
432252,2014,1.0,0.0,0.0,1.0,1.0,8.0,1.0,0.0,12.0,1.0,25.0,35
432252,2015,4.0,0.0,0.0,0.0,0.0,6.0,3.0,1.0,14.0,0.0,28.0,35
432252,2016,0.0,0.0,2.0,0.0,0.0,16.0,2.0,0.0,5.0,1.0,26.0,37
432252,2017,1.0,0.0,0.0,0.0,1.0,9.0,2.0,2.0,10.0,2.0,27.0,37
432252,2018,4.0,0.0,2.0,0.0,3.0,6.0,2.0,0.0,4.0,0.0,21.0,27
432252,2019,1.0,0.0,0.0,0.0,1.0,4.0,2.0,0.0,7.0,3.0,18.0,25
432253,2012,4.0,0.0,0.0,0.0,0.0,7.0,4.0,1.0,16.0,1.0,35.0,81
432253,2013,0.0,0.0,0.0,0.0,0.0,0.0,0.0,0.0,0.0,0.0,44.0,102
432253,2014,1.0,0.0,2.0,7.0,15.0,4.0,1.0,0.0,9.0,1.0,40.0,107
432253,2015,4.0,0.0,0.0,2.0,4.0,16.0,4.0,1.0,21.0,1.0,53.0,106
432253,2016,4.0,0.0,1.0,2.0,3.0,7.0,6.0,4.0,16.0,5.0,48.0,80
432253,2017,6.0,0.0,2.0,2.0,1.0,11.0,5.0,1.0,15.0,1.0,44.0,77
432253,2018,2.0,0.0,4.0,2.0,5.0,23.0,6.0,0.0,19.0,8.0,69.0,96
432253,2019,2.0,0.0,0.0,2.0,4.0,14.0,7.0,0.0,12.0,1.0,42.0,89
432254,2012,4.0,0.0,0.0,2.0,1.0,14.0,4.0,1.0,15.0,2.0,46.0,53
432254,2013,0.0,0.0,0.0,0.0,0.0,0.0,0.0,0.0,0.0,0.0,48.0,58
432254,2014,7.0,0.0,0.0,1.0,1.0,11.0,9.0,2.0,18.0,4.0,54.0,62
432254,2015,7.0,0.0,2.0,0.0,2.0,17.0,6.0,0.0,12.0,6.0,52.0,68
432254,2016,8.0,0.0,0.0,0.0,1.0,23.0,6.0,2.0,14.0,4.0,58.0,62
432254,2017,4.0,0.0,2.0,2.0,2.0,14.0,8.0,0.0,13.0,3.0,48.0,57
432254,2018,8.0,0.0,0.0,1.0,2.0,20.0,7.0,3.0,16.0,6.0,63.0,76
432254,2019,4.0,0.0,0.0,1.0,1.0,19.0,5.0,1.0,19.0,4.0,54.0,65
432255,2012,2.0,0.0,2.0,3.0,1.0,2.0,0.0,0.0,3.0,4.0,18.0,26
432255,2013,0.0,0.0,0.0,0.0,0.0,0.0,0.0,0.0,0.0,0.0,11.0,18
432255,2014,4.0,0.0,1.0,1.0,0.0,4.0,1.0,0.0,2.0,0.0,13.0,21
432255,2015,0.0,0.0,0.0,0.0,0.0,6.0,4.0,0.0,4.0,0.0,14.0,18
432255,2016,0.0,0.0,0.0,1.0,1.0,3.0,6.0,0.0,4.0,2.0,18.0,22
432255,2017,0.0,0.0,2.0,0.0,1.0,8.0,1.0,0.0,3.0,0.0,15.0,20
432255,2018,0.0,0.0,0.0,0.0,2.0,3.0,1.0,1.0,4.0,2.0,13.0,16
432255,2019,0.0,0.0,2.0,1.0,2.0,5.0,0.0,1.0,4.0,0.0,15.0,19
432260,2012,41.0,2.0,14.0,13.0,15.0,146.0,6.0,1.0,192.0,41.0,508.0,774
432260,2013,0.0,0.0,0.0,0.0,0.0,0.0,0.0,0.0,0.0,0.0,446.0,707
432260,2014,42.0,2.0,13.0,21.0,21.0,179.0,62.0,10.0,222.0,52.0,624.0,816
432260,2015,28.0,0.0,17.0,23.0,34.0,175.0,72.0,14.0,183.0,31.0,577.0,815
432260,2016,51.0,0.0,19.0,26.0,12.0,198.0,48.0,17.0,151.0,49.0,572.0,792
432260,2017,43.0,2.0,9.0,24.0,20.0,180.0,50.0,27.0,196.0,49.0,600.0,772
432260,2018,59.0,2.0,24.0,14.0,17.0,198.0,57.0,13.0,196.0,65.0,645.0,814
432260,2019,48.0,4.0,20.0,25.0,22.0,192.0,67.0,23.0,159.0,87.0,647.0,808
432270,2012,11.0,1.0,4.0,3.0,6.0,23.0,7.0,5.0,33.0,10.0,184.0,281
432270,2013,0.0,0.0,0.0,0.0,0.0,0.0,0.0,0.0,0.0,0.0,208.0,281
432270,2014,23.0,0.0,6.0,4.0,14.0,56.0,18.0,7.0,61.0,33.0,222.0,278
432270,2015,14.0,0.0,4.0,10.0,5.0,55.0,19.0,5.0,76.0,21.0,209.0,284
432270,2016,18.0,1.0,9.0,3.0,8.0,66.0,27.0,7.0,65.0,22.0,226.0,289
432270,2017,17.0,0.0,6.0,2.0,6.0,57.0,13.0,6.0,57.0,32.0,196.0,263
432270,2018,20.0,2.0,4.0,6.0,7.0,64.0,15.0,1.0,66.0,19.0,204.0,294
432270,2019,18.0,3.0,5.0,7.0,10.0,57.0,26.0,4.0,64.0,9.0,203.0,271
432280,2012,23.0,2.0,4.0,2.0,2.0,51.0,1.0,2.0,53.0,25.0,196.0,283
432280,2013,0.0,0.0,0.0,0.0,0.0,0.0,0.0,0.0,0.0,0.0,165.0,258
432280,2014,18.0,0.0,4.0,4.0,5.0,82.0,25.0,1.0,63.0,4.0,206.0,275
432280,2015,19.0,1.0,6.0,2.0,4.0,53.0,14.0,3.0,53.0,9.0,164.0,258
432280,2016,11.0,0.0,6.0,4.0,6.0,60.0,12.0,2.0,58.0,11.0,170.0,245
432280,2017,22.0,0.0,8.0,0.0,10.0,53.0,23.0,2.0,61.0,11.0,190.0,245
432280,2018,16.0,1.0,8.0,4.0,7.0,56.0,18.0,6.0,68.0,12.0,196.0,269
432280,2019,26.0,0.0,10.0,7.0,12.0,73.0,16.0,7.0,50.0,13.0,214.0,269
432285,2012,1.0,0.0,0.0,0.0,2.0,0.0,1.0,0.0,1.0,0.0,7.0,10
432285,2013,0.0,0.0,0.0,0.0,0.0,0.0,0.0,0.0,0.0,0.0,6.0,12
432285,2014,1.0,0.0,2.0,0.0,1.0,0.0,1.0,1.0,0.0,0.0,7.0,11
432285,2015,0.0,0.0,3.0,1.0,1.0,0.0,0.0,0.0,0.0,0.0,6.0,11
432285,2016,2.0,0.0,0.0,1.0,2.0,2.0,1.0,0.0,2.0,0.0,10.0,15
432285,2017,1.0,0.0,2.0,0.0,1.0,4.0,1.0,0.0,2.0,1.0,12.0,23
432285,2018,1.0,0.0,0.0,1.0,2.0,3.0,0.0,2.0,1.0,0.0,10.0,16
432285,2019,1.0,0.0,0.0,1.0,1.0,0.0,1.0,0.0,0.0,1.0,5.0,11
432290,2012,1.0,0.0,0.0,0.0,0.0,3.0,1.0,1.0,14.0,3.0,29.0,48
432290,2013,0.0,0.0,0.0,0.0,0.0,0.0,0.0,0.0,0.0,0.0,18.0,32
432290,2014,0.0,1.0,0.0,1.0,1.0,11.0,0.0,0.0,9.0,3.0,26.0,48
432290,2015,3.0,0.0,2.0,1.0,1.0,10.0,1.0,0.0,5.0,1.0,24.0,36
432290,2016,5.0,0.0,2.0,0.0,1.0,4.0,3.0,0.0,6.0,4.0,25.0,41
432290,2017,2.0,0.0,1.0,1.0,0.0,13.0,1.0,0.0,15.0,0.0,33.0,42
432290,2018,3.0,0.0,0.0,1.0,3.0,6.0,2.0,1.0,7.0,1.0,24.0,39
432290,2019,4.0,0.0,0.0,1.0,2.0,10.0,3.0,0.0,8.0,1.0,29.0,45
432300,2012,168.0,5.0,45.0,70.0,49.0,438.0,93.0,20.0,406.0,78.0,1482.0,3409
432300,2013,0.0,0.0,0.0,0.0,0.0,0.0,0.0,0.0,0.0,0.0,1546.0,3525
432300,2014,128.0,12.0,80.0,89.0,55.0,444.0,172.0,38.0,357.0,103.0,1505.0,3435
432300,2015,113.0,12.0,57.0,71.0,63.0,490.0,144.0,52.0,331.0,111.0,1447.0,3489
432300,2016,126.0,6.0,61.0,70.0,51.0,472.0,153.0,56.0,322.0,114.0,1442.0,3363
432300,2017,108.0,9.0,48.0,62.0,55.0,480.0,113.0,37.0,302.0,105.0,1341.0,3137
432300,2018,118.0,8.0,55.0,71.0,51.0,398.0,99.0,38.0,283.0,86.0,1212.0,3038
432300,2019,124.0,6.0,74.0,88.0,51.0,336.0,107.0,37.0,228.0,73.0,1124.0,2739
432310,2012,2.0,0.0,0.0,0.0,0.0,1.0,1.0,1.0,2.0,1.0,56.0,76
432310,2013,0.0,0.0,0.0,0.0,0.0,0.0,0.0,0.0,0.0,0.0,36.0,50
432310,2014,8.0,0.0,0.0,0.0,1.0,12.0,9.0,1.0,9.0,1.0,42.0,57
432310,2015,6.0,0.0,0.0,2.0,1.0,19.0,6.0,2.0,13.0,3.0,52.0,64
432310,2016,2.0,0.0,2.0,2.0,3.0,20.0,3.0,1.0,21.0,0.0,54.0,66
432310,2017,3.0,0.0,2.0,2.0,0.0,15.0,5.0,0.0,6.0,1.0,34.0,65
432310,2018,1.0,2.0,0.0,1.0,2.0,20.0,2.0,0.0,3.0,1.0,32.0,67
432310,2019,1.0,0.0,0.0,2.0,0.0,15.0,4.0,0.0,9.0,3.0,34.0,66
432320,2012,3.0,0.0,0.0,0.0,1.0,4.0,3.0,0.0,6.0,0.0,17.0,19
432320,2013,0.0,0.0,0.0,0.0,0.0,0.0,0.0,0.0,0.0,0.0,29.0,35
432320,2014,2.0,1.0,0.0,2.0,0.0,9.0,1.0,0.0,9.0,3.0,27.0,31
432320,2015,1.0,0.0,0.0,1.0,2.0,5.0,1.0,1.0,8.0,1.0,20.0,26
432320,2016,0.0,0.0,0.0,0.0,0.0,3.0,2.0,1.0,8.0,2.0,16.0,20
432320,2017,3.0,0.0,0.0,0.0,0.0,8.0,4.0,0.0,4.0,2.0,21.0,25
432320,2018,2.0,0.0,0.0,0.0,0.0,4.0,3.0,2.0,5.0,3.0,19.0,30
432320,2019,2.0,0.0,0.0,0.0,0.0,11.0,0.0,0.0,6.0,3.0,22.0,25
432330,2012,3.0,0.0,0.0,0.0,0.0,4.0,0.0,1.0,6.0,6.0,22.0,27
432330,2013,0.0,0.0,0.0,0.0,0.0,0.0,0.0,0.0,0.0,0.0,19.0,30
432330,2014,3.0,1.0,2.0,1.0,1.0,3.0,3.0,0.0,5.0,1.0,20.0,33
432330,2015,3.0,0.0,0.0,0.0,0.0,8.0,3.0,1.0,8.0,3.0,26.0,36
432330,2016,1.0,0.0,2.0,0.0,1.0,9.0,2.0,1.0,12.0,0.0,28.0,36
432330,2017,4.0,1.0,3.0,1.0,2.0,11.0,5.0,1.0,9.0,2.0,39.0,48
432330,2018,5.0,0.0,0.0,0.0,2.0,11.0,0.0,1.0,13.0,1.0,33.0,41
432330,2019,3.0,0.0,2.0,0.0,0.0,5.0,4.0,0.0,8.0,2.0,24.0,32
432335,2012,1.0,0.0,0.0,0.0,1.0,3.0,0.0,0.0,4.0,0.0,12.0,19
432335,2013,0.0,0.0,0.0,0.0,0.0,0.0,0.0,0.0,0.0,0.0,10.0,12
432335,2014,1.0,0.0,0.0,1.0,0.0,4.0,0.0,1.0,5.0,0.0,14.0,20
432335,2015,2.0,0.0,0.0,0.0,0.0,4.0,1.0,0.0,3.0,2.0,15.0,22
432335,2016,2.0,0.0,0.0,1.0,0.0,7.0,1.0,1.0,0.0,1.0,13.0,18
432335,2017,1.0,0.0,0.0,0.0,1.0,4.0,1.0,0.0,3.0,1.0,11.0,18
432335,2018,0.0,0.0,0.0,0.0,1.0,6.0,2.0,2.0,3.0,1.0,15.0,17
432335,2019,0.0,0.0,0.0,2.0,1.0,4.0,4.0,1.0,6.0,2.0,20.0,25
432340,2012,1.0,0.0,2.0,1.0,1.0,5.0,1.0,0.0,8.0,4.0,28.0,34
432340,2013,0.0,0.0,0.0,0.0,0.0,0.0,0.0,0.0,0.0,0.0,31.0,35
432340,2014,1.0,0.0,2.0,4.0,2.0,7.0,2.0,0.0,10.0,2.0,30.0,34
432340,2015,4.0,0.0,4.0,5.0,1.0,8.0,1.0,0.0,10.0,1.0,34.0,41
432340,2016,4.0,0.0,0.0,6.0,1.0,4.0,2.0,1.0,10.0,1.0,29.0,34
432340,2017,1.0,0.0,2.0,4.0,5.0,9.0,2.0,1.0,5.0,2.0,31.0,38
432340,2018,2.0,0.0,2.0,4.0,6.0,8.0,2.0,1.0,6.0,1.0,32.0,39
432340,2019,2.0,0.0,7.0,4.0,7.0,7.0,3.0,0.0,4.0,3.0,37.0,45
432345,2012,2.0,0.0,0.0,0.0,0.0,16.0,4.0,1.0,8.0,8.0,39.0,43
432345,2013,0.0,0.0,0.0,0.0,0.0,0.0,0.0,0.0,0.0,0.0,25.0,31
432345,2014,1.0,0.0,0.0,0.0,1.0,3.0,0.0,1.0,4.0,2.0,12.0,22
432345,2015,0.0,0.0,0.0,2.0,0.0,3.0,0.0,0.0,9.0,1.0,15.0,27
432345,2016,1.0,0.0,0.0,0.0,0.0,5.0,1.0,0.0,3.0,1.0,11.0,20
432345,2017,1.0,0.0,0.0,1.0,0.0,14.0,0.0,2.0,1.0,3.0,23.0,28
432345,2018,2.0,0.0,2.0,0.0,1.0,7.0,0.0,0.0,1.0,2.0,15.0,21
432345,2019,0.0,1.0,2.0,1.0,0.0,11.0,0.0,1.0,4.0,1.0,21.0,31
432350,2012,0.0,0.0,0.0,0.0,0.0,2.0,0.0,0.0,1.0,1.0,12.0,15
432350,2013,0.0,0.0,0.0,0.0,0.0,0.0,0.0,0.0,0.0,0.0,20.0,23
432350,2014,4.0,0.0,1.0,1.0,0.0,10.0,1.0,2.0,5.0,1.0,25.0,29
432350,2015,2.0,0.0,0.0,0.0,0.0,9.0,1.0,2.0,8.0,2.0,24.0,26
432350,2016,1.0,0.0,0.0,0.0,0.0,11.0,4.0,0.0,3.0,1.0,20.0,23
432350,2017,1.0,0.0,2.0,0.0,0.0,8.0,3.0,1.0,9.0,0.0,24.0,28
432350,2018,1.0,1.0,2.0,1.0,0.0,12.0,5.0,0.0,6.0,1.0,29.0,41
432350,2019,4.0,0.0,2.0,1.0,2.0,10.0,2.0,0.0,9.0,0.0,30.0,38
432360,2012,0.0,0.0,0.0,0.0,1.0,3.0,0.0,0.0,2.0,1.0,8.0,9
432360,2013,0.0,0.0,0.0,0.0,0.0,0.0,0.0,0.0,0.0,0.0,3.0,4
432360,2014,2.0,0.0,0.0,1.0,0.0,4.0,0.0,0.0,2.0,4.0,13.0,14
432360,2015,0.0,0.0,0.0,0.0,1.0,2.0,1.0,0.0,2.0,1.0,7.0,10
432360,2016,0.0,0.0,0.0,0.0,0.0,4.0,1.0,0.0,5.0,0.0,10.0,10
432360,2017,0.0,0.0,0.0,0.0,0.0,3.0,1.0,0.0,0.0,1.0,5.0,5
432360,2018,0.0,0.0,2.0,0.0,0.0,3.0,0.0,0.0,3.0,1.0,9.0,11
432360,2019,0.0,0.0,0.0,2.0,1.0,8.0,1.0,0.0,2.0,1.0,15.0,18
432370,2012,0.0,0.0,1.0,0.0,0.0,2.0,0.0,0.0,1.0,0.0,23.0,29
432370,2013,0.0,0.0,0.0,0.0,0.0,0.0,0.0,0.0,0.0,0.0,21.0,24
432370,2014,1.0,0.0,1.0,1.0,0.0,7.0,1.0,0.0,13.0,0.0,24.0,25
432370,2015,1.0,0.0,2.0,0.0,2.0,11.0,3.0,1.0,4.0,2.0,26.0,31
432370,2016,3.0,0.0,0.0,0.0,0.0,4.0,1.0,1.0,3.0,2.0,14.0,19
432370,2017,1.0,0.0,0.0,2.0,0.0,11.0,4.0,0.0,4.0,0.0,22.0,28
432370,2018,0.0,0.0,0.0,0.0,1.0,7.0,1.0,0.0,6.0,4.0,19.0,32
432370,2019,4.0,0.0,0.0,0.0,0.0,4.0,1.0,0.0,8.0,2.0,19.0,28
432375,2012,2.0,0.0,0.0,0.0,0.0,7.0,7.0,0.0,3.0,3.0,22.0,34
432375,2013,0.0,0.0,0.0,0.0,0.0,0.0,0.0,0.0,0.0,0.0,19.0,36
432375,2014,1.0,0.0,0.0,1.0,1.0,4.0,0.0,0.0,3.0,1.0,11.0,20
432375,2015,0.0,0.0,0.0,0.0,0.0,10.0,1.0,1.0,8.0,3.0,23.0,39
432375,2016,1.0,0.0,0.0,0.0,0.0,3.0,1.0,0.0,3.0,0.0,8.0,23
432375,2017,1.0,0.0,0.0,0.0,0.0,10.0,2.0,0.0,4.0,3.0,20.0,34
432375,2018,2.0,0.0,3.0,0.0,0.0,8.0,2.0,2.0,1.0,0.0,18.0,30
432375,2019,1.0,0.0,0.0,1.0,0.0,12.0,2.0,2.0,5.0,1.0,24.0,33
432377,2012,0.0,0.0,0.0,0.0,1.0,8.0,2.0,1.0,4.0,10.0,26.0,34
432377,2013,0.0,0.0,0.0,0.0,0.0,0.0,0.0,0.0,0.0,0.0,42.0,45
432377,2014,2.0,0.0,0.0,1.0,1.0,8.0,0.0,3.0,3.0,8.0,26.0,29
432377,2015,1.0,0.0,0.0,0.0,2.0,15.0,0.0,1.0,1.0,9.0,29.0,33
432377,2016,4.0,0.0,0.0,1.0,1.0,10.0,2.0,4.0,7.0,10.0,39.0,43
432377,2017,3.0,0.0,0.0,1.0,3.0,8.0,2.0,2.0,1.0,2.0,22.0,30
432377,2018,1.0,0.0,2.0,0.0,1.0,16.0,0.0,2.0,1.0,6.0,29.0,36
432377,2019,3.0,0.0,0.0,1.0,1.0,7.0,0.0,4.0,2.0,1.0,19.0,28
432380,2012,9.0,0.0,10.0,3.0,2.0,26.0,4.0,1.0,29.0,7.0,105.0,196
432380,2013,0.0,0.0,0.0,0.0,0.0,0.0,0.0,0.0,0.0,0.0,136.0,226
432380,2014,4.0,0.0,2.0,5.0,1.0,44.0,12.0,8.0,29.0,23.0,129.0,223
432380,2015,6.0,0.0,6.0,2.0,4.0,38.0,10.0,6.0,33.0,13.0,118.0,215
432380,2016,11.0,0.0,5.0,6.0,1.0,48.0,14.0,4.0,23.0,26.0,139.0,238
432380,2017,2.0,1.0,7.0,2.0,3.0,57.0,14.0,3.0,46.0,17.0,154.0,287
432380,2018,8.0,0.0,4.0,3.0,0.0,61.0,14.0,5.0,29.0,21.0,145.0,258
432380,2019,12.0,0.0,0.0,5.0,2.0,63.0,18.0,6.0,29.0,10.0,145.0,246
500020,2012,17.0,1.0,2.0,6.0,4.0,56.0,9.0,15.0,33.0,26.0,171.0,263
500020,2013,0.0,0.0,0.0,0.0,0.0,0.0,0.0,0.0,0.0,0.0,179.0,278
500020,2014,16.0,0.0,2.0,6.0,4.0,67.0,11.0,19.0,25.0,37.0,188.0,247
500020,2015,11.0,0.0,6.0,2.0,0.0,55.0,8.0,14.0,15.0,52.0,164.0,253
500020,2016,14.0,0.0,3.0,3.0,1.0,65.0,18.0,19.0,21.0,33.0,179.0,256
500020,2017,20.0,0.0,7.0,5.0,2.0,92.0,18.0,25.0,10.0,42.0,225.0,316
500020,2018,11.0,3.0,1.0,4.0,5.0,83.0,5.0,25.0,4.0,48.0,200.0,275
500020,2019,20.0,3.0,9.0,3.0,0.0,98.0,12.0,24.0,25.0,33.0,238.0,289
500025,2012,0.0,0.0,2.0,1.0,1.0,16.0,0.0,2.0,4.0,6.0,32.0,42
500025,2013,0.0,0.0,0.0,0.0,0.0,0.0,0.0,0.0,0.0,0.0,25.0,44
500025,2014,3.0,0.0,2.0,0.0,0.0,17.0,2.0,2.0,5.0,11.0,42.0,49
500025,2015,4.0,0.0,4.0,1.0,0.0,10.0,0.0,3.0,3.0,3.0,28.0,38
500025,2016,1.0,0.0,4.0,2.0,0.0,14.0,3.0,1.0,7.0,5.0,37.0,44
500025,2017,3.0,0.0,0.0,2.0,0.0,14.0,2.0,5.0,1.0,12.0,39.0,50
500025,2018,6.0,0.0,1.0,1.0,2.0,18.0,2.0,3.0,6.0,14.0,53.0,63
500025,2019,2.0,0.0,2.0,0.0,0.0,10.0,2.0,3.0,1.0,7.0,27.0,45
500060,2012,34.0,0.0,8.0,5.0,3.0,91.0,0.0,21.0,10.0,95.0,267.0,747
500060,2013,0.0,0.0,0.0,0.0,0.0,0.0,0.0,0.0,0.0,0.0,218.0,704
500060,2014,30.0,1.0,11.0,1.0,1.0,105.0,20.0,22.0,33.0,68.0,299.0,767
500060,2015,26.0,0.0,7.0,1.0,1.0,74.0,17.0,14.0,49.0,49.0,241.0,646
500060,2016,33.0,1.0,12.0,2.0,3.0,94.0,15.0,10.0,36.0,65.0,272.0,664
500060,2017,38.0,1.0,9.0,1.0,0.0,102.0,20.0,13.0,31.0,58.0,274.0,646
500060,2018,49.0,0.0,7.0,2.0,1.0,104.0,13.0,29.0,29.0,58.0,292.0,644
500060,2019,32.0,0.0,16.0,1.0,2.0,114.0,11.0,19.0,20.0,62.0,277.0,609
500070,2012,35.0,0.0,13.0,8.0,2.0,85.0,5.0,16.0,4.0,60.0,228.0,397
500070,2013,0.0,0.0,0.0,0.0,0.0,0.0,0.0,0.0,0.0,0.0,207.0,375
500070,2014,33.0,2.0,2.0,11.0,10.0,84.0,5.0,26.0,14.0,69.0,256.0,439
500070,2015,16.0,2.0,2.0,16.0,15.0,68.0,5.0,16.0,20.0,34.0,194.0,370
500070,2016,13.0,1.0,3.0,38.0,14.0,65.0,7.0,15.0,17.0,28.0,201.0,371
500070,2017,8.0,1.0,2.0,31.0,11.0,52.0,4.0,14.0,14.0,36.0,173.0,366
500070,2018,9.0,1.0,16.0,5.0,3.0,84.0,7.0,23.0,7.0,34.0,189.0,359
500070,2019,22.0,0.0,3.0,1.0,0.0,96.0,11.0,23.0,17.0,57.0,231.0,423
500080,2012,5.0,0.0,3.0,0.0,0.0,14.0,1.0,1.0,6.0,5.0,61.0,95
500080,2013,0.0,0.0,0.0,0.0,0.0,0.0,0.0,0.0,0.0,0.0,65.0,99
500080,2014,1.0,0.0,6.0,0.0,0.0,4.0,0.0,2.0,1.0,1.0,71.0,108
500080,2015,11.0,0.0,1.0,2.0,2.0,25.0,3.0,13.0,4.0,23.0,85.0,118
500080,2016,12.0,0.0,0.0,0.0,0.0,13.0,1.0,10.0,1.0,19.0,56.0,80
500080,2017,7.0,0.0,0.0,1.0,2.0,18.0,1.0,12.0,7.0,14.0,62.0,82
500080,2018,8.0,0.0,1.0,0.0,0.0,17.0,1.0,9.0,1.0,24.0,63.0,78
500080,2019,9.0,0.0,2.0,0.0,0.0,21.0,0.0,15.0,2.0,23.0,72.0,81
500085,2012,6.0,0.0,6.0,4.0,5.0,46.0,0.0,12.0,4.0,24.0,130.0,168
500085,2013,0.0,0.0,0.0,0.0,0.0,0.0,0.0,0.0,0.0,0.0,133.0,155
500085,2014,6.0,2.0,6.0,8.0,5.0,35.0,2.0,10.0,17.0,29.0,121.0,157
500085,2015,10.0,0.0,2.0,1.0,1.0,37.0,7.0,10.0,17.0,15.0,140.0,170
500085,2016,11.0,0.0,1.0,2.0,0.0,55.0,3.0,21.0,9.0,33.0,135.0,189
500085,2017,5.0,0.0,0.0,1.0,0.0,62.0,8.0,15.0,10.0,25.0,127.0,172
500085,2018,14.0,0.0,8.0,4.0,1.0,33.0,9.0,10.0,17.0,18.0,114.0,152
500085,2019,13.0,0.0,4.0,7.0,4.0,54.0,5.0,14.0,18.0,16.0,135.0,163
500090,2012,8.0,1.0,0.0,3.0,1.0,15.0,5.0,4.0,7.0,23.0,67.0,156
500090,2013,0.0,0.0,0.0,0.0,0.0,0.0,0.0,0.0,0.0,0.0,94.0,175
500090,2014,10.0,0.0,0.0,2.0,1.0,27.0,14.0,6.0,15.0,8.0,83.0,165
500090,2015,7.0,0.0,10.0,0.0,2.0,21.0,2.0,4.0,7.0,9.0,63.0,146
500090,2016,7.0,0.0,4.0,2.0,2.0,32.0,0.0,5.0,8.0,19.0,81.0,160
500090,2017,4.0,0.0,2.0,0.0,2.0,24.0,0.0,1.0,3.0,11.0,47.0,132
500090,2018,5.0,0.0,2.0,0.0,3.0,31.0,2.0,7.0,6.0,8.0,66.0,160
500090,2019,11.0,1.0,0.0,0.0,2.0,19.0,5.0,2.0,14.0,12.0,66.0,163
500100,2012,4.0,0.0,0.0,0.0,2.0,4.0,2.0,1.0,9.0,2.0,263.0,342
500100,2013,0.0,0.0,0.0,0.0,0.0,0.0,0.0,0.0,0.0,0.0,255.0,337
500100,2014,19.0,0.0,8.0,3.0,0.0,36.0,15.0,2.0,39.0,12.0,283.0,347
500100,2015,14.0,1.0,10.0,5.0,2.0,54.0,12.0,7.0,34.0,20.0,276.0,368
500100,2016,14.0,0.0,2.0,5.0,5.0,108.0,13.0,12.0,30.0,41.0,230.0,303
500100,2017,30.0,2.0,0.0,4.0,3.0,123.0,15.0,23.0,43.0,50.0,293.0,379
500100,2018,25.0,2.0,7.0,6.0,1.0,133.0,13.0,10.0,48.0,31.0,277.0,367
500100,2019,29.0,0.0,2.0,9.0,3.0,98.0,9.0,20.0,30.0,41.0,241.0,331
500110,2012,34.0,3.0,8.0,27.0,15.0,92.0,5.0,25.0,28.0,76.0,314.0,761
500110,2013,0.0,0.0,0.0,0.0,0.0,0.0,0.0,0.0,0.0,0.0,316.0,767
500110,2014,26.0,3.0,18.0,28.0,22.0,108.0,8.0,40.0,16.0,100.0,369.0,757
500110,2015,23.0,3.0,18.0,43.0,32.0,119.0,5.0,40.0,18.0,99.0,400.0,781
500110,2016,18.0,0.0,2.0,58.0,38.0,93.0,10.0,28.0,18.0,63.0,328.0,721
500110,2017,15.0,2.0,9.0,55.0,22.0,116.0,17.0,34.0,26.0,90.0,386.0,868
500110,2018,17.0,4.0,11.0,13.0,9.0,134.0,4.0,46.0,14.0,82.0,334.0,773
500110,2019,9.0,1.0,16.0,3.0,0.0,134.0,10.0,57.0,15.0,93.0,338.0,754
500124,2012,5.0,1.0,2.0,1.0,1.0,13.0,0.0,11.0,5.0,11.0,52.0,167
500124,2013,0.0,0.0,0.0,0.0,0.0,0.0,0.0,0.0,0.0,0.0,59.0,172
500124,2014,3.0,0.0,2.0,2.0,0.0,12.0,1.0,7.0,2.0,15.0,45.0,159
500124,2015,1.0,0.0,4.0,1.0,1.0,12.0,4.0,7.0,4.0,8.0,42.0,148
500124,2016,4.0,0.0,4.0,1.0,0.0,11.0,3.0,2.0,2.0,15.0,42.0,173
500124,2017,7.0,0.0,0.0,1.0,0.0,10.0,2.0,4.0,4.0,12.0,40.0,166
500124,2018,5.0,0.0,2.0,1.0,1.0,13.0,3.0,8.0,3.0,13.0,49.0,149
500124,2019,5.0,0.0,0.0,0.0,1.0,24.0,0.0,6.0,3.0,7.0,46.0,155
500150,2012,7.0,0.0,0.0,0.0,1.0,19.0,3.0,3.0,4.0,19.0,56.0,90
500150,2013,0.0,0.0,0.0,0.0,0.0,0.0,0.0,0.0,0.0,0.0,46.0,81
500150,2014,2.0,0.0,0.0,6.0,0.0,20.0,1.0,3.0,3.0,16.0,52.0,90
500150,2015,1.0,0.0,0.0,0.0,0.0,25.0,1.0,3.0,4.0,9.0,43.0,74
500150,2016,3.0,0.0,1.0,0.0,1.0,20.0,2.0,5.0,0.0,10.0,42.0,71
500150,2017,2.0,0.0,2.0,0.0,2.0,27.0,3.0,6.0,3.0,7.0,52.0,90
500150,2018,3.0,0.0,4.0,1.0,0.0,28.0,1.0,9.0,5.0,17.0,68.0,112
500150,2019,2.0,0.0,0.0,2.0,0.0,19.0,1.0,13.0,2.0,14.0,54.0,96
500190,2012,22.0,0.0,4.0,4.0,1.0,75.0,3.0,34.0,11.0,98.0,262.0,336
500190,2013,0.0,0.0,0.0,0.0,0.0,0.0,0.0,0.0,0.0,0.0,232.0,312
500190,2014,20.0,0.0,10.0,2.0,0.0,92.0,1.0,47.0,4.0,90.0,266.0,350
500190,2015,13.0,0.0,2.0,1.0,1.0,96.0,2.0,53.0,2.0,98.0,271.0,348
500190,2016,16.0,0.0,1.0,2.0,0.0,117.0,2.0,39.0,3.0,113.0,302.0,400
500190,2017,18.0,1.0,9.0,0.0,1.0,100.0,4.0,36.0,12.0,96.0,284.0,372
500190,2018,25.0,0.0,7.0,0.0,1.0,141.0,3.0,43.0,3.0,133.0,358.0,452
500190,2019,34.0,0.0,8.0,2.0,0.0,142.0,2.0,58.0,9.0,96.0,353.0,438
500200,2012,5.0,0.0,4.0,1.0,3.0,22.0,3.0,17.0,3.0,26.0,88.0,151
500200,2013,0.0,0.0,0.0,0.0,0.0,0.0,0.0,0.0,0.0,0.0,108.0,162
500200,2014,10.0,0.0,8.0,2.0,0.0,39.0,3.0,12.0,6.0,31.0,116.0,171
500200,2015,6.0,0.0,2.0,1.0,0.0,42.0,2.0,13.0,3.0,16.0,101.0,167
500200,2016,11.0,1.0,0.0,1.0,1.0,42.0,0.0,13.0,3.0,21.0,105.0,155
500200,2017,10.0,0.0,8.0,2.0,3.0,43.0,5.0,13.0,8.0,23.0,115.0,177
500200,2018,7.0,0.0,2.0,3.0,1.0,35.0,10.0,7.0,14.0,3.0,82.0,133
500200,2019,13.0,1.0,0.0,0.0,2.0,36.0,3.0,10.0,20.0,9.0,94.0,138
500210,2012,26.0,3.0,10.0,13.0,10.0,76.0,4.0,34.0,12.0,78.0,266.0,391
500210,2013,0.0,0.0,0.0,0.0,0.0,0.0,0.0,0.0,0.0,0.0,313.0,437
500210,2014,27.0,0.0,8.0,6.0,5.0,100.0,9.0,55.0,15.0,126.0,351.0,459
500210,2015,23.0,1.0,12.0,6.0,7.0,94.0,17.0,34.0,53.0,77.0,324.0,433
500210,2016,29.0,0.0,3.0,5.0,6.0,117.0,7.0,49.0,11.0,99.0,326.0,418
500210,2017,21.0,1.0,12.0,13.0,4.0,127.0,12.0,40.0,17.0,92.0,346.0,438
500210,2018,19.0,1.0,6.0,5.0,2.0,110.0,3.0,45.0,10.0,98.0,306.0,394
500210,2019,16.0,1.0,10.0,9.0,5.0,150.0,18.0,18.0,48.0,44.0,319.0,401
500215,2012,0.0,2.0,6.0,3.0,3.0,14.0,0.0,5.0,4.0,17.0,55.0,98
500215,2013,0.0,0.0,0.0,0.0,0.0,0.0,0.0,0.0,0.0,0.0,67.0,132
500215,2014,3.0,0.0,2.0,1.0,1.0,31.0,0.0,4.0,3.0,12.0,58.0,103
500215,2015,4.0,0.0,0.0,0.0,0.0,20.0,1.0,6.0,4.0,18.0,53.0,108
500215,2016,4.0,0.0,0.0,4.0,1.0,23.0,2.0,6.0,7.0,12.0,59.0,106
500215,2017,6.0,1.0,2.0,5.0,2.0,27.0,9.0,3.0,9.0,12.0,76.0,136
500215,2018,6.0,0.0,2.0,3.0,1.0,27.0,4.0,11.0,8.0,9.0,71.0,129
500215,2019,7.0,1.0,6.0,1.0,1.0,27.0,5.0,6.0,4.0,18.0,76.0,141
500220,2012,21.0,0.0,7.0,14.0,14.0,54.0,14.0,11.0,45.0,25.0,205.0,329
500220,2013,0.0,0.0,0.0,0.0,0.0,0.0,0.0,0.0,0.0,0.0,210.0,320
500220,2014,32.0,1.0,7.0,10.0,4.0,65.0,10.0,35.0,24.0,58.0,248.0,380
500220,2015,25.0,0.0,2.0,5.0,7.0,81.0,27.0,12.0,28.0,25.0,220.0,372
500220,2016,35.0,1.0,9.0,11.0,8.0,71.0,11.0,26.0,16.0,32.0,221.0,347
500220,2017,29.0,0.0,5.0,6.0,5.0,86.0,11.0,35.0,16.0,47.0,240.0,382
500220,2018,25.0,1.0,6.0,6.0,6.0,93.0,19.0,38.0,27.0,55.0,276.0,449
500220,2019,37.0,0.0,7.0,3.0,3.0,100.0,18.0,10.0,23.0,26.0,228.0,358
500230,2012,4.0,0.0,0.0,1.0,0.0,19.0,2.0,2.0,10.0,2.0,108.0,164
500230,2013,0.0,0.0,0.0,0.0,0.0,0.0,0.0,0.0,0.0,0.0,78.0,128
500230,2014,10.0,0.0,2.0,1.0,2.0,66.0,9.0,12.0,11.0,12.0,127.0,159
500230,2015,10.0,0.0,0.0,3.0,0.0,60.0,13.0,12.0,17.0,25.0,140.0,186
500230,2016,10.0,0.0,0.0,2.0,1.0,92.0,7.0,1.0,9.0,14.0,136.0,171
500230,2017,5.0,0.0,2.0,0.0,1.0,79.0,2.0,3.0,13.0,9.0,115.0,138
500230,2018,18.0,2.0,1.0,6.0,0.0,121.0,6.0,1.0,19.0,7.0,181.0,198
500230,2019,12.0,0.0,10.0,8.0,3.0,94.0,11.0,0.0,13.0,2.0,153.0,165
500240,2012,33.0,2.0,4.0,8.0,2.0,89.0,13.0,6.0,31.0,41.0,232.0,453
500240,2013,0.0,0.0,0.0,0.0,0.0,0.0,0.0,0.0,0.0,0.0,249.0,504
500240,2014,32.0,3.0,3.0,5.0,9.0,82.0,27.0,15.0,43.0,58.0,288.0,539
500240,2015,35.0,0.0,11.0,3.0,5.0,113.0,14.0,30.0,24.0,74.0,314.0,545
500240,2016,33.0,1.0,15.0,10.0,3.0,110.0,22.0,12.0,39.0,44.0,290.0,542
500240,2017,38.0,0.0,12.0,14.0,6.0,100.0,16.0,26.0,54.0,54.0,320.0,543
500240,2018,21.0,1.0,8.0,14.0,7.0,120.0,8.0,45.0,31.0,80.0,337.0,553
500240,2019,36.0,1.0,4.0,11.0,3.0,143.0,12.0,41.0,27.0,73.0,352.0,556
500260,2012,11.0,0.0,4.0,2.0,2.0,36.0,2.0,11.0,11.0,33.0,114.0,194
500260,2013,0.0,0.0,0.0,0.0,0.0,0.0,0.0,0.0,0.0,0.0,124.0,194
500260,2014,8.0,0.0,4.0,3.0,3.0,50.0,1.0,16.0,6.0,49.0,142.0,213
500260,2015,2.0,0.0,6.0,3.0,2.0,36.0,1.0,8.0,3.0,27.0,89.0,213
500260,2016,5.0,0.0,2.0,4.0,2.0,46.0,1.0,8.0,6.0,20.0,94.0,203
500260,2017,7.0,0.0,4.0,5.0,0.0,56.0,4.0,11.0,7.0,23.0,117.0,183
500260,2018,11.0,0.0,0.0,4.0,0.0,52.0,4.0,16.0,6.0,34.0,127.0,212
500260,2019,4.0,1.0,1.0,3.0,1.0,45.0,3.0,19.0,3.0,36.0,121.0,177
500270,2012,606.0,21.0,207.0,473.0,373.0,2891.0,370.0,359.0,1864.0,1613.0,8786.0,13539
500270,2013,0.0,0.0,0.0,0.0,0.0,0.0,0.0,0.0,0.0,0.0,8709.0,13693
500270,2014,695.0,12.0,260.0,210.0,165.0,3358.0,264.0,717.0,933.0,2255.0,8883.0,14203
500270,2015,732.0,18.0,278.0,182.0,159.0,3393.0,221.0,733.0,669.0,2328.0,8722.0,14470
500270,2016,554.0,10.0,298.0,161.0,152.0,3309.0,366.0,552.0,1040.0,1607.0,8080.0,13728
500270,2017,618.0,10.0,287.0,187.0,117.0,3588.0,290.0,785.0,690.0,2149.0,8733.0,14264
500270,2018,656.0,11.0,231.0,165.0,86.0,3728.0,290.0,841.0,569.0,2273.0,8850.0,14177
500270,2019,556.0,20.0,283.0,170.0,108.0,3468.0,237.0,788.0,539.0,2133.0,8302.0,14039
500280,2012,8.0,0.0,4.0,0.0,1.0,18.0,9.0,2.0,12.0,11.0,65.0,91
500280,2013,0.0,0.0,0.0,0.0,0.0,0.0,0.0,0.0,0.0,0.0,48.0,77
500280,2014,7.0,0.0,0.0,2.0,3.0,20.0,8.0,3.0,10.0,6.0,61.0,88
500280,2015,2.0,1.0,1.0,1.0,2.0,16.0,4.0,3.0,13.0,4.0,48.0,82
500280,2016,1.0,0.0,0.0,1.0,1.0,21.0,4.0,1.0,1.0,5.0,35.0,71
500280,2017,2.0,0.0,0.0,0.0,0.0,14.0,0.0,1.0,8.0,11.0,36.0,69
500280,2018,8.0,1.0,0.0,0.0,1.0,21.0,2.0,2.0,5.0,8.0,48.0,81
500280,2019,9.0,0.0,2.0,3.0,1.0,17.0,1.0,3.0,6.0,7.0,49.0,74
500290,2012,11.0,0.0,4.0,1.0,2.0,62.0,6.0,10.0,27.0,39.0,164.0,281
500290,2013,0.0,0.0,0.0,0.0,0.0,0.0,0.0,0.0,0.0,0.0,168.0,278
500290,2014,13.0,0.0,1.0,12.0,2.0,47.0,10.0,12.0,32.0,32.0,161.0,290
500290,2015,12.0,0.0,5.0,3.0,4.0,42.0,18.0,12.0,31.0,24.0,151.0,292
500290,2016,21.0,0.0,10.0,4.0,1.0,50.0,9.0,10.0,23.0,31.0,160.0,291
500290,2017,12.0,0.0,2.0,2.0,4.0,60.0,15.0,11.0,34.0,15.0,155.0,250
500290,2018,16.0,0.0,6.0,0.0,3.0,52.0,16.0,10.0,25.0,22.0,150.0,252
500290,2019,20.0,1.0,7.0,10.0,7.0,38.0,9.0,8.0,14.0,22.0,136.0,239
500295,2012,18.0,1.0,5.0,9.0,5.0,90.0,9.0,4.0,58.0,27.0,231.0,362
500295,2013,0.0,0.0,0.0,0.0,0.0,0.0,0.0,0.0,0.0,0.0,240.0,376
500295,2014,26.0,0.0,2.0,8.0,5.0,115.0,26.0,17.0,63.0,46.0,308.0,427
500295,2015,24.0,0.0,8.0,8.0,3.0,104.0,27.0,15.0,60.0,40.0,291.0,431
500295,2016,23.0,0.0,4.0,5.0,4.0,133.0,28.0,20.0,78.0,46.0,341.0,432
500295,2017,21.0,1.0,1.0,5.0,7.0,141.0,27.0,23.0,61.0,45.0,333.0,438
500295,2018,29.0,2.0,3.0,9.0,6.0,151.0,31.0,28.0,66.0,51.0,376.0,485
500295,2019,42.0,0.0,6.0,14.0,6.0,133.0,35.0,15.0,80.0,46.0,378.0,476
500310,2012,0.0,0.0,0.0,1.0,3.0,13.0,1.0,1.0,6.0,10.0,35.0,48
500310,2013,0.0,0.0,0.0,0.0,0.0,0.0,0.0,0.0,0.0,0.0,22.0,37
500310,2014,0.0,0.0,0.0,1.0,1.0,7.0,1.0,3.0,2.0,4.0,19.0,39
500310,2015,0.0,0.0,0.0,1.0,0.0,8.0,0.0,2.0,2.0,6.0,19.0,36
500310,2016,2.0,0.0,0.0,1.0,0.0,8.0,0.0,1.0,1.0,5.0,18.0,38
500310,2017,1.0,0.0,2.0,0.0,1.0,7.0,1.0,6.0,1.0,4.0,23.0,43
500310,2018,4.0,0.0,2.0,0.0,0.0,10.0,1.0,3.0,1.0,5.0,26.0,46
500310,2019,2.0,0.0,2.0,1.0,0.0,9.0,0.0,5.0,0.0,5.0,24.0,42
500315,2012,10.0,3.0,1.0,3.0,2.0,15.0,3.0,9.0,4.0,20.0,71.0,328
500315,2013,0.0,0.0,0.0,0.0,0.0,0.0,0.0,0.0,0.0,0.0,84.0,369
500315,2014,2.0,1.0,3.0,28.0,10.0,8.0,0.0,6.0,1.0,20.0,82.0,313
500315,2015,4.0,0.0,0.0,19.0,12.0,11.0,2.0,6.0,3.0,23.0,81.0,258
500315,2016,15.0,1.0,6.0,11.0,2.0,25.0,8.0,16.0,9.0,20.0,114.0,347
500315,2017,12.0,0.0,6.0,3.0,3.0,39.0,2.0,13.0,3.0,21.0,102.0,328
500315,2018,13.0,0.0,8.0,3.0,1.0,31.0,5.0,9.0,5.0,22.0,97.0,349
500315,2019,12.0,0.0,7.0,4.0,0.0,35.0,7.0,13.0,5.0,21.0,104.0,320
500320,2012,123.0,1.0,18.0,12.0,16.0,356.0,45.0,73.0,153.0,199.0,1007.0,1833
500320,2013,0.0,0.0,0.0,0.0,0.0,0.0,0.0,0.0,0.0,0.0,1259.0,1982
500320,2014,164.0,67.0,23.0,29.0,17.0,375.0,15.0,195.0,42.0,324.0,1265.0,2032
500320,2015,186.0,2.0,18.0,13.0,16.0,481.0,8.0,185.0,11.0,360.0,1281.0,1979
500320,2016,175.0,1.0,32.0,6.0,4.0,461.0,3.0,204.0,7.0,370.0,1263.0,1855
500320,2017,222.0,5.0,33.0,4.0,5.0,443.0,4.0,198.0,21.0,374.0,1309.0,1888
500320,2018,163.0,0.0,18.0,3.0,1.0,520.0,14.0,162.0,36.0,348.0,1265.0,1820
500320,2019,187.0,1.0,27.0,29.0,12.0,480.0,10.0,146.0,32.0,331.0,1255.0,1777
500325,2012,32.0,1.0,4.0,9.0,6.0,106.0,21.0,9.0,74.0,34.0,300.0,391
500325,2013,0.0,0.0,0.0,0.0,0.0,0.0,0.0,0.0,0.0,0.0,285.0,369
500325,2014,33.0,0.0,7.0,3.0,2.0,118.0,9.0,15.0,47.0,49.0,285.0,391
500325,2015,28.0,0.0,7.0,3.0,4.0,145.0,19.0,21.0,51.0,53.0,331.0,455
500325,2016,28.0,4.0,8.0,4.0,7.0,162.0,39.0,11.0,70.0,32.0,367.0,442
500325,2017,42.0,0.0,16.0,5.0,2.0,144.0,34.0,18.0,80.0,46.0,388.0,460
500325,2018,30.0,0.0,10.0,9.0,6.0,178.0,42.0,23.0,72.0,59.0,429.0,485
500325,2019,34.0,0.0,13.0,8.0,4.0,177.0,39.0,43.0,63.0,53.0,434.0,479
500330,2012,22.0,0.0,0.0,8.0,12.0,130.0,20.0,19.0,50.0,95.0,361.0,518
500330,2013,0.0,0.0,0.0,0.0,0.0,0.0,0.0,0.0,0.0,0.0,402.0,540
500330,2014,21.0,2.0,12.0,10.0,6.0,152.0,45.0,37.0,85.0,86.0,458.0,562
500330,2015,41.0,2.0,6.0,3.0,1.0,154.0,31.0,43.0,62.0,104.0,448.0,542
500330,2016,43.0,0.0,4.0,7.0,2.0,159.0,26.0,38.0,64.0,71.0,416.0,494
500330,2017,55.0,2.0,4.0,6.0,1.0,190.0,28.0,61.0,43.0,109.0,499.0,569
500330,2018,43.0,0.0,8.0,2.0,1.0,191.0,20.0,44.0,46.0,113.0,468.0,554
500330,2019,41.0,1.0,7.0,4.0,3.0,187.0,22.0,40.0,52.0,66.0,423.0,510
500345,2012,4.0,1.0,0.0,11.0,7.0,34.0,5.0,11.0,10.0,29.0,117.0,183
500345,2013,0.0,0.0,0.0,0.0,0.0,0.0,0.0,0.0,0.0,0.0,126.0,182
500345,2014,10.0,0.0,2.0,0.0,2.0,47.0,9.0,12.0,32.0,29.0,144.0,198
500345,2015,11.0,1.0,8.0,1.0,2.0,52.0,12.0,7.0,29.0,27.0,150.0,200
500345,2016,12.0,0.0,2.0,4.0,1.0,31.0,5.0,4.0,23.0,21.0,103.0,146
500345,2017,9.0,1.0,2.0,0.0,1.0,49.0,10.0,13.0,26.0,15.0,126.0,190
500345,2018,4.0,0.0,2.0,2.0,2.0,46.0,7.0,6.0,20.0,14.0,103.0,153
500345,2019,11.0,0.0,2.0,6.0,1.0,52.0,6.0,10.0,22.0,13.0,123.0,166
500348,2012,3.0,1.0,0.0,3.0,1.0,22.0,3.0,5.0,12.0,14.0,74.0,145
500348,2013,0.0,0.0,0.0,0.0,0.0,0.0,0.0,0.0,0.0,0.0,63.0,127
500348,2014,5.0,0.0,0.0,1.0,1.0,23.0,2.0,7.0,5.0,15.0,59.0,132
500348,2015,4.0,0.0,2.0,2.0,1.0,28.0,3.0,11.0,8.0,17.0,77.0,156
500348,2016,2.0,2.0,4.0,1.0,0.0,33.0,6.0,3.0,9.0,9.0,69.0,151
500348,2017,5.0,1.0,1.0,2.0,3.0,42.0,6.0,5.0,4.0,9.0,78.0,164
500348,2018,9.0,0.0,1.0,1.0,1.0,23.0,2.0,12.0,3.0,9.0,61.0,132
500348,2019,6.0,0.0,0.0,2.0,1.0,28.0,4.0,4.0,3.0,21.0,69.0,138
500350,2012,5.0,0.0,2.0,1.0,4.0,7.0,7.0,0.0,16.0,3.0,45.0,84
500350,2013,0.0,0.0,0.0,0.0,0.0,0.0,0.0,0.0,0.0,0.0,45.0,83
500350,2014,7.0,0.0,0.0,1.0,0.0,20.0,3.0,5.0,6.0,8.0,50.0,76
500350,2015,4.0,2.0,2.0,0.0,1.0,14.0,2.0,2.0,10.0,5.0,42.0,79
500350,2016,3.0,0.0,0.0,2.0,1.0,18.0,6.0,4.0,14.0,5.0,53.0,76
500350,2017,2.0,0.0,0.0,1.0,0.0,8.0,2.0,0.0,6.0,5.0,24.0,57
500350,2018,2.0,0.0,0.0,2.0,0.0,14.0,4.0,2.0,7.0,1.0,32.0,64
500350,2019,2.0,0.0,0.0,2.0,0.0,21.0,2.0,3.0,5.0,1.0,36.0,67
500370,2012,177.0,18.0,52.0,117.0,94.0,633.0,119.0,75.0,493.0,220.0,2042.0,3694
500370,2013,0.0,0.0,0.0,0.0,0.0,0.0,0.0,0.0,0.0,0.0,2281.0,3694
500370,2014,173.0,14.0,70.0,47.0,37.0,802.0,175.0,173.0,479.0,370.0,2346.0,3784
500370,2015,211.0,8.0,64.0,51.0,32.0,838.0,234.0,149.0,563.0,258.0,2412.0,3955
500370,2016,213.0,9.0,68.0,56.0,54.0,854.0,203.0,119.0,553.0,259.0,2388.0,3891
500370,2017,278.0,17.0,96.0,58.0,37.0,949.0,240.0,83.0,561.0,215.0,2534.0,4179
500370,2018,200.0,20.0,101.0,74.0,46.0,963.0,217.0,54.0,548.0,153.0,2377.0,4087
500370,2019,299.0,11.0,83.0,59.0,63.0,988.0,215.0,78.0,522.0,207.0,2525.0,4075
500375,2012,24.0,0.0,2.0,6.0,2.0,44.0,11.0,8.0,40.0,16.0,154.0,223
500375,2013,0.0,0.0,0.0,0.0,0.0,0.0,0.0,0.0,0.0,0.0,171.0,226
500375,2014,20.0,1.0,0.0,2.0,3.0,52.0,12.0,12.0,31.0,20.0,153.0,202
500375,2015,18.0,0.0,2.0,0.0,2.0,50.0,13.0,5.0,19.0,19.0,129.0,178
500375,2016,20.0,1.0,2.0,1.0,2.0,58.0,8.0,15.0,19.0,26.0,152.0,199
500375,2017,14.0,0.0,2.0,3.0,1.0,57.0,8.0,5.0,16.0,20.0,126.0,167
500375,2018,12.0,1.0,3.0,3.0,2.0,65.0,10.0,9.0,17.0,16.0,138.0,177
500375,2019,9.0,0.0,4.0,5.0,6.0,46.0,11.0,5.0,34.0,9.0,129.0,176
500380,2012,7.0,0.0,1.0,56.0,56.0,19.0,3.0,4.0,7.0,18.0,171.0,236
500380,2013,0.0,0.0,0.0,0.0,0.0,0.0,0.0,0.0,0.0,0.0,198.0,265
500380,2014,10.0,0.0,3.0,2.0,1.0,59.0,2.0,23.0,20.0,52.0,172.0,241
500380,2015,12.0,0.0,2.0,5.0,2.0,82.0,11.0,26.0,16.0,68.0,224.0,281
500380,2016,5.0,0.0,8.0,3.0,0.0,93.0,4.0,29.0,18.0,66.0,226.0,290
500380,2017,6.0,0.0,6.0,0.0,1.0,105.0,7.0,36.0,18.0,72.0,251.0,301
500380,2018,17.0,0.0,8.0,3.0,0.0,123.0,1.0,27.0,21.0,59.0,259.0,317
500380,2019,14.0,0.0,4.0,4.0,2.0,141.0,3.0,24.0,18.0,46.0,256.0,298
500390,2012,2.0,0.0,0.0,1.0,0.0,5.0,1.0,6.0,4.0,12.0,31.0,37
500390,2013,0.0,0.0,0.0,0.0,0.0,0.0,0.0,0.0,0.0,0.0,26.0,36
500390,2014,4.0,0.0,0.0,1.0,0.0,20.0,1.0,0.0,2.0,7.0,37.0,51
500390,2015,0.0,0.0,0.0,1.0,0.0,22.0,2.0,6.0,3.0,10.0,46.0,56
500390,2016,2.0,0.0,0.0,0.0,1.0,9.0,0.0,4.0,3.0,4.0,23.0,31
500390,2017,0.0,0.0,0.0,1.0,0.0,9.0,2.0,1.0,2.0,5.0,20.0,34
500390,2018,0.0,0.0,0.0,0.0,0.0,9.0,6.0,3.0,6.0,4.0,28.0,35
500390,2019,0.0,0.0,0.0,0.0,0.0,14.0,3.0,1.0,6.0,4.0,28.0,32
500400,2012,1.0,0.0,2.0,7.0,2.0,9.0,3.0,1.0,5.0,2.0,66.0,106
500400,2013,0.0,0.0,0.0,0.0,0.0,0.0,0.0,0.0,0.0,0.0,70.0,125
500400,2014,3.0,0.0,2.0,1.0,3.0,15.0,2.0,2.0,5.0,11.0,52.0,109
500400,2015,7.0,0.0,2.0,0.0,1.0,29.0,5.0,6.0,17.0,21.0,92.0,151
500400,2016,9.0,1.0,2.0,0.0,1.0,27.0,4.0,6.0,11.0,24.0,85.0,133
500400,2017,6.0,0.0,0.0,2.0,0.0,27.0,8.0,3.0,14.0,16.0,76.0,129
500400,2018,5.0,0.0,0.0,3.0,0.0,41.0,4.0,8.0,14.0,11.0,86.0,121
500400,2019,8.0,1.0,4.0,1.0,1.0,41.0,3.0,6.0,14.0,17.0,96.0,136
500410,2012,11.0,0.0,2.0,5.0,0.0,41.0,5.0,7.0,8.0,18.0,97.0,169
500410,2013,0.0,0.0,0.0,0.0,0.0,0.0,0.0,0.0,0.0,0.0,74.0,141
500410,2014,7.0,0.0,0.0,2.0,1.0,29.0,1.0,11.0,5.0,32.0,88.0,168
500410,2015,11.0,0.0,0.0,0.0,1.0,26.0,0.0,13.0,4.0,24.0,79.0,134
500410,2016,6.0,0.0,2.0,1.0,1.0,27.0,1.0,12.0,7.0,20.0,77.0,126
500410,2017,6.0,0.0,3.0,2.0,1.0,30.0,5.0,10.0,2.0,20.0,79.0,127
500410,2018,8.0,1.0,0.0,0.0,1.0,36.0,1.0,15.0,2.0,19.0,83.0,137
500410,2019,11.0,1.0,0.0,0.0,2.0,35.0,3.0,11.0,5.0,22.0,91.0,132
500430,2012,21.0,1.0,4.0,3.0,3.0,42.0,2.0,8.0,5.0,50.0,139.0,232
500430,2013,0.0,0.0,0.0,0.0,0.0,0.0,0.0,0.0,0.0,0.0,127.0,236
500430,2014,8.0,1.0,0.0,1.0,0.0,47.0,2.0,21.0,19.0,47.0,146.0,252
500430,2015,12.0,1.0,4.0,0.0,1.0,52.0,2.0,14.0,8.0,51.0,145.0,236
500430,2016,18.0,0.0,2.0,3.0,1.0,71.0,1.0,21.0,5.0,50.0,172.0,255
500430,2017,11.0,1.0,2.0,0.0,1.0,65.0,6.0,12.0,5.0,54.0,158.0,241
500430,2018,13.0,0.0,9.0,1.0,1.0,64.0,1.0,23.0,4.0,58.0,176.0,255
500430,2019,19.0,2.0,2.0,0.0,0.0,62.0,2.0,17.0,6.0,38.0,148.0,244
500440,2012,10.0,1.0,4.0,2.0,1.0,27.0,6.0,3.0,20.0,3.0,80.0,113
500440,2013,0.0,0.0,0.0,0.0,0.0,0.0,0.0,0.0,0.0,0.0,71.0,96
500440,2014,15.0,0.0,1.0,2.0,0.0,20.0,12.0,1.0,21.0,5.0,78.0,111
500440,2015,6.0,0.0,2.0,2.0,3.0,36.0,12.0,3.0,31.0,6.0,101.0,140
500440,2016,12.0,0.0,5.0,3.0,3.0,30.0,6.0,4.0,10.0,10.0,84.0,117
500440,2017,13.0,0.0,0.0,2.0,1.0,25.0,10.0,3.0,15.0,10.0,79.0,110
500440,2018,7.0,0.0,2.0,0.0,2.0,24.0,7.0,3.0,5.0,9.0,61.0,104
500440,2019,9.0,0.0,3.0,3.0,1.0,28.0,7.0,6.0,11.0,10.0,79.0,124
500450,2012,40.0,0.0,4.0,6.0,4.0,56.0,7.0,9.0,37.0,36.0,202.0,256
500450,2013,0.0,0.0,0.0,0.0,0.0,0.0,0.0,0.0,0.0,0.0,185.0,246
500450,2014,24.0,3.0,4.0,2.0,4.0,81.0,9.0,17.0,32.0,38.0,214.0,255
500450,2015,19.0,0.0,2.0,1.0,2.0,55.0,7.0,11.0,36.0,36.0,171.0,227
500450,2016,14.0,1.0,6.0,5.0,3.0,88.0,9.0,17.0,21.0,42.0,208.0,247
500450,2017,36.0,0.0,3.0,3.0,1.0,87.0,3.0,10.0,21.0,29.0,194.0,239
500450,2018,27.0,1.0,2.0,1.0,3.0,68.0,8.0,14.0,14.0,42.0,180.0,212
500450,2019,37.0,0.0,6.0,1.0,4.0,79.0,12.0,15.0,25.0,39.0,218.0,250
500460,2012,19.0,1.0,6.0,1.0,0.0,42.0,1.0,9.0,7.0,38.0,124.0,228
500460,2013,0.0,0.0,0.0,0.0,0.0,0.0,0.0,0.0,0.0,0.0,136.0,229
500460,2014,20.0,4.0,3.0,6.0,6.0,65.0,3.0,12.0,5.0,36.0,160.0,271
500460,2015,13.0,3.0,2.0,1.0,0.0,56.0,18.0,5.0,23.0,33.0,154.0,279
500460,2016,9.0,0.0,2.0,3.0,6.0,77.0,5.0,10.0,17.0,22.0,152.0,254
500460,2017,9.0,1.0,1.0,2.0,1.0,59.0,16.0,14.0,27.0,34.0,164.0,275
500460,2018,11.0,1.0,11.0,1.0,3.0,62.0,12.0,12.0,17.0,40.0,176.0,274
500460,2019,8.0,0.0,2.0,14.0,7.0,47.0,4.0,17.0,12.0,54.0,166.0,273
500470,2012,26.0,0.0,6.0,4.0,4.0,75.0,12.0,21.0,46.0,56.0,250.0,340
500470,2013,0.0,0.0,0.0,0.0,0.0,0.0,0.0,0.0,0.0,0.0,252.0,316
500470,2014,25.0,0.0,2.0,3.0,3.0,88.0,10.0,60.0,27.0,78.0,296.0,376
500470,2015,13.0,1.0,1.0,3.0,1.0,115.0,2.0,55.0,39.0,124.0,355.0,417
500470,2016,15.0,0.0,5.0,1.0,1.0,120.0,11.0,46.0,24.0,101.0,324.0,374
500470,2017,23.0,1.0,4.0,2.0,5.0,121.0,36.0,21.0,60.0,45.0,318.0,394
500470,2018,27.0,0.0,17.0,7.0,5.0,156.0,40.0,15.0,111.0,32.0,410.0,464
500470,2019,22.0,1.0,4.0,5.0,10.0,175.0,36.0,16.0,92.0,32.0,394.0,445
500480,2012,3.0,0.0,2.0,2.0,1.0,12.0,2.0,4.0,6.0,9.0,42.0,184
500480,2013,0.0,0.0,0.0,0.0,0.0,0.0,0.0,0.0,0.0,0.0,49.0,197
500480,2014,2.0,0.0,2.0,0.0,1.0,25.0,3.0,5.0,3.0,13.0,56.0,185
500480,2015,7.0,0.0,0.0,1.0,0.0,26.0,0.0,3.0,4.0,15.0,56.0,205
500480,2016,3.0,0.0,2.0,1.0,0.0,19.0,2.0,10.0,4.0,14.0,55.0,165
500480,2017,8.0,0.0,4.0,2.0,1.0,18.0,2.0,7.0,3.0,18.0,63.0,182
500480,2018,10.0,0.0,2.0,1.0,0.0,30.0,5.0,10.0,3.0,17.0,78.0,188
500480,2019,14.0,0.0,0.0,0.0,0.0,14.0,2.0,8.0,6.0,21.0,65.0,168
500490,2012,3.0,0.0,2.0,2.0,1.0,11.0,1.0,2.0,2.0,5.0,29.0,52
500490,2013,0.0,0.0,0.0,0.0,0.0,0.0,0.0,0.0,0.0,0.0,30.0,45
500490,2014,1.0,1.0,0.0,0.0,0.0,10.0,0.0,2.0,1.0,5.0,20.0,41
500490,2015,6.0,0.0,0.0,0.0,1.0,14.0,0.0,4.0,3.0,10.0,38.0,63
500490,2016,3.0,0.0,0.0,0.0,1.0,17.0,1.0,0.0,3.0,12.0,37.0,56
500490,2017,3.0,0.0,1.0,0.0,0.0,12.0,1.0,2.0,2.0,5.0,26.0,48
500490,2018,1.0,0.0,0.0,1.0,0.0,14.0,0.0,2.0,1.0,10.0,29.0,58
500490,2019,1.0,0.0,0.0,0.0,0.0,11.0,0.0,1.0,0.0,5.0,18.0,44
500500,2012,21.0,1.0,9.0,4.0,4.0,82.0,1.0,32.0,11.0,86.0,252.0,400
500500,2013,0.0,0.0,0.0,0.0,0.0,0.0,0.0,0.0,0.0,0.0,269.0,404
500500,2014,26.0,1.0,8.0,8.0,9.0,99.0,9.0,30.0,21.0,84.0,295.0,455
500500,2015,23.0,1.0,12.0,8.0,2.0,108.0,5.0,24.0,11.0,71.0,265.0,420
500500,2016,15.0,1.0,4.0,3.0,6.0,110.0,6.0,27.0,13.0,83.0,268.0,401
500500,2017,27.0,0.0,7.0,5.0,3.0,106.0,4.0,44.0,15.0,80.0,291.0,425
500500,2018,41.0,2.0,8.0,4.0,8.0,129.0,1.0,36.0,3.0,74.0,306.0,421
500500,2019,37.0,0.0,2.0,9.0,1.0,113.0,1.0,40.0,6.0,72.0,281.0,390
500510,2012,3.0,0.0,0.0,2.0,1.0,11.0,3.0,3.0,6.0,5.0,34.0,50
500510,2013,0.0,0.0,0.0,0.0,0.0,0.0,0.0,0.0,0.0,0.0,53.0,73
500510,2014,3.0,0.0,0.0,1.0,0.0,11.0,0.0,4.0,6.0,6.0,31.0,46
500510,2015,4.0,0.0,0.0,1.0,0.0,15.0,4.0,2.0,4.0,3.0,33.0,49
500510,2016,3.0,0.0,0.0,0.0,0.0,17.0,4.0,4.0,3.0,8.0,39.0,45
500510,2017,0.0,0.0,0.0,0.0,0.0,13.0,2.0,3.0,2.0,8.0,29.0,36
500510,2018,3.0,0.0,0.0,0.0,0.0,24.0,4.0,5.0,3.0,14.0,53.0,67
500510,2019,0.0,0.0,2.0,0.0,0.0,29.0,0.0,2.0,3.0,8.0,44.0,53
500515,2012,4.0,1.0,0.0,1.0,2.0,10.0,2.0,0.0,3.0,12.0,36.0,89
500515,2013,0.0,0.0,0.0,0.0,0.0,0.0,0.0,0.0,0.0,0.0,44.0,108
500515,2014,5.0,2.0,2.0,2.0,1.0,18.0,3.0,4.0,3.0,16.0,56.0,116
500515,2015,2.0,0.0,2.0,2.0,2.0,13.0,0.0,1.0,6.0,4.0,33.0,94
500515,2016,5.0,0.0,2.0,0.0,1.0,21.0,6.0,1.0,8.0,6.0,50.0,115
500515,2017,6.0,1.0,2.0,2.0,2.0,15.0,2.0,4.0,4.0,5.0,43.0,108
500515,2018,4.0,0.0,4.0,2.0,0.0,14.0,4.0,4.0,7.0,7.0,46.0,102
500515,2019,4.0,0.0,0.0,1.0,2.0,26.0,6.0,5.0,9.0,12.0,65.0,106
500520,2012,28.0,0.0,0.0,2.0,3.0,76.0,16.0,10.0,27.0,39.0,206.0,372
500520,2013,0.0,0.0,0.0,0.0,0.0,0.0,0.0,0.0,0.0,0.0,210.0,372
500520,2014,20.0,10.0,9.0,7.0,1.0,78.0,4.0,32.0,8.0,69.0,244.0,402
500520,2015,27.0,0.0,4.0,0.0,0.0,76.0,1.0,30.0,4.0,62.0,204.0,366
500520,2016,30.0,0.0,2.0,4.0,1.0,76.0,3.0,37.0,1.0,83.0,238.0,378
500520,2017,39.0,0.0,4.0,2.0,2.0,123.0,0.0,36.0,1.0,76.0,283.0,400
500520,2018,38.0,0.0,10.0,1.0,1.0,85.0,2.0,36.0,10.0,73.0,256.0,404
500520,2019,47.0,0.0,10.0,5.0,1.0,86.0,4.0,33.0,4.0,59.0,249.0,362
500525,2012,2.0,0.0,2.0,6.0,6.0,21.0,4.0,0.0,16.0,9.0,66.0,144
500525,2013,0.0,0.0,0.0,0.0,0.0,0.0,0.0,0.0,0.0,0.0,66.0,126
500525,2014,6.0,0.0,6.0,2.0,0.0,18.0,4.0,1.0,13.0,7.0,58.0,103
500525,2015,2.0,1.0,5.0,1.0,0.0,21.0,5.0,5.0,10.0,9.0,60.0,133
500525,2016,4.0,1.0,0.0,0.0,1.0,23.0,6.0,2.0,16.0,4.0,58.0,116
500525,2017,9.0,0.0,2.0,3.0,1.0,23.0,4.0,2.0,10.0,4.0,58.0,129
500525,2018,5.0,0.0,0.0,2.0,0.0,24.0,2.0,5.0,11.0,5.0,54.0,117
500525,2019,4.0,0.0,0.0,3.0,0.0,16.0,10.0,2.0,11.0,2.0,48.0,109
500540,2012,21.0,1.0,16.0,8.0,11.0,139.0,13.0,23.0,39.0,112.0,385.0,644
500540,2013,0.0,0.0,0.0,0.0,0.0,0.0,0.0,0.0,0.0,0.0,395.0,638
500540,2014,29.0,1.0,8.0,9.0,7.0,186.0,10.0,22.0,53.0,83.0,408.0,714
500540,2015,25.0,2.0,6.0,11.0,9.0,164.0,17.0,25.0,41.0,85.0,386.0,719
500540,2016,23.0,0.0,6.0,14.0,5.0,178.0,9.0,37.0,28.0,94.0,395.0,719
500540,2017,26.0,0.0,22.0,6.0,10.0,220.0,8.0,38.0,25.0,85.0,441.0,791
500540,2018,13.0,0.0,11.0,13.0,9.0,195.0,7.0,28.0,28.0,93.0,399.0,779
500540,2019,31.0,2.0,19.0,16.0,9.0,193.0,10.0,26.0,34.0,68.0,408.0,825
500560,2012,25.0,2.0,6.0,5.0,8.0,73.0,5.0,10.0,33.0,24.0,191.0,517
500560,2013,0.0,0.0,0.0,0.0,0.0,0.0,0.0,0.0,0.0,0.0,170.0,474
500560,2014,21.0,5.0,15.0,1.0,2.0,69.0,12.0,13.0,18.0,40.0,200.0,515
500560,2015,15.0,3.0,1.0,14.0,9.0,68.0,6.0,5.0,24.0,16.0,161.0,484
500560,2016,16.0,4.0,9.0,13.0,11.0,55.0,13.0,6.0,28.0,18.0,174.0,519
500560,2017,23.0,1.0,9.0,9.0,4.0,88.0,13.0,35.0,22.0,51.0,256.0,543
500560,2018,30.0,2.0,8.0,7.0,8.0,90.0,8.0,44.0,13.0,43.0,253.0,513
500560,2019,18.0,5.0,4.0,6.0,3.0,88.0,8.0,21.0,16.0,34.0,204.0,467
500568,2012,19.0,0.0,8.0,3.0,1.0,69.0,11.0,6.0,35.0,31.0,187.0,271
500568,2013,0.0,0.0,0.0,0.0,0.0,0.0,0.0,0.0,0.0,0.0,211.0,295
500568,2014,20.0,0.0,6.0,1.0,1.0,90.0,16.0,15.0,42.0,33.0,225.0,296
500568,2015,17.0,0.0,7.0,5.0,2.0,78.0,13.0,16.0,33.0,37.0,212.0,290
500568,2016,18.0,2.0,5.0,3.0,6.0,103.0,13.0,11.0,31.0,48.0,240.0,313
500568,2017,18.0,1.0,2.0,2.0,4.0,81.0,11.0,23.0,25.0,45.0,212.0,295
500568,2018,21.0,0.0,6.0,1.0,1.0,89.0,16.0,19.0,28.0,52.0,233.0,295
500568,2019,25.0,1.0,4.0,5.0,2.0,119.0,9.0,27.0,31.0,33.0,256.0,322
500570,2012,65.0,3.0,16.0,29.0,21.0,206.0,16.0,52.0,56.0,130.0,596.0,901
500570,2013,0.0,0.0,0.0,0.0,0.0,0.0,0.0,0.0,0.0,0.0,542.0,867
500570,2014,39.0,3.0,22.0,10.0,10.0,246.0,37.0,26.0,82.0,122.0,597.0,941
500570,2015,35.0,0.0,21.0,16.0,7.0,274.0,31.0,42.0,90.0,116.0,632.0,962
500570,2016,37.0,1.0,21.0,11.0,3.0,250.0,44.0,39.0,81.0,145.0,633.0,959
500570,2017,40.0,0.0,20.0,12.0,9.0,281.0,37.0,39.0,94.0,137.0,670.0,945
500570,2018,36.0,0.0,12.0,6.0,5.0,259.0,45.0,25.0,91.0,82.0,561.0,833
500570,2019,45.0,2.0,12.0,8.0,10.0,261.0,40.0,46.0,82.0,130.0,637.0,876
500580,2012,11.0,0.0,2.0,3.0,5.0,26.0,1.0,8.0,9.0,20.0,85.0,172
500580,2013,0.0,0.0,0.0,0.0,0.0,0.0,0.0,0.0,0.0,0.0,91.0,168
500580,2014,4.0,2.0,1.0,3.0,2.0,43.0,4.0,16.0,7.0,31.0,113.0,194
500580,2015,5.0,0.0,2.0,13.0,5.0,39.0,3.0,6.0,8.0,21.0,102.0,191
500580,2016,10.0,0.0,2.0,8.0,4.0,21.0,6.0,7.0,7.0,14.0,79.0,161
500580,2017,7.0,1.0,2.0,6.0,6.0,36.0,3.0,6.0,13.0,16.0,96.0,177
500580,2018,8.0,1.0,2.0,2.0,1.0,38.0,3.0,12.0,4.0,20.0,91.0,169
500580,2019,3.0,0.0,0.0,1.0,0.0,41.0,1.0,10.0,8.0,21.0,85.0,183
500600,2012,24.0,0.0,0.0,8.0,9.0,60.0,2.0,19.0,23.0,46.0,202.0,351
500600,2013,0.0,0.0,0.0,0.0,0.0,0.0,0.0,0.0,0.0,0.0,214.0,329
500600,2014,25.0,1.0,4.0,10.0,6.0,77.0,7.0,32.0,23.0,62.0,253.0,363
500600,2015,21.0,1.0,6.0,31.0,14.0,49.0,12.0,24.0,15.0,40.0,213.0,308
500600,2016,12.0,1.0,3.0,19.0,11.0,72.0,10.0,16.0,14.0,31.0,195.0,302
500600,2017,13.0,0.0,7.0,13.0,5.0,82.0,6.0,15.0,14.0,46.0,202.0,322
500600,2018,27.0,1.0,4.0,6.0,7.0,93.0,4.0,26.0,13.0,57.0,238.0,356
500600,2019,17.0,0.0,1.0,12.0,4.0,92.0,14.0,29.0,13.0,55.0,237.0,348
500620,2012,56.0,0.0,13.0,12.0,10.0,183.0,25.0,33.0,66.0,98.0,504.0,777
500620,2013,0.0,0.0,0.0,0.0,0.0,0.0,0.0,0.0,0.0,0.0,474.0,673
500620,2014,42.0,0.0,9.0,9.0,4.0,207.0,43.0,52.0,85.0,111.0,573.0,790
500620,2015,45.0,0.0,15.0,5.0,8.0,203.0,29.0,72.0,40.0,150.0,583.0,847
500620,2016,32.0,0.0,11.0,7.0,1.0,205.0,24.0,62.0,38.0,119.0,510.0,709
500620,2017,47.0,0.0,9.0,6.0,5.0,235.0,41.0,52.0,66.0,97.0,559.0,790
500620,2018,64.0,1.0,12.0,10.0,6.0,229.0,45.0,34.0,98.0,72.0,572.0,784
500620,2019,63.0,2.0,23.0,16.0,11.0,222.0,52.0,40.0,99.0,62.0,590.0,796
500625,2012,2.0,0.0,2.0,4.0,0.0,14.0,1.0,2.0,3.0,6.0,35.0,72
500625,2013,0.0,0.0,0.0,0.0,0.0,0.0,0.0,0.0,0.0,0.0,55.0,74
500625,2014,3.0,0.0,0.0,2.0,0.0,30.0,3.0,7.0,5.0,26.0,76.0,103
500625,2015,5.0,0.0,5.0,2.0,1.0,18.0,1.0,12.0,6.0,18.0,68.0,86
500625,2016,3.0,0.0,2.0,2.0,0.0,25.0,4.0,4.0,6.0,3.0,49.0,74
500625,2017,2.0,0.0,1.0,1.0,0.0,22.0,9.0,3.0,11.0,7.0,56.0,78
500625,2018,5.0,0.0,0.0,1.0,1.0,29.0,8.0,2.0,13.0,7.0,66.0,82
500625,2019,4.0,1.0,2.0,2.0,0.0,22.0,4.0,0.0,9.0,2.0,46.0,71
500627,2013,0.0,0.0,0.0,0.0,0.0,0.0,0.0,0.0,0.0,0.0,24.0,31
500627,2014,0.0,0.0,3.0,1.0,0.0,9.0,1.0,4.0,1.0,4.0,23.0,31
500627,2015,3.0,0.0,0.0,0.0,0.0,10.0,1.0,1.0,3.0,7.0,25.0,39
500627,2016,3.0,0.0,1.0,0.0,1.0,18.0,1.0,2.0,3.0,6.0,35.0,41
500627,2017,4.0,1.0,0.0,0.0,2.0,18.0,9.0,3.0,11.0,4.0,52.0,58
500627,2018,6.0,0.0,0.0,1.0,0.0,15.0,2.0,1.0,9.0,7.0,41.0,47
500627,2019,3.0,0.0,0.0,0.0,1.0,25.0,9.0,2.0,9.0,14.0,63.0,72
500630,2012,59.0,0.0,7.0,5.0,6.0,97.0,8.0,31.0,25.0,103.0,388.0,587
500630,2013,0.0,0.0,0.0,0.0,0.0,0.0,0.0,0.0,0.0,0.0,388.0,526
500630,2014,33.0,1.0,10.0,5.0,4.0,120.0,32.0,50.0,52.0,114.0,421.0,582
500630,2015,35.0,0.0,6.0,5.0,6.0,133.0,16.0,47.0,41.0,130.0,419.0,555
500630,2016,53.0,1.0,9.0,6.0,10.0,137.0,11.0,63.0,20.0,102.0,413.0,535
500630,2017,53.0,1.0,0.0,5.0,3.0,176.0,15.0,46.0,37.0,101.0,437.0,556
500630,2018,35.0,1.0,12.0,13.0,13.0,181.0,32.0,31.0,86.0,58.0,462.0,588
500630,2019,43.0,0.0,16.0,11.0,5.0,218.0,32.0,21.0,84.0,66.0,499.0,619
500635,2012,12.0,1.0,8.0,3.0,1.0,24.0,3.0,10.0,3.0,33.0,98.0,359
500635,2013,0.0,0.0,0.0,0.0,0.0,0.0,0.0,0.0,0.0,0.0,129.0,350
500635,2014,4.0,0.0,3.0,1.0,1.0,16.0,2.0,14.0,3.0,29.0,76.0,325
500635,2015,8.0,1.0,2.0,6.0,4.0,15.0,1.0,12.0,5.0,18.0,72.0,294
500635,2016,7.0,0.0,0.0,2.0,3.0,21.0,0.0,12.0,2.0,28.0,75.0,282
500635,2017,15.0,0.0,4.0,12.0,5.0,19.0,0.0,10.0,4.0,14.0,84.0,283
500635,2018,18.0,0.0,2.0,8.0,5.0,18.0,6.0,4.0,5.0,21.0,91.0,345
500635,2019,7.0,2.0,0.0,2.0,4.0,32.0,5.0,10.0,4.0,15.0,81.0,316
500640,2012,3.0,0.0,2.0,1.0,2.0,7.0,2.0,0.0,4.0,5.0,68.0,89
500640,2013,0.0,0.0,0.0,0.0,0.0,0.0,0.0,0.0,0.0,0.0,77.0,104
500640,2014,1.0,0.0,2.0,0.0,1.0,22.0,8.0,6.0,10.0,8.0,73.0,89
500640,2015,4.0,0.0,2.0,2.0,1.0,22.0,2.0,6.0,13.0,16.0,70.0,81
500640,2016,7.0,0.0,0.0,2.0,0.0,24.0,7.0,2.0,7.0,10.0,59.0,79
500640,2017,7.0,2.0,0.0,2.0,2.0,28.0,3.0,12.0,7.0,14.0,77.0,91
500640,2018,10.0,0.0,0.0,1.0,0.0,34.0,6.0,5.0,7.0,15.0,78.0,86
500640,2019,1.0,0.0,0.0,1.0,0.0,35.0,8.0,5.0,12.0,15.0,77.0,91
500660,2012,82.0,1.0,28.0,11.0,5.0,263.0,5.0,100.0,39.0,275.0,829.0,1795
500660,2013,0.0,0.0,0.0,0.0,0.0,0.0,0.0,0.0,0.0,0.0,731.0,1610
500660,2014,73.0,1.0,22.0,2.0,1.0,271.0,6.0,98.0,47.0,237.0,766.0,1620
500660,2015,86.0,0.0,34.0,19.0,8.0,294.0,10.0,90.0,41.0,178.0,775.0,1552
500660,2016,97.0,2.0,22.0,22.0,16.0,280.0,20.0,63.0,56.0,154.0,747.0,1565
500660,2017,94.0,0.0,27.0,3.0,5.0,362.0,18.0,108.0,54.0,208.0,880.0,1706
500660,2018,91.0,4.0,28.0,7.0,6.0,337.0,29.0,76.0,75.0,130.0,790.0,1605
500660,2019,102.0,1.0,18.0,8.0,6.0,380.0,44.0,59.0,98.0,115.0,831.0,1686
500690,2012,5.0,1.0,2.0,3.0,3.0,36.0,7.0,5.0,8.0,12.0,82.0,281
500690,2013,0.0,0.0,0.0,0.0,0.0,0.0,0.0,0.0,0.0,0.0,127.0,255
500690,2014,26.0,1.0,2.0,1.0,0.0,38.0,2.0,23.0,5.0,38.0,137.0,256
500690,2015,20.0,0.0,5.0,1.0,0.0,40.0,5.0,16.0,5.0,46.0,139.0,208
500690,2016,12.0,0.0,4.0,0.0,0.0,50.0,0.0,16.0,1.0,47.0,130.0,218
500690,2017,18.0,0.0,7.0,1.0,0.0,57.0,3.0,28.0,3.0,48.0,165.0,255
500690,2018,19.0,0.0,3.0,0.0,2.0,63.0,1.0,34.0,1.0,35.0,158.0,242
500690,2019,23.0,0.0,1.0,3.0,1.0,51.0,0.0,16.0,2.0,44.0,141.0,215
500710,2012,18.0,1.0,8.0,10.0,10.0,63.0,15.0,9.0,40.0,35.0,211.0,376
500710,2013,0.0,0.0,0.0,0.0,0.0,0.0,0.0,0.0,0.0,0.0,188.0,344
500710,2014,17.0,1.0,13.0,2.0,4.0,58.0,8.0,13.0,10.0,42.0,171.0,360
500710,2015,15.0,0.0,5.0,6.0,6.0,67.0,7.0,25.0,7.0,45.0,186.0,369
500710,2016,19.0,0.0,4.0,4.0,3.0,69.0,8.0,10.0,10.0,32.0,159.0,320
500710,2017,10.0,0.0,7.0,2.0,0.0,72.0,4.0,20.0,10.0,54.0,182.0,362
500710,2018,12.0,2.0,1.0,6.0,3.0,92.0,2.0,28.0,10.0,48.0,204.0,348
500710,2019,11.0,1.0,8.0,3.0,0.0,60.0,0.0,6.0,6.0,40.0,135.0,298
500720,2012,46.0,0.0,8.0,9.0,10.0,102.0,34.0,17.0,86.0,29.0,387.0,637
500720,2013,0.0,0.0,0.0,0.0,0.0,0.0,0.0,0.0,0.0,0.0,434.0,648
500720,2014,52.0,0.0,14.0,3.0,2.0,148.0,19.0,70.0,27.0,103.0,438.0,705
500720,2015,68.0,0.0,6.0,2.0,0.0,148.0,10.0,52.0,18.0,109.0,415.0,684
500720,2016,46.0,1.0,2.0,1.0,3.0,146.0,31.0,33.0,47.0,59.0,371.0,643
500720,2017,51.0,1.0,6.0,7.0,6.0,150.0,57.0,20.0,96.0,18.0,412.0,700
500720,2018,43.0,0.0,8.0,25.0,11.0,146.0,70.0,3.0,89.0,9.0,404.0,651
500720,2019,30.0,0.0,5.0,8.0,6.0,168.0,47.0,5.0,80.0,17.0,367.0,648
500730,2012,1.0,1.0,2.0,0.0,1.0,11.0,2.0,4.0,5.0,6.0,33.0,45
500730,2013,0.0,0.0,0.0,0.0,0.0,0.0,0.0,0.0,0.0,0.0,43.0,57
500730,2014,2.0,0.0,0.0,1.0,0.0,14.0,1.0,0.0,9.0,6.0,33.0,40
500730,2015,2.0,0.0,0.0,0.0,0.0,13.0,1.0,3.0,4.0,5.0,28.0,43
500730,2016,2.0,0.0,0.0,1.0,0.0,13.0,1.0,1.0,5.0,8.0,33.0,55
500730,2017,1.0,0.0,0.0,1.0,0.0,17.0,1.0,1.0,1.0,5.0,27.0,58
500730,2018,5.0,0.0,0.0,0.0,0.0,17.0,0.0,2.0,3.0,6.0,33.0,49
500730,2019,0.0,0.0,0.0,2.0,0.0,9.0,0.0,2.0,2.0,7.0,22.0,53
500740,2012,18.0,2.0,2.0,5.0,6.0,60.0,6.0,6.0,28.0,47.0,183.0,278
500740,2013,0.0,0.0,0.0,0.0,0.0,0.0,0.0,0.0,0.0,0.0,156.0,272
500740,2014,7.0,2.0,6.0,3.0,2.0,63.0,5.0,8.0,18.0,20.0,136.0,259
500740,2015,23.0,2.0,5.0,4.0,3.0,76.0,14.0,20.0,26.0,30.0,211.0,341
500740,2016,17.0,1.0,4.0,7.0,4.0,67.0,19.0,6.0,26.0,26.0,177.0,295
500740,2017,15.0,0.0,5.0,3.0,2.0,80.0,22.0,14.0,28.0,17.0,186.0,281
500740,2018,11.0,0.0,9.0,1.0,1.0,96.0,11.0,7.0,23.0,34.0,196.0,290
500740,2019,17.0,2.0,11.0,4.0,3.0,89.0,25.0,13.0,36.0,23.0,223.0,301
500750,2012,4.0,0.0,2.0,1.0,2.0,14.0,1.0,2.0,9.0,7.0,42.0,67
500750,2013,0.0,0.0,0.0,0.0,0.0,0.0,0.0,0.0,0.0,0.0,23.0,37
500750,2014,2.0,0.0,0.0,0.0,0.0,11.0,1.0,4.0,3.0,5.0,26.0,54
500750,2015,3.0,0.0,2.0,0.0,1.0,9.0,0.0,2.0,1.0,8.0,26.0,42
500750,2016,2.0,0.0,0.0,2.0,1.0,10.0,2.0,0.0,3.0,3.0,23.0,45
500750,2017,1.0,0.0,0.0,2.0,1.0,23.0,2.0,4.0,3.0,7.0,43.0,72
500750,2018,3.0,0.0,4.0,1.0,0.0,15.0,1.0,3.0,1.0,9.0,37.0,61
500750,2019,2.0,0.0,1.0,0.0,0.0,14.0,2.0,3.0,1.0,8.0,31.0,72
500755,2012,3.0,0.0,0.0,0.0,0.0,10.0,1.0,3.0,4.0,11.0,88.0,105
500755,2013,0.0,0.0,0.0,0.0,0.0,0.0,0.0,0.0,0.0,0.0,62.0,75
500755,2014,12.0,0.0,0.0,1.0,1.0,24.0,13.0,7.0,11.0,6.0,76.0,80
500755,2015,6.0,0.0,0.0,1.0,0.0,20.0,7.0,2.0,12.0,7.0,55.0,60
500755,2016,1.0,0.0,0.0,0.0,0.0,3.0,0.0,1.0,1.0,7.0,14.0,19
500755,2017,4.0,0.0,0.0,1.0,1.0,29.0,1.0,6.0,3.0,28.0,75.0,84
500755,2018,3.0,0.0,0.0,0.0,0.0,9.0,0.0,0.0,0.0,7.0,19.0,25
500755,2019,1.0,0.0,0.0,0.0,0.0,12.0,1.0,2.0,0.0,6.0,22.0,27
500769,2012,36.0,2.0,5.0,3.0,2.0,122.0,39.0,4.0,93.0,16.0,323.0,408
500769,2013,0.0,0.0,0.0,0.0,0.0,0.0,0.0,0.0,0.0,0.0,321.0,412
500769,2014,29.0,1.0,9.0,4.0,1.0,135.0,52.0,5.0,108.0,26.0,371.0,458
500769,2015,30.0,1.0,4.0,4.0,4.0,153.0,40.0,5.0,106.0,33.0,399.0,538
500769,2016,22.0,0.0,7.0,5.0,4.0,160.0,12.0,25.0,20.0,62.0,361.0,491
500769,2017,32.0,1.0,18.0,10.0,5.0,201.0,20.0,26.0,33.0,103.0,461.0,595
500769,2018,49.0,0.0,10.0,14.0,7.0,211.0,22.0,22.0,62.0,64.0,461.0,586
500769,2019,22.0,0.0,5.0,4.0,2.0,202.0,15.0,34.0,53.0,66.0,403.0,532
500770,2012,2.0,1.0,0.0,2.0,0.0,23.0,3.0,14.0,8.0,30.0,86.0,180
500770,2013,0.0,0.0,0.0,0.0,0.0,0.0,0.0,0.0,0.0,0.0,86.0,153
500770,2014,4.0,0.0,4.0,1.0,1.0,29.0,2.0,8.0,3.0,21.0,73.0,128
500770,2015,3.0,0.0,5.0,1.0,0.0,22.0,1.0,8.0,1.0,20.0,61.0,134
500770,2016,8.0,0.0,0.0,1.0,1.0,21.0,3.0,3.0,1.0,22.0,60.0,120
500770,2017,5.0,1.0,4.0,3.0,2.0,32.0,3.0,6.0,9.0,18.0,83.0,161
500770,2018,9.0,1.0,2.0,1.0,1.0,32.0,4.0,9.0,2.0,12.0,73.0,159
500770,2019,4.0,2.0,2.0,1.0,2.0,34.0,3.0,8.0,2.0,12.0,71.0,140
500780,2012,6.0,0.0,0.0,0.0,0.0,7.0,2.0,0.0,5.0,1.0,30.0,46
500780,2013,0.0,0.0,0.0,0.0,0.0,0.0,0.0,0.0,0.0,0.0,42.0,58
500780,2014,7.0,0.0,2.0,0.0,0.0,8.0,8.0,1.0,15.0,2.0,49.0,70
500780,2015,1.0,0.0,1.0,1.0,1.0,19.0,7.0,2.0,20.0,2.0,58.0,80
500780,2016,2.0,0.0,0.0,0.0,0.0,16.0,4.0,0.0,3.0,1.0,26.0,50
500780,2017,5.0,0.0,2.0,0.0,0.0,11.0,4.0,4.0,11.0,6.0,45.0,76
500780,2018,4.0,0.0,2.0,2.0,0.0,19.0,4.0,4.0,14.0,5.0,55.0,93
500780,2019,7.0,0.0,3.0,1.0,1.0,23.0,5.0,1.0,10.0,1.0,54.0,74
500790,2012,40.0,4.0,12.0,13.0,14.0,111.0,25.0,22.0,87.0,51.0,408.0,656
500790,2013,0.0,0.0,0.0,0.0,0.0,0.0,0.0,0.0,0.0,0.0,411.0,671
500790,2014,46.0,3.0,5.0,14.0,7.0,153.0,26.0,35.0,40.0,77.0,411.0,697
500790,2015,34.0,8.0,14.0,8.0,10.0,114.0,6.0,41.0,27.0,85.0,351.0,683
500790,2016,38.0,4.0,12.0,9.0,4.0,110.0,13.0,27.0,21.0,74.0,313.0,658
500790,2017,31.0,5.0,22.0,10.0,5.0,151.0,9.0,32.0,18.0,81.0,366.0,733
500790,2018,28.0,0.0,11.0,5.0,3.0,126.0,10.0,28.0,23.0,80.0,314.0,722
500790,2019,34.0,0.0,12.0,7.0,5.0,159.0,4.0,40.0,10.0,75.0,346.0,709
500793,2012,21.0,1.0,2.0,7.0,6.0,58.0,20.0,12.0,18.0,21.0,168.0,252
500793,2013,0.0,0.0,0.0,0.0,0.0,0.0,0.0,0.0,0.0,0.0,215.0,287
500793,2014,18.0,0.0,6.0,8.0,6.0,56.0,15.0,10.0,40.0,27.0,186.0,254
500793,2015,11.0,2.0,2.0,8.0,11.0,54.0,12.0,7.0,25.0,21.0,153.0,239
500793,2016,13.0,1.0,0.0,13.0,4.0,47.0,8.0,14.0,16.0,12.0,129.0,215
500793,2017,12.0,2.0,0.0,26.0,12.0,50.0,14.0,8.0,26.0,17.0,168.0,238
500793,2018,12.0,2.0,1.0,15.0,9.0,57.0,6.0,8.0,23.0,12.0,148.0,217
500793,2019,17.0,1.0,7.0,3.0,5.0,77.0,18.0,11.0,29.0,21.0,192.0,260
500795,2012,6.0,0.0,4.0,1.0,3.0,22.0,1.0,11.0,4.0,25.0,78.0,221
500795,2013,0.0,0.0,0.0,0.0,0.0,0.0,0.0,0.0,0.0,0.0,64.0,225
500795,2014,10.0,2.0,6.0,2.0,1.0,27.0,3.0,8.0,3.0,13.0,75.0,222
500795,2015,6.0,0.0,3.0,5.0,1.0,20.0,3.0,7.0,4.0,24.0,73.0,231
500795,2016,6.0,0.0,2.0,1.0,0.0,21.0,3.0,9.0,3.0,22.0,67.0,180
500795,2017,7.0,0.0,0.0,3.0,3.0,33.0,4.0,8.0,3.0,13.0,76.0,196
500795,2018,9.0,0.0,0.0,4.0,1.0,22.0,5.0,5.0,8.0,14.0,69.0,197
500795,2019,13.0,0.0,4.0,2.0,0.0,28.0,4.0,12.0,6.0,17.0,86.0,185
500797,2012,1.0,0.0,0.0,1.0,0.0,14.0,1.0,1.0,2.0,5.0,35.0,46
500797,2013,0.0,0.0,0.0,0.0,0.0,0.0,0.0,0.0,0.0,0.0,30.0,50
500797,2014,4.0,0.0,2.0,0.0,0.0,13.0,5.0,2.0,3.0,7.0,37.0,51
500797,2015,3.0,0.0,4.0,1.0,1.0,9.0,1.0,5.0,2.0,3.0,29.0,39
500797,2016,4.0,0.0,2.0,0.0,0.0,13.0,2.0,6.0,2.0,4.0,33.0,49
500797,2017,6.0,0.0,0.0,2.0,0.0,11.0,0.0,2.0,2.0,5.0,28.0,44
500797,2018,2.0,0.0,0.0,0.0,0.0,10.0,2.0,3.0,4.0,3.0,24.0,34
500797,2019,3.0,0.0,1.0,0.0,0.0,12.0,2.0,1.0,6.0,1.0,26.0,36
500800,2012,5.0,0.0,0.0,6.0,4.0,32.0,4.0,2.0,20.0,15.0,88.0,168
500800,2013,0.0,0.0,0.0,0.0,0.0,0.0,0.0,0.0,0.0,0.0,94.0,175
500800,2014,5.0,0.0,5.0,4.0,1.0,47.0,1.0,10.0,14.0,19.0,106.0,176
500800,2015,7.0,0.0,0.0,3.0,1.0,34.0,0.0,12.0,2.0,31.0,90.0,170
500800,2016,9.0,0.0,9.0,6.0,2.0,41.0,4.0,10.0,8.0,20.0,110.0,198
500800,2017,9.0,0.0,0.0,3.0,3.0,37.0,2.0,9.0,5.0,17.0,85.0,172
500800,2018,10.0,0.0,8.0,2.0,0.0,47.0,5.0,13.0,9.0,37.0,131.0,233
500800,2019,8.0,1.0,4.0,5.0,2.0,59.0,2.0,8.0,3.0,20.0,112.0,184
500830,2012,86.0,0.0,33.0,14.0,28.0,398.0,160.0,5.0,531.0,17.0,1282.0,1804
500830,2013,0.0,0.0,0.0,0.0,0.0,0.0,0.0,0.0,0.0,0.0,1403.0,1952
500830,2014,126.0,2.0,41.0,22.0,25.0,480.0,187.0,33.0,454.0,78.0,1450.0,2033
500830,2015,103.0,3.0,27.0,28.0,18.0,460.0,146.0,31.0,394.0,73.0,1285.0,1953
500830,2016,105.0,2.0,32.0,22.0,22.0,504.0,136.0,20.0,351.0,87.0,1282.0,1902
500830,2017,112.0,0.0,48.0,42.0,35.0,528.0,133.0,19.0,365.0,43.0,1326.0,2129
500830,2018,71.0,3.0,36.0,30.0,20.0,563.0,121.0,11.0,310.0,24.0,1189.0,2025
500830,2019,59.0,0.0,39.0,26.0,25.0,556.0,128.0,12.0,331.0,44.0,1221.0,1984
500840,2012,1.0,0.0,2.0,6.0,6.0,5.0,2.0,0.0,4.0,1.0,56.0,75
500840,2013,0.0,0.0,0.0,0.0,0.0,0.0,0.0,0.0,0.0,0.0,52.0,62
500840,2014,1.0,0.0,0.0,1.0,1.0,7.0,3.0,1.0,6.0,3.0,54.0,74
500840,2015,2.0,0.0,2.0,0.0,0.0,7.0,1.0,3.0,2.0,6.0,49.0,72
500840,2016,1.0,0.0,2.0,0.0,1.0,18.0,2.0,3.0,4.0,12.0,52.0,78
500840,2017,5.0,0.0,0.0,0.0,0.0,17.0,2.0,5.0,5.0,17.0,51.0,76
500840,2018,5.0,2.0,0.0,1.0,1.0,26.0,1.0,3.0,3.0,9.0,51.0,71
500840,2019,7.0,0.0,0.0,1.0,1.0,29.0,0.0,2.0,3.0,11.0,54.0,78
510000,2012,1.0,0.0,0.0,0.0,0.0,0.0,0.0,0.0,0.0,0.0,2.0,2
510000,2013,0.0,0.0,0.0,0.0,0.0,0.0,0.0,0.0,0.0,0.0,4.0,6
510000,2014,1.0,0.0,0.0,0.0,0.0,0.0,0.0,0.0,0.0,2.0,3.0,4
510000,2015,1.0,0.0,0.0,0.0,0.0,0.0,0.0,0.0,0.0,0.0,2.0,2
510000,2016,0.0,0.0,0.0,0.0,0.0,0.0,0.0,0.0,1.0,0.0,1.0,1
510000,2017,1.0,0.0,0.0,0.0,0.0,0.0,0.0,0.0,0.0,1.0,2.0,3
510010,2012,4.0,0.0,2.0,1.0,0.0,11.0,1.0,4.0,7.0,8.0,38.0,77
510010,2013,0.0,0.0,0.0,0.0,0.0,0.0,0.0,0.0,0.0,0.0,27.0,71
510010,2014,1.0,0.0,0.0,0.0,1.0,10.0,4.0,4.0,6.0,5.0,31.0,63
510010,2015,2.0,0.0,0.0,0.0,0.0,14.0,2.0,5.0,4.0,2.0,30.0,64
510010,2016,5.0,0.0,2.0,0.0,0.0,7.0,7.0,1.0,8.0,2.0,33.0,62
510010,2017,2.0,0.0,0.0,2.0,1.0,8.0,5.0,3.0,5.0,3.0,31.0,77
510010,2018,4.0,0.0,0.0,0.0,0.0,10.0,5.0,1.0,5.0,0.0,25.0,61
510010,2019,3.0,0.0,0.0,0.0,0.0,7.0,4.0,0.0,9.0,2.0,25.0,73
510020,2012,38.0,8.0,6.0,5.0,3.0,78.0,16.0,10.0,52.0,41.0,259.0,380
510020,2013,0.0,0.0,0.0,0.0,0.0,0.0,0.0,0.0,0.0,0.0,244.0,332
510020,2014,12.0,1.0,2.0,13.0,6.0,81.0,15.0,34.0,30.0,71.0,289.0,410
510020,2015,11.0,2.0,9.0,8.0,9.0,86.0,19.0,24.0,58.0,41.0,298.0,428
510020,2016,17.0,0.0,5.0,11.0,12.0,96.0,17.0,18.0,35.0,48.0,287.0,396
510020,2017,22.0,0.0,6.0,13.0,11.0,111.0,20.0,14.0,35.0,37.0,303.0,391
510020,2018,25.0,1.0,11.0,23.0,10.0,118.0,10.0,18.0,51.0,49.0,352.0,468
510020,2019,38.0,1.0,9.0,5.0,2.0,130.0,12.0,38.0,14.0,66.0,340.0,415
510025,2012,116.0,4.0,16.0,20.0,16.0,172.0,12.0,44.0,44.0,148.0,611.0,827
510025,2013,0.0,0.0,0.0,0.0,0.0,0.0,0.0,0.0,0.0,0.0,637.0,829
510025,2014,41.0,0.0,26.0,13.0,12.0,229.0,19.0,88.0,48.0,197.0,676.0,917
510025,2015,36.0,0.0,15.0,14.0,10.0,233.0,31.0,63.0,66.0,158.0,638.0,894
510025,2016,22.0,2.0,15.0,17.0,18.0,213.0,17.0,40.0,47.0,138.0,529.0,847
510025,2017,37.0,3.0,11.0,18.0,18.0,240.0,38.0,52.0,91.0,124.0,633.0,886
510025,2018,42.0,0.0,12.0,10.0,6.0,260.0,58.0,35.0,136.0,80.0,639.0,893
510025,2019,50.0,0.0,13.0,19.0,11.0,281.0,76.0,23.0,169.0,62.0,704.0,956
510030,2012,12.0,0.0,10.0,10.0,3.0,66.0,18.0,12.0,32.0,23.0,200.0,260
510030,2013,0.0,0.0,0.0,0.0,0.0,0.0,0.0,0.0,0.0,0.0,233.0,278
510030,2014,10.0,0.0,2.0,13.0,6.0,66.0,15.0,11.0,27.0,30.0,198.0,255
510030,2015,12.0,0.0,2.0,19.0,14.0,61.0,9.0,16.0,25.0,26.0,202.0,253
510030,2016,9.0,1.0,9.0,26.0,14.0,48.0,9.0,5.0,30.0,21.0,183.0,251
510030,2017,4.0,0.0,2.0,45.0,16.0,42.0,7.0,4.0,28.0,5.0,156.0,220
510030,2018,9.0,1.0,12.0,13.0,6.0,45.0,4.0,7.0,26.0,10.0,133.0,204
510030,2019,8.0,1.0,2.0,4.0,3.0,77.0,13.0,2.0,15.0,6.0,136.0,190
510035,2012,0.0,0.0,0.0,0.0,0.0,13.0,1.0,1.0,0.0,9.0,26.0,57
510035,2013,0.0,0.0,0.0,0.0,0.0,0.0,0.0,0.0,0.0,0.0,23.0,54
510035,2014,1.0,0.0,2.0,1.0,1.0,8.0,0.0,0.0,1.0,1.0,17.0,41
510035,2015,0.0,0.0,0.0,0.0,0.0,11.0,1.0,6.0,0.0,4.0,22.0,42
510035,2016,1.0,0.0,1.0,0.0,0.0,9.0,2.0,2.0,0.0,2.0,18.0,54
510035,2017,0.0,0.0,0.0,0.0,0.0,13.0,0.0,6.0,0.0,11.0,30.0,72
510035,2018,0.0,0.0,0.0,0.0,1.0,12.0,2.0,1.0,5.0,10.0,33.0,101
510035,2019,2.0,0.0,0.0,0.0,0.0,6.0,0.0,6.0,3.0,8.0,25.0,81
510040,2012,1.0,0.0,2.0,24.0,18.0,12.0,2.0,1.0,4.0,5.0,75.0,110
510040,2013,0.0,0.0,0.0,0.0,0.0,0.0,0.0,0.0,0.0,0.0,81.0,119
510040,2014,4.0,0.0,2.0,33.0,26.0,20.0,5.0,0.0,14.0,3.0,107.0,158
510040,2015,2.0,0.0,0.0,43.0,23.0,13.0,3.0,3.0,11.0,3.0,101.0,145
510040,2016,2.0,0.0,2.0,39.0,16.0,10.0,1.0,1.0,7.0,1.0,79.0,143
510040,2017,0.0,0.0,0.0,32.0,20.0,9.0,4.0,1.0,7.0,2.0,75.0,124
510040,2018,5.0,0.0,4.0,15.0,11.0,23.0,7.0,1.0,12.0,6.0,84.0,146
510040,2019,7.0,1.0,0.0,3.0,0.0,43.0,5.0,2.0,11.0,4.0,76.0,149
510050,2012,5.0,0.0,1.0,0.0,1.0,8.0,0.0,1.0,7.0,12.0,38.0,89
510050,2013,0.0,0.0,0.0,0.0,0.0,0.0,0.0,0.0,0.0,0.0,40.0,102
510050,2014,9.0,1.0,0.0,3.0,0.0,13.0,5.0,4.0,4.0,6.0,59.0,109
510050,2015,5.0,0.0,0.0,1.0,0.0,19.0,0.0,4.0,5.0,5.0,43.0,102
510050,2016,3.0,1.0,2.0,1.0,0.0,12.0,4.0,1.0,3.0,7.0,34.0,77
510050,2017,3.0,1.0,1.0,0.0,1.0,19.0,1.0,1.0,6.0,7.0,40.0,94
510050,2018,8.0,0.0,0.0,0.0,1.0,14.0,3.0,4.0,5.0,4.0,39.0,96
510050,2019,3.0,0.0,0.0,0.0,0.0,22.0,2.0,5.0,5.0,6.0,43.0,83
510060,2012,9.0,21.0,8.0,19.0,8.0,48.0,3.0,10.0,16.0,27.0,169.0,197
510060,2013,0.0,0.0,0.0,0.0,0.0,0.0,0.0,0.0,0.0,0.0,172.0,181
510060,2014,5.0,1.0,4.0,5.0,3.0,47.0,5.0,15.0,10.0,44.0,139.0,163
510060,2015,2.0,7.0,3.0,11.0,12.0,63.0,4.0,16.0,8.0,34.0,160.0,191
510060,2016,11.0,1.0,2.0,7.0,7.0,44.0,6.0,16.0,14.0,32.0,144.0,167
510060,2017,11.0,2.0,0.0,8.0,6.0,55.0,4.0,21.0,12.0,33.0,153.0,163
510060,2018,6.0,2.0,4.0,8.0,3.0,75.0,5.0,15.0,18.0,27.0,164.0,187
510060,2019,8.0,3.0,0.0,6.0,6.0,61.0,2.0,18.0,13.0,37.0,155.0,186
510080,2012,5.0,3.0,2.0,21.0,13.0,2.0,1.0,0.0,3.0,2.0,52.0,128
510080,2013,0.0,0.0,0.0,0.0,0.0,0.0,0.0,0.0,0.0,0.0,54.0,110
510080,2014,4.0,0.0,0.0,8.0,3.0,11.0,2.0,5.0,0.0,8.0,52.0,111
510080,2015,2.0,0.0,4.0,0.0,1.0,8.0,2.0,2.0,5.0,10.0,62.0,129
510080,2016,4.0,0.0,3.0,2.0,1.0,9.0,3.0,2.0,0.0,4.0,75.0,139
510080,2017,2.0,1.0,1.0,2.0,2.0,22.0,2.0,7.0,4.0,14.0,60.0,128
510080,2018,7.0,1.0,2.0,1.0,0.0,25.0,1.0,5.0,12.0,10.0,65.0,125
510080,2019,5.0,1.0,6.0,0.0,1.0,26.0,5.0,3.0,4.0,3.0,54.0,95
510100,2012,2.0,0.0,5.0,1.0,1.0,7.0,0.0,1.0,2.0,6.0,30.0,44
510100,2013,0.0,0.0,0.0,0.0,0.0,0.0,0.0,0.0,0.0,0.0,38.0,49
510100,2014,0.0,0.0,0.0,0.0,0.0,9.0,1.0,0.0,4.0,5.0,23.0,36
510100,2015,0.0,0.0,0.0,1.0,1.0,14.0,2.0,3.0,2.0,4.0,28.0,37
510100,2016,0.0,0.0,2.0,0.0,0.0,8.0,2.0,3.0,1.0,3.0,19.0,29
510100,2017,0.0,0.0,0.0,1.0,0.0,7.0,0.0,4.0,1.0,8.0,23.0,38
510100,2018,0.0,0.0,0.0,0.0,1.0,12.0,1.0,0.0,1.0,6.0,22.0,30
510100,2019,0.0,0.0,2.0,0.0,1.0,10.0,0.0,4.0,3.0,6.0,26.0,32
510120,2012,1.0,0.0,0.0,0.0,0.0,2.0,1.0,2.0,1.0,1.0,9.0,10
510120,2013,0.0,0.0,0.0,0.0,0.0,0.0,0.0,0.0,0.0,0.0,6.0,9
510120,2014,0.0,0.0,0.0,2.0,0.0,2.0,0.0,1.0,0.0,0.0,6.0,8
510120,2015,0.0,0.0,0.0,0.0,0.0,3.0,0.0,0.0,0.0,0.0,4.0,10
510120,2016,0.0,0.0,0.0,0.0,1.0,3.0,1.0,1.0,0.0,2.0,9.0,10
510120,2017,0.0,0.0,0.0,0.0,0.0,1.0,2.0,0.0,2.0,1.0,6.0,6
510120,2018,0.0,0.0,0.0,0.0,0.0,5.0,0.0,0.0,4.0,1.0,10.0,11
510120,2019,1.0,0.0,0.0,0.0,0.0,2.0,1.0,0.0,0.0,0.0,4.0,5
510125,2012,7.0,0.0,4.0,0.0,2.0,76.0,32.0,2.0,76.0,9.0,210.0,256
510125,2013,0.0,0.0,0.0,0.0,0.0,0.0,0.0,0.0,0.0,0.0,188.0,239
510125,2014,10.0,1.0,2.0,1.0,0.0,88.0,42.0,3.0,81.0,12.0,240.0,279
510125,2015,16.0,0.0,6.0,2.0,1.0,73.0,24.0,14.0,46.0,25.0,208.0,245
510125,2016,18.0,0.0,0.0,0.0,0.0,70.0,37.0,3.0,82.0,4.0,216.0,240
510125,2017,16.0,0.0,4.0,1.0,2.0,96.0,36.0,11.0,56.0,22.0,245.0,267
510125,2018,12.0,0.0,2.0,2.0,0.0,83.0,27.0,5.0,75.0,8.0,234.0,246
510125,2019,11.0,0.0,4.0,1.0,0.0,118.0,30.0,10.0,37.0,23.0,236.0,257
510130,2012,9.0,1.0,4.0,1.0,1.0,20.0,2.0,3.0,16.0,14.0,80.0,151
510130,2013,0.0,0.0,0.0,0.0,0.0,0.0,0.0,0.0,0.0,0.0,91.0,151
510130,2014,9.0,2.0,3.0,1.0,1.0,24.0,7.0,9.0,13.0,15.0,115.0,170
510130,2015,9.0,0.0,0.0,1.0,0.0,26.0,7.0,5.0,9.0,17.0,85.0,140
510130,2016,6.0,0.0,0.0,1.0,0.0,32.0,4.0,3.0,14.0,9.0,69.0,110
510130,2017,4.0,0.0,3.0,2.0,0.0,41.0,4.0,7.0,14.0,18.0,94.0,151
510130,2018,8.0,0.0,2.0,2.0,1.0,36.0,7.0,5.0,12.0,8.0,81.0,139
510130,2019,6.0,0.0,1.0,0.0,1.0,42.0,3.0,6.0,12.0,9.0,80.0,138
510140,2012,10.0,1.0,2.0,1.0,5.0,72.0,9.0,23.0,28.0,58.0,210.0,379
510140,2013,0.0,0.0,0.0,0.0,0.0,0.0,0.0,0.0,0.0,0.0,233.0,402
510140,2014,27.0,0.0,4.0,2.0,0.0,70.0,12.0,22.0,25.0,35.0,198.0,367
510140,2015,17.0,0.0,0.0,3.0,4.0,78.0,10.0,15.0,26.0,31.0,184.0,345
510140,2016,12.0,0.0,10.0,4.0,1.0,75.0,14.0,13.0,25.0,27.0,181.0,337
510140,2017,12.0,0.0,7.0,1.0,2.0,74.0,19.0,17.0,30.0,33.0,199.0,362
510140,2018,11.0,0.0,2.0,0.0,1.0,27.0,1.0,6.0,17.0,9.0,246.0,367
510140,2019,2.0,0.0,3.0,0.0,0.0,11.0,1.0,2.0,3.0,0.0,216.0,363
510160,2012,3.0,2.0,0.0,0.0,0.0,15.0,4.0,1.0,4.0,1.0,34.0,64
510160,2013,0.0,0.0,0.0,0.0,0.0,0.0,0.0,0.0,0.0,0.0,27.0,60
510160,2014,2.0,2.0,1.0,1.0,0.0,13.0,2.0,3.0,2.0,5.0,31.0,58
510160,2015,3.0,1.0,0.0,0.0,0.0,9.0,3.0,1.0,1.0,2.0,20.0,52
510160,2016,4.0,0.0,0.0,0.0,0.0,10.0,1.0,1.0,7.0,4.0,27.0,62
510160,2017,2.0,0.0,1.0,3.0,1.0,12.0,9.0,2.0,5.0,4.0,39.0,76
510160,2018,3.0,0.0,0.0,0.0,0.0,12.0,5.0,1.0,3.0,0.0,25.0,61
510160,2019,5.0,0.0,0.0,0.0,0.0,12.0,8.0,2.0,5.0,3.0,35.0,69
510170,2012,19.0,0.0,7.0,4.0,6.0,82.0,6.0,7.0,45.0,46.0,227.0,487
510170,2013,0.0,0.0,0.0,0.0,0.0,0.0,0.0,0.0,0.0,0.0,285.0,578
510170,2014,23.0,2.0,9.0,6.0,2.0,120.0,28.0,44.0,43.0,89.0,369.0,590
510170,2015,23.0,0.0,16.0,3.0,1.0,110.0,10.0,26.0,21.0,81.0,291.0,518
510170,2016,9.0,0.0,5.0,3.0,1.0,137.0,9.0,28.0,30.0,92.0,315.0,541
510170,2017,10.0,0.0,10.0,4.0,2.0,144.0,13.0,11.0,31.0,59.0,287.0,527
510170,2018,11.0,0.0,6.0,2.0,5.0,95.0,17.0,6.0,29.0,35.0,206.0,509
510170,2019,10.0,0.0,6.0,7.0,1.0,133.0,9.0,13.0,24.0,40.0,243.0,527
510180,2012,119.0,5.0,15.0,11.0,6.0,152.0,20.0,17.0,105.0,67.0,593.0,929
510180,2013,0.0,0.0,0.0,0.0,0.0,0.0,0.0,0.0,0.0,0.0,633.0,965
510180,2014,34.0,4.0,14.0,11.0,8.0,207.0,32.0,28.0,97.0,112.0,648.0,993
510180,2015,58.0,10.0,18.0,11.0,12.0,238.0,35.0,40.0,85.0,130.0,663.0,1058
510180,2016,41.0,4.0,24.0,9.0,5.0,249.0,36.0,48.0,72.0,137.0,678.0,1041
510180,2017,7.0,4.0,5.0,14.0,9.0,238.0,28.0,58.0,68.0,176.0,692.0,1073
510180,2018,26.0,3.0,22.0,9.0,8.0,316.0,24.0,61.0,104.0,161.0,761.0,1108
510180,2019,28.0,1.0,24.0,7.0,9.0,344.0,38.0,68.0,86.0,182.0,791.0,1152
510185,2012,5.0,4.0,0.0,0.0,0.0,12.0,6.0,1.0,4.0,1.0,33.0,71
510185,2013,0.0,0.0,0.0,0.0,0.0,0.0,0.0,0.0,0.0,0.0,43.0,106
510185,2014,3.0,0.0,4.0,3.0,0.0,15.0,1.0,9.0,6.0,4.0,47.0,111
510185,2015,3.0,0.0,0.0,1.0,2.0,24.0,6.0,4.0,15.0,15.0,73.0,143
510185,2016,4.0,0.0,0.0,2.0,2.0,25.0,7.0,3.0,6.0,4.0,53.0,97
510185,2017,6.0,0.0,2.0,7.0,3.0,20.0,5.0,6.0,9.0,7.0,70.0,119
510185,2018,7.0,0.0,0.0,4.0,1.0,25.0,5.0,3.0,5.0,13.0,71.0,100
510185,2019,6.0,0.0,4.0,0.0,1.0,29.0,2.0,5.0,5.0,13.0,71.0,99
510190,2012,9.0,1.0,1.0,0.0,2.0,39.0,14.0,12.0,26.0,30.0,137.0,248
510190,2013,0.0,0.0,0.0,0.0,0.0,0.0,0.0,0.0,0.0,0.0,128.0,222
510190,2014,25.0,0.0,4.0,0.0,4.0,28.0,14.0,11.0,27.0,19.0,177.0,245
510190,2015,14.0,0.0,4.0,1.0,1.0,44.0,34.0,20.0,28.0,25.0,171.0,303
510190,2016,10.0,0.0,8.0,5.0,4.0,56.0,14.0,8.0,21.0,21.0,147.0,265
510190,2017,17.0,1.0,5.0,3.0,2.0,81.0,29.0,5.0,43.0,29.0,215.0,320
510190,2018,20.0,0.0,5.0,3.0,1.0,70.0,30.0,17.0,29.0,15.0,191.0,315
510190,2019,12.0,0.0,6.0,5.0,0.0,84.0,20.0,23.0,33.0,21.0,204.0,335
510250,2012,231.0,1.0,28.0,13.0,12.0,240.0,7.0,52.0,49.0,173.0,850.0,1484
510250,2013,0.0,0.0,0.0,0.0,0.0,0.0,0.0,0.0,0.0,0.0,834.0,1510
510250,2014,108.0,1.0,13.0,13.0,8.0,312.0,16.0,106.0,69.0,225.0,872.0,1540
510250,2015,124.0,0.0,22.0,17.0,7.0,321.0,34.0,86.0,75.0,246.0,933.0,1563
510250,2016,81.0,3.0,28.0,12.0,12.0,333.0,39.0,65.0,104.0,200.0,889.0,1446
510250,2017,99.0,1.0,31.0,14.0,11.0,383.0,65.0,95.0,124.0,193.0,1024.0,1567
510250,2018,162.0,2.0,31.0,20.0,10.0,416.0,67.0,137.0,121.0,289.0,1259.0,1658
510250,2019,132.0,0.0,20.0,29.0,14.0,434.0,27.0,148.0,36.0,260.0,1102.0,1663
510260,2012,10.0,0.0,0.0,4.0,1.0,23.0,2.0,15.0,5.0,20.0,80.0,274
510260,2013,0.0,0.0,0.0,0.0,0.0,0.0,0.0,0.0,0.0,0.0,79.0,350
510260,2014,3.0,2.0,0.0,1.0,5.0,19.0,4.0,7.0,7.0,20.0,76.0,284
510260,2015,0.0,0.0,6.0,0.0,1.0,15.0,0.0,6.0,4.0,6.0,80.0,416
510260,2016,2.0,0.0,2.0,1.0,1.0,4.0,2.0,2.0,2.0,3.0,87.0,370
510260,2017,3.0,0.0,4.0,6.0,4.0,10.0,2.0,4.0,1.0,7.0,105.0,443
510260,2018,6.0,0.0,2.0,2.0,2.0,5.0,3.0,6.0,1.0,6.0,109.0,438
510260,2019,4.0,0.0,4.0,1.0,0.0,18.0,7.0,5.0,1.0,9.0,126.0,454
510263,2012,21.0,33.0,7.0,4.0,1.0,31.0,8.0,2.0,48.0,13.0,421.0,579
510263,2013,0.0,0.0,0.0,0.0,0.0,0.0,0.0,0.0,0.0,0.0,462.0,609
510263,2014,31.0,12.0,12.0,9.0,8.0,85.0,33.0,15.0,74.0,27.0,437.0,614
510263,2015,43.0,1.0,5.0,7.0,5.0,177.0,56.0,28.0,88.0,39.0,494.0,690
510263,2016,41.0,2.0,12.0,7.0,4.0,166.0,47.0,17.0,121.0,47.0,495.0,708
510263,2017,37.0,1.0,10.0,4.0,7.0,207.0,52.0,18.0,126.0,50.0,512.0,736
510263,2018,29.0,0.0,8.0,6.0,3.0,207.0,75.0,14.0,137.0,25.0,507.0,767
510263,2019,29.0,1.0,14.0,4.0,4.0,234.0,70.0,27.0,106.0,42.0,531.0,746
510267,2012,40.0,1.0,7.0,19.0,13.0,127.0,48.0,14.0,121.0,29.0,424.0,607
510267,2013,0.0,0.0,0.0,0.0,0.0,0.0,0.0,0.0,0.0,0.0,487.0,624
510267,2014,57.0,2.0,12.0,15.0,8.0,181.0,72.0,12.0,136.0,57.0,556.0,743
510267,2015,55.0,1.0,10.0,14.0,11.0,182.0,77.0,25.0,136.0,39.0,555.0,750
510267,2016,70.0,1.0,20.0,15.0,6.0,187.0,96.0,22.0,120.0,46.0,584.0,760
510267,2017,58.0,1.0,14.0,17.0,11.0,216.0,85.0,29.0,141.0,55.0,630.0,785
510267,2018,54.0,0.0,17.0,19.0,8.0,267.0,72.0,57.0,107.0,93.0,695.0,830
510267,2019,71.0,3.0,13.0,4.0,3.0,256.0,67.0,52.0,114.0,60.0,644.0,760
510268,2012,8.0,0.0,0.0,1.0,2.0,21.0,10.0,2.0,18.0,8.0,70.0,99
510268,2013,0.0,0.0,0.0,0.0,0.0,0.0,0.0,0.0,0.0,0.0,72.0,118
510268,2014,5.0,2.0,1.0,3.0,1.0,33.0,8.0,7.0,19.0,6.0,86.0,134
510268,2015,6.0,1.0,3.0,0.0,3.0,47.0,11.0,2.0,16.0,9.0,98.0,145
510268,2016,4.0,1.0,0.0,3.0,1.0,33.0,15.0,1.0,17.0,7.0,82.0,123
510268,2017,9.0,1.0,0.0,4.0,2.0,46.0,5.0,4.0,16.0,7.0,95.0,135
510268,2018,10.0,0.0,4.0,1.0,3.0,37.0,3.0,8.0,14.0,22.0,102.0,143
510268,2019,12.0,0.0,5.0,1.0,1.0,35.0,7.0,8.0,6.0,19.0,96.0,126
510269,2012,3.0,0.0,0.0,2.0,3.0,9.0,1.0,4.0,0.0,10.0,35.0,67
510269,2013,0.0,0.0,0.0,0.0,0.0,0.0,0.0,0.0,0.0,0.0,25.0,55
510269,2014,2.0,0.0,0.0,0.0,1.0,4.0,0.0,2.0,0.0,4.0,20.0,48
510269,2015,2.0,0.0,0.0,1.0,0.0,6.0,0.0,4.0,1.0,11.0,26.0,55
510269,2016,1.0,0.0,4.0,0.0,0.0,13.0,1.0,6.0,1.0,11.0,38.0,63
510269,2017,0.0,0.0,2.0,1.0,1.0,10.0,1.0,6.0,0.0,5.0,26.0,56
510269,2018,2.0,0.0,0.0,4.0,0.0,16.0,1.0,10.0,0.0,12.0,45.0,71
510269,2019,3.0,0.0,0.0,0.0,0.0,9.0,1.0,7.0,1.0,10.0,31.0,63
510270,2012,22.0,4.0,11.0,6.0,3.0,42.0,12.0,4.0,30.0,10.0,147.0,385
510270,2013,0.0,0.0,0.0,0.0,0.0,0.0,0.0,0.0,0.0,0.0,191.0,399
510270,2014,13.0,2.0,4.0,6.0,6.0,68.0,13.0,31.0,38.0,46.0,240.0,440
510270,2015,19.0,0.0,5.0,4.0,7.0,60.0,26.0,15.0,33.0,29.0,220.0,391
510270,2016,11.0,3.0,4.0,6.0,3.0,88.0,9.0,10.0,26.0,22.0,198.0,375
510270,2017,14.0,0.0,11.0,7.0,9.0,89.0,10.0,21.0,30.0,35.0,246.0,443
510270,2018,12.0,0.0,8.0,10.0,4.0,99.0,21.0,16.0,26.0,45.0,259.0,465
510270,2019,20.0,0.0,2.0,6.0,2.0,102.0,19.0,16.0,25.0,33.0,231.0,420
510279,2012,5.0,0.0,2.0,0.0,3.0,13.0,2.0,3.0,5.0,15.0,48.0,113
510279,2013,0.0,0.0,0.0,0.0,0.0,0.0,0.0,0.0,0.0,0.0,67.0,116
510279,2014,3.0,0.0,3.0,3.0,0.0,27.0,0.0,12.0,8.0,37.0,94.0,139
510279,2015,3.0,0.0,6.0,2.0,0.0,33.0,4.0,8.0,7.0,26.0,91.0,122
510279,2016,7.0,0.0,0.0,4.0,0.0,25.0,2.0,10.0,5.0,27.0,80.0,133
510279,2017,4.0,0.0,6.0,3.0,2.0,34.0,6.0,3.0,10.0,17.0,85.0,145
510279,2018,2.0,0.0,4.0,4.0,1.0,32.0,6.0,11.0,19.0,13.0,92.0,128
510279,2019,7.0,0.0,4.0,2.0,2.0,33.0,18.0,1.0,17.0,6.0,90.0,134
510285,2012,4.0,0.0,0.0,1.0,1.0,23.0,3.0,2.0,13.0,10.0,58.0,100
510285,2013,0.0,0.0,0.0,0.0,0.0,0.0,0.0,0.0,0.0,0.0,85.0,107
510285,2014,6.0,0.0,0.0,0.0,0.0,34.0,9.0,5.0,25.0,11.0,90.0,113
510285,2015,5.0,0.0,2.0,2.0,0.0,19.0,9.0,2.0,22.0,15.0,76.0,93
510285,2016,5.0,0.0,2.0,0.0,0.0,25.0,8.0,8.0,18.0,15.0,82.0,103
510285,2017,11.0,0.0,0.0,2.0,0.0,35.0,5.0,10.0,13.0,18.0,94.0,115
510285,2018,8.0,0.0,3.0,0.0,0.0,33.0,8.0,7.0,13.0,17.0,89.0,107
510285,2019,7.0,0.0,3.0,0.0,0.0,25.0,4.0,9.0,12.0,19.0,80.0,101
510300,2012,4.0,0.0,3.0,0.0,1.0,30.0,5.0,4.0,18.0,12.0,81.0,234
510300,2013,0.0,0.0,0.0,0.0,0.0,0.0,0.0,0.0,0.0,0.0,89.0,237
510300,2014,5.0,0.0,1.0,3.0,5.0,47.0,13.0,4.0,21.0,14.0,114.0,258
510300,2015,7.0,1.0,5.0,3.0,1.0,47.0,12.0,6.0,14.0,10.0,106.0,261
510300,2016,4.0,0.0,6.0,4.0,1.0,40.0,9.0,5.0,23.0,8.0,101.0,259
510300,2017,11.0,0.0,2.0,0.0,0.0,47.0,18.0,9.0,27.0,10.0,124.0,276
510300,2018,13.0,0.0,0.0,3.0,2.0,34.0,12.0,3.0,21.0,0.0,89.0,227
510300,2019,5.0,0.0,2.0,1.0,3.0,46.0,23.0,5.0,19.0,13.0,117.0,265
510305,2012,5.0,0.0,2.0,3.0,1.0,22.0,6.0,0.0,18.0,7.0,68.0,117
510305,2013,0.0,0.0,0.0,0.0,0.0,0.0,0.0,0.0,0.0,0.0,79.0,133
510305,2014,6.0,0.0,5.0,1.0,0.0,28.0,13.0,4.0,18.0,10.0,86.0,146
510305,2015,10.0,0.0,1.0,2.0,0.0,32.0,4.0,8.0,11.0,11.0,79.0,142
510305,2016,12.0,0.0,4.0,0.0,1.0,25.0,10.0,7.0,15.0,9.0,83.0,142
510305,2017,7.0,0.0,2.0,0.0,0.0,33.0,2.0,7.0,5.0,16.0,72.0,135
510305,2018,5.0,0.0,4.0,1.0,2.0,23.0,9.0,6.0,5.0,9.0,64.0,113
510305,2019,9.0,0.0,2.0,1.0,0.0,37.0,12.0,2.0,14.0,9.0,86.0,137
510310,2012,2.0,0.0,0.0,3.0,1.0,19.0,2.0,2.0,5.0,12.0,48.0,75
510310,2013,0.0,0.0,0.0,0.0,0.0,0.0,0.0,0.0,0.0,0.0,43.0,66
510310,2014,2.0,10.0,0.0,2.0,0.0,22.0,4.0,10.0,7.0,15.0,74.0,92
510310,2015,3.0,9.0,1.0,4.0,4.0,22.0,1.0,5.0,9.0,4.0,64.0,78
510310,2016,3.0,0.0,0.0,1.0,2.0,17.0,8.0,3.0,3.0,8.0,47.0,59
510310,2017,4.0,0.0,2.0,3.0,0.0,13.0,4.0,4.0,5.0,7.0,42.0,60
510310,2018,5.0,0.0,0.0,4.0,2.0,19.0,2.0,0.0,4.0,9.0,52.0,67
510310,2019,6.0,0.0,0.0,0.0,1.0,20.0,1.0,4.0,0.0,14.0,47.0,63
510320,2012,32.0,3.0,3.0,63.0,53.0,70.0,18.0,1.0,89.0,14.0,351.0,460
510320,2013,0.0,0.0,0.0,0.0,0.0,0.0,0.0,0.0,0.0,0.0,391.0,496
510320,2014,41.0,2.0,9.0,66.0,44.0,109.0,39.0,9.0,98.0,24.0,445.0,534
510320,2015,42.0,0.0,2.0,64.0,52.0,126.0,18.0,28.0,59.0,66.0,460.0,543
510320,2016,38.0,1.0,6.0,37.0,15.0,114.0,15.0,35.0,45.0,81.0,394.0,457
510320,2017,42.0,0.0,12.0,9.0,8.0,168.0,9.0,30.0,36.0,90.0,407.0,485
510320,2018,24.0,5.0,9.0,16.0,21.0,159.0,14.0,33.0,57.0,63.0,409.0,500
510320,2019,37.0,5.0,13.0,12.0,7.0,141.0,19.0,20.0,66.0,49.0,381.0,488
510325,2012,29.0,3.0,2.0,7.0,8.0,75.0,13.0,45.0,24.0,83.0,295.0,451
510325,2013,0.0,0.0,0.0,0.0,0.0,0.0,0.0,0.0,0.0,0.0,323.0,437
510325,2014,16.0,5.0,8.0,3.0,5.0,84.0,5.0,42.0,15.0,93.0,302.0,451
510325,2015,14.0,0.0,6.0,6.0,3.0,71.0,17.0,27.0,30.0,60.0,253.0,404
510325,2016,24.0,0.0,7.0,9.0,3.0,84.0,11.0,34.0,12.0,70.0,272.0,386
510325,2017,21.0,0.0,10.0,5.0,3.0,108.0,4.0,55.0,5.0,67.0,284.0,433
510325,2018,22.0,3.0,2.0,5.0,2.0,127.0,7.0,44.0,25.0,77.0,315.0,463
510325,2019,23.0,4.0,6.0,8.0,6.0,101.0,8.0,42.0,35.0,67.0,300.0,408
510330,2012,14.0,0.0,7.0,3.0,3.0,84.0,17.0,11.0,49.0,45.0,259.0,382
510330,2013,0.0,0.0,0.0,0.0,0.0,0.0,0.0,0.0,0.0,0.0,225.0,369
510330,2014,10.0,1.0,4.0,3.0,0.0,83.0,34.0,10.0,73.0,25.0,247.0,358
510330,2015,6.0,1.0,1.0,3.0,3.0,76.0,35.0,9.0,66.0,20.0,223.0,338
510330,2016,13.0,2.0,13.0,3.0,3.0,103.0,27.0,10.0,55.0,25.0,257.0,390
510330,2017,6.0,0.0,6.0,4.0,4.0,102.0,38.0,8.0,45.0,16.0,230.0,388
510330,2018,16.0,0.0,2.0,2.0,4.0,117.0,24.0,10.0,53.0,22.0,253.0,371
510330,2019,12.0,0.0,10.0,1.0,1.0,118.0,18.0,10.0,42.0,18.0,233.0,366
510335,2012,24.0,3.0,8.0,11.0,7.0,56.0,3.0,16.0,9.0,43.0,183.0,416
510335,2013,0.0,0.0,0.0,0.0,0.0,0.0,0.0,0.0,0.0,0.0,187.0,396
510335,2014,6.0,0.0,9.0,6.0,4.0,45.0,8.0,20.0,6.0,30.0,195.0,425
510335,2015,13.0,1.0,5.0,6.0,4.0,68.0,6.0,22.0,7.0,56.0,195.0,487
510335,2016,18.0,1.0,10.0,4.0,2.0,115.0,3.0,42.0,5.0,86.0,293.0,501
510335,2017,21.0,1.0,6.0,4.0,4.0,101.0,2.0,58.0,7.0,88.0,295.0,522
510335,2018,24.0,0.0,4.0,9.0,6.0,122.0,5.0,84.0,17.0,123.0,396.0,539
510335,2019,33.0,1.0,18.0,6.0,3.0,178.0,14.0,70.0,12.0,124.0,459.0,700
510336,2012,3.0,0.0,2.0,1.0,2.0,8.0,4.0,4.0,5.0,4.0,34.0,61
510336,2013,0.0,0.0,0.0,0.0,0.0,0.0,0.0,0.0,0.0,0.0,34.0,59
510336,2014,3.0,0.0,0.0,0.0,0.0,14.0,5.0,4.0,2.0,6.0,34.0,50
510336,2015,1.0,1.0,2.0,0.0,3.0,13.0,2.0,1.0,6.0,3.0,32.0,56
510336,2016,4.0,0.0,0.0,1.0,2.0,12.0,0.0,1.0,3.0,3.0,30.0,43
510336,2017,7.0,0.0,0.0,2.0,0.0,14.0,1.0,1.0,5.0,7.0,38.0,58
510336,2018,2.0,1.0,4.0,2.0,0.0,18.0,1.0,3.0,5.0,6.0,43.0,67
510336,2019,1.0,0.0,0.0,2.0,0.0,22.0,4.0,0.0,4.0,7.0,42.0,65
510337,2012,7.0,2.0,4.0,3.0,3.0,40.0,4.0,13.0,17.0,24.0,118.0,190
510337,2013,0.0,0.0,0.0,0.0,0.0,0.0,0.0,0.0,0.0,0.0,77.0,146
510337,2014,4.0,0.0,2.0,2.0,1.0,34.0,6.0,10.0,12.0,21.0,94.0,188
510337,2015,5.0,1.0,4.0,0.0,3.0,31.0,4.0,9.0,10.0,26.0,97.0,167
510337,2016,5.0,0.0,1.0,2.0,1.0,36.0,5.0,9.0,16.0,15.0,90.0,142
510337,2017,7.0,0.0,4.0,1.0,2.0,36.0,13.0,7.0,15.0,18.0,104.0,164
510337,2018,5.0,0.0,4.0,6.0,1.0,57.0,13.0,8.0,16.0,26.0,137.0,206
510337,2019,9.0,0.0,0.0,3.0,2.0,40.0,9.0,6.0,12.0,28.0,109.0,166
510340,2012,547.0,37.0,207.0,75.0,94.0,2253.0,271.0,248.0,1428.0,876.0,6210.0,9789
510340,2013,0.0,0.0,0.0,0.0,0.0,0.0,0.0,0.0,0.0,0.0,5966.0,10126
510340,2014,497.0,9.0,247.0,81.0,84.0,2266.0,502.0,257.0,1493.0,578.0,6126.0,10699
510340,2015,512.0,31.0,196.0,134.0,89.0,2324.0,479.0,233.0,1475.0,517.0,6001.0,10689
510340,2016,477.0,14.0,196.0,92.0,61.0,2071.0,496.0,228.0,1402.0,475.0,5556.0,9878
510340,2017,561.0,9.0,203.0,97.0,75.0,2284.0,593.0,228.0,1319.0,481.0,5956.0,10413
510340,2018,537.0,10.0,263.0,89.0,58.0,2305.0,536.0,171.0,1297.0,498.0,5783.0,10427
510340,2019,478.0,5.0,205.0,65.0,47.0,2178.0,553.0,188.0,1020.0,534.0,5276.0,10131
510343,2012,10.0,0.0,0.0,0.0,0.0,14.0,2.0,4.0,6.0,8.0,45.0,55
510343,2013,0.0,0.0,0.0,0.0,0.0,0.0,0.0,0.0,0.0,0.0,49.0,63
510343,2014,5.0,0.0,0.0,1.0,0.0,20.0,3.0,1.0,4.0,13.0,47.0,61
510343,2015,5.0,0.0,2.0,0.0,0.0,19.0,8.0,6.0,5.0,13.0,58.0,68
510343,2016,4.0,0.0,0.0,0.0,1.0,16.0,5.0,5.0,8.0,6.0,47.0,63
510343,2017,9.0,0.0,0.0,0.0,1.0,21.0,4.0,6.0,5.0,10.0,56.0,65
510343,2018,6.0,0.0,0.0,0.0,2.0,22.0,6.0,1.0,9.0,11.0,57.0,64
510343,2019,7.0,0.0,2.0,1.0,0.0,18.0,0.0,6.0,5.0,13.0,52.0,69
510345,2012,8.0,0.0,2.0,3.0,2.0,21.0,2.0,2.0,17.0,6.0,67.0,115
510345,2013,0.0,0.0,0.0,0.0,0.0,0.0,0.0,0.0,0.0,0.0,57.0,85
510345,2014,8.0,0.0,5.0,0.0,0.0,15.0,4.0,5.0,11.0,9.0,61.0,96
510345,2015,13.0,1.0,0.0,0.0,0.0,24.0,6.0,6.0,8.0,10.0,69.0,106
510345,2016,4.0,0.0,4.0,1.0,1.0,31.0,4.0,5.0,5.0,14.0,69.0,102
510345,2017,4.0,0.0,2.0,3.0,0.0,33.0,1.0,4.0,10.0,7.0,64.0,100
510345,2018,2.0,0.0,2.0,2.0,0.0,22.0,7.0,2.0,17.0,8.0,62.0,97
510345,2019,3.0,0.0,2.0,1.0,0.0,23.0,4.0,2.0,10.0,7.0,52.0,85
510350,2012,28.0,1.0,2.0,4.0,1.0,74.0,4.0,5.0,32.0,37.0,193.0,325
510350,2013,0.0,0.0,0.0,0.0,0.0,0.0,0.0,0.0,0.0,0.0,198.0,317
510350,2014,20.0,1.0,2.0,4.0,2.0,57.0,15.0,10.0,37.0,21.0,180.0,325
510350,2015,15.0,0.0,6.0,9.0,1.0,75.0,11.0,10.0,33.0,26.0,189.0,343
510350,2016,20.0,0.0,9.0,2.0,2.0,80.0,17.0,16.0,35.0,35.0,218.0,356
510350,2017,27.0,0.0,3.0,4.0,7.0,90.0,14.0,20.0,51.0,47.0,266.0,408
510350,2018,16.0,0.0,16.0,3.0,5.0,93.0,15.0,14.0,25.0,37.0,225.0,374
510350,2019,20.0,1.0,2.0,10.0,4.0,116.0,18.0,18.0,37.0,30.0,256.0,412
510360,2012,3.0,2.0,1.0,7.0,3.0,19.0,5.0,2.0,10.0,7.0,61.0,98
510360,2013,0.0,0.0,0.0,0.0,0.0,0.0,0.0,0.0,0.0,0.0,55.0,84
510360,2014,0.0,1.0,0.0,2.0,4.0,19.0,6.0,4.0,10.0,6.0,52.0,82
510360,2015,1.0,0.0,2.0,3.0,6.0,21.0,4.0,4.0,4.0,3.0,48.0,86
510360,2016,2.0,0.0,0.0,6.0,3.0,12.0,4.0,1.0,6.0,3.0,37.0,82
510360,2017,0.0,0.0,0.0,8.0,3.0,13.0,6.0,2.0,6.0,3.0,43.0,85
510360,2018,3.0,0.0,2.0,2.0,1.0,23.0,6.0,0.0,11.0,5.0,53.0,74
510360,2019,2.0,1.0,2.0,3.0,0.0,17.0,7.0,4.0,4.0,8.0,48.0,83
510370,2012,9.0,0.0,2.0,2.0,0.0,17.0,7.0,0.0,19.0,6.0,63.0,168
510370,2013,0.0,0.0,0.0,0.0,0.0,0.0,0.0,0.0,0.0,0.0,70.0,196
510370,2014,11.0,0.0,2.0,0.0,1.0,18.0,15.0,3.0,15.0,8.0,73.0,164
510370,2015,8.0,1.0,2.0,1.0,1.0,21.0,3.0,5.0,14.0,4.0,60.0,164
510370,2016,13.0,0.0,5.0,2.0,1.0,23.0,3.0,5.0,11.0,6.0,69.0,179
510370,2017,5.0,0.0,0.0,3.0,2.0,30.0,4.0,10.0,9.0,5.0,69.0,191
510370,2018,4.0,0.0,0.0,2.0,0.0,33.0,14.0,1.0,10.0,5.0,69.0,183
510370,2019,12.0,0.0,2.0,2.0,1.0,34.0,9.0,2.0,9.0,8.0,79.0,209
510380,2012,4.0,0.0,0.0,0.0,0.0,13.0,8.0,0.0,23.0,2.0,50.0,58
510380,2013,0.0,0.0,0.0,0.0,0.0,0.0,0.0,0.0,0.0,0.0,38.0,45
510380,2014,3.0,0.0,0.0,1.0,0.0,15.0,5.0,1.0,14.0,2.0,41.0,45
510380,2015,2.0,0.0,0.0,0.0,1.0,19.0,2.0,3.0,6.0,5.0,38.0,46
510380,2016,3.0,0.0,0.0,0.0,0.0,14.0,1.0,5.0,8.0,8.0,40.0,41
510380,2017,1.0,0.0,2.0,0.0,1.0,21.0,0.0,3.0,3.0,10.0,41.0,46
510380,2018,3.0,0.0,4.0,0.0,0.0,20.0,0.0,7.0,3.0,22.0,60.0,62
510380,2019,3.0,0.0,4.0,1.0,0.0,14.0,2.0,9.0,3.0,9.0,45.0,52
510385,2012,4.0,1.0,2.0,4.0,2.0,9.0,1.0,4.0,9.0,8.0,46.0,106
510385,2013,0.0,0.0,0.0,0.0,0.0,0.0,0.0,0.0,0.0,0.0,43.0,88
510385,2014,11.0,0.0,2.0,0.0,0.0,29.0,5.0,13.0,4.0,16.0,81.0,141
510385,2015,2.0,0.0,2.0,0.0,0.0,23.0,3.0,10.0,9.0,22.0,71.0,162
510385,2016,2.0,0.0,2.0,0.0,2.0,22.0,4.0,12.0,4.0,22.0,72.0,156
510385,2017,1.0,0.0,0.0,1.0,1.0,26.0,4.0,6.0,7.0,12.0,67.0,158
510385,2018,8.0,1.0,0.0,6.0,2.0,23.0,3.0,8.0,4.0,11.0,74.0,134
510385,2019,4.0,0.0,4.0,0.0,0.0,37.0,3.0,10.0,2.0,16.0,78.0,160
510390,2012,8.0,0.0,0.0,2.0,0.0,6.0,0.0,3.0,4.0,3.0,34.0,103
510390,2013,0.0,0.0,0.0,0.0,0.0,0.0,0.0,0.0,0.0,0.0,23.0,78
510390,2014,2.0,0.0,2.0,1.0,2.0,7.0,1.0,3.0,5.0,1.0,36.0,111
510390,2015,2.0,0.0,0.0,2.0,1.0,11.0,6.0,3.0,3.0,3.0,35.0,114
510390,2016,4.0,0.0,1.0,4.0,1.0,9.0,7.0,1.0,4.0,5.0,36.0,123
510390,2017,0.0,0.0,0.0,1.0,0.0,18.0,3.0,0.0,3.0,5.0,33.0,104
510390,2018,4.0,0.0,0.0,1.0,1.0,8.0,2.0,7.0,6.0,11.0,42.0,142
510390,2019,1.0,0.0,2.0,0.0,0.0,14.0,6.0,3.0,4.0,6.0,39.0,118
510395,2012,5.0,0.0,0.0,1.0,0.0,7.0,0.0,0.0,0.0,5.0,18.0,27
510395,2013,0.0,0.0,0.0,0.0,0.0,0.0,0.0,0.0,0.0,0.0,25.0,34
510395,2014,0.0,0.0,0.0,0.0,0.0,11.0,1.0,5.0,3.0,7.0,27.0,29
510395,2015,0.0,0.0,0.0,0.0,0.0,11.0,0.0,2.0,0.0,6.0,19.0,24
510395,2016,0.0,0.0,0.0,0.0,2.0,12.0,0.0,3.0,4.0,3.0,24.0,35
510395,2017,0.0,0.0,2.0,0.0,1.0,18.0,2.0,0.0,5.0,5.0,33.0,41
510395,2018,3.0,0.0,2.0,1.0,0.0,10.0,1.0,1.0,2.0,11.0,31.0,35
510395,2019,3.0,0.0,0.0,1.0,1.0,10.0,1.0,2.0,2.0,3.0,23.0,30
510410,2012,31.0,0.0,4.0,7.0,9.0,71.0,28.0,17.0,31.0,59.0,258.0,438
510410,2013,0.0,0.0,0.0,0.0,0.0,0.0,0.0,0.0,0.0,0.0,277.0,485
510410,2014,33.0,1.0,7.0,8.0,11.0,101.0,40.0,19.0,83.0,47.0,354.0,556
510410,2015,26.0,1.0,13.0,7.0,4.0,111.0,31.0,42.0,63.0,52.0,352.0,532
510410,2016,34.0,0.0,11.0,8.0,4.0,87.0,37.0,36.0,41.0,48.0,310.0,518
510410,2017,39.0,1.0,9.0,10.0,9.0,108.0,20.0,36.0,50.0,51.0,335.0,566
510410,2018,31.0,1.0,12.0,8.0,6.0,133.0,39.0,37.0,74.0,46.0,388.0,596
510410,2019,35.0,0.0,10.0,3.0,5.0,147.0,37.0,20.0,43.0,51.0,351.0,529
510420,2012,2.0,1.0,0.0,8.0,9.0,18.0,2.0,8.0,3.0,17.0,71.0,106
510420,2013,0.0,0.0,0.0,0.0,0.0,0.0,0.0,0.0,0.0,0.0,82.0,131
510420,2014,3.0,0.0,0.0,10.0,8.0,23.0,1.0,13.0,2.0,11.0,71.0,112
510420,2015,3.0,0.0,3.0,8.0,5.0,10.0,2.0,2.0,2.0,4.0,39.0,86
510420,2016,9.0,0.0,2.0,12.0,2.0,22.0,1.0,12.0,1.0,11.0,72.0,106
510420,2017,2.0,0.0,0.0,11.0,4.0,15.0,0.0,7.0,2.0,19.0,60.0,114
510420,2018,6.0,1.0,2.0,1.0,3.0,27.0,2.0,9.0,5.0,9.0,65.0,98
510420,2019,6.0,1.0,0.0,5.0,4.0,25.0,5.0,8.0,2.0,12.0,71.0,114
510450,2012,3.0,0.0,0.0,0.0,0.0,12.0,3.0,0.0,9.0,2.0,29.0,44
510450,2013,0.0,0.0,0.0,0.0,0.0,0.0,0.0,0.0,0.0,0.0,32.0,41
510450,2014,1.0,0.0,0.0,0.0,0.0,13.0,2.0,4.0,2.0,10.0,32.0,39
510450,2015,1.0,0.0,0.0,0.0,0.0,13.0,7.0,3.0,7.0,1.0,33.0,35
510450,2016,0.0,0.0,0.0,1.0,0.0,17.0,4.0,1.0,6.0,0.0,29.0,30
510450,2017,1.0,0.0,0.0,0.0,0.0,15.0,4.0,1.0,9.0,4.0,34.0,37
510450,2018,2.0,0.0,0.0,0.0,0.0,12.0,2.0,2.0,12.0,2.0,32.0,33
510450,2019,3.0,0.0,4.0,0.0,0.0,19.0,5.0,1.0,6.0,6.0,44.0,47
510452,2012,5.0,0.0,2.0,0.0,1.0,16.0,9.0,1.0,15.0,3.0,54.0,87
510452,2013,0.0,0.0,0.0,0.0,0.0,0.0,0.0,0.0,0.0,0.0,53.0,79
510452,2014,4.0,0.0,0.0,1.0,1.0,28.0,8.0,2.0,12.0,1.0,57.0,104
510452,2015,7.0,0.0,0.0,0.0,0.0,26.0,4.0,3.0,14.0,4.0,58.0,94
510452,2016,6.0,0.0,0.0,2.0,1.0,18.0,9.0,2.0,15.0,3.0,56.0,96
510452,2017,10.0,0.0,0.0,3.0,0.0,24.0,7.0,2.0,15.0,4.0,65.0,110
510452,2018,6.0,1.0,0.0,1.0,0.0,25.0,11.0,0.0,21.0,5.0,71.0,105
510452,2019,16.0,1.0,0.0,0.0,0.0,35.0,9.0,1.0,20.0,4.0,86.0,121
510454,2012,4.0,0.0,2.0,1.0,1.0,19.0,2.0,0.0,10.0,2.0,42.0,83
510454,2013,0.0,0.0,0.0,0.0,0.0,0.0,0.0,0.0,0.0,0.0,40.0,74
510454,2014,5.0,0.0,6.0,0.0,0.0,19.0,5.0,4.0,17.0,3.0,59.0,107
510454,2015,3.0,0.0,0.0,0.0,0.0,18.0,4.0,1.0,8.0,2.0,36.0,75
510454,2016,0.0,0.0,5.0,3.0,1.0,16.0,3.0,3.0,12.0,3.0,46.0,86
510454,2017,1.0,0.0,3.0,1.0,2.0,20.0,6.0,1.0,7.0,3.0,44.0,81
510454,2018,8.0,0.0,2.0,2.0,0.0,21.0,7.0,1.0,12.0,5.0,58.0,93
510454,2019,8.0,0.0,3.0,0.0,1.0,23.0,9.0,1.0,11.0,0.0,56.0,92
510455,2012,4.0,0.0,0.0,14.0,4.0,13.0,5.0,1.0,10.0,1.0,52.0,88
510455,2013,0.0,0.0,0.0,0.0,0.0,0.0,0.0,0.0,0.0,0.0,56.0,81
510455,2014,5.0,0.0,0.0,8.0,4.0,11.0,6.0,3.0,10.0,1.0,50.0,62
510455,2015,3.0,1.0,0.0,15.0,6.0,10.0,5.0,8.0,6.0,7.0,62.0,87
510455,2016,13.0,0.0,0.0,3.0,5.0,22.0,0.0,12.0,4.0,19.0,78.0,88
510455,2017,5.0,0.0,0.0,3.0,1.0,25.0,1.0,7.0,1.0,11.0,54.0,68
510455,2018,4.0,0.0,2.0,5.0,2.0,28.0,3.0,6.0,11.0,13.0,75.0,102
510455,2019,9.0,1.0,0.0,3.0,1.0,32.0,3.0,6.0,5.0,11.0,71.0,91
510460,2012,2.0,0.0,3.0,18.0,12.0,36.0,0.0,21.0,2.0,25.0,120.0,166
510460,2013,0.0,0.0,0.0,0.0,0.0,0.0,0.0,0.0,0.0,0.0,143.0,183
510460,2014,4.0,2.0,4.0,13.0,12.0,40.0,3.0,17.0,12.0,22.0,133.0,172
510460,2015,6.0,0.0,0.0,17.0,5.0,52.0,3.0,18.0,8.0,29.0,141.0,211
510460,2016,10.0,0.0,2.0,12.0,4.0,43.0,1.0,20.0,1.0,35.0,128.0,168
510460,2017,7.0,0.0,1.0,19.0,2.0,46.0,0.0,26.0,1.0,31.0,135.0,174
510460,2018,6.0,0.0,2.0,5.0,4.0,47.0,1.0,28.0,2.0,30.0,125.0,169
510460,2019,13.0,0.0,6.0,1.0,1.0,81.0,0.0,24.0,11.0,24.0,161.0,199
510480,2012,8.0,1.0,4.0,13.0,11.0,92.0,27.0,4.0,122.0,20.0,304.0,442
510480,2013,0.0,0.0,0.0,0.0,0.0,0.0,0.0,0.0,0.0,0.0,338.0,470
510480,2014,6.0,0.0,14.0,10.0,7.0,132.0,46.0,8.0,127.0,22.0,373.0,495
510480,2015,8.0,0.0,8.0,12.0,4.0,142.0,42.0,2.0,108.0,19.0,345.0,486
510480,2016,4.0,0.0,8.0,12.0,6.0,134.0,37.0,5.0,98.0,12.0,318.0,432
510480,2017,14.0,0.0,2.0,14.0,10.0,151.0,40.0,10.0,94.0,19.0,363.0,482
510480,2018,8.0,0.0,7.0,15.0,2.0,163.0,49.0,8.0,78.0,13.0,343.0,456
510480,2019,9.0,0.0,15.0,4.0,7.0,142.0,41.0,5.0,82.0,17.0,324.0,450
510490,2012,3.0,0.0,2.0,0.0,0.0,14.0,2.0,1.0,10.0,5.0,42.0,114
510490,2013,0.0,0.0,0.0,0.0,0.0,0.0,0.0,0.0,0.0,0.0,35.0,92
510490,2014,4.0,0.0,0.0,3.0,0.0,12.0,6.0,4.0,5.0,0.0,35.0,99
510490,2015,3.0,0.0,0.0,2.0,0.0,18.0,6.0,3.0,8.0,6.0,46.0,123
510490,2016,3.0,0.0,2.0,1.0,0.0,15.0,5.0,2.0,6.0,5.0,41.0,102
510490,2017,6.0,0.0,0.0,1.0,2.0,13.0,12.0,4.0,8.0,5.0,51.0,115
510490,2018,7.0,0.0,0.0,1.0,0.0,10.0,4.0,6.0,15.0,4.0,47.0,108
510490,2019,1.0,1.0,0.0,0.0,0.0,12.0,10.0,1.0,6.0,8.0,39.0,103
510500,2012,12.0,0.0,2.0,2.0,2.0,25.0,11.0,4.0,18.0,10.0,92.0,145
510500,2013,0.0,0.0,0.0,0.0,0.0,0.0,0.0,0.0,0.0,0.0,108.0,151
510500,2014,6.0,0.0,2.0,0.0,2.0,33.0,4.0,9.0,13.0,14.0,83.0,119
510500,2015,3.0,2.0,4.0,1.0,0.0,34.0,10.0,16.0,23.0,8.0,106.0,153
510500,2016,3.0,0.0,0.0,2.0,0.0,36.0,9.0,15.0,19.0,19.0,104.0,130
510500,2017,6.0,0.0,2.0,1.0,1.0,41.0,8.0,8.0,19.0,14.0,102.0,129
510500,2018,3.0,0.0,2.0,2.0,0.0,41.0,2.0,9.0,11.0,12.0,82.0,111
510500,2019,4.0,2.0,2.0,3.0,2.0,38.0,10.0,4.0,19.0,19.0,103.0,128
510510,2012,39.0,0.0,9.0,18.0,7.0,102.0,7.0,40.0,27.0,84.0,338.0,533
510510,2013,0.0,0.0,0.0,0.0,0.0,0.0,0.0,0.0,0.0,0.0,370.0,569
510510,2014,37.0,0.0,10.0,7.0,6.0,123.0,7.0,59.0,22.0,112.0,384.0,595
510510,2015,23.0,0.0,9.0,4.0,10.0,131.0,11.0,35.0,21.0,92.0,340.0,556
510510,2016,23.0,0.0,6.0,4.0,6.0,125.0,2.0,44.0,5.0,96.0,312.0,486
510510,2017,32.0,4.0,12.0,5.0,2.0,140.0,2.0,66.0,5.0,119.0,387.0,585
510510,2018,35.0,0.0,2.0,6.0,1.0,185.0,0.0,48.0,7.0,104.0,399.0,622
510510,2019,36.0,2.0,10.0,8.0,2.0,157.0,6.0,40.0,25.0,92.0,378.0,631
510515,2012,32.0,2.0,11.0,13.0,10.0,122.0,29.0,30.0,82.0,93.0,424.0,627
510515,2013,0.0,0.0,0.0,0.0,0.0,0.0,0.0,0.0,0.0,0.0,454.0,624
510515,2014,89.0,0.0,16.0,8.0,3.0,156.0,59.0,43.0,123.0,77.0,574.0,688
510515,2015,69.0,0.0,9.0,3.0,8.0,172.0,60.0,38.0,110.0,88.0,557.0,706
510515,2016,69.0,0.0,8.0,5.0,3.0,175.0,34.0,42.0,85.0,109.0,530.0,633
510515,2017,76.0,1.0,15.0,2.0,2.0,224.0,14.0,76.0,71.0,138.0,620.0,740
510515,2018,88.0,0.0,9.0,0.0,0.0,253.0,20.0,59.0,64.0,158.0,651.0,757
510515,2019,87.0,0.0,12.0,2.0,0.0,279.0,33.0,48.0,50.0,96.0,607.0,728
510517,2012,7.0,1.0,0.0,3.0,2.0,26.0,5.0,5.0,12.0,19.0,81.0,164
510517,2013,0.0,0.0,0.0,0.0,0.0,0.0,0.0,0.0,0.0,0.0,77.0,156
510517,2014,5.0,6.0,2.0,6.0,2.0,25.0,11.0,5.0,16.0,9.0,90.0,186
510517,2015,2.0,8.0,2.0,0.0,0.0,22.0,8.0,5.0,9.0,10.0,66.0,141
510517,2016,7.0,3.0,2.0,0.0,3.0,21.0,9.0,7.0,8.0,20.0,80.0,146
510517,2017,5.0,2.0,2.0,0.0,3.0,23.0,2.0,16.0,2.0,12.0,67.0,129
510517,2018,6.0,0.0,2.0,1.0,0.0,17.0,2.0,5.0,4.0,9.0,78.0,134
510517,2019,6.0,0.0,5.0,0.0,0.0,10.0,5.0,3.0,4.0,2.0,95.0,151
510520,2012,1.0,0.0,2.0,10.0,8.0,29.0,9.0,2.0,28.0,7.0,97.0,165
510520,2013,0.0,0.0,0.0,0.0,0.0,0.0,0.0,0.0,0.0,0.0,100.0,141
510520,2014,0.0,0.0,6.0,12.0,2.0,39.0,18.0,5.0,26.0,4.0,112.0,161
510520,2015,1.0,0.0,0.0,10.0,6.0,35.0,13.0,2.0,28.0,3.0,98.0,143
510520,2016,3.0,0.0,2.0,13.0,3.0,37.0,16.0,0.0,8.0,4.0,86.0,138
510520,2017,1.0,0.0,3.0,12.0,2.0,32.0,14.0,2.0,25.0,2.0,95.0,130
510520,2018,2.0,0.0,0.0,3.0,1.0,40.0,5.0,4.0,17.0,4.0,76.0,136
510520,2019,3.0,0.0,0.0,1.0,2.0,39.0,6.0,2.0,21.0,3.0,77.0,133
510523,2012,5.0,0.0,2.0,0.0,1.0,11.0,1.0,4.0,1.0,11.0,38.0,76
510523,2013,0.0,0.0,0.0,0.0,0.0,0.0,0.0,0.0,0.0,0.0,50.0,80
510523,2014,3.0,0.0,0.0,0.0,3.0,2.0,2.0,9.0,1.0,5.0,25.0,54
510523,2015,4.0,0.0,0.0,1.0,1.0,12.0,2.0,5.0,2.0,13.0,40.0,58
510523,2016,3.0,0.0,2.0,0.0,1.0,16.0,5.0,3.0,8.0,8.0,47.0,76
510523,2017,5.0,0.0,2.0,0.0,1.0,22.0,4.0,7.0,3.0,9.0,53.0,75
510523,2018,9.0,0.0,4.0,2.0,0.0,27.0,4.0,8.0,7.0,16.0,77.0,96
510523,2019,5.0,0.0,4.0,1.0,2.0,25.0,2.0,3.0,3.0,18.0,63.0,75
510525,2012,57.0,6.0,16.0,6.0,3.0,183.0,39.0,26.0,146.0,73.0,631.0,990
510525,2013,0.0,0.0,0.0,0.0,0.0,0.0,0.0,0.0,0.0,0.0,752.0,1131
510525,2014,80.0,3.0,27.0,8.0,2.0,267.0,109.0,40.0,240.0,64.0,847.0,1228
510525,2015,61.0,2.0,25.0,8.0,7.0,295.0,111.0,56.0,236.0,78.0,885.0,1316
510525,2016,101.0,1.0,20.0,5.0,6.0,302.0,129.0,27.0,254.0,52.0,902.0,1312
510525,2017,125.0,0.0,28.0,4.0,3.0,343.0,127.0,33.0,256.0,73.0,992.0,1415
510525,2018,68.0,1.0,30.0,15.0,11.0,348.0,57.0,50.0,119.0,106.0,805.0,1461
510525,2019,73.0,3.0,24.0,6.0,6.0,355.0,36.0,86.0,59.0,165.0,814.0,1416
510530,2012,4.0,0.0,0.0,0.0,0.0,4.0,1.0,1.0,0.0,2.0,14.0,42
510530,2013,0.0,0.0,0.0,0.0,0.0,0.0,0.0,0.0,0.0,0.0,11.0,34
510530,2014,0.0,0.0,0.0,1.0,1.0,1.0,1.0,1.0,1.0,1.0,8.0,22
510530,2015,1.0,0.0,0.0,0.0,0.0,5.0,0.0,3.0,0.0,1.0,10.0,28
510530,2016,0.0,0.0,4.0,0.0,0.0,2.0,1.0,1.0,0.0,1.0,9.0,27
510530,2017,1.0,0.0,0.0,0.0,0.0,4.0,0.0,1.0,0.0,4.0,10.0,30
510530,2018,0.0,0.0,0.0,2.0,1.0,5.0,1.0,1.0,0.0,9.0,19.0,39
510530,2019,0.0,0.0,0.0,0.0,0.0,4.0,0.0,2.0,0.0,3.0,9.0,22
510550,2012,25.0,1.0,0.0,0.0,2.0,30.0,4.0,17.0,7.0,19.0,124.0,226
510550,2013,0.0,0.0,0.0,0.0,0.0,0.0,0.0,0.0,0.0,0.0,126.0,200
510550,2014,20.0,1.0,4.0,6.0,3.0,34.0,9.0,31.0,10.0,41.0,164.0,261
510550,2015,20.0,7.0,5.0,7.0,3.0,52.0,15.0,7.0,21.0,22.0,161.0,259
510550,2016,21.0,1.0,4.0,4.0,2.0,49.0,13.0,22.0,7.0,22.0,164.0,259
510550,2017,15.0,3.0,1.0,1.0,2.0,57.0,22.0,13.0,22.0,24.0,168.0,283
510550,2018,22.0,0.0,2.0,4.0,3.0,61.0,17.0,6.0,32.0,12.0,165.0,262
510550,2019,16.0,0.0,4.0,2.0,0.0,62.0,12.0,15.0,13.0,26.0,163.0,271
510558,2012,5.0,0.0,3.0,21.0,18.0,25.0,5.0,6.0,15.0,8.0,109.0,181
510558,2013,0.0,0.0,0.0,0.0,0.0,0.0,0.0,0.0,0.0,0.0,101.0,196
510558,2014,2.0,0.0,6.0,48.0,33.0,9.0,6.0,1.0,7.0,1.0,113.0,193
510558,2015,6.0,0.0,4.0,53.0,34.0,12.0,1.0,5.0,8.0,3.0,126.0,205
510558,2016,6.0,1.0,2.0,24.0,13.0,23.0,1.0,15.0,6.0,12.0,104.0,191
510558,2017,7.0,0.0,0.0,26.0,16.0,26.0,1.0,14.0,2.0,13.0,105.0,198
510558,2018,2.0,0.0,0.0,7.0,3.0,37.0,4.0,9.0,4.0,21.0,88.0,174
510558,2019,2.0,1.0,2.0,4.0,4.0,32.0,7.0,16.0,11.0,17.0,97.0,189
510560,2012,20.0,0.0,2.0,2.0,4.0,29.0,12.0,9.0,15.0,18.0,111.0,186
510560,2013,0.0,0.0,0.0,0.0,0.0,0.0,0.0,0.0,0.0,0.0,174.0,285
510560,2014,15.0,0.0,6.0,7.0,5.0,53.0,14.0,11.0,31.0,25.0,169.0,281
510560,2015,12.0,1.0,4.0,10.0,5.0,58.0,11.0,15.0,37.0,25.0,178.0,249
510560,2016,17.0,0.0,0.0,0.0,4.0,63.0,20.0,16.0,32.0,18.0,170.0,285
510560,2017,22.0,0.0,3.0,11.0,6.0,73.0,22.0,13.0,39.0,23.0,212.0,315
510560,2018,15.0,0.0,7.0,5.0,5.0,98.0,31.0,13.0,50.0,31.0,255.0,357
510560,2019,10.0,0.0,11.0,4.0,3.0,104.0,24.0,20.0,37.0,34.0,248.0,363
510562,2012,23.0,0.0,17.0,11.0,18.0,102.0,15.0,32.0,51.0,88.0,361.0,426
510562,2013,0.0,0.0,0.0,0.0,0.0,0.0,0.0,0.0,0.0,0.0,330.0,391
510562,2014,24.0,0.0,6.0,1.0,1.0,137.0,20.0,38.0,38.0,91.0,356.0,427
510562,2015,18.0,0.0,4.0,1.0,2.0,140.0,27.0,37.0,59.0,93.0,381.0,452
510562,2016,19.0,1.0,8.0,3.0,2.0,127.0,24.0,20.0,68.0,54.0,328.0,395
510562,2017,21.0,0.0,15.0,4.0,2.0,134.0,28.0,24.0,66.0,54.0,348.0,408
510562,2018,29.0,0.0,6.0,8.0,5.0,152.0,24.0,38.0,45.0,63.0,371.0,405
510562,2019,28.0,1.0,8.0,5.0,2.0,189.0,18.0,29.0,42.0,83.0,405.0,454
510590,2012,9.0,1.0,3.0,3.0,1.0,15.0,3.0,2.0,8.0,6.0,120.0,259
510590,2013,0.0,0.0,0.0,0.0,0.0,0.0,0.0,0.0,0.0,0.0,128.0,265
510590,2014,5.0,0.0,0.0,2.0,0.0,30.0,6.0,4.0,15.0,9.0,110.0,248
510590,2015,12.0,0.0,0.0,4.0,2.0,31.0,5.0,6.0,18.0,14.0,133.0,249
510590,2016,14.0,0.0,5.0,1.0,1.0,20.0,2.0,14.0,17.0,20.0,127.0,224
510590,2017,12.0,0.0,2.0,3.0,0.0,50.0,12.0,20.0,13.0,26.0,141.0,267
510590,2018,9.0,0.0,6.0,4.0,0.0,58.0,7.0,11.0,21.0,18.0,138.0,299
510590,2019,8.0,0.0,6.0,4.0,0.0,60.0,7.0,23.0,11.0,18.0,138.0,264
510600,2012,9.0,0.0,0.0,1.0,0.0,13.0,1.0,5.0,3.0,6.0,49.0,85
510600,2013,0.0,0.0,0.0,0.0,0.0,0.0,0.0,0.0,0.0,0.0,33.0,91
510600,2014,2.0,0.0,0.0,0.0,0.0,6.0,4.0,0.0,8.0,1.0,66.0,107
510600,2015,8.0,0.0,4.0,3.0,0.0,18.0,7.0,2.0,10.0,5.0,68.0,111
510600,2016,4.0,1.0,4.0,2.0,2.0,28.0,3.0,4.0,7.0,3.0,58.0,94
510600,2017,4.0,1.0,0.0,3.0,2.0,23.0,5.0,1.0,14.0,11.0,64.0,99
510600,2018,9.0,0.0,0.0,1.0,1.0,27.0,4.0,10.0,5.0,9.0,67.0,96
510600,2019,3.0,1.0,1.0,3.0,1.0,22.0,9.0,5.0,13.0,12.0,70.0,103
510610,2012,4.0,1.0,0.0,0.0,3.0,21.0,3.0,3.0,8.0,12.0,58.0,133
510610,2013,0.0,0.0,0.0,0.0,0.0,0.0,0.0,0.0,0.0,0.0,68.0,153
510610,2014,5.0,0.0,2.0,2.0,1.0,24.0,6.0,1.0,7.0,6.0,55.0,123
510610,2015,3.0,0.0,5.0,0.0,1.0,25.0,10.0,3.0,8.0,4.0,60.0,140
510610,2016,1.0,0.0,2.0,0.0,0.0,22.0,7.0,4.0,11.0,6.0,59.0,128
510610,2017,3.0,0.0,2.0,2.0,1.0,27.0,9.0,4.0,13.0,2.0,63.0,138
510610,2018,4.0,0.0,2.0,2.0,0.0,25.0,10.0,5.0,9.0,4.0,63.0,127
510610,2019,2.0,0.0,2.0,1.0,1.0,25.0,8.0,4.0,12.0,7.0,63.0,153
510615,2012,9.0,0.0,2.0,1.0,1.0,31.0,1.0,5.0,6.0,17.0,76.0,157
510615,2013,0.0,0.0,0.0,0.0,0.0,0.0,0.0,0.0,0.0,0.0,84.0,153
510615,2014,5.0,0.0,0.0,1.0,3.0,26.0,4.0,14.0,4.0,21.0,78.0,156
510615,2015,5.0,2.0,2.0,4.0,0.0,35.0,5.0,17.0,7.0,18.0,96.0,157
510615,2016,4.0,0.0,0.0,1.0,5.0,30.0,2.0,12.0,8.0,27.0,90.0,147
510615,2017,6.0,2.0,2.0,3.0,1.0,41.0,4.0,9.0,11.0,18.0,97.0,158
510615,2018,6.0,0.0,4.0,4.0,0.0,44.0,6.0,17.0,8.0,26.0,116.0,185
510615,2019,11.0,0.0,0.0,3.0,4.0,55.0,7.0,10.0,9.0,19.0,122.0,188
510617,2012,2.0,1.0,0.0,0.0,2.0,3.0,3.0,2.0,2.0,3.0,18.0,67
510617,2013,0.0,0.0,0.0,0.0,0.0,0.0,0.0,0.0,0.0,0.0,18.0,61
510617,2014,1.0,0.0,0.0,0.0,1.0,7.0,0.0,1.0,2.0,4.0,18.0,37
510617,2015,0.0,0.0,0.0,0.0,1.0,12.0,1.0,5.0,4.0,0.0,24.0,45
510617,2016,0.0,0.0,0.0,4.0,0.0,2.0,0.0,2.0,4.0,3.0,16.0,68
510617,2017,2.0,0.0,0.0,2.0,2.0,5.0,4.0,6.0,3.0,7.0,34.0,101
510617,2018,4.0,0.0,0.0,1.0,3.0,6.0,3.0,1.0,1.0,0.0,30.0,79
510617,2019,5.0,0.0,2.0,0.0,0.0,9.0,3.0,5.0,0.0,7.0,36.0,100
510618,2012,6.0,0.0,0.0,0.0,1.0,16.0,3.0,2.0,8.0,5.0,47.0,73
510618,2013,0.0,0.0,0.0,0.0,0.0,0.0,0.0,0.0,0.0,0.0,58.0,76
510618,2014,6.0,0.0,1.0,1.0,0.0,21.0,2.0,5.0,9.0,6.0,53.0,73
510618,2015,2.0,3.0,1.0,2.0,2.0,13.0,3.0,3.0,10.0,9.0,48.0,77
510618,2016,2.0,0.0,0.0,2.0,0.0,15.0,4.0,4.0,4.0,2.0,34.0,60
510618,2017,7.0,0.0,0.0,1.0,0.0,34.0,3.0,4.0,8.0,7.0,64.0,94
510618,2018,6.0,0.0,0.0,1.0,1.0,28.0,3.0,4.0,7.0,7.0,58.0,81
510618,2019,3.0,0.0,0.0,3.0,0.0,34.0,8.0,1.0,7.0,7.0,64.0,86
510619,2012,2.0,0.0,3.0,6.0,3.0,7.0,1.0,0.0,3.0,1.0,28.0,42
510619,2013,0.0,0.0,0.0,0.0,0.0,0.0,0.0,0.0,0.0,0.0,46.0,64
510619,2014,2.0,1.0,0.0,4.0,6.0,11.0,2.0,0.0,9.0,2.0,37.0,52
510619,2015,5.0,0.0,5.0,16.0,7.0,6.0,1.0,3.0,3.0,3.0,50.0,58
510619,2016,1.0,0.0,0.0,4.0,1.0,12.0,3.0,3.0,6.0,6.0,37.0,46
510619,2017,3.0,0.0,0.0,2.0,1.0,13.0,1.0,3.0,8.0,3.0,35.0,50
510619,2018,2.0,0.0,0.0,4.0,4.0,14.0,5.0,6.0,5.0,6.0,46.0,60
510619,2019,4.0,1.0,1.0,3.0,0.0,23.0,5.0,0.0,3.0,4.0,44.0,61
510620,2012,4.0,0.0,0.0,2.0,2.0,5.0,4.0,0.0,8.0,4.0,29.0,56
510620,2013,0.0,0.0,0.0,0.0,0.0,0.0,0.0,0.0,0.0,0.0,32.0,55
510620,2014,1.0,0.0,4.0,0.0,0.0,8.0,4.0,4.0,4.0,1.0,26.0,48
510620,2015,0.0,0.0,0.0,0.0,1.0,6.0,3.0,1.0,5.0,3.0,19.0,42
510620,2016,4.0,0.0,0.0,0.0,0.0,3.0,3.0,0.0,1.0,3.0,14.0,26
510620,2017,2.0,0.0,2.0,0.0,0.0,11.0,2.0,3.0,5.0,2.0,28.0,42
510620,2018,3.0,0.0,2.0,1.0,0.0,10.0,2.0,3.0,5.0,0.0,26.0,41
510620,2019,3.0,1.0,0.0,0.0,0.0,14.0,2.0,2.0,3.0,2.0,27.0,47
510621,2012,10.0,0.0,3.0,14.0,8.0,30.0,8.0,0.0,24.0,6.0,123.0,190
510621,2013,0.0,0.0,0.0,0.0,0.0,0.0,0.0,0.0,0.0,0.0,129.0,180
510621,2014,10.0,0.0,1.0,15.0,12.0,26.0,14.0,7.0,22.0,7.0,134.0,175
510621,2015,8.0,0.0,0.0,25.0,15.0,45.0,4.0,15.0,15.0,27.0,156.0,191
510621,2016,16.0,0.0,3.0,6.0,6.0,42.0,4.0,16.0,16.0,25.0,134.0,161
510621,2017,7.0,0.0,2.0,1.0,1.0,46.0,1.0,22.0,8.0,27.0,115.0,152
510621,2018,13.0,0.0,8.0,10.0,5.0,60.0,6.0,17.0,20.0,24.0,165.0,207
510621,2019,5.0,0.0,8.0,3.0,1.0,76.0,5.0,14.0,20.0,16.0,149.0,183
510622,2012,60.0,4.0,7.0,3.0,7.0,139.0,24.0,18.0,109.0,71.0,454.0,658
510622,2013,0.0,0.0,0.0,0.0,0.0,0.0,0.0,0.0,0.0,0.0,519.0,752
510622,2014,48.0,2.0,17.0,12.0,6.0,147.0,62.0,36.0,141.0,90.0,569.0,763
510622,2015,28.0,4.0,24.0,9.0,6.0,193.0,57.0,49.0,102.0,125.0,599.0,895
510622,2016,45.0,1.0,16.0,7.0,6.0,251.0,23.0,55.0,60.0,137.0,605.0,949
510622,2017,28.0,0.0,15.0,18.0,12.0,226.0,30.0,60.0,92.0,136.0,618.0,940
510622,2018,42.0,1.0,17.0,11.0,11.0,293.0,66.0,31.0,147.0,64.0,683.0,1080
510622,2019,50.0,0.0,11.0,15.0,9.0,239.0,52.0,33.0,103.0,59.0,571.0,992
510623,2012,14.0,0.0,5.0,2.0,2.0,34.0,5.0,7.0,24.0,16.0,118.0,292
510623,2013,0.0,0.0,0.0,0.0,0.0,0.0,0.0,0.0,0.0,0.0,149.0,304
510623,2014,13.0,0.0,0.0,5.0,1.0,55.0,20.0,17.0,22.0,23.0,159.0,286
510623,2015,19.0,0.0,0.0,3.0,3.0,63.0,4.0,18.0,11.0,51.0,173.0,319
510623,2016,17.0,1.0,2.0,1.0,1.0,44.0,3.0,8.0,19.0,33.0,129.0,258
510623,2017,9.0,2.0,4.0,1.0,2.0,71.0,9.0,16.0,15.0,33.0,163.0,283
510623,2018,11.0,0.0,2.0,3.0,5.0,64.0,10.0,9.0,14.0,24.0,142.0,263
510623,2019,18.0,0.0,4.0,4.0,1.0,54.0,10.0,11.0,18.0,30.0,150.0,265
510624,2012,9.0,0.0,2.0,4.0,1.0,17.0,8.0,1.0,16.0,4.0,63.0,130
510624,2013,0.0,0.0,0.0,0.0,0.0,0.0,0.0,0.0,0.0,0.0,62.0,144
510624,2014,7.0,0.0,0.0,1.0,1.0,24.0,15.0,2.0,12.0,3.0,65.0,132
510624,2015,6.0,0.0,4.0,1.0,0.0,27.0,7.0,2.0,14.0,6.0,68.0,138
510624,2016,9.0,0.0,0.0,1.0,2.0,32.0,10.0,2.0,16.0,8.0,80.0,156
510624,2017,10.0,0.0,2.0,2.0,0.0,34.0,20.0,1.0,22.0,6.0,97.0,189
510624,2018,12.0,0.0,0.0,3.0,4.0,34.0,12.0,1.0,30.0,2.0,98.0,176
510624,2019,9.0,0.0,10.0,3.0,0.0,40.0,23.0,3.0,20.0,4.0,112.0,196
510625,2012,35.0,1.0,6.0,1.0,4.0,60.0,16.0,17.0,37.0,43.0,235.0,267
510625,2013,0.0,0.0,0.0,0.0,0.0,0.0,0.0,0.0,0.0,0.0,237.0,276
510625,2014,22.0,1.0,7.0,1.0,2.0,106.0,37.0,18.0,77.0,39.0,320.0,348
510625,2015,21.0,1.0,4.0,1.0,0.0,89.0,18.0,6.0,46.0,44.0,235.0,273
510625,2016,20.0,0.0,2.0,2.0,5.0,88.0,15.0,6.0,45.0,49.0,235.0,274
510625,2017,10.0,0.0,0.0,4.0,2.0,102.0,15.0,14.0,38.0,44.0,237.0,271
510625,2018,10.0,1.0,6.0,1.0,5.0,132.0,19.0,11.0,51.0,50.0,292.0,337
510625,2019,22.0,1.0,4.0,1.0,1.0,123.0,18.0,10.0,49.0,49.0,281.0,331
510626,2012,5.0,0.0,3.0,0.0,1.0,11.0,5.0,2.0,9.0,7.0,44.0,77
510626,2013,0.0,0.0,0.0,0.0,0.0,0.0,0.0,0.0,0.0,0.0,47.0,79
510626,2014,4.0,0.0,0.0,1.0,2.0,22.0,8.0,2.0,10.0,4.0,54.0,86
510626,2015,3.0,0.0,2.0,1.0,0.0,16.0,3.0,4.0,5.0,7.0,43.0,66
510626,2016,2.0,0.0,3.0,1.0,2.0,24.0,6.0,10.0,10.0,10.0,69.0,93
510626,2017,2.0,0.0,2.0,1.0,0.0,27.0,6.0,6.0,14.0,11.0,71.0,107
510626,2018,4.0,0.0,0.0,1.0,2.0,30.0,7.0,4.0,9.0,9.0,67.0,100
510626,2019,11.0,0.0,4.0,4.0,1.0,25.0,10.0,6.0,13.0,6.0,81.0,110
510627,2012,0.0,1.0,2.0,3.0,1.0,8.0,1.0,1.0,3.0,7.0,28.0,46
510627,2013,0.0,0.0,0.0,0.0,0.0,0.0,0.0,0.0,0.0,0.0,23.0,40
510627,2014,2.0,0.0,0.0,0.0,0.0,10.0,1.0,8.0,1.0,16.0,38.0,59
510627,2015,1.0,0.0,0.0,1.0,0.0,8.0,0.0,2.0,2.0,7.0,21.0,36
510627,2016,1.0,1.0,0.0,0.0,0.0,7.0,1.0,3.0,0.0,4.0,20.0,39
510627,2017,2.0,0.0,2.0,0.0,1.0,22.0,0.0,6.0,1.0,6.0,40.0,59
510627,2018,4.0,0.0,4.0,0.0,0.0,8.0,0.0,4.0,0.0,13.0,33.0,42
510627,2019,2.0,0.0,0.0,0.0,0.0,12.0,2.0,1.0,1.0,8.0,27.0,47
510628,2012,12.0,2.0,2.0,1.0,2.0,16.0,2.0,5.0,9.0,11.0,63.0,100
510628,2013,0.0,0.0,0.0,0.0,0.0,0.0,0.0,0.0,0.0,0.0,67.0,96
510628,2014,2.0,0.0,0.0,1.0,0.0,20.0,1.0,5.0,2.0,20.0,51.0,100
510628,2015,2.0,0.0,2.0,2.0,0.0,33.0,0.0,4.0,2.0,19.0,67.0,100
510628,2016,0.0,0.0,2.0,0.0,0.0,13.0,0.0,2.0,5.0,2.0,39.0,68
510628,2017,2.0,1.0,2.0,0.0,1.0,20.0,0.0,3.0,2.0,10.0,53.0,86
510628,2018,3.0,0.0,6.0,0.0,0.0,29.0,2.0,12.0,0.0,15.0,70.0,95
510628,2019,1.0,0.0,0.0,0.0,1.0,26.0,2.0,21.0,6.0,22.0,80.0,105
510629,2012,13.0,1.0,4.0,3.0,2.0,27.0,3.0,6.0,15.0,23.0,100.0,146
510629,2013,0.0,0.0,0.0,0.0,0.0,0.0,0.0,0.0,0.0,0.0,98.0,156
510629,2014,14.0,0.0,7.0,0.0,1.0,35.0,8.0,18.0,7.0,36.0,127.0,161
510629,2015,10.0,0.0,7.0,0.0,1.0,43.0,7.0,18.0,13.0,35.0,134.0,196
510629,2016,9.0,2.0,3.0,1.0,4.0,60.0,2.0,8.0,7.0,21.0,117.0,186
510629,2017,7.0,0.0,0.0,5.0,3.0,42.0,6.0,10.0,16.0,23.0,112.0,194
510629,2018,5.0,0.0,4.0,4.0,1.0,52.0,7.0,5.0,24.0,26.0,128.0,193
510629,2019,15.0,2.0,0.0,4.0,3.0,55.0,8.0,8.0,21.0,8.0,124.0,172
510630,2012,15.0,2.0,7.0,16.0,11.0,36.0,17.0,6.0,28.0,21.0,159.0,356
510630,2013,0.0,0.0,0.0,0.0,0.0,0.0,0.0,0.0,0.0,0.0,145.0,327
510630,2014,11.0,0.0,6.0,14.0,4.0,46.0,7.0,8.0,37.0,31.0,170.0,420
510630,2015,9.0,3.0,3.0,8.0,4.0,53.0,4.0,9.0,11.0,27.0,133.0,366
510630,2016,5.0,1.0,5.0,8.0,5.0,58.0,11.0,19.0,15.0,24.0,153.0,347
510630,2017,9.0,1.0,5.0,8.0,7.0,57.0,18.0,15.0,23.0,28.0,171.0,377
510630,2018,9.0,3.0,7.0,14.0,1.0,68.0,11.0,16.0,19.0,31.0,181.0,396
510630,2019,10.0,1.0,4.0,7.0,4.0,54.0,17.0,15.0,26.0,23.0,161.0,367
510631,2012,0.0,0.0,0.0,0.0,0.0,2.0,0.0,0.0,5.0,2.0,9.0,18
510631,2013,0.0,0.0,0.0,0.0,0.0,0.0,0.0,0.0,0.0,0.0,13.0,18
510631,2014,0.0,0.0,0.0,0.0,0.0,1.0,0.0,2.0,2.0,1.0,6.0,11
510631,2015,1.0,0.0,0.0,1.0,1.0,6.0,1.0,1.0,2.0,4.0,19.0,24
510631,2016,1.0,0.0,1.0,0.0,0.0,7.0,4.0,1.0,1.0,2.0,18.0,23
510631,2017,0.0,0.0,0.0,0.0,1.0,8.0,4.0,2.0,2.0,1.0,19.0,26
510631,2018,0.0,0.0,0.0,0.0,0.0,6.0,0.0,2.0,6.0,5.0,20.0,29
510631,2019,4.0,0.0,0.0,0.0,0.0,10.0,0.0,5.0,0.0,5.0,24.0,29
510637,2012,1.0,0.0,0.0,42.0,33.0,36.0,14.0,2.0,34.0,3.0,171.0,225
510637,2013,0.0,0.0,0.0,0.0,0.0,0.0,0.0,0.0,0.0,0.0,152.0,220
510637,2014,4.0,0.0,5.0,52.0,39.0,17.0,12.0,0.0,24.0,0.0,186.0,267
510637,2015,6.0,0.0,4.0,46.0,23.0,37.0,16.0,3.0,19.0,0.0,155.0,244
510637,2016,1.0,1.0,16.0,63.0,39.0,24.0,11.0,3.0,2.0,4.0,166.0,281
510637,2017,2.0,0.0,8.0,82.0,34.0,10.0,3.0,4.0,7.0,8.0,158.0,264
510637,2018,7.0,0.0,2.0,32.0,21.0,46.0,5.0,4.0,18.0,5.0,141.0,259
510637,2019,3.0,0.0,2.0,7.0,10.0,67.0,7.0,2.0,22.0,10.0,130.0,260
510642,2012,23.0,0.0,6.0,8.0,6.0,56.0,24.0,14.0,21.0,28.0,195.0,482
510642,2013,0.0,0.0,0.0,0.0,0.0,0.0,0.0,0.0,0.0,0.0,260.0,547
510642,2014,29.0,1.0,7.0,10.0,4.0,92.0,37.0,18.0,32.0,37.0,278.0,609
510642,2015,12.0,0.0,8.0,11.0,9.0,67.0,23.0,43.0,29.0,42.0,253.0,520
510642,2016,25.0,0.0,12.0,10.0,6.0,95.0,17.0,31.0,28.0,44.0,269.0,587
510642,2017,36.0,2.0,8.0,5.0,5.0,126.0,26.0,28.0,56.0,42.0,334.0,627
510642,2018,26.0,1.0,6.0,6.0,10.0,133.0,35.0,33.0,47.0,37.0,337.0,599
510642,2019,37.0,0.0,12.0,7.0,5.0,119.0,41.0,32.0,48.0,43.0,349.0,611
510645,2012,2.0,0.0,0.0,0.0,0.0,3.0,2.0,1.0,4.0,3.0,15.0,28
510645,2013,0.0,0.0,0.0,0.0,0.0,0.0,0.0,0.0,0.0,0.0,11.0,25
510645,2014,1.0,0.0,0.0,0.0,0.0,6.0,2.0,2.0,3.0,0.0,14.0,30
510645,2015,1.0,0.0,2.0,1.0,0.0,7.0,2.0,1.0,2.0,3.0,19.0,44
510645,2016,2.0,0.0,0.0,0.0,0.0,14.0,2.0,0.0,5.0,1.0,26.0,51
510645,2017,2.0,0.0,2.0,0.0,0.0,14.0,7.0,1.0,1.0,1.0,28.0,41
510645,2018,1.0,1.0,0.0,0.0,0.0,11.0,9.0,0.0,7.0,0.0,29.0,40
510645,2019,1.0,0.0,0.0,0.0,1.0,9.0,3.0,0.0,5.0,4.0,23.0,48
510650,2012,15.0,0.0,4.0,1.0,2.0,58.0,6.0,6.0,43.0,34.0,172.0,389
510650,2013,0.0,0.0,0.0,0.0,0.0,0.0,0.0,0.0,0.0,0.0,227.0,495
510650,2014,12.0,3.0,9.0,2.0,1.0,87.0,23.0,24.0,43.0,31.0,245.0,526
510650,2015,18.0,0.0,6.0,1.0,1.0,91.0,22.0,28.0,36.0,33.0,250.0,499
510650,2016,20.0,1.0,3.0,2.0,3.0,78.0,19.0,23.0,33.0,31.0,233.0,446
510650,2017,18.0,0.0,4.0,4.0,1.0,86.0,23.0,17.0,41.0,24.0,223.0,462
510650,2018,21.0,0.0,6.0,4.0,2.0,72.0,18.0,5.0,27.0,15.0,202.0,471
510650,2019,14.0,0.0,8.0,0.0,0.0,71.0,21.0,7.0,31.0,15.0,264.0,496
510665,2012,7.0,1.0,2.0,1.0,2.0,20.0,2.0,5.0,3.0,8.0,58.0,80
510665,2013,0.0,0.0,0.0,0.0,0.0,0.0,0.0,0.0,0.0,0.0,55.0,69
510665,2014,4.0,0.0,0.0,0.0,1.0,14.0,2.0,3.0,7.0,11.0,47.0,69
510665,2015,4.0,0.0,0.0,0.0,1.0,27.0,3.0,7.0,10.0,12.0,66.0,90
510665,2016,7.0,0.0,0.0,0.0,1.0,22.0,1.0,1.0,8.0,8.0,49.0,70
510665,2017,1.0,0.0,2.0,0.0,2.0,27.0,0.0,7.0,4.0,10.0,60.0,84
510665,2018,1.0,0.0,0.0,0.0,0.0,37.0,4.0,4.0,2.0,13.0,63.0,83
510665,2019,0.0,0.0,2.0,0.0,1.0,31.0,3.0,11.0,3.0,15.0,66.0,87
510670,2012,1.0,0.0,0.0,0.0,0.0,4.0,0.0,0.0,2.0,2.0,9.0,14
510670,2013,0.0,0.0,0.0,0.0,0.0,0.0,0.0,0.0,0.0,0.0,17.0,20
510670,2014,1.0,0.0,0.0,1.0,0.0,6.0,0.0,0.0,0.0,0.0,10.0,18
510670,2015,0.0,1.0,0.0,0.0,0.0,2.0,0.0,0.0,0.0,2.0,6.0,8
510670,2016,0.0,0.0,0.0,0.0,0.0,3.0,1.0,0.0,2.0,2.0,10.0,14
510670,2017,0.0,0.0,0.0,0.0,0.0,9.0,0.0,0.0,0.0,2.0,11.0,18
510670,2018,0.0,0.0,0.0,1.0,0.0,3.0,0.0,2.0,1.0,4.0,11.0,19
510670,2019,0.0,0.0,2.0,0.0,0.0,3.0,0.0,0.0,0.0,1.0,6.0,16
510675,2012,63.0,4.0,8.0,17.0,8.0,145.0,53.0,34.0,112.0,73.0,529.0,794
510675,2013,0.0,0.0,0.0,0.0,0.0,0.0,0.0,0.0,0.0,0.0,511.0,765
510675,2014,65.0,1.0,16.0,4.0,6.0,185.0,50.0,33.0,126.0,94.0,587.0,835
510675,2015,49.0,14.0,7.0,19.0,9.0,187.0,46.0,35.0,115.0,76.0,571.0,826
510675,2016,49.0,3.0,16.0,11.0,7.0,178.0,35.0,44.0,52.0,94.0,499.0,744
510675,2017,50.0,2.0,7.0,3.0,8.0,220.0,48.0,52.0,118.0,87.0,609.0,845
510675,2018,52.0,3.0,16.0,8.0,8.0,249.0,52.0,48.0,76.0,106.0,624.0,862
510675,2019,43.0,2.0,21.0,16.0,11.0,267.0,49.0,30.0,113.0,69.0,626.0,840
510677,2012,3.0,0.0,2.0,8.0,1.0,16.0,2.0,5.0,5.0,17.0,61.0,134
510677,2013,0.0,0.0,0.0,0.0,0.0,0.0,0.0,0.0,0.0,0.0,48.0,133
510677,2014,3.0,0.0,2.0,1.0,1.0,14.0,4.0,7.0,3.0,8.0,54.0,122
510677,2015,3.0,1.0,0.0,0.0,1.0,29.0,1.0,9.0,5.0,14.0,63.0,163
510677,2016,3.0,0.0,4.0,0.0,1.0,22.0,4.0,8.0,4.0,28.0,77.0,153
510677,2017,2.0,0.0,2.0,1.0,1.0,21.0,0.0,4.0,1.0,14.0,46.0,116
510677,2018,5.0,0.0,0.0,4.0,0.0,30.0,5.0,21.0,2.0,27.0,95.0,153
510677,2019,5.0,0.0,0.0,1.0,1.0,34.0,2.0,18.0,2.0,20.0,84.0,152
510680,2012,1.0,0.0,2.0,1.0,2.0,23.0,1.0,1.0,7.0,6.0,44.0,78
510680,2013,0.0,0.0,0.0,0.0,0.0,0.0,0.0,0.0,0.0,0.0,42.0,86
510680,2014,2.0,0.0,0.0,1.0,0.0,21.0,5.0,9.0,7.0,17.0,62.0,89
510680,2015,7.0,0.0,0.0,0.0,0.0,21.0,5.0,1.0,17.0,4.0,55.0,89
510680,2016,4.0,0.0,1.0,0.0,0.0,19.0,3.0,4.0,3.0,9.0,44.0,74
510680,2017,10.0,0.0,0.0,1.0,0.0,12.0,4.0,6.0,5.0,12.0,50.0,75
510680,2018,3.0,0.0,3.0,0.0,1.0,14.0,4.0,4.0,3.0,9.0,57.0,76
510680,2019,5.0,1.0,0.0,1.0,0.0,10.0,1.0,0.0,1.0,8.0,49.0,78
510682,2012,11.0,0.0,0.0,0.0,1.0,31.0,0.0,19.0,8.0,31.0,104.0,156
510682,2013,0.0,0.0,0.0,0.0,0.0,0.0,0.0,0.0,0.0,0.0,141.0,186
510682,2014,8.0,0.0,5.0,2.0,0.0,41.0,4.0,24.0,3.0,41.0,128.0,180
510682,2015,7.0,1.0,0.0,0.0,1.0,47.0,5.0,24.0,13.0,38.0,136.0,169
510682,2016,7.0,0.0,2.0,0.0,0.0,64.0,2.0,19.0,6.0,30.0,130.0,167
510682,2017,11.0,0.0,5.0,1.0,3.0,53.0,5.0,22.0,10.0,41.0,153.0,200
510682,2018,17.0,0.0,2.0,1.0,0.0,46.0,12.0,6.0,9.0,26.0,119.0,151
510682,2019,12.0,0.0,0.0,6.0,1.0,58.0,1.0,9.0,8.0,23.0,118.0,169
510685,2012,1.0,0.0,0.0,0.0,0.0,3.0,1.0,2.0,3.0,4.0,14.0,39
510685,2013,0.0,0.0,0.0,0.0,0.0,0.0,0.0,0.0,0.0,0.0,30.0,47
510685,2014,0.0,0.0,2.0,1.0,0.0,5.0,4.0,4.0,4.0,5.0,25.0,34
510685,2015,3.0,0.0,0.0,0.0,0.0,9.0,2.0,3.0,1.0,5.0,23.0,40
510685,2016,2.0,0.0,0.0,0.0,0.0,10.0,1.0,5.0,1.0,4.0,23.0,36
510685,2017,1.0,0.0,0.0,0.0,0.0,14.0,0.0,2.0,2.0,0.0,19.0,34
510685,2018,1.0,0.0,2.0,0.0,0.0,7.0,2.0,0.0,4.0,4.0,20.0,45
510685,2019,2.0,0.0,2.0,0.0,0.0,9.0,0.0,3.0,0.0,6.0,22.0,39
510700,2012,6.0,0.0,3.0,6.0,5.0,36.0,9.0,4.0,13.0,13.0,95.0,234
510700,2013,0.0,0.0,0.0,0.0,0.0,0.0,0.0,0.0,0.0,0.0,129.0,246
510700,2014,13.0,0.0,2.0,10.0,3.0,37.0,18.0,11.0,29.0,23.0,154.0,252
510700,2015,18.0,1.0,2.0,7.0,7.0,38.0,24.0,11.0,38.0,9.0,163.0,260
510700,2016,13.0,0.0,3.0,6.0,7.0,53.0,23.0,7.0,21.0,11.0,149.0,226
510700,2017,7.0,0.0,4.0,10.0,6.0,47.0,21.0,12.0,14.0,9.0,133.0,245
510700,2018,20.0,0.0,5.0,7.0,1.0,42.0,19.0,7.0,31.0,12.0,145.0,223
510700,2019,23.0,0.0,2.0,1.0,2.0,51.0,23.0,23.0,20.0,24.0,173.0,263
510704,2012,86.0,3.0,24.0,34.0,30.0,192.0,41.0,28.0,129.0,91.0,665.0,1085
510704,2013,0.0,0.0,0.0,0.0,0.0,0.0,0.0,0.0,0.0,0.0,708.0,1106
510704,2014,105.0,1.0,31.0,25.0,24.0,248.0,56.0,64.0,131.0,174.0,884.0,1281
510704,2015,81.0,14.0,29.0,28.0,25.0,267.0,42.0,62.0,117.0,148.0,839.0,1300
510704,2016,87.0,5.0,29.0,25.0,20.0,281.0,71.0,48.0,155.0,106.0,833.0,1267
510704,2017,85.0,0.0,14.0,27.0,21.0,250.0,81.0,33.0,188.0,79.0,798.0,1302
510704,2018,127.0,1.0,31.0,43.0,21.0,318.0,54.0,66.0,141.0,114.0,954.0,1439
510704,2019,129.0,4.0,31.0,27.0,10.0,337.0,81.0,35.0,173.0,97.0,950.0,1420
510706,2012,20.0,0.0,6.0,1.0,0.0,65.0,36.0,3.0,52.0,11.0,196.0,269
510706,2013,0.0,0.0,0.0,0.0,0.0,0.0,0.0,0.0,0.0,0.0,199.0,294
510706,2014,6.0,0.0,2.0,7.0,3.0,71.0,22.0,24.0,33.0,41.0,212.0,341
510706,2015,10.0,4.0,8.0,5.0,1.0,83.0,21.0,13.0,32.0,36.0,218.0,372
510706,2016,16.0,1.0,3.0,3.0,9.0,76.0,15.0,10.0,34.0,28.0,200.0,364
510706,2017,12.0,0.0,4.0,5.0,0.0,107.0,10.0,17.0,22.0,36.0,218.0,363
510706,2018,17.0,2.0,10.0,3.0,3.0,93.0,13.0,21.0,35.0,50.0,253.0,436
510706,2019,17.0,0.0,2.0,8.0,3.0,111.0,16.0,29.0,40.0,63.0,306.0,492
510710,2012,14.0,0.0,3.0,1.0,0.0,75.0,1.0,27.0,9.0,84.0,217.0,242
510710,2013,0.0,0.0,0.0,0.0,0.0,0.0,0.0,0.0,0.0,0.0,227.0,252
510710,2014,7.0,0.0,6.0,1.0,2.0,82.0,5.0,41.0,14.0,70.0,228.0,262
510710,2015,12.0,0.0,2.0,3.0,0.0,110.0,4.0,28.0,20.0,84.0,263.0,282
510710,2016,5.0,0.0,4.0,2.0,1.0,91.0,2.0,13.0,17.0,64.0,199.0,210
510710,2017,13.0,1.0,2.0,0.0,0.0,112.0,7.0,22.0,11.0,78.0,246.0,265
510710,2018,11.0,1.0,2.0,1.0,4.0,114.0,0.0,32.0,18.0,75.0,258.0,277
510710,2019,10.0,0.0,0.0,6.0,1.0,95.0,5.0,22.0,10.0,60.0,209.0,233
510715,2012,1.0,0.0,0.0,0.0,0.0,12.0,8.0,0.0,10.0,1.0,33.0,40
510715,2013,0.0,0.0,0.0,0.0,0.0,0.0,0.0,0.0,0.0,0.0,21.0,25
510715,2014,1.0,0.0,0.0,0.0,0.0,14.0,3.0,0.0,13.0,1.0,32.0,35
510715,2015,3.0,0.0,2.0,0.0,0.0,11.0,2.0,1.0,14.0,1.0,34.0,37
510715,2016,0.0,0.0,0.0,0.0,0.0,4.0,3.0,1.0,6.0,0.0,14.0,17
510715,2017,1.0,0.0,0.0,0.0,2.0,12.0,2.0,2.0,3.0,1.0,23.0,31
510715,2018,5.0,0.0,2.0,0.0,0.0,17.0,1.0,4.0,0.0,4.0,33.0,36
510715,2019,3.0,0.0,2.0,0.0,0.0,5.0,0.0,2.0,0.0,4.0,16.0,23
510718,2012,9.0,2.0,2.0,3.0,1.0,25.0,4.0,5.0,22.0,15.0,88.0,155
510718,2013,0.0,0.0,0.0,0.0,0.0,0.0,0.0,0.0,0.0,0.0,83.0,163
510718,2014,10.0,0.0,0.0,3.0,2.0,24.0,11.0,4.0,15.0,14.0,87.0,188
510718,2015,4.0,0.0,0.0,5.0,1.0,25.0,4.0,5.0,15.0,15.0,83.0,192
510718,2016,1.0,0.0,5.0,2.0,0.0,28.0,5.0,4.0,20.0,9.0,82.0,154
510718,2017,6.0,0.0,2.0,3.0,0.0,34.0,18.0,5.0,16.0,8.0,97.0,177
510718,2018,4.0,0.0,0.0,2.0,3.0,35.0,14.0,5.0,21.0,9.0,96.0,165
510718,2019,8.0,0.0,0.0,0.0,1.0,48.0,16.0,11.0,16.0,13.0,117.0,175
510719,2012,1.0,1.0,0.0,2.0,0.0,7.0,0.0,2.0,1.0,3.0,19.0,30
510719,2013,0.0,0.0,0.0,0.0,0.0,0.0,0.0,0.0,0.0,0.0,28.0,43
510719,2014,1.0,0.0,2.0,2.0,0.0,13.0,0.0,0.0,1.0,0.0,21.0,25
510719,2015,2.0,0.0,0.0,0.0,0.0,19.0,0.0,1.0,2.0,1.0,26.0,36
510719,2016,1.0,0.0,0.0,1.0,0.0,9.0,0.0,3.0,1.0,5.0,20.0,28
510719,2017,0.0,0.0,2.0,0.0,0.0,15.0,1.0,1.0,0.0,5.0,25.0,35
510719,2018,0.0,1.0,0.0,0.0,0.0,20.0,1.0,1.0,1.0,1.0,27.0,33
510719,2019,3.0,0.0,2.0,1.0,0.0,9.0,0.0,2.0,1.0,4.0,22.0,33
510720,2012,6.0,0.0,2.0,1.0,2.0,8.0,2.0,7.0,9.0,6.0,45.0,76
510720,2013,0.0,0.0,0.0,0.0,0.0,0.0,0.0,0.0,0.0,0.0,43.0,67
510720,2014,4.0,0.0,2.0,0.0,0.0,7.0,0.0,17.0,4.0,12.0,46.0,68
510720,2015,4.0,0.0,0.0,0.0,2.0,21.0,2.0,9.0,7.0,21.0,67.0,89
510720,2016,1.0,1.0,0.0,2.0,0.0,7.0,6.0,3.0,6.0,7.0,37.0,55
510720,2017,1.0,0.0,2.0,0.0,1.0,15.0,3.0,6.0,7.0,19.0,54.0,83
510720,2018,7.0,0.0,0.0,3.0,3.0,22.0,5.0,4.0,7.0,12.0,64.0,88
510720,2019,5.0,0.0,0.0,3.0,2.0,28.0,4.0,2.0,7.0,15.0,66.0,86
510724,2012,7.0,0.0,0.0,1.0,0.0,11.0,4.0,1.0,7.0,2.0,33.0,53
510724,2013,0.0,0.0,0.0,0.0,0.0,0.0,0.0,0.0,0.0,0.0,28.0,49
510724,2014,5.0,0.0,0.0,0.0,2.0,9.0,7.0,1.0,8.0,1.0,34.0,60
510724,2015,3.0,0.0,4.0,2.0,1.0,14.0,3.0,3.0,6.0,3.0,39.0,63
510724,2016,3.0,0.0,0.0,0.0,0.0,12.0,2.0,1.0,5.0,2.0,26.0,59
510724,2017,2.0,0.0,0.0,1.0,1.0,20.0,1.0,8.0,6.0,9.0,48.0,82
510724,2018,3.0,0.0,0.0,2.0,0.0,24.0,5.0,6.0,5.0,6.0,51.0,91
510724,2019,4.0,0.0,0.0,0.0,1.0,25.0,5.0,3.0,11.0,3.0,52.0,83
510726,2012,2.0,0.0,0.0,0.0,0.0,4.0,1.0,3.0,0.0,2.0,14.0,26
510726,2013,0.0,0.0,0.0,0.0,0.0,0.0,0.0,0.0,0.0,0.0,26.0,41
510726,2014,0.0,0.0,2.0,1.0,0.0,1.0,2.0,2.0,2.0,2.0,14.0,28
510726,2015,2.0,0.0,0.0,0.0,0.0,4.0,1.0,3.0,0.0,1.0,14.0,18
510726,2016,2.0,0.0,0.0,0.0,0.0,7.0,1.0,0.0,3.0,2.0,15.0,27
510726,2017,1.0,0.0,0.0,0.0,0.0,7.0,1.0,1.0,2.0,5.0,17.0,28
510726,2018,3.0,0.0,2.0,1.0,0.0,10.0,2.0,0.0,2.0,4.0,24.0,36
510726,2019,1.0,0.0,0.0,1.0,0.0,10.0,0.0,1.0,1.0,3.0,17.0,26
510729,2012,1.0,0.0,0.0,5.0,5.0,1.0,0.0,0.0,3.0,0.0,16.0,21
510729,2013,0.0,0.0,0.0,0.0,0.0,0.0,0.0,0.0,0.0,0.0,15.0,27
510729,2014,0.0,0.0,0.0,9.0,2.0,0.0,1.0,0.0,0.0,0.0,12.0,15
510729,2015,0.0,0.0,0.0,8.0,2.0,2.0,1.0,0.0,1.0,0.0,14.0,24
510729,2016,0.0,0.0,0.0,7.0,4.0,0.0,0.0,0.0,1.0,0.0,12.0,28
510729,2017,0.0,0.0,0.0,4.0,8.0,0.0,0.0,0.0,0.0,0.0,12.0,20
510729,2018,0.0,0.0,0.0,5.0,2.0,4.0,1.0,2.0,0.0,0.0,14.0,26
510729,2019,1.0,0.0,0.0,0.0,0.0,5.0,2.0,0.0,0.0,1.0,9.0,20
510730,2012,4.0,0.0,4.0,2.0,4.0,37.0,4.0,10.0,8.0,35.0,117.0,233
510730,2013,0.0,0.0,0.0,0.0,0.0,0.0,0.0,0.0,0.0,0.0,156.0,280
510730,2014,6.0,0.0,4.0,10.0,3.0,73.0,6.0,17.0,8.0,49.0,178.0,292
510730,2015,7.0,0.0,4.0,8.0,3.0,55.0,7.0,17.0,8.0,45.0,156.0,291
510730,2016,5.0,0.0,2.0,4.0,2.0,62.0,4.0,16.0,14.0,44.0,153.0,273
510730,2017,11.0,0.0,2.0,2.0,6.0,68.0,11.0,20.0,9.0,43.0,172.0,273
510730,2018,15.0,0.0,2.0,6.0,6.0,57.0,10.0,8.0,16.0,26.0,148.0,258
510730,2019,8.0,0.0,4.0,4.0,2.0,80.0,4.0,14.0,7.0,25.0,151.0,303
510735,2012,3.0,0.0,0.0,0.0,0.0,17.0,2.0,3.0,1.0,9.0,36.0,74
510735,2013,0.0,0.0,0.0,0.0,0.0,0.0,0.0,0.0,0.0,0.0,33.0,73
510735,2014,3.0,1.0,0.0,2.0,2.0,15.0,2.0,2.0,3.0,15.0,49.0,96
510735,2015,1.0,1.0,0.0,0.0,2.0,23.0,4.0,7.0,1.0,12.0,53.0,101
510735,2016,2.0,0.0,0.0,0.0,1.0,12.0,0.0,5.0,1.0,12.0,55.0,108
510735,2017,2.0,0.0,0.0,1.0,2.0,12.0,2.0,11.0,0.0,10.0,41.0,77
510735,2018,6.0,0.0,0.0,3.0,0.0,23.0,2.0,13.0,3.0,12.0,62.0,109
510735,2019,3.0,0.0,1.0,1.0,0.0,15.0,2.0,5.0,2.0,14.0,43.0,92
510740,2012,3.0,0.0,0.0,2.0,1.0,21.0,7.0,0.0,11.0,3.0,48.0,70
510740,2013,0.0,0.0,0.0,0.0,0.0,0.0,0.0,0.0,0.0,0.0,34.0,58
510740,2014,0.0,0.0,0.0,1.0,0.0,28.0,5.0,0.0,15.0,5.0,54.0,75
510740,2015,0.0,0.0,2.0,2.0,0.0,23.0,7.0,0.0,16.0,0.0,50.0,81
510740,2016,0.0,0.0,2.0,2.0,0.0,15.0,10.0,2.0,6.0,4.0,41.0,59
510740,2017,1.0,0.0,2.0,7.0,1.0,20.0,4.0,2.0,13.0,3.0,54.0,73
510740,2018,1.0,0.0,0.0,1.0,1.0,27.0,4.0,1.0,9.0,4.0,48.0,73
510740,2019,4.0,0.0,0.0,1.0,0.0,21.0,10.0,3.0,8.0,3.0,52.0,71
510757,2012,1.0,0.0,0.0,0.0,0.0,7.0,2.0,2.0,3.0,5.0,21.0,37
510757,2013,0.0,0.0,0.0,0.0,0.0,0.0,0.0,0.0,0.0,0.0,19.0,35
510757,2014,1.0,0.0,0.0,0.0,0.0,13.0,0.0,2.0,1.0,1.0,20.0,35
510757,2015,0.0,0.0,0.0,1.0,0.0,7.0,0.0,1.0,1.0,7.0,17.0,29
510757,2016,1.0,0.0,5.0,1.0,1.0,10.0,2.0,3.0,1.0,6.0,31.0,49
510757,2017,1.0,0.0,0.0,0.0,1.0,9.0,0.0,1.0,1.0,2.0,17.0,33
510757,2018,2.0,0.0,0.0,0.0,1.0,6.0,0.0,3.0,2.0,4.0,18.0,24
510757,2019,2.0,1.0,0.0,0.0,0.0,9.0,3.0,0.0,2.0,4.0,21.0,25
510760,2012,6.0,0.0,55.0,992.0,842.0,148.0,36.0,1.0,126.0,6.0,2293.0,3667
510760,2013,0.0,0.0,0.0,0.0,0.0,0.0,0.0,0.0,0.0,0.0,2316.0,3699
510760,2014,14.0,1.0,88.0,1204.0,796.0,140.0,56.0,3.0,145.0,5.0,2457.0,4037
510760,2015,12.0,0.0,86.0,1245.0,745.0,177.0,43.0,5.0,110.0,12.0,2435.0,4022
510760,2016,9.0,0.0,54.0,1203.0,689.0,104.0,25.0,6.0,59.0,24.0,2175.0,3709
510760,2017,6.0,0.0,61.0,1195.0,670.0,137.0,20.0,22.0,54.0,39.0,2210.0,3964
510760,2018,81.0,3.0,89.0,558.0,309.0,612.0,96.0,45.0,275.0,101.0,2173.0,4069
510760,2019,116.0,4.0,93.0,104.0,58.0,894.0,177.0,38.0,425.0,136.0,2046.0,4026
510770,2012,11.0,0.0,0.0,1.0,2.0,26.0,2.0,5.0,11.0,19.0,82.0,157
510770,2013,0.0,0.0,0.0,0.0,0.0,0.0,0.0,0.0,0.0,0.0,116.0,188
510770,2014,12.0,0.0,6.0,3.0,0.0,28.0,7.0,16.0,15.0,25.0,119.0,189
510770,2015,16.0,0.0,1.0,1.0,0.0,29.0,7.0,19.0,11.0,19.0,111.0,186
510770,2016,10.0,1.0,0.0,0.0,1.0,38.0,4.0,9.0,7.0,18.0,98.0,167
510770,2017,9.0,1.0,4.0,1.0,0.0,33.0,5.0,10.0,11.0,15.0,90.0,184
510770,2018,9.0,0.0,2.0,2.0,1.0,33.0,9.0,5.0,17.0,2.0,82.0,163
510770,2019,11.0,1.0,2.0,1.0,1.0,44.0,9.0,14.0,16.0,8.0,107.0,197
510774,2012,0.0,0.0,2.0,0.0,0.0,2.0,0.0,0.0,0.0,3.0,8.0,23
510774,2013,0.0,0.0,0.0,0.0,0.0,0.0,0.0,0.0,0.0,0.0,11.0,28
510774,2014,0.0,0.0,0.0,1.0,0.0,3.0,0.0,2.0,0.0,1.0,10.0,23
510774,2015,1.0,0.0,0.0,0.0,0.0,4.0,0.0,2.0,1.0,3.0,12.0,29
510774,2016,0.0,0.0,0.0,0.0,0.0,5.0,0.0,3.0,0.0,4.0,13.0,27
510774,2017,0.0,0.0,0.0,1.0,1.0,7.0,0.0,4.0,0.0,2.0,15.0,22
510774,2018,1.0,0.0,0.0,1.0,1.0,9.0,1.0,5.0,1.0,6.0,25.0,36
510774,2019,1.0,0.0,0.0,0.0,0.0,9.0,0.0,3.0,2.0,7.0,22.0,37
510775,2012,6.0,0.0,2.0,0.0,1.0,7.0,0.0,0.0,3.0,4.0,24.0,36
510775,2013,0.0,0.0,0.0,0.0,0.0,0.0,0.0,0.0,0.0,0.0,30.0,41
510775,2014,3.0,0.0,0.0,0.0,0.0,12.0,3.0,4.0,2.0,6.0,30.0,54
510775,2015,2.0,0.0,0.0,1.0,0.0,13.0,3.0,3.0,3.0,12.0,37.0,57
510775,2016,4.0,0.0,0.0,1.0,1.0,4.0,3.0,5.0,2.0,4.0,25.0,55
510775,2017,1.0,0.0,0.0,0.0,0.0,10.0,2.0,6.0,6.0,6.0,31.0,42
510775,2018,2.0,0.0,0.0,0.0,1.0,11.0,1.0,6.0,1.0,12.0,34.0,54
510775,2019,3.0,0.0,0.0,0.0,1.0,20.0,3.0,4.0,3.0,6.0,40.0,58
510776,2012,4.0,0.0,0.0,0.0,2.0,6.0,2.0,2.0,6.0,8.0,30.0,45
510776,2013,0.0,0.0,0.0,0.0,0.0,0.0,0.0,0.0,0.0,0.0,12.0,32
510776,2014,2.0,0.0,0.0,0.0,0.0,14.0,0.0,3.0,4.0,4.0,27.0,38
510776,2015,1.0,0.0,2.0,0.0,2.0,9.0,5.0,0.0,8.0,0.0,27.0,51
510776,2016,4.0,0.0,2.0,4.0,0.0,11.0,1.0,1.0,1.0,2.0,26.0,48
510776,2017,4.0,0.0,0.0,2.0,0.0,13.0,4.0,1.0,2.0,5.0,31.0,52
510776,2018,2.0,0.0,2.0,1.0,0.0,10.0,6.0,0.0,5.0,3.0,29.0,44
510776,2019,3.0,0.0,0.0,1.0,0.0,14.0,2.0,2.0,6.0,1.0,29.0,43
510777,2012,6.0,0.0,0.0,0.0,0.0,11.0,9.0,2.0,18.0,4.0,55.0,100
510777,2013,0.0,0.0,0.0,0.0,0.0,0.0,0.0,0.0,0.0,0.0,67.0,111
510777,2014,6.0,0.0,0.0,1.0,1.0,16.0,0.0,12.0,0.0,16.0,53.0,120
510777,2015,3.0,11.0,0.0,0.0,0.0,17.0,1.0,3.0,2.0,10.0,53.0,110
510777,2016,4.0,0.0,0.0,1.0,0.0,21.0,0.0,6.0,1.0,14.0,49.0,128
510777,2017,6.0,0.0,0.0,1.0,3.0,18.0,3.0,1.0,5.0,15.0,52.0,104
510777,2018,0.0,0.0,2.0,1.0,0.0,21.0,0.0,7.0,0.0,9.0,41.0,90
510777,2019,7.0,0.0,0.0,1.0,0.0,18.0,4.0,10.0,2.0,9.0,51.0,111
510779,2012,2.0,0.0,2.0,1.0,0.0,13.0,1.0,0.0,4.0,0.0,23.0,45
510779,2013,0.0,0.0,0.0,0.0,0.0,0.0,0.0,0.0,0.0,0.0,18.0,34
510779,2014,1.0,0.0,0.0,1.0,0.0,9.0,2.0,3.0,3.0,6.0,25.0,53
510779,2015,0.0,0.0,0.0,2.0,0.0,13.0,4.0,3.0,5.0,6.0,35.0,58
510779,2016,3.0,0.0,0.0,3.0,0.0,7.0,3.0,1.0,3.0,2.0,23.0,44
510779,2017,2.0,0.0,2.0,1.0,0.0,9.0,4.0,2.0,4.0,1.0,25.0,56
510779,2018,6.0,0.0,2.0,0.0,1.0,11.0,3.0,4.0,0.0,4.0,33.0,57
510779,2019,1.0,0.0,0.0,1.0,0.0,10.0,2.0,3.0,7.0,2.0,29.0,66
510780,2012,6.0,0.0,0.0,3.0,3.0,37.0,7.0,1.0,14.0,17.0,92.0,213
510780,2013,0.0,0.0,0.0,0.0,0.0,0.0,0.0,0.0,0.0,0.0,97.0,202
510780,2014,7.0,0.0,0.0,6.0,3.0,38.0,10.0,8.0,25.0,8.0,107.0,231
510780,2015,10.0,0.0,2.0,4.0,1.0,52.0,8.0,5.0,29.0,8.0,119.0,236
510780,2016,8.0,0.0,2.0,3.0,3.0,39.0,14.0,4.0,21.0,7.0,103.0,220
510780,2017,9.0,0.0,4.0,3.0,0.0,52.0,17.0,4.0,26.0,11.0,127.0,246
510780,2018,6.0,0.0,10.0,2.0,2.0,43.0,14.0,2.0,22.0,9.0,110.0,244
510780,2019,13.0,0.0,2.0,0.0,1.0,44.0,13.0,3.0,17.0,13.0,106.0,225
510785,2012,6.0,0.0,0.0,2.0,1.0,14.0,0.0,0.0,4.0,13.0,41.0,128
510785,2013,0.0,0.0,0.0,0.0,0.0,0.0,0.0,0.0,0.0,0.0,45.0,122
510785,2014,0.0,2.0,2.0,3.0,0.0,9.0,1.0,10.0,1.0,12.0,48.0,109
510785,2015,5.0,0.0,2.0,0.0,2.0,14.0,1.0,12.0,2.0,10.0,52.0,119
510785,2016,1.0,0.0,1.0,1.0,2.0,12.0,3.0,8.0,2.0,22.0,52.0,122
510785,2017,4.0,0.0,2.0,0.0,2.0,20.0,2.0,12.0,5.0,19.0,67.0,130
510785,2018,4.0,1.0,2.0,2.0,2.0,17.0,3.0,12.0,3.0,17.0,66.0,140
510785,2019,6.0,0.0,0.0,0.0,1.0,23.0,3.0,5.0,1.0,17.0,56.0,105
510787,2012,39.0,0.0,7.0,1.0,3.0,88.0,23.0,7.0,71.0,32.0,285.0,394
510787,2013,0.0,0.0,0.0,0.0,0.0,0.0,0.0,0.0,0.0,0.0,266.0,365
510787,2014,37.0,0.0,9.0,7.0,5.0,107.0,46.0,13.0,80.0,23.0,330.0,441
510787,2015,31.0,0.0,4.0,2.0,3.0,119.0,45.0,7.0,89.0,20.0,320.0,464
510787,2016,33.0,4.0,11.0,6.0,0.0,137.0,30.0,14.0,63.0,35.0,335.0,460
510787,2017,36.0,0.0,12.0,4.0,3.0,127.0,14.0,27.0,45.0,57.0,326.0,532
510787,2018,45.0,1.0,8.0,3.0,1.0,161.0,18.0,57.0,29.0,84.0,411.0,580
510787,2019,51.0,0.0,13.0,3.0,1.0,165.0,11.0,71.0,16.0,95.0,427.0,563
510788,2012,1.0,0.0,0.0,3.0,0.0,1.0,0.0,0.0,1.0,1.0,7.0,15
510788,2013,0.0,0.0,0.0,0.0,0.0,0.0,0.0,0.0,0.0,0.0,6.0,14
510788,2014,0.0,0.0,0.0,1.0,0.0,3.0,2.0,1.0,2.0,1.0,11.0,20
510788,2015,2.0,0.0,0.0,0.0,0.0,9.0,1.0,2.0,3.0,1.0,19.0,22
510788,2016,1.0,0.0,0.0,0.0,0.0,5.0,3.0,2.0,0.0,1.0,12.0,17
510788,2017,1.0,0.0,0.0,2.0,0.0,6.0,2.0,3.0,2.0,5.0,21.0,26
510788,2018,0.0,0.0,0.0,1.0,1.0,4.0,1.0,1.0,0.0,2.0,11.0,18
510788,2019,0.0,0.0,0.0,0.0,0.0,4.0,0.0,1.0,2.0,6.0,14.0,20
510790,2012,146.0,0.0,35.0,12.0,7.0,421.0,61.0,61.0,279.0,197.0,1220.0,2231
510790,2013,0.0,0.0,0.0,0.0,0.0,0.0,0.0,0.0,0.0,0.0,1346.0,2467
510790,2014,204.0,6.0,43.0,16.0,19.0,502.0,125.0,89.0,288.0,207.0,1515.0,2752
510790,2015,177.0,11.0,67.0,37.0,25.0,535.0,93.0,102.0,296.0,193.0,1565.0,2715
510790,2016,158.0,5.0,42.0,26.0,18.0,545.0,147.0,99.0,354.0,180.0,1576.0,2668
510790,2017,135.0,3.0,62.0,30.0,21.0,703.0,129.0,163.0,235.0,322.0,1803.0,2959
510790,2018,147.0,2.0,68.0,33.0,19.0,752.0,147.0,135.0,290.0,309.0,1902.0,3046
510790,2019,191.0,0.0,84.0,15.0,9.0,749.0,187.0,95.0,437.0,168.0,1937.0,3169
510792,2012,77.0,9.0,17.0,18.0,10.0,246.0,63.0,20.0,250.0,64.0,776.0,1365
510792,2013,0.0,0.0,0.0,0.0,0.0,0.0,0.0,0.0,0.0,0.0,846.0,1542
510792,2014,117.0,3.0,32.0,14.0,17.0,317.0,128.0,22.0,274.0,54.0,981.0,1709
510792,2015,100.0,0.0,32.0,15.0,26.0,333.0,72.0,54.0,204.0,85.0,921.0,1690
510792,2016,78.0,1.0,20.0,17.0,16.0,325.0,71.0,32.0,213.0,48.0,822.0,1663
510792,2017,118.0,2.0,42.0,24.0,11.0,385.0,97.0,65.0,209.0,51.0,1004.0,1725
510792,2018,142.0,1.0,32.0,10.0,9.0,406.0,148.0,47.0,278.0,48.0,1122.0,1899
510792,2019,164.0,0.0,58.0,16.0,11.0,463.0,136.0,19.0,262.0,45.0,1175.0,2019
510794,2012,3.0,0.0,4.0,4.0,2.0,31.0,4.0,1.0,16.0,10.0,78.0,123
510794,2013,0.0,0.0,0.0,0.0,0.0,0.0,0.0,0.0,0.0,0.0,89.0,128
510794,2014,16.0,0.0,0.0,1.0,3.0,38.0,11.0,8.0,29.0,9.0,115.0,141
510794,2015,10.0,1.0,4.0,0.0,0.0,48.0,16.0,5.0,17.0,7.0,108.0,141
510794,2016,2.0,0.0,4.0,2.0,0.0,28.0,11.0,2.0,12.0,13.0,74.0,105
510794,2017,6.0,0.0,2.0,3.0,0.0,32.0,5.0,14.0,10.0,22.0,94.0,138
510794,2018,5.0,1.0,0.0,1.0,0.0,37.0,4.0,10.0,1.0,17.0,76.0,112
510794,2019,2.0,0.0,0.0,0.0,1.0,50.0,8.0,14.0,11.0,19.0,105.0,143
510795,2012,114.0,0.0,23.0,7.0,6.0,298.0,5.0,10.0,109.0,244.0,888.0,1371
510795,2013,0.0,0.0,0.0,0.0,0.0,0.0,0.0,0.0,0.0,0.0,968.0,1434
510795,2014,140.0,2.0,29.0,16.0,15.0,323.0,59.0,92.0,135.0,257.0,1077.0,1501
510795,2015,135.0,6.0,46.0,5.0,10.0,368.0,50.0,113.0,126.0,275.0,1136.0,1579
510795,2016,137.0,3.0,17.0,17.0,12.0,395.0,45.0,129.0,131.0,276.0,1163.0,1453
510795,2017,77.0,9.0,28.0,24.0,14.0,432.0,49.0,146.0,162.0,325.0,1266.0,1582
510795,2018,97.0,4.0,30.0,30.0,21.0,513.0,56.0,147.0,149.0,330.0,1378.0,1634
510795,2019,103.0,3.0,19.0,26.0,31.0,559.0,45.0,177.0,158.0,357.0,1478.0,1742
510800,2012,9.0,1.0,4.0,4.0,2.0,42.0,7.0,1.0,29.0,12.0,115.0,191
510800,2013,0.0,0.0,0.0,0.0,0.0,0.0,0.0,0.0,0.0,0.0,112.0,190
510800,2014,14.0,2.0,0.0,5.0,2.0,38.0,13.0,3.0,22.0,11.0,110.0,198
510800,2015,7.0,1.0,4.0,4.0,3.0,35.0,17.0,18.0,28.0,17.0,134.0,217
510800,2016,6.0,0.0,2.0,3.0,4.0,60.0,18.0,11.0,26.0,10.0,140.0,227
510800,2017,19.0,0.0,2.0,0.0,3.0,51.0,17.0,13.0,24.0,27.0,156.0,217
510800,2018,9.0,1.0,6.0,2.0,0.0,52.0,13.0,9.0,30.0,10.0,132.0,217
510800,2019,10.0,0.0,0.0,2.0,1.0,50.0,19.0,5.0,35.0,9.0,131.0,227
510805,2012,16.0,1.0,4.0,6.0,3.0,20.0,7.0,3.0,12.0,10.0,85.0,143
510805,2013,0.0,0.0,0.0,0.0,0.0,0.0,0.0,0.0,0.0,0.0,75.0,137
510805,2014,4.0,0.0,4.0,3.0,2.0,24.0,14.0,2.0,22.0,10.0,88.0,143
510805,2015,8.0,0.0,3.0,6.0,2.0,26.0,7.0,6.0,13.0,15.0,88.0,135
510805,2016,12.0,0.0,3.0,4.0,1.0,26.0,5.0,15.0,17.0,19.0,102.0,143
510805,2017,12.0,0.0,2.0,3.0,0.0,28.0,12.0,9.0,18.0,18.0,103.0,152
510805,2018,9.0,0.0,2.0,3.0,3.0,40.0,12.0,10.0,20.0,18.0,121.0,159
510805,2019,20.0,0.0,10.0,4.0,0.0,61.0,9.0,15.0,25.0,11.0,156.0,199
510810,2012,0.0,0.0,0.0,3.0,1.0,3.0,0.0,2.0,0.0,2.0,11.0,15
510810,2013,0.0,0.0,0.0,0.0,0.0,0.0,0.0,0.0,0.0,0.0,12.0,29
510810,2014,0.0,0.0,0.0,6.0,5.0,1.0,0.0,0.0,0.0,1.0,13.0,25
510810,2015,1.0,0.0,0.0,0.0,3.0,4.0,1.0,1.0,1.0,0.0,11.0,26
510810,2016,0.0,0.0,0.0,4.0,1.0,1.0,0.0,0.0,0.0,1.0,7.0,13
510810,2017,0.0,0.0,0.0,10.0,4.0,4.0,0.0,0.0,0.0,0.0,18.0,48
510810,2018,0.0,0.0,0.0,2.0,1.0,7.0,0.0,0.0,1.0,0.0,11.0,22
510810,2019,0.0,0.0,2.0,0.0,0.0,0.0,2.0,0.0,0.0,0.0,5.0,19
510820,2012,3.0,0.0,1.0,0.0,0.0,10.0,3.0,0.0,5.0,5.0,27.0,37
510820,2013,0.0,0.0,0.0,0.0,0.0,0.0,0.0,0.0,0.0,0.0,22.0,32
510820,2014,3.0,1.0,2.0,1.0,0.0,12.0,0.0,4.0,1.0,7.0,35.0,42
510820,2015,4.0,0.0,4.0,3.0,0.0,13.0,0.0,2.0,1.0,11.0,38.0,43
510820,2016,1.0,1.0,0.0,2.0,0.0,12.0,3.0,5.0,0.0,12.0,36.0,48
510820,2017,0.0,1.0,0.0,0.0,0.0,15.0,0.0,4.0,1.0,6.0,27.0,40
510820,2018,2.0,0.0,2.0,0.0,0.0,20.0,0.0,3.0,1.0,8.0,36.0,45
510820,2019,2.0,0.0,2.0,1.0,1.0,15.0,1.0,4.0,1.0,6.0,33.0,41
510830,2012,6.0,0.0,0.0,0.0,1.0,10.0,4.0,0.0,7.0,4.0,32.0,61
510830,2013,0.0,0.0,0.0,0.0,0.0,0.0,0.0,0.0,0.0,0.0,21.0,44
510830,2014,6.0,0.0,0.0,0.0,2.0,9.0,2.0,1.0,7.0,3.0,30.0,63
510830,2015,2.0,0.0,0.0,0.0,0.0,11.0,3.0,2.0,3.0,2.0,23.0,56
510830,2016,3.0,0.0,0.0,1.0,0.0,10.0,3.0,1.0,8.0,4.0,31.0,58
510830,2017,2.0,0.0,0.0,0.0,0.0,9.0,3.0,2.0,3.0,3.0,22.0,45
510830,2018,3.0,0.0,2.0,1.0,0.0,11.0,3.0,2.0,4.0,2.0,28.0,49
510830,2019,8.0,1.0,2.0,0.0,0.0,11.0,5.0,2.0,2.0,1.0,32.0,49
510835,2012,4.0,0.0,0.0,0.0,1.0,8.0,0.0,2.0,3.0,5.0,24.0,35
510835,2013,0.0,0.0,0.0,0.0,0.0,0.0,0.0,0.0,0.0,0.0,34.0,49
510835,2014,3.0,0.0,0.0,1.0,1.0,7.0,3.0,3.0,7.0,3.0,28.0,34
510835,2015,3.0,1.0,0.0,0.0,1.0,5.0,1.0,2.0,7.0,5.0,25.0,36
510835,2016,2.0,0.0,0.0,0.0,1.0,13.0,5.0,1.0,4.0,1.0,27.0,36
510835,2017,3.0,0.0,0.0,0.0,0.0,8.0,4.0,0.0,8.0,2.0,26.0,34
510835,2018,1.0,0.0,4.0,0.0,1.0,13.0,1.0,1.0,5.0,3.0,29.0,38
510835,2019,1.0,0.0,0.0,1.0,1.0,15.0,4.0,4.0,12.0,5.0,43.0,51
510840,2012,259.0,12.0,89.0,39.0,37.0,1070.0,115.0,94.0,664.0,402.0,2892.0,4886
510840,2013,0.0,0.0,0.0,0.0,0.0,0.0,0.0,0.0,0.0,0.0,2930.0,4981
510840,2014,213.0,6.0,96.0,46.0,30.0,1163.0,279.0,119.0,612.0,303.0,2973.0,5240
510840,2015,211.0,14.0,78.0,59.0,25.0,1087.0,248.0,109.0,611.0,263.0,2760.0,5013
510840,2016,230.0,7.0,82.0,25.0,22.0,1004.0,229.0,108.0,544.0,202.0,2545.0,4470
510840,2017,248.0,4.0,81.0,39.0,28.0,1071.0,287.0,118.0,595.0,203.0,2766.0,4891
510840,2018,217.0,6.0,99.0,42.0,28.0,1102.0,268.0,101.0,548.0,207.0,2748.0,4923
510840,2019,219.0,2.0,72.0,33.0,17.0,1143.0,263.0,157.0,527.0,239.0,2718.0,5051
510850,2012,9.0,1.0,3.0,1.0,3.0,23.0,9.0,1.0,14.0,2.0,66.0,138
510850,2013,0.0,0.0,0.0,0.0,0.0,0.0,0.0,0.0,0.0,0.0,75.0,146
510850,2014,9.0,0.0,4.0,1.0,1.0,21.0,10.0,5.0,22.0,7.0,80.0,154
510850,2015,2.0,0.0,0.0,2.0,2.0,29.0,6.0,9.0,11.0,5.0,66.0,139
510850,2016,10.0,0.0,0.0,3.0,1.0,10.0,7.0,4.0,16.0,5.0,56.0,130
510850,2017,7.0,0.0,4.0,2.0,1.0,35.0,9.0,4.0,11.0,3.0,76.0,151
510850,2018,7.0,0.0,0.0,3.0,0.0,39.0,12.0,3.0,10.0,9.0,83.0,167
510850,2019,8.0,0.0,4.0,3.0,1.0,29.0,7.0,1.0,21.0,3.0,77.0,153
510860,2012,8.0,0.0,0.0,2.0,1.0,46.0,2.0,6.0,18.0,14.0,107.0,301
510860,2013,0.0,0.0,0.0,0.0,0.0,0.0,0.0,0.0,0.0,0.0,99.0,297
510860,2014,5.0,0.0,0.0,4.0,0.0,25.0,8.0,9.0,10.0,9.0,73.0,268
510860,2015,5.0,0.0,2.0,3.0,1.0,31.0,5.0,6.0,11.0,10.0,75.0,279
510860,2016,15.0,0.0,8.0,3.0,0.0,54.0,5.0,18.0,7.0,27.0,142.0,270
510860,2017,12.0,0.0,4.0,2.0,0.0,100.0,2.0,16.0,5.0,20.0,166.0,287
510860,2018,10.0,1.0,3.0,5.0,3.0,61.0,10.0,18.0,23.0,23.0,171.0,320
510860,2019,15.0,2.0,6.0,1.0,2.0,54.0,15.0,23.0,16.0,37.0,175.0,303
510880,2012,8.0,0.0,2.0,4.0,1.0,15.0,2.0,0.0,9.0,2.0,43.0,56
510880,2013,0.0,0.0,0.0,0.0,0.0,0.0,0.0,0.0,0.0,0.0,51.0,70
510880,2014,5.0,0.0,0.0,4.0,16.0,13.0,3.0,2.0,8.0,1.0,52.0,68
510880,2015,2.0,1.0,3.0,10.0,10.0,7.0,2.0,2.0,1.0,7.0,45.0,57
510880,2016,4.0,0.0,0.0,2.0,4.0,22.0,2.0,5.0,1.0,9.0,52.0,68
510880,2017,3.0,0.0,2.0,1.0,0.0,14.0,0.0,8.0,5.0,14.0,48.0,65
510880,2018,2.0,0.0,2.0,4.0,2.0,15.0,2.0,11.0,4.0,9.0,52.0,64
510880,2019,1.0,1.0,0.0,4.0,0.0,25.0,10.0,2.0,9.0,7.0,60.0,72
510885,2012,4.0,0.0,0.0,1.0,0.0,12.0,1.0,0.0,6.0,1.0,34.0,49
510885,2013,0.0,0.0,0.0,0.0,0.0,0.0,0.0,0.0,0.0,0.0,26.0,50
510885,2014,3.0,1.0,0.0,0.0,0.0,8.0,3.0,0.0,6.0,6.0,33.0,54
510885,2015,1.0,0.0,2.0,1.0,0.0,8.0,0.0,1.0,5.0,4.0,27.0,45
510885,2016,2.0,0.0,2.0,0.0,0.0,14.0,7.0,1.0,5.0,3.0,34.0,58
510885,2017,2.0,0.0,2.0,0.0,0.0,15.0,4.0,4.0,6.0,2.0,35.0,50
510885,2018,1.0,0.0,0.0,0.0,1.0,10.0,3.0,1.0,6.0,7.0,29.0,57
510885,2019,1.0,0.0,0.0,0.0,0.0,17.0,3.0,0.0,5.0,2.0,28.0,45
510890,2012,2.0,0.0,2.0,1.0,0.0,14.0,0.0,0.0,4.0,14.0,38.0,82
510890,2013,0.0,0.0,0.0,0.0,0.0,0.0,0.0,0.0,0.0,0.0,61.0,102
510890,2014,2.0,0.0,0.0,1.0,2.0,20.0,3.0,15.0,4.0,15.0,62.0,102
510890,2015,1.0,0.0,0.0,6.0,1.0,32.0,2.0,5.0,0.0,10.0,57.0,92
510890,2016,4.0,0.0,3.0,1.0,1.0,21.0,0.0,8.0,5.0,21.0,64.0,83
510890,2017,0.0,0.0,0.0,0.0,0.0,16.0,7.0,9.0,6.0,12.0,50.0,83
510890,2018,5.0,1.0,0.0,1.0,0.0,21.0,8.0,4.0,8.0,0.0,48.0,80
510890,2019,3.0,0.0,0.0,1.0,0.0,23.0,2.0,2.0,8.0,6.0,45.0,74
510895,2012,11.0,0.0,0.0,2.0,3.0,16.0,6.0,4.0,6.0,12.0,62.0,100
510895,2013,0.0,0.0,0.0,0.0,0.0,0.0,0.0,0.0,0.0,0.0,49.0,63
510895,2014,4.0,1.0,0.0,1.0,0.0,32.0,1.0,14.0,1.0,21.0,76.0,114
510895,2015,1.0,0.0,0.0,2.0,0.0,32.0,5.0,9.0,10.0,22.0,82.0,107
510895,2016,0.0,0.0,3.0,0.0,2.0,30.0,4.0,2.0,2.0,14.0,57.0,99
510895,2017,3.0,0.0,2.0,3.0,0.0,33.0,3.0,7.0,12.0,9.0,72.0,122
510895,2018,6.0,0.0,2.0,2.0,1.0,38.0,8.0,4.0,23.0,9.0,93.0,131
510895,2019,6.0,0.0,4.0,3.0,2.0,46.0,5.0,0.0,18.0,5.0,89.0,118
520000,2012,1.0,0.0,0.0,0.0,0.0,0.0,0.0,2.0,0.0,2.0,6.0,9
520000,2013,0.0,0.0,0.0,0.0,0.0,0.0,0.0,0.0,0.0,0.0,8.0,11
520000,2014,0.0,0.0,0.0,1.0,0.0,1.0,1.0,1.0,0.0,2.0,8.0,11
520000,2015,1.0,0.0,0.0,0.0,0.0,1.0,0.0,0.0,0.0,0.0,3.0,5
520000,2016,0.0,0.0,0.0,1.0,1.0,0.0,0.0,0.0,0.0,0.0,4.0,10
520000,2017,1.0,0.0,0.0,0.0,0.0,1.0,0.0,0.0,0.0,1.0,4.0,5
520000,2018,1.0,0.0,0.0,0.0,0.0,0.0,0.0,0.0,2.0,0.0,3.0,6
520000,2019,0.0,0.0,0.0,0.0,0.0,0.0,0.0,0.0,0.0,0.0,0.0,4
520005,2012,40.0,0.0,3.0,1.0,1.0,15.0,0.0,0.0,6.0,12.0,108.0,143
520005,2013,0.0,0.0,0.0,0.0,0.0,0.0,0.0,0.0,0.0,0.0,105.0,135
520005,2014,15.0,0.0,7.0,4.0,1.0,23.0,6.0,15.0,7.0,17.0,119.0,153
520005,2015,6.0,0.0,0.0,2.0,3.0,34.0,0.0,16.0,9.0,17.0,109.0,162
520005,2016,6.0,0.0,2.0,2.0,4.0,35.0,7.0,11.0,13.0,25.0,138.0,200
520005,2017,8.0,0.0,4.0,4.0,5.0,49.0,4.0,8.0,10.0,16.0,140.0,196
520005,2018,7.0,0.0,0.0,4.0,1.0,54.0,17.0,2.0,33.0,11.0,137.0,217
520005,2019,15.0,1.0,2.0,3.0,0.0,79.0,14.0,11.0,20.0,20.0,165.0,237
520010,2012,10.0,1.0,7.0,4.0,0.0,37.0,11.0,3.0,25.0,10.0,112.0,205
520010,2013,0.0,0.0,0.0,0.0,0.0,0.0,0.0,0.0,0.0,0.0,93.0,164
520010,2014,5.0,0.0,0.0,4.0,1.0,41.0,17.0,12.0,17.0,15.0,115.0,206
520010,2015,5.0,0.0,2.0,4.0,4.0,31.0,8.0,12.0,19.0,12.0,100.0,183
520010,2016,5.0,1.0,8.0,2.0,3.0,43.0,9.0,5.0,19.0,16.0,112.0,192
520010,2017,6.0,0.0,6.0,1.0,2.0,50.0,14.0,8.0,21.0,7.0,115.0,204
520010,2018,6.0,0.0,5.0,5.0,1.0,42.0,10.0,7.0,22.0,9.0,107.0,176
520010,2019,3.0,0.0,4.0,5.0,1.0,45.0,11.0,6.0,29.0,5.0,109.0,178
520013,2012,23.0,0.0,5.0,0.0,2.0,69.0,7.0,12.0,22.0,51.0,199.0,313
520013,2013,0.0,0.0,0.0,0.0,0.0,0.0,0.0,0.0,0.0,0.0,205.0,274
520013,2014,16.0,1.0,10.0,8.0,4.0,67.0,4.0,19.0,27.0,56.0,224.0,293
520013,2015,9.0,0.0,6.0,5.0,3.0,67.0,5.0,23.0,17.0,51.0,198.0,266
520013,2016,6.0,0.0,2.0,0.0,0.0,73.0,7.0,18.0,16.0,46.0,179.0,250
520013,2017,9.0,0.0,6.0,2.0,1.0,76.0,6.0,13.0,31.0,53.0,212.0,271
520013,2018,11.0,0.0,4.0,1.0,0.0,86.0,9.0,19.0,31.0,30.0,203.0,268
520013,2019,8.0,0.0,3.0,1.0,2.0,88.0,11.0,14.0,27.0,33.0,187.0,255
520015,2012,0.0,0.0,0.0,0.0,0.0,9.0,1.0,2.0,0.0,4.0,23.0,28
520015,2013,0.0,0.0,0.0,0.0,0.0,0.0,0.0,0.0,0.0,0.0,23.0,26
520015,2014,0.0,0.0,0.0,1.0,0.0,5.0,1.0,3.0,1.0,2.0,16.0,21
520015,2015,0.0,0.0,0.0,0.0,0.0,5.0,1.0,0.0,1.0,5.0,16.0,20
520015,2016,0.0,1.0,1.0,0.0,0.0,4.0,1.0,3.0,0.0,3.0,20.0,25
520015,2017,0.0,0.0,0.0,0.0,1.0,6.0,0.0,1.0,0.0,6.0,18.0,22
520015,2018,0.0,0.0,0.0,0.0,1.0,11.0,0.0,2.0,2.0,3.0,21.0,27
520015,2019,0.0,0.0,0.0,1.0,0.0,9.0,0.0,3.0,0.0,5.0,18.0,24
520017,2012,3.0,1.0,1.0,1.0,2.0,12.0,2.0,0.0,4.0,3.0,32.0,53
520017,2013,0.0,0.0,0.0,0.0,0.0,0.0,0.0,0.0,0.0,0.0,24.0,51
520017,2014,2.0,0.0,0.0,4.0,2.0,10.0,1.0,1.0,2.0,5.0,28.0,55
520017,2015,2.0,0.0,2.0,1.0,1.0,10.0,2.0,1.0,4.0,0.0,24.0,52
520017,2016,0.0,0.0,0.0,2.0,1.0,8.0,3.0,1.0,1.0,6.0,22.0,47
520017,2017,1.0,0.0,0.0,1.0,1.0,7.0,3.0,2.0,1.0,3.0,20.0,44
520017,2018,1.0,0.0,2.0,0.0,0.0,10.0,2.0,2.0,1.0,3.0,21.0,55
520017,2019,4.0,0.0,0.0,2.0,0.0,10.0,4.0,2.0,3.0,3.0,28.0,52
520020,2012,2.0,0.0,0.0,0.0,0.0,7.0,3.0,1.0,1.0,3.0,18.0,20
520020,2013,0.0,0.0,0.0,0.0,0.0,0.0,0.0,0.0,0.0,0.0,16.0,17
520020,2014,4.0,0.0,2.0,0.0,0.0,8.0,3.0,0.0,4.0,2.0,23.0,23
520020,2015,0.0,0.0,0.0,0.0,0.0,12.0,0.0,0.0,4.0,2.0,19.0,20
520020,2016,0.0,0.0,0.0,0.0,0.0,10.0,1.0,0.0,3.0,1.0,17.0,19
520020,2017,2.0,0.0,0.0,0.0,0.0,8.0,0.0,1.0,3.0,4.0,21.0,22
520020,2018,3.0,0.0,0.0,0.0,0.0,5.0,0.0,0.0,0.0,1.0,12.0,14
520020,2019,0.0,0.0,0.0,0.0,0.0,7.0,0.0,0.0,1.0,1.0,9.0,11
520025,2012,100.0,0.0,19.0,24.0,15.0,334.0,30.0,21.0,92.0,80.0,943.0,2611
520025,2013,0.0,0.0,0.0,0.0,0.0,0.0,0.0,0.0,0.0,0.0,998.0,2586
520025,2014,81.0,8.0,42.0,43.0,24.0,342.0,84.0,95.0,129.0,133.0,1078.0,3031
520025,2015,82.0,5.0,31.0,49.0,24.0,335.0,80.0,73.0,138.0,107.0,974.0,2979
520025,2016,97.0,3.0,46.0,39.0,19.0,310.0,59.0,95.0,88.0,150.0,929.0,2614
520025,2017,79.0,1.0,20.0,43.0,16.0,324.0,43.0,96.0,81.0,125.0,861.0,2569
520025,2018,88.0,2.0,17.0,50.0,34.0,340.0,52.0,85.0,62.0,136.0,898.0,2674
520025,2019,91.0,2.0,39.0,45.0,26.0,396.0,88.0,83.0,141.0,110.0,1040.0,2761
520030,2012,35.0,1.0,5.0,6.0,3.0,53.0,20.0,10.0,29.0,36.0,212.0,342
520030,2013,0.0,0.0,0.0,0.0,0.0,0.0,0.0,0.0,0.0,0.0,194.0,380
520030,2014,18.0,0.0,6.0,3.0,6.0,71.0,15.0,37.0,29.0,38.0,230.0,400
520030,2015,12.0,0.0,11.0,5.0,3.0,81.0,16.0,16.0,24.0,38.0,226.0,415
520030,2016,15.0,0.0,12.0,15.0,12.0,74.0,20.0,16.0,31.0,30.0,248.0,406
520030,2017,22.0,0.0,2.0,17.0,11.0,86.0,30.0,16.0,58.0,23.0,280.0,437
520030,2018,27.0,0.0,0.0,5.0,6.0,104.0,30.0,13.0,80.0,33.0,300.0,414
520030,2019,23.0,0.0,2.0,5.0,8.0,107.0,22.0,30.0,56.0,31.0,285.0,439
520050,2012,0.0,0.0,0.0,1.0,0.0,13.0,0.0,0.0,2.0,0.0,18.0,25
520050,2013,0.0,0.0,0.0,0.0,0.0,0.0,0.0,0.0,0.0,0.0,22.0,25
520050,2014,1.0,0.0,2.0,2.0,0.0,10.0,2.0,0.0,4.0,4.0,26.0,32
520050,2015,2.0,0.0,2.0,1.0,0.0,10.0,1.0,0.0,10.0,1.0,27.0,31
520050,2016,0.0,0.0,0.0,0.0,0.0,8.0,4.0,0.0,6.0,1.0,19.0,23
520050,2017,0.0,0.0,0.0,0.0,0.0,10.0,0.0,0.0,1.0,1.0,13.0,15
520050,2018,2.0,0.0,0.0,0.0,0.0,2.0,0.0,0.0,0.0,1.0,5.0,9
520050,2019,0.0,0.0,0.0,0.0,0.0,7.0,1.0,0.0,3.0,1.0,12.0,15
520055,2012,2.0,26.0,2.0,8.0,2.0,17.0,6.0,3.0,8.0,11.0,85.0,90
520055,2013,0.0,0.0,0.0,0.0,0.0,0.0,0.0,0.0,0.0,0.0,69.0,75
520055,2014,7.0,0.0,0.0,0.0,2.0,30.0,10.0,5.0,16.0,9.0,83.0,95
520055,2015,6.0,0.0,4.0,1.0,0.0,32.0,4.0,4.0,18.0,17.0,88.0,104
520055,2016,4.0,0.0,0.0,0.0,0.0,31.0,4.0,10.0,11.0,21.0,84.0,96
520055,2017,7.0,0.0,0.0,0.0,3.0,40.0,6.0,7.0,22.0,23.0,108.0,123
520055,2018,7.0,0.0,2.0,1.0,0.0,33.0,7.0,7.0,12.0,15.0,85.0,92
520055,2019,4.0,1.0,0.0,0.0,1.0,41.0,4.0,8.0,15.0,13.0,87.0,111
520060,2012,2.0,0.0,0.0,3.0,1.0,12.0,4.0,4.0,2.0,4.0,35.0,99
520060,2013,0.0,0.0,0.0,0.0,0.0,0.0,0.0,0.0,0.0,0.0,27.0,101
520060,2014,2.0,0.0,0.0,5.0,1.0,12.0,7.0,2.0,2.0,5.0,37.0,90
520060,2015,4.0,0.0,4.0,5.0,2.0,8.0,1.0,3.0,11.0,3.0,41.0,108
520060,2016,3.0,0.0,1.0,0.0,2.0,20.0,4.0,5.0,8.0,13.0,56.0,132
520060,2017,3.0,0.0,0.0,2.0,1.0,22.0,5.0,5.0,5.0,8.0,54.0,145
520060,2018,2.0,0.0,4.0,5.0,0.0,18.0,1.0,2.0,0.0,5.0,38.0,121
520060,2019,1.0,0.0,0.0,1.0,2.0,14.0,4.0,7.0,2.0,9.0,40.0,113
520080,2012,9.0,0.0,0.0,1.0,1.0,25.0,2.0,8.0,9.0,21.0,91.0,147
520080,2013,0.0,0.0,0.0,0.0,0.0,0.0,0.0,0.0,0.0,0.0,77.0,123
520080,2014,3.0,0.0,2.0,3.0,4.0,29.0,5.0,4.0,8.0,16.0,79.0,134
520080,2015,8.0,0.0,5.0,1.0,1.0,22.0,5.0,11.0,7.0,12.0,78.0,132
520080,2016,3.0,1.0,0.0,0.0,0.0,29.0,10.0,8.0,13.0,18.0,85.0,127
520080,2017,2.0,3.0,2.0,2.0,0.0,23.0,4.0,6.0,5.0,8.0,59.0,136
520080,2018,2.0,0.0,0.0,6.0,2.0,21.0,7.0,7.0,8.0,11.0,67.0,127
520080,2019,4.0,1.0,5.0,6.0,4.0,36.0,5.0,13.0,6.0,19.0,101.0,149
520082,2012,0.0,0.0,0.0,2.0,0.0,4.0,1.0,1.0,4.0,1.0,13.0,20
520082,2013,0.0,0.0,0.0,0.0,0.0,0.0,0.0,0.0,0.0,0.0,15.0,21
520082,2014,0.0,0.0,0.0,0.0,0.0,8.0,3.0,0.0,4.0,2.0,18.0,22
520082,2015,1.0,0.0,0.0,2.0,1.0,4.0,3.0,0.0,1.0,5.0,17.0,22
520082,2016,0.0,0.0,0.0,1.0,0.0,7.0,0.0,3.0,1.0,5.0,17.0,25
520082,2017,0.0,0.0,2.0,1.0,0.0,5.0,0.0,1.0,1.0,1.0,13.0,26
520082,2018,1.0,0.0,0.0,0.0,0.0,5.0,1.0,0.0,1.0,0.0,8.0,13
520082,2019,2.0,0.0,0.0,0.0,1.0,6.0,2.0,1.0,6.0,1.0,19.0,27
520085,2012,10.0,0.0,1.0,2.0,0.0,40.0,2.0,1.0,3.0,2.0,80.0,97
520085,2013,0.0,0.0,0.0,0.0,0.0,0.0,0.0,0.0,0.0,0.0,64.0,79
520085,2014,1.0,0.0,2.0,0.0,0.0,24.0,7.0,1.0,16.0,3.0,60.0,80
520085,2015,3.0,0.0,0.0,0.0,0.0,24.0,8.0,1.0,12.0,1.0,54.0,63
520085,2016,2.0,0.0,0.0,1.0,0.0,6.0,5.0,2.0,10.0,3.0,35.0,48
520085,2017,2.0,1.0,0.0,4.0,4.0,22.0,2.0,11.0,1.0,16.0,68.0,84
520085,2018,1.0,0.0,0.0,36.0,14.0,9.0,0.0,1.0,2.0,4.0,69.0,81
520085,2019,6.0,0.0,0.0,22.0,7.0,15.0,0.0,3.0,10.0,9.0,72.0,83
520090,2012,6.0,0.0,2.0,2.0,0.0,9.0,1.0,2.0,2.0,11.0,35.0,41
520090,2013,0.0,0.0,0.0,0.0,0.0,0.0,0.0,0.0,0.0,0.0,28.0,31
520090,2014,2.0,0.0,0.0,0.0,0.0,16.0,0.0,5.0,0.0,15.0,39.0,41
520090,2015,2.0,0.0,2.0,0.0,0.0,9.0,0.0,2.0,0.0,14.0,29.0,30
520090,2016,1.0,0.0,0.0,0.0,0.0,14.0,0.0,9.0,1.0,7.0,33.0,35
520090,2017,3.0,0.0,3.0,0.0,0.0,16.0,0.0,3.0,0.0,8.0,33.0,38
520090,2018,0.0,0.0,2.0,0.0,0.0,21.0,0.0,6.0,2.0,5.0,36.0,38
520090,2019,1.0,0.0,0.0,0.0,0.0,11.0,0.0,4.0,2.0,13.0,31.0,37
520110,2012,348.0,7.0,99.0,91.0,93.0,1166.0,206.0,261.0,682.0,638.0,3784.0,5653
520110,2013,0.0,0.0,0.0,0.0,0.0,0.0,0.0,0.0,0.0,0.0,3908.0,5867
520110,2014,223.0,7.0,92.0,73.0,63.0,1377.0,331.0,359.0,822.0,766.0,4243.0,6133
520110,2015,221.0,5.0,110.0,104.0,71.0,1503.0,282.0,325.0,683.0,813.0,4227.0,6334
520110,2016,178.0,7.0,110.0,71.0,47.0,1616.0,393.0,209.0,843.0,622.0,4194.0,6120
520110,2017,265.0,3.0,137.0,66.0,68.0,1644.0,433.0,168.0,1044.0,538.0,4481.0,6201
520110,2018,373.0,7.0,128.0,73.0,63.0,1665.0,382.0,169.0,1031.0,420.0,4369.0,6085
520110,2019,347.0,16.0,127.0,96.0,72.0,1718.0,319.0,247.0,833.0,496.0,4273.0,6077
520120,2012,2.0,0.0,0.0,0.0,0.0,2.0,0.0,0.0,1.0,3.0,8.0,10
520120,2013,0.0,0.0,0.0,0.0,0.0,0.0,0.0,0.0,0.0,0.0,7.0,13
520120,2014,1.0,0.0,0.0,0.0,0.0,1.0,0.0,0.0,2.0,0.0,4.0,8
520120,2015,1.0,0.0,0.0,0.0,0.0,3.0,2.0,0.0,0.0,0.0,6.0,7
520120,2016,2.0,0.0,2.0,0.0,0.0,1.0,0.0,1.0,1.0,1.0,9.0,13
520120,2017,0.0,0.0,0.0,1.0,0.0,2.0,1.0,0.0,0.0,1.0,5.0,7
520120,2018,0.0,0.0,0.0,0.0,0.0,0.0,1.0,0.0,1.0,2.0,4.0,5
520120,2019,0.0,0.0,2.0,0.0,0.0,2.0,1.0,0.0,3.0,0.0,8.0,8
520130,2012,19.0,1.0,5.0,9.0,7.0,66.0,0.0,3.0,10.0,25.0,173.0,223
520130,2013,0.0,0.0,0.0,0.0,0.0,0.0,0.0,0.0,0.0,0.0,162.0,213
520130,2014,11.0,0.0,2.0,1.0,1.0,50.0,12.0,6.0,12.0,33.0,178.0,217
520130,2015,10.0,0.0,4.0,1.0,0.0,72.0,5.0,15.0,19.0,28.0,200.0,232
520130,2016,15.0,0.0,8.0,4.0,2.0,62.0,20.0,6.0,37.0,23.0,212.0,242
520130,2017,4.0,1.0,0.0,2.0,0.0,59.0,22.0,2.0,34.0,11.0,166.0,196
520130,2018,12.0,0.0,2.0,1.0,4.0,70.0,3.0,25.0,14.0,37.0,186.0,220
520130,2019,13.0,0.0,8.0,13.0,5.0,68.0,7.0,9.0,16.0,30.0,169.0,209
520140,2012,591.0,70.0,143.0,249.0,180.0,1098.0,245.0,236.0,591.0,684.0,5522.0,8120
520140,2013,0.0,0.0,0.0,0.0,0.0,0.0,0.0,0.0,0.0,0.0,5514.0,7932
520140,2014,289.0,5.0,135.0,414.0,287.0,1138.0,246.0,397.0,456.0,833.0,5759.0,8255
520140,2015,213.0,2.0,143.0,344.0,201.0,1273.0,221.0,406.0,475.0,790.0,5601.0,8280
520140,2016,278.0,3.0,121.0,438.0,230.0,1360.0,181.0,436.0,407.0,801.0,5431.0,7822
520140,2017,219.0,5.0,98.0,348.0,178.0,1482.0,167.0,436.0,422.0,887.0,5525.0,7898
520140,2018,359.0,8.0,156.0,336.0,155.0,1849.0,240.0,439.0,477.0,942.0,5499.0,7896
520140,2019,418.0,6.0,137.0,247.0,88.0,2035.0,238.0,483.0,562.0,947.0,5173.0,7629
520145,2012,1.0,0.0,2.0,0.0,0.0,5.0,0.0,1.0,2.0,2.0,14.0,27
520145,2013,0.0,0.0,0.0,0.0,0.0,0.0,0.0,0.0,0.0,0.0,16.0,20
520145,2014,1.0,0.0,0.0,1.0,1.0,9.0,0.0,7.0,4.0,5.0,29.0,40
520145,2015,1.0,0.0,0.0,0.0,0.0,3.0,3.0,2.0,3.0,3.0,16.0,28
520145,2016,1.0,0.0,0.0,0.0,0.0,12.0,2.0,0.0,5.0,3.0,23.0,36
520145,2017,1.0,0.0,0.0,1.0,0.0,5.0,0.0,0.0,1.0,5.0,14.0,24
520145,2018,2.0,0.0,0.0,1.0,0.0,9.0,4.0,2.0,3.0,0.0,21.0,31
520145,2019,3.0,0.0,0.0,1.0,0.0,9.0,2.0,2.0,6.0,1.0,24.0,36
520150,2012,2.0,0.0,0.0,1.0,0.0,14.0,7.0,1.0,9.0,3.0,38.0,66
520150,2013,0.0,0.0,0.0,0.0,0.0,0.0,0.0,0.0,0.0,0.0,44.0,70
520150,2014,2.0,2.0,0.0,2.0,0.0,10.0,7.0,2.0,21.0,6.0,52.0,71
520150,2015,1.0,0.0,0.0,0.0,0.0,17.0,10.0,1.0,10.0,6.0,45.0,61
520150,2016,0.0,2.0,0.0,2.0,1.0,17.0,9.0,2.0,6.0,7.0,47.0,64
520150,2017,3.0,0.0,8.0,0.0,0.0,13.0,7.0,2.0,6.0,1.0,40.0,65
520150,2018,0.0,0.0,3.0,2.0,0.0,21.0,6.0,0.0,8.0,6.0,47.0,63
520150,2019,5.0,0.0,0.0,0.0,2.0,22.0,6.0,1.0,14.0,0.0,50.0,68
520160,2012,2.0,0.0,2.0,0.0,0.0,5.0,0.0,3.0,4.0,8.0,25.0,42
520160,2013,0.0,0.0,0.0,0.0,0.0,0.0,0.0,0.0,0.0,0.0,28.0,31
520160,2014,3.0,0.0,0.0,0.0,1.0,7.0,0.0,5.0,5.0,14.0,36.0,46
520160,2015,0.0,0.0,0.0,0.0,0.0,5.0,1.0,0.0,1.0,5.0,15.0,25
520160,2016,1.0,0.0,0.0,0.0,0.0,9.0,1.0,5.0,3.0,7.0,27.0,33
520160,2017,5.0,0.0,4.0,0.0,1.0,15.0,1.0,6.0,0.0,10.0,46.0,57
520160,2018,4.0,0.0,0.0,0.0,0.0,11.0,1.0,4.0,2.0,10.0,33.0,43
520160,2019,4.0,0.0,2.0,1.0,0.0,13.0,0.0,1.0,7.0,7.0,35.0,41
520170,2012,27.0,4.0,2.0,5.0,3.0,65.0,28.0,5.0,69.0,23.0,237.0,287
520170,2013,0.0,0.0,0.0,0.0,0.0,0.0,0.0,0.0,0.0,0.0,222.0,282
520170,2014,16.0,1.0,0.0,9.0,7.0,87.0,34.0,11.0,60.0,32.0,263.0,308
520170,2015,12.0,3.0,0.0,4.0,3.0,77.0,19.0,19.0,24.0,37.0,208.0,266
520170,2016,12.0,0.0,4.0,4.0,4.0,84.0,5.0,30.0,16.0,47.0,212.0,253
520170,2017,12.0,0.0,2.0,1.0,3.0,77.0,16.0,16.0,29.0,35.0,198.0,243
520170,2018,13.0,0.0,4.0,6.0,2.0,69.0,8.0,16.0,13.0,52.0,184.0,252
520170,2019,13.0,0.0,2.0,1.0,3.0,81.0,3.0,26.0,6.0,47.0,183.0,241
520180,2012,51.0,0.0,7.0,3.0,3.0,4.0,1.0,1.0,5.0,5.0,91.0,117
520180,2013,0.0,0.0,0.0,0.0,0.0,0.0,0.0,0.0,0.0,0.0,99.0,127
520180,2014,9.0,0.0,2.0,3.0,1.0,13.0,2.0,13.0,3.0,19.0,77.0,113
520180,2015,10.0,0.0,4.0,4.0,5.0,24.0,1.0,11.0,6.0,13.0,111.0,152
520180,2016,5.0,0.0,0.0,5.0,4.0,23.0,0.0,5.0,4.0,21.0,86.0,132
520180,2017,3.0,0.0,2.0,6.0,2.0,27.0,5.0,6.0,10.0,17.0,91.0,127
520180,2018,7.0,1.0,2.0,7.0,1.0,40.0,8.0,5.0,9.0,15.0,99.0,136
520180,2019,7.0,0.0,4.0,2.0,1.0,44.0,5.0,13.0,6.0,10.0,92.0,133
520215,2012,6.0,0.0,0.0,0.0,0.0,16.0,1.0,3.0,3.0,14.0,49.0,74
520215,2013,0.0,0.0,0.0,0.0,0.0,0.0,0.0,0.0,0.0,0.0,36.0,60
520215,2014,1.0,0.0,0.0,1.0,0.0,4.0,0.0,1.0,0.0,14.0,32.0,47
520215,2015,0.0,0.0,2.0,1.0,0.0,9.0,1.0,0.0,2.0,12.0,34.0,51
520215,2016,4.0,0.0,0.0,1.0,2.0,17.0,3.0,10.0,2.0,13.0,59.0,88
520215,2017,6.0,0.0,0.0,1.0,0.0,26.0,0.0,9.0,3.0,17.0,68.0,92
520215,2018,5.0,0.0,1.0,0.0,1.0,26.0,1.0,8.0,2.0,16.0,63.0,91
520215,2019,1.0,0.0,0.0,1.0,2.0,16.0,3.0,2.0,4.0,11.0,40.0,54
520235,2012,1.0,0.0,0.0,0.0,0.0,12.0,0.0,0.0,0.0,2.0,20.0,33
520235,2013,0.0,0.0,0.0,0.0,0.0,0.0,0.0,0.0,0.0,0.0,28.0,39
520235,2014,0.0,0.0,2.0,0.0,0.0,24.0,0.0,1.0,1.0,3.0,31.0,43
520235,2015,2.0,0.0,0.0,0.0,0.0,22.0,0.0,0.0,0.0,1.0,26.0,32
520235,2016,0.0,0.0,0.0,1.0,1.0,25.0,0.0,0.0,0.0,2.0,31.0,35
520235,2017,0.0,0.0,0.0,0.0,0.0,12.0,0.0,10.0,2.0,6.0,33.0,39
520235,2018,0.0,0.0,2.0,1.0,1.0,13.0,1.0,5.0,8.0,4.0,35.0,44
520235,2019,3.0,1.0,0.0,0.0,0.0,10.0,3.0,2.0,8.0,7.0,34.0,42
520250,2012,16.0,0.0,6.0,0.0,1.0,9.0,2.0,6.0,8.0,3.0,65.0,117
520250,2013,0.0,0.0,0.0,0.0,0.0,0.0,0.0,0.0,0.0,0.0,63.0,101
520250,2014,3.0,0.0,0.0,0.0,2.0,24.0,7.0,10.0,7.0,16.0,78.0,142
520250,2015,4.0,0.0,0.0,3.0,1.0,20.0,1.0,7.0,5.0,22.0,78.0,124
520250,2016,0.0,0.0,0.0,4.0,1.0,24.0,1.0,2.0,2.0,15.0,61.0,101
520250,2017,2.0,2.0,0.0,2.0,0.0,20.0,3.0,3.0,6.0,14.0,63.0,120
520250,2018,6.0,1.0,0.0,7.0,1.0,24.0,6.0,3.0,15.0,13.0,81.0,117
520250,2019,6.0,0.0,2.0,2.0,1.0,27.0,7.0,8.0,9.0,13.0,75.0,100
520260,2012,1.0,0.0,0.0,0.0,0.0,11.0,0.0,1.0,10.0,2.0,35.0,37
520260,2013,0.0,0.0,0.0,0.0,0.0,0.0,0.0,0.0,0.0,0.0,27.0,28
520260,2014,1.0,0.0,0.0,0.0,0.0,9.0,2.0,1.0,3.0,15.0,32.0,35
520260,2015,0.0,0.0,0.0,0.0,1.0,13.0,1.0,4.0,1.0,6.0,29.0,30
520260,2016,1.0,0.0,0.0,1.0,0.0,9.0,0.0,1.0,2.0,4.0,21.0,25
520260,2017,1.0,0.0,1.0,0.0,0.0,12.0,0.0,0.0,1.0,10.0,25.0,28
520260,2018,1.0,0.0,2.0,0.0,0.0,16.0,1.0,1.0,2.0,8.0,33.0,35
520260,2019,1.0,0.0,0.0,1.0,0.0,7.0,0.0,2.0,1.0,8.0,20.0,25
520280,2012,3.0,0.0,0.0,1.0,0.0,8.0,0.0,1.0,3.0,3.0,22.0,25
520280,2013,0.0,0.0,0.0,0.0,0.0,0.0,0.0,0.0,0.0,0.0,16.0,22
520280,2014,1.0,0.0,0.0,0.0,0.0,4.0,1.0,0.0,3.0,2.0,19.0,19
520280,2015,0.0,0.0,0.0,1.0,0.0,7.0,1.0,0.0,0.0,6.0,24.0,29
520280,2016,0.0,0.0,0.0,1.0,0.0,5.0,1.0,0.0,0.0,3.0,16.0,22
520280,2017,0.0,0.0,0.0,0.0,0.0,4.0,0.0,1.0,0.0,2.0,11.0,18
520280,2018,1.0,0.0,0.0,0.0,0.0,6.0,2.0,0.0,1.0,6.0,20.0,26
520280,2019,2.0,1.0,0.0,1.0,0.0,5.0,0.0,0.0,1.0,6.0,16.0,25
520310,2012,0.0,0.0,0.0,1.0,0.0,8.0,1.0,1.0,2.0,6.0,20.0,31
520310,2013,0.0,0.0,0.0,0.0,0.0,0.0,0.0,0.0,0.0,0.0,28.0,39
520310,2014,1.0,0.0,0.0,1.0,1.0,8.0,0.0,1.0,1.0,2.0,18.0,25
520310,2015,1.0,1.0,0.0,1.0,0.0,11.0,0.0,3.0,0.0,3.0,20.0,28
520310,2016,2.0,1.0,0.0,0.0,0.0,5.0,0.0,4.0,0.0,8.0,21.0,25
520310,2017,0.0,0.0,0.0,0.0,0.0,8.0,0.0,3.0,1.0,7.0,21.0,31
520310,2018,2.0,0.0,0.0,0.0,0.0,8.0,0.0,3.0,1.0,5.0,20.0,30
520310,2019,0.0,0.0,1.0,1.0,0.0,13.0,1.0,6.0,0.0,4.0,26.0,31
520320,2012,5.0,1.0,4.0,2.0,0.0,23.0,6.0,5.0,16.0,11.0,77.0,120
520320,2013,0.0,0.0,0.0,0.0,0.0,0.0,0.0,0.0,0.0,0.0,65.0,95
520320,2014,5.0,1.0,2.0,1.0,1.0,29.0,4.0,8.0,7.0,25.0,86.0,121
520320,2015,5.0,0.0,0.0,5.0,4.0,23.0,5.0,13.0,7.0,21.0,88.0,136
520320,2016,5.0,3.0,2.0,1.0,1.0,40.0,3.0,16.0,4.0,28.0,106.0,147
520320,2017,5.0,0.0,0.0,1.0,0.0,40.0,6.0,14.0,10.0,23.0,103.0,141
520320,2018,9.0,2.0,0.0,7.0,3.0,44.0,1.0,15.0,5.0,23.0,113.0,150
520320,2019,12.0,1.0,4.0,0.0,1.0,54.0,9.0,13.0,12.0,24.0,130.0,164
520330,2012,31.0,1.0,9.0,4.0,5.0,76.0,10.0,7.0,27.0,27.0,239.0,351
520330,2013,0.0,0.0,0.0,0.0,0.0,0.0,0.0,0.0,0.0,0.0,272.0,366
520330,2014,13.0,0.0,2.0,5.0,3.0,77.0,33.0,19.0,54.0,39.0,289.0,365
520330,2015,7.0,0.0,5.0,5.0,2.0,89.0,50.0,10.0,65.0,29.0,333.0,421
520330,2016,10.0,0.0,4.0,7.0,5.0,89.0,42.0,9.0,75.0,23.0,319.0,382
520330,2017,17.0,0.0,0.0,10.0,6.0,129.0,44.0,12.0,96.0,26.0,387.0,461
520330,2018,22.0,0.0,11.0,1.0,1.0,133.0,37.0,9.0,75.0,27.0,351.0,463
520330,2019,31.0,0.0,10.0,2.0,4.0,148.0,32.0,17.0,87.0,26.0,357.0,467
520340,2012,10.0,0.0,2.0,2.0,0.0,35.0,1.0,9.0,6.0,20.0,87.0,113
520340,2013,0.0,0.0,0.0,0.0,0.0,0.0,0.0,0.0,0.0,0.0,55.0,66
520340,2014,3.0,0.0,0.0,0.0,0.0,23.0,1.0,6.0,5.0,9.0,52.0,72
520340,2015,2.0,2.0,0.0,2.0,5.0,29.0,1.0,9.0,1.0,19.0,73.0,94
520340,2016,2.0,0.0,0.0,0.0,0.0,16.0,5.0,8.0,3.0,21.0,59.0,80
520340,2017,4.0,0.0,4.0,2.0,1.0,30.0,3.0,5.0,13.0,12.0,77.0,99
520340,2018,7.0,1.0,1.0,2.0,0.0,44.0,1.0,8.0,8.0,23.0,95.0,134
520340,2019,3.0,0.0,0.0,1.0,1.0,40.0,0.0,13.0,2.0,26.0,86.0,107
520350,2012,16.0,1.0,1.0,4.0,4.0,48.0,15.0,4.0,31.0,22.0,163.0,238
520350,2013,0.0,0.0,0.0,0.0,0.0,0.0,0.0,0.0,0.0,0.0,191.0,289
520350,2014,22.0,0.0,10.0,2.0,2.0,59.0,35.0,8.0,56.0,13.0,214.0,336
520350,2015,21.0,3.0,0.0,4.0,3.0,77.0,24.0,0.0,63.0,2.0,212.0,351
520350,2016,13.0,0.0,3.0,7.0,3.0,77.0,27.0,4.0,69.0,5.0,217.0,343
520350,2017,23.0,0.0,8.0,3.0,6.0,79.0,31.0,9.0,61.0,19.0,266.0,353
520350,2018,20.0,0.0,5.0,4.0,2.0,84.0,45.0,9.0,71.0,7.0,249.0,334
520350,2019,24.0,2.0,11.0,5.0,1.0,107.0,50.0,8.0,82.0,9.0,301.0,368
520355,2012,16.0,0.0,1.0,1.0,1.0,22.0,6.0,3.0,5.0,13.0,81.0,116
520355,2013,0.0,0.0,0.0,0.0,0.0,0.0,0.0,0.0,0.0,0.0,76.0,109
520355,2014,4.0,0.0,2.0,1.0,0.0,19.0,2.0,9.0,12.0,14.0,80.0,113
520355,2015,3.0,0.0,0.0,1.0,1.0,27.0,3.0,7.0,12.0,9.0,71.0,119
520355,2016,5.0,0.0,2.0,5.0,1.0,25.0,1.0,9.0,6.0,13.0,76.0,122
520355,2017,3.0,0.0,0.0,0.0,2.0,21.0,3.0,4.0,5.0,7.0,61.0,113
520355,2018,6.0,0.0,2.0,1.0,4.0,26.0,3.0,8.0,7.0,14.0,78.0,117
520355,2019,11.0,0.0,0.0,0.0,1.0,25.0,3.0,6.0,4.0,11.0,61.0,115
520357,2012,0.0,0.0,0.0,1.0,2.0,11.0,0.0,0.0,3.0,5.0,25.0,45
520357,2013,0.0,0.0,0.0,0.0,0.0,0.0,0.0,0.0,0.0,0.0,21.0,39
520357,2014,1.0,0.0,0.0,1.0,2.0,7.0,0.0,3.0,0.0,5.0,22.0,39
520357,2015,2.0,1.0,0.0,0.0,0.0,9.0,2.0,2.0,1.0,3.0,23.0,31
520357,2016,0.0,0.0,0.0,7.0,5.0,6.0,0.0,1.0,2.0,2.0,23.0,37
520357,2017,4.0,0.0,0.0,4.0,1.0,7.0,2.0,4.0,1.0,4.0,28.0,36
520357,2018,5.0,0.0,0.0,1.0,1.0,5.0,0.0,5.0,0.0,10.0,27.0,36
520357,2019,0.0,0.0,0.0,0.0,0.0,21.0,3.0,2.0,4.0,8.0,38.0,50
520360,2012,2.0,0.0,0.0,0.0,0.0,3.0,0.0,1.0,4.0,14.0,35.0,41
520360,2013,0.0,0.0,0.0,0.0,0.0,0.0,0.0,0.0,0.0,0.0,38.0,40
520360,2014,2.0,0.0,2.0,0.0,1.0,6.0,0.0,10.0,3.0,8.0,37.0,45
520360,2015,3.0,0.0,4.0,0.0,0.0,7.0,0.0,9.0,0.0,7.0,45.0,55
520360,2016,5.0,0.0,2.0,1.0,0.0,13.0,0.0,3.0,1.0,8.0,38.0,50
520360,2017,2.0,0.0,0.0,2.0,0.0,12.0,0.0,2.0,4.0,4.0,35.0,50
520360,2018,2.0,0.0,0.0,0.0,1.0,12.0,1.0,2.0,11.0,7.0,36.0,46
520360,2019,2.0,0.0,0.0,1.0,0.0,13.0,0.0,0.0,4.0,4.0,24.0,33
520380,2012,4.0,1.0,0.0,0.0,1.0,11.0,0.0,1.0,9.0,3.0,40.0,78
520380,2013,0.0,0.0,0.0,0.0,0.0,0.0,0.0,0.0,0.0,0.0,53.0,74
520380,2014,1.0,0.0,0.0,0.0,0.0,18.0,2.0,6.0,3.0,11.0,43.0,67
520380,2015,2.0,0.0,0.0,0.0,1.0,9.0,4.0,6.0,1.0,4.0,31.0,54
520380,2016,2.0,1.0,0.0,2.0,0.0,24.0,2.0,9.0,1.0,19.0,69.0,85
520380,2017,3.0,1.0,1.0,1.0,2.0,22.0,4.0,9.0,4.0,17.0,73.0,87
520380,2018,9.0,0.0,0.0,1.0,0.0,20.0,1.0,7.0,7.0,16.0,64.0,82
520380,2019,5.0,0.0,0.0,0.0,0.0,26.0,1.0,5.0,3.0,19.0,59.0,79
520390,2012,3.0,0.0,1.0,2.0,0.0,25.0,6.0,7.0,10.0,13.0,72.0,110
520390,2013,0.0,0.0,0.0,0.0,0.0,0.0,0.0,0.0,0.0,0.0,65.0,99
520390,2014,5.0,0.0,2.0,2.0,2.0,19.0,4.0,6.0,20.0,5.0,68.0,107
520390,2015,9.0,1.0,0.0,1.0,0.0,21.0,14.0,1.0,16.0,2.0,71.0,114
520390,2016,4.0,0.0,2.0,3.0,1.0,26.0,9.0,6.0,26.0,4.0,86.0,121
520390,2017,9.0,1.0,8.0,1.0,2.0,33.0,8.0,4.0,17.0,14.0,100.0,146
520390,2018,8.0,0.0,6.0,1.0,0.0,19.0,11.0,5.0,23.0,18.0,93.0,118
520390,2019,4.0,0.0,0.0,0.0,1.0,39.0,8.0,4.0,18.0,13.0,87.0,129
520393,2012,1.0,0.0,2.0,2.0,1.0,8.0,0.0,0.0,1.0,8.0,24.0,26
520393,2013,0.0,0.0,0.0,0.0,0.0,0.0,0.0,0.0,0.0,0.0,14.0,29
520393,2014,2.0,0.0,0.0,0.0,0.0,9.0,5.0,0.0,13.0,1.0,32.0,35
520393,2015,2.0,0.0,0.0,0.0,0.0,10.0,3.0,1.0,8.0,3.0,27.0,40
520393,2016,0.0,0.0,0.0,1.0,1.0,12.0,1.0,0.0,0.0,7.0,22.0,31
520393,2017,2.0,0.0,2.0,1.0,0.0,11.0,2.0,0.0,2.0,3.0,23.0,33
520393,2018,1.0,0.0,0.0,0.0,2.0,18.0,1.0,3.0,2.0,6.0,35.0,47
520393,2019,1.0,1.0,0.0,0.0,0.0,11.0,0.0,0.0,1.0,5.0,19.0,23
520396,2012,1.0,0.0,2.0,1.0,1.0,1.0,2.0,4.0,3.0,5.0,21.0,34
520396,2013,0.0,0.0,0.0,0.0,0.0,0.0,0.0,0.0,0.0,0.0,19.0,36
520396,2014,0.0,0.0,0.0,4.0,3.0,2.0,0.0,0.0,3.0,2.0,14.0,27
520396,2015,0.0,0.0,0.0,0.0,2.0,5.0,0.0,4.0,2.0,3.0,18.0,39
520396,2016,0.0,0.0,0.0,2.0,0.0,4.0,4.0,1.0,3.0,5.0,20.0,31
520396,2017,0.0,0.0,1.0,1.0,0.0,6.0,0.0,1.0,1.0,5.0,15.0,40
520396,2018,1.0,0.0,0.0,1.0,0.0,5.0,2.0,4.0,2.0,4.0,19.0,51
520396,2019,2.0,0.0,0.0,1.0,1.0,9.0,3.0,3.0,3.0,10.0,33.0,49
520400,2012,7.0,0.0,4.0,2.0,3.0,20.0,7.0,7.0,7.0,14.0,73.0,115
520400,2013,0.0,0.0,0.0,0.0,0.0,0.0,0.0,0.0,0.0,0.0,64.0,118
520400,2014,5.0,0.0,2.0,0.0,2.0,22.0,3.0,9.0,4.0,17.0,66.0,119
520400,2015,4.0,0.0,1.0,2.0,2.0,25.0,3.0,9.0,8.0,6.0,60.0,98
520400,2016,0.0,0.0,2.0,1.0,0.0,26.0,4.0,3.0,9.0,14.0,60.0,104
520400,2017,5.0,0.0,0.0,1.0,0.0,18.0,2.0,6.0,4.0,15.0,51.0,100
520400,2018,4.0,0.0,0.0,2.0,1.0,28.0,6.0,0.0,5.0,7.0,54.0,112
520400,2019,8.0,0.0,0.0,0.0,1.0,26.0,5.0,8.0,7.0,2.0,59.0,115
520410,2012,12.0,0.0,2.0,0.0,4.0,19.0,5.0,8.0,7.0,10.0,69.0,93
520410,2013,0.0,0.0,0.0,0.0,0.0,0.0,0.0,0.0,0.0,0.0,101.0,119
520410,2014,13.0,0.0,4.0,1.0,0.0,24.0,17.0,11.0,18.0,18.0,110.0,132
520410,2015,5.0,0.0,0.0,1.0,1.0,39.0,15.0,15.0,15.0,22.0,114.0,140
520410,2016,4.0,0.0,2.0,1.0,1.0,44.0,14.0,4.0,16.0,13.0,100.0,135
520410,2017,3.0,0.0,2.0,1.0,1.0,37.0,9.0,5.0,26.0,12.0,99.0,133
520410,2018,1.0,0.0,6.0,1.0,1.0,42.0,7.0,6.0,19.0,8.0,92.0,137
520410,2019,3.0,0.0,0.0,1.0,1.0,42.0,9.0,8.0,23.0,20.0,107.0,151
520420,2012,0.0,0.0,0.0,0.0,0.0,2.0,1.0,0.0,4.0,2.0,11.0,14
520420,2013,0.0,0.0,0.0,0.0,0.0,0.0,0.0,0.0,0.0,0.0,21.0,23
520420,2014,0.0,0.0,0.0,0.0,1.0,3.0,0.0,2.0,1.0,1.0,8.0,13
520420,2015,0.0,0.0,0.0,0.0,0.0,5.0,1.0,0.0,2.0,5.0,13.0,16
520420,2016,0.0,0.0,0.0,0.0,0.0,6.0,1.0,0.0,1.0,4.0,13.0,17
520420,2017,0.0,0.0,0.0,0.0,0.0,4.0,1.0,1.0,1.0,3.0,10.0,10
520420,2018,0.0,0.0,0.0,1.0,0.0,5.0,0.0,1.0,0.0,3.0,10.0,13
520420,2019,0.0,0.0,0.0,0.0,0.0,4.0,0.0,0.0,2.0,4.0,10.0,14
520425,2012,6.0,0.0,0.0,1.0,0.0,30.0,2.0,4.0,10.0,17.0,82.0,114
520425,2013,0.0,0.0,0.0,0.0,0.0,0.0,0.0,0.0,0.0,0.0,69.0,107
520425,2014,5.0,0.0,4.0,1.0,1.0,33.0,7.0,2.0,22.0,8.0,84.0,138
520425,2015,6.0,0.0,0.0,1.0,0.0,32.0,18.0,0.0,28.0,0.0,86.0,107
520425,2016,3.0,0.0,2.0,3.0,1.0,36.0,11.0,0.0,20.0,0.0,79.0,105
520425,2017,6.0,0.0,0.0,1.0,0.0,36.0,6.0,1.0,24.0,5.0,84.0,95
520425,2018,4.0,0.0,2.0,1.0,0.0,29.0,9.0,0.0,25.0,1.0,72.0,87
520425,2019,3.0,0.0,0.0,2.0,1.0,20.0,12.0,0.0,26.0,2.0,66.0,87
520430,2012,6.0,2.0,2.0,1.0,2.0,28.0,3.0,4.0,10.0,18.0,79.0,119
520430,2013,0.0,0.0,0.0,0.0,0.0,0.0,0.0,0.0,0.0,0.0,130.0,161
520430,2014,4.0,0.0,2.0,1.0,2.0,40.0,9.0,21.0,12.0,38.0,132.0,169
520430,2015,7.0,0.0,6.0,1.0,3.0,37.0,6.0,18.0,10.0,20.0,110.0,159
520430,2016,7.0,1.0,2.0,3.0,2.0,53.0,3.0,26.0,7.0,20.0,128.0,175
520430,2017,7.0,0.0,2.0,2.0,0.0,48.0,1.0,17.0,10.0,29.0,118.0,169
520430,2018,8.0,0.0,2.0,1.0,0.0,61.0,10.0,15.0,14.0,26.0,138.0,182
520430,2019,6.0,0.0,4.0,4.0,2.0,52.0,12.0,13.0,8.0,22.0,123.0,167
520440,2012,11.0,0.0,6.0,3.0,1.0,53.0,3.0,23.0,8.0,53.0,162.0,192
520440,2013,0.0,0.0,0.0,0.0,0.0,0.0,0.0,0.0,0.0,0.0,160.0,186
520440,2014,3.0,0.0,1.0,1.0,3.0,68.0,4.0,16.0,9.0,50.0,160.0,186
520440,2015,2.0,0.0,2.0,3.0,2.0,54.0,1.0,22.0,3.0,61.0,157.0,185
520440,2016,5.0,0.0,4.0,1.0,1.0,68.0,1.0,11.0,7.0,59.0,160.0,186
520440,2017,1.0,0.0,0.0,2.0,0.0,87.0,2.0,21.0,7.0,61.0,185.0,213
520440,2018,7.0,0.0,4.0,2.0,7.0,80.0,2.0,13.0,8.0,62.0,186.0,214
520440,2019,10.0,1.0,2.0,2.0,3.0,70.0,2.0,14.0,11.0,37.0,152.0,193
520450,2012,61.0,3.0,22.0,15.0,15.0,287.0,57.0,63.0,132.0,177.0,865.0,1129
520450,2013,0.0,0.0,0.0,0.0,0.0,0.0,0.0,0.0,0.0,0.0,918.0,1173
520450,2014,63.0,0.0,20.0,18.0,18.0,335.0,72.0,83.0,162.0,189.0,998.0,1303
520450,2015,52.0,0.0,17.0,18.0,18.0,344.0,78.0,47.0,199.0,162.0,973.0,1328
520450,2016,40.0,1.0,16.0,15.0,9.0,344.0,102.0,54.0,211.0,130.0,960.0,1243
520450,2017,53.0,3.0,23.0,24.0,19.0,356.0,71.0,92.0,119.0,212.0,1009.0,1286
520450,2018,66.0,3.0,21.0,25.0,19.0,414.0,68.0,96.0,130.0,226.0,1091.0,1417
520450,2019,69.0,1.0,19.0,23.0,18.0,421.0,61.0,58.0,149.0,152.0,974.0,1354
520455,2012,2.0,0.0,0.0,0.0,0.0,6.0,0.0,1.0,9.0,3.0,28.0,40
520455,2013,0.0,0.0,0.0,0.0,0.0,0.0,0.0,0.0,0.0,0.0,34.0,43
520455,2014,3.0,0.0,0.0,0.0,0.0,12.0,1.0,1.0,5.0,9.0,38.0,49
520455,2015,2.0,0.0,0.0,1.0,0.0,9.0,0.0,2.0,4.0,1.0,33.0,43
520455,2016,1.0,0.0,0.0,1.0,0.0,12.0,1.0,2.0,4.0,7.0,30.0,39
520455,2017,2.0,2.0,0.0,2.0,0.0,9.0,1.0,4.0,7.0,3.0,34.0,48
520455,2018,1.0,0.0,0.0,2.0,0.0,16.0,2.0,1.0,3.0,1.0,30.0,46
520455,2019,1.0,0.0,4.0,1.0,2.0,14.0,1.0,2.0,4.0,4.0,33.0,45
520460,2012,9.0,0.0,3.0,0.0,0.0,3.0,1.0,1.0,2.0,2.0,23.0,28
520460,2013,0.0,0.0,0.0,0.0,0.0,0.0,0.0,0.0,0.0,0.0,43.0,56
520460,2014,1.0,0.0,0.0,0.0,0.0,13.0,0.0,6.0,3.0,7.0,33.0,50
520460,2015,3.0,0.0,0.0,1.0,0.0,16.0,1.0,5.0,1.0,3.0,37.0,44
520460,2016,1.0,0.0,0.0,1.0,0.0,15.0,4.0,1.0,7.0,1.0,34.0,47
520460,2017,2.0,0.0,2.0,0.0,0.0,11.0,3.0,0.0,4.0,1.0,27.0,34
520460,2018,1.0,0.0,3.0,0.0,0.0,25.0,9.0,0.0,10.0,0.0,50.0,61
520460,2019,1.0,0.0,0.0,0.0,0.0,13.0,6.0,0.0,7.0,1.0,28.0,42
520465,2012,1.0,0.0,0.0,3.0,1.0,11.0,1.0,4.0,1.0,4.0,26.0,43
520465,2013,0.0,0.0,0.0,0.0,0.0,0.0,0.0,0.0,0.0,0.0,26.0,42
520465,2014,3.0,0.0,0.0,1.0,0.0,10.0,0.0,3.0,2.0,8.0,27.0,43
520465,2015,1.0,0.0,0.0,0.0,0.0,7.0,1.0,3.0,3.0,4.0,19.0,29
520465,2016,1.0,0.0,0.0,0.0,0.0,10.0,2.0,3.0,5.0,3.0,26.0,40
520465,2017,1.0,0.0,0.0,0.0,0.0,10.0,2.0,4.0,1.0,3.0,21.0,38
520465,2018,1.0,0.0,0.0,0.0,0.0,12.0,1.0,3.0,4.0,7.0,28.0,37
520465,2019,3.0,0.0,2.0,0.0,0.0,5.0,0.0,5.0,2.0,4.0,21.0,25
520470,2012,9.0,0.0,1.0,1.0,2.0,26.0,7.0,9.0,15.0,28.0,104.0,159
520470,2013,0.0,0.0,0.0,0.0,0.0,0.0,0.0,0.0,0.0,0.0,106.0,158
520470,2014,12.0,0.0,7.0,1.0,0.0,28.0,8.0,12.0,20.0,20.0,120.0,162
520470,2015,3.0,2.0,0.0,5.0,1.0,33.0,8.0,14.0,26.0,25.0,125.0,185
520470,2016,5.0,0.0,2.0,3.0,2.0,43.0,11.0,13.0,14.0,34.0,129.0,169
520470,2017,8.0,0.0,0.0,9.0,1.0,32.0,3.0,21.0,9.0,28.0,115.0,148
520470,2018,6.0,1.0,2.0,10.0,3.0,55.0,8.0,22.0,12.0,22.0,144.0,172
520470,2019,6.0,1.0,1.0,4.0,2.0,57.0,5.0,9.0,14.0,19.0,118.0,148
520480,2012,2.0,0.0,0.0,1.0,1.0,9.0,1.0,0.0,4.0,8.0,30.0,54
520480,2013,0.0,0.0,0.0,0.0,0.0,0.0,0.0,0.0,0.0,0.0,45.0,73
520480,2014,1.0,0.0,4.0,1.0,1.0,8.0,8.0,3.0,7.0,4.0,37.0,62
520480,2015,0.0,0.0,2.0,0.0,0.0,22.0,4.0,4.0,9.0,4.0,46.0,66
520480,2016,1.0,0.0,0.0,1.0,1.0,16.0,2.0,0.0,8.0,3.0,33.0,67
520480,2017,2.0,0.0,0.0,0.0,0.0,15.0,1.0,6.0,7.0,7.0,39.0,71
520480,2018,1.0,0.0,3.0,1.0,2.0,24.0,7.0,0.0,11.0,8.0,58.0,86
520480,2019,3.0,0.0,0.0,1.0,2.0,12.0,9.0,3.0,15.0,11.0,56.0,87
520485,2012,4.0,0.0,2.0,2.0,2.0,17.0,3.0,10.0,8.0,16.0,64.0,106
520485,2013,0.0,0.0,0.0,0.0,0.0,0.0,0.0,0.0,0.0,0.0,63.0,86
520485,2014,2.0,0.0,3.0,0.0,1.0,15.0,9.0,10.0,15.0,15.0,71.0,111
520485,2015,5.0,0.0,2.0,0.0,3.0,31.0,3.0,8.0,10.0,16.0,79.0,118
520485,2016,4.0,0.0,2.0,2.0,1.0,27.0,2.0,4.0,15.0,11.0,69.0,114
520485,2017,2.0,0.0,0.0,3.0,2.0,43.0,15.0,5.0,25.0,10.0,107.0,144
520485,2018,4.0,0.0,4.0,1.0,0.0,41.0,9.0,4.0,18.0,6.0,88.0,118
520485,2019,3.0,0.0,0.0,1.0,0.0,34.0,2.0,6.0,17.0,6.0,69.0,104
520490,2012,6.0,0.0,6.0,1.0,2.0,44.0,8.0,10.0,27.0,33.0,151.0,326
520490,2013,0.0,0.0,0.0,0.0,0.0,0.0,0.0,0.0,0.0,0.0,204.0,381
520490,2014,5.0,2.0,5.0,5.0,2.0,51.0,19.0,14.0,20.0,28.0,154.0,343
520490,2015,9.0,0.0,6.0,5.0,2.0,65.0,18.0,12.0,33.0,13.0,164.0,355
520490,2016,7.0,0.0,6.0,5.0,3.0,45.0,11.0,6.0,22.0,11.0,124.0,282
520490,2017,13.0,0.0,4.0,1.0,2.0,63.0,13.0,7.0,29.0,12.0,153.0,331
520490,2018,20.0,1.0,2.0,2.0,2.0,47.0,16.0,14.0,29.0,35.0,172.0,320
520490,2019,15.0,2.0,2.0,5.0,2.0,65.0,12.0,17.0,22.0,39.0,182.0,337
520495,2012,1.0,0.0,2.0,4.0,2.0,9.0,0.0,1.0,0.0,6.0,25.0,56
520495,2013,0.0,0.0,0.0,0.0,0.0,0.0,0.0,0.0,0.0,0.0,28.0,49
520495,2014,1.0,0.0,2.0,3.0,2.0,9.0,1.0,1.0,1.0,9.0,31.0,54
520495,2015,2.0,1.0,2.0,0.0,1.0,8.0,2.0,3.0,4.0,6.0,30.0,52
520495,2016,0.0,0.0,0.0,0.0,0.0,3.0,0.0,1.0,1.0,2.0,8.0,28
520495,2017,0.0,0.0,0.0,0.0,1.0,10.0,1.0,1.0,3.0,8.0,26.0,60
520495,2018,2.0,0.0,0.0,1.0,1.0,10.0,1.0,1.0,3.0,4.0,23.0,49
520495,2019,2.0,1.0,0.0,2.0,2.0,7.0,3.0,2.0,2.0,2.0,23.0,49
520500,2012,0.0,1.0,2.0,5.0,4.0,17.0,1.0,1.0,3.0,27.0,61.0,91
520500,2013,0.0,0.0,0.0,0.0,0.0,0.0,0.0,0.0,0.0,0.0,82.0,121
520500,2014,3.0,0.0,2.0,2.0,1.0,39.0,2.0,8.0,5.0,25.0,90.0,131
520500,2015,2.0,2.0,0.0,5.0,1.0,30.0,4.0,13.0,4.0,14.0,77.0,118
520500,2016,5.0,1.0,2.0,3.0,3.0,32.0,3.0,7.0,16.0,17.0,90.0,125
520500,2017,3.0,2.0,4.0,0.0,0.0,34.0,5.0,9.0,5.0,13.0,75.0,120
520500,2018,7.0,0.0,0.0,0.0,0.0,30.0,2.0,9.0,4.0,23.0,76.0,115
520500,2019,6.0,0.0,4.0,1.0,0.0,34.0,2.0,8.0,2.0,13.0,70.0,107
520505,2012,4.0,0.0,0.0,0.0,0.0,15.0,0.0,1.0,4.0,2.0,27.0,39
520505,2013,0.0,0.0,0.0,0.0,0.0,0.0,0.0,0.0,0.0,0.0,18.0,32
520505,2014,0.0,0.0,0.0,0.0,0.0,9.0,2.0,1.0,5.0,3.0,21.0,28
520505,2015,1.0,0.0,1.0,0.0,0.0,6.0,0.0,0.0,5.0,2.0,15.0,25
520505,2016,0.0,0.0,0.0,0.0,0.0,7.0,2.0,0.0,3.0,0.0,13.0,32
520505,2017,1.0,0.0,0.0,1.0,0.0,9.0,3.0,0.0,6.0,3.0,24.0,34
520505,2018,0.0,0.0,4.0,0.0,0.0,8.0,1.0,0.0,4.0,1.0,18.0,31
520505,2019,1.0,1.0,0.0,1.0,0.0,6.0,0.0,0.0,7.0,6.0,22.0,40
520510,2012,105.0,0.0,12.0,22.0,11.0,308.0,31.0,35.0,171.0,187.0,931.0,1309
520510,2013,0.0,0.0,0.0,0.0,0.0,0.0,0.0,0.0,0.0,0.0,980.0,1330
520510,2014,62.0,1.0,31.0,26.0,19.0,368.0,96.0,58.0,290.0,133.0,1099.0,1445
520510,2015,71.0,1.0,38.0,25.0,14.0,384.0,100.0,48.0,281.0,125.0,1114.0,1513
520510,2016,51.0,1.0,22.0,25.0,27.0,379.0,84.0,49.0,253.0,153.0,1066.0,1464
520510,2017,64.0,2.0,20.0,20.0,17.0,443.0,72.0,58.0,246.0,170.0,1125.0,1479
520510,2018,75.0,1.0,24.0,24.0,25.0,440.0,73.0,46.0,225.0,142.0,1090.0,1454
520510,2019,92.0,2.0,34.0,32.0,16.0,424.0,76.0,56.0,232.0,157.0,1124.0,1418
520520,2012,7.0,0.0,0.0,1.0,1.0,10.0,0.0,3.0,2.0,5.0,36.0,53
520520,2013,0.0,0.0,0.0,0.0,0.0,0.0,0.0,0.0,0.0,0.0,31.0,42
520520,2014,3.0,0.0,0.0,1.0,0.0,15.0,2.0,3.0,7.0,10.0,44.0,53
520520,2015,0.0,0.0,0.0,1.0,0.0,6.0,0.0,5.0,1.0,4.0,21.0,27
520520,2016,2.0,0.0,3.0,2.0,0.0,13.0,1.0,7.0,0.0,10.0,41.0,57
520520,2017,6.0,0.0,4.0,2.0,1.0,21.0,1.0,4.0,2.0,11.0,53.0,61
520520,2018,1.0,0.0,1.0,0.0,0.0,21.0,2.0,4.0,0.0,13.0,49.0,62
520520,2019,1.0,0.0,3.0,0.0,0.0,19.0,2.0,5.0,3.0,7.0,40.0,49
520530,2012,3.0,0.0,1.0,3.0,0.0,8.0,2.0,1.0,4.0,8.0,40.0,144
520530,2013,0.0,0.0,0.0,0.0,0.0,0.0,0.0,0.0,0.0,0.0,48.0,156
520530,2014,1.0,0.0,0.0,0.0,2.0,9.0,3.0,4.0,5.0,4.0,28.0,123
520530,2015,2.0,0.0,1.0,2.0,0.0,13.0,8.0,3.0,6.0,4.0,43.0,144
520530,2016,4.0,0.0,1.0,2.0,2.0,12.0,1.0,2.0,5.0,8.0,38.0,140
520530,2017,0.0,0.0,2.0,0.0,1.0,16.0,3.0,6.0,2.0,13.0,43.0,140
520530,2018,2.0,0.0,4.0,1.0,1.0,17.0,2.0,4.0,8.0,17.0,57.0,149
520530,2019,4.0,0.0,4.0,2.0,0.0,16.0,4.0,5.0,4.0,12.0,51.0,126
520540,2012,13.0,14.0,2.0,9.0,13.0,41.0,4.0,7.0,20.0,46.0,175.0,244
520540,2013,0.0,0.0,0.0,0.0,0.0,0.0,0.0,0.0,0.0,0.0,176.0,246
520540,2014,13.0,4.0,4.0,3.0,4.0,77.0,8.0,23.0,23.0,48.0,212.0,281
520540,2015,7.0,1.0,7.0,3.0,10.0,67.0,3.0,24.0,17.0,61.0,206.0,294
520540,2016,15.0,2.0,12.0,6.0,4.0,76.0,9.0,12.0,23.0,48.0,215.0,287
520540,2017,15.0,5.0,6.0,7.0,5.0,82.0,12.0,14.0,33.0,35.0,217.0,295
520540,2018,18.0,5.0,15.0,4.0,1.0,82.0,5.0,17.0,17.0,49.0,217.0,292
520540,2019,17.0,3.0,3.0,5.0,5.0,107.0,9.0,24.0,17.0,66.0,256.0,323
520545,2012,6.0,0.0,2.0,3.0,4.0,29.0,6.0,1.0,29.0,8.0,96.0,130
520545,2013,0.0,0.0,0.0,0.0,0.0,0.0,0.0,0.0,0.0,0.0,94.0,128
520545,2014,3.0,0.0,2.0,1.0,1.0,33.0,17.0,5.0,24.0,12.0,106.0,124
520545,2015,7.0,0.0,3.0,0.0,1.0,40.0,8.0,5.0,21.0,13.0,111.0,145
520545,2016,3.0,0.0,0.0,4.0,4.0,27.0,4.0,7.0,20.0,14.0,94.0,121
520545,2017,6.0,0.0,0.0,3.0,1.0,43.0,12.0,0.0,8.0,8.0,90.0,107
520545,2018,4.0,1.0,4.0,0.0,0.0,36.0,10.0,4.0,19.0,18.0,105.0,131
520545,2019,7.0,0.0,0.0,1.0,1.0,48.0,15.0,1.0,14.0,9.0,96.0,115
520547,2012,10.0,0.0,0.0,1.0,1.0,47.0,14.0,5.0,37.0,12.0,129.0,166
520547,2013,0.0,0.0,0.0,0.0,0.0,0.0,0.0,0.0,0.0,0.0,146.0,168
520547,2014,7.0,1.0,2.0,6.0,3.0,40.0,27.0,3.0,35.0,12.0,140.0,167
520547,2015,1.0,0.0,4.0,7.0,4.0,43.0,17.0,5.0,44.0,9.0,137.0,197
520547,2016,5.0,0.0,0.0,4.0,2.0,49.0,24.0,8.0,32.0,8.0,137.0,187
520547,2017,10.0,0.0,4.0,3.0,6.0,61.0,11.0,11.0,23.0,19.0,150.0,191
520547,2018,20.0,0.0,0.0,1.0,2.0,85.0,11.0,24.0,14.0,48.0,206.0,238
520547,2019,24.0,2.0,8.0,2.0,0.0,88.0,7.0,15.0,13.0,40.0,199.0,256
520549,2012,42.0,0.0,26.0,24.0,28.0,135.0,26.0,14.0,63.0,68.0,503.0,1030
520549,2013,0.0,0.0,0.0,0.0,0.0,0.0,0.0,0.0,0.0,0.0,501.0,998
520549,2014,44.0,1.0,27.0,35.0,18.0,174.0,39.0,55.0,99.0,65.0,590.0,1185
520549,2015,34.0,0.0,15.0,16.0,13.0,172.0,29.0,43.0,65.0,60.0,504.0,1094
520549,2016,56.0,2.0,19.0,14.0,8.0,148.0,31.0,31.0,63.0,67.0,493.0,1052
520549,2017,45.0,1.0,21.0,10.0,8.0,168.0,34.0,34.0,59.0,75.0,544.0,1098
520549,2018,49.0,1.0,25.0,12.0,8.0,185.0,37.0,41.0,69.0,74.0,530.0,1076
520549,2019,57.0,0.0,19.0,27.0,12.0,166.0,30.0,39.0,62.0,62.0,527.0,1072
520551,2012,6.0,0.0,1.0,4.0,4.0,32.0,4.0,5.0,13.0,14.0,92.0,203
520551,2013,0.0,0.0,0.0,0.0,0.0,0.0,0.0,0.0,0.0,0.0,116.0,212
520551,2014,8.0,0.0,2.0,4.0,2.0,32.0,9.0,15.0,14.0,13.0,106.0,228
520551,2015,7.0,0.0,2.0,3.0,1.0,42.0,9.0,15.0,15.0,15.0,117.0,246
520551,2016,4.0,0.0,9.0,2.0,2.0,40.0,7.0,9.0,23.0,14.0,113.0,230
520551,2017,7.0,0.0,2.0,7.0,0.0,32.0,12.0,4.0,22.0,12.0,100.0,214
520551,2018,6.0,0.0,2.0,4.0,2.0,42.0,10.0,4.0,34.0,16.0,124.0,220
520551,2019,13.0,0.0,6.0,5.0,3.0,57.0,20.0,6.0,20.0,17.0,148.0,255
520552,2012,3.0,1.0,1.0,0.0,0.0,4.0,0.0,1.0,1.0,2.0,13.0,41
520552,2013,0.0,0.0,0.0,0.0,0.0,0.0,0.0,0.0,0.0,0.0,23.0,46
520552,2014,0.0,0.0,1.0,0.0,0.0,8.0,1.0,1.0,2.0,4.0,18.0,38
520552,2015,0.0,0.0,0.0,2.0,0.0,8.0,0.0,2.0,2.0,2.0,16.0,45
520552,2016,2.0,0.0,0.0,1.0,0.0,7.0,2.0,3.0,1.0,2.0,20.0,40
520552,2017,1.0,0.0,0.0,1.0,1.0,9.0,0.0,5.0,1.0,5.0,24.0,49
520552,2018,0.0,0.0,0.0,0.0,0.0,5.0,1.0,0.0,2.0,4.0,14.0,38
520552,2019,2.0,0.0,0.0,0.0,0.0,3.0,2.0,1.0,3.0,2.0,13.0,31
520570,2012,4.0,1.0,0.0,0.0,0.0,11.0,0.0,0.0,0.0,3.0,21.0,24
520570,2013,0.0,0.0,0.0,0.0,0.0,0.0,0.0,0.0,0.0,0.0,16.0,23
520570,2014,0.0,1.0,0.0,2.0,1.0,11.0,0.0,4.0,2.0,5.0,27.0,34
520570,2015,0.0,0.0,0.0,2.0,0.0,7.0,1.0,2.0,2.0,6.0,21.0,24
520570,2016,0.0,1.0,0.0,1.0,0.0,11.0,0.0,2.0,0.0,9.0,25.0,28
520570,2017,0.0,0.0,0.0,1.0,1.0,6.0,1.0,1.0,2.0,14.0,28.0,40
520570,2018,1.0,0.0,0.0,0.0,0.0,10.0,1.0,1.0,1.0,10.0,25.0,29
520570,2019,1.0,0.0,1.0,1.0,0.0,15.0,0.0,2.0,1.0,7.0,28.0,35
520580,2012,3.0,0.0,0.0,0.0,0.0,24.0,4.0,5.0,10.0,5.0,53.0,102
520580,2013,0.0,0.0,0.0,0.0,0.0,0.0,0.0,0.0,0.0,0.0,65.0,111
520580,2014,2.0,0.0,1.0,1.0,1.0,21.0,8.0,5.0,13.0,12.0,66.0,104
520580,2015,4.0,0.0,0.0,0.0,0.0,19.0,5.0,5.0,9.0,10.0,53.0,99
520580,2016,1.0,0.0,2.0,1.0,1.0,18.0,7.0,1.0,13.0,8.0,53.0,88
520580,2017,4.0,0.0,2.0,2.0,1.0,18.0,16.0,2.0,17.0,8.0,70.0,100
520580,2018,1.0,0.0,1.0,3.0,2.0,27.0,11.0,4.0,11.0,3.0,63.0,87
520580,2019,2.0,0.0,0.0,2.0,1.0,29.0,10.0,4.0,11.0,7.0,66.0,96
520590,2012,10.0,0.0,0.0,2.0,4.0,36.0,4.0,2.0,15.0,12.0,92.0,109
520590,2013,0.0,0.0,0.0,0.0,0.0,0.0,0.0,0.0,0.0,0.0,67.0,96
520590,2014,2.0,2.0,7.0,3.0,0.0,31.0,8.0,9.0,11.0,10.0,85.0,102
520590,2015,5.0,0.0,0.0,2.0,0.0,20.0,5.0,8.0,11.0,8.0,62.0,77
520590,2016,5.0,0.0,0.0,2.0,0.0,25.0,6.0,4.0,21.0,15.0,79.0,96
520590,2017,4.0,0.0,8.0,2.0,0.0,31.0,4.0,13.0,14.0,11.0,87.0,98
520590,2018,5.0,2.0,0.0,1.0,1.0,31.0,3.0,6.0,14.0,12.0,77.0,102
520590,2019,4.0,0.0,1.0,2.0,1.0,24.0,6.0,8.0,8.0,5.0,60.0,82
520620,2012,30.0,3.0,4.0,8.0,4.0,99.0,32.0,11.0,52.0,33.0,365.0,733
520620,2013,0.0,0.0,0.0,0.0,0.0,0.0,0.0,0.0,0.0,0.0,413.0,800
520620,2014,32.0,0.0,11.0,14.0,5.0,149.0,18.0,32.0,42.0,90.0,419.0,848
520620,2015,37.0,0.0,16.0,10.0,6.0,168.0,37.0,45.0,69.0,83.0,497.0,930
520620,2016,45.0,1.0,6.0,6.0,6.0,145.0,38.0,38.0,83.0,63.0,448.0,900
520620,2017,35.0,1.0,8.0,9.0,3.0,193.0,81.0,24.0,97.0,63.0,525.0,909
520620,2018,49.0,3.0,13.0,13.0,9.0,191.0,45.0,41.0,88.0,64.0,527.0,965
520620,2019,26.0,1.0,13.0,16.0,12.0,202.0,44.0,35.0,44.0,81.0,488.0,990
520630,2012,2.0,0.0,0.0,2.0,0.0,8.0,4.0,1.0,1.0,4.0,25.0,28
520630,2013,0.0,0.0,0.0,0.0,0.0,0.0,0.0,0.0,0.0,0.0,21.0,32
520630,2014,1.0,0.0,2.0,2.0,0.0,11.0,0.0,0.0,0.0,7.0,27.0,38
520630,2015,0.0,0.0,0.0,0.0,0.0,7.0,0.0,3.0,3.0,4.0,21.0,27
520630,2016,1.0,0.0,0.0,0.0,0.0,5.0,0.0,1.0,1.0,6.0,17.0,25
520630,2017,0.0,0.0,0.0,1.0,0.0,12.0,0.0,0.0,4.0,6.0,27.0,36
520630,2018,1.0,0.0,0.0,0.0,1.0,7.0,2.0,1.0,1.0,6.0,24.0,36
520630,2019,1.0,0.0,0.0,1.0,0.0,12.0,1.0,4.0,1.0,8.0,28.0,31
520640,2012,9.0,0.0,2.0,20.0,17.0,44.0,3.0,9.0,3.0,50.0,165.0,224
520640,2013,0.0,0.0,0.0,0.0,0.0,0.0,0.0,0.0,0.0,0.0,147.0,195
520640,2014,12.0,0.0,5.0,9.0,13.0,41.0,8.0,11.0,8.0,51.0,183.0,240
520640,2015,8.0,3.0,4.0,11.0,1.0,52.0,7.0,14.0,12.0,35.0,159.0,225
520640,2016,10.0,0.0,0.0,3.0,2.0,65.0,7.0,12.0,16.0,27.0,148.0,207
520640,2017,10.0,2.0,0.0,0.0,0.0,77.0,16.0,12.0,38.0,33.0,194.0,243
520640,2018,13.0,0.0,1.0,1.0,0.0,66.0,6.0,17.0,27.0,45.0,182.0,221
520640,2019,16.0,3.0,2.0,5.0,5.0,80.0,9.0,13.0,16.0,49.0,198.0,242
520650,2012,3.0,0.0,0.0,0.0,0.0,1.0,1.0,2.0,6.0,2.0,16.0,23
520650,2013,0.0,0.0,0.0,0.0,0.0,0.0,0.0,0.0,0.0,0.0,45.0,60
520650,2014,1.0,0.0,0.0,0.0,1.0,11.0,0.0,3.0,0.0,2.0,21.0,36
520650,2015,3.0,0.0,2.0,0.0,1.0,11.0,1.0,1.0,1.0,5.0,30.0,36
520650,2016,1.0,0.0,0.0,1.0,1.0,13.0,0.0,0.0,3.0,4.0,26.0,34
520650,2017,0.0,0.0,0.0,1.0,0.0,10.0,0.0,3.0,1.0,2.0,21.0,31
520650,2018,3.0,0.0,0.0,0.0,0.0,11.0,1.0,2.0,2.0,4.0,24.0,28
520650,2019,3.0,0.0,0.0,1.0,0.0,9.0,1.0,2.0,1.0,2.0,19.0,23
520660,2012,5.0,0.0,0.0,0.0,0.0,12.0,1.0,1.0,2.0,4.0,27.0,32
520660,2013,0.0,0.0,0.0,0.0,0.0,0.0,0.0,0.0,0.0,0.0,18.0,26
520660,2014,1.0,0.0,0.0,0.0,3.0,11.0,1.0,2.0,5.0,2.0,25.0,37
520660,2015,1.0,0.0,2.0,0.0,1.0,8.0,2.0,1.0,2.0,3.0,20.0,26
520660,2016,1.0,0.0,0.0,0.0,1.0,9.0,1.0,3.0,3.0,0.0,18.0,21
520660,2017,0.0,0.0,0.0,0.0,0.0,9.0,2.0,2.0,4.0,4.0,21.0,31
520660,2018,0.0,0.0,0.0,0.0,0.0,7.0,3.0,2.0,4.0,3.0,19.0,34
520660,2019,2.0,0.0,2.0,1.0,0.0,11.0,3.0,3.0,5.0,6.0,33.0,36
520670,2012,2.0,0.0,5.0,3.0,0.0,5.0,0.0,2.0,0.0,11.0,28.0,42
520670,2013,0.0,0.0,0.0,0.0,0.0,0.0,0.0,0.0,0.0,0.0,23.0,48
520670,2014,2.0,0.0,0.0,7.0,2.0,9.0,1.0,1.0,1.0,2.0,25.0,52
520670,2015,0.0,0.0,0.0,8.0,4.0,2.0,1.0,2.0,0.0,6.0,23.0,44
520670,2016,1.0,0.0,0.0,4.0,2.0,8.0,0.0,4.0,0.0,10.0,29.0,46
520670,2017,2.0,0.0,0.0,0.0,0.0,9.0,1.0,4.0,2.0,4.0,22.0,46
520670,2018,2.0,0.0,0.0,1.0,0.0,15.0,0.0,1.0,1.0,12.0,32.0,59
520670,2019,1.0,0.0,0.0,0.0,0.0,19.0,1.0,2.0,4.0,8.0,35.0,60
520680,2012,1.0,0.0,0.0,0.0,0.0,9.0,1.0,0.0,4.0,4.0,23.0,29
520680,2013,0.0,0.0,0.0,0.0,0.0,0.0,0.0,0.0,0.0,0.0,23.0,29
520680,2014,2.0,0.0,0.0,0.0,0.0,5.0,0.0,7.0,2.0,4.0,20.0,25
520680,2015,2.0,0.0,0.0,0.0,0.0,7.0,0.0,1.0,2.0,6.0,19.0,21
520680,2016,3.0,0.0,0.0,0.0,0.0,6.0,1.0,2.0,1.0,13.0,30.0,35
520680,2017,2.0,0.0,2.0,0.0,0.0,8.0,0.0,2.0,2.0,8.0,24.0,31
520680,2018,2.0,0.0,0.0,0.0,0.0,6.0,2.0,0.0,0.0,5.0,15.0,21
520680,2019,2.0,0.0,2.0,1.0,0.0,6.0,0.0,4.0,3.0,8.0,26.0,36
520690,2012,1.0,0.0,2.0,0.0,0.0,3.0,0.0,3.0,0.0,2.0,12.0,17
520690,2013,0.0,0.0,0.0,0.0,0.0,0.0,0.0,0.0,0.0,0.0,13.0,16
520690,2014,0.0,0.0,0.0,0.0,1.0,5.0,0.0,0.0,3.0,0.0,9.0,11
520690,2015,0.0,0.0,2.0,0.0,1.0,9.0,2.0,0.0,3.0,2.0,19.0,24
520690,2016,3.0,0.0,0.0,0.0,0.0,3.0,3.0,1.0,3.0,0.0,13.0,16
520690,2017,0.0,0.0,0.0,0.0,0.0,4.0,3.0,1.0,1.0,2.0,12.0,16
520690,2018,1.0,0.0,0.0,1.0,0.0,7.0,2.0,2.0,3.0,1.0,18.0,24
520690,2019,1.0,0.0,0.0,0.0,1.0,3.0,1.0,0.0,4.0,0.0,10.0,16
520710,2012,1.0,0.0,0.0,1.0,0.0,4.0,1.0,3.0,0.0,3.0,18.0,18
520710,2013,0.0,0.0,0.0,0.0,0.0,0.0,0.0,0.0,0.0,0.0,16.0,18
520710,2014,0.0,1.0,1.0,0.0,0.0,6.0,1.0,1.0,3.0,3.0,22.0,29
520710,2015,0.0,0.0,2.0,0.0,0.0,8.0,0.0,1.0,0.0,4.0,16.0,22
520710,2016,0.0,0.0,0.0,0.0,0.0,4.0,0.0,2.0,2.0,2.0,10.0,16
520710,2017,0.0,0.0,0.0,0.0,0.0,5.0,0.0,2.0,0.0,6.0,13.0,21
520710,2018,1.0,0.0,0.0,0.0,1.0,7.0,1.0,1.0,0.0,4.0,15.0,16
520710,2019,1.0,0.0,0.0,0.0,0.0,10.0,0.0,0.0,2.0,7.0,20.0,22
520725,2012,2.0,0.0,2.0,0.0,0.0,22.0,2.0,1.0,7.0,12.0,54.0,76
520725,2013,0.0,0.0,0.0,0.0,0.0,0.0,0.0,0.0,0.0,0.0,51.0,61
520725,2014,4.0,0.0,0.0,1.0,1.0,36.0,8.0,4.0,20.0,10.0,84.0,98
520725,2015,4.0,0.0,0.0,4.0,2.0,25.0,2.0,5.0,20.0,16.0,79.0,92
520725,2016,2.0,0.0,4.0,2.0,2.0,34.0,1.0,6.0,9.0,17.0,78.0,97
520725,2017,1.0,0.0,0.0,0.0,0.0,23.0,2.0,6.0,4.0,17.0,53.0,66
520725,2018,7.0,0.0,4.0,1.0,1.0,33.0,0.0,5.0,2.0,16.0,71.0,89
520725,2019,3.0,0.0,0.0,1.0,0.0,24.0,1.0,3.0,3.0,19.0,54.0,64
520735,2012,1.0,2.0,0.0,1.0,1.0,11.0,3.0,4.0,6.0,12.0,43.0,51
520735,2013,0.0,0.0,0.0,0.0,0.0,0.0,0.0,0.0,0.0,0.0,33.0,47
520735,2014,1.0,0.0,0.0,0.0,0.0,7.0,1.0,2.0,5.0,5.0,23.0,39
520735,2015,0.0,0.0,0.0,0.0,0.0,15.0,0.0,4.0,6.0,7.0,37.0,55
520735,2016,2.0,0.0,0.0,1.0,3.0,16.0,0.0,4.0,4.0,9.0,41.0,49
520735,2017,2.0,0.0,0.0,0.0,0.0,18.0,3.0,1.0,3.0,3.0,34.0,51
520735,2018,2.0,0.0,0.0,1.0,1.0,15.0,2.0,1.0,3.0,10.0,35.0,50
520735,2019,6.0,0.0,1.0,1.0,2.0,9.0,3.0,3.0,3.0,4.0,32.0,42
520740,2012,13.0,0.0,0.0,1.0,2.0,21.0,12.0,3.0,12.0,17.0,102.0,148
520740,2013,0.0,0.0,0.0,0.0,0.0,0.0,0.0,0.0,0.0,0.0,102.0,148
520740,2014,1.0,1.0,2.0,1.0,0.0,41.0,6.0,5.0,13.0,15.0,102.0,124
520740,2015,4.0,0.0,3.0,2.0,0.0,33.0,4.0,10.0,9.0,21.0,104.0,134
520740,2016,4.0,0.0,8.0,1.0,1.0,36.0,3.0,4.0,17.0,16.0,105.0,131
520740,2017,6.0,0.0,0.0,0.0,2.0,52.0,8.0,7.0,17.0,17.0,128.0,149
520740,2018,4.0,0.0,2.0,2.0,0.0,57.0,16.0,5.0,23.0,22.0,143.0,176
520740,2019,9.0,0.0,2.0,3.0,2.0,67.0,22.0,6.0,40.0,7.0,159.0,171
520750,2012,3.0,0.0,2.0,0.0,0.0,9.0,0.0,1.0,10.0,2.0,38.0,48
520750,2013,0.0,0.0,0.0,0.0,0.0,0.0,0.0,0.0,0.0,0.0,22.0,45
520750,2014,1.0,1.0,0.0,0.0,0.0,11.0,0.0,1.0,4.0,7.0,27.0,45
520750,2015,1.0,2.0,0.0,1.0,0.0,14.0,1.0,3.0,5.0,9.0,38.0,58
520750,2016,4.0,0.0,0.0,0.0,2.0,7.0,0.0,3.0,5.0,5.0,27.0,38
520750,2017,1.0,0.0,0.0,3.0,2.0,18.0,0.0,1.0,3.0,4.0,34.0,55
520750,2018,1.0,0.0,4.0,1.0,0.0,14.0,1.0,1.0,6.0,1.0,30.0,38
520750,2019,1.0,0.0,2.0,0.0,0.0,7.0,1.0,3.0,3.0,5.0,22.0,29
520753,2012,5.0,0.0,2.0,0.0,0.0,4.0,1.0,1.0,1.0,6.0,35.0,46
520753,2013,0.0,0.0,0.0,0.0,0.0,0.0,0.0,0.0,0.0,0.0,39.0,61
520753,2014,2.0,0.0,0.0,0.0,0.0,9.0,1.0,12.0,1.0,6.0,43.0,61
520753,2015,2.0,0.0,0.0,0.0,0.0,11.0,0.0,3.0,0.0,11.0,31.0,53
520753,2016,1.0,1.0,2.0,2.0,0.0,14.0,3.0,6.0,2.0,9.0,46.0,61
520753,2017,0.0,1.0,0.0,6.0,2.0,23.0,1.0,3.0,4.0,9.0,55.0,79
520753,2018,2.0,0.0,0.0,1.0,0.0,11.0,4.0,3.0,6.0,6.0,35.0,46
520753,2019,6.0,0.0,0.0,1.0,0.0,17.0,2.0,2.0,6.0,8.0,42.0,56
520760,2012,2.0,0.0,4.0,0.0,1.0,19.0,2.0,3.0,5.0,11.0,51.0,66
520760,2013,0.0,0.0,0.0,0.0,0.0,0.0,0.0,0.0,0.0,0.0,45.0,55
520760,2014,1.0,0.0,0.0,4.0,1.0,8.0,2.0,1.0,2.0,6.0,32.0,49
520760,2015,0.0,1.0,0.0,0.0,0.0,18.0,0.0,1.0,3.0,9.0,33.0,51
520760,2016,2.0,0.0,0.0,0.0,0.0,19.0,2.0,10.0,3.0,4.0,41.0,49
520760,2017,4.0,1.0,0.0,0.0,0.0,19.0,1.0,2.0,1.0,5.0,34.0,48
520760,2018,1.0,0.0,0.0,0.0,0.0,22.0,3.0,6.0,1.0,10.0,47.0,56
520760,2019,3.0,0.0,2.0,0.0,2.0,19.0,0.0,4.0,4.0,8.0,42.0,51
520780,2012,6.0,3.0,0.0,0.0,0.0,23.0,3.0,1.0,16.0,11.0,80.0,94
520780,2013,0.0,0.0,0.0,0.0,0.0,0.0,0.0,0.0,0.0,0.0,78.0,91
520780,2014,8.0,1.0,2.0,3.0,1.0,18.0,3.0,7.0,8.0,20.0,79.0,93
520780,2015,4.0,1.0,0.0,2.0,0.0,20.0,7.0,5.0,15.0,14.0,76.0,98
520780,2016,2.0,0.0,0.0,0.0,1.0,28.0,1.0,6.0,13.0,21.0,78.0,94
520780,2017,2.0,0.0,3.0,0.0,0.0,38.0,1.0,5.0,8.0,18.0,81.0,99
520780,2018,5.0,0.0,1.0,1.0,0.0,34.0,1.0,4.0,6.0,16.0,77.0,89
520780,2019,3.0,0.0,0.0,2.0,1.0,33.0,4.0,6.0,7.0,13.0,69.0,76
520790,2012,7.0,0.0,0.0,3.0,1.0,9.0,2.0,2.0,4.0,11.0,40.0,93
520790,2013,0.0,0.0,0.0,0.0,0.0,0.0,0.0,0.0,0.0,0.0,54.0,112
520790,2014,2.0,1.0,0.0,1.0,3.0,13.0,1.0,5.0,6.0,3.0,36.0,92
520790,2015,2.0,0.0,0.0,2.0,1.0,20.0,5.0,1.0,8.0,10.0,50.0,107
520790,2016,2.0,0.0,0.0,1.0,0.0,10.0,2.0,5.0,4.0,5.0,30.0,75
520790,2017,5.0,0.0,0.0,1.0,3.0,23.0,2.0,2.0,4.0,10.0,51.0,115
520790,2018,1.0,0.0,2.0,0.0,0.0,18.0,2.0,2.0,5.0,9.0,41.0,102
520790,2019,3.0,0.0,4.0,1.0,0.0,22.0,5.0,4.0,2.0,6.0,48.0,103
520800,2012,86.0,0.0,17.0,51.0,37.0,256.0,44.0,67.0,171.0,194.0,947.0,1719
520800,2013,0.0,0.0,0.0,0.0,0.0,0.0,0.0,0.0,0.0,0.0,1004.0,1783
520800,2014,61.0,1.0,25.0,31.0,31.0,309.0,91.0,87.0,168.0,173.0,997.0,1776
520800,2015,78.0,1.0,33.0,51.0,38.0,304.0,98.0,69.0,184.0,164.0,1035.0,1807
520800,2016,56.0,1.0,17.0,21.0,29.0,319.0,68.0,109.0,172.0,210.0,1017.0,1784
520800,2017,69.0,1.0,22.0,20.0,12.0,406.0,68.0,117.0,132.0,256.0,1121.0,1834
520800,2018,72.0,4.0,27.0,37.0,31.0,355.0,69.0,84.0,143.0,155.0,993.0,1827
520800,2019,79.0,1.0,23.0,33.0,20.0,373.0,69.0,73.0,140.0,141.0,958.0,1677
520810,2012,1.0,0.0,1.0,0.0,0.0,17.0,2.0,3.0,7.0,7.0,38.0,57
520810,2013,0.0,0.0,0.0,0.0,0.0,0.0,0.0,0.0,0.0,0.0,48.0,62
520810,2014,3.0,0.0,0.0,3.0,0.0,34.0,0.0,0.0,0.0,4.0,44.0,56
520810,2015,2.0,0.0,0.0,3.0,0.0,31.0,0.0,1.0,1.0,2.0,42.0,54
520810,2016,4.0,0.0,0.0,0.0,0.0,17.0,0.0,3.0,4.0,12.0,43.0,52
520810,2017,4.0,0.0,0.0,0.0,2.0,19.0,1.0,2.0,7.0,11.0,48.0,58
520810,2018,1.0,0.0,0.0,1.0,0.0,19.0,8.0,1.0,12.0,8.0,50.0,54
520810,2019,3.0,0.0,2.0,2.0,0.0,26.0,10.0,0.0,17.0,3.0,63.0,71
520815,2012,0.0,0.0,0.0,0.0,1.0,6.0,2.0,0.0,1.0,1.0,13.0,29
520815,2013,0.0,0.0,0.0,0.0,0.0,0.0,0.0,0.0,0.0,0.0,20.0,31
520815,2014,1.0,0.0,0.0,0.0,2.0,8.0,1.0,2.0,5.0,2.0,22.0,35
520815,2015,1.0,0.0,0.0,0.0,0.0,6.0,1.0,1.0,4.0,1.0,16.0,26
520815,2016,0.0,0.0,2.0,1.0,0.0,10.0,3.0,0.0,2.0,3.0,22.0,34
520815,2017,2.0,0.0,0.0,1.0,0.0,14.0,3.0,0.0,7.0,1.0,28.0,42
520815,2018,1.0,0.0,0.0,1.0,0.0,7.0,2.0,1.0,7.0,2.0,21.0,37
520815,2019,0.0,0.0,0.0,0.0,0.0,8.0,6.0,4.0,1.0,5.0,24.0,35
520830,2012,4.0,0.0,1.0,4.0,0.0,8.0,2.0,4.0,1.0,8.0,44.0,98
520830,2013,0.0,0.0,0.0,0.0,0.0,0.0,0.0,0.0,0.0,0.0,27.0,64
520830,2014,1.0,0.0,0.0,2.0,1.0,8.0,1.0,4.0,3.0,10.0,32.0,88
520830,2015,4.0,0.0,0.0,7.0,7.0,9.0,2.0,5.0,3.0,5.0,44.0,87
520830,2016,4.0,0.0,0.0,6.0,2.0,8.0,3.0,8.0,3.0,5.0,43.0,82
520830,2017,3.0,0.0,0.0,1.0,0.0,12.0,4.0,2.0,4.0,1.0,29.0,64
520830,2018,4.0,0.0,2.0,0.0,1.0,13.0,3.0,4.0,2.0,6.0,35.0,78
520830,2019,3.0,0.0,0.0,0.0,0.0,8.0,3.0,1.0,7.0,5.0,27.0,61
520840,2012,11.0,0.0,2.0,1.0,3.0,31.0,7.0,9.0,12.0,20.0,100.0,160
520840,2013,0.0,0.0,0.0,0.0,0.0,0.0,0.0,0.0,0.0,0.0,109.0,168
520840,2014,2.0,0.0,6.0,2.0,2.0,31.0,8.0,16.0,15.0,22.0,110.0,171
520840,2015,1.0,1.0,7.0,3.0,0.0,35.0,8.0,21.0,11.0,23.0,116.0,187
520840,2016,3.0,0.0,6.0,0.0,3.0,54.0,14.0,7.0,23.0,17.0,132.0,198
520840,2017,9.0,1.0,3.0,6.0,0.0,56.0,18.0,2.0,33.0,22.0,154.0,207
520840,2018,13.0,2.0,8.0,4.0,5.0,48.0,17.0,8.0,33.0,19.0,157.0,214
520840,2019,5.0,0.0,0.0,1.0,2.0,44.0,9.0,13.0,21.0,12.0,107.0,175
520850,2012,6.0,0.0,1.0,2.0,0.0,14.0,0.0,1.0,4.0,13.0,49.0,71
520850,2013,0.0,0.0,0.0,0.0,0.0,0.0,0.0,0.0,0.0,0.0,39.0,52
520850,2014,1.0,0.0,0.0,0.0,1.0,6.0,0.0,1.0,9.0,4.0,24.0,38
520850,2015,4.0,0.0,0.0,0.0,3.0,11.0,2.0,1.0,10.0,6.0,37.0,49
520850,2016,6.0,0.0,2.0,0.0,2.0,7.0,1.0,2.0,9.0,6.0,35.0,55
520850,2017,0.0,0.0,2.0,1.0,1.0,8.0,4.0,1.0,7.0,4.0,29.0,43
520850,2018,2.0,0.0,2.0,1.0,0.0,10.0,4.0,1.0,8.0,6.0,34.0,53
520850,2019,2.0,0.0,0.0,0.0,0.0,9.0,0.0,2.0,6.0,3.0,22.0,27
520860,2012,47.0,2.0,8.0,10.0,6.0,200.0,30.0,32.0,89.0,127.0,591.0,920
520860,2013,0.0,0.0,0.0,0.0,0.0,0.0,0.0,0.0,0.0,0.0,606.0,889
520860,2014,41.0,3.0,14.0,9.0,12.0,211.0,18.0,63.0,69.0,169.0,654.0,936
520860,2015,26.0,2.0,15.0,21.0,23.0,241.0,19.0,59.0,45.0,159.0,659.0,971
520860,2016,16.0,3.0,12.0,11.0,8.0,244.0,7.0,87.0,38.0,235.0,686.0,989
520860,2017,22.0,0.0,15.0,17.0,18.0,263.0,6.0,115.0,36.0,239.0,754.0,941
520860,2018,31.0,1.0,17.0,20.0,16.0,314.0,8.0,137.0,17.0,305.0,890.0,1063
520860,2019,50.0,2.0,12.0,18.0,17.0,350.0,25.0,130.0,53.0,237.0,894.0,1093
520870,2012,2353.0,43.0,411.0,153.0,168.0,2959.0,288.0,469.0,1358.0,1999.0,15945.0,21305
520870,2013,0.0,0.0,0.0,0.0,0.0,0.0,0.0,0.0,0.0,0.0,16380.0,22026
520870,2014,842.0,22.0,503.0,259.0,242.0,3500.0,455.0,1077.0,1333.0,3083.0,17106.0,22971
520870,2015,761.0,15.0,496.0,250.0,248.0,3280.0,400.0,857.0,1435.0,2453.0,16375.0,22866
520870,2016,817.0,11.0,401.0,388.0,292.0,3620.0,384.0,804.0,1251.0,2649.0,15077.0,21125
520870,2017,749.0,21.0,435.0,454.0,334.0,3919.0,374.0,706.0,1361.0,2325.0,15241.0,21418
520870,2018,1041.0,36.0,497.0,547.0,343.0,4882.0,417.0,927.0,1529.0,2690.0,15188.0,21453
520870,2019,1249.0,48.0,435.0,459.0,306.0,5508.0,496.0,1023.0,1631.0,3057.0,14251.0,20565
520880,2012,55.0,0.0,2.0,3.0,1.0,83.0,4.0,18.0,19.0,67.0,360.0,587
520880,2013,0.0,0.0,0.0,0.0,0.0,0.0,0.0,0.0,0.0,0.0,486.0,723
520880,2014,30.0,1.0,3.0,11.0,4.0,111.0,13.0,56.0,31.0,104.0,497.0,746
520880,2015,21.0,0.0,14.0,4.0,10.0,122.0,15.0,62.0,27.0,106.0,553.0,807
520880,2016,30.0,4.0,8.0,19.0,6.0,166.0,15.0,51.0,22.0,105.0,578.0,875
520880,2017,14.0,1.0,16.0,19.0,10.0,179.0,17.0,41.0,41.0,78.0,564.0,910
520880,2018,40.0,3.0,28.0,22.0,15.0,226.0,21.0,47.0,39.0,98.0,589.0,945
520880,2019,50.0,2.0,12.0,16.0,10.0,296.0,32.0,67.0,44.0,110.0,643.0,1037
520890,2012,15.0,0.0,2.0,2.0,3.0,50.0,4.0,10.0,14.0,53.0,186.0,273
520890,2013,0.0,0.0,0.0,0.0,0.0,0.0,0.0,0.0,0.0,0.0,207.0,365
520890,2014,10.0,1.0,4.0,5.0,4.0,66.0,16.0,20.0,23.0,40.0,212.0,312
520890,2015,10.0,1.0,6.0,4.0,5.0,56.0,7.0,15.0,12.0,32.0,174.0,288
520890,2016,4.0,0.0,4.0,5.0,2.0,60.0,3.0,13.0,6.0,55.0,197.0,283
520890,2017,15.0,0.0,0.0,2.0,4.0,66.0,3.0,22.0,11.0,51.0,197.0,280
520890,2018,27.0,0.0,14.0,5.0,5.0,103.0,11.0,26.0,10.0,76.0,286.0,476
520890,2019,27.0,0.0,8.0,11.0,5.0,87.0,5.0,21.0,22.0,52.0,240.0,332
520910,2012,17.0,1.0,5.0,7.0,5.0,100.0,13.0,20.0,68.0,56.0,310.0,443
520910,2013,0.0,0.0,0.0,0.0,0.0,0.0,0.0,0.0,0.0,0.0,343.0,443
520910,2014,38.0,0.0,6.0,6.0,3.0,118.0,33.0,13.0,89.0,18.0,339.0,426
520910,2015,42.0,1.0,12.0,3.0,7.0,103.0,50.0,0.0,105.0,1.0,340.0,463
520910,2016,25.0,0.0,8.0,6.0,4.0,126.0,41.0,3.0,123.0,5.0,345.0,437
520910,2017,34.0,0.0,7.0,3.0,4.0,129.0,35.0,10.0,101.0,10.0,340.0,431
520910,2018,40.0,0.0,5.0,6.0,3.0,123.0,26.0,24.0,85.0,30.0,348.0,443
520910,2019,41.0,0.0,12.0,4.0,3.0,133.0,32.0,20.0,82.0,33.0,360.0,421
520915,2012,6.0,0.0,0.0,2.0,0.0,16.0,3.0,1.0,6.0,6.0,45.0,55
520915,2013,0.0,0.0,0.0,0.0,0.0,0.0,0.0,0.0,0.0,0.0,53.0,65
520915,2014,6.0,0.0,0.0,4.0,2.0,18.0,0.0,2.0,6.0,15.0,56.0,70
520915,2015,1.0,0.0,2.0,2.0,0.0,14.0,0.0,7.0,2.0,11.0,39.0,51
520915,2016,1.0,0.0,2.0,1.0,0.0,15.0,2.0,2.0,5.0,4.0,33.0,41
520915,2017,5.0,0.0,2.0,0.0,0.0,15.0,1.0,3.0,1.0,12.0,41.0,48
520915,2018,3.0,1.0,2.0,0.0,0.0,18.0,1.0,1.0,5.0,9.0,41.0,51
520915,2019,4.0,0.0,2.0,0.0,1.0,21.0,3.0,3.0,4.0,10.0,48.0,52
520920,2012,52.0,1.0,4.0,0.0,2.0,17.0,3.0,6.0,10.0,20.0,142.0,188
520920,2013,0.0,0.0,0.0,0.0,0.0,0.0,0.0,0.0,0.0,0.0,132.0,176
520920,2014,9.0,0.0,2.0,4.0,0.0,24.0,6.0,22.0,7.0,30.0,146.0,193
520920,2015,4.0,0.0,0.0,0.0,3.0,39.0,3.0,5.0,11.0,27.0,133.0,178
520920,2016,8.0,0.0,1.0,9.0,2.0,41.0,6.0,11.0,10.0,29.0,146.0,203
520920,2017,4.0,0.0,0.0,7.0,6.0,43.0,9.0,10.0,16.0,22.0,145.0,210
520920,2018,8.0,0.0,2.0,3.0,4.0,59.0,9.0,10.0,25.0,31.0,161.0,228
520920,2019,13.0,0.0,4.0,4.0,4.0,72.0,9.0,11.0,19.0,27.0,163.0,225
520929,2012,3.0,0.0,0.0,2.0,0.0,4.0,1.0,1.0,0.0,10.0,23.0,26
520929,2013,0.0,0.0,0.0,0.0,0.0,0.0,0.0,0.0,0.0,0.0,13.0,20
520929,2014,3.0,0.0,0.0,1.0,0.0,3.0,0.0,1.0,1.0,3.0,13.0,18
520929,2015,0.0,0.0,0.0,0.0,0.0,5.0,1.0,2.0,0.0,6.0,17.0,22
520929,2016,1.0,0.0,0.0,0.0,1.0,8.0,1.0,1.0,0.0,4.0,18.0,22
520929,2017,1.0,0.0,0.0,0.0,0.0,8.0,0.0,3.0,1.0,7.0,21.0,23
520929,2018,4.0,0.0,0.0,0.0,0.0,5.0,0.0,1.0,0.0,3.0,13.0,19
520929,2019,0.0,0.0,0.0,0.0,0.0,7.0,0.0,1.0,1.0,3.0,12.0,14
520940,2012,0.0,0.0,0.0,0.0,1.0,5.0,2.0,0.0,1.0,6.0,15.0,32
520940,2013,0.0,0.0,0.0,0.0,0.0,0.0,0.0,0.0,0.0,0.0,18.0,31
520940,2014,2.0,1.0,2.0,0.0,1.0,6.0,3.0,3.0,2.0,5.0,25.0,52
520940,2015,1.0,0.0,3.0,1.0,1.0,9.0,0.0,4.0,1.0,5.0,25.0,46
520940,2016,1.0,0.0,0.0,0.0,1.0,4.0,1.0,1.0,1.0,3.0,12.0,31
520940,2017,0.0,0.0,0.0,0.0,1.0,3.0,1.0,3.0,2.0,4.0,14.0,30
520940,2018,0.0,0.0,0.0,1.0,0.0,8.0,2.0,4.0,2.0,7.0,26.0,37
520940,2019,2.0,0.0,2.0,0.0,1.0,7.0,2.0,2.0,6.0,6.0,28.0,42
520945,2012,1.0,1.0,0.0,0.0,0.0,6.0,1.0,2.0,4.0,2.0,17.0,24
520945,2013,0.0,0.0,0.0,0.0,0.0,0.0,0.0,0.0,0.0,0.0,10.0,23
520945,2014,1.0,0.0,0.0,0.0,0.0,8.0,0.0,1.0,1.0,7.0,18.0,26
520945,2015,0.0,0.0,0.0,0.0,0.0,3.0,0.0,1.0,1.0,4.0,10.0,17
520945,2016,1.0,0.0,0.0,1.0,1.0,9.0,2.0,1.0,1.0,3.0,20.0,32
520945,2017,1.0,0.0,0.0,1.0,0.0,5.0,0.0,2.0,1.0,3.0,13.0,18
520945,2018,1.0,0.0,0.0,1.0,0.0,6.0,0.0,1.0,0.0,7.0,16.0,20
520945,2019,0.0,0.0,0.0,0.0,0.0,4.0,0.0,0.0,1.0,2.0,7.0,12
520960,2012,4.0,0.0,0.0,1.0,0.0,10.0,0.0,2.0,0.0,4.0,24.0,33
520960,2013,0.0,0.0,0.0,0.0,0.0,0.0,0.0,0.0,0.0,0.0,36.0,47
520960,2014,0.0,0.0,4.0,0.0,2.0,4.0,0.0,3.0,2.0,10.0,29.0,36
520960,2015,1.0,0.0,0.0,0.0,0.0,5.0,0.0,3.0,2.0,3.0,16.0,17
520960,2016,2.0,0.0,0.0,0.0,0.0,9.0,1.0,3.0,0.0,7.0,25.0,29
520960,2017,0.0,0.0,2.0,2.0,0.0,6.0,0.0,1.0,2.0,4.0,19.0,24
520960,2018,3.0,0.0,0.0,2.0,1.0,9.0,0.0,3.0,4.0,5.0,29.0,39
520960,2019,1.0,0.0,0.0,0.0,0.0,16.0,2.0,6.0,2.0,15.0,42.0,50
520970,2012,30.0,0.0,2.0,2.0,3.0,36.0,5.0,7.0,15.0,28.0,159.0,233
520970,2013,0.0,0.0,0.0,0.0,0.0,0.0,0.0,0.0,0.0,0.0,206.0,278
520970,2014,30.0,0.0,4.0,5.0,3.0,83.0,3.0,36.0,12.0,59.0,266.0,310
520970,2015,23.0,0.0,5.0,2.0,3.0,52.0,8.0,24.0,12.0,48.0,250.0,329
520970,2016,13.0,1.0,5.0,15.0,3.0,81.0,12.0,35.0,8.0,62.0,260.0,341
520970,2017,12.0,1.0,4.0,9.0,5.0,85.0,13.0,21.0,15.0,38.0,233.0,300
520970,2018,7.0,0.0,6.0,6.0,1.0,79.0,13.0,33.0,19.0,57.0,241.0,335
520970,2019,23.0,0.0,8.0,1.0,3.0,100.0,12.0,34.0,24.0,60.0,265.0,334
520980,2012,2.0,0.0,0.0,1.0,0.0,7.0,5.0,2.0,1.0,4.0,24.0,35
520980,2013,0.0,0.0,0.0,0.0,0.0,0.0,0.0,0.0,0.0,0.0,27.0,40
520980,2014,1.0,0.0,0.0,0.0,1.0,5.0,2.0,1.0,3.0,10.0,27.0,39
520980,2015,1.0,0.0,0.0,0.0,1.0,11.0,1.0,6.0,1.0,10.0,34.0,52
520980,2016,3.0,0.0,0.0,0.0,0.0,13.0,1.0,6.0,1.0,5.0,29.0,44
520980,2017,3.0,0.0,4.0,0.0,1.0,15.0,0.0,4.0,3.0,7.0,37.0,52
520980,2018,3.0,0.0,0.0,0.0,0.0,15.0,1.0,8.0,1.0,6.0,35.0,47
520980,2019,2.0,1.0,0.0,2.0,0.0,10.0,1.0,2.0,1.0,11.0,30.0,37
520990,2012,6.0,0.0,0.0,6.0,1.0,23.0,6.0,11.0,16.0,16.0,90.0,192
520990,2013,0.0,0.0,0.0,0.0,0.0,0.0,0.0,0.0,0.0,0.0,113.0,199
520990,2014,1.0,0.0,4.0,3.0,0.0,45.0,10.0,6.0,5.0,17.0,99.0,187
520990,2015,4.0,1.0,2.0,4.0,6.0,31.0,3.0,4.0,11.0,22.0,94.0,187
520990,2016,0.0,1.0,0.0,1.0,0.0,29.0,9.0,8.0,12.0,8.0,75.0,157
520990,2017,1.0,0.0,1.0,4.0,2.0,31.0,8.0,8.0,7.0,10.0,79.0,159
520990,2018,4.0,1.0,2.0,3.0,1.0,22.0,2.0,9.0,6.0,18.0,74.0,128
520990,2019,7.0,0.0,1.0,2.0,1.0,25.0,4.0,11.0,7.0,10.0,68.0,123
520993,2012,3.0,0.0,0.0,0.0,3.0,7.0,0.0,3.0,1.0,14.0,33.0,84
520993,2013,0.0,0.0,0.0,0.0,0.0,0.0,0.0,0.0,0.0,0.0,45.0,84
520993,2014,1.0,0.0,0.0,0.0,1.0,23.0,3.0,3.0,7.0,12.0,51.0,78
520993,2015,2.0,0.0,0.0,0.0,0.0,20.0,5.0,1.0,6.0,6.0,40.0,49
520993,2016,2.0,0.0,2.0,0.0,0.0,21.0,7.0,2.0,8.0,6.0,48.0,68
520993,2017,2.0,0.0,0.0,2.0,1.0,21.0,1.0,2.0,9.0,6.0,47.0,58
520993,2018,2.0,0.0,0.0,1.0,1.0,20.0,3.0,2.0,7.0,4.0,40.0,55
520993,2019,2.0,1.0,2.0,0.0,0.0,15.0,4.0,3.0,7.0,3.0,37.0,51
520995,2012,9.0,0.0,0.0,2.0,6.0,43.0,10.0,3.0,20.0,21.0,152.0,199
520995,2013,0.0,0.0,0.0,0.0,0.0,0.0,0.0,0.0,0.0,0.0,184.0,233
520995,2014,9.0,2.0,4.0,7.0,5.0,73.0,18.0,15.0,34.0,24.0,204.0,250
520995,2015,6.0,3.0,0.0,2.0,0.0,80.0,10.0,23.0,23.0,54.0,215.0,262
520995,2016,4.0,4.0,6.0,4.0,2.0,66.0,17.0,13.0,29.0,30.0,186.0,233
520995,2017,4.0,0.0,1.0,5.0,2.0,73.0,12.0,14.0,33.0,23.0,178.0,208
520995,2018,8.0,1.0,5.0,3.0,0.0,82.0,16.0,24.0,28.0,41.0,213.0,246
520995,2019,12.0,0.0,3.0,1.0,1.0,82.0,23.0,7.0,43.0,25.0,198.0,234
521000,2012,43.0,0.0,10.0,3.0,4.0,194.0,13.0,63.0,43.0,201.0,610.0,722
521000,2013,0.0,0.0,0.0,0.0,0.0,0.0,0.0,0.0,0.0,0.0,584.0,677
521000,2014,38.0,0.0,14.0,6.0,4.0,215.0,11.0,75.0,45.0,181.0,628.0,701
521000,2015,53.0,0.0,14.0,1.0,2.0,230.0,8.0,80.0,28.0,220.0,659.0,776
521000,2016,52.0,0.0,8.0,1.0,8.0,218.0,4.0,55.0,18.0,212.0,598.0,721
521000,2017,45.0,1.0,8.0,5.0,6.0,209.0,8.0,46.0,15.0,163.0,537.0,679
521000,2018,49.0,1.0,13.0,8.0,12.0,234.0,14.0,46.0,34.0,160.0,587.0,711
521000,2019,49.0,0.0,12.0,7.0,4.0,238.0,6.0,40.0,16.0,181.0,553.0,670
521010,2012,14.0,0.0,4.0,1.0,7.0,58.0,4.0,8.0,21.0,42.0,166.0,271
521010,2013,0.0,0.0,0.0,0.0,0.0,0.0,0.0,0.0,0.0,0.0,222.0,308
521010,2014,6.0,1.0,6.0,0.0,2.0,85.0,14.0,19.0,47.0,41.0,231.0,314
521010,2015,8.0,0.0,6.0,6.0,3.0,92.0,12.0,14.0,44.0,44.0,240.0,331
521010,2016,14.0,1.0,7.0,13.0,5.0,88.0,22.0,5.0,53.0,41.0,255.0,341
521010,2017,19.0,0.0,6.0,14.0,10.0,82.0,29.0,9.0,65.0,34.0,275.0,349
521010,2018,15.0,1.0,15.0,16.0,20.0,87.0,24.0,13.0,52.0,33.0,283.0,341
521010,2019,16.0,0.0,9.0,33.0,11.0,79.0,12.0,16.0,58.0,30.0,264.0,311
521015,2012,2.0,7.0,0.0,2.0,0.0,2.0,0.0,0.0,0.0,5.0,19.0,25
521015,2013,0.0,0.0,0.0,0.0,0.0,0.0,0.0,0.0,0.0,0.0,11.0,19
521015,2014,0.0,0.0,0.0,0.0,2.0,11.0,1.0,0.0,0.0,4.0,18.0,29
521015,2015,2.0,0.0,2.0,1.0,0.0,11.0,0.0,3.0,6.0,5.0,30.0,42
521015,2016,2.0,0.0,0.0,0.0,0.0,7.0,1.0,1.0,4.0,4.0,19.0,31
521015,2017,0.0,0.0,0.0,0.0,0.0,7.0,3.0,0.0,4.0,4.0,18.0,23
521015,2018,0.0,0.0,0.0,1.0,0.0,9.0,0.0,1.0,2.0,4.0,17.0,23
521015,2019,0.0,1.0,0.0,0.0,0.0,9.0,0.0,0.0,3.0,12.0,25.0,33
521020,2012,28.0,3.0,10.0,4.0,3.0,98.0,2.0,14.0,23.0,122.0,322.0,394
521020,2013,0.0,0.0,0.0,0.0,0.0,0.0,0.0,0.0,0.0,0.0,296.0,387
521020,2014,12.0,0.0,8.0,5.0,4.0,134.0,2.0,24.0,13.0,121.0,337.0,403
521020,2015,6.0,0.0,12.0,7.0,5.0,120.0,1.0,22.0,14.0,110.0,318.0,410
521020,2016,7.0,0.0,3.0,6.0,11.0,126.0,4.0,25.0,9.0,116.0,312.0,425
521020,2017,2.0,1.0,15.0,9.0,10.0,142.0,5.0,35.0,27.0,105.0,355.0,444
521020,2018,5.0,2.0,7.0,7.0,0.0,131.0,2.0,25.0,15.0,89.0,290.0,375
521020,2019,14.0,1.0,8.0,0.0,3.0,183.0,12.0,27.0,43.0,90.0,381.0,458
521030,2012,1.0,0.0,1.0,0.0,2.0,8.0,0.0,1.0,4.0,5.0,22.0,26
521030,2013,0.0,0.0,0.0,0.0,0.0,0.0,0.0,0.0,0.0,0.0,21.0,22
521030,2014,1.0,0.0,2.0,3.0,0.0,7.0,0.0,1.0,0.0,10.0,25.0,25
521030,2015,0.0,0.0,0.0,0.0,1.0,7.0,0.0,4.0,0.0,11.0,31.0,34
521030,2016,0.0,0.0,0.0,0.0,0.0,8.0,0.0,1.0,0.0,7.0,16.0,22
521030,2017,0.0,0.0,0.0,0.0,0.0,14.0,1.0,2.0,0.0,5.0,22.0,26
521030,2018,1.0,0.0,0.0,0.0,0.0,7.0,0.0,1.0,2.0,4.0,15.0,20
521030,2019,1.0,0.0,0.0,0.0,0.0,11.0,2.0,0.0,10.0,1.0,25.0,28
521040,2012,49.0,2.0,5.0,5.0,7.0,112.0,17.0,25.0,59.0,83.0,428.0,531
521040,2013,0.0,0.0,0.0,0.0,0.0,0.0,0.0,0.0,0.0,0.0,419.0,552
521040,2014,27.0,23.0,8.0,6.0,4.0,119.0,15.0,35.0,33.0,92.0,414.0,524
521040,2015,31.0,3.0,5.0,5.0,2.0,131.0,17.0,42.0,52.0,83.0,437.0,575
521040,2016,18.0,0.0,16.0,6.0,6.0,110.0,4.0,29.0,13.0,106.0,422.0,553
521040,2017,20.0,1.0,8.0,10.0,10.0,154.0,7.0,45.0,19.0,116.0,437.0,588
521040,2018,26.0,1.0,14.0,16.0,10.0,164.0,8.0,50.0,22.0,122.0,464.0,607
521040,2019,30.0,4.0,6.0,22.0,11.0,180.0,5.0,52.0,18.0,109.0,440.0,582
521056,2012,6.0,0.0,2.0,0.0,0.0,14.0,2.0,4.0,1.0,16.0,48.0,55
521056,2013,0.0,0.0,0.0,0.0,0.0,0.0,0.0,0.0,0.0,0.0,53.0,58
521056,2014,0.0,0.0,2.0,0.0,0.0,15.0,0.0,8.0,5.0,9.0,42.0,49
521056,2015,4.0,0.0,0.0,0.0,0.0,24.0,2.0,6.0,6.0,18.0,61.0,68
521056,2016,2.0,0.0,0.0,0.0,0.0,18.0,0.0,3.0,2.0,13.0,48.0,59
521056,2017,5.0,0.0,0.0,0.0,0.0,25.0,1.0,9.0,0.0,18.0,63.0,74
521056,2018,5.0,0.0,4.0,1.0,0.0,9.0,0.0,4.0,2.0,13.0,41.0,54
521056,2019,4.0,1.0,0.0,0.0,1.0,26.0,1.0,3.0,1.0,14.0,51.0,61
521060,2012,3.0,2.0,1.0,1.0,1.0,7.0,0.0,6.0,4.0,13.0,40.0,46
521060,2013,0.0,0.0,0.0,0.0,0.0,0.0,0.0,0.0,0.0,0.0,36.0,42
521060,2014,2.0,0.0,2.0,1.0,0.0,12.0,4.0,5.0,3.0,18.0,48.0,52
521060,2015,3.0,0.0,1.0,0.0,0.0,9.0,1.0,5.0,2.0,10.0,36.0,40
521060,2016,8.0,0.0,0.0,1.0,0.0,12.0,1.0,1.0,1.0,11.0,41.0,44
521060,2017,3.0,0.0,0.0,0.0,0.0,10.0,3.0,6.0,2.0,11.0,40.0,45
521060,2018,2.0,0.0,0.0,0.0,0.0,23.0,0.0,3.0,0.0,18.0,47.0,54
521060,2019,2.0,0.0,0.0,0.0,1.0,12.0,0.0,5.0,2.0,8.0,30.0,39
521080,2012,13.0,0.0,0.0,1.0,1.0,18.0,5.0,6.0,4.0,9.0,62.0,76
521080,2013,0.0,0.0,0.0,0.0,0.0,0.0,0.0,0.0,0.0,0.0,67.0,80
521080,2014,8.0,0.0,0.0,0.0,0.0,15.0,3.0,4.0,8.0,8.0,47.0,66
521080,2015,0.0,1.0,2.0,1.0,0.0,12.0,2.0,3.0,8.0,11.0,42.0,58
521080,2016,2.0,0.0,2.0,0.0,0.0,16.0,4.0,1.0,4.0,8.0,37.0,51
521080,2017,1.0,0.0,2.0,0.0,0.0,13.0,4.0,1.0,6.0,5.0,32.0,39
521080,2018,5.0,2.0,0.0,2.0,0.0,13.0,5.0,5.0,10.0,5.0,47.0,61
521080,2019,1.0,0.0,0.0,1.0,0.0,18.0,3.0,1.0,7.0,5.0,36.0,50
521090,2012,9.0,3.0,6.0,1.0,3.0,53.0,6.0,5.0,25.0,47.0,161.0,268
521090,2013,0.0,0.0,0.0,0.0,0.0,0.0,0.0,0.0,0.0,0.0,209.0,299
521090,2014,9.0,3.0,12.0,6.0,7.0,86.0,2.0,25.0,7.0,71.0,237.0,320
521090,2015,10.0,0.0,2.0,7.0,3.0,72.0,7.0,20.0,16.0,55.0,195.0,304
521090,2016,6.0,0.0,0.0,3.0,5.0,61.0,11.0,12.0,21.0,30.0,154.0,263
521090,2017,9.0,1.0,7.0,10.0,2.0,83.0,6.0,10.0,32.0,44.0,206.0,316
521090,2018,20.0,0.0,9.0,4.0,2.0,90.0,7.0,15.0,17.0,39.0,203.0,311
521090,2019,18.0,0.0,9.0,2.0,2.0,92.0,4.0,20.0,9.0,47.0,203.0,287
521100,2012,8.0,1.0,3.0,0.0,2.0,18.0,0.0,7.0,9.0,12.0,67.0,97
521100,2013,0.0,0.0,0.0,0.0,0.0,0.0,0.0,0.0,0.0,0.0,61.0,88
521100,2014,3.0,1.0,0.0,12.0,1.0,11.0,2.0,7.0,4.0,9.0,55.0,86
521100,2015,7.0,0.0,2.0,1.0,2.0,24.0,3.0,3.0,10.0,8.0,70.0,96
521100,2016,7.0,0.0,0.0,0.0,0.0,40.0,18.0,1.0,12.0,1.0,86.0,120
521100,2017,8.0,0.0,1.0,2.0,1.0,30.0,7.0,1.0,16.0,10.0,83.0,119
521100,2018,4.0,1.0,0.0,0.0,1.0,28.0,0.0,6.0,2.0,11.0,57.0,84
521100,2019,3.0,1.0,2.0,0.0,0.0,24.0,4.0,3.0,2.0,13.0,52.0,70
521120,2012,15.0,6.0,9.0,5.0,8.0,68.0,4.0,8.0,11.0,46.0,214.0,300
521120,2013,0.0,0.0,0.0,0.0,0.0,0.0,0.0,0.0,0.0,0.0,219.0,307
521120,2014,15.0,0.0,4.0,2.0,7.0,75.0,5.0,28.0,15.0,70.0,249.0,335
521120,2015,7.0,0.0,2.0,5.0,1.0,58.0,2.0,27.0,18.0,63.0,233.0,314
521120,2016,9.0,1.0,2.0,1.0,5.0,82.0,6.0,33.0,15.0,65.0,240.0,354
521120,2017,11.0,0.0,2.0,5.0,5.0,92.0,4.0,22.0,9.0,61.0,246.0,338
521120,2018,14.0,0.0,2.0,4.0,1.0,112.0,15.0,29.0,12.0,74.0,268.0,374
521120,2019,9.0,0.0,7.0,5.0,3.0,93.0,4.0,29.0,15.0,62.0,227.0,303
521130,2012,2.0,0.0,0.0,3.0,0.0,22.0,3.0,4.0,15.0,8.0,60.0,79
521130,2013,0.0,0.0,0.0,0.0,0.0,0.0,0.0,0.0,0.0,0.0,55.0,79
521130,2014,5.0,1.0,2.0,1.0,0.0,21.0,5.0,2.0,21.0,7.0,67.0,105
521130,2015,5.0,1.0,0.0,0.0,0.0,22.0,7.0,10.0,11.0,12.0,70.0,92
521130,2016,5.0,2.0,2.0,2.0,3.0,21.0,8.0,2.0,14.0,6.0,67.0,95
521130,2017,1.0,1.0,2.0,0.0,0.0,20.0,2.0,3.0,10.0,4.0,43.0,56
521130,2018,6.0,0.0,3.0,1.0,0.0,22.0,6.0,4.0,6.0,10.0,58.0,88
521130,2019,3.0,0.0,6.0,1.0,0.0,27.0,8.0,7.0,11.0,6.0,69.0,98
521140,2012,3.0,0.0,0.0,0.0,1.0,15.0,0.0,4.0,6.0,8.0,54.0,68
521140,2013,0.0,0.0,0.0,0.0,0.0,0.0,0.0,0.0,0.0,0.0,59.0,72
521140,2014,4.0,1.0,6.0,1.0,0.0,22.0,6.0,2.0,7.0,17.0,71.0,83
521140,2015,7.0,0.0,0.0,1.0,1.0,20.0,2.0,4.0,7.0,9.0,56.0,77
521140,2016,3.0,0.0,2.0,0.0,0.0,24.0,1.0,5.0,2.0,11.0,56.0,72
521140,2017,4.0,0.0,0.0,3.0,0.0,23.0,4.0,5.0,6.0,12.0,59.0,76
521140,2018,1.0,0.0,4.0,3.0,0.0,31.0,9.0,2.0,15.0,8.0,74.0,86
521140,2019,8.0,0.0,0.0,2.0,0.0,34.0,6.0,6.0,14.0,14.0,84.0,99
521150,2012,137.0,1.0,33.0,9.0,16.0,319.0,34.0,50.0,133.0,237.0,997.0,1335
521150,2013,0.0,0.0,0.0,0.0,0.0,0.0,0.0,0.0,0.0,0.0,983.0,1351
521150,2014,105.0,0.0,16.0,14.0,26.0,388.0,111.0,23.0,319.0,90.0,1115.0,1444
521150,2015,88.0,2.0,30.0,19.0,13.0,385.0,127.0,5.0,351.0,8.0,1054.0,1437
521150,2016,76.0,1.0,33.0,18.0,14.0,377.0,114.0,4.0,362.0,9.0,1030.0,1384
521150,2017,85.0,0.0,15.0,16.0,14.0,452.0,109.0,3.0,370.0,5.0,1083.0,1452
521150,2018,84.0,2.0,29.0,13.0,12.0,479.0,115.0,1.0,348.0,8.0,1105.0,1503
521150,2019,71.0,1.0,15.0,17.0,13.0,433.0,100.0,7.0,288.0,10.0,957.0,1353
521160,2012,2.0,0.0,0.0,0.0,0.0,5.0,0.0,0.0,2.0,5.0,15.0,26
521160,2013,0.0,0.0,0.0,0.0,0.0,0.0,0.0,0.0,0.0,0.0,18.0,25
521160,2014,0.0,0.0,0.0,0.0,1.0,6.0,0.0,1.0,2.0,6.0,20.0,25
521160,2015,1.0,0.0,0.0,0.0,1.0,6.0,0.0,0.0,2.0,3.0,17.0,23
521160,2016,0.0,0.0,0.0,0.0,0.0,10.0,0.0,2.0,2.0,2.0,17.0,27
521160,2017,0.0,0.0,0.0,0.0,0.0,6.0,1.0,0.0,0.0,3.0,11.0,15
521160,2018,0.0,0.0,0.0,0.0,1.0,10.0,1.0,2.0,3.0,7.0,24.0,26
521160,2019,0.0,0.0,0.0,0.0,0.0,7.0,0.0,2.0,1.0,6.0,16.0,21
521170,2012,3.0,0.0,2.0,2.0,1.0,30.0,1.0,2.0,8.0,8.0,61.0,72
521170,2013,0.0,0.0,0.0,0.0,0.0,0.0,0.0,0.0,0.0,0.0,53.0,68
521170,2014,3.0,0.0,4.0,0.0,0.0,19.0,1.0,6.0,0.0,16.0,56.0,64
521170,2015,0.0,0.0,0.0,0.0,3.0,43.0,0.0,8.0,0.0,19.0,82.0,94
521170,2016,1.0,0.0,1.0,0.0,0.0,28.0,0.0,7.0,0.0,19.0,65.0,73
521170,2017,2.0,0.0,2.0,2.0,0.0,25.0,0.0,6.0,8.0,10.0,63.0,74
521170,2018,3.0,0.0,2.0,2.0,0.0,20.0,5.0,5.0,2.0,17.0,65.0,70
521170,2019,3.0,0.0,2.0,1.0,1.0,28.0,2.0,2.0,7.0,17.0,63.0,72
521180,2012,27.0,3.0,8.0,6.0,5.0,117.0,10.0,32.0,66.0,80.0,418.0,607
521180,2013,0.0,0.0,0.0,0.0,0.0,0.0,0.0,0.0,0.0,0.0,408.0,567
521180,2014,22.0,1.0,12.0,3.0,4.0,167.0,24.0,52.0,72.0,107.0,498.0,675
521180,2015,24.0,0.0,4.0,5.0,6.0,138.0,30.0,46.0,63.0,103.0,464.0,632
521180,2016,16.0,1.0,10.0,14.0,9.0,134.0,28.0,28.0,48.0,81.0,402.0,571
521180,2017,32.0,2.0,9.0,7.0,10.0,134.0,18.0,31.0,65.0,79.0,415.0,581
521180,2018,32.0,2.0,2.0,8.0,4.0,155.0,20.0,34.0,47.0,117.0,439.0,575
521180,2019,37.0,1.0,6.0,8.0,4.0,188.0,22.0,31.0,47.0,87.0,433.0,570
521190,2012,70.0,3.0,23.0,10.0,13.0,242.0,38.0,31.0,134.0,130.0,716.0,1315
521190,2013,0.0,0.0,0.0,0.0,0.0,0.0,0.0,0.0,0.0,0.0,954.0,1503
521190,2014,55.0,1.0,32.0,12.0,8.0,326.0,85.0,68.0,218.0,133.0,954.0,1496
521190,2015,46.0,0.0,19.0,8.0,20.0,329.0,73.0,73.0,145.0,170.0,906.0,1413
521190,2016,42.0,4.0,36.0,18.0,9.0,331.0,80.0,81.0,178.0,136.0,934.0,1465
521190,2017,51.0,4.0,36.0,25.0,16.0,353.0,90.0,93.0,160.0,155.0,1009.0,1500
521190,2018,59.0,2.0,25.0,14.0,12.0,394.0,106.0,43.0,183.0,109.0,961.0,1536
521190,2019,55.0,3.0,18.0,18.0,12.0,374.0,72.0,53.0,164.0,114.0,896.0,1470
521200,2012,2.0,0.0,0.0,0.0,1.0,18.0,0.0,1.0,0.0,12.0,41.0,42
521200,2013,0.0,0.0,0.0,0.0,0.0,0.0,0.0,0.0,0.0,0.0,28.0,36
521200,2014,1.0,0.0,4.0,0.0,0.0,6.0,0.0,2.0,1.0,14.0,33.0,35
521200,2015,0.0,0.0,0.0,0.0,0.0,10.0,0.0,4.0,1.0,8.0,30.0,32
521200,2016,2.0,0.0,0.0,0.0,0.0,12.0,0.0,2.0,0.0,5.0,23.0,25
521200,2017,0.0,0.0,0.0,0.0,0.0,18.0,0.0,4.0,0.0,8.0,31.0,34
521200,2018,1.0,0.0,0.0,0.0,0.0,14.0,4.0,0.0,10.0,0.0,29.0,31
521200,2019,0.0,0.0,0.0,0.0,0.0,19.0,4.0,1.0,14.0,1.0,39.0,42
521205,2012,1.0,0.0,0.0,1.0,0.0,5.0,1.0,6.0,4.0,11.0,30.0,37
521205,2013,0.0,0.0,0.0,0.0,0.0,0.0,0.0,0.0,0.0,0.0,17.0,30
521205,2014,0.0,0.0,0.0,0.0,1.0,5.0,1.0,8.0,1.0,3.0,19.0,24
521205,2015,2.0,0.0,0.0,0.0,1.0,6.0,0.0,0.0,0.0,5.0,14.0,27
521205,2016,0.0,0.0,0.0,0.0,0.0,10.0,0.0,2.0,1.0,3.0,21.0,26
521205,2017,2.0,0.0,0.0,1.0,0.0,9.0,0.0,2.0,2.0,2.0,18.0,22
521205,2018,1.0,0.0,0.0,0.0,0.0,4.0,0.0,0.0,5.0,4.0,14.0,25
521205,2019,3.0,0.0,2.0,1.0,0.0,7.0,0.0,0.0,1.0,0.0,14.0,25
521210,2012,3.0,0.0,2.0,1.0,0.0,13.0,0.0,1.0,5.0,10.0,68.0,87
521210,2013,0.0,0.0,0.0,0.0,0.0,0.0,0.0,0.0,0.0,0.0,73.0,83
521210,2014,3.0,0.0,2.0,2.0,0.0,20.0,9.0,0.0,17.0,4.0,71.0,82
521210,2015,5.0,0.0,3.0,0.0,1.0,32.0,9.0,1.0,19.0,3.0,76.0,92
521210,2016,6.0,0.0,0.0,0.0,1.0,19.0,4.0,6.0,18.0,3.0,59.0,68
521210,2017,7.0,0.0,2.0,3.0,0.0,38.0,8.0,2.0,13.0,10.0,86.0,102
521210,2018,6.0,0.0,2.0,0.0,0.0,24.0,4.0,3.0,17.0,10.0,69.0,79
521210,2019,2.0,0.0,2.0,1.0,0.0,30.0,1.0,10.0,8.0,21.0,76.0,85
521220,2012,21.0,0.0,9.0,5.0,6.0,49.0,7.0,10.0,39.0,12.0,199.0,273
521220,2013,0.0,0.0,0.0,0.0,0.0,0.0,0.0,0.0,0.0,0.0,183.0,250
521220,2014,10.0,0.0,4.0,11.0,4.0,58.0,19.0,7.0,57.0,16.0,199.0,270
521220,2015,15.0,0.0,0.0,3.0,1.0,55.0,10.0,6.0,48.0,15.0,172.0,245
521220,2016,5.0,0.0,6.0,2.0,0.0,60.0,10.0,8.0,66.0,20.0,190.0,262
521220,2017,11.0,1.0,8.0,2.0,1.0,78.0,13.0,8.0,52.0,9.0,193.0,275
521220,2018,15.0,0.0,6.0,1.0,2.0,75.0,11.0,11.0,22.0,28.0,180.0,260
521220,2019,14.0,0.0,2.0,3.0,2.0,81.0,7.0,9.0,30.0,41.0,189.0,255
521225,2012,1.0,0.0,0.0,1.0,0.0,3.0,1.0,0.0,1.0,9.0,17.0,21
521225,2013,0.0,0.0,0.0,0.0,0.0,0.0,0.0,0.0,0.0,0.0,12.0,15
521225,2014,0.0,0.0,0.0,0.0,0.0,4.0,4.0,0.0,5.0,1.0,14.0,18
521225,2015,0.0,0.0,0.0,0.0,1.0,3.0,0.0,4.0,4.0,3.0,15.0,21
521225,2016,0.0,0.0,3.0,0.0,0.0,4.0,1.0,0.0,2.0,3.0,13.0,20
521225,2017,2.0,0.0,0.0,0.0,0.0,3.0,0.0,1.0,2.0,2.0,10.0,15
521225,2018,0.0,0.0,0.0,0.0,1.0,3.0,0.0,0.0,3.0,0.0,7.0,9
521225,2019,1.0,0.0,0.0,0.0,0.0,4.0,0.0,0.0,0.0,0.0,5.0,10
521230,2012,6.0,0.0,0.0,1.0,1.0,20.0,2.0,7.0,5.0,10.0,59.0,95
521230,2013,0.0,0.0,0.0,0.0,0.0,0.0,0.0,0.0,0.0,0.0,48.0,71
521230,2014,5.0,0.0,0.0,1.0,0.0,28.0,0.0,8.0,3.0,21.0,73.0,102
521230,2015,0.0,0.0,2.0,2.0,1.0,7.0,4.0,5.0,4.0,7.0,36.0,60
521230,2016,0.0,0.0,5.0,0.0,2.0,27.0,1.0,8.0,6.0,22.0,72.0,103
521230,2017,3.0,0.0,2.0,4.0,0.0,19.0,4.0,6.0,7.0,16.0,68.0,95
521230,2018,3.0,0.0,0.0,2.0,1.0,24.0,5.0,11.0,7.0,16.0,72.0,110
521230,2019,5.0,0.0,0.0,3.0,0.0,28.0,2.0,2.0,19.0,9.0,68.0,107
521250,2012,134.0,3.0,33.0,38.0,23.0,430.0,93.0,39.0,219.0,165.0,1368.0,2964
521250,2013,0.0,0.0,0.0,0.0,0.0,0.0,0.0,0.0,0.0,0.0,1441.0,3171
521250,2014,122.0,3.0,35.0,59.0,35.0,389.0,83.0,78.0,160.0,185.0,1365.0,3040
521250,2015,98.0,2.0,46.0,49.0,27.0,438.0,73.0,75.0,194.0,162.0,1440.0,3236
521250,2016,109.0,2.0,38.0,30.0,22.0,417.0,72.0,95.0,144.0,144.0,1250.0,2906
521250,2017,117.0,2.0,53.0,38.0,28.0,415.0,71.0,101.0,160.0,161.0,1372.0,3010
521250,2018,113.0,4.0,50.0,32.0,28.0,476.0,70.0,85.0,173.0,157.0,1331.0,2997
521250,2019,116.0,5.0,55.0,55.0,26.0,406.0,85.0,80.0,150.0,152.0,1260.0,2965
521260,2012,2.0,0.0,0.0,0.0,1.0,3.0,2.0,1.0,1.0,3.0,13.0,22
521260,2013,0.0,0.0,0.0,0.0,0.0,0.0,0.0,0.0,0.0,0.0,18.0,27
521260,2014,0.0,0.0,0.0,0.0,0.0,8.0,0.0,1.0,3.0,3.0,16.0,25
521260,2015,3.0,0.0,0.0,0.0,0.0,6.0,2.0,2.0,0.0,7.0,23.0,32
521260,2016,0.0,0.0,0.0,0.0,0.0,5.0,0.0,1.0,2.0,2.0,12.0,22
521260,2017,0.0,0.0,0.0,1.0,2.0,10.0,1.0,4.0,1.0,1.0,23.0,30
521260,2018,3.0,0.0,0.0,1.0,1.0,8.0,0.0,3.0,0.0,4.0,22.0,28
521260,2019,2.0,0.0,0.0,1.0,0.0,4.0,0.0,2.0,0.0,5.0,14.0,21
521270,2012,5.0,0.0,0.0,4.0,1.0,15.0,0.0,6.0,3.0,15.0,51.0,111
521270,2013,0.0,0.0,0.0,0.0,0.0,0.0,0.0,0.0,0.0,0.0,81.0,126
521270,2014,4.0,0.0,0.0,22.0,11.0,17.0,2.0,4.0,1.0,8.0,71.0,113
521270,2015,3.0,0.0,0.0,10.0,5.0,11.0,4.0,6.0,2.0,9.0,55.0,112
521270,2016,2.0,0.0,0.0,3.0,3.0,16.0,5.0,6.0,8.0,18.0,63.0,113
521270,2017,2.0,0.0,4.0,0.0,2.0,31.0,4.0,6.0,8.0,13.0,71.0,123
521270,2018,2.0,1.0,2.0,0.0,2.0,35.0,4.0,3.0,2.0,7.0,60.0,125
521270,2019,7.0,0.0,0.0,1.0,0.0,32.0,6.0,8.0,16.0,18.0,89.0,150
521280,2012,7.0,1.0,0.0,7.0,3.0,39.0,4.0,6.0,9.0,10.0,90.0,130
521280,2013,0.0,0.0,0.0,0.0,0.0,0.0,0.0,0.0,0.0,0.0,94.0,128
521280,2014,8.0,7.0,0.0,4.0,1.0,34.0,10.0,2.0,28.0,6.0,102.0,130
521280,2015,3.0,0.0,2.0,4.0,2.0,27.0,6.0,7.0,18.0,14.0,87.0,116
521280,2016,1.0,0.0,1.0,0.0,2.0,29.0,2.0,7.0,9.0,23.0,77.0,112
521280,2017,5.0,0.0,2.0,1.0,2.0,29.0,14.0,3.0,6.0,15.0,81.0,125
521280,2018,5.0,0.0,2.0,3.0,0.0,35.0,3.0,2.0,8.0,15.0,76.0,127
521280,2019,3.0,0.0,0.0,5.0,1.0,51.0,3.0,8.0,11.0,26.0,108.0,171
521290,2012,1.0,0.0,0.0,0.0,1.0,10.0,0.0,2.0,5.0,6.0,26.0,34
521290,2013,0.0,0.0,0.0,0.0,0.0,0.0,0.0,0.0,0.0,0.0,26.0,32
521290,2014,2.0,0.0,2.0,1.0,1.0,6.0,1.0,4.0,3.0,3.0,23.0,30
521290,2015,0.0,0.0,0.0,1.0,1.0,4.0,2.0,5.0,7.0,3.0,24.0,30
521290,2016,1.0,0.0,0.0,0.0,1.0,13.0,0.0,0.0,7.0,5.0,27.0,34
521290,2017,1.0,0.0,0.0,0.0,0.0,8.0,2.0,8.0,4.0,7.0,31.0,38
521290,2018,0.0,0.0,0.0,0.0,0.0,8.0,3.0,5.0,2.0,7.0,25.0,35
521290,2019,0.0,0.0,0.0,0.0,1.0,13.0,1.0,4.0,6.0,4.0,29.0,32
521295,2012,0.0,0.0,0.0,2.0,0.0,11.0,0.0,5.0,2.0,6.0,33.0,51
521295,2013,0.0,0.0,0.0,0.0,0.0,0.0,0.0,0.0,0.0,0.0,43.0,58
521295,2014,3.0,0.0,0.0,1.0,0.0,12.0,3.0,5.0,1.0,9.0,36.0,48
521295,2015,1.0,0.0,0.0,0.0,0.0,8.0,0.0,4.0,3.0,9.0,26.0,42
521295,2016,2.0,0.0,1.0,0.0,0.0,10.0,3.0,0.0,4.0,3.0,28.0,43
521295,2017,1.0,1.0,2.0,0.0,2.0,10.0,3.0,0.0,3.0,1.0,31.0,45
521295,2018,2.0,1.0,0.0,1.0,0.0,16.0,3.0,0.0,7.0,3.0,35.0,58
521295,2019,1.0,0.0,0.0,3.0,1.0,20.0,2.0,0.0,4.0,0.0,31.0,51
521300,2012,6.0,0.0,4.0,1.0,4.0,37.0,11.0,6.0,29.0,18.0,120.0,214
521300,2013,0.0,0.0,0.0,0.0,0.0,0.0,0.0,0.0,0.0,0.0,106.0,189
521300,2014,8.0,0.0,6.0,2.0,0.0,41.0,8.0,2.0,28.0,14.0,112.0,198
521300,2015,2.0,0.0,4.0,0.0,0.0,35.0,3.0,8.0,14.0,10.0,80.0,181
521300,2016,2.0,0.0,2.0,1.0,1.0,34.0,8.0,7.0,11.0,15.0,81.0,153
521300,2017,4.0,0.0,0.0,1.0,0.0,42.0,11.0,1.0,17.0,10.0,89.0,149
521300,2018,0.0,0.0,0.0,2.0,3.0,62.0,21.0,6.0,26.0,7.0,127.0,188
521300,2019,4.0,0.0,0.0,3.0,1.0,43.0,31.0,7.0,26.0,12.0,127.0,164
521305,2012,1.0,0.0,0.0,0.0,0.0,1.0,1.0,1.0,1.0,0.0,5.0,15
521305,2013,0.0,0.0,0.0,0.0,0.0,0.0,0.0,0.0,0.0,0.0,8.0,15
521305,2014,0.0,0.0,0.0,2.0,0.0,3.0,0.0,1.0,0.0,0.0,7.0,20
521305,2015,0.0,0.0,0.0,0.0,0.0,3.0,1.0,0.0,0.0,0.0,5.0,18
521305,2016,0.0,0.0,0.0,1.0,1.0,2.0,2.0,2.0,1.0,0.0,10.0,22
521305,2017,0.0,0.0,0.0,0.0,0.0,1.0,1.0,1.0,2.0,2.0,8.0,17
521305,2018,0.0,0.0,2.0,0.0,0.0,2.0,0.0,2.0,0.0,1.0,7.0,14
521305,2019,0.0,0.0,0.0,0.0,1.0,8.0,1.0,2.0,1.0,3.0,16.0,24
521308,2012,15.0,1.0,3.0,6.0,3.0,74.0,14.0,12.0,33.0,67.0,241.0,447
521308,2013,0.0,0.0,0.0,0.0,0.0,0.0,0.0,0.0,0.0,0.0,244.0,443
521308,2014,16.0,1.0,8.0,4.0,5.0,94.0,14.0,33.0,41.0,60.0,282.0,449
521308,2015,10.0,0.0,10.0,9.0,4.0,102.0,13.0,25.0,36.0,68.0,282.0,470
521308,2016,12.0,2.0,6.0,4.0,1.0,111.0,15.0,8.0,52.0,30.0,249.0,434
521308,2017,13.0,0.0,8.0,1.0,3.0,98.0,10.0,5.0,29.0,30.0,205.0,431
521308,2018,6.0,0.0,8.0,3.0,2.0,99.0,8.0,15.0,36.0,31.0,210.0,402
521308,2019,9.0,0.0,4.0,4.0,4.0,89.0,11.0,22.0,28.0,52.0,223.0,381
521310,2012,55.0,2.0,12.0,5.0,5.0,310.0,83.0,32.0,229.0,82.0,822.0,986
521310,2013,0.0,0.0,0.0,0.0,0.0,0.0,0.0,0.0,0.0,0.0,866.0,1046
521310,2014,43.0,2.0,23.0,10.0,10.0,336.0,114.0,39.0,310.0,72.0,967.0,1118
521310,2015,30.0,1.0,14.0,13.0,4.0,404.0,151.0,27.0,314.0,64.0,1040.0,1155
521310,2016,38.0,3.0,7.0,8.0,6.0,355.0,134.0,29.0,320.0,53.0,980.0,1110
521310,2017,53.0,1.0,13.0,23.0,22.0,450.0,128.0,29.0,310.0,68.0,1116.0,1211
521310,2018,52.0,2.0,28.0,14.0,4.0,428.0,125.0,55.0,246.0,111.0,1070.0,1166
521310,2019,65.0,0.0,24.0,9.0,10.0,414.0,112.0,43.0,214.0,104.0,997.0,1108
521340,2012,1.0,0.0,2.0,0.0,0.0,1.0,0.0,0.0,2.0,2.0,9.0,13
521340,2013,0.0,0.0,0.0,0.0,0.0,0.0,0.0,0.0,0.0,0.0,8.0,8
521340,2014,1.0,0.0,0.0,0.0,0.0,4.0,0.0,2.0,1.0,5.0,13.0,16
521340,2015,1.0,0.0,0.0,0.0,0.0,10.0,0.0,0.0,1.0,3.0,15.0,19
521340,2016,0.0,0.0,1.0,1.0,0.0,7.0,0.0,1.0,0.0,6.0,16.0,20
521340,2017,0.0,0.0,0.0,0.0,0.0,3.0,0.0,0.0,1.0,1.0,5.0,5
521340,2018,0.0,0.0,0.0,0.0,0.0,3.0,0.0,0.0,1.0,3.0,7.0,11
521340,2019,0.0,0.0,1.0,0.0,0.0,7.0,1.0,1.0,0.0,4.0,14.0,16
521350,2012,5.0,0.0,2.0,2.0,1.0,5.0,3.0,5.0,5.0,6.0,43.0,106
521350,2013,0.0,0.0,0.0,0.0,0.0,0.0,0.0,0.0,0.0,0.0,38.0,118
521350,2014,1.0,0.0,0.0,2.0,1.0,15.0,2.0,3.0,5.0,9.0,43.0,124
521350,2015,3.0,0.0,7.0,0.0,0.0,15.0,5.0,1.0,5.0,7.0,44.0,137
521350,2016,1.0,0.0,3.0,1.0,2.0,13.0,4.0,0.0,7.0,2.0,35.0,115
521350,2017,1.0,0.0,0.0,3.0,0.0,7.0,1.0,5.0,0.0,4.0,23.0,91
521350,2018,5.0,0.0,2.0,1.0,0.0,7.0,3.0,5.0,2.0,5.0,33.0,101
521350,2019,4.0,1.0,2.0,0.0,0.0,13.0,5.0,4.0,5.0,7.0,43.0,99
521370,2012,11.0,0.0,0.0,4.0,0.0,19.0,0.0,8.0,10.0,18.0,74.0,95
521370,2013,0.0,0.0,0.0,0.0,0.0,0.0,0.0,0.0,0.0,0.0,78.0,92
521370,2014,4.0,1.0,0.0,6.0,1.0,29.0,3.0,8.0,6.0,8.0,72.0,95
521370,2015,4.0,0.0,2.0,3.0,3.0,24.0,7.0,6.0,11.0,10.0,76.0,108
521370,2016,1.0,0.0,0.0,3.0,2.0,19.0,3.0,5.0,9.0,10.0,53.0,82
521370,2017,1.0,0.0,3.0,6.0,0.0,31.0,3.0,13.0,6.0,29.0,92.0,115
521370,2018,2.0,0.0,0.0,2.0,0.0,43.0,2.0,15.0,12.0,24.0,101.0,118
521370,2019,2.0,1.0,1.0,1.0,0.0,30.0,1.0,8.0,7.0,29.0,81.0,95
521375,2012,12.0,0.0,3.0,1.0,0.0,60.0,9.0,6.0,21.0,16.0,138.0,173
521375,2013,0.0,0.0,0.0,0.0,0.0,0.0,0.0,0.0,0.0,0.0,134.0,162
521375,2014,11.0,1.0,4.0,0.0,1.0,44.0,8.0,20.0,13.0,32.0,141.0,196
521375,2015,5.0,1.0,1.0,1.0,0.0,34.0,14.0,11.0,20.0,18.0,111.0,156
521375,2016,4.0,0.0,6.0,2.0,0.0,57.0,5.0,6.0,28.0,30.0,140.0,179
521375,2017,8.0,0.0,2.0,1.0,2.0,54.0,11.0,6.0,23.0,22.0,132.0,167
521375,2018,9.0,0.0,0.0,2.0,0.0,61.0,15.0,13.0,21.0,19.0,141.0,175
521375,2019,15.0,0.0,6.0,3.0,3.0,55.0,13.0,6.0,21.0,10.0,132.0,188
521377,2012,2.0,0.0,1.0,0.0,0.0,3.0,0.0,3.0,1.0,6.0,16.0,31
521377,2013,0.0,0.0,0.0,0.0,0.0,0.0,0.0,0.0,0.0,0.0,21.0,40
521377,2014,1.0,0.0,0.0,0.0,0.0,6.0,3.0,2.0,1.0,4.0,19.0,31
521377,2015,1.0,1.0,0.0,0.0,1.0,12.0,1.0,2.0,5.0,7.0,32.0,45
521377,2016,1.0,0.0,0.0,0.0,0.0,7.0,1.0,1.0,6.0,3.0,21.0,38
521377,2017,3.0,0.0,0.0,0.0,0.0,6.0,5.0,4.0,3.0,8.0,29.0,37
521377,2018,3.0,0.0,0.0,0.0,0.0,14.0,3.0,7.0,1.0,9.0,38.0,51
521377,2019,3.0,0.0,0.0,0.0,1.0,10.0,4.0,6.0,5.0,6.0,35.0,50
521380,2012,42.0,2.0,9.0,10.0,7.0,129.0,23.0,37.0,68.0,95.0,453.0,574
521380,2013,0.0,0.0,0.0,0.0,0.0,0.0,0.0,0.0,0.0,0.0,477.0,608
521380,2014,33.0,2.0,9.0,13.0,8.0,164.0,67.0,17.0,135.0,36.0,517.0,648
521380,2015,25.0,3.0,13.0,10.0,6.0,171.0,53.0,16.0,155.0,36.0,523.0,650
521380,2016,23.0,1.0,10.0,5.0,6.0,157.0,29.0,19.0,77.0,90.0,432.0,567
521380,2017,59.0,1.0,7.0,8.0,4.0,167.0,5.0,48.0,15.0,134.0,468.0,633
521380,2018,45.0,3.0,15.0,9.0,8.0,198.0,8.0,47.0,16.0,122.0,480.0,632
521380,2019,47.0,1.0,13.0,9.0,7.0,194.0,11.0,41.0,18.0,167.0,511.0,652
521385,2012,1.0,0.0,0.0,1.0,0.0,7.0,0.0,2.0,1.0,9.0,25.0,36
521385,2013,0.0,0.0,0.0,0.0,0.0,0.0,0.0,0.0,0.0,0.0,24.0,30
521385,2014,2.0,0.0,0.0,0.0,0.0,8.0,0.0,1.0,0.0,8.0,21.0,24
521385,2015,1.0,0.0,0.0,0.0,0.0,11.0,0.0,4.0,0.0,7.0,24.0,28
521385,2016,3.0,0.0,0.0,0.0,0.0,9.0,0.0,3.0,0.0,7.0,25.0,27
521385,2017,1.0,0.0,0.0,0.0,0.0,5.0,0.0,1.0,2.0,8.0,18.0,21
521385,2018,2.0,0.0,0.0,0.0,0.0,8.0,0.0,1.0,0.0,10.0,21.0,25
521385,2019,0.0,0.0,0.0,0.0,1.0,6.0,0.0,1.0,2.0,5.0,15.0,22
521390,2012,4.0,1.0,0.0,1.0,0.0,9.0,0.0,0.0,1.0,2.0,32.0,44
521390,2013,0.0,0.0,0.0,0.0,0.0,0.0,0.0,0.0,0.0,0.0,38.0,43
521390,2014,3.0,0.0,0.0,1.0,0.0,12.0,0.0,3.0,1.0,14.0,38.0,45
521390,2015,3.0,0.0,0.0,1.0,1.0,15.0,1.0,8.0,2.0,15.0,52.0,67
521390,2016,1.0,0.0,2.0,1.0,2.0,20.0,0.0,8.0,0.0,17.0,52.0,59
521390,2017,1.0,0.0,0.0,0.0,1.0,16.0,1.0,3.0,6.0,10.0,41.0,46
521390,2018,1.0,0.0,0.0,2.0,0.0,20.0,3.0,3.0,8.0,7.0,48.0,59
521390,2019,2.0,1.0,0.0,0.0,1.0,20.0,2.0,2.0,2.0,3.0,34.0,43
521400,2012,12.0,0.0,4.0,2.0,4.0,48.0,14.0,7.0,35.0,19.0,157.0,214
521400,2013,0.0,0.0,0.0,0.0,0.0,0.0,0.0,0.0,0.0,0.0,140.0,191
521400,2014,5.0,0.0,2.0,0.0,1.0,47.0,10.0,5.0,28.0,24.0,133.0,193
521400,2015,7.0,1.0,4.0,1.0,1.0,53.0,12.0,10.0,14.0,25.0,147.0,237
521400,2016,3.0,1.0,0.0,6.0,3.0,38.0,4.0,5.0,11.0,18.0,102.0,177
521400,2017,10.0,1.0,2.0,1.0,0.0,73.0,10.0,8.0,13.0,18.0,148.0,219
521400,2018,12.0,1.0,9.0,2.0,1.0,91.0,24.0,5.0,26.0,20.0,197.0,240
521400,2019,15.0,1.0,10.0,1.0,3.0,114.0,17.0,12.0,29.0,14.0,216.0,270
521405,2012,0.0,2.0,0.0,0.0,1.0,9.0,0.0,1.0,3.0,5.0,49.0,71
521405,2013,0.0,0.0,0.0,0.0,0.0,0.0,0.0,0.0,0.0,0.0,52.0,74
521405,2014,3.0,1.0,2.0,0.0,0.0,21.0,3.0,4.0,6.0,13.0,54.0,73
521405,2015,1.0,0.0,1.0,2.0,1.0,18.0,1.0,5.0,9.0,12.0,58.0,99
521405,2016,1.0,0.0,2.0,0.0,1.0,4.0,0.0,0.0,0.0,3.0,50.0,73
521405,2017,5.0,2.0,2.0,2.0,1.0,19.0,1.0,3.0,1.0,16.0,52.0,76
521405,2018,2.0,0.0,0.0,0.0,0.0,33.0,4.0,3.0,6.0,11.0,59.0,80
521405,2019,2.0,1.0,0.0,1.0,0.0,31.0,4.0,4.0,9.0,23.0,75.0,93
521410,2012,4.0,0.0,0.0,5.0,7.0,8.0,1.0,0.0,1.0,1.0,33.0,50
521410,2013,0.0,0.0,0.0,0.0,0.0,0.0,0.0,0.0,0.0,0.0,41.0,56
521410,2014,1.0,1.0,4.0,2.0,0.0,5.0,6.0,0.0,10.0,1.0,42.0,54
521410,2015,1.0,0.0,0.0,0.0,1.0,16.0,6.0,2.0,16.0,4.0,47.0,64
521410,2016,2.0,0.0,0.0,0.0,0.0,15.0,8.0,3.0,16.0,2.0,47.0,66
521410,2017,0.0,0.0,0.0,0.0,1.0,19.0,3.0,2.0,4.0,3.0,34.0,46
521410,2018,4.0,0.0,0.0,0.0,1.0,13.0,10.0,1.0,13.0,0.0,43.0,48
521410,2019,0.0,0.0,1.0,0.0,1.0,15.0,4.0,0.0,11.0,0.0,32.0,36
521440,2012,2.0,0.0,0.0,2.0,2.0,21.0,1.0,0.0,5.0,9.0,57.0,96
521440,2013,0.0,0.0,0.0,0.0,0.0,0.0,0.0,0.0,0.0,0.0,82.0,107
521440,2014,3.0,0.0,1.0,0.0,1.0,20.0,4.0,13.0,5.0,16.0,78.0,95
521440,2015,3.0,1.0,0.0,1.0,0.0,24.0,1.0,15.0,7.0,14.0,75.0,93
521440,2016,2.0,0.0,3.0,7.0,4.0,18.0,3.0,5.0,8.0,15.0,75.0,92
521440,2017,2.0,0.0,4.0,5.0,2.0,30.0,1.0,1.0,8.0,11.0,76.0,97
521440,2018,4.0,0.0,0.0,2.0,0.0,30.0,4.0,3.0,14.0,9.0,70.0,88
521440,2019,3.0,0.0,0.0,1.0,1.0,23.0,2.0,7.0,12.0,9.0,59.0,85
521450,2012,21.0,0.0,8.0,0.0,3.0,32.0,5.0,6.0,21.0,21.0,308.0,400
521450,2013,0.0,0.0,0.0,0.0,0.0,0.0,0.0,0.0,0.0,0.0,307.0,390
521450,2014,17.0,0.0,6.0,3.0,3.0,108.0,26.0,29.0,54.0,60.0,373.0,456
521450,2015,18.0,1.0,13.0,5.0,8.0,95.0,30.0,18.0,49.0,48.0,336.0,418
521450,2016,10.0,1.0,7.0,10.0,3.0,143.0,32.0,20.0,67.0,69.0,408.0,486
521450,2017,16.0,2.0,8.0,10.0,8.0,146.0,22.0,19.0,73.0,52.0,395.0,507
521450,2018,26.0,3.0,14.0,11.0,7.0,161.0,26.0,22.0,66.0,36.0,391.0,479
521450,2019,19.0,3.0,5.0,14.0,14.0,152.0,30.0,28.0,47.0,64.0,377.0,466
521460,2012,24.0,0.0,7.0,5.0,6.0,121.0,11.0,42.0,29.0,85.0,349.0,534
521460,2013,0.0,0.0,0.0,0.0,0.0,0.0,0.0,0.0,0.0,0.0,328.0,486
521460,2014,19.0,0.0,5.0,3.0,4.0,124.0,35.0,14.0,76.0,44.0,344.0,518
521460,2015,15.0,1.0,13.0,4.0,3.0,101.0,30.0,16.0,64.0,45.0,319.0,501
521460,2016,14.0,0.0,2.0,4.0,4.0,86.0,19.0,20.0,43.0,38.0,242.0,427
521460,2017,10.0,0.0,0.0,3.0,6.0,108.0,21.0,18.0,35.0,49.0,260.0,461
521460,2018,15.0,0.0,5.0,4.0,5.0,105.0,12.0,30.0,42.0,58.0,278.0,459
521460,2019,14.0,0.0,0.0,4.0,3.0,110.0,11.0,25.0,27.0,47.0,241.0,396
521470,2012,4.0,0.0,0.0,0.0,0.0,3.0,1.0,1.0,2.0,7.0,19.0,25
521470,2013,0.0,0.0,0.0,0.0,0.0,0.0,0.0,0.0,0.0,0.0,19.0,33
521470,2014,0.0,0.0,0.0,0.0,0.0,3.0,1.0,4.0,1.0,4.0,14.0,27
521470,2015,3.0,0.0,0.0,1.0,0.0,10.0,1.0,1.0,1.0,4.0,22.0,33
521470,2016,0.0,0.0,0.0,0.0,0.0,5.0,1.0,1.0,3.0,5.0,15.0,20
521470,2017,0.0,0.0,0.0,0.0,0.0,6.0,1.0,2.0,3.0,3.0,15.0,27
521470,2018,0.0,0.0,0.0,0.0,0.0,14.0,1.0,3.0,0.0,4.0,22.0,27
521470,2019,0.0,0.0,0.0,0.0,0.0,7.0,1.0,3.0,2.0,2.0,15.0,29
521480,2012,3.0,0.0,0.0,1.0,2.0,5.0,1.0,0.0,1.0,4.0,17.0,20
521480,2013,0.0,0.0,0.0,0.0,0.0,0.0,0.0,0.0,0.0,0.0,13.0,24
521480,2014,2.0,0.0,0.0,0.0,0.0,9.0,0.0,0.0,2.0,0.0,14.0,17
521480,2015,1.0,0.0,0.0,0.0,0.0,8.0,2.0,2.0,3.0,3.0,19.0,24
521480,2016,3.0,0.0,2.0,0.0,0.0,7.0,0.0,1.0,4.0,3.0,20.0,24
521480,2017,1.0,0.0,0.0,0.0,0.0,10.0,1.0,1.0,3.0,3.0,19.0,25
521480,2018,2.0,0.0,0.0,1.0,0.0,3.0,2.0,1.0,4.0,2.0,15.0,18
521480,2019,1.0,0.0,0.0,1.0,0.0,3.0,0.0,1.0,2.0,1.0,9.0,12
521483,2012,22.0,1.0,0.0,2.0,5.0,43.0,0.0,11.0,3.0,40.0,133.0,165
521483,2013,0.0,0.0,0.0,0.0,0.0,0.0,0.0,0.0,0.0,0.0,152.0,172
521483,2014,9.0,0.0,2.0,1.0,0.0,41.0,3.0,7.0,1.0,36.0,137.0,156
521483,2015,8.0,2.0,5.0,3.0,1.0,84.0,1.0,21.0,2.0,59.0,191.0,205
521483,2016,3.0,0.0,2.0,1.0,1.0,63.0,0.0,14.0,2.0,53.0,150.0,163
521483,2017,9.0,1.0,2.0,1.0,0.0,51.0,0.0,17.0,5.0,64.0,152.0,164
521483,2018,6.0,0.0,10.0,3.0,1.0,66.0,0.0,17.0,1.0,57.0,163.0,178
521483,2019,19.0,0.0,2.0,0.0,0.0,66.0,1.0,28.0,2.0,47.0,165.0,176
521486,2012,0.0,4.0,3.0,1.0,1.0,13.0,1.0,4.0,5.0,10.0,48.0,87
521486,2013,0.0,0.0,0.0,0.0,0.0,0.0,0.0,0.0,0.0,0.0,53.0,88
521486,2014,5.0,1.0,0.0,1.0,1.0,27.0,2.0,7.0,3.0,11.0,59.0,93
521486,2015,3.0,0.0,0.0,3.0,1.0,27.0,2.0,8.0,2.0,15.0,63.0,110
521486,2016,3.0,0.0,0.0,1.0,0.0,21.0,2.0,1.0,7.0,17.0,54.0,98
521486,2017,3.0,1.0,0.0,2.0,0.0,20.0,5.0,5.0,5.0,12.0,54.0,90
521486,2018,4.0,0.0,0.0,0.0,1.0,25.0,6.0,9.0,4.0,14.0,63.0,94
521486,2019,6.0,0.0,0.0,1.0,0.0,24.0,4.0,6.0,3.0,10.0,55.0,76
521487,2012,1.0,0.0,0.0,0.0,0.0,8.0,2.0,3.0,2.0,3.0,19.0,29
521487,2013,0.0,0.0,0.0,0.0,0.0,0.0,0.0,0.0,0.0,0.0,27.0,29
521487,2014,5.0,0.0,0.0,0.0,0.0,9.0,4.0,1.0,6.0,4.0,31.0,37
521487,2015,1.0,0.0,0.0,0.0,0.0,14.0,1.0,3.0,1.0,7.0,29.0,39
521487,2016,2.0,1.0,0.0,1.0,0.0,16.0,1.0,4.0,0.0,6.0,31.0,39
521487,2017,1.0,0.0,0.0,0.0,0.0,10.0,0.0,1.0,2.0,7.0,22.0,26
521487,2018,2.0,0.0,0.0,0.0,0.0,14.0,0.0,2.0,0.0,7.0,25.0,32
521487,2019,2.0,0.0,0.0,0.0,0.0,7.0,2.0,0.0,2.0,2.0,15.0,18
521490,2012,4.0,0.0,0.0,0.0,0.0,1.0,0.0,1.0,2.0,4.0,13.0,31
521490,2013,0.0,0.0,0.0,0.0,0.0,0.0,0.0,0.0,0.0,0.0,7.0,22
521490,2014,0.0,0.0,0.0,0.0,0.0,1.0,1.0,2.0,1.0,0.0,5.0,15
521490,2015,0.0,0.0,0.0,0.0,1.0,3.0,0.0,0.0,3.0,1.0,8.0,17
521490,2016,1.0,0.0,0.0,1.0,1.0,2.0,1.0,2.0,0.0,1.0,9.0,24
521490,2017,0.0,1.0,0.0,1.0,0.0,5.0,1.0,2.0,1.0,5.0,18.0,37
521490,2018,1.0,1.0,0.0,5.0,0.0,6.0,3.0,3.0,3.0,8.0,30.0,45
521490,2019,1.0,0.0,0.0,0.0,0.0,6.0,2.0,3.0,3.0,1.0,17.0,27
521500,2012,6.0,0.0,0.0,1.0,0.0,22.0,0.0,5.0,3.0,12.0,75.0,84
521500,2013,0.0,0.0,0.0,0.0,0.0,0.0,0.0,0.0,0.0,0.0,68.0,86
521500,2014,2.0,0.0,0.0,2.0,1.0,32.0,3.0,10.0,8.0,18.0,86.0,103
521500,2015,9.0,0.0,2.0,0.0,1.0,32.0,2.0,10.0,9.0,19.0,98.0,109
521500,2016,1.0,1.0,0.0,0.0,1.0,29.0,3.0,10.0,5.0,24.0,81.0,97
521500,2017,6.0,1.0,3.0,2.0,2.0,36.0,1.0,8.0,12.0,14.0,95.0,112
521500,2018,8.0,0.0,2.0,4.0,1.0,34.0,5.0,1.0,17.0,7.0,82.0,98
521500,2019,6.0,0.0,2.0,1.0,2.0,31.0,1.0,1.0,15.0,11.0,70.0,86
521520,2012,2.0,0.0,0.0,0.0,0.0,13.0,0.0,1.0,6.0,8.0,33.0,36
521520,2013,0.0,0.0,0.0,0.0,0.0,0.0,0.0,0.0,0.0,0.0,30.0,31
521520,2014,2.0,0.0,0.0,1.0,0.0,15.0,0.0,6.0,6.0,14.0,46.0,49
521520,2015,1.0,0.0,0.0,0.0,0.0,11.0,1.0,0.0,4.0,6.0,24.0,30
521520,2016,2.0,0.0,0.0,2.0,1.0,5.0,0.0,7.0,5.0,13.0,38.0,52
521520,2017,1.0,1.0,0.0,0.0,1.0,10.0,0.0,2.0,3.0,5.0,24.0,30
521520,2018,2.0,2.0,0.0,1.0,2.0,19.0,2.0,2.0,1.0,17.0,50.0,58
521520,2019,2.0,0.0,2.0,0.0,0.0,21.0,0.0,5.0,1.0,9.0,40.0,47
521523,2012,55.0,1.0,26.0,20.0,24.0,228.0,24.0,15.0,94.0,61.0,683.0,1694
521523,2013,0.0,0.0,0.0,0.0,0.0,0.0,0.0,0.0,0.0,0.0,675.0,1694
521523,2014,57.0,4.0,21.0,35.0,13.0,199.0,42.0,52.0,68.0,74.0,642.0,1611
521523,2015,43.0,1.0,16.0,35.0,12.0,195.0,32.0,38.0,76.0,81.0,627.0,1631
521523,2016,67.0,5.0,24.0,13.0,14.0,201.0,43.0,57.0,69.0,71.0,619.0,1498
521523,2017,62.0,1.0,15.0,12.0,10.0,158.0,21.0,47.0,42.0,70.0,546.0,1472
521523,2018,42.0,2.0,25.0,27.0,11.0,209.0,54.0,39.0,56.0,70.0,590.0,1501
521523,2019,69.0,3.0,28.0,28.0,7.0,237.0,63.0,44.0,81.0,69.0,647.0,1521
521525,2012,2.0,1.0,0.0,2.0,0.0,11.0,1.0,4.0,1.0,7.0,31.0,47
521525,2013,0.0,0.0,0.0,0.0,0.0,0.0,0.0,0.0,0.0,0.0,25.0,39
521525,2014,0.0,0.0,0.0,1.0,0.0,8.0,1.0,4.0,2.0,6.0,23.0,33
521525,2015,2.0,1.0,1.0,4.0,1.0,7.0,1.0,2.0,4.0,9.0,34.0,56
521525,2016,1.0,0.0,0.0,1.0,1.0,6.0,1.0,3.0,4.0,2.0,20.0,32
521525,2017,4.0,0.0,0.0,5.0,5.0,13.0,2.0,8.0,3.0,8.0,48.0,61
521525,2018,6.0,0.0,0.0,4.0,0.0,14.0,1.0,4.0,4.0,8.0,41.0,49
521525,2019,0.0,0.0,2.0,0.0,0.0,8.0,3.0,5.0,1.0,13.0,32.0,37
521530,2012,5.0,1.0,3.0,5.0,2.0,17.0,3.0,1.0,19.0,7.0,80.0,165
521530,2013,0.0,0.0,0.0,0.0,0.0,0.0,0.0,0.0,0.0,0.0,77.0,153
521530,2014,3.0,0.0,4.0,3.0,4.0,32.0,9.0,6.0,13.0,19.0,100.0,171
521530,2015,11.0,0.0,0.0,0.0,0.0,32.0,6.0,10.0,12.0,16.0,104.0,192
521530,2016,4.0,1.0,6.0,3.0,3.0,37.0,8.0,6.0,16.0,19.0,115.0,189
521530,2017,5.0,0.0,1.0,2.0,2.0,34.0,6.0,7.0,28.0,16.0,109.0,204
521530,2018,4.0,0.0,2.0,5.0,1.0,39.0,12.0,14.0,27.0,17.0,124.0,206
521530,2019,13.0,0.0,6.0,3.0,2.0,58.0,6.0,1.0,19.0,12.0,120.0,194
521540,2012,1.0,0.0,0.0,0.0,0.0,10.0,1.0,1.0,5.0,1.0,25.0,44
521540,2013,0.0,0.0,0.0,0.0,0.0,0.0,0.0,0.0,0.0,0.0,29.0,50
521540,2014,3.0,1.0,2.0,1.0,0.0,15.0,2.0,5.0,3.0,4.0,41.0,60
521540,2015,2.0,0.0,0.0,1.0,0.0,12.0,3.0,3.0,6.0,3.0,30.0,52
521540,2016,0.0,0.0,0.0,0.0,0.0,10.0,6.0,2.0,8.0,2.0,28.0,37
521540,2017,4.0,0.0,2.0,0.0,1.0,9.0,5.0,1.0,8.0,3.0,33.0,51
521540,2018,2.0,0.0,4.0,0.0,3.0,10.0,4.0,0.0,8.0,3.0,34.0,46
521540,2019,3.0,0.0,0.0,0.0,1.0,18.0,0.0,7.0,8.0,3.0,40.0,56
521550,2012,1.0,0.0,0.0,3.0,0.0,14.0,1.0,1.0,5.0,9.0,35.0,48
521550,2013,0.0,0.0,0.0,0.0,0.0,0.0,0.0,0.0,0.0,0.0,50.0,68
521550,2014,1.0,0.0,0.0,2.0,0.0,18.0,5.0,2.0,13.0,6.0,48.0,68
521550,2015,5.0,0.0,0.0,1.0,2.0,14.0,3.0,1.0,12.0,5.0,45.0,69
521550,2016,1.0,0.0,0.0,2.0,0.0,24.0,6.0,4.0,8.0,7.0,56.0,73
521550,2017,4.0,0.0,4.0,4.0,2.0,23.0,1.0,3.0,9.0,9.0,61.0,75
521550,2018,6.0,0.0,0.0,1.0,0.0,28.0,5.0,1.0,15.0,10.0,66.0,79
521550,2019,3.0,0.0,0.0,2.0,3.0,31.0,7.0,3.0,17.0,5.0,71.0,84
521560,2012,17.0,0.0,2.0,4.0,1.0,47.0,0.0,1.0,11.0,16.0,150.0,387
521560,2013,0.0,0.0,0.0,0.0,0.0,0.0,0.0,0.0,0.0,0.0,143.0,381
521560,2014,10.0,1.0,4.0,6.0,5.0,42.0,13.0,16.0,16.0,16.0,172.0,448
521560,2015,8.0,0.0,10.0,10.0,2.0,64.0,6.0,16.0,21.0,26.0,200.0,528
521560,2016,18.0,3.0,5.0,3.0,0.0,49.0,14.0,7.0,16.0,26.0,150.0,450
521560,2017,12.0,0.0,5.0,12.0,2.0,58.0,10.0,15.0,12.0,21.0,164.0,464
521560,2018,13.0,1.0,5.0,4.0,3.0,66.0,11.0,17.0,17.0,24.0,166.0,441
521560,2019,20.0,0.0,4.0,10.0,3.0,55.0,13.0,18.0,16.0,21.0,170.0,425
521565,2012,0.0,0.0,0.0,0.0,1.0,12.0,3.0,1.0,8.0,5.0,31.0,34
521565,2013,0.0,0.0,0.0,0.0,0.0,0.0,0.0,0.0,0.0,0.0,32.0,41
521565,2014,0.0,0.0,0.0,1.0,0.0,29.0,0.0,0.0,2.0,3.0,38.0,44
521565,2015,6.0,0.0,0.0,1.0,0.0,35.0,0.0,1.0,1.0,4.0,50.0,57
521565,2016,2.0,0.0,2.0,0.0,0.0,24.0,0.0,1.0,4.0,2.0,36.0,39
521565,2017,4.0,0.0,0.0,0.0,0.0,29.0,5.0,1.0,10.0,1.0,51.0,53
521565,2018,2.0,0.0,0.0,0.0,1.0,16.0,1.0,0.0,7.0,2.0,29.0,31
521565,2019,3.0,0.0,0.0,0.0,1.0,20.0,2.0,0.0,11.0,2.0,39.0,40
521570,2012,19.0,0.0,0.0,38.0,43.0,37.0,0.0,7.0,15.0,26.0,218.0,274
521570,2013,0.0,0.0,0.0,0.0,0.0,0.0,0.0,0.0,0.0,0.0,280.0,328
521570,2014,15.0,0.0,8.0,3.0,4.0,74.0,5.0,50.0,12.0,105.0,315.0,373
521570,2015,18.0,2.0,6.0,9.0,6.0,88.0,4.0,39.0,13.0,93.0,310.0,395
521570,2016,7.0,0.0,10.0,3.0,5.0,95.0,32.0,6.0,96.0,22.0,318.0,391
521570,2017,8.0,0.0,4.0,2.0,2.0,104.0,53.0,1.0,102.0,11.0,330.0,404
521570,2018,15.0,0.0,6.0,1.0,6.0,126.0,46.0,16.0,85.0,34.0,359.0,436
521570,2019,20.0,0.0,7.0,6.0,1.0,151.0,20.0,44.0,32.0,75.0,357.0,430
521580,2012,1.0,0.0,0.0,0.0,0.0,0.0,0.0,0.0,0.0,4.0,9.0,21
521580,2013,0.0,0.0,0.0,0.0,0.0,0.0,0.0,0.0,0.0,0.0,13.0,20
521580,2014,0.0,0.0,0.0,0.0,0.0,1.0,0.0,4.0,0.0,2.0,7.0,13
521580,2015,3.0,0.0,0.0,1.0,0.0,1.0,2.0,3.0,0.0,5.0,19.0,25
521580,2016,0.0,0.0,0.0,0.0,0.0,3.0,1.0,0.0,2.0,2.0,11.0,20
521580,2017,0.0,0.0,0.0,1.0,0.0,6.0,0.0,0.0,3.0,1.0,12.0,20
521580,2018,0.0,0.0,0.0,0.0,0.0,4.0,1.0,4.0,0.0,3.0,12.0,19
521580,2019,2.0,0.0,0.0,0.0,0.0,4.0,0.0,1.0,3.0,1.0,11.0,21
521590,2012,2.0,0.0,0.0,1.0,0.0,5.0,0.0,1.0,3.0,2.0,19.0,19
521590,2013,0.0,0.0,0.0,0.0,0.0,0.0,0.0,0.0,0.0,0.0,30.0,41
521590,2014,3.0,1.0,0.0,0.0,3.0,14.0,0.0,2.0,1.0,12.0,38.0,44
521590,2015,3.0,0.0,0.0,0.0,0.0,11.0,2.0,4.0,3.0,4.0,29.0,36
521590,2016,1.0,0.0,0.0,0.0,2.0,17.0,0.0,0.0,8.0,4.0,34.0,43
521590,2017,1.0,1.0,2.0,2.0,0.0,15.0,2.0,0.0,8.0,7.0,38.0,43
521590,2018,1.0,0.0,3.0,2.0,0.0,10.0,4.0,3.0,7.0,10.0,40.0,44
521590,2019,1.0,0.0,0.0,0.0,1.0,22.0,5.0,2.0,7.0,7.0,45.0,48
521600,2012,3.0,0.0,0.0,0.0,0.0,5.0,0.0,2.0,2.0,3.0,17.0,22
521600,2013,0.0,0.0,0.0,0.0,0.0,0.0,0.0,0.0,0.0,0.0,14.0,21
521600,2014,3.0,0.0,0.0,0.0,0.0,9.0,3.0,0.0,9.0,5.0,29.0,40
521600,2015,1.0,0.0,2.0,1.0,0.0,8.0,9.0,0.0,3.0,0.0,25.0,36
521600,2016,0.0,0.0,0.0,0.0,1.0,12.0,2.0,1.0,10.0,0.0,27.0,29
521600,2017,2.0,0.0,0.0,0.0,0.0,11.0,4.0,0.0,4.0,0.0,21.0,26
521600,2018,1.0,0.0,0.0,0.0,0.0,6.0,3.0,2.0,7.0,5.0,24.0,28
521600,2019,3.0,0.0,0.0,1.0,0.0,7.0,2.0,1.0,2.0,3.0,19.0,27
521630,2012,8.0,8.0,1.0,13.0,5.0,20.0,3.0,12.0,3.0,21.0,96.0,136
521630,2013,0.0,0.0,0.0,0.0,0.0,0.0,0.0,0.0,0.0,0.0,83.0,115
521630,2014,12.0,6.0,0.0,2.0,0.0,28.0,3.0,16.0,7.0,33.0,108.0,124
521630,2015,8.0,2.0,2.0,2.0,3.0,25.0,3.0,21.0,4.0,28.0,101.0,118
521630,2016,5.0,0.0,2.0,7.0,2.0,31.0,4.0,9.0,14.0,23.0,98.0,110
521630,2017,1.0,0.0,0.0,1.0,1.0,28.0,18.0,0.0,38.0,7.0,96.0,104
521630,2018,3.0,0.0,2.0,2.0,1.0,31.0,10.0,2.0,26.0,8.0,87.0,94
521630,2019,6.0,0.0,3.0,1.0,1.0,40.0,8.0,4.0,18.0,8.0,89.0,93
521640,2012,3.0,0.0,0.0,4.0,2.0,34.0,1.0,12.0,6.0,41.0,115.0,146
521640,2013,0.0,0.0,0.0,0.0,0.0,0.0,0.0,0.0,0.0,0.0,103.0,132
521640,2014,11.0,0.0,0.0,1.0,3.0,45.0,12.0,9.0,16.0,25.0,128.0,146
521640,2015,5.0,0.0,1.0,2.0,1.0,39.0,6.0,21.0,5.0,28.0,124.0,144
521640,2016,2.0,0.0,6.0,0.0,1.0,46.0,3.0,16.0,6.0,37.0,131.0,147
521640,2017,5.0,0.0,4.0,0.0,1.0,46.0,7.0,25.0,17.0,31.0,148.0,165
521640,2018,8.0,1.0,6.0,0.0,0.0,68.0,12.0,15.0,21.0,27.0,163.0,171
521640,2019,5.0,0.0,0.0,1.0,2.0,63.0,7.0,14.0,16.0,32.0,140.0,152
521645,2012,3.0,0.0,2.0,0.0,1.0,14.0,4.0,1.0,10.0,8.0,43.0,47
521645,2013,0.0,0.0,0.0,0.0,0.0,0.0,0.0,0.0,0.0,0.0,42.0,43
521645,2014,3.0,0.0,0.0,0.0,0.0,19.0,4.0,3.0,9.0,2.0,40.0,46
521645,2015,0.0,0.0,0.0,0.0,0.0,14.0,2.0,0.0,11.0,1.0,29.0,38
521645,2016,1.0,0.0,2.0,0.0,0.0,18.0,1.0,1.0,6.0,4.0,33.0,37
521645,2017,4.0,0.0,0.0,2.0,0.0,18.0,7.0,1.0,9.0,1.0,42.0,48
521645,2018,1.0,0.0,0.0,0.0,0.0,11.0,1.0,1.0,11.0,5.0,30.0,33
521645,2019,1.0,0.0,0.0,1.0,1.0,27.0,2.0,1.0,4.0,4.0,41.0,45
521680,2012,7.0,0.0,0.0,0.0,0.0,34.0,1.0,8.0,1.0,30.0,83.0,96
521680,2013,0.0,0.0,0.0,0.0,0.0,0.0,0.0,0.0,0.0,0.0,73.0,90
521680,2014,2.0,0.0,5.0,3.0,0.0,18.0,1.0,8.0,4.0,28.0,74.0,85
521680,2015,5.0,0.0,3.0,2.0,0.0,22.0,0.0,8.0,4.0,21.0,72.0,90
521680,2016,1.0,0.0,4.0,2.0,0.0,17.0,2.0,5.0,5.0,23.0,67.0,81
521680,2017,2.0,0.0,0.0,1.0,0.0,27.0,2.0,1.0,6.0,20.0,65.0,78
521680,2018,3.0,0.0,0.0,4.0,0.0,38.0,2.0,5.0,11.0,12.0,79.0,99
521680,2019,5.0,0.0,2.0,2.0,0.0,28.0,1.0,4.0,6.0,13.0,61.0,77
521690,2012,3.0,0.0,0.0,0.0,1.0,8.0,1.0,3.0,3.0,2.0,21.0,27
521690,2013,0.0,0.0,0.0,0.0,0.0,0.0,0.0,0.0,0.0,0.0,14.0,25
521690,2014,1.0,1.0,4.0,0.0,0.0,5.0,0.0,1.0,2.0,8.0,23.0,38
521690,2015,1.0,0.0,0.0,0.0,1.0,3.0,0.0,1.0,1.0,2.0,12.0,26
521690,2016,0.0,0.0,0.0,1.0,0.0,9.0,2.0,1.0,4.0,8.0,26.0,36
521690,2017,3.0,0.0,0.0,1.0,1.0,7.0,3.0,1.0,5.0,4.0,26.0,38
521690,2018,2.0,0.0,0.0,0.0,0.0,6.0,1.0,3.0,1.0,3.0,16.0,24
521690,2019,5.0,0.0,0.0,0.0,0.0,12.0,1.0,1.0,0.0,4.0,23.0,34
521710,2012,8.0,1.0,3.0,5.0,1.0,44.0,0.0,7.0,10.0,44.0,141.0,217
521710,2013,0.0,0.0,0.0,0.0,0.0,0.0,0.0,0.0,0.0,0.0,189.0,256
521710,2014,4.0,0.0,4.0,2.0,3.0,52.0,5.0,20.0,10.0,40.0,163.0,227
521710,2015,4.0,0.0,3.0,1.0,7.0,53.0,6.0,19.0,11.0,47.0,185.0,253
521710,2016,9.0,1.0,0.0,6.0,8.0,47.0,5.0,14.0,6.0,32.0,146.0,213
521710,2017,13.0,1.0,2.0,7.0,4.0,56.0,2.0,7.0,14.0,26.0,159.0,245
521710,2018,14.0,0.0,4.0,4.0,4.0,57.0,8.0,15.0,17.0,28.0,166.0,241
521710,2019,12.0,0.0,4.0,4.0,4.0,74.0,7.0,12.0,19.0,32.0,168.0,235
521720,2012,12.0,0.0,2.0,0.0,1.0,24.0,3.0,8.0,13.0,23.0,93.0,111
521720,2013,0.0,0.0,0.0,0.0,0.0,0.0,0.0,0.0,0.0,0.0,81.0,114
521720,2014,2.0,1.0,0.0,2.0,2.0,40.0,6.0,10.0,11.0,18.0,113.0,136
521720,2015,5.0,0.0,2.0,1.0,2.0,32.0,5.0,6.0,14.0,26.0,122.0,150
521720,2016,3.0,0.0,3.0,2.0,1.0,52.0,2.0,8.0,8.0,33.0,112.0,134
521720,2017,2.0,0.0,3.0,4.0,0.0,49.0,1.0,15.0,7.0,27.0,113.0,125
521720,2018,1.0,0.0,2.0,1.0,1.0,52.0,1.0,12.0,8.0,40.0,120.0,130
521720,2019,3.0,0.0,2.0,2.0,1.0,44.0,1.0,6.0,11.0,26.0,96.0,108
521730,2012,16.0,0.0,8.0,5.0,5.0,57.0,12.0,21.0,30.0,24.0,183.0,294
521730,2013,0.0,0.0,0.0,0.0,0.0,0.0,0.0,0.0,0.0,0.0,162.0,268
521730,2014,11.0,0.0,4.0,2.0,5.0,45.0,14.0,23.0,21.0,40.0,174.0,276
521730,2015,8.0,0.0,4.0,9.0,3.0,69.0,5.0,31.0,26.0,42.0,207.0,293
521730,2016,10.0,0.0,2.0,5.0,6.0,77.0,17.0,9.0,40.0,31.0,203.0,279
521730,2017,10.0,0.0,3.0,6.0,3.0,73.0,28.0,14.0,44.0,22.0,207.0,281
521730,2018,19.0,0.0,2.0,10.0,3.0,92.0,26.0,10.0,48.0,24.0,244.0,344
521730,2019,13.0,0.0,2.0,3.0,2.0,91.0,17.0,21.0,30.0,30.0,209.0,307
521740,2012,15.0,1.0,4.0,5.0,2.0,44.0,13.0,18.0,31.0,63.0,236.0,368
521740,2013,0.0,0.0,0.0,0.0,0.0,0.0,0.0,0.0,0.0,0.0,248.0,347
521740,2014,21.0,0.0,8.0,4.0,5.0,65.0,4.0,34.0,23.0,74.0,266.0,355
521740,2015,10.0,0.0,4.0,2.0,4.0,74.0,6.0,32.0,22.0,54.0,255.0,332
521740,2016,5.0,0.0,1.0,3.0,4.0,61.0,9.0,21.0,37.0,55.0,259.0,347
521740,2017,10.0,0.0,3.0,5.0,6.0,66.0,16.0,14.0,24.0,40.0,213.0,327
521740,2018,18.0,2.0,4.0,8.0,5.0,83.0,9.0,18.0,29.0,47.0,253.0,364
521740,2019,26.0,0.0,6.0,10.0,5.0,77.0,7.0,10.0,33.0,37.0,211.0,331
521760,2012,77.0,3.0,22.0,20.0,22.0,173.0,50.0,18.0,107.0,57.0,638.0,1550
521760,2013,0.0,0.0,0.0,0.0,0.0,0.0,0.0,0.0,0.0,0.0,628.0,1521
521760,2014,53.0,11.0,22.0,18.0,14.0,207.0,56.0,51.0,76.0,122.0,650.0,1566
521760,2015,53.0,1.0,27.0,22.0,17.0,221.0,42.0,62.0,64.0,107.0,665.0,1654
521760,2016,73.0,3.0,33.0,31.0,13.0,220.0,36.0,91.0,64.0,156.0,723.0,1596
521760,2017,60.0,1.0,22.0,24.0,10.0,259.0,51.0,90.0,73.0,130.0,734.0,1616
521760,2018,68.0,2.0,24.0,19.0,13.0,235.0,43.0,80.0,57.0,121.0,676.0,1584
521760,2019,45.0,1.0,21.0,19.0,11.0,245.0,65.0,70.0,73.0,126.0,692.0,1481
521770,2012,10.0,1.0,6.0,1.0,1.0,27.0,5.0,23.0,19.0,31.0,132.0,188
521770,2013,0.0,0.0,0.0,0.0,0.0,0.0,0.0,0.0,0.0,0.0,161.0,217
521770,2014,10.0,2.0,0.0,0.0,1.0,72.0,6.0,18.0,19.0,33.0,171.0,206
521770,2015,12.0,0.0,4.0,4.0,3.0,60.0,7.0,12.0,8.0,27.0,152.0,194
521770,2016,11.0,1.0,0.0,3.0,2.0,80.0,2.0,16.0,7.0,34.0,161.0,204
521770,2017,6.0,1.0,5.0,3.0,0.0,84.0,2.0,14.0,10.0,30.0,164.0,207
521770,2018,15.0,0.0,7.0,4.0,1.0,68.0,5.0,13.0,6.0,48.0,172.0,224
521770,2019,9.0,0.0,3.0,2.0,2.0,64.0,5.0,17.0,10.0,32.0,144.0,188
521800,2012,26.0,3.0,10.0,7.0,4.0,151.0,13.0,15.0,74.0,70.0,399.0,613
521800,2013,0.0,0.0,0.0,0.0,0.0,0.0,0.0,0.0,0.0,0.0,406.0,586
521800,2014,25.0,2.0,3.0,12.0,6.0,146.0,42.0,26.0,76.0,75.0,436.0,612
521800,2015,28.0,2.0,15.0,14.0,3.0,149.0,27.0,32.0,98.0,57.0,470.0,642
521800,2016,27.0,1.0,11.0,6.0,4.0,162.0,23.0,34.0,55.0,59.0,415.0,580
521800,2017,26.0,1.0,7.0,11.0,5.0,155.0,16.0,54.0,54.0,89.0,448.0,566
521800,2018,45.0,1.0,9.0,8.0,3.0,182.0,27.0,67.0,55.0,110.0,523.0,637
521800,2019,36.0,2.0,8.0,8.0,4.0,160.0,14.0,72.0,57.0,119.0,480.0,581
521805,2012,5.0,0.0,2.0,0.0,0.0,5.0,1.0,2.0,3.0,4.0,25.0,30
521805,2013,0.0,0.0,0.0,0.0,0.0,0.0,0.0,0.0,0.0,0.0,30.0,43
521805,2014,3.0,0.0,0.0,1.0,0.0,14.0,1.0,1.0,6.0,4.0,30.0,38
521805,2015,0.0,0.0,2.0,0.0,1.0,17.0,1.0,1.0,8.0,4.0,34.0,48
521805,2016,2.0,0.0,1.0,0.0,0.0,12.0,3.0,1.0,8.0,4.0,32.0,48
521805,2017,1.0,0.0,0.0,0.0,0.0,17.0,4.0,0.0,9.0,3.0,34.0,53
521805,2018,0.0,0.0,0.0,0.0,0.0,14.0,5.0,0.0,8.0,1.0,28.0,52
521805,2019,3.0,0.0,0.0,1.0,0.0,16.0,5.0,3.0,12.0,2.0,42.0,49
521810,2012,4.0,0.0,0.0,0.0,0.0,22.0,8.0,1.0,9.0,2.0,47.0,51
521810,2013,0.0,0.0,0.0,0.0,0.0,0.0,0.0,0.0,0.0,0.0,68.0,74
521810,2014,14.0,0.0,0.0,0.0,0.0,20.0,6.0,0.0,16.0,0.0,57.0,65
521810,2015,7.0,0.0,0.0,0.0,1.0,24.0,5.0,1.0,17.0,2.0,59.0,62
521810,2016,5.0,0.0,0.0,0.0,0.0,18.0,4.0,1.0,15.0,3.0,46.0,51
521810,2017,1.0,0.0,4.0,0.0,2.0,9.0,5.0,1.0,6.0,3.0,31.0,37
521810,2018,3.0,0.0,2.0,1.0,1.0,10.0,1.0,3.0,2.0,3.0,26.0,35
521810,2019,2.0,1.0,2.0,1.0,0.0,19.0,2.0,1.0,9.0,5.0,42.0,47
521830,2012,22.0,3.0,9.0,9.0,4.0,79.0,18.0,27.0,38.0,64.0,284.0,523
521830,2013,0.0,0.0,0.0,0.0,0.0,0.0,0.0,0.0,0.0,0.0,342.0,561
521830,2014,20.0,0.0,9.0,17.0,6.0,131.0,19.0,50.0,33.0,75.0,395.0,654
521830,2015,22.0,2.0,13.0,9.0,8.0,115.0,18.0,63.0,27.0,83.0,393.0,640
521830,2016,13.0,4.0,8.0,9.0,2.0,102.0,7.0,54.0,20.0,101.0,350.0,553
521830,2017,19.0,2.0,8.0,6.0,2.0,118.0,12.0,52.0,26.0,71.0,337.0,539
521830,2018,27.0,1.0,7.0,6.0,5.0,138.0,19.0,49.0,32.0,81.0,377.0,591
521830,2019,22.0,1.0,8.0,7.0,4.0,164.0,26.0,46.0,51.0,82.0,411.0,602
521839,2012,1.0,0.0,0.0,2.0,2.0,4.0,0.0,2.0,1.0,4.0,19.0,30
521839,2013,0.0,0.0,0.0,0.0,0.0,0.0,0.0,0.0,0.0,0.0,22.0,32
521839,2014,1.0,0.0,0.0,0.0,1.0,5.0,0.0,2.0,4.0,4.0,22.0,28
521839,2015,1.0,0.0,0.0,0.0,1.0,8.0,0.0,1.0,3.0,3.0,19.0,24
521839,2016,0.0,0.0,0.0,0.0,0.0,7.0,0.0,1.0,2.0,7.0,19.0,26
521839,2017,2.0,0.0,2.0,0.0,0.0,7.0,4.0,3.0,2.0,7.0,31.0,43
521839,2018,1.0,0.0,0.0,0.0,0.0,4.0,3.0,0.0,2.0,1.0,18.0,22
521839,2019,3.0,0.0,0.0,0.0,1.0,5.0,0.0,1.0,1.0,4.0,15.0,23
521850,2012,57.0,2.0,6.0,16.0,9.0,209.0,50.0,23.0,105.0,88.0,622.0,674
521850,2013,0.0,0.0,0.0,0.0,0.0,0.0,0.0,0.0,0.0,0.0,553.0,608
521850,2014,40.0,1.0,11.0,12.0,13.0,250.0,13.0,43.0,48.0,151.0,598.0,702
521850,2015,40.0,3.0,8.0,12.0,10.0,249.0,2.0,61.0,24.0,178.0,611.0,718
521850,2016,34.0,1.0,14.0,5.0,7.0,235.0,7.0,61.0,38.0,164.0,579.0,637
521850,2017,27.0,3.0,8.0,8.0,2.0,254.0,7.0,62.0,27.0,174.0,583.0,645
521850,2018,49.0,1.0,11.0,11.0,9.0,281.0,31.0,44.0,74.0,133.0,652.0,721
521850,2019,53.0,0.0,2.0,6.0,3.0,284.0,18.0,56.0,60.0,153.0,636.0,693
521860,2012,16.0,4.0,5.0,5.0,4.0,33.0,2.0,1.0,6.0,32.0,112.0,132
521860,2013,0.0,0.0,0.0,0.0,0.0,0.0,0.0,0.0,0.0,0.0,103.0,126
521860,2014,6.0,0.0,2.0,2.0,1.0,37.0,4.0,9.0,9.0,38.0,114.0,150
521860,2015,7.0,0.0,2.0,3.0,2.0,54.0,4.0,5.0,6.0,28.0,115.0,155
521860,2016,9.0,1.0,6.0,1.0,4.0,37.0,7.0,7.0,19.0,27.0,124.0,161
521860,2017,8.0,0.0,2.0,1.0,1.0,54.0,6.0,4.0,11.0,26.0,113.0,158
521860,2018,6.0,2.0,3.0,2.0,0.0,43.0,4.0,11.0,5.0,27.0,104.0,151
521860,2019,10.0,1.0,2.0,3.0,3.0,38.0,3.0,6.0,11.0,30.0,107.0,138
521870,2012,4.0,0.0,0.0,0.0,1.0,11.0,0.0,4.0,3.0,12.0,36.0,57
521870,2013,0.0,0.0,0.0,0.0,0.0,0.0,0.0,0.0,0.0,0.0,47.0,67
521870,2014,2.0,0.0,0.0,2.0,1.0,18.0,2.0,9.0,6.0,10.0,51.0,67
521870,2015,2.0,0.0,0.0,3.0,1.0,13.0,2.0,7.0,2.0,15.0,45.0,75
521870,2016,2.0,1.0,3.0,2.0,1.0,16.0,0.0,1.0,5.0,7.0,39.0,62
521870,2017,2.0,1.0,0.0,2.0,0.0,13.0,2.0,2.0,5.0,6.0,33.0,56
521870,2018,2.0,3.0,3.0,0.0,0.0,19.0,0.0,5.0,3.0,14.0,49.0,71
521870,2019,1.0,0.0,2.0,1.0,0.0,12.0,0.0,5.0,6.0,8.0,35.0,54
521878,2012,1.0,0.0,3.0,2.0,1.0,8.0,1.0,1.0,4.0,13.0,37.0,47
521878,2013,0.0,0.0,0.0,0.0,0.0,0.0,0.0,0.0,0.0,0.0,35.0,43
521878,2014,3.0,0.0,0.0,1.0,2.0,13.0,5.0,1.0,9.0,3.0,37.0,44
521878,2015,0.0,0.0,0.0,2.0,3.0,12.0,4.0,1.0,17.0,4.0,46.0,56
521878,2016,4.0,0.0,4.0,1.0,0.0,11.0,2.0,4.0,8.0,9.0,44.0,51
521878,2017,2.0,0.0,0.0,1.0,3.0,17.0,2.0,4.0,4.0,12.0,45.0,58
521878,2018,3.0,0.0,0.0,1.0,1.0,22.0,0.0,5.0,5.0,9.0,46.0,54
521878,2019,2.0,0.0,0.0,0.0,2.0,14.0,2.0,1.0,8.0,3.0,32.0,51
521880,2012,197.0,4.0,32.0,16.0,26.0,753.0,125.0,72.0,389.0,442.0,2110.0,3093
521880,2013,0.0,0.0,0.0,0.0,0.0,0.0,0.0,0.0,0.0,0.0,2305.0,3293
521880,2014,195.0,2.0,54.0,25.0,27.0,857.0,185.0,117.0,551.0,363.0,2430.0,3497
521880,2015,156.0,1.0,65.0,32.0,35.0,901.0,169.0,110.0,531.0,389.0,2442.0,3561
521880,2016,107.0,1.0,54.0,20.0,39.0,891.0,197.0,91.0,513.0,298.0,2254.0,3386
521880,2017,106.0,3.0,59.0,42.0,26.0,911.0,186.0,108.0,555.0,239.0,2269.0,3371
521880,2018,135.0,3.0,72.0,45.0,48.0,1018.0,232.0,58.0,643.0,194.0,2471.0,3504
521880,2019,189.0,5.0,70.0,47.0,49.0,909.0,234.0,84.0,584.0,208.0,2382.0,3432
521890,2012,15.0,3.0,6.0,6.0,1.0,75.0,3.0,11.0,12.0,35.0,172.0,258
521890,2013,0.0,0.0,0.0,0.0,0.0,0.0,0.0,0.0,0.0,0.0,159.0,220
521890,2014,10.0,0.0,0.0,4.0,0.0,66.0,7.0,12.0,16.0,34.0,153.0,221
521890,2015,12.0,0.0,6.0,6.0,2.0,69.0,10.0,12.0,25.0,38.0,185.0,250
521890,2016,13.0,0.0,2.0,6.0,4.0,66.0,14.0,12.0,35.0,36.0,194.0,260
521890,2017,11.0,0.0,2.0,2.0,3.0,61.0,8.0,15.0,29.0,30.0,164.0,234
521890,2018,14.0,5.0,0.0,4.0,1.0,76.0,7.0,13.0,21.0,41.0,186.0,248
521890,2019,18.0,14.0,0.0,6.0,2.0,65.0,6.0,14.0,30.0,41.0,196.0,254
521900,2012,7.0,0.0,0.0,0.0,1.0,17.0,0.0,4.0,1.0,17.0,59.0,68
521900,2013,0.0,0.0,0.0,0.0,0.0,0.0,0.0,0.0,0.0,0.0,69.0,84
521900,2014,5.0,1.0,5.0,0.0,0.0,18.0,1.0,2.0,1.0,23.0,63.0,78
521900,2015,0.0,2.0,0.0,0.0,0.0,20.0,1.0,6.0,9.0,18.0,69.0,83
521900,2016,2.0,0.0,0.0,1.0,1.0,27.0,1.0,4.0,2.0,23.0,65.0,84
521900,2017,2.0,0.0,2.0,1.0,0.0,37.0,1.0,5.0,6.0,12.0,74.0,96
521900,2018,3.0,0.0,2.0,0.0,0.0,37.0,1.0,7.0,6.0,15.0,78.0,97
521900,2019,5.0,0.0,2.0,0.0,1.0,32.0,1.0,8.0,3.0,25.0,77.0,88
521910,2012,26.0,0.0,0.0,1.0,1.0,11.0,1.0,5.0,1.0,7.0,62.0,83
521910,2013,0.0,0.0,0.0,0.0,0.0,0.0,0.0,0.0,0.0,0.0,58.0,91
521910,2014,3.0,0.0,2.0,1.0,1.0,24.0,5.0,14.0,11.0,27.0,101.0,114
521910,2015,3.0,0.0,4.0,3.0,0.0,33.0,1.0,14.0,2.0,33.0,104.0,119
521910,2016,2.0,0.0,2.0,2.0,0.0,38.0,3.0,15.0,6.0,22.0,96.0,104
521910,2017,4.0,0.0,0.0,1.0,0.0,21.0,2.0,13.0,3.0,25.0,74.0,93
521910,2018,2.0,0.0,0.0,2.0,3.0,31.0,1.0,7.0,5.0,21.0,72.0,84
521910,2019,4.0,0.0,0.0,1.0,0.0,32.0,4.0,3.0,19.0,14.0,77.0,93
521920,2012,1.0,0.0,0.0,0.0,0.0,6.0,1.0,0.0,2.0,1.0,20.0,27
521920,2013,0.0,0.0,0.0,0.0,0.0,0.0,0.0,0.0,0.0,0.0,14.0,29
521920,2014,1.0,0.0,0.0,0.0,0.0,2.0,1.0,3.0,0.0,5.0,15.0,26
521920,2015,3.0,0.0,2.0,0.0,0.0,1.0,0.0,0.0,1.0,1.0,10.0,17
521920,2016,1.0,0.0,0.0,0.0,0.0,4.0,3.0,1.0,1.0,1.0,16.0,26
521920,2017,1.0,0.0,0.0,1.0,0.0,7.0,4.0,2.0,1.0,3.0,20.0,35
521920,2018,1.0,0.0,2.0,0.0,0.0,5.0,1.0,1.0,0.0,1.0,13.0,23
521920,2019,0.0,0.0,0.0,0.0,0.0,4.0,0.0,1.0,4.0,4.0,13.0,28
521925,2012,4.0,0.0,0.0,2.0,1.0,12.0,3.0,2.0,7.0,5.0,43.0,77
521925,2013,0.0,0.0,0.0,0.0,0.0,0.0,0.0,0.0,0.0,0.0,43.0,60
521925,2014,2.0,0.0,0.0,0.0,0.0,14.0,6.0,2.0,13.0,6.0,46.0,80
521925,2015,4.0,0.0,0.0,1.0,2.0,22.0,2.0,4.0,10.0,5.0,55.0,85
521925,2016,3.0,0.0,0.0,0.0,1.0,9.0,4.0,0.0,8.0,3.0,30.0,66
521925,2017,7.0,0.0,1.0,1.0,2.0,20.0,5.0,3.0,5.0,1.0,46.0,82
521925,2018,6.0,0.0,0.0,0.0,0.0,22.0,1.0,4.0,12.0,1.0,49.0,73
521925,2019,5.0,0.0,2.0,0.0,3.0,18.0,8.0,8.0,8.0,12.0,65.0,83
521930,2012,16.0,3.0,7.0,6.0,4.0,72.0,14.0,9.0,39.0,56.0,249.0,489
521930,2013,0.0,0.0,0.0,0.0,0.0,0.0,0.0,0.0,0.0,0.0,298.0,540
521930,2014,32.0,0.0,4.0,6.0,4.0,103.0,32.0,16.0,81.0,53.0,341.0,577
521930,2015,15.0,0.0,12.0,5.0,2.0,95.0,17.0,40.0,35.0,72.0,313.0,528
521930,2016,15.0,1.0,13.0,3.0,1.0,108.0,9.0,41.0,40.0,101.0,344.0,542
521930,2017,18.0,2.0,4.0,7.0,13.0,126.0,12.0,40.0,28.0,83.0,347.0,553
521930,2018,20.0,2.0,6.0,4.0,5.0,133.0,21.0,33.0,35.0,93.0,357.0,547
521930,2019,13.0,3.0,9.0,5.0,5.0,146.0,20.0,20.0,56.0,56.0,333.0,532
521935,2012,1.0,4.0,0.0,1.0,1.0,9.0,0.0,2.0,3.0,2.0,24.0,36
521935,2013,0.0,0.0,0.0,0.0,0.0,0.0,0.0,0.0,0.0,0.0,21.0,32
521935,2014,1.0,0.0,0.0,2.0,0.0,4.0,0.0,1.0,4.0,9.0,21.0,33
521935,2015,1.0,0.0,0.0,0.0,0.0,10.0,1.0,2.0,2.0,7.0,24.0,35
521935,2016,1.0,0.0,0.0,0.0,0.0,9.0,2.0,3.0,3.0,9.0,27.0,41
521935,2017,2.0,0.0,0.0,0.0,2.0,7.0,0.0,4.0,6.0,4.0,25.0,35
521935,2018,0.0,0.0,0.0,0.0,1.0,14.0,0.0,5.0,1.0,4.0,26.0,34
521935,2019,1.0,0.0,0.0,2.0,0.0,18.0,1.0,3.0,1.0,11.0,37.0,43
521940,2012,1.0,0.0,2.0,1.0,2.0,24.0,4.0,2.0,17.0,6.0,62.0,85
521940,2013,0.0,0.0,0.0,0.0,0.0,0.0,0.0,0.0,0.0,0.0,81.0,103
521940,2014,3.0,0.0,0.0,1.0,1.0,26.0,9.0,8.0,16.0,3.0,71.0,96
521940,2015,3.0,0.0,2.0,1.0,2.0,27.0,11.0,5.0,26.0,2.0,81.0,93
521940,2016,4.0,0.0,4.0,1.0,2.0,30.0,8.0,4.0,20.0,5.0,80.0,95
521940,2017,1.0,0.0,0.0,1.0,4.0,30.0,13.0,3.0,26.0,8.0,88.0,105
521940,2018,2.0,0.0,0.0,0.0,1.0,35.0,6.0,1.0,14.0,7.0,67.0,75
521940,2019,2.0,0.0,3.0,5.0,0.0,43.0,6.0,4.0,16.0,9.0,89.0,103
521945,2012,0.0,1.0,0.0,0.0,0.0,4.0,0.0,0.0,2.0,6.0,13.0,24
521945,2013,0.0,0.0,0.0,0.0,0.0,0.0,0.0,0.0,0.0,0.0,19.0,27
521945,2014,0.0,0.0,0.0,0.0,0.0,3.0,1.0,1.0,0.0,3.0,9.0,16
521945,2015,1.0,0.0,0.0,0.0,0.0,4.0,0.0,5.0,0.0,4.0,15.0,21
521945,2016,0.0,0.0,0.0,1.0,0.0,5.0,0.0,3.0,1.0,6.0,16.0,22
521945,2017,0.0,1.0,2.0,3.0,0.0,4.0,1.0,2.0,1.0,11.0,26.0,30
521945,2018,1.0,0.0,2.0,1.0,0.0,6.0,0.0,6.0,0.0,8.0,24.0,29
521945,2019,0.0,0.0,2.0,0.0,0.0,7.0,0.0,3.0,0.0,3.0,15.0,18
521950,2012,2.0,1.0,0.0,0.0,2.0,5.0,0.0,1.0,1.0,6.0,20.0,30
521950,2013,0.0,0.0,0.0,0.0,0.0,0.0,0.0,0.0,0.0,0.0,19.0,29
521950,2014,0.0,0.0,0.0,1.0,1.0,12.0,2.0,1.0,2.0,3.0,22.0,28
521950,2015,3.0,0.0,0.0,2.0,0.0,15.0,0.0,5.0,0.0,7.0,32.0,43
521950,2016,4.0,0.0,2.0,0.0,0.0,9.0,1.0,4.0,1.0,9.0,32.0,37
521950,2017,1.0,0.0,4.0,1.0,0.0,11.0,0.0,2.0,2.0,9.0,30.0,39
521950,2018,4.0,0.0,0.0,2.0,0.0,13.0,1.0,7.0,3.0,10.0,41.0,49
521950,2019,1.0,0.0,0.0,0.0,1.0,12.0,0.0,3.0,1.0,5.0,23.0,28
521960,2012,1.0,0.0,2.0,0.0,0.0,3.0,2.0,2.0,3.0,9.0,23.0,44
521960,2013,0.0,0.0,0.0,0.0,0.0,0.0,0.0,0.0,0.0,0.0,26.0,46
521960,2014,1.0,0.0,0.0,1.0,1.0,14.0,0.0,7.0,9.0,2.0,37.0,49
521960,2015,2.0,0.0,0.0,0.0,0.0,11.0,2.0,0.0,2.0,3.0,20.0,31
521960,2016,2.0,0.0,0.0,0.0,0.0,7.0,1.0,4.0,3.0,4.0,23.0,28
521960,2017,1.0,0.0,0.0,0.0,0.0,10.0,6.0,1.0,3.0,3.0,26.0,33
521960,2018,0.0,0.0,0.0,1.0,0.0,10.0,8.0,5.0,9.0,6.0,39.0,46
521960,2019,0.0,0.0,0.0,0.0,0.0,9.0,10.0,1.0,16.0,1.0,37.0,38
521970,2012,5.0,1.0,0.0,4.0,3.0,20.0,5.0,3.0,12.0,12.0,68.0,143
521970,2013,0.0,0.0,0.0,0.0,0.0,0.0,0.0,0.0,0.0,0.0,79.0,147
521970,2014,2.0,0.0,0.0,3.0,0.0,30.0,3.0,8.0,8.0,17.0,75.0,141
521970,2015,5.0,0.0,10.0,2.0,2.0,26.0,3.0,4.0,11.0,10.0,75.0,147
521970,2016,5.0,0.0,0.0,1.0,5.0,23.0,4.0,5.0,14.0,14.0,73.0,154
521970,2017,3.0,2.0,2.0,3.0,1.0,24.0,3.0,8.0,8.0,11.0,66.0,134
521970,2018,3.0,0.0,2.0,3.0,1.0,19.0,4.0,8.0,10.0,10.0,60.0,108
521970,2019,3.0,0.0,0.0,2.0,1.0,36.0,3.0,3.0,13.0,7.0,68.0,122
521971,2012,6.0,0.0,2.0,1.0,1.0,6.0,0.0,1.0,11.0,6.0,34.0,50
521971,2013,0.0,0.0,0.0,0.0,0.0,0.0,0.0,0.0,0.0,0.0,38.0,46
521971,2014,2.0,0.0,0.0,0.0,0.0,13.0,1.0,6.0,3.0,8.0,34.0,48
521971,2015,3.0,0.0,0.0,0.0,0.0,8.0,1.0,1.0,5.0,3.0,21.0,35
521971,2016,2.0,0.0,0.0,1.0,2.0,12.0,3.0,3.0,5.0,1.0,31.0,48
521971,2017,1.0,0.0,0.0,2.0,0.0,12.0,4.0,1.0,4.0,7.0,32.0,46
521971,2018,3.0,0.0,0.0,0.0,0.0,11.0,3.0,2.0,7.0,3.0,29.0,45
521971,2019,3.0,0.0,0.0,1.0,2.0,14.0,4.0,1.0,4.0,1.0,30.0,45
521973,2012,12.0,0.0,5.0,1.0,0.0,13.0,3.0,2.0,5.0,8.0,71.0,94
521973,2013,0.0,0.0,0.0,0.0,0.0,0.0,0.0,0.0,0.0,0.0,77.0,91
521973,2014,3.0,0.0,1.0,1.0,1.0,14.0,5.0,9.0,12.0,17.0,75.0,106
521973,2015,1.0,2.0,4.0,3.0,0.0,21.0,5.0,7.0,11.0,4.0,72.0,98
521973,2016,3.0,0.0,0.0,1.0,2.0,13.0,4.0,7.0,3.0,9.0,52.0,75
521973,2017,1.0,0.0,2.0,2.0,1.0,22.0,3.0,2.0,9.0,12.0,67.0,98
521973,2018,6.0,0.0,6.0,3.0,0.0,36.0,10.0,3.0,13.0,11.0,92.0,128
521973,2019,6.0,1.0,1.0,1.0,0.0,20.0,4.0,4.0,6.0,10.0,53.0,77
521975,2012,38.0,1.0,17.0,15.0,13.0,114.0,23.0,25.0,51.0,74.0,410.0,1033
521975,2013,0.0,0.0,0.0,0.0,0.0,0.0,0.0,0.0,0.0,0.0,389.0,1026
521975,2014,36.0,1.0,11.0,12.0,10.0,132.0,37.0,33.0,86.0,66.0,442.0,1156
521975,2015,42.0,1.0,12.0,16.0,7.0,140.0,43.0,30.0,81.0,38.0,419.0,1088
521975,2016,36.0,2.0,12.0,16.0,12.0,132.0,25.0,39.0,53.0,60.0,393.0,1061
521975,2017,39.0,1.0,16.0,16.0,9.0,141.0,27.0,32.0,47.0,30.0,363.0,994
521975,2018,44.0,1.0,21.0,21.0,14.0,148.0,30.0,36.0,42.0,58.0,423.0,1047
521975,2019,36.0,0.0,13.0,20.0,7.0,135.0,28.0,24.0,32.0,60.0,357.0,960
521980,2012,6.0,0.0,2.0,0.0,0.0,15.0,0.0,1.0,3.0,13.0,54.0,110
521980,2013,0.0,0.0,0.0,0.0,0.0,0.0,0.0,0.0,0.0,0.0,71.0,148
521980,2014,6.0,0.0,1.0,1.0,0.0,14.0,6.0,6.0,1.0,7.0,50.0,111
521980,2015,4.0,0.0,1.0,3.0,1.0,10.0,8.0,6.0,9.0,11.0,61.0,121
521980,2016,2.0,1.0,4.0,2.0,1.0,18.0,2.0,3.0,4.0,9.0,51.0,119
521980,2017,4.0,0.0,0.0,0.0,1.0,22.0,6.0,2.0,5.0,12.0,56.0,126
521980,2018,6.0,0.0,3.0,3.0,2.0,20.0,4.0,8.0,5.0,6.0,63.0,123
521980,2019,5.0,0.0,2.0,2.0,2.0,11.0,2.0,1.0,10.0,6.0,44.0,113
521990,2012,5.0,0.0,0.0,1.0,0.0,13.0,1.0,1.0,1.0,8.0,41.0,59
521990,2013,0.0,0.0,0.0,0.0,0.0,0.0,0.0,0.0,0.0,0.0,65.0,79
521990,2014,3.0,0.0,0.0,1.0,1.0,21.0,0.0,4.0,5.0,17.0,53.0,75
521990,2015,5.0,0.0,0.0,0.0,0.0,15.0,1.0,7.0,4.0,11.0,46.0,58
521990,2016,2.0,0.0,6.0,2.0,1.0,24.0,2.0,4.0,14.0,18.0,75.0,89
521990,2017,4.0,0.0,0.0,0.0,0.0,26.0,3.0,6.0,11.0,8.0,60.0,77
521990,2018,6.0,0.0,4.0,2.0,1.0,18.0,0.0,2.0,11.0,6.0,51.0,66
521990,2019,3.0,0.0,0.0,1.0,3.0,20.0,3.0,4.0,11.0,13.0,58.0,67
522000,2012,4.0,0.0,4.0,5.0,4.0,16.0,6.0,6.0,7.0,13.0,70.0,129
522000,2013,0.0,0.0,0.0,0.0,0.0,0.0,0.0,0.0,0.0,0.0,49.0,123
522000,2014,3.0,0.0,2.0,1.0,1.0,13.0,6.0,6.0,5.0,9.0,47.0,112
522000,2015,2.0,0.0,6.0,3.0,1.0,22.0,7.0,5.0,13.0,8.0,68.0,168
522000,2016,3.0,0.0,0.0,2.0,1.0,19.0,3.0,5.0,13.0,10.0,58.0,129
522000,2017,7.0,0.0,7.0,0.0,0.0,25.0,3.0,9.0,7.0,13.0,72.0,144
522000,2018,3.0,0.0,2.0,4.0,2.0,30.0,5.0,9.0,9.0,15.0,80.0,178
522000,2019,4.0,0.0,4.0,3.0,0.0,32.0,2.0,3.0,6.0,13.0,68.0,152
522005,2012,1.0,0.0,2.0,1.0,0.0,4.0,0.0,1.0,1.0,3.0,14.0,15
522005,2013,0.0,0.0,0.0,0.0,0.0,0.0,0.0,0.0,0.0,0.0,9.0,12
522005,2014,0.0,0.0,0.0,0.0,0.0,5.0,1.0,4.0,2.0,4.0,19.0,21
522005,2015,3.0,0.0,0.0,0.0,2.0,2.0,2.0,0.0,3.0,5.0,19.0,20
522005,2016,0.0,0.0,0.0,1.0,0.0,7.0,0.0,1.0,1.0,5.0,16.0,20
522005,2017,0.0,0.0,0.0,0.0,0.0,5.0,0.0,3.0,3.0,3.0,14.0,18
522005,2018,0.0,0.0,1.0,0.0,0.0,6.0,1.0,3.0,0.0,2.0,13.0,13
522005,2019,1.0,0.0,0.0,0.0,0.0,5.0,0.0,0.0,1.0,4.0,11.0,14
522010,2012,15.0,1.0,6.0,4.0,1.0,83.0,5.0,16.0,25.0,71.0,301.0,364
522010,2013,0.0,0.0,0.0,0.0,0.0,0.0,0.0,0.0,0.0,0.0,316.0,375
522010,2014,14.0,1.0,2.0,2.0,6.0,101.0,1.0,30.0,13.0,134.0,328.0,367
522010,2015,16.0,1.0,8.0,1.0,5.0,96.0,4.0,33.0,20.0,106.0,308.0,367
522010,2016,10.0,1.0,9.0,7.0,5.0,117.0,1.0,33.0,7.0,130.0,342.0,401
522010,2017,9.0,0.0,6.0,1.0,6.0,159.0,8.0,32.0,20.0,97.0,362.0,446
522010,2018,12.0,0.0,2.0,7.0,2.0,169.0,4.0,29.0,24.0,114.0,380.0,440
522010,2019,8.0,0.0,9.0,1.0,0.0,164.0,5.0,27.0,19.0,128.0,361.0,418
522015,2012,2.0,0.0,2.0,2.0,2.0,14.0,3.0,6.0,7.0,3.0,41.0,73
522015,2013,0.0,0.0,0.0,0.0,0.0,0.0,0.0,0.0,0.0,0.0,41.0,73
522015,2014,3.0,1.0,0.0,2.0,1.0,11.0,1.0,4.0,3.0,7.0,33.0,71
522015,2015,3.0,0.0,0.0,2.0,0.0,17.0,1.0,3.0,3.0,11.0,42.0,77
522015,2016,1.0,0.0,0.0,1.0,1.0,11.0,1.0,8.0,1.0,4.0,28.0,57
522015,2017,4.0,0.0,0.0,1.0,2.0,10.0,1.0,6.0,3.0,3.0,32.0,60
522015,2018,2.0,1.0,0.0,1.0,1.0,13.0,1.0,8.0,4.0,6.0,38.0,62
522015,2019,4.0,0.0,1.0,0.0,1.0,12.0,3.0,7.0,3.0,5.0,36.0,68
522020,2012,8.0,26.0,2.0,2.0,1.0,73.0,2.0,9.0,16.0,61.0,212.0,318
522020,2013,0.0,0.0,0.0,0.0,0.0,0.0,0.0,0.0,0.0,0.0,202.0,309
522020,2014,12.0,21.0,2.0,12.0,5.0,71.0,11.0,18.0,17.0,47.0,235.0,329
522020,2015,17.0,6.0,7.0,9.0,8.0,88.0,10.0,35.0,21.0,77.0,287.0,355
522020,2016,13.0,0.0,2.0,49.0,29.0,62.0,3.0,20.0,7.0,33.0,228.0,327
522020,2017,17.0,0.0,1.0,26.0,19.0,72.0,9.0,20.0,18.0,38.0,228.0,314
522020,2018,11.0,0.0,5.0,20.0,9.0,96.0,4.0,22.0,11.0,54.0,238.0,324
522020,2019,18.0,0.0,2.0,7.0,1.0,101.0,11.0,21.0,17.0,54.0,232.0,314
522026,2012,2.0,0.0,2.0,1.0,0.0,12.0,3.0,1.0,3.0,2.0,34.0,48
522026,2013,0.0,0.0,0.0,0.0,0.0,0.0,0.0,0.0,0.0,0.0,23.0,31
522026,2014,2.0,1.0,0.0,2.0,2.0,10.0,1.0,3.0,4.0,4.0,29.0,36
522026,2015,0.0,0.0,0.0,0.0,0.0,14.0,4.0,0.0,4.0,2.0,26.0,41
522026,2016,3.0,0.0,0.0,1.0,1.0,7.0,2.0,2.0,3.0,2.0,21.0,34
522026,2017,0.0,0.0,0.0,1.0,0.0,7.0,2.0,2.0,4.0,2.0,21.0,28
522026,2018,1.0,0.0,0.0,0.0,1.0,10.0,1.0,3.0,4.0,2.0,26.0,33
522026,2019,0.0,0.0,0.0,2.0,0.0,11.0,1.0,2.0,2.0,4.0,22.0,31
522028,2012,1.0,0.0,0.0,1.0,0.0,2.0,0.0,2.0,2.0,6.0,14.0,15
522028,2013,0.0,0.0,0.0,0.0,0.0,0.0,0.0,0.0,0.0,0.0,11.0,15
522028,2014,0.0,0.0,2.0,0.0,0.0,5.0,2.0,1.0,6.0,4.0,21.0,25
522028,2015,5.0,0.0,0.0,2.0,0.0,7.0,2.0,0.0,6.0,4.0,26.0,27
522028,2016,2.0,0.0,0.0,0.0,0.0,14.0,3.0,1.0,5.0,2.0,27.0,28
522028,2017,1.0,0.0,0.0,0.0,0.0,8.0,0.0,0.0,5.0,6.0,20.0,24
522028,2018,2.0,0.0,0.0,0.0,0.0,10.0,1.0,1.0,3.0,4.0,21.0,22
522028,2019,0.0,0.0,0.0,0.0,0.0,9.0,0.0,0.0,2.0,6.0,17.0,20
522040,2012,51.0,2.0,0.0,1.0,0.0,45.0,6.0,13.0,18.0,61.0,207.0,265
522040,2013,0.0,0.0,0.0,0.0,0.0,0.0,0.0,0.0,0.0,0.0,176.0,231
522040,2014,24.0,0.0,2.0,1.0,0.0,86.0,20.0,14.0,55.0,34.0,241.0,280
522040,2015,21.0,0.0,2.0,0.0,2.0,72.0,9.0,20.0,41.0,56.0,246.0,269
522040,2016,14.0,0.0,3.0,2.0,1.0,88.0,15.0,9.0,69.0,41.0,248.0,263
522040,2017,13.0,2.0,2.0,1.0,4.0,97.0,44.0,3.0,89.0,11.0,268.0,282
522040,2018,16.0,0.0,9.0,2.0,0.0,89.0,24.0,5.0,73.0,12.0,230.0,244
522040,2019,10.0,0.0,4.0,2.0,2.0,102.0,21.0,2.0,66.0,19.0,228.0,237
522045,2012,127.0,9.0,29.0,16.0,12.0,308.0,72.0,64.0,146.0,190.0,1204.0,1837
522045,2013,0.0,0.0,0.0,0.0,0.0,0.0,0.0,0.0,0.0,0.0,1230.0,1943
522045,2014,66.0,4.0,40.0,12.0,16.0,429.0,120.0,68.0,235.0,189.0,1381.0,2215
522045,2015,56.0,2.0,38.0,32.0,13.0,434.0,135.0,74.0,243.0,149.0,1414.0,2318
522045,2016,84.0,1.0,37.0,45.0,21.0,465.0,104.0,76.0,195.0,191.0,1399.0,2223
522045,2017,84.0,1.0,35.0,33.0,20.0,472.0,86.0,57.0,177.0,190.0,1375.0,2272
522045,2018,119.0,2.0,42.0,51.0,30.0,551.0,102.0,75.0,209.0,203.0,1465.0,2403
522045,2019,131.0,1.0,37.0,39.0,18.0,611.0,85.0,123.0,176.0,266.0,1488.0,2364
522050,2012,4.0,1.0,0.0,1.0,1.0,10.0,2.0,2.0,6.0,1.0,30.0,74
522050,2013,0.0,0.0,0.0,0.0,0.0,0.0,0.0,0.0,0.0,0.0,33.0,80
522050,2014,3.0,0.0,0.0,1.0,0.0,16.0,4.0,5.0,7.0,10.0,48.0,89
522050,2015,2.0,0.0,4.0,2.0,1.0,14.0,1.0,2.0,15.0,10.0,52.0,89
522050,2016,1.0,0.0,2.0,0.0,0.0,11.0,3.0,5.0,10.0,6.0,39.0,83
522050,2017,1.0,0.0,0.0,1.0,2.0,14.0,5.0,8.0,6.0,6.0,43.0,81
522050,2018,5.0,0.0,1.0,1.0,0.0,8.0,5.0,3.0,7.0,6.0,37.0,80
522050,2019,2.0,0.0,0.0,0.0,0.0,15.0,6.0,3.0,10.0,9.0,45.0,93
522060,2012,16.0,1.0,3.0,2.0,1.0,60.0,31.0,10.0,51.0,25.0,212.0,258
522060,2013,0.0,0.0,0.0,0.0,0.0,0.0,0.0,0.0,0.0,0.0,180.0,245
522060,2014,12.0,0.0,9.0,1.0,2.0,58.0,8.0,13.0,27.0,37.0,188.0,241
522060,2015,13.0,0.0,4.0,3.0,3.0,55.0,10.0,22.0,22.0,37.0,194.0,247
522060,2016,7.0,1.0,7.0,4.0,2.0,65.0,11.0,18.0,30.0,43.0,208.0,275
522060,2017,4.0,0.0,11.0,0.0,3.0,71.0,7.0,15.0,15.0,43.0,187.0,236
522060,2018,8.0,0.0,2.0,1.0,2.0,66.0,12.0,15.0,18.0,41.0,181.0,223
522060,2019,21.0,0.0,4.0,0.0,5.0,78.0,15.0,15.0,21.0,32.0,193.0,240
522068,2012,3.0,0.0,0.0,8.0,8.0,20.0,2.0,5.0,3.0,5.0,56.0,84
522068,2013,0.0,0.0,0.0,0.0,0.0,0.0,0.0,0.0,0.0,0.0,70.0,111
522068,2014,3.0,0.0,2.0,9.0,5.0,12.0,2.0,5.0,5.0,11.0,57.0,93
522068,2015,1.0,0.0,0.0,3.0,1.0,12.0,1.0,6.0,8.0,5.0,38.0,72
522068,2016,1.0,0.0,0.0,0.0,1.0,14.0,1.0,4.0,4.0,5.0,35.0,65
522068,2017,2.0,0.0,0.0,1.0,2.0,11.0,0.0,5.0,1.0,10.0,32.0,72
522068,2018,3.0,1.0,0.0,3.0,0.0,20.0,11.0,6.0,9.0,9.0,63.0,98
522068,2019,4.0,0.0,4.0,6.0,0.0,25.0,10.0,6.0,10.0,11.0,76.0,98
522070,2012,1.0,0.0,0.0,0.0,0.0,1.0,2.0,1.0,2.0,4.0,11.0,27
522070,2013,0.0,0.0,0.0,0.0,0.0,0.0,0.0,0.0,0.0,0.0,9.0,23
522070,2014,1.0,0.0,0.0,6.0,0.0,2.0,0.0,0.0,0.0,0.0,9.0,22
522070,2015,1.0,0.0,0.0,0.0,2.0,4.0,0.0,0.0,0.0,2.0,10.0,24
522070,2016,1.0,0.0,0.0,2.0,1.0,1.0,0.0,0.0,0.0,1.0,6.0,17
522070,2017,0.0,0.0,0.0,0.0,0.0,1.0,1.0,0.0,1.0,2.0,5.0,19
522070,2018,1.0,0.0,0.0,0.0,0.0,5.0,1.0,0.0,1.0,0.0,8.0,27
522070,2019,0.0,0.0,0.0,0.0,0.0,4.0,1.0,4.0,1.0,3.0,13.0,28
522100,2012,1.0,0.0,4.0,0.0,1.0,16.0,0.0,2.0,6.0,14.0,48.0,53
522100,2013,0.0,0.0,0.0,0.0,0.0,0.0,0.0,0.0,0.0,0.0,36.0,37
522100,2014,1.0,0.0,0.0,0.0,0.0,11.0,1.0,3.0,1.0,16.0,36.0,38
522100,2015,1.0,0.0,2.0,0.0,0.0,23.0,0.0,4.0,4.0,13.0,57.0,58
522100,2016,0.0,0.0,2.0,0.0,0.0,13.0,1.0,3.0,2.0,12.0,37.0,45
522100,2017,3.0,0.0,0.0,1.0,1.0,9.0,0.0,3.0,2.0,11.0,34.0,36
522100,2018,0.0,0.0,2.0,0.0,1.0,14.0,2.0,3.0,4.0,8.0,34.0,36
522100,2019,2.0,0.0,2.0,0.0,0.0,14.0,0.0,7.0,2.0,12.0,39.0,45
522108,2012,0.0,0.0,0.0,0.0,0.0,5.0,0.0,2.0,1.0,2.0,11.0,43
522108,2013,0.0,0.0,0.0,0.0,0.0,0.0,0.0,0.0,0.0,0.0,9.0,37
522108,2014,0.0,0.0,0.0,0.0,0.0,2.0,2.0,4.0,1.0,2.0,11.0,36
522108,2015,1.0,0.0,0.0,1.0,0.0,2.0,1.0,1.0,2.0,2.0,11.0,33
522108,2016,0.0,0.0,2.0,0.0,0.0,8.0,3.0,2.0,3.0,3.0,21.0,48
522108,2017,2.0,0.0,2.0,0.0,0.0,8.0,2.0,0.0,0.0,3.0,17.0,48
522108,2018,0.0,0.0,0.0,1.0,0.0,4.0,1.0,2.0,2.0,4.0,15.0,42
522108,2019,0.0,0.0,0.0,1.0,0.0,8.0,3.0,2.0,1.0,7.0,22.0,45
522119,2012,6.0,0.0,2.0,3.0,2.0,16.0,3.0,4.0,6.0,13.0,65.0,102
522119,2013,0.0,0.0,0.0,0.0,0.0,0.0,0.0,0.0,0.0,0.0,73.0,111
522119,2014,8.0,0.0,0.0,2.0,3.0,15.0,2.0,6.0,7.0,13.0,63.0,94
522119,2015,2.0,0.0,0.0,1.0,1.0,11.0,3.0,9.0,2.0,9.0,47.0,99
522119,2016,1.0,0.0,0.0,3.0,0.0,28.0,4.0,6.0,14.0,8.0,72.0,111
522119,2017,4.0,0.0,2.0,3.0,4.0,26.0,12.0,2.0,22.0,10.0,90.0,131
522119,2018,7.0,0.0,2.0,3.0,0.0,26.0,4.0,8.0,11.0,15.0,82.0,105
522119,2019,5.0,0.0,0.0,0.0,0.0,31.0,11.0,5.0,5.0,8.0,65.0,104
522130,2012,2.0,0.0,0.0,0.0,0.0,7.0,4.0,1.0,4.0,4.0,22.0,33
522130,2013,0.0,0.0,0.0,0.0,0.0,0.0,0.0,0.0,0.0,0.0,28.0,36
522130,2014,1.0,0.0,2.0,0.0,0.0,10.0,5.0,1.0,2.0,8.0,30.0,38
522130,2015,1.0,0.0,1.0,0.0,0.0,7.0,3.0,0.0,5.0,3.0,20.0,29
522130,2016,0.0,0.0,0.0,0.0,0.0,10.0,1.0,0.0,2.0,2.0,16.0,22
522130,2017,2.0,0.0,0.0,0.0,0.0,8.0,2.0,3.0,1.0,3.0,20.0,28
522130,2018,0.0,0.0,2.0,0.0,0.0,7.0,2.0,0.0,4.0,4.0,19.0,23
522130,2019,1.0,0.0,0.0,0.0,0.0,7.0,2.0,2.0,8.0,1.0,21.0,27
522140,2012,367.0,2.0,22.0,7.0,9.0,272.0,33.0,70.0,139.0,212.0,1393.0,1706
522140,2013,0.0,0.0,0.0,0.0,0.0,0.0,0.0,0.0,0.0,0.0,1273.0,1628
522140,2014,91.0,0.0,48.0,16.0,12.0,357.0,111.0,98.0,185.0,213.0,1496.0,1817
522140,2015,91.0,0.0,20.0,8.0,6.0,427.0,149.0,52.0,251.0,117.0,1469.0,1827
522140,2016,57.0,3.0,45.0,21.0,10.0,474.0,179.0,40.0,343.0,107.0,1533.0,1870
522140,2017,56.0,3.0,36.0,19.0,16.0,534.0,183.0,40.0,305.0,109.0,1571.0,1965
522140,2018,77.0,3.0,32.0,17.0,16.0,699.0,221.0,41.0,390.0,130.0,1735.0,2119
522140,2019,95.0,4.0,23.0,28.0,13.0,684.0,186.0,75.0,309.0,206.0,1625.0,2068
522145,2012,3.0,0.0,5.0,1.0,0.0,4.0,1.0,1.0,1.0,4.0,21.0,46
522145,2013,0.0,0.0,0.0,0.0,0.0,0.0,0.0,0.0,0.0,0.0,15.0,24
522145,2014,1.0,0.0,0.0,0.0,0.0,6.0,2.0,3.0,3.0,2.0,18.0,25
522145,2015,1.0,0.0,2.0,0.0,0.0,9.0,1.0,1.0,2.0,4.0,21.0,35
522145,2016,0.0,0.0,2.0,0.0,0.0,8.0,1.0,2.0,1.0,2.0,18.0,31
522145,2017,2.0,0.0,2.0,0.0,0.0,6.0,3.0,1.0,9.0,7.0,31.0,34
522145,2018,0.0,0.0,0.0,0.0,0.0,10.0,1.0,1.0,1.0,8.0,21.0,32
522145,2019,1.0,0.0,0.0,1.0,0.0,8.0,1.0,1.0,2.0,3.0,17.0,23
522150,2012,8.0,0.0,0.0,1.0,0.0,8.0,1.0,5.0,4.0,6.0,33.0,45
522150,2013,0.0,0.0,0.0,0.0,0.0,0.0,0.0,0.0,0.0,0.0,39.0,59
522150,2014,2.0,1.0,0.0,3.0,1.0,19.0,0.0,2.0,0.0,8.0,42.0,59
522150,2015,1.0,0.0,0.0,1.0,0.0,15.0,1.0,7.0,5.0,9.0,40.0,56
522150,2016,0.0,0.0,7.0,0.0,0.0,14.0,0.0,2.0,1.0,10.0,41.0,51
522150,2017,1.0,0.0,2.0,1.0,0.0,20.0,0.0,5.0,1.0,11.0,41.0,55
522150,2018,4.0,0.0,0.0,1.0,0.0,29.0,1.0,6.0,1.0,13.0,58.0,61
522150,2019,0.0,0.0,0.0,1.0,1.0,14.0,0.0,5.0,0.0,16.0,37.0,38
522155,2012,0.0,0.0,0.0,0.0,1.0,8.0,1.0,3.0,0.0,9.0,28.0,65
522155,2013,0.0,0.0,0.0,0.0,0.0,0.0,0.0,0.0,0.0,0.0,42.0,68
522155,2014,3.0,0.0,2.0,0.0,3.0,11.0,3.0,3.0,10.0,7.0,42.0,75
522155,2015,2.0,0.0,0.0,1.0,0.0,11.0,5.0,1.0,4.0,6.0,32.0,59
522155,2016,0.0,0.0,0.0,3.0,1.0,17.0,4.0,3.0,5.0,9.0,42.0,65
522155,2017,1.0,0.0,0.0,2.0,0.0,17.0,3.0,7.0,14.0,5.0,49.0,76
522155,2018,4.0,0.0,2.0,1.0,0.0,16.0,8.0,4.0,11.0,4.0,51.0,82
522155,2019,1.0,0.0,0.0,0.0,0.0,14.0,8.0,1.0,8.0,3.0,35.0,55
522157,2012,1.0,0.0,0.0,5.0,2.0,1.0,0.0,0.0,1.0,1.0,11.0,20
522157,2013,0.0,0.0,0.0,0.0,0.0,0.0,0.0,0.0,0.0,0.0,14.0,19
522157,2014,0.0,1.0,2.0,2.0,3.0,5.0,1.0,1.0,1.0,10.0,30.0,37
522157,2015,0.0,0.0,0.0,1.0,2.0,6.0,1.0,5.0,2.0,7.0,26.0,31
522157,2016,1.0,0.0,0.0,1.0,1.0,8.0,0.0,0.0,1.0,3.0,15.0,20
522157,2017,0.0,0.0,0.0,0.0,0.0,7.0,0.0,1.0,1.0,2.0,11.0,22
522157,2018,0.0,0.0,0.0,0.0,0.0,10.0,2.0,1.0,0.0,4.0,17.0,22
522157,2019,1.0,0.0,0.0,1.0,2.0,8.0,1.0,1.0,3.0,2.0,19.0,25
522160,2012,39.0,0.0,9.0,1.0,2.0,128.0,42.0,19.0,108.0,47.0,407.0,574
522160,2013,0.0,0.0,0.0,0.0,0.0,0.0,0.0,0.0,0.0,0.0,395.0,530
522160,2014,32.0,1.0,20.0,7.0,3.0,108.0,47.0,20.0,99.0,54.0,406.0,590
522160,2015,29.0,0.0,11.0,1.0,3.0,145.0,38.0,24.0,61.0,60.0,387.0,550
522160,2016,35.0,2.0,10.0,9.0,5.0,142.0,16.0,51.0,29.0,100.0,417.0,558
522160,2017,42.0,3.0,6.0,4.0,2.0,153.0,6.0,69.0,24.0,128.0,457.0,588
522160,2018,38.0,2.0,5.0,2.0,4.0,151.0,10.0,54.0,28.0,120.0,423.0,556
522160,2019,37.0,1.0,11.0,12.0,5.0,173.0,23.0,34.0,43.0,85.0,424.0,588
522170,2012,10.0,7.0,0.0,3.0,4.0,24.0,10.0,7.0,14.0,29.0,120.0,158
522170,2013,0.0,0.0,0.0,0.0,0.0,0.0,0.0,0.0,0.0,0.0,94.0,146
522170,2014,2.0,1.0,4.0,2.0,1.0,27.0,5.0,8.0,7.0,23.0,86.0,129
522170,2015,9.0,0.0,0.0,0.0,2.0,33.0,3.0,12.0,6.0,34.0,107.0,156
522170,2016,7.0,0.0,0.0,3.0,1.0,38.0,1.0,10.0,5.0,26.0,95.0,137
522170,2017,5.0,2.0,2.0,4.0,5.0,32.0,5.0,11.0,11.0,25.0,107.0,153
522170,2018,8.0,1.0,6.0,2.0,4.0,43.0,0.0,15.0,2.0,24.0,106.0,149
522170,2019,6.0,0.0,5.0,1.0,0.0,54.0,4.0,11.0,4.0,31.0,116.0,152
522180,2012,0.0,0.0,0.0,1.0,1.0,5.0,0.0,1.0,5.0,1.0,17.0,25
522180,2013,0.0,0.0,0.0,0.0,0.0,0.0,0.0,0.0,0.0,0.0,24.0,33
522180,2014,1.0,0.0,0.0,0.0,0.0,8.0,0.0,1.0,2.0,5.0,17.0,26
522180,2015,1.0,0.0,2.0,0.0,0.0,5.0,2.0,0.0,2.0,2.0,15.0,21
522180,2016,1.0,0.0,0.0,1.0,0.0,7.0,0.0,0.0,0.0,3.0,14.0,17
522180,2017,0.0,0.0,0.0,0.0,0.0,3.0,3.0,2.0,3.0,4.0,19.0,22
522180,2018,1.0,0.0,0.0,1.0,2.0,7.0,1.0,2.0,3.0,2.0,19.0,23
522180,2019,1.0,0.0,0.0,1.0,0.0,6.0,0.0,0.0,2.0,0.0,10.0,13
522185,2012,117.0,6.0,37.0,58.0,41.0,418.0,68.0,47.0,190.0,121.0,1251.0,2619
522185,2013,0.0,0.0,0.0,0.0,0.0,0.0,0.0,0.0,0.0,0.0,1229.0,2440
522185,2014,106.0,2.0,29.0,103.0,63.0,356.0,69.0,68.0,170.0,163.0,1329.0,2734
522185,2015,82.0,2.0,34.0,44.0,39.0,331.0,70.0,58.0,167.0,161.0,1216.0,2580
522185,2016,90.0,5.0,34.0,33.0,16.0,371.0,66.0,92.0,168.0,158.0,1206.0,2413
522185,2017,102.0,2.0,40.0,39.0,23.0,386.0,73.0,106.0,136.0,184.0,1298.0,2569
522185,2018,119.0,5.0,60.0,41.0,19.0,390.0,87.0,76.0,125.0,159.0,1195.0,2527
522185,2019,109.0,5.0,38.0,39.0,30.0,410.0,93.0,91.0,124.0,151.0,1216.0,2509
522190,2012,2.0,0.0,0.0,0.0,0.0,10.0,3.0,2.0,2.0,4.0,29.0,35
522190,2013,0.0,0.0,0.0,0.0,0.0,0.0,0.0,0.0,0.0,0.0,41.0,46
522190,2014,1.0,0.0,0.0,1.0,0.0,8.0,1.0,5.0,2.0,14.0,40.0,49
522190,2015,3.0,0.0,2.0,0.0,0.0,7.0,0.0,4.0,5.0,6.0,31.0,43
522190,2016,2.0,0.0,1.0,1.0,1.0,8.0,2.0,3.0,1.0,6.0,29.0,38
522190,2017,4.0,0.0,0.0,3.0,1.0,10.0,1.0,2.0,4.0,5.0,34.0,41
522190,2018,1.0,0.0,0.0,1.0,1.0,8.0,2.0,1.0,1.0,3.0,21.0,30
522190,2019,1.0,0.0,0.0,1.0,1.0,16.0,1.0,0.0,2.0,3.0,25.0,32
522200,2012,7.0,0.0,2.0,2.0,4.0,35.0,4.0,0.0,15.0,21.0,110.0,174
522200,2013,0.0,0.0,0.0,0.0,0.0,0.0,0.0,0.0,0.0,0.0,109.0,164
522200,2014,2.0,1.0,0.0,4.0,1.0,35.0,16.0,5.0,14.0,20.0,108.0,185
522200,2015,3.0,0.0,4.0,1.0,2.0,32.0,8.0,6.0,15.0,19.0,102.0,187
522200,2016,1.0,0.0,2.0,3.0,5.0,37.0,6.0,1.0,20.0,11.0,97.0,166
522200,2017,5.0,1.0,2.0,2.0,2.0,38.0,5.0,10.0,11.0,23.0,111.0,196
522200,2018,8.0,0.0,1.0,6.0,4.0,58.0,14.0,6.0,13.0,15.0,132.0,208
522200,2019,8.0,2.0,3.0,6.0,4.0,46.0,10.0,6.0,19.0,14.0,119.0,196
522205,2012,2.0,0.0,0.0,3.0,0.0,31.0,1.0,3.0,7.0,9.0,60.0,105
522205,2013,0.0,0.0,0.0,0.0,0.0,0.0,0.0,0.0,0.0,0.0,65.0,108
522205,2014,13.0,0.0,2.0,1.0,0.0,40.0,3.0,4.0,10.0,5.0,85.0,128
522205,2015,6.0,0.0,4.0,2.0,1.0,30.0,9.0,1.0,14.0,2.0,74.0,105
522205,2016,4.0,1.0,2.0,0.0,1.0,26.0,8.0,3.0,26.0,6.0,80.0,106
522205,2017,4.0,0.0,0.0,4.0,2.0,28.0,7.0,5.0,15.0,10.0,80.0,110
522205,2018,3.0,0.0,0.0,3.0,0.0,47.0,5.0,6.0,15.0,14.0,94.0,126
522205,2019,7.0,0.0,2.0,1.0,0.0,51.0,6.0,0.0,10.0,10.0,87.0,112
522220,2012,5.0,0.0,0.0,5.0,2.0,6.0,2.0,2.0,4.0,6.0,32.0,71
522220,2013,0.0,0.0,0.0,0.0,0.0,0.0,0.0,0.0,0.0,0.0,30.0,75
522220,2014,4.0,0.0,0.0,3.0,1.0,11.0,3.0,4.0,8.0,4.0,38.0,70
522220,2015,3.0,0.0,5.0,3.0,1.0,1.0,7.0,4.0,3.0,3.0,30.0,69
522220,2016,1.0,0.0,2.0,2.0,1.0,9.0,2.0,2.0,6.0,3.0,28.0,59
522220,2017,2.0,0.0,2.0,1.0,1.0,8.0,1.0,4.0,1.0,5.0,25.0,61
522220,2018,2.0,0.0,0.0,2.0,1.0,18.0,3.0,5.0,1.0,2.0,34.0,57
522220,2019,0.0,0.0,0.0,2.0,0.0,8.0,3.0,2.0,2.0,2.0,19.0,50
522230,2012,2.0,1.0,6.0,2.0,1.0,6.0,2.0,2.0,3.0,5.0,32.0,61
522230,2013,0.0,0.0,0.0,0.0,0.0,0.0,0.0,0.0,0.0,0.0,39.0,66
522230,2014,2.0,1.0,0.0,2.0,0.0,13.0,2.0,2.0,0.0,10.0,34.0,58
522230,2015,3.0,0.0,2.0,0.0,1.0,15.0,3.0,9.0,1.0,6.0,40.0,68
522230,2016,0.0,0.0,0.0,0.0,0.0,10.0,1.0,10.0,1.0,9.0,32.0,48
522230,2017,1.0,0.0,4.0,1.0,1.0,18.0,1.0,6.0,1.0,17.0,50.0,66
522230,2018,1.0,0.0,0.0,1.0,0.0,14.0,0.0,8.0,0.0,9.0,33.0,53
522230,2019,3.0,0.0,2.0,2.0,0.0,25.0,2.0,8.0,1.0,13.0,56.0,71
530010,2012,2511.0,30.0,806.0,526.0,604.0,7163.0,1045.0,677.0,4704.0,3036.0,23346.0,43497
530010,2013,0.0,0.0,0.0,0.0,0.0,0.0,0.0,0.0,0.0,0.0,24245.0,44530
530010,2014,2038.0,74.0,910.0,850.0,655.0,7867.0,1984.0,1360.0,4816.0,2956.0,24632.0,44721
530010,2015,2103.0,41.0,985.0,737.0,598.0,8255.0,1987.0,1264.0,5160.0,2881.0,25293.0,46122
530010,2016,2196.0,47.0,931.0,609.0,511.0,8017.0,1866.0,1398.0,4757.0,2947.0,23867.0,43340
530010,2017,2147.0,34.0,908.0,730.0,598.0,8205.0,1626.0,1625.0,3900.0,3459.0,24393.0,44568
530010,2018,2306.0,42.0,961.0,732.0,622.0,8585.0,1764.0,1561.0,4075.0,3302.0,24358.0,44195
530010,2019,2213.0,49.0,960.0,806.0,606.0,8212.0,1633.0,1495.0,3764.0,3130.0,23131.0,42422
